full <-
structure(c(50, 55, 60, 65, 70, 75, 80, 85, 90, 95, 100, 3.83943, 
-1.97353, -1.29936, -2, -1.44166, -1.92255, -1.46561, -2, -2, 
-2, -1.67734, -6.8527, -4.18671, -3.43101, -4.62279, -3.75571, 
-4.05488, -5.1022, -3.60922, -3.73601, -3.66737, -2.7187, 0, 
0, 0, 0, 0, 0, 0, 0, 0, 0, 0, 0, 0, 0, 0, 0, 0, 0, 0, 0, 0, 0, 
0.98054, 0.9801, 0.98018, 0.98108, 0.98011, 0.97982, 0.98023, 
0.97933, 0.98063, 0.97966, 0.98, 0.97892, 0.98034, 0.97815, 0.98004, 
0.97914, 0.9791, 0.97821, 0.97933, 0.98018, 0.97881, 0.97838, 
0.7039, 1.1055, 1.2921, 1.4455, 1.5441, 1.8525, 2.0359, 2.5322, 
2.5223, 2.6916, 3.8993, 272.4, 518.3, 539.9, 598.3, 555.7, 627, 
652.9, 730.2, 733.2, 769, 1115.5, 690, 886, 1662, 555, 1400, 
270, 976, 554, 796, 739, 780, 43, 81, 20, 339, 74, 466, 21, 321, 
183, 774, 206, 100, 100, 100, 100, 100, 100, 100, 100, 100, 100, 
100, 2500, 2500, 2500, 2500, 2500, 2500, 2500, 2500, 2500, 2500, 
2500, 41449.854, 49522.434, 49693.952, 54614.43, 67994.027, 75095.183, 
103467.257, 112768.672, 172011.605, 123166.273, 156692.043, 4.84278, 
-1.98382, 0.2979, -1.99873, -0.11587, -1.50294, -1.42837, -1.63421, 
-1.92674, -1.69253, -1.5834, -7.406, -4.11354, -5.17082, -4.56779, 
-5.37381, -3.6855, -5.164, -4.40792, -3.68626, -3.68411, -3.04792, 
0, 0, 0, 0, 0, 0, 0, 0, 0, 0, 0, 0, 0, 0, 0, 0, 0, 0, 0, 0, 0, 
0, 0.98054, 0.9801, 0.97996, 0.98066, 0.97953, 0.97946, 0.98023, 
0.97917, 0.98018, 0.97923, 0.97959, 0.97865, 0.9801, 0.97861, 
0.97983, 0.97779, 0.97874, 0.97787, 0.9787, 0.98003, 0.97852, 
0.97919, 0.6437, 1.0317, 0.9526, 1.478, 1.4228, 1.7651, 2.0711, 
2.0974, 2.5328, 2.4984, 3.1959, 269, 520.4, 385.3, 594.2, 478.4, 
592.9, 655.9, 643, 729.4, 723.4, 881.9, 1375, 2468, 265, 744, 
1399, 274, 1435, 106, 1519, 1369, 768, 1, 1, 1, 4, 1, 4, 1, 2, 
2, 1, 1, 100, 100, 100, 100, 100, 100, 100, 100, 100, 100, 100, 
2500, 2500, 2500, 2500, 2500, 2500, 2500, 2500, 2500, 2500, 2500, 
89590.581, 111129.086, 138661.359, 171512.85, 216499.82, 255756.072, 
314739.296, 331318.297, 344127.572, 396028.957, 405301.568, 1, 
1, 1, 1, 1, 1, 1, 1, 1, 1, 1, 0.05, 0.05, 0.05, 0.05, 0.05, 0.05, 
0.05, 0.05, 0.05, 0.05, 0.05, 0, 0, 0, 0, 0, 0, 0, 0, 0, 0, 0, 
0, 0, 0, 0, 0, 0, 0, 0, 0, 0, 0, 0.97973, 0.97813, 0.97883, 0.97817, 
0.97779, 0.97802, 0.97787, 0.97774, 0.97868, 0.97781, 0.97784, 
0.98, 0.97862, 0.97771, 0.97962, 0.97799, 0.97838, 0.97821, 0.97774, 
0.97808, 0.97724, 0.97811, 0.7247, 0.8251, 0.8995, 1.0703, 1.281, 
1.3811, 1.5159, 1.7287, 1.923, 1.9808, 2.0743, 341.9, 364.1, 
384.7, 403.6, 427.8, 444.5, 465.8, 490.9, 504.9, 531.9, 544.1, 
1, 1, 1, 1, 1, 1, 1, 1, 1, 1, 1, 1, 1, 1, 1, 1, 1, 1, 1, 1, 1, 
1, 1, 1, 1, 1, 1, 1, 1, 1, 1, 1, 1, 1, 1, 1, 1, 1, 1, 1, 1, 1, 
1, 1, 10.675, 11.517, 12.126, 14.278, 16.978, 17.607, 19.099, 
21.462, 23.508, 23.843, 24.562), .Dim = c(11L, 40L), .Dimnames = list(
    NULL, c("Sampling", "PSO.cost", "PSO.gamma", "PSO.data.balancing", 
    "PSO.feature.selection", "PSO.valid.acc", "PSO.test.acc", 
    "PSO.train.time", "PSO.n.support.vectors", "PSO.index", "PSO.n.solutions", 
    "PSO.generations", "PSO.n.evaluations", "PSO.cpu.time", "RS.cost", 
    "RS.gamma", "RS.data.balancing", "RS.feature.selection", 
    "RS.valid.acc", "RS.test.acc", "RS.train.time", "RS.n.support.vectors", 
    "RS.index", "RS.n.solutions", "RS.generations", "RS.n.evaluations", 
    "RS.cpu.time", "DF.cost", "DF.gamma", "DF.data.balancing", 
    "DF.feature.selection", "DF.valid.acc", "DF.test.acc", "DF.train.time", 
    "DF.n.support.vectors", "DF.index", "DF.n.solutions", "DF.generations", 
    "DF.n.evaluations", "DF.cpu.time")))
