full <-
structure(c(50, 55, 60, 65, 70, 75, 80, 85, 90, 95, 100, -1.65901, 
-2, -1.99551, -2, -1.67424, -0.21569, -2, -0.78499, -1.96565, 
2.61941, -1.4775, -2.90706, -3.0037, -3.13915, -3.0172, -5.01849, 
-4.86417, -4.31667, -5.26617, -4.0734, -6.78228, -3.26253, 0, 
0, 0, 0, 0, 0, 0, 0, 0, 0, 0, 0, 0, 0, 0, 0, 0, 0, 0, 0, 0, 0, 
0.98108, 0.97936, 0.97883, 0.97776, 0.97857, 0.9791, 0.97922, 
0.98013, 0.98093, 0.98008, 0.98027, 0.98027, 0.97838, 0.97883, 
0.97672, 0.9778, 0.97766, 0.97821, 0.97949, 0.98033, 0.97866, 
0.97851, 1.3981, 1.619, 1.7879, 2.0141, 1.9579, 1.6728, 2.2302, 
2.3093, 3.0144, 2.6312, 3.4254, 667.9, 708.7, 694.5, 768.2, 627, 
483.3, 674.4, 611.5, 705.7, 518.6, 796.9, 759, 327, 565, 596, 
1159, 681, 136, 759, 511, 2349, 945, 198, 343, 351, 125, 68, 
323, 648, 186, 887, 79, 320, 100, 100, 100, 100, 100, 100, 100, 
100, 100, 100, 100, 2500, 2500, 2500, 2500, 2500, 2500, 2500, 
2500, 2500, 2500, 2500, 63597.615, 63132.671, 75715.454, 109114.543, 
101875.839, 80516.2799999998, 87843.4449999998, 96095.4890000001, 
137838.417, 158073.002, 149456.729, -1.70737, -1.90968, -0.72105, 
1.19958, -1.78337, -0.39477, -1.53171, -1.22805, -1.03385, -1.56713, 
-1.52733, -2.9067, -2.96535, -5.10563, -5.71273, -4.93543, -4.55213, 
-4.86893, -4.79062, -4.36359, -5.09254, -3.06133, 0, 0, 0, 0, 
0, 0, 0, 0, 0, 0, 0, 0, 0, 0, 0, 0, 0, 0, 0, 0, 0, 0, 0.98081, 
0.97912, 0.97793, 0.97755, 0.97857, 0.97838, 0.97889, 0.98013, 
0.98048, 0.98023, 0.97973, 0.98027, 0.97764, 0.97703, 0.97734, 
0.97819, 0.97766, 0.97889, 0.97917, 0.98078, 0.97966, 0.97784, 
1.4426, 1.6468, 1.2036, 1.1918, 1.9875, 1.5455, 2.2205, 2.3299, 
2.5323, 3.4638, 3.495, 674.6, 712.6, 471.6, 396.9, 632.8, 487.1, 
645.4, 616.5, 589.9, 743.7, 865.2, 96, 222, 1315, 1873, 1259, 
1179, 1373, 681, 1980, 102, 1313, 1, 1, 1, 4, 1, 4, 1, 1, 2, 
1, 1, 100, 100, 100, 100, 100, 100, 100, 100, 100, 100, 100, 
2500, 2500, 2500, 2500, 2500, 2500, 2500, 2500, 2500, 2500, 2500, 
97067.66, 115082.852, 151280.9, 186019.323, 246675.483, 252844.613, 
306762.398, 389860.487, 433462.15, 531234.803, 475444.061, 1, 
1, 1, 1, 1, 1, 1, 1, 1, 1, 1, 0.05, 0.05, 0.05, 0.05, 0.05, 0.05, 
0.05, 0.05, 0.05, 0.05, 0.05, 0, 0, 0, 0, 0, 0, 0, 0, 0, 0, 0, 
0, 0, 0, 0, 0, 0, 0, 0, 0, 0, 0, 0.97865, 0.97715, 0.97748, 0.97713, 
0.97626, 0.97748, 0.9777, 0.97806, 0.97913, 0.97838, 0.97797, 
0.97865, 0.97863, 0.9777, 0.97651, 0.97761, 0.97748, 0.97804, 
0.9779, 0.97898, 0.97838, 0.97756, 0.8005, 0.8515, 1.0222, 1.2643, 
1.3745, 1.5107, 1.7438, 2.2864, 2.1596, 2.4031, 2.2669, 345.9, 
373, 396.2, 416.5, 438.5, 461.2, 478.4, 486, 501.2, 525.8, 544.8, 
1, 1, 1, 1, 1, 1, 1, 1, 1, 1, 1, 1, 1, 1, 1, 1, 1, 1, 1, 1, 1, 
1, 1, 1, 1, 1, 1, 1, 1, 1, 1, 1, 1, 1, 1, 1, 1, 1, 1, 1, 1, 1, 
1, 1, 11.588, 11.956, 13.773, 16.584, 17.585, 19.003, 21.905, 
28.888, 26.857, 29.523, 27.695), .Dim = c(11L, 40L), .Dimnames = list(
    NULL, c("Sampling", "PSO.cost", "PSO.gamma", "PSO.data.balancing", 
    "PSO.feature.selection", "PSO.valid.acc", "PSO.test.acc", 
    "PSO.train.time", "PSO.n.support.vectors", "PSO.index", "PSO.n.solutions", 
    "PSO.generations", "PSO.n.evaluations", "PSO.cpu.time", "RS.cost", 
    "RS.gamma", "RS.data.balancing", "RS.feature.selection", 
    "RS.valid.acc", "RS.test.acc", "RS.train.time", "RS.n.support.vectors", 
    "RS.index", "RS.n.solutions", "RS.generations", "RS.n.evaluations", 
    "RS.cpu.time", "DF.cost", "DF.gamma", "DF.data.balancing", 
    "DF.feature.selection", "DF.valid.acc", "DF.test.acc", "DF.train.time", 
    "DF.n.support.vectors", "DF.index", "DF.n.solutions", "DF.generations", 
    "DF.n.evaluations", "DF.cpu.time")))
