full <-
structure(c(50, 55, 60, 65, 70, 75, 80, 85, 90, 95, 100, 0.97523, 
-1.88103, -1.84104, -2, -1.92554, -1.89222, -1.27612, -1.61885, 
9.59193, -0.137, -2, -5.19531, -3.83923, -4.69529, -3.44733, 
-3.18003, -3.72544, -3.32564, -4.10841, -10.64518, -4.43774, 
-2.68283, 0, 0, 0, 0, 0, 0, 0, 0, 0, 0, 0, 0, 0, 0, 0, 0, 0, 
0, 0, 0, 0, 0, 0.98162, 0.98182, 0.98086, 0.98129, 0.98012, 0.98054, 
0.98074, 0.97997, 0.98033, 0.9798, 0.98013, 0.97946, 0.97961, 
0.97996, 0.97984, 0.97876, 0.97856, 0.97973, 0.97949, 0.97778, 
0.97866, 0.97919, 0.6711, 1.0739, 1.2704, 1.7003, 2.1328, 1.9433, 
2.2169, 2.2478, 2.4439, 2.316, 4.7855, 296.1, 504, 534.5, 627.5, 
720.8, 637.5, 655.6, 633.2, 520.3, 536.5, 1217.5, 541, 1851, 
765, 1312, 471, 1952, 503, 787, 340, 1239, 1873, 69, 6, 103, 
164, 711, 49, 527, 8, 18, 87, 50, 100, 100, 100, 100, 100, 100, 
100, 100, 100, 100, 100, 2500, 2500, 2500, 2500, 2500, 2500, 
2500, 2500, 2500, 2500, 2500, 47567.141, 41268.777, 57928.241, 
62212.0150000001, 88238.1490000001, 98915.405, 91226.0700000001, 
117406.642, 129355.12, 230075.609, 186874.142, 9.86868, -1.88743, 
-1.84217, -1.78065, -1.7137, -1.63091, -1.36177, -1.80885, 10.42698, 
0.3556, -1.89275, -10.18065, -3.44981, -3.12916, -3.02101, -3.06173, 
-4.26848, -3.25912, -3.73879, -11.0737, -4.8371, -2.75032, 0, 
0, 0, 0, 0, 0, 0, 0, 0, 0, 0, 0, 0, 0, 0, 0, 0, 0, 0, 0, 0, 0, 
0.98135, 0.98132, 0.98041, 0.98025, 0.97973, 0.97982, 0.9804, 
0.97949, 0.98033, 0.97951, 0.98, 0.97973, 0.98059, 0.98041, 0.98004, 
0.97857, 0.9782, 0.98007, 0.97933, 0.97778, 0.97923, 0.97905, 
0.797, 1.2125, 1.5781, 1.8483, 2.0201, 1.7746, 2.2481, 2.3683, 
2.6591, 2.0161, 4.4206, 268.6, 549.3, 653.4, 721.7, 733.7, 586.5, 
679.5, 677.5, 521.6, 508.7, 1131.5, 2155, 416, 1120, 759, 1672, 
1048, 674, 1200, 2020, 2494, 582, 7, 1, 4, 1, 1, 2, 1, 3, 1, 
5, 1, 100, 100, 100, 100, 100, 100, 100, 100, 100, 100, 100, 
2500, 2500, 2500, 2500, 2500, 2500, 2500, 2500, 2500, 2500, 2500, 
86799.85, 105309.117, 144562.942, 169207.105, 212337.943, 270335.253, 
309827.318, 329976.48, 399210.255, 433307.494, 481599.634, 1, 
1, 1, 1, 1, 1, 1, 1, 1, 1, 1, 0.05, 0.05, 0.05, 0.05, 0.05, 0.05, 
0.05, 0.05, 0.05, 0.05, 0.05, 0, 0, 0, 0, 0, 0, 0, 0, 0, 0, 0, 
0, 0, 0, 0, 0, 0, 0, 0, 0, 0, 0, 0.98108, 0.97936, 0.97905, 0.9788, 
0.97722, 0.97874, 0.97855, 0.97806, 0.97883, 0.97951, 0.97905, 
0.97919, 0.97789, 0.9777, 0.97901, 0.97799, 0.97838, 0.97855, 
0.97806, 0.97793, 0.97823, 0.97824, 0.7286, 0.8282, 0.984, 1.2292, 
1.2738, 1.4792, 1.611, 1.761, 2.0351, 2.1016, 2.1689, 332, 352.8, 
370.8, 393.9, 423.5, 447.1, 467.3, 489.1, 504.1, 529.7, 543.2, 
1, 1, 1, 1, 1, 1, 1, 1, 1, 1, 1, 1, 1, 1, 1, 1, 1, 1, 1, 1, 1, 
1, 1, 1, 1, 1, 1, 1, 1, 1, 1, 1, 1, 1, 1, 1, 1, 1, 1, 1, 1, 1, 
1, 1, 10.733, 11.712, 13.408, 16.154, 16.519, 18.788, 20.094, 
21.672, 24.759, 25.239, 25.862), .Dim = c(11L, 40L), .Dimnames = list(
    NULL, c("Sampling", "PSO.cost", "PSO.gamma", "PSO.data.balancing", 
    "PSO.feature.selection", "PSO.valid.acc", "PSO.test.acc", 
    "PSO.train.time", "PSO.n.support.vectors", "PSO.index", "PSO.n.solutions", 
    "PSO.generations", "PSO.n.evaluations", "PSO.cpu.time", "RS.cost", 
    "RS.gamma", "RS.data.balancing", "RS.feature.selection", 
    "RS.valid.acc", "RS.test.acc", "RS.train.time", "RS.n.support.vectors", 
    "RS.index", "RS.n.solutions", "RS.generations", "RS.n.evaluations", 
    "RS.cpu.time", "DF.cost", "DF.gamma", "DF.data.balancing", 
    "DF.feature.selection", "DF.valid.acc", "DF.test.acc", "DF.train.time", 
    "DF.n.support.vectors", "DF.index", "DF.n.solutions", "DF.generations", 
    "DF.n.evaluations", "DF.cpu.time")))
