full <-
structure(c(50, 55, 60, 65, 70, 75, 80, 85, 90, 95, 100, -2, 
-1.9535, -1.22416, -2, -1.72354, 3.84979, -0.90656, 0.73587, 
-1.99013, -1.54894, 3.21323, -3.1473, -3.59749, -2.96333, -2.95006, 
-4.61563, -8.14459, -4.86956, -6.17114, -4.43791, -3.8475, -6.82222, 
0, 0, 0, 0, 0, 0, 0, 0, 0, 0, 0, 0, 0, 0, 0, 0, 0, 0, 0, 0, 0, 
0, 0.98081, 0.98281, 0.9831, 0.98191, 0.98166, 0.98126, 0.98041, 
0.98029, 0.97973, 0.97994, 0.98041, 0.98081, 0.98084, 0.98153, 
0.98275, 0.98069, 0.98, 0.97973, 0.97981, 0.97928, 0.97951, 0.97905, 
1.3767, 1.3201, 1.6183, 1.9956, 1.7012, 1.9534, 1.9304, 2.1626, 
2.7134, 2.8045, 2.2689, 615.1, 543.6, 647.2, 787.2, 585.9, 545.4, 
560.2, 563.3, 720.3, 693.1, 494.5, 214, 664, 763, 699, 1298, 
524, 1087, 1414, 1688, 996, 1099, 165, 360, 332, 130, 6, 85, 
69, 28, 130, 161, 76, 100, 100, 100, 100, 100, 100, 100, 100, 
100, 100, 100, 2500, 2500, 2500, 2500, 2500, 2500, 2500, 2500, 
2500, 2500, 2500, 67287.219, 53463.328, 63013.291, 78459.6900000001, 
82957.665, 79778.9879999999, 94826.7339999999, 102027.152, 142501.524, 
167645.988, 114541.828, -0.99139, -1.17642, -1.71469, -1.84606, 
-0.58763, 2.74502, -1.16367, 1.57328, -1.75978, -1.50869, 4.16324, 
-2.96215, -3.36997, -3.23929, -4.61955, -4.84284, -7.53721, -4.72892, 
-5.95978, -4.21266, -4.5325, -7.32464, 0, 0, 0, 0, 0, 0, 0, 0, 
0, 0, 0, 0, 0, 0, 0, 0, 0, 0, 0, 0, 0, 0, 0.98027, 0.98231, 0.9831, 
0.9815, 0.98146, 0.98144, 0.98007, 0.98013, 0.97943, 0.9798, 
0.98014, 0.97946, 0.98035, 0.98063, 0.98067, 0.97896, 0.98036, 
0.9799, 0.97949, 0.97958, 0.97895, 0.97946, 1.243, 1.2046, 1.4872, 
1.4942, 1.4665, 1.9557, 1.9938, 1.8065, 2.6852, 2.7792, 2.2421, 
577.2, 500.8, 604.5, 568.8, 475.3, 545.7, 579.4, 460.4, 682.8, 
683.6, 487.7, 486, 560, 944, 1642, 27, 1175, 2280, 2421, 125, 
1810, 607, 1, 1, 1, 3, 1, 1, 1, 3, 2, 1, 1, 100, 100, 100, 100, 
100, 100, 100, 100, 100, 100, 100, 2500, 2500, 2500, 2500, 2500, 
2500, 2500, 2500, 2500, 2500, 2500, 101195.965, 122129.8, 146507.667, 
166575.834, 209779.373, 251729.882, 283088.631, 326399.246, 377967.818, 
449640.93, 486545.187, 1, 1, 1, 1, 1, 1, 1, 1, 1, 1, 1, 0.05, 
0.05, 0.05, 0.05, 0.05, 0.05, 0.05, 0.05, 0.05, 0.05, 0.05, 0, 
0, 0, 0, 0, 0, 0, 0, 0, 0, 0, 0, 0, 0, 0, 0, 0, 0, 0, 0, 0, 0, 
0.97783, 0.97912, 0.98085, 0.98067, 0.97915, 0.97946, 0.97889, 
0.9787, 0.97793, 0.97895, 0.97919, 0.98027, 0.97961, 0.98175, 
0.98129, 0.97953, 0.9791, 0.9777, 0.97822, 0.97823, 0.97866, 
0.97892, 0.7721, 0.8576, 0.9532, 1.122, 1.2775, 1.5155, 1.7514, 
1.7788, 1.9264, 2.2278, 2.2244, 334.8, 355.5, 372.7, 395.9, 421.2, 
440, 464.5, 479.4, 511.3, 527.5, 545.5, 1, 1, 1, 1, 1, 1, 1, 
1, 1, 1, 1, 1, 1, 1, 1, 1, 1, 1, 1, 1, 1, 1, 1, 1, 1, 1, 1, 1, 
1, 1, 1, 1, 1, 1, 1, 1, 1, 1, 1, 1, 1, 1, 1, 1, 11.29, 11.87, 
12.945, 14.804, 16.448, 19.125, 21.887, 21.684, 23.273, 26.705, 
26.519), .Dim = c(11L, 40L), .Dimnames = list(NULL, c("Sampling", 
"PSO.cost", "PSO.gamma", "PSO.data.balancing", "PSO.feature.selection", 
"PSO.valid.acc", "PSO.test.acc", "PSO.train.time", "PSO.n.support.vectors", 
"PSO.index", "PSO.n.solutions", "PSO.generations", "PSO.n.evaluations", 
"PSO.cpu.time", "RS.cost", "RS.gamma", "RS.data.balancing", "RS.feature.selection", 
"RS.valid.acc", "RS.test.acc", "RS.train.time", "RS.n.support.vectors", 
"RS.index", "RS.n.solutions", "RS.generations", "RS.n.evaluations", 
"RS.cpu.time", "DF.cost", "DF.gamma", "DF.data.balancing", "DF.feature.selection", 
"DF.valid.acc", "DF.test.acc", "DF.train.time", "DF.n.support.vectors", 
"DF.index", "DF.n.solutions", "DF.generations", "DF.n.evaluations", 
"DF.cpu.time")))
