full <-
structure(c(50, 55, 60, 65, 70, 75, 80, 85, 90, 95, 100, 13.73887, 
-2, -2, -2, -2, -1.78477, -1.59171, -1.97782, -1.13017, -2, -1.65048, 
-12.1246, -3.20406, -3.49306, -3.23801, -2.84705, -3.93043, -4.19386, 
-4.78951, -3.49465, -4.13072, -4.89657, 0, 0, 0, 0, 0, 0, 0, 
0, 0, 0, 0, 0, 0, 0, 0, 0, 0, 0, 0, 0, 0, 0, 0.98, 0.98084, 0.98041, 
0.98004, 0.98089, 0.97982, 0.97973, 0.97965, 0.98018, 0.97994, 
0.98054, 0.97865, 0.97985, 0.98041, 0.97962, 0.98089, 0.97856, 
0.97872, 0.97901, 0.97913, 0.9788, 0.97919, 1.3117, 1.3654, 1.3852, 
1.8746, 2.3815, 1.8576, 2.0192, 2.6067, 2.5151, 3.1912, 3.6289, 
275.4, 624.1, 593.1, 680.3, 873.1, 610.8, 604.5, 719.1, 661.4, 
735.6, 754.6, 1116, 247, 404, 1299, 629, 556, 358, 606, 961, 
596, 943, 21, 843, 953, 55, 426, 167, 635, 409, 260, 308, 241, 
100, 100, 100, 100, 100, 100, 100, 100, 100, 100, 100, 2500, 
2500, 2500, 2500, 2500, 2500, 2500, 2500, 2500, 2500, 2500, 52923.468, 
52689.199, 49758.818, 120514.405, 105258.571, 83113.1299999999, 
81626.8319999999, 100698.324, 112837.684, 186618.879, 157549.16, 
11.85948, -0.85087, -0.78443, -1.42577, -1.73605, -1.65583, -1.46691, 
-0.839, -1.15666, -1.91417, -1.77885, -11.10397, -5.09808, -3.06284, 
-2.81786, -2.77696, -4.09195, -4.1926, -5.6499, -3.65737, -4.18582, 
-3.64235, 0, 0, 0, 0, 0, 0, 0, 0, 0, 0, 0, 0, 0, 0, 0, 0, 0, 
0, 0, 0, 0, 0, 0.98, 0.9801, 0.97996, 0.97983, 0.9805, 0.97946, 
0.97939, 0.97917, 0.97973, 0.9798, 0.98, 0.97865, 0.97912, 0.97839, 
0.97921, 0.98089, 0.9791, 0.97889, 0.97838, 0.97913, 0.97866, 
0.97973, 0.9951, 1.0149, 1.367, 2.067, 2.3831, 1.7939, 2.0175, 
2.4066, 2.3393, 3.053, 3.0035, 269.5, 446, 575.8, 777.1, 874.9, 
592.1, 589.9, 677.3, 638.6, 722, 758.3, 316, 1994, 161, 337, 
2289, 812, 49, 868, 880, 40, 1269, 6, 1, 1, 1, 1, 1, 3, 2, 2, 
1, 2, 100, 100, 100, 100, 100, 100, 100, 100, 100, 100, 100, 
2500, 2500, 2500, 2500, 2500, 2500, 2500, 2500, 2500, 2500, 2500, 
83130.527, 102005.54, 136493.593, 185598.954, 208983.064, 270219.937, 
325799.954, 313934.72, 348735.924, 539280.669, 514227.71, 1, 
1, 1, 1, 1, 1, 1, 1, 1, 1, 1, 0.05, 0.05, 0.05, 0.05, 0.05, 0.05, 
0.05, 0.05, 0.05, 0.05, 0.05, 0, 0, 0, 0, 0, 0, 0, 0, 0, 0, 0, 
0, 0, 0, 0, 0, 0, 0, 0, 0, 0, 0, 0.97865, 0.9774, 0.97793, 0.97734, 
0.9778, 0.9782, 0.97838, 0.9779, 0.97868, 0.97767, 0.97797, 0.97892, 
0.97912, 0.97861, 0.97858, 0.9778, 0.97784, 0.97686, 0.97774, 
0.97853, 0.97809, 0.97905, 0.741, 0.8364, 1.0935, 1.1177, 1.293, 
1.4324, 1.7014, 1.7845, 1.9577, 2.5156, 2.3552, 336.4, 355.3, 
376.9, 402, 421, 446.9, 467.8, 486, 510.4, 531.1, 543.5, 1, 1, 
1, 1, 1, 1, 1, 1, 1, 1, 1, 1, 1, 1, 1, 1, 1, 1, 1, 1, 1, 1, 1, 
1, 1, 1, 1, 1, 1, 1, 1, 1, 1, 1, 1, 1, 1, 1, 1, 1, 1, 1, 1, 1, 
10.65, 11.662, 15.222, 14.734, 16.636, 18.133, 20.985, 21.818, 
23.716, 30.772, 28.669), .Dim = c(11L, 40L), .Dimnames = list(
    NULL, c("Sampling", "PSO.cost", "PSO.gamma", "PSO.data.balancing", 
    "PSO.feature.selection", "PSO.valid.acc", "PSO.test.acc", 
    "PSO.train.time", "PSO.n.support.vectors", "PSO.index", "PSO.n.solutions", 
    "PSO.generations", "PSO.n.evaluations", "PSO.cpu.time", "RS.cost", 
    "RS.gamma", "RS.data.balancing", "RS.feature.selection", 
    "RS.valid.acc", "RS.test.acc", "RS.train.time", "RS.n.support.vectors", 
    "RS.index", "RS.n.solutions", "RS.generations", "RS.n.evaluations", 
    "RS.cpu.time", "DF.cost", "DF.gamma", "DF.data.balancing", 
    "DF.feature.selection", "DF.valid.acc", "DF.test.acc", "DF.train.time", 
    "DF.n.support.vectors", "DF.index", "DF.n.solutions", "DF.generations", 
    "DF.n.evaluations", "DF.cpu.time")))
