full <-
structure(c(50, 55, 60, 65, 70, 75, 80, 85, 90, 95, 100, 0.28961, 
-1.21688, 12.00283, 0.33145, -2, 9.53581, -0.62654, 1.57946, 
-2, -1.94656, -2, -4.68569, -3.78884, -11.45879, -4.16848, -2.75438, 
-10.66877, -5.5067, -6.94555, -4.92666, -4.05921, -2.58911, 0, 
0, 0, 0, 0, 0, 0, 0, 0, 0, 0, 0, 0, 0, 0, 0, 0, 0, 0, 0, 0, 0, 
0.97892, 0.97985, 0.98108, 0.97963, 0.97895, 0.98, 0.97956, 0.97838, 
0.97868, 0.97909, 0.98, 0.9773, 0.97666, 0.97928, 0.97859, 0.97741, 
0.97802, 0.97804, 0.97726, 0.97808, 0.97909, 0.97879, 0.8012, 
1.1945, 1.5996, 1.2608, 2.9098, 2.0291, 2.2572, 2.299, 2.9156, 
3.1653, 5.2192, 324, 452.7, 332.1, 388.3, 963.6, 463.4, 594.1, 
616.3, 779.5, 729.6, 1317.6, 1496, 2113, 1184, 401, 1025, 345, 
468, 927, 253, 962, 1105, 29, 8, 9, 38, 227, 27, 322, 52, 869, 
472, 17, 100, 100, 100, 100, 100, 100, 100, 100, 100, 100, 100, 
2500, 2500, 2500, 2500, 2500, 2500, 2500, 2500, 2500, 2500, 2500, 
82083.454, 53536.173, 71055.257, 95459.62, 131051.745, 103339.919, 
94447.068, 133127.393, 126543.53, 144380.303, 234393.146, 8.81463, 
-1.06746, 11.70919, 4.71484, -1.76438, 9.58755, -0.49309, 2.22659, 
-1.89369, -1.56709, 4.39337, -9.51598, -3.7833, -11.32509, -8.06702, 
-3.20453, -10.7219, -5.01203, -7.32565, -5.01393, -4.59065, -8.03766, 
0, 0, 0, 0, 0, 0, 0, 0, 0, 0, 0, 0, 0, 0, 0, 0, 0, 0, 0, 0, 0, 
0, 0.97865, 0.97936, 0.98086, 0.97942, 0.97857, 0.98, 0.97905, 
0.97822, 0.97868, 0.97866, 0.97973, 0.97784, 0.97764, 0.97906, 
0.97859, 0.97818, 0.9782, 0.97888, 0.97711, 0.97793, 0.97895, 
0.97865, 0.8557, 1.1209, 1.4682, 1.2739, 2.1772, 1.9859, 1.9362, 
2.3919, 2.9388, 2.8163, 2.6654, 271.2, 441.2, 333.9, 396.5, 698.9, 
467.8, 525.7, 615.9, 773.1, 694.1, 577.3, 69, 35, 45, 1657, 1115, 
934, 2329, 83, 147, 690, 999, 12, 2, 3, 5, 2, 2, 4, 9, 1, 1, 
9, 100, 100, 100, 100, 100, 100, 100, 100, 100, 100, 100, 2500, 
2500, 2500, 2500, 2500, 2500, 2500, 2500, 2500, 2500, 2500, 111607.218, 
137361.676, 152673.167, 220433.331, 255177.787, 286007.752, 375474.506, 
403777.613, 442100.708, 471327.458, 529945.776000001, 1, 1, 1, 
1, 1, 1, 1, 1, 1, 1, 1, 0.05, 0.05, 0.05, 0.05, 0.05, 0.05, 0.05, 
0.05, 0.05, 0.05, 0.05, 0, 0, 0, 0, 0, 0, 0, 0, 0, 0, 0, 0, 0, 
0, 0, 0, 0, 0, 0, 0, 0, 0, 0.97865, 0.97813, 0.97996, 0.97942, 
0.97818, 0.97676, 0.97702, 0.97584, 0.97673, 0.9771, 0.97811, 
0.9773, 0.97838, 0.97928, 0.97901, 0.97683, 0.9773, 0.97719, 
0.97647, 0.97733, 0.97752, 0.97905, 0.8308, 0.9263, 1.1092, 1.2549, 
1.3037, 1.6153, 1.8362, 1.8877, 2.2338, 2.2721, 2.5395, 336.5, 
359.3, 373.1, 395.9, 422.7, 446.3, 467.7, 496.8, 515.7, 527.1, 
543.7, 1, 1, 1, 1, 1, 1, 1, 1, 1, 1, 1, 1, 1, 1, 1, 1, 1, 1, 
1, 1, 1, 1, 1, 1, 1, 1, 1, 1, 1, 1, 1, 1, 1, 1, 1, 1, 1, 1, 1, 
1, 1, 1, 1, 1, 12.197, 13.02, 15.254, 16.711, 16.89, 20.452, 
23.101, 23.037, 26.978, 27.353, 30.345), .Dim = c(11L, 40L), .Dimnames = list(
    NULL, c("Sampling", "PSO.cost", "PSO.gamma", "PSO.data.balancing", 
    "PSO.feature.selection", "PSO.valid.acc", "PSO.test.acc", 
    "PSO.train.time", "PSO.n.support.vectors", "PSO.index", "PSO.n.solutions", 
    "PSO.generations", "PSO.n.evaluations", "PSO.cpu.time", "RS.cost", 
    "RS.gamma", "RS.data.balancing", "RS.feature.selection", 
    "RS.valid.acc", "RS.test.acc", "RS.train.time", "RS.n.support.vectors", 
    "RS.index", "RS.n.solutions", "RS.generations", "RS.n.evaluations", 
    "RS.cpu.time", "DF.cost", "DF.gamma", "DF.data.balancing", 
    "DF.feature.selection", "DF.valid.acc", "DF.test.acc", "DF.train.time", 
    "DF.n.support.vectors", "DF.index", "DF.n.solutions", "DF.generations", 
    "DF.n.evaluations", "DF.cpu.time")))
