full <-
structure(c(50, 55, 60, 65, 70, 75, 80, 85, 90, 95, 100, -1.24552, 
-0.13585, -1.33855, -2, -1.45697, 1.56395, -1.82974, -1.98912, 
-1.82103, -1.67436, -2, -2.92372, -3.33133, -3.74289, -2.99395, 
-2.92886, -5.67151, -4.84167, -2.9757, -3.81116, -5.15892, -4.21988, 
0, 0, 0, 0, 0, 0, 0, 0, 0, 0, 0, 0, 0, 0, 0, 0, 0, 0, 0, 0, 0, 
0, 0.97946, 0.97961, 0.97928, 0.97963, 0.97992, 0.97928, 0.97922, 
0.98045, 0.97973, 0.97923, 0.98041, 0.9773, 0.97666, 0.97658, 
0.979, 0.97818, 0.97838, 0.97821, 0.97854, 0.97883, 0.97866, 
0.98, 1.9608, 1.6567, 1.8655, 2.6897, 2.8903, 1.7164, 2.5831, 
3.3596, 2.8318, 3.1167, 3.0519, 631.7, 462.5, 507, 783.1, 776.2, 
408.6, 679.2, 907.4, 707.9, 776.6, 757.9, 846, 382, 1089, 170, 
488, 1020, 791, 1820, 1010, 337, 1327, 573, 667, 135, 777, 727, 
117, 262, 1, 358, 89, 2, 100, 100, 100, 100, 100, 100, 100, 100, 
100, 100, 100, 2500, 2500, 2500, 2500, 2500, 2500, 2500, 2500, 
2500, 2500, 2500, 89801.47, 86275.999, 104099.992, 107196.419, 
134233.111, 146315.453, 121901.473, 138175.312, 124927.756, 150845.606, 
142117.532000001, 3.28702, -0.20459, -1.37081, -1.20992, -1.99621, 
2.09549, -1.15953, -1.91646, 1.71239, -1.18943, 0.3951, -7.38742, 
-3.3818, -3.36738, -3.46211, -2.91203, -5.97734, -5.0037, -2.94169, 
-6.76529, -5.22455, -5.00462, 0, 0, 0, 0, 0, 0, 0, 0, 0, 0, 0, 
0, 0, 0, 0, 0, 0, 0, 0, 0, 0, 0, 0.97919, 0.97936, 0.97906, 0.97879, 
0.97915, 0.97928, 0.97888, 0.97981, 0.97958, 0.97923, 0.98027, 
0.97594, 0.97666, 0.97748, 0.97859, 0.97857, 0.9782, 0.97787, 
0.97806, 0.97883, 0.97809, 0.97905, 1.088, 1.5434, 2.0305, 1.8075, 
3.2219, 1.8339, 2.4412, 3.1856, 2.4567, 2.879, 2.2024, 358.1, 
453.2, 561.4, 555.7, 863.7, 400.1, 604.7, 913.5, 586.2, 710.2, 
531.4, 1120, 1357, 119, 1629, 1265, 88, 144, 941, 65, 878, 169, 
2, 1, 2, 1, 1, 2, 2, 1, 2, 2, 2, 100, 100, 100, 100, 100, 100, 
100, 100, 100, 100, 100, 2500, 2500, 2500, 2500, 2500, 2500, 
2500, 2500, 2500, 2500, 2500, 148753.942, 194510.792, 228154.67, 
261124.286, 375590.465, 398901.964, 356091.294, 349192.04, 425766.9, 
438555.294, 456662.485, 1, 1, 1, 1, 1, 1, 1, 1, 1, 1, 1, 0.05, 
0.05, 0.05, 0.05, 0.05, 0.05, 0.05, 0.05, 0.05, 0.05, 0.05, 0, 
0, 0, 0, 0, 0, 0, 0, 0, 0, 0, 0, 0, 0, 0, 0, 0, 0, 0, 0, 0, 0, 
0.97892, 0.97838, 0.97748, 0.97671, 0.97722, 0.97892, 0.97736, 
0.97854, 0.97853, 0.97795, 0.97987, 0.97621, 0.97641, 0.9768, 
0.97775, 0.97703, 0.97838, 0.97703, 0.97711, 0.97808, 0.97738, 
0.97824, 1.16, 1.3167, 1.3682, 1.4788, 1.898, 1.6854, 1.7204, 
1.8605, 1.8533, 2.0878, 2.2375, 347.8, 370.7, 390.1, 411.3, 437, 
452.5, 473, 488, 511.4, 536.7, 545, 1, 1, 1, 1, 1, 1, 1, 1, 1, 
1, 1, 1, 1, 1, 1, 1, 1, 1, 1, 1, 1, 1, 1, 1, 1, 1, 1, 1, 1, 1, 
1, 1, 1, 1, 1, 1, 1, 1, 1, 1, 1, 1, 1, 1, 17.977, 19.522, 19.332, 
20.35, 25.708, 22.266, 21.37, 22.741, 22.739, 25.07, 26.692), .Dim = c(11L, 
40L), .Dimnames = list(NULL, c("Sampling", "PSO.cost", "PSO.gamma", 
"PSO.data.balancing", "PSO.feature.selection", "PSO.valid.acc", 
"PSO.test.acc", "PSO.train.time", "PSO.n.support.vectors", "PSO.index", 
"PSO.n.solutions", "PSO.generations", "PSO.n.evaluations", "PSO.cpu.time", 
"RS.cost", "RS.gamma", "RS.data.balancing", "RS.feature.selection", 
"RS.valid.acc", "RS.test.acc", "RS.train.time", "RS.n.support.vectors", 
"RS.index", "RS.n.solutions", "RS.generations", "RS.n.evaluations", 
"RS.cpu.time", "DF.cost", "DF.gamma", "DF.data.balancing", "DF.feature.selection", 
"DF.valid.acc", "DF.test.acc", "DF.train.time", "DF.n.support.vectors", 
"DF.index", "DF.n.solutions", "DF.generations", "DF.n.evaluations", 
"DF.cpu.time")))
