full <-
structure(c(50, 55, 60, 65, 70, 75, 80, 85, 90, 95, 100, -2, 
-1.33062, -1.9934, -0.76865, -1.9351, -2, -0.62075, -2, -1.43436, 
-2, -2, -4.29622, -4.58482, -4.5434, -4.74452, -4.22608, -4.47558, 
-5.33802, -4.68492, -4.23025, -3.82715, -3.97431, 0, 0, 0, 0, 
0, 0, 0, 0, 0, 0, 0, 0, 0, 0, 0, 0, 0, 0, 0, 0, 0, 0, 0.98216, 
0.98157, 0.98131, 0.98046, 0.98108, 0.98108, 0.98075, 0.97997, 
0.98063, 0.9798, 0.98, 0.97919, 0.98133, 0.98131, 0.97921, 0.9805, 
0.98036, 0.97838, 0.97886, 0.98033, 0.97866, 0.97865, 1.0921, 
1.0064, 1.3714, 1.2434, 1.6153, 2.0523, 1.796, 2.4194, 2.2418, 
2.7198, 2.699, 495.9, 463.9, 564.7, 477.8, 605.8, 648.2, 574.7, 
712.6, 638, 748.5, 764.5, 125, 1168, 419, 220, 1677, 683, 912, 
206, 1126, 301, 111, 788, 59, 617, 80, 21, 287, 42, 682, 52, 
659, 790, 100, 100, 100, 100, 100, 100, 100, 100, 100, 100, 100, 
2500, 2500, 2500, 2500, 2500, 2500, 2500, 2500, 2500, 2500, 2500, 
36904.004, 42772.671, 52613.121, 54910.603, 74243.106, 110569.925, 
76869.3299999998, 97061.8729999999, 112149.724, 132069.876, 109204.071, 
-1.61704, -1.38895, -1.55425, -1.40018, 3.91489, 1.03649, -0.58858, 
9.32592, -1.4686, -1.77888, 9.8448, -4.42249, -4.45573, -4.79478, 
-3.73278, -7.17635, -6.16531, -5.36391, -10.173, -4.07704, -3.47996, 
-10.4218, 0, 0, 0, 0, 0, 0, 0, 0, 0, 0, 0, 0, 0, 0, 0, 0, 0, 
0, 0, 0, 0, 0, 0.98189, 0.98108, 0.98086, 0.98025, 0.98089, 0.98036, 
0.98075, 0.97949, 0.98003, 0.97937, 0.97986, 0.98, 0.98157, 0.98018, 
0.97942, 0.97896, 0.97946, 0.97821, 0.97806, 0.98063, 0.97923, 
0.97905, 0.8769, 1.0306, 1.3033, 1.2808, 1.1869, 1.6475, 1.877, 
2.1561, 2.2191, 2.6921, 2.63, 460.9, 464.1, 528.5, 535.8, 378.7, 
495.8, 574.5, 448.1, 643.5, 759.7, 500.9, 839, 1452, 11, 632, 
1509, 1494, 927, 286, 126, 1696, 1300, 2, 3, 1, 1, 1, 6, 1, 1, 
3, 1, 1, 100, 100, 100, 100, 100, 100, 100, 100, 100, 100, 100, 
2500, 2500, 2500, 2500, 2500, 2500, 2500, 2500, 2500, 2500, 2500, 
87582.286, 106924.321, 133455.544, 160995.358, 216280.734, 229407.169, 
289071.045, 313529.197, 376920.399, 397168.765, 437409.758, 1, 
1, 1, 1, 1, 1, 1, 1, 1, 1, 1, 0.05, 0.05, 0.05, 0.05, 0.05, 0.05, 
0.05, 0.05, 0.05, 0.05, 0.05, 0, 0, 0, 0, 0, 0, 0, 0, 0, 0, 0, 
0, 0, 0, 0, 0, 0, 0, 0, 0, 0, 0, 0.97811, 0.97863, 0.97838, 0.97796, 
0.97915, 0.9791, 0.97906, 0.97774, 0.97822, 0.97752, 0.97892, 
0.97838, 0.98084, 0.97995, 0.97942, 0.9805, 0.97928, 0.97923, 
0.97822, 0.97958, 0.97795, 0.97811, 0.7366, 0.8595, 0.9905, 1.1443, 
1.3126, 1.3855, 1.7301, 1.7284, 1.8614, 1.8933, 2.1329, 339.7, 
358.6, 383, 412.7, 426, 448.3, 466.3, 486.9, 512.1, 529.7, 541.6, 
1, 1, 1, 1, 1, 1, 1, 1, 1, 1, 1, 1, 1, 1, 1, 1, 1, 1, 1, 1, 1, 
1, 1, 1, 1, 1, 1, 1, 1, 1, 1, 1, 1, 1, 1, 1, 1, 1, 1, 1, 1, 1, 
1, 1, 10.972, 12.114, 13.533, 14.979, 17.115, 17.84, 21.929, 
21.553, 22.571, 22.862, 25.488), .Dim = c(11L, 40L), .Dimnames = list(
    NULL, c("Sampling", "PSO.cost", "PSO.gamma", "PSO.data.balancing", 
    "PSO.feature.selection", "PSO.valid.acc", "PSO.test.acc", 
    "PSO.train.time", "PSO.n.support.vectors", "PSO.index", "PSO.n.solutions", 
    "PSO.generations", "PSO.n.evaluations", "PSO.cpu.time", "RS.cost", 
    "RS.gamma", "RS.data.balancing", "RS.feature.selection", 
    "RS.valid.acc", "RS.test.acc", "RS.train.time", "RS.n.support.vectors", 
    "RS.index", "RS.n.solutions", "RS.generations", "RS.n.evaluations", 
    "RS.cpu.time", "DF.cost", "DF.gamma", "DF.data.balancing", 
    "DF.feature.selection", "DF.valid.acc", "DF.test.acc", "DF.train.time", 
    "DF.n.support.vectors", "DF.index", "DF.n.solutions", "DF.generations", 
    "DF.n.evaluations", "DF.cpu.time")))
