full <-
structure(c(50, 55, 60, 65, 70, 75, 80, 85, 90, 95, 100, 4.33146, 
3.08838, 0.19608, 5.52446, -1.26949, 0.39773, -1.01415, -1.59067, 
-2, -2, -2, -6.76292, -6.74474, -5.26503, -7.0144, -4.45747, 
-6.16159, -4.88078, -4.56178, -3.67516, -3.69638, -2.99085, 0, 
0, 0, 0, 0, 0, 0, 0, 0, 0, 0, 0, 0, 0, 0, 0, 0, 0, 0, 0, 0, 0, 
0.98649, 0.98502, 0.98378, 0.98254, 0.98108, 0.98036, 0.98023, 
0.98044, 0.98033, 0.98122, 0.97973, 0.98487, 0.98305, 0.9822, 
0.97963, 0.98011, 0.97982, 0.97871, 0.98029, 0.97913, 0.97909, 
0.97946, 0.5739, 0.8258, 1.0107, 0.948, 1.5182, 2.1328, 1.9891, 
2.4993, 3.4195, 2.8854, 3.9876, 223.8, 290, 370, 268.9, 515.2, 
551.3, 564.9, 633.9, 728.3, 758.3, 983.7, 573, 2137, 157, 1708, 
343, 725, 577, 794, 306, 830, 110, 86, 1, 86, 16, 828, 185, 308, 
172, 532, 106, 360, 100, 100, 100, 100, 100, 100, 100, 100, 100, 
100, 100, 2500, 2500, 2500, 2500, 2500, 2500, 2500, 2500, 2500, 
2500, 2500, 44743.238, 55869.314, 85004.065, 59198.196, 69934.747, 
117349.979, 82731.4909999999, 151563.305, 139455.471, 192294.733, 
170850.627, 4.83266, 7.2753, -0.82025, 5.7085, -1.61387, -0.85928, 
-0.45264, -1.94347, -1.0516, 12.07199, -1.4098, -7.07346, -8.96911, 
-4.39547, -7.15282, -4.09732, -2.38059, -5.49977, -4.30775, -5.55802, 
-11.80547, -2.80521, 0, 0, 0, 0, 0, 0, 0, 0, 0, 0, 0, 0, 0, 0, 
0, 0, 0, 0, 0, 0, 0, 0, 0.98649, 0.98477, 0.98356, 0.98254, 0.9805, 
0.98036, 0.97939, 0.98029, 0.98003, 0.98051, 0.9796, 0.98514, 
0.98256, 0.98243, 0.97984, 0.97973, 0.9791, 0.97905, 0.98045, 
0.97883, 0.97895, 0.97824, 0.5971, 1.1653, 1.0725, 1.0522, 1.8963, 
3.8867, 2.0942, 2.6734, 2.982, 3.802, 3.8485, 223, 280.5, 407.1, 
269.7, 552.6, 1254.1, 569, 672, 709.3, 523.3, 995, 252, 88, 213, 
1045, 1438, 1108, 1419, 1005, 534, 1263, 1899, 2, 3, 1, 1, 1, 
2, 3, 1, 2, 3, 2, 100, 100, 100, 100, 100, 100, 100, 100, 100, 
100, 100, 2500, 2500, 2500, 2500, 2500, 2500, 2500, 2500, 2500, 
2500, 2500, 91340.794, 158155.273, 148759.161, 196387.206, 272492.331, 
268043.37, 319933.043, 425084.185, 381320.578, 473074.658, 486283.049, 
1, 1, 1, 1, 1, 1, 1, 1, 1, 1, 1, 0.05, 0.05, 0.05, 0.05, 0.05, 
0.05, 0.05, 0.05, 0.05, 0.05, 0.05, 0, 0, 0, 0, 0, 0, 0, 0, 0, 
0, 0, 0, 0, 0, 0, 0, 0, 0, 0, 0, 0, 0, 0.98487, 0.9833, 0.98311, 
0.97962, 0.97915, 0.9791, 0.97736, 0.97886, 0.97853, 0.97838, 
0.97933, 0.9846, 0.98305, 0.98266, 0.9815, 0.97896, 0.97892, 
0.9777, 0.97965, 0.97898, 0.97838, 0.97824, 0.697, 0.8177, 0.9038, 
1.1035, 1.5417, 1.3981, 1.684, 1.9564, 1.9012, 2.2987, 2.2919, 
308.3, 324.3, 350.3, 384.3, 412.6, 436.9, 453.7, 476.8, 498.4, 
523.2, 541.6, 1, 1, 1, 1, 1, 1, 1, 1, 1, 1, 1, 1, 1, 1, 1, 1, 
1, 1, 1, 1, 1, 1, 1, 1, 1, 1, 1, 1, 1, 1, 1, 1, 1, 1, 1, 1, 1, 
1, 1, 1, 1, 1, 1, 1, 10.558, 11.795, 12.518, 14.634, 20.265, 
17.73, 21.103, 24.697, 23.154, 27.492, 27.094), .Dim = c(11L, 
40L), .Dimnames = list(NULL, c("Sampling", "PSO.cost", "PSO.gamma", 
"PSO.data.balancing", "PSO.feature.selection", "PSO.valid.acc", 
"PSO.test.acc", "PSO.train.time", "PSO.n.support.vectors", "PSO.index", 
"PSO.n.solutions", "PSO.generations", "PSO.n.evaluations", "PSO.cpu.time", 
"RS.cost", "RS.gamma", "RS.data.balancing", "RS.feature.selection", 
"RS.valid.acc", "RS.test.acc", "RS.train.time", "RS.n.support.vectors", 
"RS.index", "RS.n.solutions", "RS.generations", "RS.n.evaluations", 
"RS.cpu.time", "DF.cost", "DF.gamma", "DF.data.balancing", "DF.feature.selection", 
"DF.valid.acc", "DF.test.acc", "DF.train.time", "DF.n.support.vectors", 
"DF.index", "DF.n.solutions", "DF.generations", "DF.n.evaluations", 
"DF.cpu.time")))
