full <-
structure(c(50, 55, 60, 65, 70, 75, 80, 85, 90, 95, 100, -1.95446, 
-1.80366, -2, -1.21866, -2, -2, -1.54102, -1.99728, -0.2035, 
-1.43547, -2, -3.20303, -3.64467, -4.61006, -4.30116, -3.54975, 
-4.08775, -4.5036, -2.55283, -5.94066, -3.58589, -4.6855, 0, 
0, 0, 0, 0, 0, 0, 0, 0, 0, 0, 0, 0, 0, 0, 0, 0, 0, 0, 0, 0, 0, 
0.97946, 0.97912, 0.9795, 0.98004, 0.98089, 0.98, 0.98074, 0.97981, 
0.98003, 0.98037, 0.98027, 0.97757, 0.97813, 0.9786, 0.979, 0.97876, 
0.97928, 0.97922, 0.97917, 0.97883, 0.97895, 0.97933, 1.1113, 
1.1572, 1.3057, 1.3323, 1.8789, 1.9396, 2.0873, 4.3617, 2.4589, 
2.6936, 3.4505, 597.7, 525.2, 561, 491.3, 640.4, 638.5, 612.4, 
1252.8, 661.4, 701.6, 785.8, 668, 477, 371, 375, 378, 338, 480, 
682, 425, 514, 858, 436, 438, 951, 17, 762, 680, 316, 51, 137, 
151, 100, 100, 100, 100, 100, 100, 100, 100, 100, 100, 100, 100, 
2500, 2500, 2500, 2500, 2500, 2500, 2500, 2500, 2500, 2500, 2500, 
45834.06, 47548.86, 56325.105, 68481.635, 77729.1699999999, 85285.791, 
100615.99, 143922.823, 155759.623, 122622.431, 120497.574, -0.9363, 
-1.87844, -1.88695, -1.12967, -1.9292, -1.63435, -1.33597, -1.6115, 
-0.24874, -0.82937, -1.40757, -3.00841, -3.60337, -3.99199, -3.96445, 
-3.57429, -4.43342, -3.44022, -4.0951, -5.94391, -4.15816, -4.79087, 
0, 0, 0, 0, 0, 0, 0, 0, 0, 0, 0, 0, 0, 0, 0, 0, 0, 0, 0, 0, 0, 
0, 0.97919, 0.97863, 0.9786, 0.98004, 0.98089, 0.9791, 0.98024, 
0.97965, 0.98003, 0.98023, 0.98014, 0.97757, 0.97789, 0.97838, 
0.97921, 0.97896, 0.97874, 0.97888, 0.97917, 0.97898, 0.97952, 
0.97919, 1.0721, 1.1719, 1.2697, 1.3857, 1.7857, 1.8144, 2.1896, 
2.3911, 2.4867, 2.2938, 2.9732, 560.9, 539.2, 540.1, 492.3, 626.9, 
595.1, 645.1, 638.4, 667.2, 593.4, 704.9, 1302, 1607, 627, 987, 
1084, 771, 1216, 1537, 2168, 448, 1154, 3, 1, 4, 1, 1, 6, 1, 
2, 2, 1, 2, 100, 100, 100, 100, 100, 100, 100, 100, 100, 100, 
100, 2500, 2500, 2500, 2500, 2500, 2500, 2500, 2500, 2500, 2500, 
2500, 86317.19, 112231.206, 168792.075, 190695.086, 210683.038, 
255732.666, 314717.232, 360794.905, 382961.861, 457048.226, 511686.492, 
1, 1, 1, 1, 1, 1, 1, 1, 1, 1, 1, 0.05, 0.05, 0.05, 0.05, 0.05, 
0.05, 0.05, 0.05, 0.05, 0.05, 0.05, 0, 0, 0, 0, 0, 0, 0, 0, 0, 
0, 0, 0, 0, 0, 0, 0, 0, 0, 0, 0, 0, 0, 0.97838, 0.97739, 0.97792, 
0.97859, 0.97741, 0.97748, 0.97905, 0.97854, 0.97943, 0.9788, 
0.97811, 0.97784, 0.9769, 0.97725, 0.97859, 0.97877, 0.97838, 
0.97922, 0.9787, 0.97838, 0.97824, 0.97797, 0.7005, 0.8292, 1.1781, 
1.2478, 1.3044, 1.4918, 1.7912, 1.9705, 1.9122, 2.3442, 2.3141, 
340.9, 357.7, 383.1, 408, 422.7, 452.4, 471.1, 490.5, 509.3, 
526.5, 544.5, 1, 1, 1, 1, 1, 1, 1, 1, 1, 1, 1, 1, 1, 1, 1, 1, 
1, 1, 1, 1, 1, 1, 1, 1, 1, 1, 1, 1, 1, 1, 1, 1, 1, 1, 1, 1, 1, 
1, 1, 1, 1, 1, 1, 1, 10.372, 11.665, 16.543, 17.256, 16.752, 
18.82, 22.083, 24.573, 23.172, 28.526, 28.036), .Dim = c(11L, 
40L), .Dimnames = list(NULL, c("Sampling", "PSO.cost", "PSO.gamma", 
"PSO.data.balancing", "PSO.feature.selection", "PSO.valid.acc", 
"PSO.test.acc", "PSO.train.time", "PSO.n.support.vectors", "PSO.index", 
"PSO.n.solutions", "PSO.generations", "PSO.n.evaluations", "PSO.cpu.time", 
"RS.cost", "RS.gamma", "RS.data.balancing", "RS.feature.selection", 
"RS.valid.acc", "RS.test.acc", "RS.train.time", "RS.n.support.vectors", 
"RS.index", "RS.n.solutions", "RS.generations", "RS.n.evaluations", 
"RS.cpu.time", "DF.cost", "DF.gamma", "DF.data.balancing", "DF.feature.selection", 
"DF.valid.acc", "DF.test.acc", "DF.train.time", "DF.n.support.vectors", 
"DF.index", "DF.n.solutions", "DF.generations", "DF.n.evaluations", 
"DF.cpu.time")))
