full <-
structure(c(50, 55, 60, 65, 70, 75, 80, 85, 90, 95, 100, -0.45943, 
-2, -1.86986, -2, -1.32606, 0.27683, 1.24756, 4.95756, -2, -1.67899, 
12.15672, -5.01205, -4.57653, -4.66836, -4.23485, -4.68905, -4.60514, 
-5.1753, -7.72402, -2.91294, -4.85458, -11.94757, 0, 0, 0, 0, 
0, 0, 0, 0, 0, 0, 0, 0, 0, 0, 0, 0, 0, 0, 0, 0, 0, 0, 0.98081, 
0.98132, 0.98041, 0.98087, 0.98147, 0.98108, 0.98091, 0.98076, 
0.97958, 0.98037, 0.98054, 0.97918, 0.98059, 0.98019, 0.98025, 
0.97993, 0.97819, 0.97905, 0.97901, 0.97898, 0.97866, 0.97973, 
0.816, 1.1776, 1.3407, 1.4815, 1.5399, 1.431, 1.469, 1.9423, 
3.3201, 2.6429, 3.722, 383.1, 526, 542.5, 570, 534.1, 426.2, 
406.1, 421.3, 975.5, 725.7, 563.5, 933, 864, 524, 175, 2135, 
1953, 468, 846, 655, 1521, 2, 60, 40, 645, 610, 4, 51, 64, 58, 
443, 35, 62, 100, 100, 100, 100, 100, 100, 100, 100, 100, 100, 
100, 2500, 2500, 2500, 2500, 2500, 2500, 2500, 2500, 2500, 2500, 
2500, 59549.169, 47629.782, 52659.848, 57254.7279999999, 79784.575, 
63017.0660000001, 92087.808, 110267.829, 137700.526, 124908.876, 
220210.872, -1.06055, -1.93011, -1.94079, 12.66053, -1.21463, 
12.37654, 1.57548, 6.68132, 0.36425, 0.4688, 14.77644, -3.59633, 
-4.52138, -4.62677, -11.4718, -4.79976, -11.77578, -5.37615, 
-8.63345, -5.9027, -5.86356, -13.30506, 0, 0, 0, 0, 0, 0, 0, 
0, 0, 0, 0, 0, 0, 0, 0, 0, 0, 0, 0, 0, 0, 0, 0.98027, 0.98083, 
0.98019, 0.98066, 0.98109, 0.98072, 0.98074, 0.9806, 0.97928, 
0.98023, 0.98054, 0.97864, 0.97985, 0.98019, 0.98025, 0.97993, 
0.97928, 0.97905, 0.97933, 0.97868, 0.97852, 0.97973, 0.8941, 
1.1631, 1.3388, 1.7247, 1.5148, 2.3095, 1.4697, 1.9399, 2.4377, 
2.3452, 5.1832, 437.3, 514.6, 548, 319.3, 529.6, 411.2, 399.5, 
419, 588.7, 586.4, 572.8, 42, 1110, 266, 1239, 1732, 191, 842, 
892, 1749, 723, 1822, 2, 1, 3, 5, 1, 3, 3, 2, 1, 1, 4, 100, 100, 
100, 100, 100, 100, 100, 100, 100, 100, 100, 2500, 2500, 2500, 
2500, 2500, 2500, 2500, 2500, 2500, 2500, 2500, 91154.331, 114843.923, 
148317.923, 187047.842, 219303.203, 257546.258, 326766.051, 338833.853, 
391762.509, 420092.648, 452366.114, 1, 1, 1, 1, 1, 1, 1, 1, 1, 
1, 1, 0.05, 0.05, 0.05, 0.05, 0.05, 0.05, 0.05, 0.05, 0.05, 0.05, 
0.05, 0, 0, 0, 0, 0, 0, 0, 0, 0, 0, 0, 0, 0, 0, 0, 0, 0, 0, 0, 
0, 0, 0, 0.97891, 0.97961, 0.97838, 0.979, 0.97915, 0.97982, 
0.97973, 0.97949, 0.97808, 0.97895, 0.97865, 0.97919, 0.97813, 
0.9795, 0.97879, 0.97973, 0.97819, 0.97956, 0.97838, 0.97883, 
0.97909, 0.97878, 0.7027, 0.8751, 0.9876, 1.0903, 1.2956, 1.4204, 
1.8926, 1.678, 2.1608, 2.1816, 2.2289, 341.3, 361.4, 378.1, 396.4, 
420.6, 441.1, 458.3, 477.8, 505.6, 523.9, 543.7, 1, 1, 1, 1, 
1, 1, 1, 1, 1, 1, 1, 1, 1, 1, 1, 1, 1, 1, 1, 1, 1, 1, 1, 1, 1, 
1, 1, 1, 1, 1, 1, 1, 1, 1, 1, 1, 1, 1, 1, 1, 1, 1, 1, 1, 10.637, 
12.554, 13.297, 14.418, 16.699, 17.984, 24.164, 20.686, 26.629, 
25.908, 26.365), .Dim = c(11L, 40L), .Dimnames = list(NULL, c("Sampling", 
"PSO.cost", "PSO.gamma", "PSO.data.balancing", "PSO.feature.selection", 
"PSO.valid.acc", "PSO.test.acc", "PSO.train.time", "PSO.n.support.vectors", 
"PSO.index", "PSO.n.solutions", "PSO.generations", "PSO.n.evaluations", 
"PSO.cpu.time", "RS.cost", "RS.gamma", "RS.data.balancing", "RS.feature.selection", 
"RS.valid.acc", "RS.test.acc", "RS.train.time", "RS.n.support.vectors", 
"RS.index", "RS.n.solutions", "RS.generations", "RS.n.evaluations", 
"RS.cpu.time", "DF.cost", "DF.gamma", "DF.data.balancing", "DF.feature.selection", 
"DF.valid.acc", "DF.test.acc", "DF.train.time", "DF.n.support.vectors", 
"DF.index", "DF.n.solutions", "DF.generations", "DF.n.evaluations", 
"DF.cpu.time")))
