full <-
structure(c(50, 55, 60, 65, 70, 75, 80, 85, 90, 95, 100, 5.62467, 
0.21133, 0.20216, 10.19035, 9.54799, 7.81772, 10.37947, 0.39423, 
10.97768, -0.00786, 0.6831, -3.60421, -3.71216, -4.20756, -3.28573, 
-3.94208, -3.6732, -3.49888, -4.1411, -3.80187, -3.7505, -4.29529, 
0, 0, 0, 0, 0, 0, 0, 0, 0, 0, 0, 0, 0, 0, 0, 0, 0, 0, 0, 0, 0, 
0, 0.22929, 0.24442, 0.24655, 0.23943, 0.24555, 0.23561, 0.24379, 
0.26986, 0.25503, 0.25641, 0.25443, 0.23199, 0.22278, 0.22211, 
0.24126, 0.23984, 0.22499, 0.23376, 0.25445, 0.25362, 0.25089, 
0.24384, 0.1555, 0.1661, 0.1916, 0.2325, 0.2696, 0.3104, 0.3302, 
0.3631, 0.4208, 0.4491, 0.5061, 300, 330.4, 360.8, 391.2, 421.6, 
452, 482.4, 512.8, 543.2, 573.6, 600, 293, 614, 1760, 499, 295, 
281, 537, 1818, 533, 638, 304, 591, 19, 21, 354, 288, 707, 467, 
8, 711, 18, 198, 100, 100, 100, 100, 100, 100, 100, 100, 100, 
100, 100, 2500, 2500, 2500, 2500, 2500, 2500, 2500, 2500, 2500, 
2500, 2500, 10311.949, 10892.767, 11713.388, 12679.014, 13181.451, 
14149.827, 15268.62, 16111.124, 17328.074, 18651.845, 19759.695, 
5.4019, 5.76764, -0.75435, -0.56323, 1.85582, 11.03895, 14.6911, 
6.59189, 9.64873, 7.6642, 1.00807, -10.11423, -3.72118, -5.12376, 
-4.56111, -3.98016, -3.67032, -3.49864, -4.09221, -3.80142, -3.41221, 
-4.11708, 0, 0, 0, 0, 0, 0, 0, 0, 0, 0, 0, 0, 0, 0, 0, 0, 0, 
0, 0, 0, 0, 0, 0.23179, 0.23954, 0.24165, 0.24147, 0.24552, 0.23561, 
0.24379, 0.26676, 0.25503, 0.25375, 0.25308, 0.15693, 0.22528, 
0.23267, 0.23102, 0.23595, 0.22499, 0.23376, 0.25906, 0.25362, 
0.25089, 0.2398, 0.1356, 0.1679, 0.1865, 0.2192, 0.2701, 0.2954, 
0.3412, 0.3668, 0.4314, 0.4663, 0.5105, 297.2, 330.4, 360.8, 
391.2, 421.6, 452, 482.4, 512.8, 543.2, 573.6, 600, 389, 279, 
359, 788, 1272, 470, 777, 974, 2431, 1703, 1252, 1, 2, 1, 1, 
1, 2, 1, 1, 1, 1, 2, 100, 100, 100, 100, 100, 100, 100, 100, 
100, 100, 100, 2500, 2500, 2500, 2500, 2500, 2500, 2500, 2500, 
2500, 2500, 2500, 10596.533, 11353.767, 12331.473, 13310.98, 
14199.219, 15524.373, 16529.933, 17683.098, 19257.157, 20892.296, 
22350.338, 1, 1, 1, 1, 1, 1, 1, 1, 1, 1, 1, 0.025, 0.025, 0.025, 
0.025, 0.025, 0.025, 0.025, 0.025, 0.025, 0.025, 0.025, 0, 0, 
0, 0, 0, 0, 0, 0, 0, 0, 0, 0, 0, 0, 0, 0, 0, 0, 0, 0, 0, 0, 0.22693, 
0.211, 0.2128, 0.20894, 0.22676, 0.21264, 0.22392, 0.25274, 0.23145, 
0.22311, 0.24242, 0.22111, 0.20366, 0.21797, 0.2171, 0.22833, 
0.22132, 0.22045, 0.24973, 0.24173, 0.2358, 0.2307, 0.1403, 0.1671, 
0.1888, 0.2285, 0.2469, 0.277, 0.325, 0.3437, 0.3906, 0.4508, 
0.4622, 300, 330.4, 360.8, 391.1, 421.3, 452, 482.4, 512.5, 543.1, 
573.4, 599.7, 1, 1, 1, 1, 1, 1, 1, 1, 1, 1, 1, 1, 1, 1, 1, 1, 
1, 1, 1, 1, 1, 1, 1, 1, 1, 1, 1, 1, 1, 1, 1, 1, 1, 1, 1, 1, 1, 
1, 1, 1, 1, 1, 1, 1, 4.042, 4.354, 4.601, 5.018, 5.085, 5.422, 
6.072, 6.034, 6.565, 7.355, 7.219), .Dim = c(11L, 40L), .Dimnames = list(
    NULL, c("Sampling", "PSO.cost", "PSO.gamma", "PSO.data.balancing", 
    "PSO.feature.selection", "PSO.valid.acc", "PSO.test.acc", 
    "PSO.train.time", "PSO.n.support.vectors", "PSO.index", "PSO.n.solutions", 
    "PSO.generations", "PSO.n.evaluations", "PSO.cpu.time", "RS.cost", 
    "RS.gamma", "RS.data.balancing", "RS.feature.selection", 
    "RS.valid.acc", "RS.test.acc", "RS.train.time", "RS.n.support.vectors", 
    "RS.index", "RS.n.solutions", "RS.generations", "RS.n.evaluations", 
    "RS.cpu.time", "DF.cost", "DF.gamma", "DF.data.balancing", 
    "DF.feature.selection", "DF.valid.acc", "DF.test.acc", "DF.train.time", 
    "DF.n.support.vectors", "DF.index", "DF.n.solutions", "DF.generations", 
    "DF.n.evaluations", "DF.cpu.time")))
