full <-
structure(c(50, 55, 60, 65, 70, 75, 80, 85, 90, 95, 100, -1.47192, 
-1.3181, 6.00296, 0.92569, -0.42661, 1.02893, -0.4934, 2.82286, 
0.40995, 2.0678, 7.75345, -5.81951, -6.45262, -15, -8.11474, 
-6.74479, -8.77997, -6.11369, -3.46552, -3.89379, -3.48903, -3.5343, 
0, 0, 0, 0, 0, 0, 0, 0, 0, 0, 0, 0, 0, 0, 0, 0, 0, 0, 0, 0, 0, 
0, 0.26926, 0.25445, 0.27291, 0.25996, 0.26366, 0.25694, 0.26235, 
0.24958, 0.2567, 0.24961, 0.24023, 0.25858, 0.24939, 0.24415, 
0.245, 0.2602, 0.23908, 0.2522, 0.23861, 0.2375, 0.24409, 0.231, 
0.1378, 0.1598, 0.1857, 0.2128, 0.2425, 0.2703, 0.3097, 0.3723, 
0.4151, 0.4575, 0.4885, 299.9, 330.2, 360.2, 386.9, 420, 448.3, 
481.1, 512.8, 543.2, 573.6, 600, 1803, 1958, 393, 361, 961, 634, 
1792, 578, 931, 433, 485, 16, 5, 66, 75, 71, 40, 24, 262, 101, 
963, 235, 100, 100, 100, 100, 100, 100, 100, 100, 100, 100, 100, 
2500, 2500, 2500, 2500, 2500, 2500, 2500, 2500, 2500, 2500, 2500, 
10112.969, 10796.835, 11424.945, 12027.057, 12955.043, 13800.172, 
14720.567, 16366.769, 17592.271, 18725.458, 19778.396, -0.85589, 
-1.05454, 2.44309, -0.68226, -0.561, 0.12561, -0.44151, 10.05217, 
4.60212, 1.2069, 7.59011, -5.25494, -7.11357, -11.41254, -7.40622, 
-6.60217, -4.7957, -6.15955, -3.46615, -3.87766, -3.51898, -3.53118, 
0, 0, 0, 0, 0, 0, 0, 0, 0, 0, 0, 0, 0, 0, 0, 0, 0, 0, 0, 0, 0, 
0, 0.26136, 0.25195, 0.27291, 0.25779, 0.26181, 0.2585, 0.26071, 
0.24797, 0.25517, 0.24959, 0.24023, 0.26705, 0.24701, 0.24193, 
0.25486, 0.25653, 0.23717, 0.25382, 0.23861, 0.23897, 0.24824, 
0.22963, 0.1446, 0.1596, 0.1859, 0.2062, 0.2473, 0.2873, 0.3208, 
0.3749, 0.4109, 0.4582, 0.4906, 299.8, 330.2, 360.2, 390.2, 420.5, 
452, 481.1, 512.8, 543.2, 573.6, 600, 2095, 1468, 2126, 1980, 
1736, 1873, 1078, 420, 689, 209, 740, 1, 1, 1, 1, 6, 1, 1, 3, 
3, 2, 2, 100, 100, 100, 100, 100, 100, 100, 100, 100, 100, 100, 
2500, 2500, 2500, 2500, 2500, 2500, 2500, 2500, 2500, 2500, 2500, 
10545.603, 11374.048, 12216.369, 13159.414, 14319.005, 15488.144, 
16667.717, 18165.517, 19226.364, 20950.197, 22379.205, 1, 1, 
1, 1, 1, 1, 1, 1, 1, 1, 1, 0.025, 0.025, 0.025, 0.025, 0.025, 
0.025, 0.025, 0.025, 0.025, 0.025, 0.025, 0, 0, 0, 0, 0, 0, 0, 
0, 0, 0, 0, 0, 0, 0, 0, 0, 0, 0, 0, 0, 0, 0, 0.25567, 0.23267, 
0.24411, 0.23545, 0.24086, 0.24794, 0.24904, 0.23558, 0.22408, 
0.21052, 0.2203, 0.23963, 0.23517, 0.24184, 0.24082, 0.25059, 
0.23363, 0.26385, 0.22928, 0.22861, 0.22177, 0.22579, 0.1413, 
0.1669, 0.1964, 0.2281, 0.2471, 0.2833, 0.327, 0.3533, 0.3947, 
0.434, 0.4663, 299.7, 330.1, 360.4, 390.4, 421.4, 451.4, 482, 
512.3, 543.1, 573.4, 599.6, 1, 1, 1, 1, 1, 1, 1, 1, 1, 1, 1, 
1, 1, 1, 1, 1, 1, 1, 1, 1, 1, 1, 1, 1, 1, 1, 1, 1, 1, 1, 1, 1, 
1, 1, 1, 1, 1, 1, 1, 1, 1, 1, 1, 1, 3.915, 4.315, 4.524, 4.873, 
4.962, 5.629, 5.948, 6.392, 6.866, 7.238, 7.632), .Dim = c(11L, 
40L), .Dimnames = list(NULL, c("Sampling", "PSO.cost", "PSO.gamma", 
"PSO.data.balancing", "PSO.feature.selection", "PSO.valid.acc", 
"PSO.test.acc", "PSO.train.time", "PSO.n.support.vectors", "PSO.index", 
"PSO.n.solutions", "PSO.generations", "PSO.n.evaluations", "PSO.cpu.time", 
"RS.cost", "RS.gamma", "RS.data.balancing", "RS.feature.selection", 
"RS.valid.acc", "RS.test.acc", "RS.train.time", "RS.n.support.vectors", 
"RS.index", "RS.n.solutions", "RS.generations", "RS.n.evaluations", 
"RS.cpu.time", "DF.cost", "DF.gamma", "DF.data.balancing", "DF.feature.selection", 
"DF.valid.acc", "DF.test.acc", "DF.train.time", "DF.n.support.vectors", 
"DF.index", "DF.n.solutions", "DF.generations", "DF.n.evaluations", 
"DF.cpu.time")))
