full <-
structure(c(50, 55, 60, 65, 70, 75, 80, 85, 90, 95, 100, 1, 0.9743, 
1.11351, 0.07313, 5.56118, 3.60434, 5.41462, 12.81582, 0.70398, 
0.44022, 11.14962, 0.025, -7.59433, -8.4066, -4.75355, -3.5701, 
-11.24397, -3.47219, -3.62892, -3.76793, -3.78146, -4.08152, 
0, 0, 0, 0, 0, 0, 0, 0, 0, 0, 0, 0, 0, 0, 0, 0, 0, 0, 0, 0, 0, 
0, 0.2586, 0.26877, 0.25041, 0.26155, 0.24895, 0.24986, 0.25395, 
0.26196, 0.2634, 0.25421, 0.24901, 0.23711, 0.25174, 0.22673, 
0.2391, 0.25113, 0.23944, 0.24864, 0.25258, 0.24984, 0.24297, 
0.23593, 0.1432, 0.1583, 0.1832, 0.2234, 0.2653, 0.2662, 0.3425, 
0.3699, 0.4229, 0.4641, 0.5011, 299.9, 328.7, 358.7, 391.2, 421.6, 
448.8, 482.4, 512.8, 543.2, 573.6, 600, 1, 2260, 1530, 1368, 
137, 466, 1149, 155, 462, 2151, 385, 1, 1, 28, 15, 657, 29, 71, 
741, 650, 7, 514, 100, 100, 100, 100, 100, 100, 100, 100, 100, 
100, 100, 2500, 2500, 2500, 2500, 2500, 2500, 2500, 2500, 2500, 
2500, 2500, 10308.717, 10583.904, 11183.114, 12155.608, 13053.409, 
14223.55, 15063.777, 16181.122, 17514.789, 18630.294, 19654.512, 
12.81157, 0.9415, 3.20984, -0.03597, 13.75856, 1.96299, 14.86537, 
2.89091, 5.08286, 4.19413, 2.28897, -4.87795, -7.54196, -10.80503, 
-4.93054, -3.57254, -9.51076, -3.48181, -3.63102, -3.77983, -3.78654, 
-4.07638, 0, 0, 0, 0, 0, 0, 0, 0, 0, 0, 0, 0, 0, 0, 0, 0, 0, 
0, 0, 0, 0, 0, 0.25824, 0.26395, 0.24383, 0.25546, 0.24895, 0.25165, 
0.25223, 0.26196, 0.26195, 0.25143, 0.24766, 0.22665, 0.25174, 
0.22219, 0.2411, 0.2492, 0.23944, 0.24534, 0.25258, 0.24984, 
0.24438, 0.23593, 0.1461, 0.1577, 0.181, 0.2224, 0.2634, 0.2632, 
0.3472, 0.3796, 0.4171, 0.4664, 0.5021, 300, 328.7, 358.7, 391.2, 
421.6, 449.1, 482.4, 512.8, 543.2, 573.6, 600, 1053, 443, 347, 
416, 977, 494, 1144, 1590, 1860, 877, 448, 4, 1, 3, 1, 4, 2, 
1, 1, 2, 1, 1, 100, 100, 100, 100, 100, 100, 100, 100, 100, 100, 
100, 2500, 2500, 2500, 2500, 2500, 2500, 2500, 2500, 2500, 2500, 
2500, 10542.114, 11095.491, 11979.386, 13003.514, 14073.633, 
15397.835, 16463.864, 18085.098, 19239.892, 20606.795, 22010.2290000001, 
1, 1, 1, 1, 1, 1, 1, 1, 1, 1, 1, 0.025, 0.025, 0.025, 0.025, 
0.025, 0.025, 0.025, 0.025, 0.025, 0.025, 0.025, 0, 0, 0, 0, 
0, 0, 0, 0, 0, 0, 0, 0, 0, 0, 0, 0, 0, 0, 0, 0, 0, 0, 0.2586, 
0.24663, 0.22862, 0.25751, 0.24503, 0.24268, 0.24067, 0.23708, 
0.24131, 0.24425, 0.2237, 0.23711, 0.24692, 0.22896, 0.24114, 
0.23908, 0.23574, 0.24045, 0.2434, 0.23126, 0.24145, 0.23857, 
0.1436, 0.1654, 0.1937, 0.2215, 0.2505, 0.2869, 0.3242, 0.3606, 
0.4017, 0.4419, 0.4836, 299.9, 330.4, 360.7, 391.2, 421.6, 451.8, 
482, 512.1, 542.7, 573.4, 599.9, 1, 1, 1, 1, 1, 1, 1, 1, 1, 1, 
1, 1, 1, 1, 1, 1, 1, 1, 1, 1, 1, 1, 1, 1, 1, 1, 1, 1, 1, 1, 1, 
1, 1, 1, 1, 1, 1, 1, 1, 1, 1, 1, 1, 1, 4.06, 4.156, 4.443, 4.778, 
5.086, 5.573, 5.961, 6.318, 6.744, 7.186, 7.623), .Dim = c(11L, 
40L), .Dimnames = list(NULL, c("Sampling", "PSO.cost", "PSO.gamma", 
"PSO.data.balancing", "PSO.feature.selection", "PSO.valid.acc", 
"PSO.test.acc", "PSO.train.time", "PSO.n.support.vectors", "PSO.index", 
"PSO.n.solutions", "PSO.generations", "PSO.n.evaluations", "PSO.cpu.time", 
"RS.cost", "RS.gamma", "RS.data.balancing", "RS.feature.selection", 
"RS.valid.acc", "RS.test.acc", "RS.train.time", "RS.n.support.vectors", 
"RS.index", "RS.n.solutions", "RS.generations", "RS.n.evaluations", 
"RS.cpu.time", "DF.cost", "DF.gamma", "DF.data.balancing", "DF.feature.selection", 
"DF.valid.acc", "DF.test.acc", "DF.train.time", "DF.n.support.vectors", 
"DF.index", "DF.n.solutions", "DF.generations", "DF.n.evaluations", 
"DF.cpu.time")))
