full <-
structure(c(50, 55, 60, 65, 70, 75, 80, 85, 90, 95, 100, -0.60692, 
9.09049, 2.78302, 15, 0.39788, -0.86324, 2.98287, 3.26679, 0.61834, 
-0.33556, 3.95282, -5.60175, -3.29441, -10.16844, -3.16842, -4.05842, 
-4.72097, -4.32641, -3.43138, -8.24019, -5.15476, -3.49636, 0, 
0, 0, 0, 0, 0, 0, 0, 0, 0, 0, 0, 0, 0, 0, 0, 0, 0, 0, 0, 0, 0, 
0.26665, 0.24508, 0.26629, 0.24307, 0.24318, 0.23175, 0.24209, 
0.2311, 0.24897, 0.24963, 0.25469, 0.23436, 0.23038, 0.25513, 
0.21641, 0.21828, 0.21768, 0.21555, 0.22783, 0.24153, 0.23282, 
0.24666, 0.1365, 0.176, 0.183, 0.2396, 0.2629, 0.2841, 0.3328, 
0.3776, 0.3761, 0.4414, 0.5261, 300, 330.4, 358.4, 391.2, 421.6, 
452, 482.4, 512.8, 541.3, 573.6, 600, 1314, 67, 348, 973, 1875, 
2461, 303, 1787, 1371, 1740, 216, 103, 299, 50, 54, 15, 1, 634, 
35, 15, 59, 807, 100, 100, 100, 100, 100, 100, 100, 100, 100, 
100, 100, 2500, 2500, 2500, 2500, 2500, 2500, 2500, 2500, 2500, 
2500, 2500, 10220.174, 10935.886, 11524.812, 12718.432, 13326.786, 
14127.848, 15017.519, 15990.025, 16812.048, 18176.928, 20025.579, 
-0.44921, 1.76919, -0.09835, 0.72751, 6.87694, 0.3417, 13.2033, 
6.89257, 0.82678, -0.17363, 9.24466, -5.3648, -3.2936, -5.91706, 
-3.16856, -4.06534, -4.2449, -4.32666, -3.44665, -8.35485, -4.56333, 
-3.51678, 0, 0, 0, 0, 0, 0, 0, 0, 0, 0, 0, 0, 0, 0, 0, 0, 0, 
0, 0, 0, 0, 0, 0.26402, 0.24508, 0.26832, 0.24307, 0.2394, 0.22837, 
0.24209, 0.23108, 0.24609, 0.24681, 0.25334, 0.23436, 0.23038, 
0.24855, 0.21641, 0.21639, 0.23524, 0.21555, 0.22629, 0.23863, 
0.24257, 0.24666, 0.1419, 0.1768, 0.1918, 0.2433, 0.2588, 0.2968, 
0.3303, 0.377, 0.3839, 0.4371, 0.4966, 300, 330.4, 360.5, 391.2, 
421.6, 452, 482.4, 512.8, 540.7, 573.6, 600, 2269, 331, 503, 
476, 1437, 2435, 190, 1821, 2043, 406, 986, 1, 6, 1, 2, 1, 1, 
1, 1, 1, 1, 1, 100, 100, 100, 100, 100, 100, 100, 100, 100, 100, 
100, 2500, 2500, 2500, 2500, 2500, 2500, 2500, 2500, 2500, 2500, 
2500, 10694.454, 11471.274, 12238.76, 13346.713, 14391.563, 15396.348, 
16655.617, 17769.623, 19096.863, 21042.156, 22254.876, 1, 1, 
1, 1, 1, 1, 1, 1, 1, 1, 1, 0.025, 0.025, 0.025, 0.025, 0.025, 
0.025, 0.025, 0.025, 0.025, 0.025, 0.025, 0, 0, 0, 0, 0, 0, 0, 
0, 0, 0, 0, 0, 0, 0, 0, 0, 0, 0, 0, 0, 0, 0, 0.23968, 0.23008, 
0.25497, 0.22432, 0.22235, 0.21922, 0.22542, 0.21872, 0.22391, 
0.23296, 0.2373, 0.23442, 0.23044, 0.23738, 0.23058, 0.228, 0.22633, 
0.21047, 0.2028, 0.23432, 0.22725, 0.24395, 0.146, 0.1679, 0.1937, 
0.2298, 0.2491, 0.2841, 0.3246, 0.3563, 0.4053, 0.4478, 0.4854, 
300, 330.2, 360.8, 391.2, 421.6, 452, 482.4, 512.8, 543.1, 573.6, 
599.7, 1, 1, 1, 1, 1, 1, 1, 1, 1, 1, 1, 1, 1, 1, 1, 1, 1, 1, 
1, 1, 1, 1, 1, 1, 1, 1, 1, 1, 1, 1, 1, 1, 1, 1, 1, 1, 1, 1, 1, 
1, 1, 1, 1, 1, 4.172, 4.23, 4.671, 5.06, 5.268, 5.428, 5.887, 
6.35, 6.721, 7.351, 7.576), .Dim = c(11L, 40L), .Dimnames = list(
    NULL, c("Sampling", "PSO.cost", "PSO.gamma", "PSO.data.balancing", 
    "PSO.feature.selection", "PSO.valid.acc", "PSO.test.acc", 
    "PSO.train.time", "PSO.n.support.vectors", "PSO.index", "PSO.n.solutions", 
    "PSO.generations", "PSO.n.evaluations", "PSO.cpu.time", "RS.cost", 
    "RS.gamma", "RS.data.balancing", "RS.feature.selection", 
    "RS.valid.acc", "RS.test.acc", "RS.train.time", "RS.n.support.vectors", 
    "RS.index", "RS.n.solutions", "RS.generations", "RS.n.evaluations", 
    "RS.cpu.time", "DF.cost", "DF.gamma", "DF.data.balancing", 
    "DF.feature.selection", "DF.valid.acc", "DF.test.acc", "DF.train.time", 
    "DF.n.support.vectors", "DF.index", "DF.n.solutions", "DF.generations", 
    "DF.n.evaluations", "DF.cpu.time")))
