full <-
structure(c(50, 55, 60, 65, 70, 75, 80, 85, 90, 95, 100, 0.41827, 
0.43689, 0.4295, 7.08776, 11.76302, 0.11089, 9.30844, 2.40758, 
0.2251, 1.45156, 0.99324, -5.34171, -4.18911, -4.41861, -3.4442, 
-3.6359, -4.35425, -3.74905, -4.19907, -4.20161, -3.51171, -3.49266, 
0, 0, 0, 0, 0, 0, 0, 0, 0, 0, 0, 0, 0, 0, 0, 0, 0, 0, 0, 0, 0, 
0, 0.25093, 0.24776, 0.25374, 0.2432, 0.23906, 0.25833, 0.2541, 
0.24953, 0.25167, 0.25128, 0.24823, 0.21854, 0.20397, 0.23351, 
0.22687, 0.23732, 0.23172, 0.24221, 0.24003, 0.23681, 0.24296, 
0.24006, 0.1428, 0.1676, 0.1943, 0.2288, 0.2685, 0.2962, 0.3352, 
0.388, 0.4325, 0.4834, 0.5262, 300, 330.4, 360.8, 391.2, 421.6, 
452, 482.4, 512.8, 543.2, 573.6, 600, 520, 1536, 2422, 487, 506, 
1799, 556, 469, 290, 592, 81, 394, 12, 1, 107, 359, 59, 537, 
511, 50, 687, 834, 100, 100, 100, 100, 100, 100, 100, 100, 100, 
100, 100, 2500, 2500, 2500, 2500, 2500, 2500, 2500, 2500, 2500, 
2500, 2500, 10039.141, 10817.044, 11558.578, 12236.538, 13033.641, 
16101.872, 15259.088, 18808.981, 19564.039, 20812.946, 21741.505, 
0.41522, 8.76233, 1.6766, 14.48575, 12.78742, 9.27344, 11.57833, 
14.01795, 13.57311, 8.48965, 4.13391, -5.39731, -4.19451, -4.38861, 
-3.44865, -3.744, -3.75702, -3.74201, -4.1889, -3.89768, -3.51026, 
-3.4961, 0, 0, 0, 0, 0, 0, 0, 0, 0, 0, 0, 0, 0, 0, 0, 0, 0, 0, 
0, 0, 0, 0, 0.25093, 0.2455, 0.25147, 0.2432, 0.23731, 0.2513, 
0.25244, 0.24953, 0.2486, 0.25128, 0.24823, 0.22111, 0.20659, 
0.22708, 0.22687, 0.23347, 0.244, 0.24221, 0.23847, 0.24278, 
0.24296, 0.24006, 0.1409, 0.1691, 0.1958, 0.2312, 0.2572, 0.2935, 
0.328, 0.3689, 0.4172, 0.4856, 0.5129, 300, 330.4, 360.8, 391.2, 
421.6, 452, 482.4, 512.8, 543.2, 573.6, 600, 2402, 1694, 97, 
2484, 275, 540, 77, 356, 846, 457, 1736, 1, 1, 7, 1, 11, 1, 8, 
6, 4, 2, 3, 100, 100, 100, 100, 100, 100, 100, 100, 100, 100, 
100, 2500, 2500, 2500, 2500, 2500, 2500, 2500, 2500, 2500, 2500, 
2500, 10591.789, 11263.524, 12232.32, 13178.776, 14160.457, 15939.712, 
18234.204, 20179.988, 21592.386, 23169.116, 24356.874, 1, 1, 
1, 1, 1, 1, 1, 1, 1, 1, 1, 0.025, 0.025, 0.025, 0.025, 0.025, 
0.025, 0.025, 0.025, 0.025, 0.025, 0.025, 0, 0, 0, 0, 0, 0, 0, 
0, 0, 0, 0, 0, 0, 0, 0, 0, 0, 0, 0, 0, 0, 0, 0.22978, 0.21493, 
0.23754, 0.23286, 0.21837, 0.2421, 0.23101, 0.2338, 0.23396, 
0.23835, 0.22518, 0.21826, 0.20952, 0.20941, 0.22687, 0.21463, 
0.22806, 0.23738, 0.22909, 0.22213, 0.23146, 0.2507, 0.1387, 
0.1631, 0.1881, 0.2187, 0.254, 0.2826, 0.3344, 0.364, 0.3977, 
0.4538, 0.481, 300, 330.4, 360.8, 391.1, 421.4, 451.8, 482.2, 
512.4, 543.1, 573.5, 599.5, 1, 1, 1, 1, 1, 1, 1, 1, 1, 1, 1, 
1, 1, 1, 1, 1, 1, 1, 1, 1, 1, 1, 1, 1, 1, 1, 1, 1, 1, 1, 1, 1, 
1, 1, 1, 1, 1, 1, 1, 1, 1, 1, 1, 1, 4.004, 4.21, 4.496, 4.719, 
5.222, 5.456, 7.03, 7.199, 7.313, 8.101, 8.226), .Dim = c(11L, 
40L), .Dimnames = list(NULL, c("Sampling", "PSO.cost", "PSO.gamma", 
"PSO.data.balancing", "PSO.feature.selection", "PSO.valid.acc", 
"PSO.test.acc", "PSO.train.time", "PSO.n.support.vectors", "PSO.index", 
"PSO.n.solutions", "PSO.generations", "PSO.n.evaluations", "PSO.cpu.time", 
"RS.cost", "RS.gamma", "RS.data.balancing", "RS.feature.selection", 
"RS.valid.acc", "RS.test.acc", "RS.train.time", "RS.n.support.vectors", 
"RS.index", "RS.n.solutions", "RS.generations", "RS.n.evaluations", 
"RS.cpu.time", "DF.cost", "DF.gamma", "DF.data.balancing", "DF.feature.selection", 
"DF.valid.acc", "DF.test.acc", "DF.train.time", "DF.n.support.vectors", 
"DF.index", "DF.n.solutions", "DF.generations", "DF.n.evaluations", 
"DF.cpu.time")))
