full <-
structure(c(50, 55, 60, 65, 70, 75, 80, 85, 90, 95, 100, 5.75967, 
0.26171, 8.65936, 2.16421, 0.04856, 12.49316, 0.47498, 6.8182, 
10.20831, 2.13831, 0.28817, -4.12195, -3.96039, -4.0877, -3.95299, 
-3.02063, -4.38409, -4.10714, -3.62073, -3.4096, -3.64735, -4.28788, 
0, 0, 0, 0, 0, 0, 0, 0, 0, 0, 0, 0, 0, 0, 0, 0, 0, 0, 0, 0, 0, 
0, 0.2809, 0.2616, 0.26807, 0.26643, 0.26204, 0.26726, 0.25719, 
0.2701, 0.2548, 0.25816, 0.25729, 0.27534, 0.2637, 0.25478, 0.26664, 
0.25232, 0.25304, 0.24697, 0.26212, 0.24742, 0.2566, 0.25069, 
0.1483, 0.1734, 0.1984, 0.2248, 0.2652, 0.2984, 0.3398, 0.3747, 
0.4215, 0.4652, 0.483, 300, 330.4, 360.8, 391.2, 421.6, 452, 
482.4, 512.8, 543.2, 573.6, 600, 310, 542, 369, 237, 1256, 436, 
483, 156, 180, 206, 1277, 347, 233, 1035, 314, 19, 735, 40, 324, 
317, 722, 43, 100, 100, 100, 100, 100, 100, 100, 100, 100, 100, 
100, 2500, 2500, 2500, 2500, 2500, 2500, 2500, 2500, 2500, 2500, 
2500, 9919.492, 10537.661, 11231.775, 11995.698, 12918.114, 13801.665, 
15035.895, 16275.554, 17280.686, 18434.373, 19368.499, 10.43575, 
5.35528, 13.5028, 5.67808, 1.52807, 7.95118, 3.84644, 6.52682, 
6.58283, 10.42875, 13.78827, -4.13595, -3.95083, -4.09166, -4.03925, 
-3.00717, -4.38402, -3.91134, -3.62067, -3.37996, -3.63565, -4.0263, 
0, 0, 0, 0, 0, 0, 0, 0, 0, 0, 0, 0, 0, 0, 0, 0, 0, 0, 0, 0, 0, 
0, 0.27827, 0.25922, 0.26807, 0.26639, 0.26022, 0.26726, 0.25711, 
0.2701, 0.2548, 0.25816, 0.25592, 0.27534, 0.26127, 0.25478, 
0.26256, 0.24854, 0.25304, 0.24853, 0.26212, 0.24746, 0.2566, 
0.24942, 0.147, 0.1784, 0.2018, 0.2308, 0.2666, 0.2966, 0.3349, 
0.3724, 0.4221, 0.4664, 0.5137, 300, 330.4, 360.8, 391.2, 421.6, 
452, 482.4, 512.8, 543.2, 573.6, 600, 433, 1427, 1934, 468, 214, 
1534, 343, 1779, 121, 819, 1546, 8, 4, 1, 3, 5, 2, 3, 1, 5, 2, 
2, 100, 100, 100, 100, 100, 100, 100, 100, 100, 100, 100, 2500, 
2500, 2500, 2500, 2500, 2500, 2500, 2500, 2500, 2500, 2500, 10198.029, 
10944.039, 12056.717, 12815.625, 13787.488, 15121.377, 16475.833, 
17818.993, 19118.785, 20957.889, 22469.114, 1, 1, 1, 1, 1, 1, 
1, 1, 1, 1, 1, 0.025, 0.025, 0.025, 0.025, 0.025, 0.025, 0.025, 
0.025, 0.025, 0.025, 0.025, 0, 0, 0, 0, 0, 0, 0, 0, 0, 0, 0, 
0, 0, 0, 0, 0, 0, 0, 0, 0, 0, 0, 0.25391, 0.22988, 0.23261, 0.23524, 
0.23927, 0.22991, 0.23226, 0.25599, 0.24473, 0.23736, 0.2411, 
0.25339, 0.23721, 0.2371, 0.26427, 0.247, 0.22979, 0.24227, 0.26063, 
0.24316, 0.23414, 0.24121, 0.1446, 0.1654, 0.1879, 0.2263, 0.2536, 
0.294, 0.3232, 0.36, 0.4013, 0.4347, 0.4746, 299.9, 330.4, 360.4, 
390.9, 421.3, 451.8, 482, 512.4, 543, 573.4, 599.7, 1, 1, 1, 
1, 1, 1, 1, 1, 1, 1, 1, 1, 1, 1, 1, 1, 1, 1, 1, 1, 1, 1, 1, 1, 
1, 1, 1, 1, 1, 1, 1, 1, 1, 1, 1, 1, 1, 1, 1, 1, 1, 1, 1, 1, 3.969, 
4.199, 4.423, 4.752, 5.036, 5.589, 5.999, 6.283, 6.719, 7.169, 
7.644), .Dim = c(11L, 40L), .Dimnames = list(NULL, c("Sampling", 
"PSO.cost", "PSO.gamma", "PSO.data.balancing", "PSO.feature.selection", 
"PSO.valid.acc", "PSO.test.acc", "PSO.train.time", "PSO.n.support.vectors", 
"PSO.index", "PSO.n.solutions", "PSO.generations", "PSO.n.evaluations", 
"PSO.cpu.time", "RS.cost", "RS.gamma", "RS.data.balancing", "RS.feature.selection", 
"RS.valid.acc", "RS.test.acc", "RS.train.time", "RS.n.support.vectors", 
"RS.index", "RS.n.solutions", "RS.generations", "RS.n.evaluations", 
"RS.cpu.time", "DF.cost", "DF.gamma", "DF.data.balancing", "DF.feature.selection", 
"DF.valid.acc", "DF.test.acc", "DF.train.time", "DF.n.support.vectors", 
"DF.index", "DF.n.solutions", "DF.generations", "DF.n.evaluations", 
"DF.cpu.time")))
