full <-
structure(c(50, 55, 60, 65, 70, 75, 80, 85, 90, 95, 100, 0.02161, 
-0.0047, 0.47888, 0.38066, 0.14359, 5.74591, 7.15578, 2.94018, 
0.2745, 5.64214, 0.11882, -3.83797, -3.81044, -4.29687, -4.39201, 
-3.93776, -3.7476, -4.15986, -3.52939, -3.82313, -4.11888, -3.88191, 
0, 0, 0, 0, 0, 0, 0, 0, 0, 0, 0, 0, 0, 0, 0, 0, 0, 0, 0, 0, 0, 
0, 0.24262, 0.25396, 0.23983, 0.2515, 0.25795, 0.25466, 0.26397, 
0.25743, 0.262, 0.26104, 0.25199, 0.22911, 0.25165, 0.23301, 
0.23888, 0.24296, 0.25481, 0.25241, 0.2387, 0.24746, 0.24983, 
0.24406, 0.1427, 0.1693, 0.195, 0.2289, 0.2531, 0.293, 0.3287, 
0.3818, 0.4194, 0.4635, 0.4884, 300, 330.4, 360.8, 391.2, 421.6, 
452, 482.4, 512.8, 543.2, 573.6, 600, 1278, 1874, 1947, 949, 
1665, 208, 221, 1404, 1149, 146, 284, 37, 15, 15, 59, 6, 853, 
880, 53, 72, 820, 179, 100, 100, 100, 100, 100, 100, 100, 100, 
100, 100, 100, 2500, 2500, 2500, 2500, 2500, 2500, 2500, 2500, 
2500, 2500, 2500, 10331.48, 11078.532, 11701.971, 12602.163, 
13264.215, 14154.833, 16203.067, 18692.945, 19672.577, 21186.956, 
22541.811, 14.73389, -0.08243, 12.35728, 0.14023, 11.48386, 1.93324, 
12.05818, 0.05428, 14.39049, 4.64013, 11.92747, -3.67811, -3.94866, 
-4.26779, -4.94897, -3.87964, -3.76189, -4.15067, -3.69037, -3.78376, 
-4.1112, -3.69647, 0, 0, 0, 0, 0, 0, 0, 0, 0, 0, 0, 0, 0, 0, 
0, 0, 0, 0, 0, 0, 0, 0, 0.23983, 0.2564, 0.23755, 0.24741, 0.25417, 
0.25466, 0.26397, 0.25584, 0.25763, 0.26104, 0.25073, 0.22647, 
0.25171, 0.22857, 0.23913, 0.24492, 0.25666, 0.25241, 0.24475, 
0.2416, 0.24983, 0.24541, 0.149, 0.1697, 0.2, 0.2206, 0.2579, 
0.2922, 0.3334, 0.3822, 0.4245, 0.4628, 0.514, 300, 330.4, 360.8, 
391.2, 421.6, 452, 482.4, 512.8, 543.2, 573.6, 600, 289, 46, 
614, 1163, 13, 211, 915, 2391, 2232, 177, 98, 1, 1, 1, 1, 15, 
2, 2, 2, 2, 1, 6, 100, 100, 100, 100, 100, 100, 100, 100, 100, 
100, 100, 2500, 2500, 2500, 2500, 2500, 2500, 2500, 2500, 2500, 
2500, 2500, 10798.942, 11647.398, 12485.886, 13334.277, 14298.008, 
15616.267, 19156.94, 20537.99, 22192.301, 23701.563, 25174.947, 
1, 1, 1, 1, 1, 1, 1, 1, 1, 1, 1, 0.025, 0.025, 0.025, 0.025, 
0.025, 0.025, 0.025, 0.025, 0.025, 0.025, 0.025, 0, 0, 0, 0, 
0, 0, 0, 0, 0, 0, 0, 0, 0, 0, 0, 0, 0, 0, 0, 0, 0, 0, 0.19985, 
0.21213, 0.20653, 0.2352, 0.2353, 0.2263, 0.25729, 0.24158, 0.23206, 
0.23881, 0.2292, 0.20527, 0.22468, 0.20648, 0.23729, 0.24495, 
0.25297, 0.24896, 0.24637, 0.23567, 0.23448, 0.23463, 0.1428, 
0.167, 0.1988, 0.2227, 0.2457, 0.281, 0.3331, 0.3618, 0.4087, 
0.4449, 0.4885, 299.9, 330.3, 360.7, 391.2, 421.5, 451.9, 482.3, 
512.6, 543.1, 573.4, 599.8, 1, 1, 1, 1, 1, 1, 1, 1, 1, 1, 1, 
1, 1, 1, 1, 1, 1, 1, 1, 1, 1, 1, 1, 1, 1, 1, 1, 1, 1, 1, 1, 1, 
1, 1, 1, 1, 1, 1, 1, 1, 1, 1, 1, 1, 4.139, 4.298, 4.698, 4.976, 
5.014, 5.582, 7.067, 7.259, 7.857, 8.134, 8.695), .Dim = c(11L, 
40L), .Dimnames = list(NULL, c("Sampling", "PSO.cost", "PSO.gamma", 
"PSO.data.balancing", "PSO.feature.selection", "PSO.valid.acc", 
"PSO.test.acc", "PSO.train.time", "PSO.n.support.vectors", "PSO.index", 
"PSO.n.solutions", "PSO.generations", "PSO.n.evaluations", "PSO.cpu.time", 
"RS.cost", "RS.gamma", "RS.data.balancing", "RS.feature.selection", 
"RS.valid.acc", "RS.test.acc", "RS.train.time", "RS.n.support.vectors", 
"RS.index", "RS.n.solutions", "RS.generations", "RS.n.evaluations", 
"RS.cpu.time", "DF.cost", "DF.gamma", "DF.data.balancing", "DF.feature.selection", 
"DF.valid.acc", "DF.test.acc", "DF.train.time", "DF.n.support.vectors", 
"DF.index", "DF.n.solutions", "DF.generations", "DF.n.evaluations", 
"DF.cpu.time")))
