full <-
structure(c(50, 55, 60, 65, 70, 75, 80, 85, 90, 95, 100, 2.95451, 
0.13782, 5.25479, 5.65247, 0.33798, 0.05596, -0.1824, 0.1585, 
10.346, 0.52003, 0.37131, -4.33659, -4.14906, -4.3356, -3.80298, 
-3.86396, -5.17823, -4.89869, -5.14581, -3.75589, -4.08035, -3.74721, 
0, 0, 0, 0, 0, 0, 0, 0, 0, 0, 0, 0, 0, 0, 0, 0, 0, 0, 0, 0, 0, 
0, 0.26967, 0.26174, 0.25626, 0.25796, 0.26359, 0.28161, 0.26697, 
0.25766, 0.25614, 0.25106, 0.24682, 0.25928, 0.25697, 0.23811, 
0.25184, 0.24835, 0.25147, 0.24522, 0.23843, 0.25041, 0.23017, 
0.24131, 0.1415, 0.1667, 0.1824, 0.2188, 0.2479, 0.2713, 0.3104, 
0.3456, 0.4055, 0.4512, 0.4893, 300, 330.4, 360.8, 391.2, 421.6, 
452, 482.4, 512.8, 543.2, 573.6, 600, 487, 2193, 1261, 181, 1809, 
1937, 1243, 2008, 682, 2296, 2203, 725, 10, 132, 806, 21, 14, 
121, 9, 39, 3, 7, 100, 100, 100, 100, 100, 100, 100, 100, 100, 
100, 100, 2500, 2500, 2500, 2500, 2500, 2500, 2500, 2500, 2500, 
2500, 2500, 9901.408, 10544.994, 11201.581, 12035.35, 12809.095, 
13498.458, 14631.594, 15922.332, 17455.627, 18456.053, 19378.306, 
5.51789, 14.91094, 8.36604, 3.41945, 6.17413, 0.2044, -0.24899, 
-0.09901, 14.14964, 0.30115, 6.06515, -4.35883, -4.57275, -4.32859, 
-3.82641, -3.86813, -4.80382, -5.13921, -5.32696, -3.7554, -4.14311, 
-3.75063, 0, 0, 0, 0, 0, 0, 0, 0, 0, 0, 0, 0, 0, 0, 0, 0, 0, 
0, 0, 0, 0, 0, 0.26967, 0.25789, 0.25404, 0.25592, 0.2617, 0.27823, 
0.262, 0.25443, 0.25614, 0.24829, 0.24554, 0.26205, 0.24716, 
0.23811, 0.24767, 0.25027, 0.25677, 0.2453, 0.24156, 0.25041, 
0.2288, 0.23998, 0.1431, 0.1639, 0.18, 0.2216, 0.2481, 0.2788, 
0.3094, 0.3397, 0.412, 0.4494, 0.4932, 300, 330.4, 360.8, 391.2, 
421.6, 452, 482.4, 512.6, 543.2, 573.6, 600, 297, 35, 966, 1762, 
800, 2153, 474, 2215, 786, 838, 1280, 2, 7, 3, 1, 1, 1, 1, 1, 
2, 1, 2, 100, 100, 100, 100, 100, 100, 100, 100, 100, 100, 100, 
2500, 2500, 2500, 2500, 2500, 2500, 2500, 2500, 2500, 2500, 2500, 
10239.11, 10968.436, 11859.453, 12814.324, 13707.965, 14929.793, 
16024.256, 17389.618, 19090.089, 20552.597, 21813.17, 1, 1, 1, 
1, 1, 1, 1, 1, 1, 1, 1, 0.025, 0.025, 0.025, 0.025, 0.025, 0.025, 
0.025, 0.025, 0.025, 0.025, 0.025, 0, 0, 0, 0, 0, 0, 0, 0, 0, 
0, 0, 0, 0, 0, 0, 0, 0, 0, 0, 0, 0, 0, 0.2614, 0.24522, 0.22007, 
0.22909, 0.2482, 0.27983, 0.25199, 0.25599, 0.25472, 0.23177, 
0.22798, 0.24303, 0.24004, 0.23554, 0.23517, 0.26548, 0.25686, 
0.24377, 0.24319, 0.25335, 0.22479, 0.23854, 0.1399, 0.1614, 
0.1871, 0.2039, 0.2384, 0.276, 0.3104, 0.342, 0.405, 0.4328, 
0.4648, 300, 330.4, 360.8, 390.9, 421.3, 451.8, 482.3, 512.6, 
542.7, 573.3, 599.7, 1, 1, 1, 1, 1, 1, 1, 1, 1, 1, 1, 1, 1, 1, 
1, 1, 1, 1, 1, 1, 1, 1, 1, 1, 1, 1, 1, 1, 1, 1, 1, 1, 1, 1, 1, 
1, 1, 1, 1, 1, 1, 1, 1, 1, 3.898, 4.178, 4.473, 4.651, 5.02, 
5.402, 5.798, 6.111, 6.778, 7.067, 7.417), .Dim = c(11L, 40L), .Dimnames = list(
    NULL, c("Sampling", "PSO.cost", "PSO.gamma", "PSO.data.balancing", 
    "PSO.feature.selection", "PSO.valid.acc", "PSO.test.acc", 
    "PSO.train.time", "PSO.n.support.vectors", "PSO.index", "PSO.n.solutions", 
    "PSO.generations", "PSO.n.evaluations", "PSO.cpu.time", "RS.cost", 
    "RS.gamma", "RS.data.balancing", "RS.feature.selection", 
    "RS.valid.acc", "RS.test.acc", "RS.train.time", "RS.n.support.vectors", 
    "RS.index", "RS.n.solutions", "RS.generations", "RS.n.evaluations", 
    "RS.cpu.time", "DF.cost", "DF.gamma", "DF.data.balancing", 
    "DF.feature.selection", "DF.valid.acc", "DF.test.acc", "DF.train.time", 
    "DF.n.support.vectors", "DF.index", "DF.n.solutions", "DF.generations", 
    "DF.n.evaluations", "DF.cpu.time")))
