full <-
structure(c(50, 55, 60, 65, 70, 75, 80, 85, 90, 95, 100, 3.84977, 
-0.94292, 2.62512, 8.95445, -0.76966, 3.15659, 0.88781, 13.35312, 
7.42236, 0.38204, 8.80769, -12.22087, -6.89313, -3.80023, -3.64124, 
-5.03252, -3.51347, -7.01124, -3.55586, -14.22978, -3.93691, 
-3.3878, 0, 0, 0, 0, 0, 0, 0, 0, 0, 0, 0, 0, 0, 0, 0, 0, 0, 0, 
0, 0, 0, 0, 0.26441, 0.26391, 0.26192, 0.25925, 0.25113, 0.24961, 
0.25865, 0.25406, 0.25653, 0.26208, 0.25212, 0.2297, 0.24224, 
0.24833, 0.25108, 0.24899, 0.24427, 0.2439, 0.24302, 0.24167, 
0.25112, 0.23478, 0.1294, 0.1621, 0.2071, 0.2439, 0.2599, 0.31, 
0.3073, 0.3846, 0.3852, 0.4673, 0.5167, 298.5, 329.4, 360.8, 
391.2, 421.6, 452, 480.8, 512.8, 538, 573.6, 600, 520, 478, 530, 
461, 1405, 481, 1166, 272, 641, 1549, 881, 30, 41, 783, 236, 
16, 570, 41, 241, 25, 31, 90, 100, 100, 100, 100, 100, 100, 100, 
100, 100, 100, 100, 2500, 2500, 2500, 2500, 2500, 2500, 2500, 
2500, 2500, 2500, 2500, 9354.044, 10308.511, 11844.643, 14296.281, 
15225.345, 16271.846, 16603.183, 18395.538, 19012.445, 20725.046, 
22219.602, 4.9963, -0.27684, 9.38254, 11.05701, 6.973, 14.17941, 
7.57922, 7.69932, 5.86402, 7.13031, 13.79352, -13.37919, -8.01068, 
-3.80336, -3.64331, -3.80273, -3.51355, -3.44536, -3.55345, -12.65376, 
-3.94581, -3.36433, 0, 0, 0, 0, 0, 0, 0, 0, 0, 0, 0, 0, 0, 0, 
0, 0, 0, 0, 0, 0, 0, 0, 0.26441, 0.26165, 0.26192, 0.25925, 0.24903, 
0.24961, 0.25373, 0.25406, 0.25504, 0.26071, 0.2508, 0.2297, 
0.23711, 0.24833, 0.25108, 0.24717, 0.24427, 0.2407, 0.24302, 
0.24022, 0.25392, 0.23611, 0.1302, 0.1517, 0.2108, 0.2401, 0.2748, 
0.3114, 0.3375, 0.3842, 0.3823, 0.4773, 0.5217, 298.5, 329.3, 
360.8, 391.2, 421.6, 452, 482.4, 512.8, 538, 573.6, 600, 644, 
126, 145, 1536, 958, 756, 660, 505, 2150, 208, 987, 1, 2, 2, 
2, 5, 5, 2, 1, 1, 2, 4, 100, 100, 100, 100, 100, 100, 100, 100, 
100, 100, 100, 2500, 2500, 2500, 2500, 2500, 2500, 2500, 2500, 
2500, 2500, 2500, 10140.281, 10840.017, 14295.649, 15350.622, 
16695.192, 17588.692, 18303, 19850.646, 21567.197, 23469.778, 
24489.767, 1, 1, 1, 1, 1, 1, 1, 1, 1, 1, 1, 0.025, 0.025, 0.025, 
0.025, 0.025, 0.025, 0.025, 0.025, 0.025, 0.025, 0.025, 0, 0, 
0, 0, 0, 0, 0, 0, 0, 0, 0, 0, 0, 0, 0, 0, 0, 0, 0, 0, 0, 0, 0.24067, 
0.23485, 0.24384, 0.24268, 0.24307, 0.24051, 0.24051, 0.23572, 
0.24621, 0.24128, 0.22925, 0.24587, 0.24456, 0.24122, 0.24938, 
0.24311, 0.23286, 0.23898, 0.2293, 0.25346, 0.24568, 0.23195, 
0.1468, 0.1642, 0.2025, 0.2307, 0.2574, 0.2931, 0.3356, 0.3675, 
0.407, 0.4484, 0.4786, 299.9, 330.3, 360.8, 391.2, 421.5, 451.8, 
482.4, 512.5, 543, 573.6, 599.9, 1, 1, 1, 1, 1, 1, 1, 1, 1, 1, 
1, 1, 1, 1, 1, 1, 1, 1, 1, 1, 1, 1, 1, 1, 1, 1, 1, 1, 1, 1, 1, 
1, 1, 1, 1, 1, 1, 1, 1, 1, 1, 1, 1, 1, 3.999, 4.089, 5.504, 5.757, 
6.059, 6.478, 6.972, 7.13, 7.594, 8.09, 8.319), .Dim = c(11L, 
40L), .Dimnames = list(NULL, c("Sampling", "PSO.cost", "PSO.gamma", 
"PSO.data.balancing", "PSO.feature.selection", "PSO.valid.acc", 
"PSO.test.acc", "PSO.train.time", "PSO.n.support.vectors", "PSO.index", 
"PSO.n.solutions", "PSO.generations", "PSO.n.evaluations", "PSO.cpu.time", 
"RS.cost", "RS.gamma", "RS.data.balancing", "RS.feature.selection", 
"RS.valid.acc", "RS.test.acc", "RS.train.time", "RS.n.support.vectors", 
"RS.index", "RS.n.solutions", "RS.generations", "RS.n.evaluations", 
"RS.cpu.time", "DF.cost", "DF.gamma", "DF.data.balancing", "DF.feature.selection", 
"DF.valid.acc", "DF.test.acc", "DF.train.time", "DF.n.support.vectors", 
"DF.index", "DF.n.solutions", "DF.generations", "DF.n.evaluations", 
"DF.cpu.time")))
