full <-
structure(c(50, 55, 60, 65, 70, 75, 80, 85, 90, 95, 100, 3.18163, 
-0.08744, 9.25193, -0.76424, 0.29917, -0.22668, 0.58603, 5.28337, 
2.27226, 3.3308, 7.17911, -3.41531, -4.40248, -3.75619, -5.91483, 
-4.5379, -5.18355, -3.68786, -3.69248, -3.8608, -4.0254, -4.03472, 
0, 0, 0, 0, 0, 0, 0, 0, 0, 0, 0, 0, 0, 0, 0, 0, 0, 0, 0, 0, 0, 
0, 0.25356, 0.25778, 0.24582, 0.2554, 0.26572, 0.26204, 0.25887, 
0.25111, 0.2783, 0.24831, 0.24796, 0.24275, 0.24785, 0.2309, 
0.24098, 0.2472, 0.24239, 0.24539, 0.24794, 0.2606, 0.23984, 
0.23726, 0.1502, 0.1697, 0.2049, 0.2258, 0.2578, 0.2873, 0.3393, 
0.3693, 0.4154, 0.4664, 0.5113, 300, 330.4, 360.8, 391.2, 421.6, 
451.9, 482.4, 512.8, 543.2, 573.6, 600, 587, 2497, 482, 987, 
1299, 1584, 659, 565, 279, 537, 236, 360, 1, 118, 102, 139, 4, 
537, 55, 579, 589, 624, 100, 100, 100, 100, 100, 100, 100, 100, 
100, 100, 100, 2500, 2500, 2500, 2500, 2500, 2500, 2500, 2500, 
2500, 2500, 2500, 10604.822, 10996.119, 11993.048, 12221.937, 
13281.222, 14121.362, 15481.571, 16140.308, 17462.529, 18325.243, 
21614.635, 2.20085, 11.4443, 7.91761, -0.77641, 1.90111, -0.16972, 
1.58127, 11.74826, 4.08864, 6.06167, 13.55333, -3.39965, -3.80715, 
-3.74752, -6.24139, -4.33661, -5.48664, -3.70278, -3.68998, -3.86247, 
-4.03456, -3.99736, 0, 0, 0, 0, 0, 0, 0, 0, 0, 0, 0, 0, 0, 0, 
0, 0, 0, 0, 0, 0, 0, 0, 0.25356, 0.25771, 0.24582, 0.25128, 0.25992, 
0.25681, 0.25721, 0.25111, 0.2783, 0.24831, 0.24663, 0.24545, 
0.25492, 0.2309, 0.24293, 0.23602, 0.24058, 0.24709, 0.24948, 
0.2606, 0.23845, 0.23859, 0.1499, 0.1828, 0.2024, 0.2139, 0.2669, 
0.2865, 0.3417, 0.3698, 0.413, 0.4567, 0.4967, 300, 330.4, 360.8, 
391.1, 421.6, 451.9, 482.4, 512.8, 543.2, 573.6, 600, 985, 113, 
190, 1354, 354, 609, 601, 674, 1237, 989, 67, 2, 8, 2, 1, 2, 
1, 1, 3, 1, 4, 10, 100, 100, 100, 100, 100, 100, 100, 100, 100, 
100, 100, 2500, 2500, 2500, 2500, 2500, 2500, 2500, 2500, 2500, 
2500, 2500, 10726.913, 11510.538, 12513.875, 13149.046, 14274.199, 
15677.048, 16995.745, 18222.926, 19191.122, 20635.476, 24363.457, 
1, 1, 1, 1, 1, 1, 1, 1, 1, 1, 1, 0.025, 0.025, 0.025, 0.025, 
0.025, 0.025, 0.025, 0.025, 0.025, 0.025, 0.025, 0, 0, 0, 0, 
0, 0, 0, 0, 0, 0, 0, 0, 0, 0, 0, 0, 0, 0, 0, 0, 0, 0, 0.21728, 
0.23127, 0.22166, 0.23303, 0.25247, 0.2549, 0.24401, 0.23243, 
0.25469, 0.23299, 0.22544, 0.23115, 0.2428, 0.23771, 0.23072, 
0.24122, 0.24067, 0.24734, 0.23705, 0.26236, 0.23137, 0.22675, 
0.1498, 0.1723, 0.1945, 0.2212, 0.2483, 0.2867, 0.3158, 0.3573, 
0.3912, 0.438, 0.488, 300, 330.4, 360.8, 391.2, 421.6, 451.9, 
481.9, 512.2, 542.7, 573.2, 599.3, 1, 1, 1, 1, 1, 1, 1, 1, 1, 
1, 1, 1, 1, 1, 1, 1, 1, 1, 1, 1, 1, 1, 1, 1, 1, 1, 1, 1, 1, 1, 
1, 1, 1, 1, 1, 1, 1, 1, 1, 1, 1, 1, 1, 1, 4.26, 4.465, 4.644, 
4.891, 5.223, 5.639, 5.929, 6.264, 6.49, 7.058, 8.754), .Dim = c(11L, 
40L), .Dimnames = list(NULL, c("Sampling", "PSO.cost", "PSO.gamma", 
"PSO.data.balancing", "PSO.feature.selection", "PSO.valid.acc", 
"PSO.test.acc", "PSO.train.time", "PSO.n.support.vectors", "PSO.index", 
"PSO.n.solutions", "PSO.generations", "PSO.n.evaluations", "PSO.cpu.time", 
"RS.cost", "RS.gamma", "RS.data.balancing", "RS.feature.selection", 
"RS.valid.acc", "RS.test.acc", "RS.train.time", "RS.n.support.vectors", 
"RS.index", "RS.n.solutions", "RS.generations", "RS.n.evaluations", 
"RS.cpu.time", "DF.cost", "DF.gamma", "DF.data.balancing", "DF.feature.selection", 
"DF.valid.acc", "DF.test.acc", "DF.train.time", "DF.n.support.vectors", 
"DF.index", "DF.n.solutions", "DF.generations", "DF.n.evaluations", 
"DF.cpu.time")))
