full <-
structure(c(50, 55, 60, 65, 70, 75, 80, 85, 90, 95, 100, 0.21348, 
-0.1393, -0.4098, -0.01667, -0.50843, 0.65069, -0.44676, 6.90088, 
0.41233, 5.32812, 1.30231, -3.71227, -4.31457, -7.70189, -4.57822, 
-6.64448, -8.46057, -5.13144, -3.38645, -4.70891, -3.4858, -7.99684, 
0, 0, 0, 0, 0, 0, 0, 0, 0, 0, 0, 0, 0, 0, 0, 0, 0, 0, 0, 0, 0, 
0, 0.25887, 0.24485, 0.23554, 0.22549, 0.24352, 0.24292, 0.25732, 
0.24188, 0.26247, 0.2566, 0.24368, 0.23203, 0.22831, 0.22205, 
0.21528, 0.22777, 0.23546, 0.24089, 0.22454, 0.24793, 0.24399, 
0.23324, 0.1524, 0.1747, 0.1856, 0.2271, 0.246, 0.2769, 0.3306, 
0.3878, 0.406, 0.4716, 0.4458, 300, 330.4, 360.4, 391.2, 420.9, 
450, 482.3, 512.8, 543.2, 573.6, 595.3, 1636, 1464, 1969, 1154, 
2195, 885, 375, 77, 1632, 262, 1649, 6, 34, 11, 49, 7, 36, 211, 
1008, 19, 722, 9, 100, 100, 100, 100, 100, 100, 100, 100, 100, 
100, 100, 2500, 2500, 2500, 2500, 2500, 2500, 2500, 2500, 2500, 
2500, 2500, 12644.073, 13461.299, 13190.684, 14205.555, 15250.519, 
15952.271, 17338.596, 18452.751, 19066.466, 21105.682, 18846.315, 
8.03329, -0.47434, -0.39577, -0.00313, -0.15671, -0.05738, -0.06012, 
9.4797, 0.34269, 10.74857, 0.73174, -3.60281, -7.55604, -7.64555, 
-4.51597, -7.06828, -6.25616, -4.78542, -3.38985, -4.63133, -3.4784, 
-7.26068, 0, 0, 0, 0, 0, 0, 0, 0, 0, 0, 0, 0, 0, 0, 0, 0, 0, 
0, 0, 0, 0, 0, 0.25638, 0.24014, 0.23099, 0.22337, 0.24148, 0.2429, 
0.25085, 0.24188, 0.25957, 0.25521, 0.24367, 0.24278, 0.23275, 
0.21538, 0.2234, 0.22421, 0.23384, 0.25401, 0.22613, 0.25085, 
0.24399, 0.23598, 0.1586, 0.1624, 0.1911, 0.2265, 0.2459, 0.284, 
0.3314, 0.3754, 0.4062, 0.4786, 0.4469, 300, 330.1, 360.4, 391.2, 
420.2, 450.6, 482.4, 512.8, 543.2, 573.6, 596.6, 1944, 1385, 
2201, 2198, 338, 2253, 410, 630, 1399, 1465, 1543, 3, 1, 1, 1, 
1, 1, 1, 2, 3, 2, 1, 100, 100, 100, 100, 100, 100, 100, 100, 
100, 100, 100, 2500, 2500, 2500, 2500, 2500, 2500, 2500, 2500, 
2500, 2500, 2500, 13218.455, 13599.539, 14242.654, 15085.409, 
16733.419, 17466.441, 18857.211, 19933.382, 21624.182, 23433.118, 
22119.772, 1, 1, 1, 1, 1, 1, 1, 1, 1, 1, 1, 0.025, 0.025, 0.025, 
0.025, 0.025, 0.025, 0.025, 0.025, 0.025, 0.025, 0.025, 0, 0, 
0, 0, 0, 0, 0, 0, 0, 0, 0, 0, 0, 0, 0, 0, 0, 0, 0, 0, 0, 0, 0.24235, 
0.22544, 0.21523, 0.21113, 0.23165, 0.23565, 0.24226, 0.21678, 
0.24475, 0.24111, 0.23179, 0.23466, 0.24266, 0.21753, 0.20499, 
0.21116, 0.23202, 0.23886, 0.24147, 0.24644, 0.23709, 0.23716, 
0.1441, 0.1713, 0.1944, 0.224, 0.2606, 0.2945, 0.3298, 0.3545, 
0.3942, 0.4547, 0.4725, 300, 330.4, 360.5, 390.9, 421.1, 451.4, 
482.3, 512.2, 542.8, 573.6, 599.7, 1, 1, 1, 1, 1, 1, 1, 1, 1, 
1, 1, 1, 1, 1, 1, 1, 1, 1, 1, 1, 1, 1, 1, 1, 1, 1, 1, 1, 1, 1, 
1, 1, 1, 1, 1, 1, 1, 1, 1, 1, 1, 1, 1, 1, 5.067, 5.053, 5.242, 
5.564, 6.08, 6.451, 6.819, 6.938, 7.342, 8.193, 7.496), .Dim = c(11L, 
40L), .Dimnames = list(NULL, c("Sampling", "PSO.cost", "PSO.gamma", 
"PSO.data.balancing", "PSO.feature.selection", "PSO.valid.acc", 
"PSO.test.acc", "PSO.train.time", "PSO.n.support.vectors", "PSO.index", 
"PSO.n.solutions", "PSO.generations", "PSO.n.evaluations", "PSO.cpu.time", 
"RS.cost", "RS.gamma", "RS.data.balancing", "RS.feature.selection", 
"RS.valid.acc", "RS.test.acc", "RS.train.time", "RS.n.support.vectors", 
"RS.index", "RS.n.solutions", "RS.generations", "RS.n.evaluations", 
"RS.cpu.time", "DF.cost", "DF.gamma", "DF.data.balancing", "DF.feature.selection", 
"DF.valid.acc", "DF.test.acc", "DF.train.time", "DF.n.support.vectors", 
"DF.index", "DF.n.solutions", "DF.generations", "DF.n.evaluations", 
"DF.cpu.time")))
