full <-
structure(c(50, 55, 60, 65, 70, 75, 80, 85, 90, 95, 100, 0.15506, 
4.03858, 1.34722, 0.31983, 3.46016, 8.8913, 14.88199, 14.17749, 
15, -0.79691, 0.06005, -4.41125, -3.57678, -3.76055, -3.8165, 
-3.93346, -3.65986, -3.71185, -3.53576, -3.72269, -5.92992, -4.18213, 
0, 0, 0, 0, 0, 0, 0, 0, 0, 0, 0, 0, 0, 0, 0, 0, 0, 0, 0, 0, 0, 
0, 0.2424, 0.23726, 0.23301, 0.23305, 0.24022, 0.23545, 0.244, 
0.23881, 0.24315, 0.25529, 0.25498, 0.23783, 0.22755, 0.21947, 
0.23109, 0.22471, 0.23194, 0.229, 0.23253, 0.24164, 0.23289, 
0.24673, 0.1416, 0.1773, 0.2063, 0.2391, 0.2695, 0.3067, 0.3381, 
0.3811, 0.4187, 0.4312, 0.4769, 300, 330.4, 360.8, 391.2, 421.6, 
452, 482.4, 512.8, 543.2, 573.3, 600, 1094, 936, 774, 1681, 386, 
691, 21, 291, 207, 151, 1821, 55, 145, 361, 15, 531, 375, 760, 
966, 836, 200, 11, 100, 100, 100, 100, 100, 100, 100, 100, 100, 
100, 100, 2500, 2500, 2500, 2500, 2500, 2500, 2500, 2500, 2500, 
2500, 2500, 10248.542, 11031.231, 12134.865, 12451.581, 13246.746, 
14323.776, 15087.073, 16298.563, 17779.978, 20330.23, 22088.354, 
8.79562, 1.53143, 0.03354, 5.15491, 12.15672, 0.19003, 9.4923, 
5.99177, 1.29553, -0.91474, 3.03195, -4.27251, -3.55082, -4.01397, 
-3.80408, -3.92693, -3.68207, -3.71567, -3.54789, -3.71733, -5.57849, 
-9.79992, 0, 0, 0, 0, 0, 0, 0, 0, 0, 0, 0, 0, 0, 0, 0, 0, 0, 
0, 0, 0, 0, 0, 0.23762, 0.23476, 0.23499, 0.23096, 0.24022, 0.23376, 
0.244, 0.23881, 0.24315, 0.2539, 0.25088, 0.23214, 0.22755, 0.21962, 
0.23109, 0.22471, 0.23197, 0.229, 0.23409, 0.24164, 0.23567, 
0.23204, 0.1488, 0.1761, 0.2016, 0.2427, 0.2695, 0.3008, 0.3385, 
0.3753, 0.4205, 0.4281, 0.456, 300, 330.4, 360.8, 391.2, 421.6, 
452, 482.4, 512.8, 543.2, 573.4, 593.1, 108, 201, 75, 373, 1201, 
2269, 260, 2407, 245, 2106, 225, 4, 8, 1, 6, 1, 1, 1, 1, 1, 1, 
1, 100, 100, 100, 100, 100, 100, 100, 100, 100, 100, 100, 2500, 
2500, 2500, 2500, 2500, 2500, 2500, 2500, 2500, 2500, 2500, 10670.496, 
11759.103, 12727.397, 13256.829, 14165.28, 15317.576, 16440.055, 
18127.286, 19792.727, 23097.435, 24437.356, 1, 1, 1, 1, 1, 1, 
1, 1, 1, 1, 1, 0.025, 0.025, 0.025, 0.025, 0.025, 0.025, 0.025, 
0.025, 0.025, 0.025, 0.025, 0, 0, 0, 0, 0, 0, 0, 0, 0, 0, 0, 
0, 0, 0, 0, 0, 0, 0, 0, 0, 0, 0, 0.22673, 0.19854, 0.1973, 0.20788, 
0.22269, 0.2111, 0.20434, 0.20741, 0.22394, 0.24551, 0.24407, 
0.21633, 0.21324, 0.20649, 0.20398, 0.21331, 0.21637, 0.21388, 
0.21385, 0.22693, 0.24414, 0.23752, 0.1421, 0.1708, 0.196, 0.2262, 
0.2535, 0.2781, 0.3308, 0.3585, 0.4021, 0.4332, 0.4736, 300, 
330.4, 360.8, 391.2, 421.6, 452, 482.2, 512.6, 542.8, 573.2, 
599.5, 1, 1, 1, 1, 1, 1, 1, 1, 1, 1, 1, 1, 1, 1, 1, 1, 1, 1, 
1, 1, 1, 1, 1, 1, 1, 1, 1, 1, 1, 1, 1, 1, 1, 1, 1, 1, 1, 1, 1, 
1, 1, 1, 1, 1, 4.017, 4.44, 4.693, 5.038, 5.22, 5.355, 6.127, 
6.429, 6.92, 7.874, 8.515), .Dim = c(11L, 40L), .Dimnames = list(
    NULL, c("Sampling", "PSO.cost", "PSO.gamma", "PSO.data.balancing", 
    "PSO.feature.selection", "PSO.valid.acc", "PSO.test.acc", 
    "PSO.train.time", "PSO.n.support.vectors", "PSO.index", "PSO.n.solutions", 
    "PSO.generations", "PSO.n.evaluations", "PSO.cpu.time", "RS.cost", 
    "RS.gamma", "RS.data.balancing", "RS.feature.selection", 
    "RS.valid.acc", "RS.test.acc", "RS.train.time", "RS.n.support.vectors", 
    "RS.index", "RS.n.solutions", "RS.generations", "RS.n.evaluations", 
    "RS.cpu.time", "DF.cost", "DF.gamma", "DF.data.balancing", 
    "DF.feature.selection", "DF.valid.acc", "DF.test.acc", "DF.train.time", 
    "DF.n.support.vectors", "DF.index", "DF.n.solutions", "DF.generations", 
    "DF.n.evaluations", "DF.cpu.time")))
