full <-
structure(c(50, 55, 60, 65, 70, 75, 80, 85, 90, 95, 100, 0.28309, 
1.95246, 0.1683, 0.13917, -0.81808, 3.50654, 10.78671, -0.25381, 
0.88532, 0.48257, 14.16674, -5.41699, -3.36715, -3.34127, -3.32342, 
-5.22088, -4.2377, -3.5002, -7.43772, -4.15874, -3.8476, -3.44598, 
0, 0, 0, 0, 0, 0, 0, 0, 0, 0, 0, 0, 0, 0, 0, 0, 0, 0, 0, 0, 0, 
0, 0.2623, 0.23971, 0.25208, 0.24572, 0.24696, 0.25854, 0.25719, 
0.25122, 0.25049, 0.2592, 0.24932, 0.2566, 0.21782, 0.23764, 
0.23534, 0.23193, 0.24065, 0.23882, 0.2309, 0.24316, 0.25077, 
0.24275, 0.1451, 0.1815, 0.1974, 0.2233, 0.2551, 0.2923, 0.3355, 
0.3293, 0.4188, 0.4621, 0.4964, 300, 330.4, 360.8, 391.2, 421.6, 
452, 482.4, 512, 543.2, 573.6, 600, 1761, 1026, 1331, 2258, 1965, 
387, 551, 1871, 59, 1296, 291, 29, 405, 48, 2, 2, 698, 613, 3, 
725, 61, 561, 100, 100, 100, 100, 100, 100, 100, 100, 100, 100, 
100, 2500, 2500, 2500, 2500, 2500, 2500, 2500, 2500, 2500, 2500, 
2500, 9946.747, 10586.191, 11387.948, 12146.643, 12894.166, 14006.804, 
15179.017, 15770.196, 17408.688, 18232.372, 19183.533, 0.29371, 
5.89153, 9.42352, 11.08317, 6.18686, 0.51016, 11.54046, 0.4023, 
13.88644, 11.79668, 8.18595, -5.40199, -3.3648, -4.66653, -3.31521, 
-3.44865, -4.38067, -3.49175, -8.40168, -4.15564, -3.833, -3.45089, 
0, 0, 0, 0, 0, 0, 0, 0, 0, 0, 0, 0, 0, 0, 0, 0, 0, 0, 0, 0, 0, 
0, 0.25703, 0.23727, 0.25004, 0.24372, 0.24305, 0.25691, 0.25552, 
0.24965, 0.25049, 0.25784, 0.24932, 0.25924, 0.21782, 0.22359, 
0.23534, 0.2298, 0.23889, 0.24049, 0.22614, 0.24316, 0.25361, 
0.24139, 0.1389, 0.1727, 0.203, 0.2295, 0.2599, 0.2885, 0.3351, 
0.3372, 0.4185, 0.4482, 0.4986, 300, 330.4, 360.8, 391.2, 421.6, 
452, 482.4, 511.7, 543.2, 573.6, 600, 1413, 775, 5, 1371, 818, 
464, 638, 2301, 614, 1546, 1500, 1, 3, 2, 1, 2, 1, 1, 1, 3, 1, 
1, 100, 100, 100, 100, 100, 100, 100, 100, 100, 100, 100, 2500, 
2500, 2500, 2500, 2500, 2500, 2500, 2500, 2500, 2500, 2500, 10253.497, 
11088.316, 11902.029, 12922.436, 14034.974, 15278.177, 16434.901, 
17616.703, 19571.481, 20149.801, 21740.039, 1, 1, 1, 1, 1, 1, 
1, 1, 1, 1, 1, 0.025, 0.025, 0.025, 0.025, 0.025, 0.025, 0.025, 
0.025, 0.025, 0.025, 0.025, 0, 0, 0, 0, 0, 0, 0, 0, 0, 0, 0, 
0, 0, 0, 0, 0, 0, 0, 0, 0, 0, 0, 0.24862, 0.20997, 0.22762, 0.22981, 
0.22242, 0.24603, 0.22888, 0.24328, 0.22396, 0.2522, 0.23074, 
0.25076, 0.2274, 0.23906, 0.22998, 0.23756, 0.24456, 0.23213, 
0.2354, 0.23576, 0.24948, 0.232, 0.1421, 0.1691, 0.1918, 0.2196, 
0.2531, 0.2809, 0.3186, 0.3608, 0.4044, 0.4263, 0.4694, 300, 
330.4, 360.8, 391.2, 421.6, 451.8, 482.3, 512.7, 542.8, 573.4, 
599.8, 1, 1, 1, 1, 1, 1, 1, 1, 1, 1, 1, 1, 1, 1, 1, 1, 1, 1, 
1, 1, 1, 1, 1, 1, 1, 1, 1, 1, 1, 1, 1, 1, 1, 1, 1, 1, 1, 1, 1, 
1, 1, 1, 1, 1, 4.006, 4.324, 4.4, 4.689, 5.218, 5.553, 5.899, 
6.317, 6.756, 6.795, 7.278), .Dim = c(11L, 40L), .Dimnames = list(
    NULL, c("Sampling", "PSO.cost", "PSO.gamma", "PSO.data.balancing", 
    "PSO.feature.selection", "PSO.valid.acc", "PSO.test.acc", 
    "PSO.train.time", "PSO.n.support.vectors", "PSO.index", "PSO.n.solutions", 
    "PSO.generations", "PSO.n.evaluations", "PSO.cpu.time", "RS.cost", 
    "RS.gamma", "RS.data.balancing", "RS.feature.selection", 
    "RS.valid.acc", "RS.test.acc", "RS.train.time", "RS.n.support.vectors", 
    "RS.index", "RS.n.solutions", "RS.generations", "RS.n.evaluations", 
    "RS.cpu.time", "DF.cost", "DF.gamma", "DF.data.balancing", 
    "DF.feature.selection", "DF.valid.acc", "DF.test.acc", "DF.train.time", 
    "DF.n.support.vectors", "DF.index", "DF.n.solutions", "DF.generations", 
    "DF.n.evaluations", "DF.cpu.time")))
