full <-
structure(c(50, 55, 60, 65, 70, 75, 80, 85, 90, 95, 100, 0.77238, 
7.56041, 3.7787, 0.46401, 7.03482, 6.47593, 2.85065, 0.08715, 
5.85363, 14.6326, 0.80514, -6.14493, -3.75573, -3.90335, -4.04455, 
-3.92878, -4.05509, -10.6083, -3.80243, -3.82752, -4.05465, -4.40976, 
0, 0, 0, 0, 0, 0, 0, 0, 0, 0, 0, 0, 0, 0, 0, 0, 0, 0, 0, 0, 0, 
0, 0.27488, 0.25717, 0.25961, 0.24909, 0.25805, 0.24783, 0.24429, 
0.24811, 0.2428, 0.25927, 0.25207, 0.23444, 0.24496, 0.23512, 
0.23489, 0.24274, 0.23576, 0.22909, 0.24653, 0.23103, 0.26054, 
0.23316, 0.1403, 0.1752, 0.1984, 0.2349, 0.2716, 0.2976, 0.3001, 
0.3561, 0.409, 0.476, 0.5091, 299, 330.4, 360.8, 391.2, 421.6, 
452, 479, 512.8, 543.2, 573.6, 600, 836, 214, 48, 1012, 10, 414, 
684, 287, 298, 34, 2138, 58, 875, 769, 37, 757, 65, 53, 46, 310, 
897, 4, 100, 100, 100, 100, 100, 100, 100, 100, 100, 100, 100, 
2500, 2500, 2500, 2500, 2500, 2500, 2500, 2500, 2500, 2500, 2500, 
10229.275, 10907.462, 11785.706, 12573.601, 13260.971, 14084.553, 
14534.249, 16058.391, 17260.536, 19056.04, 21836.306, 0.42902, 
9.72485, 14.64507, 0.76112, 8.56291, 0.40664, 5.12466, 10.49418, 
5.68641, 5.59681, 8.15663, -6.02, -3.74142, -3.87658, -6.93148, 
-3.91469, -4.75243, -12.95348, -3.48175, -3.82966, -3.99792, 
-4.40297, 0, 0, 0, 0, 0, 0, 0, 0, 0, 0, 0, 0, 0, 0, 0, 0, 0, 
0, 0, 0, 0, 0, 0.27458, 0.25717, 0.25961, 0.24749, 0.2562, 0.24636, 
0.24429, 0.24653, 0.2428, 0.25927, 0.24942, 0.25024, 0.24478, 
0.2373, 0.22102, 0.2427, 0.24291, 0.22909, 0.24201, 0.23103, 
0.2578, 0.23318, 0.1419, 0.1701, 0.2026, 0.2072, 0.2709, 0.2829, 
0.2894, 0.3791, 0.4245, 0.4667, 0.5005, 299.1, 330.4, 360.8, 
389.1, 421.6, 452, 478.8, 512.8, 543.2, 573.6, 600, 1977, 347, 
172, 1589, 133, 115, 647, 368, 2369, 613, 751, 1, 3, 10, 1, 3, 
1, 3, 4, 1, 7, 1, 100, 100, 100, 100, 100, 100, 100, 100, 100, 
100, 100, 2500, 2500, 2500, 2500, 2500, 2500, 2500, 2500, 2500, 
2500, 2500, 10623.335, 11420.322, 12313.793, 13248.12, 14202.746, 
15229.926, 16589.961, 17841.526, 19537.915, 22784.869, 24397.195, 
1, 1, 1, 1, 1, 1, 1, 1, 1, 1, 1, 0.025, 0.025, 0.025, 0.025, 
0.025, 0.025, 0.025, 0.025, 0.025, 0.025, 0.025, 0, 0, 0, 0, 
0, 0, 0, 0, 0, 0, 0, 0, 0, 0, 0, 0, 0, 0, 0, 0, 0, 0, 0.26135, 
0.23275, 0.25266, 0.2371, 0.24619, 0.24103, 0.22084, 0.22484, 
0.22966, 0.24248, 0.23476, 0.2506, 0.23352, 0.24416, 0.22492, 
0.23664, 0.24834, 0.22723, 0.23905, 0.22508, 0.23685, 0.23088, 
0.1413, 0.1719, 0.1973, 0.2178, 0.2432, 0.2777, 0.3237, 0.3419, 
0.4074, 0.4341, 0.492, 299.8, 330, 360.7, 391.1, 421.4, 451.9, 
482.1, 512.6, 542.8, 573.5, 599.7, 1, 1, 1, 1, 1, 1, 1, 1, 1, 
1, 1, 1, 1, 1, 1, 1, 1, 1, 1, 1, 1, 1, 1, 1, 1, 1, 1, 1, 1, 1, 
1, 1, 1, 1, 1, 1, 1, 1, 1, 1, 1, 1, 1, 1, 3.986, 4.452, 4.611, 
4.763, 4.993, 5.359, 6.029, 5.931, 6.908, 7.743, 8.698), .Dim = c(11L, 
40L), .Dimnames = list(NULL, c("Sampling", "PSO.cost", "PSO.gamma", 
"PSO.data.balancing", "PSO.feature.selection", "PSO.valid.acc", 
"PSO.test.acc", "PSO.train.time", "PSO.n.support.vectors", "PSO.index", 
"PSO.n.solutions", "PSO.generations", "PSO.n.evaluations", "PSO.cpu.time", 
"RS.cost", "RS.gamma", "RS.data.balancing", "RS.feature.selection", 
"RS.valid.acc", "RS.test.acc", "RS.train.time", "RS.n.support.vectors", 
"RS.index", "RS.n.solutions", "RS.generations", "RS.n.evaluations", 
"RS.cpu.time", "DF.cost", "DF.gamma", "DF.data.balancing", "DF.feature.selection", 
"DF.valid.acc", "DF.test.acc", "DF.train.time", "DF.n.support.vectors", 
"DF.index", "DF.n.solutions", "DF.generations", "DF.n.evaluations", 
"DF.cpu.time")))
