full <-
structure(c(50, 55, 60, 65, 70, 75, 80, 85, 90, 95, 100, 0.56036, 
-0.18316, 0.16546, 5.92249, 15, -0.89484, 6.17582, 0.39903, 4.70882, 
3.266, 7.93766, -8.71427, -3.71401, -4.60286, -3.54775, -3.76888, 
-6.50873, -14.39652, -4.18744, -12.67702, -3.49138, -3.43731, 
0, 0, 0, 0, 0, 0, 0, 0, 0, 0, 0, 0, 0, 0, 0, 0, 0, 0, 0, 0, 0, 
0, 0.2509, 0.23483, 0.24399, 0.24322, 0.25397, 0.24613, 0.24721, 
0.24783, 0.24455, 0.22445, 0.25201, 0.21889, 0.22524, 0.2261, 
0.22871, 0.24834, 0.23018, 0.22871, 0.22729, 0.23581, 0.22308, 
0.24402, 0.1316, 0.1691, 0.1975, 0.2302, 0.2607, 0.2681, 0.2962, 
0.36, 0.3645, 0.4629, 0.4932, 299.1, 330.4, 360.8, 391.2, 421.6, 
451.7, 479.8, 512.8, 538.7, 573.6, 600, 1374, 1169, 699, 506, 
473, 1633, 14, 1303, 1910, 1268, 665, 3, 47, 88, 713, 524, 18, 
37, 97, 3, 90, 334, 100, 100, 100, 100, 100, 100, 100, 100, 100, 
100, 100, 2500, 2500, 2500, 2500, 2500, 2500, 2500, 2500, 2500, 
2500, 2500, 10316.802, 11016.611, 11828.464, 12392.42, 13468.371, 
14066.677, 15216.257, 16129.478, 16331.637, 18463.543, 19664.41, 
2.44784, -0.08563, 10.49825, 3.93509, 5.84687, -0.77661, 5.58699, 
9.48819, 1.78204, 6.20979, 2.90288, -10.79046, -3.69119, -3.41309, 
-3.53082, -3.76389, -6.78803, -13.82074, -3.41438, -9.78135, 
-14.20894, -3.43794, 0, 0, 0, 0, 0, 0, 0, 0, 0, 0, 0, 0, 0, 0, 
0, 0, 0, 0, 0, 0, 0, 0, 0.24827, 0.225, 0.24379, 0.24118, 0.25397, 
0.24256, 0.24721, 0.23834, 0.24308, 0.22885, 0.25071, 0.22159, 
0.22494, 0.23929, 0.23059, 0.24834, 0.23557, 0.2321, 0.24603, 
0.23434, 0.23298, 0.24402, 0.1353, 0.1689, 0.2098, 0.2299, 0.264, 
0.2636, 0.2962, 0.3664, 0.3714, 0.4039, 0.4972, 299, 330.4, 360.8, 
391.2, 421.6, 451.5, 479.8, 512.8, 539.3, 569.7, 600, 495, 2164, 
880, 915, 559, 1426, 2139, 1058, 1062, 573, 126, 3, 1, 1, 5, 
3, 1, 1, 1, 1, 4, 4, 100, 100, 100, 100, 100, 100, 100, 100, 
100, 100, 100, 2500, 2500, 2500, 2500, 2500, 2500, 2500, 2500, 
2500, 2500, 2500, 10805.051, 11582.305, 12243.359, 13345.79, 
14408.801, 15367.376, 16651.471, 17850.929, 19062.442, 20890.585, 
22046.211, 1, 1, 1, 1, 1, 1, 1, 1, 1, 1, 1, 0.025, 0.025, 0.025, 
0.025, 0.025, 0.025, 0.025, 0.025, 0.025, 0.025, 0.025, 0, 0, 
0, 0, 0, 0, 0, 0, 0, 0, 0, 0, 0, 0, 0, 0, 0, 0, 0, 0, 0, 0, 0.22188, 
0.201, 0.23959, 0.2193, 0.22205, 0.22317, 0.24212, 0.22888, 0.22543, 
0.20791, 0.21209, 0.21867, 0.20786, 0.22837, 0.2193, 0.2182, 
0.23372, 0.23871, 0.22861, 0.22398, 0.22177, 0.21971, 0.144, 
0.1677, 0.1912, 0.2149, 0.2505, 0.2739, 0.3145, 0.3546, 0.3908, 
0.4279, 0.4879, 299.9, 330.4, 360.8, 391.2, 421.6, 451.9, 482.3, 
512.8, 542.6, 573.6, 599.4, 1, 1, 1, 1, 1, 1, 1, 1, 1, 1, 1, 
1, 1, 1, 1, 1, 1, 1, 1, 1, 1, 1, 1, 1, 1, 1, 1, 1, 1, 1, 1, 1, 
1, 1, 1, 1, 1, 1, 1, 1, 1, 1, 1, 1, 4.136, 4.481, 4.483, 4.85, 
5.17, 5.49, 5.91, 6.272, 6.552, 6.915, 7.817), .Dim = c(11L, 
40L), .Dimnames = list(NULL, c("Sampling", "PSO.cost", "PSO.gamma", 
"PSO.data.balancing", "PSO.feature.selection", "PSO.valid.acc", 
"PSO.test.acc", "PSO.train.time", "PSO.n.support.vectors", "PSO.index", 
"PSO.n.solutions", "PSO.generations", "PSO.n.evaluations", "PSO.cpu.time", 
"RS.cost", "RS.gamma", "RS.data.balancing", "RS.feature.selection", 
"RS.valid.acc", "RS.test.acc", "RS.train.time", "RS.n.support.vectors", 
"RS.index", "RS.n.solutions", "RS.generations", "RS.n.evaluations", 
"RS.cpu.time", "DF.cost", "DF.gamma", "DF.data.balancing", "DF.feature.selection", 
"DF.valid.acc", "DF.test.acc", "DF.train.time", "DF.n.support.vectors", 
"DF.index", "DF.n.solutions", "DF.generations", "DF.n.evaluations", 
"DF.cpu.time")))
