full <-
structure(c(50, 55, 60, 65, 70, 75, 80, 85, 90, 95, 100, 10.66087, 
1.94964, 2.77624, 1.13641, -0.96372, 7.12792, 0.55799, 4.10842, 
-0.42252, 12.10042, -0.06892, -3.3785, -3.31252, -11.18636, -3.69231, 
-6.11958, -15, -4.28941, -3.59818, -4.81897, -3.82773, -4.13593, 
0, 0, 0, 0, 0, 0, 0, 0, 0, 0, 0, 0, 0, 0, 0, 0, 0, 0, 0, 0, 0, 
0, 0.21343, 0.21073, 0.22198, 0.23095, 0.23334, 0.23051, 0.24691, 
0.24162, 0.24603, 0.25819, 0.25625, 0.21073, 0.20589, 0.20864, 
0.21241, 0.22386, 0.23405, 0.22877, 0.23068, 0.22822, 0.24679, 
0.23602, 0.1478, 0.1727, 0.1844, 0.2306, 0.2379, 0.2632, 0.324, 
0.3729, 0.3985, 0.4554, 0.4923, 300, 330.4, 360.6, 391.2, 421.4, 
450.5, 482.4, 512.8, 543.2, 573.6, 600, 1430, 412, 1035, 740, 
2031, 187, 2405, 230, 1949, 312, 1434, 2, 320, 18, 237, 5, 149, 
1, 640, 7, 816, 62, 100, 100, 100, 100, 100, 100, 100, 100, 100, 
100, 100, 2500, 2500, 2500, 2500, 2500, 2500, 2500, 2500, 2500, 
2500, 2500, 10407.938, 11030.73, 11630.691, 12647.687, 13236.624, 
14158.376, 15101.776, 16232.559, 16435.522, 18330.183, 19843.964, 
2.12094, 2.56842, 2.15557, 2.48573, -0.21006, 6.39234, 11.55364, 
7.08581, -0.3044, 0.90282, -0.12038, -3.3913, -3.31111, -10.51706, 
-3.72003, -7.97296, -14.26762, -4.26645, -3.60245, -6.68966, 
-3.83348, -4.1376, 0, 0, 0, 0, 0, 0, 0, 0, 0, 0, 0, 0, 0, 0, 
0, 0, 0, 0, 0, 0, 0, 0, 0.21343, 0.21073, 0.2198, 0.22683, 0.22971, 
0.23051, 0.24361, 0.24162, 0.24162, 0.25819, 0.2496, 0.21073, 
0.20589, 0.20878, 0.2145, 0.22579, 0.23405, 0.22383, 0.2291, 
0.24001, 0.24679, 0.23872, 0.1534, 0.174, 0.1817, 0.2328, 0.2449, 
0.2686, 0.3332, 0.3779, 0.381, 0.4702, 0.4937, 300, 330.4, 360.6, 
391.2, 420.9, 450.5, 482.4, 512.8, 542.2, 573.6, 600, 478, 71, 
189, 1973, 117, 1888, 1815, 1295, 1987, 1250, 131, 4, 3, 7, 4, 
4, 1, 1, 2, 1, 1, 1, 100, 100, 100, 100, 100, 100, 100, 100, 
100, 100, 100, 2500, 2500, 2500, 2500, 2500, 2500, 2500, 2500, 
2500, 2500, 2500, 10570.968, 11418.995, 12445.249, 13264.676, 
14112.889, 15251.546, 16631.004, 17495.864, 18879.141, 20909.873, 
22531.331, 1, 1, 1, 1, 1, 1, 1, 1, 1, 1, 1, 0.025, 0.025, 0.025, 
0.025, 0.025, 0.025, 0.025, 0.025, 0.025, 0.025, 0.025, 0, 0, 
0, 0, 0, 0, 0, 0, 0, 0, 0, 0, 0, 0, 0, 0, 0, 0, 0, 0, 0, 0, 0.16811, 
0.19125, 0.19578, 0.18788, 0.21389, 0.21312, 0.23038, 0.21978, 
0.23431, 0.23156, 0.23079, 0.18392, 0.18384, 0.18654, 0.18992, 
0.19119, 0.21635, 0.22546, 0.22291, 0.23281, 0.24389, 0.23482, 
0.1423, 0.1692, 0.1974, 0.2245, 0.2545, 0.2844, 0.318, 0.3572, 
0.3914, 0.4481, 0.4826, 300, 330.4, 360.8, 391.2, 421.6, 452, 
482.4, 512.7, 543, 573.2, 599.6, 1, 1, 1, 1, 1, 1, 1, 1, 1, 1, 
1, 1, 1, 1, 1, 1, 1, 1, 1, 1, 1, 1, 1, 1, 1, 1, 1, 1, 1, 1, 1, 
1, 1, 1, 1, 1, 1, 1, 1, 1, 1, 1, 1, 1, 4.063, 4.268, 4.675, 4.945, 
5.261, 5.578, 5.94, 6.106, 6.492, 7.367, 7.674), .Dim = c(11L, 
40L), .Dimnames = list(NULL, c("Sampling", "PSO.cost", "PSO.gamma", 
"PSO.data.balancing", "PSO.feature.selection", "PSO.valid.acc", 
"PSO.test.acc", "PSO.train.time", "PSO.n.support.vectors", "PSO.index", 
"PSO.n.solutions", "PSO.generations", "PSO.n.evaluations", "PSO.cpu.time", 
"RS.cost", "RS.gamma", "RS.data.balancing", "RS.feature.selection", 
"RS.valid.acc", "RS.test.acc", "RS.train.time", "RS.n.support.vectors", 
"RS.index", "RS.n.solutions", "RS.generations", "RS.n.evaluations", 
"RS.cpu.time", "DF.cost", "DF.gamma", "DF.data.balancing", "DF.feature.selection", 
"DF.valid.acc", "DF.test.acc", "DF.train.time", "DF.n.support.vectors", 
"DF.index", "DF.n.solutions", "DF.generations", "DF.n.evaluations", 
"DF.cpu.time")))
