full <-
structure(c(50, 55, 60, 65, 70, 75, 80, 85, 90, 95, 100, 5.59442, 
-0.80418, 0.39118, 2.37413, 4.63457, 2.6745, 8.20859, 5.7928, 
0.16709, 11.1839, 0.3684, -13.30558, -5.8346, -3.99947, -3.51447, 
-3.82383, -3.80898, -3.74607, -3.43285, -4.15844, -4.04793, -3.85123, 
0, 0, 0, 0, 0, 0, 0, 0, 0, 0, 0, 0, 0, 0, 0, 0, 0, 0, 0, 0, 0, 
0, 0.22982, 0.23295, 0.24594, 0.2251, 0.24795, 0.25641, 0.24386, 
0.24346, 0.25624, 0.25655, 0.25891, 0.21347, 0.22062, 0.23251, 
0.22084, 0.24247, 0.22833, 0.24539, 0.23877, 0.24435, 0.23718, 
0.26017, 0.1333, 0.1579, 0.1943, 0.2268, 0.2573, 0.3051, 0.3409, 
0.3799, 0.4537, 0.4543, 0.4854, 298.8, 330.4, 360.8, 391.2, 421.6, 
452, 482.4, 512.8, 543.2, 573.6, 600, 1870, 1298, 1763, 51, 184, 
558, 414, 610, 1247, 288, 2489, 4, 36, 3, 887, 949, 628, 293, 
394, 49, 431, 1, 100, 100, 100, 100, 100, 100, 100, 100, 100, 
100, 100, 2500, 2500, 2500, 2500, 2500, 2500, 2500, 2500, 2500, 
2500, 2500, 10082.495, 10905.807, 11843.84, 12651.683, 13257.271, 
14420.849, 17484.94, 18696.786, 19968.199, 21400.603, 21968.339, 
4.73432, -0.91949, 3.16528, 3.36302, 0.79395, 7.3068, 1.98675, 
7.15869, 13.89102, 2.93212, 9.01115, -12.40259, -5.46061, -4.01552, 
-3.53746, -3.82463, -3.81407, -3.7464, -3.35788, -3.71537, -4.05183, 
-3.85004, 0, 0, 0, 0, 0, 0, 0, 0, 0, 0, 0, 0, 0, 0, 0, 0, 0, 
0, 0, 0, 0, 0, 0.22712, 0.22802, 0.24367, 0.2251, 0.24795, 0.25641, 
0.24386, 0.24192, 0.25181, 0.25655, 0.25626, 0.21617, 0.22557, 
0.22811, 0.22076, 0.24247, 0.22833, 0.24539, 0.23567, 0.24733, 
0.23718, 0.25886, 0.1328, 0.1626, 0.1939, 0.233, 0.2686, 0.2984, 
0.3386, 0.39, 0.4178, 0.4668, 0.5143, 298.8, 330.4, 360.8, 391.2, 
421.6, 452, 482.4, 512.8, 543.2, 573.6, 600, 2087, 1831, 1807, 
375, 2491, 1635, 1452, 971, 1356, 127, 2366, 1, 1, 1, 4, 1, 3, 
1, 1, 1, 3, 1, 100, 100, 100, 100, 100, 100, 100, 100, 100, 100, 
100, 2500, 2500, 2500, 2500, 2500, 2500, 2500, 2500, 2500, 2500, 
2500, 10639.212, 11526.346, 12352.538, 13259.312, 14296.252, 
17600.565, 19045.15, 20681.27, 21948.801, 23239.132, 24488.205, 
1, 1, 1, 1, 1, 1, 1, 1, 1, 1, 1, 0.025, 0.025, 0.025, 0.025, 
0.025, 0.025, 0.025, 0.025, 0.025, 0.025, 0.025, 0, 0, 0, 0, 
0, 0, 0, 0, 0, 0, 0, 0, 0, 0, 0, 0, 0, 0, 0, 0, 0, 0, 0.21376, 
0.20817, 0.21956, 0.21078, 0.22554, 0.23356, 0.23058, 0.2197, 
0.22974, 0.23005, 0.23356, 0.22976, 0.20806, 0.22826, 0.2249, 
0.22911, 0.24426, 0.24195, 0.22121, 0.24885, 0.226, 0.23483, 
0.1413, 0.1633, 0.1887, 0.2198, 0.2568, 0.2857, 0.3245, 0.3555, 
0.4127, 0.4345, 0.4773, 300, 330.4, 360.8, 391.2, 421.6, 452, 
482.4, 512.8, 543.1, 573.6, 599.6, 1, 1, 1, 1, 1, 1, 1, 1, 1, 
1, 1, 1, 1, 1, 1, 1, 1, 1, 1, 1, 1, 1, 1, 1, 1, 1, 1, 1, 1, 1, 
1, 1, 1, 1, 1, 1, 1, 1, 1, 1, 1, 1, 1, 1, 4.101, 4.402, 4.61, 
4.946, 5.246, 6.465, 6.896, 7.061, 7.934, 7.946, 8.402), .Dim = c(11L, 
40L), .Dimnames = list(NULL, c("Sampling", "PSO.cost", "PSO.gamma", 
"PSO.data.balancing", "PSO.feature.selection", "PSO.valid.acc", 
"PSO.test.acc", "PSO.train.time", "PSO.n.support.vectors", "PSO.index", 
"PSO.n.solutions", "PSO.generations", "PSO.n.evaluations", "PSO.cpu.time", 
"RS.cost", "RS.gamma", "RS.data.balancing", "RS.feature.selection", 
"RS.valid.acc", "RS.test.acc", "RS.train.time", "RS.n.support.vectors", 
"RS.index", "RS.n.solutions", "RS.generations", "RS.n.evaluations", 
"RS.cpu.time", "DF.cost", "DF.gamma", "DF.data.balancing", "DF.feature.selection", 
"DF.valid.acc", "DF.test.acc", "DF.train.time", "DF.n.support.vectors", 
"DF.index", "DF.n.solutions", "DF.generations", "DF.n.evaluations", 
"DF.cpu.time")))
