full <-
structure(c(50, 55, 60, 65, 70, 75, 80, 85, 90, 95, 100, 2.06537, 
2.77394, 12.52268, 4.05675, 0.19198, 5.74845, 0.57242, 0.09836, 
1.8047, 0.71397, 6.67174, -3.81453, -4.63411, -3.88736, -3.79323, 
-3.88562, -3.74454, -6.66398, -3.80829, -3.75097, -8.44645, -4.18295, 
0, 0, 0, 0, 0, 0, 0, 0, 0, 0, 0, 0, 0, 0, 0, 0, 0, 0, 0, 0, 0, 
0, 0.26921, 0.27681, 0.26394, 0.24929, 0.25423, 0.2529, 0.24537, 
0.2467, 0.2491, 0.25398, 0.24264, 0.25577, 0.23987, 0.25501, 
0.24942, 0.25825, 0.24807, 0.22883, 0.23418, 0.24015, 0.237, 
0.22954, 0.1509, 0.1736, 0.2069, 0.2352, 0.2573, 0.2978, 0.3197, 
0.3615, 0.4211, 0.4103, 0.4972, 300, 330.4, 360.8, 391.2, 421.6, 
452, 480.8, 512.8, 543.2, 570.5, 600, 148, 85, 78, 802, 1301, 
757, 1438, 568, 114, 1914, 567, 899, 1041, 1132, 403, 68, 220, 
22, 102, 898, 11, 192, 100, 100, 100, 100, 100, 100, 100, 100, 
100, 100, 100, 2500, 2500, 2500, 2500, 2500, 2500, 2500, 2500, 
2500, 2500, 2500, 9872.368, 10549.044, 11483.211, 12149.297, 
12921.91, 13842.788, 16975.501, 18051.945, 17235.021, 17770.381, 
19519.913, 5.47083, 5.35386, 14.18616, 8.93249, 8.47816, 3.86628, 
1.83269, 4.36546, 4.68337, 0.72892, 8.24198, -3.79899, -4.66134, 
-3.87523, -3.81663, -3.8818, -3.75151, -10.22395, -3.72241, -3.74936, 
-8.53771, -4.18212, 0, 0, 0, 0, 0, 0, 0, 0, 0, 0, 0, 0, 0, 0, 
0, 0, 0, 0, 0, 0, 0, 0, 0.26921, 0.27681, 0.26394, 0.24729, 0.2523, 
0.25118, 0.24564, 0.24509, 0.2491, 0.24981, 0.24264, 0.25847, 
0.23724, 0.25718, 0.25342, 0.25637, 0.24807, 0.22254, 0.23887, 
0.24015, 0.237, 0.22954, 0.1488, 0.1756, 0.1976, 0.2294, 0.2581, 
0.2957, 0.299, 0.375, 0.4192, 0.4162, 0.4829, 300, 330.4, 360.8, 
391.2, 421.6, 452, 480.6, 512.8, 543.2, 570.6, 600, 1742, 792, 
5, 949, 132, 781, 1500, 557, 519, 2416, 547, 3, 7, 8, 1, 3, 3, 
1, 4, 5, 1, 1, 100, 100, 100, 100, 100, 100, 100, 100, 100, 100, 
100, 2500, 2500, 2500, 2500, 2500, 2500, 2500, 2500, 2500, 2500, 
2500, 10315.884, 11017.712, 12008.044, 12933.139, 13886.449, 
15962.023, 18340.454, 19805.087, 19359.474, 20682.336, 21612.84, 
1, 1, 1, 1, 1, 1, 1, 1, 1, 1, 1, 0.025, 0.025, 0.025, 0.025, 
0.025, 0.025, 0.025, 0.025, 0.025, 0.025, 0.025, 0, 0, 0, 0, 
0, 0, 0, 0, 0, 0, 0, 0, 0, 0, 0, 0, 0, 0, 0, 0, 0, 0, 0.23504, 
0.2519, 0.25069, 0.22458, 0.23137, 0.22473, 0.23881, 0.22944, 
0.23134, 0.23584, 0.22658, 0.24538, 0.25334, 0.24408, 0.22858, 
0.23917, 0.24086, 0.23235, 0.23404, 0.23117, 0.23573, 0.23201, 
0.1462, 0.1701, 0.1876, 0.2205, 0.2504, 0.2893, 0.3305, 0.3631, 
0.3873, 0.4404, 0.4698, 300, 330.4, 360.7, 391.1, 421, 451.8, 
482.4, 512.4, 543.2, 573, 599.8, 1, 1, 1, 1, 1, 1, 1, 1, 1, 1, 
1, 1, 1, 1, 1, 1, 1, 1, 1, 1, 1, 1, 1, 1, 1, 1, 1, 1, 1, 1, 1, 
1, 1, 1, 1, 1, 1, 1, 1, 1, 1, 1, 1, 1, 4.02, 4.303, 4.224, 4.765, 
5.048, 6.295, 6.801, 7.162, 6.41, 7.139, 7.44), .Dim = c(11L, 
40L), .Dimnames = list(NULL, c("Sampling", "PSO.cost", "PSO.gamma", 
"PSO.data.balancing", "PSO.feature.selection", "PSO.valid.acc", 
"PSO.test.acc", "PSO.train.time", "PSO.n.support.vectors", "PSO.index", 
"PSO.n.solutions", "PSO.generations", "PSO.n.evaluations", "PSO.cpu.time", 
"RS.cost", "RS.gamma", "RS.data.balancing", "RS.feature.selection", 
"RS.valid.acc", "RS.test.acc", "RS.train.time", "RS.n.support.vectors", 
"RS.index", "RS.n.solutions", "RS.generations", "RS.n.evaluations", 
"RS.cpu.time", "DF.cost", "DF.gamma", "DF.data.balancing", "DF.feature.selection", 
"DF.valid.acc", "DF.test.acc", "DF.train.time", "DF.n.support.vectors", 
"DF.index", "DF.n.solutions", "DF.generations", "DF.n.evaluations", 
"DF.cpu.time")))
