full <-
structure(c(50, 55, 60, 65, 70, 75, 80, 85, 90, 95, 100, 1.2564, 
14.41529, 12.19042, -0.00646, 0.94321, -0.04801, 0.38358, 3.60023, 
9.5515, 0.33471, 15, -4.3994, -3.90902, -3.70744, -4.62035, -7.37087, 
-4.78583, -4.23284, -11.77672, -4.01051, -4.0943, -3.22473, 0, 
0, 0, 0, 0, 0, 0, 0, 0, 0, 0, 0, 0, 0, 0, 0, 0, 0, 0, 0, 0, 0, 
0.24621, 0.24471, 0.24391, 0.23928, 0.25808, 0.2565, 0.24874, 
0.24508, 0.24622, 0.27157, 0.24005, 0.23846, 0.23495, 0.23058, 
0.22295, 0.24287, 0.22289, 0.22707, 0.22788, 0.23884, 0.24798, 
0.23728, 0.1495, 0.1727, 0.2096, 0.2223, 0.2377, 0.2851, 0.3237, 
0.326, 0.4087, 0.4549, 0.5064, 300, 330.4, 360.8, 391.2, 420.5, 
452, 482.4, 510.6, 543.2, 573.6, 600, 751, 80, 346, 1364, 1009, 
1393, 1120, 2304, 504, 1476, 358, 165, 91, 393, 39, 87, 69, 35, 
1, 761, 17, 593, 100, 100, 100, 100, 100, 100, 100, 100, 100, 
100, 100, 2500, 2500, 2500, 2500, 2500, 2500, 2500, 2500, 2500, 
2500, 2500, 10565.899, 11430.817, 12179.267, 12439.616, 12916.171, 
14051.789, 14872.261, 16124.945, 17404.082, 18105.046, 19483.708, 
9.79871, 5.65765, 7.04146, -0.18891, -0.03887, -0.60425, 14.74783, 
2.10122, 4.55031, 1.46274, 11.93257, -4.34636, -3.88084, -3.70834, 
-4.16882, -5.71102, -5.17784, -4.02077, -10.28585, -3.9934, -4.09798, 
-3.23157, 0, 0, 0, 0, 0, 0, 0, 0, 0, 0, 0, 0, 0, 0, 0, 0, 0, 
0, 0, 0, 0, 0, 0.24613, 0.24465, 0.24391, 0.23928, 0.25829, 0.24939, 
0.2421, 0.24197, 0.24479, 0.27155, 0.24005, 0.24116, 0.24221, 
0.2328, 0.23337, 0.25056, 0.22473, 0.22549, 0.22788, 0.23588, 
0.25359, 0.23596, 0.1543, 0.1789, 0.2099, 0.2284, 0.2505, 0.294, 
0.328, 0.3299, 0.4071, 0.4667, 0.5005, 300, 330.4, 360.8, 391.2, 
421.6, 451.9, 482.4, 510.9, 543.2, 573.6, 600, 249, 1803, 346, 
1052, 1714, 1393, 945, 2002, 684, 1067, 1910, 4, 3, 2, 1, 1, 
1, 1, 1, 2, 2, 2, 100, 100, 100, 100, 100, 100, 100, 100, 100, 
100, 100, 2500, 2500, 2500, 2500, 2500, 2500, 2500, 2500, 2500, 
2500, 2500, 10946.561, 11752.562, 12645.99, 13279.313, 14300.506, 
15254.348, 16455.681, 17406.181, 18938.375, 20508.275, 22019.022, 
1, 1, 1, 1, 1, 1, 1, 1, 1, 1, 1, 0.025, 0.025, 0.025, 0.025, 
0.025, 0.025, 0.025, 0.025, 0.025, 0.025, 0.025, 0, 0, 0, 0, 
0, 0, 0, 0, 0, 0, 0, 0, 0, 0, 0, 0, 0, 0, 0, 0, 0, 0, 0.23548, 
0.21787, 0.21991, 0.22677, 0.2433, 0.24419, 0.22215, 0.23093, 
0.22976, 0.24657, 0.21721, 0.23283, 0.22032, 0.2243, 0.21683, 
0.2449, 0.23529, 0.22223, 0.22934, 0.23573, 0.24252, 0.22158, 
0.1492, 0.1737, 0.1939, 0.2188, 0.2486, 0.2829, 0.3187, 0.3523, 
0.3873, 0.4365, 0.4767, 300, 330.4, 360.8, 391.2, 421.6, 451.9, 
482.4, 512.5, 543, 573.3, 599.7, 1, 1, 1, 1, 1, 1, 1, 1, 1, 1, 
1, 1, 1, 1, 1, 1, 1, 1, 1, 1, 1, 1, 1, 1, 1, 1, 1, 1, 1, 1, 1, 
1, 1, 1, 1, 1, 1, 1, 1, 1, 1, 1, 1, 1, 4.213, 4.429, 4.531, 4.704, 
4.97, 5.461, 5.844, 6.166, 6.413, 7.019, 7.516), .Dim = c(11L, 
40L), .Dimnames = list(NULL, c("Sampling", "PSO.cost", "PSO.gamma", 
"PSO.data.balancing", "PSO.feature.selection", "PSO.valid.acc", 
"PSO.test.acc", "PSO.train.time", "PSO.n.support.vectors", "PSO.index", 
"PSO.n.solutions", "PSO.generations", "PSO.n.evaluations", "PSO.cpu.time", 
"RS.cost", "RS.gamma", "RS.data.balancing", "RS.feature.selection", 
"RS.valid.acc", "RS.test.acc", "RS.train.time", "RS.n.support.vectors", 
"RS.index", "RS.n.solutions", "RS.generations", "RS.n.evaluations", 
"RS.cpu.time", "DF.cost", "DF.gamma", "DF.data.balancing", "DF.feature.selection", 
"DF.valid.acc", "DF.test.acc", "DF.train.time", "DF.n.support.vectors", 
"DF.index", "DF.n.solutions", "DF.generations", "DF.n.evaluations", 
"DF.cpu.time")))
