full <-
structure(c(50, 55, 60, 65, 70, 75, 80, 85, 90, 95, 100, 6.25369, 
2.31947, 1.06655, 1.26612, 0.27936, 10.56153, 0.49787, 0.05316, 
5.59175, 9.42824, 0.26539, -4.32334, -9.20659, -6.8745, -8.05441, 
-5.68714, -4.4907, -4.17397, -4.33168, -3.77007, -3.99937, -3.68983, 
0, 0, 0, 0, 0, 0, 0, 0, 0, 0, 0, 0, 0, 0, 0, 0, 0, 0, 0, 0, 0, 
0, 0.23676, 0.24944, 0.24002, 0.23893, 0.23735, 0.25486, 0.24045, 
0.24207, 0.2489, 0.24401, 0.24794, 0.22118, 0.23724, 0.20242, 
0.21656, 0.21652, 0.24588, 0.21864, 0.22514, 0.24308, 0.23696, 
0.23191, 0.1533, 0.1616, 0.192, 0.2041, 0.2443, 0.2885, 0.3331, 
0.3633, 0.4106, 0.453, 0.492, 300, 329.5, 360.4, 389.2, 421.5, 
452, 482.4, 512.8, 543.2, 573.6, 600, 620, 336, 1503, 2438, 197, 
521, 1875, 2113, 58, 19, 1789, 71, 86, 1, 1, 76, 531, 56, 2, 
735, 263, 9, 100, 100, 100, 100, 100, 100, 100, 100, 100, 100, 
100, 2500, 2500, 2500, 2500, 2500, 2500, 2500, 2500, 2500, 2500, 
2500, 10312.732, 11051.896, 11558.794, 12186.043, 12785.713, 
13898.832, 15182.862, 16193.664, 17172.973, 18400.957, 19574.636, 
7.27321, 3.3318, 1.45322, 1.46296, 0.24471, 11.32261, 10.02579, 
1.8807, 11.39146, -1.06071, 12.64439, -4.30657, -10.25095, -6.79221, 
-8.0968, -5.52696, -4.49063, -4.18024, -4.33435, -3.76772, -5.78853, 
-3.67649, 0, 0, 0, 0, 0, 0, 0, 0, 0, 0, 0, 0, 0, 0, 0, 0, 0, 
0, 0, 0, 0, 0, 0.23413, 0.24944, 0.23543, 0.23701, 0.23553, 0.25486, 
0.23548, 0.24049, 0.2489, 0.24672, 0.24659, 0.22118, 0.23467, 
0.20208, 0.22068, 0.21467, 0.24588, 0.21697, 0.22973, 0.24308, 
0.24541, 0.23191, 0.1451, 0.1625, 0.1843, 0.2068, 0.2453, 0.2889, 
0.3265, 0.374, 0.4112, 0.423, 0.5122, 300, 329.5, 360.2, 389, 
421.5, 452, 482.4, 512.8, 543.2, 573.6, 600, 421, 168, 2198, 
96, 2095, 182, 146, 535, 578, 647, 325, 3, 5, 2, 2, 1, 1, 3, 
2, 2, 1, 4, 100, 100, 100, 100, 100, 100, 100, 100, 100, 100, 
100, 2500, 2500, 2500, 2500, 2500, 2500, 2500, 2500, 2500, 2500, 
2500, 10783.819, 11643.007, 12201.256, 13166.337, 14161.625, 
15390.223, 16709.92, 17872.901, 19304.742, 20788.113, 21872.677, 
1, 1, 1, 1, 1, 1, 1, 1, 1, 1, 1, 0.025, 0.025, 0.025, 0.025, 
0.025, 0.025, 0.025, 0.025, 0.025, 0.025, 0.025, 0, 0, 0, 0, 
0, 0, 0, 0, 0, 0, 0, 0, 0, 0, 0, 0, 0, 0, 0, 0, 0, 0, 0.23421, 
0.22523, 0.21972, 0.21647, 0.22788, 0.216, 0.22047, 0.22932, 
0.21797, 0.22994, 0.22797, 0.22097, 0.23956, 0.2248, 0.22268, 
0.21858, 0.23021, 0.21217, 0.22016, 0.23564, 0.22579, 0.23728, 
0.1458, 0.1698, 0.2005, 0.2197, 0.2452, 0.2866, 0.3213, 0.3599, 
0.4034, 0.4291, 0.484, 300, 330.2, 360.8, 391.2, 421.6, 452, 
482.4, 512.7, 543.2, 573.5, 599.6, 1, 1, 1, 1, 1, 1, 1, 1, 1, 
1, 1, 1, 1, 1, 1, 1, 1, 1, 1, 1, 1, 1, 1, 1, 1, 1, 1, 1, 1, 1, 
1, 1, 1, 1, 1, 1, 1, 1, 1, 1, 1, 1, 1, 1, 4.106, 4.371, 4.741, 
4.784, 4.969, 5.6, 5.937, 6.4, 6.842, 6.971, 7.645), .Dim = c(11L, 
40L), .Dimnames = list(NULL, c("Sampling", "PSO.cost", "PSO.gamma", 
"PSO.data.balancing", "PSO.feature.selection", "PSO.valid.acc", 
"PSO.test.acc", "PSO.train.time", "PSO.n.support.vectors", "PSO.index", 
"PSO.n.solutions", "PSO.generations", "PSO.n.evaluations", "PSO.cpu.time", 
"RS.cost", "RS.gamma", "RS.data.balancing", "RS.feature.selection", 
"RS.valid.acc", "RS.test.acc", "RS.train.time", "RS.n.support.vectors", 
"RS.index", "RS.n.solutions", "RS.generations", "RS.n.evaluations", 
"RS.cpu.time", "DF.cost", "DF.gamma", "DF.data.balancing", "DF.feature.selection", 
"DF.valid.acc", "DF.test.acc", "DF.train.time", "DF.n.support.vectors", 
"DF.index", "DF.n.solutions", "DF.generations", "DF.n.evaluations", 
"DF.cpu.time")))
