full <-
structure(c(50, 55, 60, 65, 70, 75, 80, 85, 90, 95, 100, 1.16812, 
0.25743, 0.39083, 1.15532, 4.33012, 10.35601, 15, 0.24899, 0.73543, 
9.31251, 0.27368, -7.32727, -3.85323, -3.53171, -8.07083, -3.67586, 
-3.97555, -3.65252, -3.99415, -3.36231, -4.18994, -3.92567, 0, 
0, 0, 0, 0, 0, 0, 0, 0, 0, 0, 0, 0, 0, 0, 0, 0, 0, 0, 0, 0, 0, 
0.25675, 0.24304, 0.25338, 0.25576, 0.25212, 0.24501, 0.24384, 
0.25129, 0.25881, 0.24988, 0.252, 0.22687, 0.22109, 0.22901, 
0.23743, 0.23898, 0.2287, 0.22064, 0.23727, 0.23967, 0.23304, 
0.2536, 0.1368, 0.171, 0.207, 0.2057, 0.268, 0.2939, 0.344, 0.3783, 
0.4256, 0.4495, 0.5071, 299.7, 330.4, 360.8, 390.3, 421.6, 452, 
482.4, 512.8, 543.2, 573.6, 600, 419, 1439, 952, 121, 1533, 176, 
225, 1576, 416, 1026, 2443, 136, 18, 77, 114, 22, 821, 433, 1, 
766, 51, 1, 100, 100, 100, 100, 100, 100, 100, 100, 100, 100, 
100, 2500, 2500, 2500, 2500, 2500, 2500, 2500, 2500, 2500, 2500, 
2500, 10174.429, 11189.65, 12041.085, 12171.657, 13331.608, 15030.081, 
17855.241, 18892.63, 19503.29, 20693.943, 21853.444, 4.69198, 
6.95944, 13.9683, 0.8827, 4.2568, 10.68618, 10.97083, 14.34127, 
3.03649, 8.93576, -0.1382, -12.09163, -3.85087, -3.53673, -7.75663, 
-3.66135, -3.97605, -3.67501, -3.82317, -3.36715, -4.18951, -4.37189, 
0, 0, 0, 0, 0, 0, 0, 0, 0, 0, 0, 0, 0, 0, 0, 0, 0, 0, 0, 0, 0, 
0, 0.25128, 0.24061, 0.25338, 0.25372, 0.2503, 0.24501, 0.2422, 
0.24819, 0.25881, 0.24988, 0.25328, 0.24019, 0.21865, 0.23123, 
0.23947, 0.23905, 0.2287, 0.22395, 0.24034, 0.23969, 0.23304, 
0.25089, 0.138, 0.1774, 0.2013, 0.2172, 0.2643, 0.3007, 0.3446, 
0.3869, 0.4199, 0.4654, 0.4994, 299.6, 330.4, 360.8, 390.4, 421.6, 
452, 482.4, 512.8, 543.2, 573.6, 600, 961, 49, 1872, 631, 236, 
1005, 209, 427, 21, 810, 2138, 2, 6, 2, 1, 1, 1, 3, 1, 2, 1, 
1, 100, 100, 100, 100, 100, 100, 100, 100, 100, 100, 100, 2500, 
2500, 2500, 2500, 2500, 2500, 2500, 2500, 2500, 2500, 2500, 10780.255, 
11652.918, 12576.446, 13314.899, 14501.362, 17584.555, 19486.967, 
19822.644, 21543.899, 22795.005, 24705.417, 1, 1, 1, 1, 1, 1, 
1, 1, 1, 1, 1, 0.025, 0.025, 0.025, 0.025, 0.025, 0.025, 0.025, 
0.025, 0.025, 0.025, 0.025, 0, 0, 0, 0, 0, 0, 0, 0, 0, 0, 0, 
0, 0, 0, 0, 0, 0, 0, 0, 0, 0, 0, 0.23248, 0.21655, 0.23376, 0.24322, 
0.23524, 0.21662, 0.23397, 0.23422, 0.22961, 0.23456, 0.23455, 
0.22965, 0.21121, 0.23568, 0.23318, 0.23376, 0.23232, 0.23053, 
0.24042, 0.23117, 0.24161, 0.23071, 0.1474, 0.17, 0.1991, 0.2252, 
0.2541, 0.2844, 0.334, 0.3498, 0.3914, 0.4516, 0.4842, 300, 330.4, 
360.8, 391.2, 421.5, 451.7, 481.5, 512.7, 542.6, 573.4, 600, 
1, 1, 1, 1, 1, 1, 1, 1, 1, 1, 1, 1, 1, 1, 1, 1, 1, 1, 1, 1, 1, 
1, 1, 1, 1, 1, 1, 1, 1, 1, 1, 1, 1, 1, 1, 1, 1, 1, 1, 1, 1, 1, 
1, 1, 4.11, 4.402, 4.712, 4.984, 5.281, 6.154, 7.015, 6.888, 
7.344, 8.288, 7.848), .Dim = c(11L, 40L), .Dimnames = list(NULL, 
    c("Sampling", "PSO.cost", "PSO.gamma", "PSO.data.balancing", 
    "PSO.feature.selection", "PSO.valid.acc", "PSO.test.acc", 
    "PSO.train.time", "PSO.n.support.vectors", "PSO.index", "PSO.n.solutions", 
    "PSO.generations", "PSO.n.evaluations", "PSO.cpu.time", "RS.cost", 
    "RS.gamma", "RS.data.balancing", "RS.feature.selection", 
    "RS.valid.acc", "RS.test.acc", "RS.train.time", "RS.n.support.vectors", 
    "RS.index", "RS.n.solutions", "RS.generations", "RS.n.evaluations", 
    "RS.cpu.time", "DF.cost", "DF.gamma", "DF.data.balancing", 
    "DF.feature.selection", "DF.valid.acc", "DF.test.acc", "DF.train.time", 
    "DF.n.support.vectors", "DF.index", "DF.n.solutions", "DF.generations", 
    "DF.n.evaluations", "DF.cpu.time")))
