full <-
structure(c(50, 55, 60, 65, 70, 75, 80, 85, 90, 95, 100, 2.7153, 
4.03384, -0.01223, 3.41812, 0.29385, -0.32558, 8.03424, 15, 5.46233, 
10.26533, -0.08273, -10.0651, -11.31694, -4.73697, -9.51028, 
-4.2133, -7.05453, -13.8203, -3.36286, -3.63225, -3.85058, -7.48256, 
0, 0, 0, 0, 0, 0, 0, 0, 0, 0, 0, 0, 0, 0, 0, 0, 0, 0, 0, 0, 0, 
0, 0.27319, 0.25745, 0.25759, 0.2561, 0.25258, 0.25143, 0.24884, 
0.25764, 0.25178, 0.24559, 0.25049, 0.27288, 0.23283, 0.23929, 
0.25436, 0.24289, 0.24243, 0.22042, 0.24521, 0.24596, 0.23836, 
0.23576, 0.1338, 0.1587, 0.1927, 0.2178, 0.2542, 0.2675, 0.3081, 
0.3888, 0.4374, 0.4648, 0.4558, 299.1, 329.2, 360.8, 388.7, 421.6, 
451.6, 478.1, 512.8, 543.2, 573.6, 598, 1084, 981, 1608, 2045, 
1415, 1212, 307, 626, 106, 417, 1356, 10, 28, 24, 4, 13, 34, 
45, 369, 668, 392, 34, 100, 100, 100, 100, 100, 100, 100, 100, 
100, 100, 100, 2500, 2500, 2500, 2500, 2500, 2500, 2500, 2500, 
2500, 2500, 2500, 10119.654, 10758.088, 11549.835, 12709.728, 
13264.776, 14314.534, 18315.412, 18918.838, 19352.423, 18936.0060000001, 
19470.591, 0.32936, 6.4618, 0.08761, 2.74089, 8.2947, -0.64309, 
5.98921, 5.26179, 13.59872, 0.33674, -0.11948, -7.2298, -13.78215, 
-6.56698, -8.83739, -4.12911, -6.52729, -3.57264, -3.36281, -3.62458, 
-3.87748, -6.85818, 0, 0, 0, 0, 0, 0, 0, 0, 0, 0, 0, 0, 0, 0, 
0, 0, 0, 0, 0, 0, 0, 0, 0.2707, 0.25745, 0.25753, 0.25406, 0.25251, 
0.25143, 0.24876, 0.25764, 0.25178, 0.24556, 0.24914, 0.27018, 
0.23039, 0.2508, 0.2564, 0.2353, 0.24246, 0.23878, 0.24521, 0.24596, 
0.23984, 0.23706, 0.1413, 0.1554, 0.1923, 0.2164, 0.2613, 0.2753, 
0.3386, 0.3741, 0.4223, 0.4508, 0.4579, 299.6, 329.2, 360.4, 
389.3, 421.6, 451.9, 482.4, 512.8, 543.2, 573.6, 598.3, 948, 
1797, 1552, 1394, 637, 1255, 334, 1075, 1033, 433, 429, 2, 1, 
2, 1, 2, 1, 4, 2, 1, 1, 2, 100, 100, 100, 100, 100, 100, 100, 
100, 100, 100, 100, 2500, 2500, 2500, 2500, 2500, 2500, 2500, 
2500, 2500, 2500, 2500, 10620.43, 11438.967, 12595.372, 13649.075, 
14374.643, 17942.061, 18967.832, 20397.509, 19722.97, 21205.91, 
22561.974, 1, 1, 1, 1, 1, 1, 1, 1, 1, 1, 1, 0.025, 0.025, 0.025, 
0.025, 0.025, 0.025, 0.025, 0.025, 0.025, 0.025, 0.025, 0, 0, 
0, 0, 0, 0, 0, 0, 0, 0, 0, 0, 0, 0, 0, 0, 0, 0, 0, 0, 0, 0, 0.26215, 
0.24293, 0.24873, 0.2356, 0.23555, 0.24084, 0.23045, 0.24656, 
0.21355, 0.22442, 0.23578, 0.26478, 0.23033, 0.25317, 0.25002, 
0.23537, 0.24243, 0.22389, 0.23085, 0.22253, 0.21761, 0.22756, 
0.1402, 0.1689, 0.199, 0.2267, 0.2556, 0.2884, 0.3306, 0.3631, 
0.3958, 0.4415, 0.4836, 300, 330.4, 360.8, 391.2, 421.6, 452, 
482.2, 512.4, 543.2, 573.3, 599.8, 1, 1, 1, 1, 1, 1, 1, 1, 1, 
1, 1, 1, 1, 1, 1, 1, 1, 1, 1, 1, 1, 1, 1, 1, 1, 1, 1, 1, 1, 1, 
1, 1, 1, 1, 1, 1, 1, 1, 1, 1, 1, 1, 1, 1, 3.909, 4.349, 4.673, 
5.012, 5.246, 6.601, 6.897, 7.272, 6.745, 7.361, 7.892), .Dim = c(11L, 
40L), .Dimnames = list(NULL, c("Sampling", "PSO.cost", "PSO.gamma", 
"PSO.data.balancing", "PSO.feature.selection", "PSO.valid.acc", 
"PSO.test.acc", "PSO.train.time", "PSO.n.support.vectors", "PSO.index", 
"PSO.n.solutions", "PSO.generations", "PSO.n.evaluations", "PSO.cpu.time", 
"RS.cost", "RS.gamma", "RS.data.balancing", "RS.feature.selection", 
"RS.valid.acc", "RS.test.acc", "RS.train.time", "RS.n.support.vectors", 
"RS.index", "RS.n.solutions", "RS.generations", "RS.n.evaluations", 
"RS.cpu.time", "DF.cost", "DF.gamma", "DF.data.balancing", "DF.feature.selection", 
"DF.valid.acc", "DF.test.acc", "DF.train.time", "DF.n.support.vectors", 
"DF.index", "DF.n.solutions", "DF.generations", "DF.n.evaluations", 
"DF.cpu.time")))
