full <-
structure(c(50, 55, 60, 65, 70, 75, 80, 85, 90, 95, 100, 7.73417, 
2.21391, 11.48117, 0.28777, 7.58726, -0.11247, 11.49812, 9.78667, 
7.92975, 0.36313, 0.26276, -4.01985, -3.97192, -3.87679, -3.84052, 
-3.84501, -5.39611, -3.76712, -4.11203, -3.9623, -4.01295, -3.96801, 
0, 0, 0, 0, 0, 0, 0, 0, 0, 0, 0, 0, 0, 0, 0, 0, 0, 0, 0, 0, 0, 
0, 0.24516, 0.25399, 0.25275, 0.25347, 0.26007, 0.26616, 0.25772, 
0.24678, 0.25641, 0.26518, 0.25325, 0.2445, 0.2465, 0.22828, 
0.24513, 0.26196, 0.25158, 0.24923, 0.23548, 0.2417, 0.24702, 
0.24379, 0.1498, 0.1759, 0.1962, 0.2279, 0.2695, 0.2936, 0.3265, 
0.3731, 0.4235, 0.4634, 0.5044, 300, 330.4, 360.8, 391.2, 421.6, 
452, 482.4, 512.8, 543.2, 573.6, 600, 456, 465, 2023, 1684, 446, 
2400, 117, 248, 773, 823, 1602, 276, 744, 560, 3, 836, 2, 1315, 
895, 27, 65, 1, 100, 100, 100, 100, 100, 100, 100, 100, 100, 
100, 100, 2500, 2500, 2500, 2500, 2500, 2500, 2500, 2500, 2500, 
2500, 2500, 9835.163, 10537.062, 11128.884, 12003.254, 12755.588, 
13707.638, 14915.998, 16128.108, 17351.053, 18935.255, 20191.998, 
2.30373, 1.23006, 9.43131, 12.70391, 11.03734, 1.88845, 4.35939, 
14.1684, 6.11925, 9.82868, 7.61634, -4.0158, -3.96892, -3.82573, 
-3.84182, -3.86739, -3.83834, -3.80943, -4.13581, -3.68667, -3.96729, 
-3.57277, 0, 0, 0, 0, 0, 0, 0, 0, 0, 0, 0, 0, 0, 0, 0, 0, 0, 
0, 0, 0, 0, 0, 0.24509, 0.25399, 0.25275, 0.25134, 0.26007, 0.26387, 
0.25772, 0.24669, 0.25628, 0.26238, 0.25069, 0.24713, 0.2465, 
0.23056, 0.24513, 0.26388, 0.25503, 0.25931, 0.23548, 0.23727, 
0.24702, 0.23856, 0.149, 0.1766, 0.1962, 0.2252, 0.2589, 0.3024, 
0.3422, 0.3618, 0.4236, 0.4694, 0.5039, 300, 330.4, 360.8, 391.2, 
421.6, 452, 482.4, 512.8, 543.2, 573.6, 600, 1983, 1722, 426, 
146, 763, 616, 186, 1922, 542, 36, 55, 2, 2, 5, 2, 3, 1, 8, 2, 
1, 4, 1, 100, 100, 100, 100, 100, 100, 100, 100, 100, 100, 100, 
2500, 2500, 2500, 2500, 2500, 2500, 2500, 2500, 2500, 2500, 2500, 
10171.813, 10920.335, 11818.236, 12460.07, 13697.888, 14849.952, 
16621.949, 17695.74, 19595.802, 21502.084, 22757.911, 1, 1, 1, 
1, 1, 1, 1, 1, 1, 1, 1, 0.025, 0.025, 0.025, 0.025, 0.025, 0.025, 
0.025, 0.025, 0.025, 0.025, 0.025, 0, 0, 0, 0, 0, 0, 0, 0, 0, 
0, 0, 0, 0, 0, 0, 0, 0, 0, 0, 0, 0, 0, 0.21831, 0.22035, 0.22162, 
0.237, 0.22385, 0.25707, 0.23949, 0.23109, 0.23439, 0.24274, 
0.23726, 0.22087, 0.23702, 0.21311, 0.23089, 0.24131, 0.24625, 
0.23575, 0.2349, 0.22838, 0.23313, 0.23334, 0.144, 0.162, 0.1934, 
0.2234, 0.2469, 0.2786, 0.326, 0.3583, 0.3932, 0.4347, 0.479, 
300, 330.4, 360.8, 391.2, 421.6, 452, 482.4, 512.5, 542.8, 573.4, 
600, 1, 1, 1, 1, 1, 1, 1, 1, 1, 1, 1, 1, 1, 1, 1, 1, 1, 1, 1, 
1, 1, 1, 1, 1, 1, 1, 1, 1, 1, 1, 1, 1, 1, 1, 1, 1, 1, 1, 1, 1, 
1, 1, 1, 1, 3.877, 3.979, 4.52, 4.783, 4.888, 5.208, 5.918, 6.204, 
6.542, 7.294, 7.733), .Dim = c(11L, 40L), .Dimnames = list(NULL, 
    c("Sampling", "PSO.cost", "PSO.gamma", "PSO.data.balancing", 
    "PSO.feature.selection", "PSO.valid.acc", "PSO.test.acc", 
    "PSO.train.time", "PSO.n.support.vectors", "PSO.index", "PSO.n.solutions", 
    "PSO.generations", "PSO.n.evaluations", "PSO.cpu.time", "RS.cost", 
    "RS.gamma", "RS.data.balancing", "RS.feature.selection", 
    "RS.valid.acc", "RS.test.acc", "RS.train.time", "RS.n.support.vectors", 
    "RS.index", "RS.n.solutions", "RS.generations", "RS.n.evaluations", 
    "RS.cpu.time", "DF.cost", "DF.gamma", "DF.data.balancing", 
    "DF.feature.selection", "DF.valid.acc", "DF.test.acc", "DF.train.time", 
    "DF.n.support.vectors", "DF.index", "DF.n.solutions", "DF.generations", 
    "DF.n.evaluations", "DF.cpu.time")))
