full <-
structure(c(50, 55, 60, 65, 70, 75, 80, 85, 90, 95, 100, 0.26203, 
5.8821, 0.71073, 14.71937, 0.51075, 3.24053, 0.02381, 0.28163, 
6.12954, 0.53383, -0.86024, -6.39227, -4.30996, -6.42241, -4.26856, 
-4.48701, -9.96971, -5.77347, -4.99815, -3.45322, -4.02049, -5.53625, 
0, 0, 0, 0, 0, 0, 0, 0, 0, 0, 0, 0, 0, 0, 0, 0, 0, 0, 0, 0, 0, 
0, 0.26786, 0.27156, 0.27698, 0.26815, 0.25576, 0.26403, 0.27063, 
0.27286, 0.26058, 0.2595, 0.24158, 0.23887, 0.2666, 0.24379, 
0.26436, 0.25006, 0.25137, 0.26236, 0.26365, 0.25033, 0.2469, 
0.23059, 0.1372, 0.1712, 0.1908, 0.2288, 0.2679, 0.2593, 0.3204, 
0.3592, 0.4244, 0.4447, 0.4748, 299.5, 330.4, 358.9, 391.2, 421.6, 
446.9, 481.1, 512.5, 543.2, 573.6, 599.9, 1219, 1031, 1614, 141, 
860, 1277, 306, 2173, 408, 1429, 2467, 48, 72, 2, 974, 225, 1, 
434, 13, 539, 10, 1, 100, 100, 100, 100, 100, 100, 100, 100, 
100, 100, 100, 2500, 2500, 2500, 2500, 2500, 2500, 2500, 2500, 
2500, 2500, 2500, 10208.137, 11146.998, 11943.86, 12682.162, 
13348.851, 13601.977, 15166.773, 15562.058, 17297.479, 18203.341, 
19424.282, 0.16569, 0.31249, 3.41576, 3.32086, 5.77488, 3.56163, 
-0.17564, 0.2409, 2.17792, 2.48812, -0.95575, -5.97852, -4.85149, 
-9.9722, -4.22462, -4.60138, -10.29779, -5.76567, -4.93583, -3.45118, 
-4.00786, -5.80646, 0, 0, 0, 0, 0, 0, 0, 0, 0, 0, 0, 0, 0, 0, 
0, 0, 0, 0, 0, 0, 0, 0, 0.26514, 0.27864, 0.27249, 0.26815, 0.2502, 
0.26221, 0.26738, 0.26978, 0.26058, 0.25946, 0.2402, 0.24435, 
0.257, 0.22595, 0.26436, 0.23849, 0.25137, 0.26397, 0.26214, 
0.25033, 0.24694, 0.22917, 0.1407, 0.169, 0.1861, 0.2338, 0.2559, 
0.2699, 0.3238, 0.3614, 0.4113, 0.4466, 0.474, 299.6, 330.4, 
356.8, 391.2, 421.6, 446.9, 481.3, 512.6, 543.2, 573.6, 599.8, 
1424, 994, 1731, 5, 201, 1158, 128, 1633, 1092, 36, 61, 1, 1, 
1, 13, 4, 2, 1, 1, 1, 4, 1, 100, 100, 100, 100, 100, 100, 100, 
100, 100, 100, 100, 2500, 2500, 2500, 2500, 2500, 2500, 2500, 
2500, 2500, 2500, 2500, 10696.65, 11479.852, 12290.727, 13637.292, 
14198.346, 15672.835, 16805.691, 17799.724, 19395.707, 20446.203, 
22034.453, 1, 1, 1, 1, 1, 1, 1, 1, 1, 1, 1, 0.025, 0.025, 0.025, 
0.025, 0.025, 0.025, 0.025, 0.025, 0.025, 0.025, 0.025, 0, 0, 
0, 0, 0, 0, 0, 0, 0, 0, 0, 0, 0, 0, 0, 0, 0, 0, 0, 0, 0, 0, 0.25688, 
0.25695, 0.24818, 0.26023, 0.24248, 0.24617, 0.26744, 0.2573, 
0.243, 0.23858, 0.22567, 0.25453, 0.25956, 0.23717, 0.2644, 0.24458, 
0.24093, 0.25402, 0.26216, 0.24884, 0.23442, 0.22142, 0.1435, 
0.1672, 0.1953, 0.2254, 0.2451, 0.2911, 0.3103, 0.3642, 0.3836, 
0.4318, 0.4686, 299.9, 330.3, 360.5, 391.1, 421.4, 451.9, 482.1, 
512.3, 542.7, 573.4, 599.8, 1, 1, 1, 1, 1, 1, 1, 1, 1, 1, 1, 
1, 1, 1, 1, 1, 1, 1, 1, 1, 1, 1, 1, 1, 1, 1, 1, 1, 1, 1, 1, 1, 
1, 1, 1, 1, 1, 1, 1, 1, 1, 1, 1, 1, 4.137, 4.334, 4.592, 4.992, 
5.162, 5.679, 5.674, 6.412, 6.368, 6.952, 7.35), .Dim = c(11L, 
40L), .Dimnames = list(NULL, c("Sampling", "PSO.cost", "PSO.gamma", 
"PSO.data.balancing", "PSO.feature.selection", "PSO.valid.acc", 
"PSO.test.acc", "PSO.train.time", "PSO.n.support.vectors", "PSO.index", 
"PSO.n.solutions", "PSO.generations", "PSO.n.evaluations", "PSO.cpu.time", 
"RS.cost", "RS.gamma", "RS.data.balancing", "RS.feature.selection", 
"RS.valid.acc", "RS.test.acc", "RS.train.time", "RS.n.support.vectors", 
"RS.index", "RS.n.solutions", "RS.generations", "RS.n.evaluations", 
"RS.cpu.time", "DF.cost", "DF.gamma", "DF.data.balancing", "DF.feature.selection", 
"DF.valid.acc", "DF.test.acc", "DF.train.time", "DF.n.support.vectors", 
"DF.index", "DF.n.solutions", "DF.generations", "DF.n.evaluations", 
"DF.cpu.time")))
