full <-
structure(c(50, 55, 60, 65, 70, 75, 80, 85, 90, 95, 100, 0.7095, 
0.24112, 0.54304, 5.13222, 12.6928, 3.58802, 0.12381, 15, 2.69464, 
3.3035, 11.42353, -4.61998, -5.01443, -6.37377, -4.34124, -4.24967, 
-3.56752, -3.58424, -3.0787, -3.27987, -3.40792, -3.39002, 0, 
0, 0, 0, 0, 0, 0, 0, 0, 0, 0, 0, 0, 0, 0, 0, 0, 0, 0, 0, 0, 0, 
0.29077, 0.28278, 0.27982, 0.26394, 0.26196, 0.26925, 0.26388, 
0.25432, 0.25321, 0.24679, 0.24524, 0.28024, 0.25416, 0.25316, 
0.26174, 0.24834, 0.25671, 0.25563, 0.23549, 0.22965, 0.24407, 
0.24668, 0.1474, 0.1696, 0.191, 0.2286, 0.2563, 0.2982, 0.3305, 
0.3801, 0.4243, 0.474, 0.5065, 300, 330.4, 359.2, 391.2, 421.6, 
452, 482.4, 512.8, 543.2, 573.6, 600, 1508, 970, 1218, 267, 291, 
101, 1184, 1080, 223, 68, 850, 61, 30, 59, 623, 626, 868, 48, 
22, 741, 473, 307, 100, 100, 100, 100, 100, 100, 100, 100, 100, 
100, 100, 2500, 2500, 2500, 2500, 2500, 2500, 2500, 2500, 2500, 
2500, 2500, 10556.245, 11132.048, 11883.619, 12654.246, 12930.999, 
13950.245, 15121.586, 16255.487, 17378.313, 18534.833, 19893.553, 
0.85348, 0.29117, 0.13483, 6.50831, 4.62225, 1.17689, 6.59516, 
7.07177, 9.34968, 14.98811, 10.54195, -4.62813, -5.19217, -5.3403, 
-4.35094, -4.24131, -3.57166, -3.57182, -3.07336, -3.26874, -3.36032, 
-3.40912, 0, 0, 0, 0, 0, 0, 0, 0, 0, 0, 0, 0, 0, 0, 0, 0, 0, 
0, 0, 0, 0, 0, 0.28807, 0.28034, 0.27083, 0.26394, 0.26196, 0.26925, 
0.26222, 0.2528, 0.25321, 0.24679, 0.24524, 0.26686, 0.25184, 
0.2576, 0.26174, 0.24834, 0.25499, 0.25396, 0.23549, 0.2282, 
0.24401, 0.24933, 0.1502, 0.1684, 0.1929, 0.23, 0.2586, 0.2968, 
0.3372, 0.3809, 0.4177, 0.4759, 0.5051, 300, 330.2, 360.4, 391.2, 
421.6, 452, 482.4, 512.8, 543.2, 573.6, 600, 2214, 1221, 1780, 
55, 2110, 153, 391, 338, 95, 378, 1504, 1, 1, 1, 5, 1, 1, 7, 
1, 8, 4, 1, 100, 100, 100, 100, 100, 100, 100, 100, 100, 100, 
100, 2500, 2500, 2500, 2500, 2500, 2500, 2500, 2500, 2500, 2500, 
2500, 10898.428, 11564.583, 12373.893, 12937.175, 13857.86, 15273.182, 
16524.537, 17849.566, 19163.055, 20956.773, 21625.509, 1, 1, 
1, 1, 1, 1, 1, 1, 1, 1, 1, 0.025, 0.025, 0.025, 0.025, 0.025, 
0.025, 0.025, 0.025, 0.025, 0.025, 0.025, 0, 0, 0, 0, 0, 0, 0, 
0, 0, 0, 0, 0, 0, 0, 0, 0, 0, 0, 0, 0, 0, 0, 0.26929, 0.26104, 
0.26193, 0.24949, 0.24479, 0.25282, 0.257, 0.22772, 0.22426, 
0.22738, 0.22802, 0.27249, 0.25435, 0.25315, 0.25349, 0.24472, 
0.23151, 0.25888, 0.23395, 0.24767, 0.22462, 0.21472, 0.1436, 
0.1672, 0.1915, 0.2166, 0.2467, 0.285, 0.3196, 0.3546, 0.3989, 
0.4492, 0.4636, 299.6, 330.1, 360.4, 390.7, 421.2, 451.9, 482, 
512.6, 542.6, 573.3, 599.8, 1, 1, 1, 1, 1, 1, 1, 1, 1, 1, 1, 
1, 1, 1, 1, 1, 1, 1, 1, 1, 1, 1, 1, 1, 1, 1, 1, 1, 1, 1, 1, 1, 
1, 1, 1, 1, 1, 1, 1, 1, 1, 1, 1, 1, 4.119, 4.398, 4.598, 4.672, 
4.994, 5.487, 5.874, 6.224, 6.782, 7.342, 7.324), .Dim = c(11L, 
40L), .Dimnames = list(NULL, c("Sampling", "PSO.cost", "PSO.gamma", 
"PSO.data.balancing", "PSO.feature.selection", "PSO.valid.acc", 
"PSO.test.acc", "PSO.train.time", "PSO.n.support.vectors", "PSO.index", 
"PSO.n.solutions", "PSO.generations", "PSO.n.evaluations", "PSO.cpu.time", 
"RS.cost", "RS.gamma", "RS.data.balancing", "RS.feature.selection", 
"RS.valid.acc", "RS.test.acc", "RS.train.time", "RS.n.support.vectors", 
"RS.index", "RS.n.solutions", "RS.generations", "RS.n.evaluations", 
"RS.cpu.time", "DF.cost", "DF.gamma", "DF.data.balancing", "DF.feature.selection", 
"DF.valid.acc", "DF.test.acc", "DF.train.time", "DF.n.support.vectors", 
"DF.index", "DF.n.solutions", "DF.generations", "DF.n.evaluations", 
"DF.cpu.time")))
