full <-
structure(c(50, 55, 60, 65, 70, 75, 80, 85, 90, 95, 100, 0.84653, 
6.82777, 6.212, 4.39197, 0.01131, 0.27643, 3.98361, 7.04754, 
12.12495, 0.88132, -1.01663, -3.89006, -3.36702, -4.38826, -3.72452, 
-4.53311, -3.63358, -3.77913, -3.61963, -3.8275, -4.2955, -5.39353, 
0, 0, 0, 0, 0, 0, 0, 0, 0, 0, 0, 0, 0, 0, 0, 0, 0, 0, 0, 0, 0, 
0, 0.25363, 0.23711, 0.25334, 0.24793, 0.25327, 0.24784, 0.25065, 
0.24322, 0.25039, 0.25389, 0.25595, 0.25904, 0.23229, 0.23999, 
0.24593, 0.24142, 0.24254, 0.23889, 0.23877, 0.23858, 0.23167, 
0.24391, 0.148, 0.1746, 0.1994, 0.232, 0.2545, 0.293, 0.3363, 
0.3642, 0.4182, 0.4634, 0.4645, 300, 330.4, 360.8, 391.2, 421.6, 
452, 482.4, 512.8, 543.2, 573.6, 600, 156, 147, 332, 59, 1118, 
1218, 668, 608, 12, 2433, 2240, 684, 810, 572, 906, 71, 14, 298, 
440, 848, 1, 6, 100, 100, 100, 100, 100, 100, 100, 100, 100, 
100, 100, 2500, 2500, 2500, 2500, 2500, 2500, 2500, 2500, 2500, 
2500, 2500, 10286.49, 11012.508, 11794.228, 12786.37, 13125.927, 
14421.073, 15304.865, 16217.744, 17441.951, 18752.163, 19572.783, 
10.00356, 2.54604, 0.99343, 0.04579, 9.72326, 8.56335, 0.1778, 
10.85657, 8.08701, 1.6439, 12.90783, -3.89534, -3.36828, -4.39724, 
-4.34439, -3.77766, -3.6408, -7.4043, -3.61959, -3.82527, -4.29305, 
-3.50677, 0, 0, 0, 0, 0, 0, 0, 0, 0, 0, 0, 0, 0, 0, 0, 0, 0, 
0, 0, 0, 0, 0, 0.25363, 0.23711, 0.25334, 0.25205, 0.24727, 0.24602, 
0.24865, 0.24322, 0.25039, 0.2525, 0.25193, 0.25904, 0.23229, 
0.23999, 0.23946, 0.23571, 0.24076, 0.22195, 0.23877, 0.23858, 
0.23167, 0.24275, 0.1527, 0.1733, 0.208, 0.2217, 0.2686, 0.2963, 
0.2926, 0.3651, 0.415, 0.4681, 0.4941, 300, 330.4, 360.8, 391.2, 
421.6, 452, 480.5, 512.8, 543.2, 573.6, 600, 86, 182, 2023, 160, 
220, 1090, 1932, 429, 1169, 647, 54, 2, 16, 3, 1, 2, 4, 1, 1, 
1, 2, 2, 100, 100, 100, 100, 100, 100, 100, 100, 100, 100, 100, 
2500, 2500, 2500, 2500, 2500, 2500, 2500, 2500, 2500, 2500, 2500, 
10609.032, 11475.767, 12627.461, 13621.201, 14433.831, 15614.195, 
16798.377, 17869.037, 19509.688, 21106.425, 22215.393, 1, 1, 
1, 1, 1, 1, 1, 1, 1, 1, 1, 0.025, 0.025, 0.025, 0.025, 0.025, 
0.025, 0.025, 0.025, 0.025, 0.025, 0.025, 0, 0, 0, 0, 0, 0, 0, 
0, 0, 0, 0, 0, 0, 0, 0, 0, 0, 0, 0, 0, 0, 0, 0.23498, 0.21272, 
0.23551, 0.23976, 0.23572, 0.23721, 0.22864, 0.23069, 0.22973, 
0.23016, 0.23457, 0.23264, 0.22974, 0.2442, 0.22954, 0.23935, 
0.21785, 0.2237, 0.2354, 0.24899, 0.23014, 0.23859, 0.1409, 0.1637, 
0.2, 0.2218, 0.2548, 0.281, 0.3161, 0.3468, 0.3934, 0.4307, 0.4687, 
300, 330.4, 360.8, 391.2, 421.6, 452, 482.4, 512.6, 543.1, 573.6, 
599.9, 1, 1, 1, 1, 1, 1, 1, 1, 1, 1, 1, 1, 1, 1, 1, 1, 1, 1, 
1, 1, 1, 1, 1, 1, 1, 1, 1, 1, 1, 1, 1, 1, 1, 1, 1, 1, 1, 1, 1, 
1, 1, 1, 1, 1, 3.903, 4.208, 4.734, 4.844, 5.243, 5.52, 5.965, 
6.196, 6.706, 7.259, 7.65), .Dim = c(11L, 40L), .Dimnames = list(
    NULL, c("Sampling", "PSO.cost", "PSO.gamma", "PSO.data.balancing", 
    "PSO.feature.selection", "PSO.valid.acc", "PSO.test.acc", 
    "PSO.train.time", "PSO.n.support.vectors", "PSO.index", "PSO.n.solutions", 
    "PSO.generations", "PSO.n.evaluations", "PSO.cpu.time", "RS.cost", 
    "RS.gamma", "RS.data.balancing", "RS.feature.selection", 
    "RS.valid.acc", "RS.test.acc", "RS.train.time", "RS.n.support.vectors", 
    "RS.index", "RS.n.solutions", "RS.generations", "RS.n.evaluations", 
    "RS.cpu.time", "DF.cost", "DF.gamma", "DF.data.balancing", 
    "DF.feature.selection", "DF.valid.acc", "DF.test.acc", "DF.train.time", 
    "DF.n.support.vectors", "DF.index", "DF.n.solutions", "DF.generations", 
    "DF.n.evaluations", "DF.cpu.time")))
