full <-
structure(c(50, 55, 60, 65, 70, 75, 80, 85, 90, 95, 100, 0.81236, 
6.74373, 15, -1.03005, 3.30173, 8.07587, 5.92768, 11.08314, 5.59469, 
3.03955, 5.20319, -3.89581, -3.55469, -3.69218, -6.53441, -4.03686, 
-3.8031, -3.52083, -3.63123, -4.22517, -3.62085, -3.3871, 0, 
0, 0, 0, 0, 0, 0, 0, 0, 0, 0, 0, 0, 0, 0, 0, 0, 0, 0, 0, 0, 0, 
0.25316, 0.26264, 0.26556, 0.26207, 0.26007, 0.26563, 0.26856, 
0.25741, 0.26949, 0.26084, 0.24415, 0.25294, 0.25052, 0.25475, 
0.2397, 0.25615, 0.2479, 0.25505, 0.24478, 0.25766, 0.24567, 
0.23748, 0.15, 0.1779, 0.2071, 0.2174, 0.2638, 0.2974, 0.3334, 
0.368, 0.4061, 0.4525, 0.5131, 300, 330.4, 360.8, 391, 421.6, 
452, 482.4, 512.8, 543.2, 573.6, 600, 68, 287, 887, 1312, 65, 
354, 111, 263, 558, 428, 712, 1007, 898, 331, 24, 751, 837, 876, 
252, 583, 554, 342, 100, 100, 100, 100, 100, 100, 100, 100, 100, 
100, 100, 2500, 2500, 2500, 2500, 2500, 2500, 2500, 2500, 2500, 
2500, 2500, 10035.001, 10793.871, 11604.529, 12258.007, 13379.305, 
14218.645, 15351.371, 15720.774, 16891.159, 18391.616, 21518.124, 
8.35396, 14.54077, 13.40717, 0.48271, 0.40437, 7.43893, 6.38712, 
2.81398, 6.53789, 14.69555, 5.28172, -3.89554, -3.55963, -3.67277, 
-8.60336, -4.1083, -3.80378, -3.52515, -3.85576, -4.22602, -3.6375, 
-3.38707, 0, 0, 0, 0, 0, 0, 0, 0, 0, 0, 0, 0, 0, 0, 0, 0, 0, 
0, 0, 0, 0, 0, 0.25316, 0.26264, 0.26334, 0.26203, 0.26196, 0.26563, 
0.26856, 0.25731, 0.26949, 0.26084, 0.24415, 0.25294, 0.25052, 
0.25475, 0.24782, 0.25615, 0.2479, 0.25341, 0.2558, 0.25766, 
0.24845, 0.23748, 0.1439, 0.1775, 0.2017, 0.2142, 0.2582, 0.2908, 
0.3431, 0.37, 0.4096, 0.4535, 0.5154, 300, 330.4, 360.8, 390.7, 
421.6, 452, 482.4, 512.8, 543.2, 573.6, 600, 455, 465, 174, 1427, 
2182, 1827, 317, 21, 35, 1247, 308, 3, 8, 6, 1, 1, 2, 3, 2, 1, 
1, 1, 100, 100, 100, 100, 100, 100, 100, 100, 100, 100, 100, 
2500, 2500, 2500, 2500, 2500, 2500, 2500, 2500, 2500, 2500, 2500, 
10342.906, 11331.883, 12448.945, 13414.192, 14378.657, 15412.435, 
16430.505, 17890.589, 19424.057, 20757.667, 24852.27, 1, 1, 1, 
1, 1, 1, 1, 1, 1, 1, 1, 0.025, 0.025, 0.025, 0.025, 0.025, 0.025, 
0.025, 0.025, 0.025, 0.025, 0.025, 0, 0, 0, 0, 0, 0, 0, 0, 0, 
0, 0, 0, 0, 0, 0, 0, 0, 0, 0, 0, 0, 0, 0.23159, 0.23848, 0.24111, 
0.25191, 0.25249, 0.24966, 0.25528, 0.24801, 0.24888, 0.23722, 
0.23114, 0.23978, 0.23878, 0.24571, 0.25395, 0.25423, 0.25311, 
0.25705, 0.24808, 0.24008, 0.24151, 0.22839, 0.1438, 0.1627, 
0.1968, 0.2177, 0.2544, 0.2812, 0.3122, 0.3508, 0.3853, 0.4271, 
0.4886, 300, 330.4, 360.5, 391.2, 421.5, 451.9, 482, 512.5, 543.1, 
573.3, 599.8, 1, 1, 1, 1, 1, 1, 1, 1, 1, 1, 1, 1, 1, 1, 1, 1, 
1, 1, 1, 1, 1, 1, 1, 1, 1, 1, 1, 1, 1, 1, 1, 1, 1, 1, 1, 1, 1, 
1, 1, 1, 1, 1, 1, 1, 3.958, 4.08, 4.659, 4.676, 5.185, 5.576, 
5.652, 6.161, 6.673, 7.063, 8.556), .Dim = c(11L, 40L), .Dimnames = list(
    NULL, c("Sampling", "PSO.cost", "PSO.gamma", "PSO.data.balancing", 
    "PSO.feature.selection", "PSO.valid.acc", "PSO.test.acc", 
    "PSO.train.time", "PSO.n.support.vectors", "PSO.index", "PSO.n.solutions", 
    "PSO.generations", "PSO.n.evaluations", "PSO.cpu.time", "RS.cost", 
    "RS.gamma", "RS.data.balancing", "RS.feature.selection", 
    "RS.valid.acc", "RS.test.acc", "RS.train.time", "RS.n.support.vectors", 
    "RS.index", "RS.n.solutions", "RS.generations", "RS.n.evaluations", 
    "RS.cpu.time", "DF.cost", "DF.gamma", "DF.data.balancing", 
    "DF.feature.selection", "DF.valid.acc", "DF.test.acc", "DF.train.time", 
    "DF.n.support.vectors", "DF.index", "DF.n.solutions", "DF.generations", 
    "DF.n.evaluations", "DF.cpu.time")))
