full <-
structure(c(50, 55, 60, 65, 70, 75, 80, 85, 90, 95, 100, 0.58068, 
3.77196, 0.27199, 0.46522, 7.74577, 11.38715, -0.05023, 12.54695, 
0.71295, 15, 1.24972, -4.27724, -3.86041, -3.98189, -3.87174, 
-3.52082, -3.74952, -4.37707, -3.86057, -3.51418, -3.68737, -3.83743, 
0, 0, 0, 0, 0, 0, 0, 0, 0, 0, 0, 0, 0, 0, 0, 0, 0, 0, 0, 0, 0, 
0, 0.26388, 0.25204, 0.26648, 0.26976, 0.25982, 0.25656, 0.25058, 
0.2669, 0.25045, 0.24411, 0.25907, 0.25347, 0.23979, 0.24162, 
0.25955, 0.25426, 0.24231, 0.23869, 0.24963, 0.25028, 0.23559, 
0.2562, 0.1532, 0.182, 0.1984, 0.2298, 0.2646, 0.2999, 0.3186, 
0.368, 0.4131, 0.4617, 0.5034, 300, 330.4, 360.8, 391.2, 421.6, 
452, 482.4, 512.8, 543.2, 573.6, 600, 1351, 110, 1135, 585, 162, 
74, 1204, 678, 347, 557, 554, 26, 919, 21, 124, 760, 551, 1, 
652, 584, 242, 508, 100, 100, 100, 100, 100, 100, 100, 100, 100, 
100, 100, 2500, 2500, 2500, 2500, 2500, 2500, 2500, 2500, 2500, 
2500, 2500, 11222.805, 13044.194, 13721.734, 14473.661, 15386.476, 
14199.177, 14746.011, 15826.753, 17205.406, 18760.357, 19469.92, 
10.45574, 4.4565, 14.48511, 11.92409, 12.68383, 2.55428, -0.07463, 
2.89961, 6.19177, 8.24859, 11.96469, -4.23265, -3.88279, -4.09301, 
-3.87767, -3.5225, -3.67925, -4.39731, -3.85834, -3.52471, -3.81434, 
-3.83932, 0, 0, 0, 0, 0, 0, 0, 0, 0, 0, 0, 0, 0, 0, 0, 0, 0, 
0, 0, 0, 0, 0, 0.26368, 0.25204, 0.26634, 0.26776, 0.25982, 0.25653, 
0.25222, 0.2669, 0.25045, 0.24282, 0.25907, 0.25888, 0.23979, 
0.2485, 0.25955, 0.25426, 0.246, 0.23869, 0.24963, 0.2488, 0.24129, 
0.2562, 0.1509, 0.1821, 0.2048, 0.2318, 0.2649, 0.2964, 0.3168, 
0.3667, 0.4114, 0.4654, 0.4986, 300, 330.4, 360.8, 391.2, 421.6, 
452, 482.4, 512.8, 543.2, 573.6, 600, 186, 398, 1133, 213, 1265, 
337, 2167, 545, 1794, 2108, 16, 5, 3, 3, 3, 1, 4, 1, 1, 1, 1, 
2, 100, 100, 100, 100, 100, 100, 100, 100, 100, 100, 100, 2500, 
2500, 2500, 2500, 2500, 2500, 2500, 2500, 2500, 2500, 2500, 12628.335, 
13491.496, 14258.545, 15861.612, 16512.991, 15071.795, 16369.834, 
17633.679, 19402.725, 20792.929, 21963.243, 1, 1, 1, 1, 1, 1, 
1, 1, 1, 1, 1, 0.025, 0.025, 0.025, 0.025, 0.025, 0.025, 0.025, 
0.025, 0.025, 0.025, 0.025, 0, 0, 0, 0, 0, 0, 0, 0, 0, 0, 0, 
0, 0, 0, 0, 0, 0, 0, 0, 0, 0, 0, 0.24836, 0.23499, 0.24414, 0.24938, 
0.24279, 0.2283, 0.24035, 0.25442, 0.23104, 0.23429, 0.2456, 
0.23503, 0.23739, 0.23994, 0.24734, 0.24268, 0.22632, 0.24858, 
0.25457, 0.24439, 0.22306, 0.24013, 0.147, 0.1642, 0.1921, 0.2342, 
0.2567, 0.2828, 0.3153, 0.3514, 0.4037, 0.4477, 0.4676, 300, 
330.3, 360.5, 390.8, 420.5, 451.2, 482.1, 512.8, 543.2, 573.5, 
599.9, 1, 1, 1, 1, 1, 1, 1, 1, 1, 1, 1, 1, 1, 1, 1, 1, 1, 1, 
1, 1, 1, 1, 1, 1, 1, 1, 1, 1, 1, 1, 1, 1, 1, 1, 1, 1, 1, 1, 1, 
1, 1, 1, 1, 1, 4.908, 4.879, 5.179, 5.992, 6.064, 5.434, 5.762, 
6.165, 6.888, 7.319, 7.399), .Dim = c(11L, 40L), .Dimnames = list(
    NULL, c("Sampling", "PSO.cost", "PSO.gamma", "PSO.data.balancing", 
    "PSO.feature.selection", "PSO.valid.acc", "PSO.test.acc", 
    "PSO.train.time", "PSO.n.support.vectors", "PSO.index", "PSO.n.solutions", 
    "PSO.generations", "PSO.n.evaluations", "PSO.cpu.time", "RS.cost", 
    "RS.gamma", "RS.data.balancing", "RS.feature.selection", 
    "RS.valid.acc", "RS.test.acc", "RS.train.time", "RS.n.support.vectors", 
    "RS.index", "RS.n.solutions", "RS.generations", "RS.n.evaluations", 
    "RS.cpu.time", "DF.cost", "DF.gamma", "DF.data.balancing", 
    "DF.feature.selection", "DF.valid.acc", "DF.test.acc", "DF.train.time", 
    "DF.n.support.vectors", "DF.index", "DF.n.solutions", "DF.generations", 
    "DF.n.evaluations", "DF.cpu.time")))
