full <-
structure(c(50, 55, 60, 65, 70, 75, 80, 85, 90, 95, 100, 2.76579, 
0.46321, 0.4974, 4.18791, 0.16245, 6.15758, 11.5375, 0.31264, 
5.79497, 4.27765, 4.70417, -10.21163, -5.98194, -6.1476, -3.02311, 
-9.32591, -3.51868, -3.48184, -3.77696, -3.70354, -4.46052, -4.46292, 
0, 0, 0, 0, 0, 0, 0, 0, 0, 0, 0, 0, 0, 0, 0, 0, 0, 0, 0, 0, 0, 
0, 0.2338, 0.23706, 0.2389, 0.21854, 0.21269, 0.23023, 0.23058, 
0.24489, 0.23885, 0.24971, 0.25423, 0.19715, 0.20574, 0.19898, 
0.21849, 0.21269, 0.21769, 0.2223, 0.23232, 0.22829, 0.21616, 
0.2372, 0.141, 0.172, 0.1878, 0.2428, 0.232, 0.3079, 0.3383, 
0.3616, 0.4116, 0.4584, 0.4977, 299.6, 330.3, 360, 391.2, 420.5, 
452, 482.4, 512.8, 543.2, 573.6, 600, 1057, 644, 713, 1544, 375, 
177, 596, 2169, 236, 135, 119, 25, 143, 223, 31, 68, 746, 224, 
1, 675, 352, 355, 100, 100, 100, 100, 100, 100, 100, 100, 100, 
100, 100, 2500, 2500, 2500, 2500, 2500, 2500, 2500, 2500, 2500, 
2500, 2500, 10104.762, 10769.723, 11372.249, 12330.88, 13228.727, 
14622.271, 15416.841, 16242.526, 17627.706, 18775.713, 19966.845, 
1.47825, 0.40128, 3.65756, 14.0748, 2.31862, 1.95672, 9.36418, 
2.94975, 8.90291, 5.2618, 13.05891, -8.76188, -5.99946, -3.03804, 
-2.99256, -11.61717, -3.5213, -3.48433, -3.73997, -3.68786, -4.46231, 
-4.46621, 0, 0, 0, 0, 0, 0, 0, 0, 0, 0, 0, 0, 0, 0, 0, 0, 0, 
0, 0, 0, 0, 0, 0.23117, 0.23462, 0.22823, 0.21654, 0.21269, 0.23023, 
0.23058, 0.24179, 0.23738, 0.24971, 0.25289, 0.20249, 0.21068, 
0.20817, 0.22058, 0.21269, 0.21948, 0.2223, 0.22448, 0.22972, 
0.21616, 0.2372, 0.133, 0.1619, 0.2043, 0.2318, 0.2414, 0.2991, 
0.3375, 0.3671, 0.4163, 0.4591, 0.5027, 299.6, 330.3, 360.8, 
391.2, 420.5, 452, 482.4, 512.8, 543.2, 573.6, 600, 1675, 1727, 
2113, 1628, 140, 397, 621, 284, 2239, 702, 897, 1, 1, 2, 1, 9, 
1, 1, 2, 1, 2, 1, 100, 100, 100, 100, 100, 100, 100, 100, 100, 
100, 100, 2500, 2500, 2500, 2500, 2500, 2500, 2500, 2500, 2500, 
2500, 2500, 10495.038, 11224.858, 12083.549, 13083.193, 14350.386, 
15510.321, 16920.692, 18103.46, 19955.059, 20841.22, 22622.677, 
1, 1, 1, 1, 1, 1, 1, 1, 1, 1, 1, 0.025, 0.025, 0.025, 0.025, 
0.025, 0.025, 0.025, 0.025, 0.025, 0.025, 0.025, 0, 0, 0, 0, 
0, 0, 0, 0, 0, 0, 0, 0, 0, 0, 0, 0, 0, 0, 0, 0, 0, 0, 0.21509, 
0.22487, 0.21449, 0.18384, 0.18615, 0.2092, 0.21054, 0.20753, 
0.209, 0.23302, 0.22494, 0.20754, 0.20795, 0.21913, 0.18817, 
0.18605, 0.19316, 0.20384, 0.21188, 0.20603, 0.22332, 0.23965, 
0.1404, 0.167, 0.1911, 0.2257, 0.259, 0.2816, 0.3152, 0.3534, 
0.3994, 0.4363, 0.4816, 300, 330.4, 360.4, 390.9, 421.6, 452, 
482.4, 512.8, 543.2, 573.4, 599.7, 1, 1, 1, 1, 1, 1, 1, 1, 1, 
1, 1, 1, 1, 1, 1, 1, 1, 1, 1, 1, 1, 1, 1, 1, 1, 1, 1, 1, 1, 1, 
1, 1, 1, 1, 1, 1, 1, 1, 1, 1, 1, 1, 1, 1, 3.917, 4.254, 4.493, 
4.965, 5.302, 5.61, 5.808, 6.4, 6.937, 7.299, 7.835), .Dim = c(11L, 
40L), .Dimnames = list(NULL, c("Sampling", "PSO.cost", "PSO.gamma", 
"PSO.data.balancing", "PSO.feature.selection", "PSO.valid.acc", 
"PSO.test.acc", "PSO.train.time", "PSO.n.support.vectors", "PSO.index", 
"PSO.n.solutions", "PSO.generations", "PSO.n.evaluations", "PSO.cpu.time", 
"RS.cost", "RS.gamma", "RS.data.balancing", "RS.feature.selection", 
"RS.valid.acc", "RS.test.acc", "RS.train.time", "RS.n.support.vectors", 
"RS.index", "RS.n.solutions", "RS.generations", "RS.n.evaluations", 
"RS.cpu.time", "DF.cost", "DF.gamma", "DF.data.balancing", "DF.feature.selection", 
"DF.valid.acc", "DF.test.acc", "DF.train.time", "DF.n.support.vectors", 
"DF.index", "DF.n.solutions", "DF.generations", "DF.n.evaluations", 
"DF.cpu.time")))
