full <-
structure(c(50, 55, 60, 65, 70, 75, 80, 85, 90, 95, 100, -0.22117, 
15, 6.17651, 7.55457, 1.5699, 0.51015, 7.34662, 6.28764, 9.79633, 
0.39975, 5.03364, -5.56464, -3.75491, -3.82657, -3.77169, -3.83463, 
-4.28109, -3.38659, -12.67229, -4.18243, -3.77273, -3.64633, 
0, 0, 0, 0, 0, 0, 0, 0, 0, 0, 0, 0, 0, 0, 0, 0, 0, 0, 0, 0, 0, 
0, 0.26439, 0.27398, 0.26867, 0.25378, 0.26018, 0.24616, 0.24387, 
0.2451, 0.23415, 0.2538, 0.25055, 0.24035, 0.26397, 0.26165, 
0.24137, 0.24312, 0.2284, 0.2305, 0.22166, 0.22247, 0.23857, 
0.24794, 0.1393, 0.1741, 0.2044, 0.2349, 0.2602, 0.2921, 0.3486, 
0.3392, 0.4251, 0.4605, 0.5153, 300, 330.4, 360.8, 391.2, 421.6, 
452, 482.4, 508.2, 543.2, 573.6, 600, 566, 177, 244, 444, 129, 
1033, 843, 1509, 40, 1595, 703, 148, 758, 718, 663, 45, 8, 44, 
19, 729, 14, 39, 100, 100, 100, 100, 100, 100, 100, 100, 100, 
100, 100, 2500, 2500, 2500, 2500, 2500, 2500, 2500, 2500, 2500, 
2500, 2500, 10395.049, 11122.519, 11752.953, 12629.613, 13255.604, 
14142.384, 17927.933, 17815.198, 19444.701, 20758.175, 22607.932, 
-0.56389, 13.88125, 13.35664, 13.13371, 10.67811, 1.05654, 4.94066, 
2.80388, 3.85218, 14.44036, 12.98227, -6.03859, -3.75728, -3.82266, 
-3.76942, -3.83434, -4.29119, -3.8661, -9.20415, -4.18484, -3.77951, 
-4.12155, 0, 0, 0, 0, 0, 0, 0, 0, 0, 0, 0, 0, 0, 0, 0, 0, 0, 
0, 0, 0, 0, 0, 0.26682, 0.27398, 0.26867, 0.25378, 0.26018, 0.24437, 
0.24064, 0.24352, 0.23415, 0.25235, 0.25048, 0.24063, 0.26397, 
0.26165, 0.24137, 0.24312, 0.21953, 0.23395, 0.22315, 0.22247, 
0.23863, 0.25048, 0.1419, 0.1677, 0.2037, 0.2328, 0.2576, 0.2882, 
0.3427, 0.3397, 0.4085, 0.4686, 0.5121, 299.4, 330.4, 360.8, 
391.2, 421.6, 452, 482.4, 509, 543.2, 573.6, 600, 825, 1623, 
228, 2022, 1181, 410, 603, 824, 1953, 1186, 365, 1, 3, 6, 1, 
1, 1, 2, 2, 1, 1, 1, 100, 100, 100, 100, 100, 100, 100, 100, 
100, 100, 100, 2500, 2500, 2500, 2500, 2500, 2500, 2500, 2500, 
2500, 2500, 2500, 10914.448, 11655.892, 12478.108, 13314.439, 
14067.902, 16705.843, 19170.396, 19898.203, 21804.85, 23887.688, 
23350.6420000001, 1, 1, 1, 1, 1, 1, 1, 1, 1, 1, 1, 0.025, 0.025, 
0.025, 0.025, 0.025, 0.025, 0.025, 0.025, 0.025, 0.025, 0.025, 
0, 0, 0, 0, 0, 0, 0, 0, 0, 0, 0, 0, 0, 0, 0, 0, 0, 0, 0, 0, 0, 
0, 0.25372, 0.22295, 0.24648, 0.22279, 0.23344, 0.22483, 0.22564, 
0.23256, 0.21644, 0.22169, 0.23603, 0.23502, 0.23271, 0.24875, 
0.22091, 0.23144, 0.23018, 0.24567, 0.22018, 0.2253, 0.23446, 
0.23876, 0.1439, 0.1634, 0.2025, 0.2259, 0.2558, 0.2922, 0.3354, 
0.3648, 0.3915, 0.4495, 0.4728, 300, 330.4, 360.8, 391.2, 421.5, 
451.9, 482.1, 512.7, 543.1, 573.4, 599.7, 1, 1, 1, 1, 1, 1, 1, 
1, 1, 1, 1, 1, 1, 1, 1, 1, 1, 1, 1, 1, 1, 1, 1, 1, 1, 1, 1, 1, 
1, 1, 1, 1, 1, 1, 1, 1, 1, 1, 1, 1, 1, 1, 1, 1, 4.156, 4.326, 
4.739, 4.949, 5.284, 6.606, 7.092, 7.407, 7.445, 8.297, 7.495
), .Dim = c(11L, 40L), .Dimnames = list(NULL, c("Sampling", "PSO.cost", 
"PSO.gamma", "PSO.data.balancing", "PSO.feature.selection", "PSO.valid.acc", 
"PSO.test.acc", "PSO.train.time", "PSO.n.support.vectors", "PSO.index", 
"PSO.n.solutions", "PSO.generations", "PSO.n.evaluations", "PSO.cpu.time", 
"RS.cost", "RS.gamma", "RS.data.balancing", "RS.feature.selection", 
"RS.valid.acc", "RS.test.acc", "RS.train.time", "RS.n.support.vectors", 
"RS.index", "RS.n.solutions", "RS.generations", "RS.n.evaluations", 
"RS.cpu.time", "DF.cost", "DF.gamma", "DF.data.balancing", "DF.feature.selection", 
"DF.valid.acc", "DF.test.acc", "DF.train.time", "DF.n.support.vectors", 
"DF.index", "DF.n.solutions", "DF.generations", "DF.n.evaluations", 
"DF.cpu.time")))
