full <-
structure(c(50, 55, 60, 65, 70, 75, 80, 85, 90, 95, 100, 1, 1, 
4.53593, 1.93331, 10.1296, 2.338, 11.03153, 9.31167, 4.35256, 
3.84864, 5.27878, 0.02273, 0.02273, -4.42449, -6.53301, -3.78056, 
-4.55926, -9.99796, -13.74755, -4.77136, -5.47253, -10.30127, 
0, 0, 0, 0, 0, 0, 0, 0, 0, 0, 0, 0, 0, 0, 0, 0, 0, 0, 0, 0, 0, 
0, 0.84374, 0.83744, 0.85, 0.83889, 0.83304, 0.83921, 0.83874, 
0.84407, 0.81486, 0.8361, 0.82407, 0.84374, 0.83744, 0.825, 0.82712, 
0.80117, 0.79895, 0.80108, 0.81344, 0.79855, 0.80838, 0.81652, 
0.0387, 0.0379, 0.0408, 0.0409, 0.047, 0.0476, 0.0489, 0.046, 
0.058, 0.0526, 0.0539, 61.6, 68.7, 85.8, 64.8, 121.7, 102.9, 
58.8, 80.1, 110.2, 99.1, 96.7, 1, 1, 160, 1467, 169, 612, 960, 
227, 15, 390, 176, 2008, 1967, 809, 36, 799, 37, 21, 88, 1293, 
125, 121, 100, 100, 100, 100, 100, 100, 100, 100, 100, 100, 100, 
2500, 2500, 2500, 2500, 2500, 2500, 2500, 2500, 2500, 2500, 2500, 
8720.474, 8654.155, 8618.628, 8646.796, 8750.99100000001, 8798.07000000001, 
9202.905, 9443.40800000001, 9761.29500000001, 9856.48699999999, 
9982.62900000002, 13.79433, 0.63487, 13.12208, 1.38292, 7.67685, 
11.93257, 11.01888, 9.56903, 6.36776, 10.50966, 5.46687, -1.92384, 
-12.09043, -4.4256, -5.81527, -3.79865, -4.37173, -10.05161, 
-14.01325, -4.7504, -6.35061, -10.47658, 0, 0, 0, 0, 0, 0, 0, 
0, 0, 0, 0, 0, 0, 0, 0, 0, 0, 0, 0, 0, 0, 0, 0.84374, 0.83744, 
0.85, 0.82712, 0.83304, 0.83421, 0.82944, 0.84407, 0.81486, 0.83241, 
0.82037, 0.84374, 0.83744, 0.825, 0.84444, 0.80117, 0.82395, 
0.80108, 0.81344, 0.79855, 0.84455, 0.81652, 0.0404, 0.035, 0.0399, 
0.0378, 0.0482, 0.0479, 0.0525, 0.0465, 0.0546, 0.0512, 0.0546, 
107.2, 48.5, 85.8, 69.1, 121.2, 109.4, 58.5, 80.1, 110.9, 86.6, 
96.6, 1, 1, 118, 9, 9, 194, 1375, 1095, 83, 207, 2183, 1361, 
1357, 3, 9, 8, 14, 2, 1, 28, 1, 1, 100, 100, 100, 100, 100, 100, 
100, 100, 100, 100, 100, 2500, 2500, 2500, 2500, 2500, 2500, 
2500, 2500, 2500, 2500, 2500, 8588.348, 8549.771, 8572.16, 8636.948, 
8727.228, 8980.66500000001, 9494.765, 9742.345, 9741.587, 10044.776, 
10239.565, 1, 1, 1, 1, 1, 1, 1, 1, 1, 1, 1, 0.02273, 0.02273, 
0.02273, 0.02273, 0.02273, 0.02273, 0.02273, 0.02273, 0.02273, 
0.02273, 0.02273, 0, 0, 0, 0, 0, 0, 0, 0, 0, 0, 0, 0, 0, 0, 0, 
0, 0, 0, 0, 0, 0, 0, 0.84374, 0.83744, 0.81875, 0.82092, 0.81754, 
0.79895, 0.80671, 0.79111, 0.79004, 0.79735, 0.78305, 0.84374, 
0.83744, 0.81875, 0.82092, 0.81754, 0.79895, 0.81147, 0.78241, 
0.79438, 0.78901, 0.79046, 0.0358, 0.038, 0.0379, 0.0378, 0.042, 
0.0446, 0.046, 0.047, 0.0499, 0.0515, 0.0567, 61.6, 68.7, 72.4, 
73.2, 79, 87.4, 91.6, 94.6, 96.6, 103.3, 112.2, 1, 1, 1, 1, 1, 
1, 1, 1, 1, 1, 1, 1, 1, 1, 1, 1, 1, 1, 1, 1, 1, 1, 1, 1, 1, 1, 
1, 1, 1, 1, 1, 1, 1, 1, 1, 1, 1, 1, 1, 1, 1, 1, 1, 1, 3.401, 
3.475, 3.4, 3.206, 3.434, 3.593, 3.826, 3.733, 3.807, 3.884, 
3.989), .Dim = c(11L, 40L), .Dimnames = list(NULL, c("Sampling", 
"PSO.cost", "PSO.gamma", "PSO.data.balancing", "PSO.feature.selection", 
"PSO.valid.acc", "PSO.test.acc", "PSO.train.time", "PSO.n.support.vectors", 
"PSO.index", "PSO.n.solutions", "PSO.generations", "PSO.n.evaluations", 
"PSO.cpu.time", "RS.cost", "RS.gamma", "RS.data.balancing", "RS.feature.selection", 
"RS.valid.acc", "RS.test.acc", "RS.train.time", "RS.n.support.vectors", 
"RS.index", "RS.n.solutions", "RS.generations", "RS.n.evaluations", 
"RS.cpu.time", "DF.cost", "DF.gamma", "DF.data.balancing", "DF.feature.selection", 
"DF.valid.acc", "DF.test.acc", "DF.train.time", "DF.n.support.vectors", 
"DF.index", "DF.n.solutions", "DF.generations", "DF.n.evaluations", 
"DF.cpu.time")))
