full <-
structure(c(50, 55, 60, 65, 70, 75, 80, 85, 90, 95, 100, 7.16124, 
0.37367, 0.43666, 1.96135, 2.81533, 9.86359, 1.51428, 12.8399, 
5.20316, 0.61191, 0.67552, -3.66552, -3.71173, -3.79073, -4.28911, 
-3.97938, -4.93197, -5.32115, -6.25564, -8.85636, -3.91112, -4.77953, 
0, 0, 0, 0, 0, 0, 0, 0, 0, 0, 0, 0, 0, 0, 0, 0, 0, 0, 0, 0, 0, 
0, 0.85046, 0.85762, 0.83211, 0.85556, 0.85058, 0.85947, 0.83095, 
0.84545, 0.8154, 0.82462, 0.82468, 0.84386, 0.85762, 0.80039, 
0.82092, 0.82281, 0.84447, 0.80238, 0.81383, 0.80272, 0.82446, 
0.78665, 0.0365, 0.0263, 0.0441, 0.04, 0.0285, 0.045, 0.0476, 
0.0301, 0.0299, 0.056, 0.0522, 103.7, 105.2, 111, 96.1, 118.7, 
84.3, 92.2, 78, 82.4, 151.3, 121.4, 169, 1377, 1364, 124, 199, 
1625, 330, 210, 388, 2006, 661, 396, 12, 31, 484, 1033, 2, 222, 
1314, 105, 1, 105, 100, 100, 100, 100, 100, 100, 100, 100, 100, 
100, 100, 2500, 2500, 2500, 2500, 2500, 2500, 2500, 2500, 2500, 
2500, 2500, 7706.395, 7658.622, 9739.679, 7574.157, 6887.359, 
7682.535, 9890.81200000001, 5907.564, 6144.291, 7767.473, 7913.82500000001, 
7.0123, 0.60721, 0.46424, 2.00433, 11.59475, 6.32027, 1.90138, 
8.80202, 8.41127, 8.00137, 3.81907, -4.01049, -3.61965, -3.74589, 
-4.28082, -3.95265, -5.14646, -5.57129, -6.27773, -11.96387, 
-12.2017, -5.24913, 0, 0, 0, 0, 0, 0, 0, 0, 0, 0, 0, 0, 0, 0, 
0, 0, 0, 0, 0, 0, 0, 0, 0.85046, 0.85762, 0.82586, 0.85556, 0.85058, 
0.85447, 0.83095, 0.84545, 0.81957, 0.82446, 0.82427, 0.82903, 
0.85714, 0.80039, 0.82092, 0.82281, 0.84447, 0.79307, 0.80949, 
0.81938, 0.78462, 0.76731, 0.0355, 0.0277, 0.026, 0.0434, 0.029, 
0.0426, 0.0479, 0.0298, 0.0477, 0.0481, 0.0554, 91.4, 109.5, 
112.5, 96.2, 119.7, 80.8, 87.8, 77.9, 80.1, 86.5, 109.5, 270, 
2388, 1791, 1252, 49, 52, 823, 480, 1068, 841, 437, 13, 1, 1, 
1, 4, 44, 2, 12, 1, 6, 1, 100, 100, 100, 100, 100, 100, 100, 
100, 100, 100, 100, 2500, 2500, 2500, 2500, 2500, 2500, 2500, 
2500, 2500, 2500, 2500, 7398.806, 8334.95, 7047.326, 7093.955, 
6701.29300000001, 8381.022, 9346.416, 5958.39300000001, 7935.539, 
7570.315, 8482.33599999998, 1, 1, 1, 1, 1, 1, 1, 1, 1, 1, 1, 
0.02273, 0.02273, 0.02273, 0.02273, 0.02273, 0.02273, 0.02273, 
0.02273, 0.02273, 0.02273, 0.02273, 0, 0, 0, 0, 0, 0, 0, 0, 0, 
0, 0, 0, 0, 0, 0, 0, 0, 0, 0, 0, 0, 0, 0.79158, 0.80286, 0.80044, 
0.80392, 0.80175, 0.80921, 0.7974, 0.8004, 0.79004, 0.80077, 
0.79062, 0.79158, 0.80238, 0.80081, 0.80392, 0.80702, 0.80895, 
0.80216, 0.8004, 0.7942, 0.80077, 0.78677, 0.0335, 0.0238, 0.0226, 
0.0241, 0.0399, 0.0275, 0.0286, 0.0295, 0.0451, 0.031, 0.0545, 
54.9, 57.3, 65.6, 69.2, 75.9, 76.4, 92.8, 94.9, 93.7, 99.2, 109.6, 
1, 1, 1, 1, 1, 1, 1, 1, 1, 1, 1, 1, 1, 1, 1, 1, 1, 1, 1, 1, 1, 
1, 1, 1, 1, 1, 1, 1, 1, 1, 1, 1, 1, 1, 1, 1, 1, 1, 1, 1, 1, 1, 
1, 1, 2.997, 2.95, 2.253, 2.307, 3.034, 2.979, 2.35, 2.357, 3.05, 
2.336, 3.962), .Dim = c(11L, 40L), .Dimnames = list(NULL, c("Sampling", 
"PSO.cost", "PSO.gamma", "PSO.data.balancing", "PSO.feature.selection", 
"PSO.valid.acc", "PSO.test.acc", "PSO.train.time", "PSO.n.support.vectors", 
"PSO.index", "PSO.n.solutions", "PSO.generations", "PSO.n.evaluations", 
"PSO.cpu.time", "RS.cost", "RS.gamma", "RS.data.balancing", "RS.feature.selection", 
"RS.valid.acc", "RS.test.acc", "RS.train.time", "RS.n.support.vectors", 
"RS.index", "RS.n.solutions", "RS.generations", "RS.n.evaluations", 
"RS.cpu.time", "DF.cost", "DF.gamma", "DF.data.balancing", "DF.feature.selection", 
"DF.valid.acc", "DF.test.acc", "DF.train.time", "DF.n.support.vectors", 
"DF.index", "DF.n.solutions", "DF.generations", "DF.n.evaluations", 
"DF.cpu.time")))
