full <-
structure(c(50, 55, 60, 65, 70, 75, 80, 85, 90, 95, 100, 7.23529, 
9.19549, 1.08592, 6.71965, 13.57261, 4.70324, 5.95731, 5.22245, 
6.16855, 10.09828, 2.11699, -12.4126, -15, -3.93063, -7.30216, 
-9.10829, -9.98092, -9.35085, -4.65584, -8.61046, -12.23234, 
-6.06133, 0, 0, 0, 0, 0, 0, 0, 0, 0, 0, 0, 0, 0, 0, 0, 0, 0, 
0, 0, 0, 0, 0, 0.80659, 0.81619, 0.85591, 0.8395, 0.81667, 0.82411, 
0.80364, 0.8173, 0.82301, 0.82831, 0.82083, 0.76209, 0.80952, 
0.82493, 0.82565, 0.75263, 0.78385, 0.78506, 0.77382, 0.79801, 
0.78815, 0.78376, 0.0346, 0.0367, 0.0428, 0.0393, 0.0435, 0.0433, 
0.0437, 0.0573, 0.05, 0.0507, 0.054, 48.9, 52.9, 105.4, 55.9, 
52.1, 75.7, 73.7, 121.2, 78.7, 76.1, 101.6, 917, 237, 1256, 49, 
165, 880, 400, 181, 712, 544, 241, 44, 61, 49, 367, 1107, 19, 
354, 746, 82, 96, 138, 100, 100, 100, 100, 100, 100, 100, 100, 
100, 100, 100, 2500, 2500, 2500, 2500, 2500, 2500, 2500, 2500, 
2500, 2500, 2500, 8560.227, 8747.318, 8927.632, 8895.829, 9097.63100000001, 
9312.82999999999, 9421.25999999999, 9619.75599999999, 9302.655, 
9302.35000000001, 9378.03300000002, 7.69568, 6.89018, 0.76763, 
6.76791, 12.88418, 7.44338, 5.35802, 10.96233, 6.43845, 10.57732, 
1.93868, -12.70199, -12.69827, -4.32661, -7.34855, -9.13132, 
-12.70291, -8.72935, -4.6488, -8.74772, -12.66758, -5.85758, 
0, 0, 0, 0, 0, 0, 0, 0, 0, 0, 0, 0, 0, 0, 0, 0, 0, 0, 0, 0, 0, 
0, 0.80714, 0.81619, 0.85039, 0.8395, 0.81667, 0.82411, 0.80364, 
0.8173, 0.82301, 0.82831, 0.82083, 0.73901, 0.80952, 0.83748, 
0.82565, 0.75263, 0.77409, 0.78506, 0.77382, 0.80217, 0.78831, 
0.78376, 0.0344, 0.0359, 0.0422, 0.0412, 0.0416, 0.0441, 0.046, 
0.0563, 0.051, 0.0506, 0.0562, 48.6, 53.1, 90.4, 56, 52.1, 75.6, 
74.7, 121.4, 77.9, 75.8, 102.5, 2043, 79, 116, 1718, 346, 2001, 
1502, 196, 1860, 1150, 497, 1, 3, 1, 1, 3, 2, 2, 3, 1, 7, 1, 
100, 100, 100, 100, 100, 100, 100, 100, 100, 100, 100, 2500, 
2500, 2500, 2500, 2500, 2500, 2500, 2500, 2500, 2500, 2500, 8760.701, 
8671.795, 8923.575, 8961.59300000001, 9177.76700000001, 9442.909, 
9490.897, 9578.29799999998, 9520.61199999999, 9461.302, 9566.193, 
1, 1, 1, 1, 1, 1, 1, 1, 1, 1, 1, 0.02273, 0.02273, 0.02273, 0.02273, 
0.02273, 0.02273, 0.02273, 0.02273, 0.02273, 0.02273, 0.02273, 
0, 0, 0, 0, 0, 0, 0, 0, 0, 0, 0, 0, 0, 0, 0, 0, 0, 0, 0, 0, 0, 
0, 0.79121, 0.79619, 0.76233, 0.79171, 0.78421, 0.77932, 0.7837, 
0.78708, 0.78986, 0.79677, 0.78307, 0.7989, 0.79619, 0.78816, 
0.79203, 0.77339, 0.78909, 0.78346, 0.79143, 0.77754, 0.79277, 
0.77908, 0.0354, 0.0361, 0.0372, 0.0389, 0.0421, 0.043, 0.0495, 
0.0495, 0.0534, 0.0528, 0.0552, 56.3, 59, 66.8, 76, 79.1, 87.8, 
90.8, 98.6, 104.6, 105.5, 107.6, 1, 1, 1, 1, 1, 1, 1, 1, 1, 1, 
1, 1, 1, 1, 1, 1, 1, 1, 1, 1, 1, 1, 1, 1, 1, 1, 1, 1, 1, 1, 1, 
1, 1, 1, 1, 1, 1, 1, 1, 1, 1, 1, 1, 1, 3.578, 3.324, 3.406, 3.265, 
3.638, 3.563, 3.837, 3.656, 3.779, 3.908, 3.552), .Dim = c(11L, 
40L), .Dimnames = list(NULL, c("Sampling", "PSO.cost", "PSO.gamma", 
"PSO.data.balancing", "PSO.feature.selection", "PSO.valid.acc", 
"PSO.test.acc", "PSO.train.time", "PSO.n.support.vectors", "PSO.index", 
"PSO.n.solutions", "PSO.generations", "PSO.n.evaluations", "PSO.cpu.time", 
"RS.cost", "RS.gamma", "RS.data.balancing", "RS.feature.selection", 
"RS.valid.acc", "RS.test.acc", "RS.train.time", "RS.n.support.vectors", 
"RS.index", "RS.n.solutions", "RS.generations", "RS.n.evaluations", 
"RS.cpu.time", "DF.cost", "DF.gamma", "DF.data.balancing", "DF.feature.selection", 
"DF.valid.acc", "DF.test.acc", "DF.train.time", "DF.n.support.vectors", 
"DF.index", "DF.n.solutions", "DF.generations", "DF.n.evaluations", 
"DF.cpu.time")))
