full <-
structure(c(50, 55, 60, 65, 70, 75, 80, 85, 90, 95, 100, 0.48907, 
3.46628, 1.34684, 5.2674, 6.8121, 1.26569, 5.08394, 0.67837, 
7.13337, 3.23829, 6.86677, -4.52159, -8.34277, -3.64893, -10.80205, 
-11.34797, -4.1464, -10.15928, -6.12797, -11.53688, -8.08739, 
-10.05943, 0, 0, 0, 0, 0, 0, 0, 0, 0, 0, 0, 0, 0, 0, 0, 0, 0, 
0, 0, 0, 0, 0, 0.84249, 0.83077, 0.81887, 0.80866, 0.82281, 0.82798, 
0.8216, 0.81832, 0.8404, 0.81638, 0.81759, 0.81218, 0.79696, 
0.75544, 0.79755, 0.79064, 0.81248, 0.77374, 0.79143, 0.78986, 
0.79653, 0.81333, 0.0375, 0.0354, 0.049, 0.0441, 0.048, 0.0563, 
0.0533, 0.0551, 0.0565, 0.0558, 0.0629, 74.3, 58.9, 116.8, 68.2, 
68.8, 120.9, 79.7, 86.9, 83.5, 92.9, 90, 466, 256, 957, 1310, 
406, 688, 342, 481, 269, 593, 904, 120, 100, 46, 4, 33, 37, 110, 
75, 109, 86, 62, 100, 100, 100, 100, 100, 100, 100, 100, 100, 
100, 100, 2500, 2500, 2500, 2500, 2500, 2500, 2500, 2500, 2500, 
2500, 2500, 8335.367, 9124.3, 11928.681, 11981.928, 12477.254, 
13025.178, 12894.222, 12576.344, 12450.56, 12570.117, 12998.216, 
0.54437, 2.71646, 8.1027, 5.47374, 4.64959, 5.30197, 3.98438, 
-0.19013, 8.35344, 2.35963, 7.73016, -4.59165, -7.5826, -13.33425, 
-10.97999, -8.9281, -10.1537, -9.1078, -4.80144, -12.7453, -5.65355, 
-10.841, 0, 0, 0, 0, 0, 0, 0, 0, 0, 0, 0, 0, 0, 0, 0, 0, 0, 0, 
0, 0, 0, 0, 0.84249, 0.83077, 0.81262, 0.80866, 0.81725, 0.82301, 
0.8216, 0.81832, 0.8404, 0.81592, 0.81759, 0.81218, 0.79696, 
0.79346, 0.79722, 0.79591, 0.79746, 0.77829, 0.79143, 0.78986, 
0.79254, 0.80963, 0.0348, 0.0417, 0.0422, 0.0472, 0.0493, 0.0528, 
0.0534, 0.0558, 0.0528, 0.0582, 0.0597, 73.3, 59, 62, 68.3, 68.4, 
74.2, 80.3, 106.9, 83.3, 97.2, 89.1, 154, 1277, 139, 1709, 1054, 
43, 1109, 1519, 1214, 965, 652, 1, 3, 3, 3, 3, 5, 3, 1, 2, 2, 
2, 100, 100, 100, 100, 100, 100, 100, 100, 100, 100, 100, 2500, 
2500, 2500, 2500, 2500, 2500, 2500, 2500, 2500, 2500, 2500, 8259.345, 
11776.587, 11895.281, 12229.446, 12942.118, 13070.356, 12709.894, 
12712.338, 12668.309, 13066.577, 12958.485, 1, 1, 1, 1, 1, 1, 
1, 1, 1, 1, 1, 0.02273, 0.02273, 0.02273, 0.02273, 0.02273, 0.02273, 
0.02273, 0.02273, 0.02273, 0.02273, 0.02273, 0, 0, 0, 0, 0, 0, 
0, 0, 0, 0, 0, 0, 0, 0, 0, 0, 0, 0, 0, 0, 0, 0, 0.79158, 0.76881, 
0.78169, 0.77402, 0.78509, 0.78872, 0.77394, 0.80508, 0.80272, 
0.79286, 0.78682, 0.79927, 0.76881, 0.78206, 0.76814, 0.79035, 
0.77396, 0.78325, 0.79577, 0.79855, 0.78903, 0.78312, 0.034, 
0.0412, 0.044, 0.0476, 0.0504, 0.0504, 0.0522, 0.0527, 0.0566, 
0.0572, 0.0609, 58.8, 67, 71.8, 75.9, 81.8, 84.5, 89.4, 94, 96.5, 
101, 110, 1, 1, 1, 1, 1, 1, 1, 1, 1, 1, 1, 1, 1, 1, 1, 1, 1, 
1, 1, 1, 1, 1, 1, 1, 1, 1, 1, 1, 1, 1, 1, 1, 1, 1, 1, 1, 1, 1, 
1, 1, 1, 1, 1, 1, 3.272, 4.543, 4.755, 4.997, 5.12, 4.955, 5.02, 
4.787, 5.012, 5.083, 5.041), .Dim = c(11L, 40L), .Dimnames = list(
    NULL, c("Sampling", "PSO.cost", "PSO.gamma", "PSO.data.balancing", 
    "PSO.feature.selection", "PSO.valid.acc", "PSO.test.acc", 
    "PSO.train.time", "PSO.n.support.vectors", "PSO.index", "PSO.n.solutions", 
    "PSO.generations", "PSO.n.evaluations", "PSO.cpu.time", "RS.cost", 
    "RS.gamma", "RS.data.balancing", "RS.feature.selection", 
    "RS.valid.acc", "RS.test.acc", "RS.train.time", "RS.n.support.vectors", 
    "RS.index", "RS.n.solutions", "RS.generations", "RS.n.evaluations", 
    "RS.cpu.time", "DF.cost", "DF.gamma", "DF.data.balancing", 
    "DF.feature.selection", "DF.valid.acc", "DF.test.acc", "DF.train.time", 
    "DF.n.support.vectors", "DF.index", "DF.n.solutions", "DF.generations", 
    "DF.n.evaluations", "DF.cpu.time")))
