full <-
structure(c(50, 55, 60, 65, 70, 75, 80, 85, 90, 95, 100, 1.43016, 
1.97596, 10.91527, 4.89083, 1.08817, 1.05498, 2.9659, 5.44161, 
7.60579, 0.94006, 1.13706, -4.34756, -5.08653, -3.94275, -4.13858, 
-4.11374, -4.16165, -6.29247, -6.22677, -11.17658, -4.43803, 
-5.80302, 0, 0, 0, 0, 0, 0, 0, 0, 0, 0, 0, 0, 0, 0, 0, 0, 0, 
0, 0, 0, 0, 0, 0.84386, 0.85827, 0.87034, 0.81503, 0.85018, 0.82442, 
0.81606, 0.80929, 0.82355, 0.83277, 0.83926, 0.82015, 0.79667, 
0.83243, 0.78529, 0.82851, 0.8044, 0.79314, 0.77312, 0.81938, 
0.82077, 0.82019, 0.0361, 0.0363, 0.0423, 0.0444, 0.0487, 0.0503, 
0.0447, 0.0457, 0.0468, 0.054, 0.0524, 82.1, 67.8, 113.4, 114.9, 
123.8, 124.8, 81, 82.9, 79.8, 128.4, 106.7, 1799, 272, 32, 75, 
617, 1998, 1688, 1977, 1217, 2318, 956, 42, 340, 1070, 1071, 
325, 19, 4, 3, 37, 1, 44, 100, 100, 100, 100, 100, 100, 100, 
100, 100, 100, 100, 2500, 2500, 2500, 2500, 2500, 2500, 2500, 
2500, 2500, 2500, 2500, 8157.511, 8126.868, 8763.877, 8658.002, 
9049.519, 8833.194, 8717.264, 8555.341, 8528.09099999999, 8545.364, 
8953.67200000002, 1.19676, 1.59782, 7.78568, 14.37274, 1.17911, 
0.91695, 1.83631, 5.20348, 0.90737, 4.26744, 0.81902, -4.05939, 
-4.95793, -3.93865, -4.05282, -4.0624, -6.47991, -5.32198, -7.77897, 
-5.51847, -6.14884, -5.36153, 0, 0, 0, 0, 0, 0, 0, 0, 0, 0, 0, 
0, 0, 0, 0, 0, 0, 0, 0, 0, 0, 0, 0.83617, 0.85113, 0.87034, 0.81503, 
0.85018, 0.8149, 0.81152, 0.81364, 0.82355, 0.83262, 0.83926, 
0.82784, 0.8172, 0.83243, 0.79706, 0.82851, 0.79014, 0.79201, 
0.79091, 0.80688, 0.80046, 0.83172, 0.0372, 0.0383, 0.0452, 0.044, 
0.0496, 0.0445, 0.0469, 0.0451, 0.0462, 0.0512, 0.0547, 90.8, 
70.4, 113.5, 117.1, 125.8, 81.2, 91.7, 77.2, 97.4, 88.2, 110.7, 
2057, 299, 69, 121, 1428, 142, 1504, 796, 1865, 2164, 1021, 1, 
7, 15, 8, 1, 1, 1, 1, 1, 1, 1, 100, 100, 100, 100, 100, 100, 
100, 100, 100, 100, 100, 2500, 2500, 2500, 2500, 2500, 2500, 
2500, 2500, 2500, 2500, 2500, 8132.103, 8323.479, 8747.21, 8438.76899999999, 
9306.38100000001, 8734.432, 8767.04199999999, 8264.11900000001, 
8853.45000000001, 8767.74900000001, 9597.696, 1, 1, 1, 1, 1, 
1, 1, 1, 1, 1, 1, 0.02273, 0.02273, 0.02273, 0.02273, 0.02273, 
0.02273, 0.02273, 0.02273, 0.02273, 0.02273, 0.02273, 0, 0, 0, 
0, 0, 0, 0, 0, 0, 0, 0, 0, 0, 0, 0, 0, 0, 0, 0, 0, 0, 0, 0.81355, 
0.78286, 0.80738, 0.76863, 0.78579, 0.79911, 0.76476, 0.77787, 
0.79457, 0.80477, 0.78668, 0.78388, 0.78286, 0.8015, 0.78039, 
0.77468, 0.77487, 0.77905, 0.78241, 0.78605, 0.80477, 0.79822, 
0.0345, 0.0368, 0.0386, 0.0387, 0.0412, 0.0435, 0.0469, 0.0474, 
0.0499, 0.0522, 0.0556, 58.6, 66, 73.7, 79.8, 85.9, 87.4, 93.2, 
97.5, 97.8, 102.1, 110.2, 1, 1, 1, 1, 1, 1, 1, 1, 1, 1, 1, 1, 
1, 1, 1, 1, 1, 1, 1, 1, 1, 1, 1, 1, 1, 1, 1, 1, 1, 1, 1, 1, 1, 
1, 1, 1, 1, 1, 1, 1, 1, 1, 1, 1, 3.174, 3.691, 3.475, 3.38, 3.424, 
3.288, 3.483, 3.292, 3.507, 3.738, 3.732), .Dim = c(11L, 40L), .Dimnames = list(
    NULL, c("Sampling", "PSO.cost", "PSO.gamma", "PSO.data.balancing", 
    "PSO.feature.selection", "PSO.valid.acc", "PSO.test.acc", 
    "PSO.train.time", "PSO.n.support.vectors", "PSO.index", "PSO.n.solutions", 
    "PSO.generations", "PSO.n.evaluations", "PSO.cpu.time", "RS.cost", 
    "RS.gamma", "RS.data.balancing", "RS.feature.selection", 
    "RS.valid.acc", "RS.test.acc", "RS.train.time", "RS.n.support.vectors", 
    "RS.index", "RS.n.solutions", "RS.generations", "RS.n.evaluations", 
    "RS.cpu.time", "DF.cost", "DF.gamma", "DF.data.balancing", 
    "DF.feature.selection", "DF.valid.acc", "DF.test.acc", "DF.train.time", 
    "DF.n.support.vectors", "DF.index", "DF.n.solutions", "DF.generations", 
    "DF.n.evaluations", "DF.cpu.time")))
