full <-
structure(c(50, 55, 60, 65, 70, 75, 80, 85, 90, 95, 100, 10.94861, 
5.25238, 0.04329, 2.79408, 5.86348, 13.59884, 10.15633, 3.23604, 
0.79862, 1.0858, 1.3487, -3.34519, -10.66526, -3.53687, -5.2637, 
-11.01673, -3.97805, -6.5279, -6.96331, -3.30799, -5.97619, -5.00819, 
0, 0, 0, 0, 0, 0, 0, 0, 0, 0, 0, 0, 0, 0, 0, 0, 0, 0, 0, 0, 0, 
0, 0.8283, 0.80905, 0.81998, 0.84432, 0.83918, 0.82906, 0.83266, 
0.83096, 0.84088, 0.82533, 0.82783, 0.81346, 0.78905, 0.81294, 
0.81066, 0.77924, 0.83932, 0.79909, 0.78136, 0.81933, 0.82535, 
0.80132, 0.0395, 0.0356, 0.0426, 0.0423, 0.0411, 0.0531, 0.0465, 
0.0463, 0.0643, 0.05, 0.0579, 102.9, 55.1, 114.1, 78, 71.1, 130.5, 
78.2, 82.6, 174.2, 100.4, 119.1, 7, 121, 1580, 504, 213, 575, 
338, 488, 34, 1193, 842, 898, 140, 18, 120, 67, 226, 471, 114, 
71, 42, 138, 100, 100, 100, 100, 100, 100, 100, 100, 100, 100, 
100, 2500, 2500, 2500, 2500, 2500, 2500, 2500, 2500, 2500, 2500, 
2500, 8868.43, 8654.714, 8820.224, 8925.843, 9035.59299999999, 
9239.56899999999, 9111.736, 9458.46099999998, 9522.00400000002, 
9384.21100000001, 9415.51499999998, 7.2287, 7.65234, 2.15243, 
2.72981, 6.42074, 3.48428, 1.40896, 2.64173, 0.64535, 0.83358, 
1.25161, -3.27531, -12.95447, -7.9519, -5.25379, -11.56985, -3.97932, 
-4.67187, -6.39737, -3.43066, -5.83987, -5.02696, 0, 0, 0, 0, 
0, 0, 0, 0, 0, 0, 0, 0, 0, 0, 0, 0, 0, 0, 0, 0, 0, 0, 0.8283, 
0.80905, 0.81882, 0.84432, 0.83918, 0.82906, 0.83134, 0.82661, 
0.84088, 0.82133, 0.81671, 0.80577, 0.78905, 0.80711, 0.81066, 
0.77924, 0.83932, 0.81271, 0.78155, 0.81533, 0.8095, 0.80132, 
0.0408, 0.0342, 0.0371, 0.0413, 0.0412, 0.0526, 0.0482, 0.0482, 
0.0668, 0.0507, 0.0594, 104.1, 54.6, 59.4, 78, 70.7, 130.5, 110.9, 
85.5, 166.9, 102.5, 118.1, 432, 253, 486, 1300, 593, 412, 729, 
478, 1155, 1692, 2216, 13, 12, 4, 1, 5, 4, 4, 1, 1, 1, 1, 100, 
100, 100, 100, 100, 100, 100, 100, 100, 100, 100, 2500, 2500, 
2500, 2500, 2500, 2500, 2500, 2500, 2500, 2500, 2500, 8958.245, 
8775.514, 8757.65100000001, 8968.10600000001, 9117.045, 9212.378, 
9291.27, 9635.50899999999, 9485.73499999999, 9416.101, 9633.64199999999, 
1, 1, 1, 1, 1, 1, 1, 1, 1, 1, 1, 0.02273, 0.02273, 0.02273, 0.02273, 
0.02273, 0.02273, 0.02273, 0.02273, 0.02273, 0.02273, 0.02273, 
0, 0, 0, 0, 0, 0, 0, 0, 0, 0, 0, 0, 0, 0, 0, 0, 0, 0, 0, 0, 0, 
0, 0.80696, 0.78857, 0.80044, 0.78125, 0.79591, 0.79475, 0.79277, 
0.80031, 0.81134, 0.79333, 0.79033, 0.79982, 0.79571, 0.80711, 
0.77537, 0.79035, 0.79501, 0.79732, 0.80486, 0.81134, 0.79703, 
0.79048, 0.0353, 0.0365, 0.0382, 0.041, 0.0421, 0.0458, 0.0483, 
0.0487, 0.0512, 0.0522, 0.055, 58.6, 63.9, 69.1, 80.4, 86.2, 
95.2, 94.8, 97.1, 99.2, 107.3, 108.4, 1, 1, 1, 1, 1, 1, 1, 1, 
1, 1, 1, 1, 1, 1, 1, 1, 1, 1, 1, 1, 1, 1, 1, 1, 1, 1, 1, 1, 1, 
1, 1, 1, 1, 1, 1, 1, 1, 1, 1, 1, 1, 1, 1, 1, 3.39, 3.491, 3.593, 
3.464, 3.514, 3.687, 3.868, 3.479, 3.544, 3.766, 3.766), .Dim = c(11L, 
40L), .Dimnames = list(NULL, c("Sampling", "PSO.cost", "PSO.gamma", 
"PSO.data.balancing", "PSO.feature.selection", "PSO.valid.acc", 
"PSO.test.acc", "PSO.train.time", "PSO.n.support.vectors", "PSO.index", 
"PSO.n.solutions", "PSO.generations", "PSO.n.evaluations", "PSO.cpu.time", 
"RS.cost", "RS.gamma", "RS.data.balancing", "RS.feature.selection", 
"RS.valid.acc", "RS.test.acc", "RS.train.time", "RS.n.support.vectors", 
"RS.index", "RS.n.solutions", "RS.generations", "RS.n.evaluations", 
"RS.cpu.time", "DF.cost", "DF.gamma", "DF.data.balancing", "DF.feature.selection", 
"DF.valid.acc", "DF.test.acc", "DF.train.time", "DF.n.support.vectors", 
"DF.index", "DF.n.solutions", "DF.generations", "DF.n.evaluations", 
"DF.cpu.time")))
