full <-
structure(c(50, 55, 60, 65, 70, 75, 80, 85, 90, 95, 100, 5.02975, 
1.12495, 1, 7.21394, 13.51035, 1.89739, 5.22678, 6.48808, 10.01934, 
8.83895, 7.59372, -3.79067, -4.43503, 0.02273, -7.18758, -7.02363, 
-5.88554, -10.617, -11.49933, -8.73886, -14.43266, -11.772, 0, 
0, 0, 0, 0, 0, 0, 0, 0, 0, 0, 0, 0, 0, 0, 0, 0, 0, 0, 0, 0, 0, 
0.82299, 0.82414, 0.8125, 0.85033, 0.84292, 0.8493, 0.81169, 
0.82688, 0.82772, 0.81292, 0.82058, 0.79808, 0.80414, 0.8125, 
0.78072, 0.81573, 0.83454, 0.81169, 0.81779, 0.79022, 0.80108, 
0.81716, 0.04, 0.0412, 0.0394, 0.0411, 0.0402, 0.0418, 0.0452, 
0.0465, 0.0593, 0.0523, 0.0532, 96, 80, 66.6, 56.3, 60.7, 71.5, 
77.8, 79.5, 80.3, 90.8, 92.2, 128, 618, 1, 92, 550, 649, 919, 
126, 1469, 754, 607, 1033, 584, 1891, 264, 372, 96, 42, 111, 
2, 24, 91, 100, 100, 100, 100, 100, 100, 100, 100, 100, 100, 
100, 2500, 2500, 2500, 2500, 2500, 2500, 2500, 2500, 2500, 2500, 
2500, 8853.836, 9619.26, 9642.493, 9603.359, 8721.41, 9024.943, 
9083.182, 9010.477, 9884.179, 10241.92, 9293.40700000001, 9.14473, 
1.15565, 0.40539, 4.08166, 10.16276, 1.86503, 5.15826, 5.57326, 
7.92033, 6.29094, 7.75444, -3.77263, -4.4759, -0.83358, -6.30895, 
-6.98179, -5.96101, -10.55088, -10.56953, -7.93276, -11.85113, 
-11.95181, 0, 0, 0, 0, 0, 0, 0, 0, 0, 0, 0, 0, 0, 0, 0, 0, 0, 
0, 0, 0, 0, 0, 0.82299, 0.82414, 0.8125, 0.85033, 0.84292, 0.8493, 
0.81169, 0.82688, 0.82337, 0.81292, 0.82058, 0.79808, 0.80414, 
0.8125, 0.8268, 0.81573, 0.8398, 0.81169, 0.81779, 0.79022, 0.80108, 
0.81716, 0.0394, 0.0395, 0.0468, 0.0403, 0.0428, 0.0415, 0.0433, 
0.0452, 0.0541, 0.0507, 0.0549, 96.5, 77, 128, 62, 60.9, 71.2, 
77.9, 79.7, 84.4, 90.7, 92.3, 297, 565, 1, 75, 85, 333, 69, 66, 
2043, 1912, 1327, 7, 1, 1310, 2, 7, 1, 4, 5, 1, 1, 3, 100, 100, 
100, 100, 100, 100, 100, 100, 100, 100, 100, 2500, 2500, 2500, 
2500, 2500, 2500, 2500, 2500, 2500, 2500, 2500, 8798.923, 9608.632, 
9469.054, 9317.988, 8848.254, 9061.955, 9167.38499999999, 9220.905, 
10355.62, 9906.43500000003, 10398.913, 1, 1, 1, 1, 1, 1, 1, 1, 
1, 1, 1, 0.02273, 0.02273, 0.02273, 0.02273, 0.02273, 0.02273, 
0.02273, 0.02273, 0.02273, 0.02273, 0.02273, 0, 0, 0, 0, 0, 0, 
0, 0, 0, 0, 0, 0, 0, 0, 0, 0, 0, 0, 0, 0, 0, 0, 0.80696, 0.80319, 
0.8125, 0.82092, 0.82825, 0.82954, 0.80216, 0.80909, 0.78551, 
0.79692, 0.79794, 0.80696, 0.80319, 0.8125, 0.82092, 0.82825, 
0.82954, 0.80216, 0.80909, 0.78551, 0.79692, 0.7941, 0.0372, 
0.0368, 0.0384, 0.0376, 0.0422, 0.0411, 0.0457, 0.0492, 0.0518, 
0.0332, 0.0558, 56.9, 61.4, 66.6, 67, 73.2, 74.4, 93.5, 92.4, 
103.2, 105.6, 111.9, 1, 1, 1, 1, 1, 1, 1, 1, 1, 1, 1, 1, 1, 1, 
1, 1, 1, 1, 1, 1, 1, 1, 1, 1, 1, 1, 1, 1, 1, 1, 1, 1, 1, 1, 1, 
1, 1, 1, 1, 1, 1, 1, 1, 1, 3.745, 3.7, 3.779, 3.396, 3.579, 3.449, 
3.586, 3.6, 4.066, 2.772, 4.071), .Dim = c(11L, 40L), .Dimnames = list(
    NULL, c("Sampling", "PSO.cost", "PSO.gamma", "PSO.data.balancing", 
    "PSO.feature.selection", "PSO.valid.acc", "PSO.test.acc", 
    "PSO.train.time", "PSO.n.support.vectors", "PSO.index", "PSO.n.solutions", 
    "PSO.generations", "PSO.n.evaluations", "PSO.cpu.time", "RS.cost", 
    "RS.gamma", "RS.data.balancing", "RS.feature.selection", 
    "RS.valid.acc", "RS.test.acc", "RS.train.time", "RS.n.support.vectors", 
    "RS.index", "RS.n.solutions", "RS.generations", "RS.n.evaluations", 
    "RS.cpu.time", "DF.cost", "DF.gamma", "DF.data.balancing", 
    "DF.feature.selection", "DF.valid.acc", "DF.test.acc", "DF.train.time", 
    "DF.n.support.vectors", "DF.index", "DF.n.solutions", "DF.generations", 
    "DF.n.evaluations", "DF.cpu.time")))
