full <-
structure(c(50, 55, 60, 65, 70, 75, 80, 85, 90, 95, 100, 8.88651, 
0.88419, 13.37883, 2.12007, 8.51733, 0.98861, 6.9926, 1.34255, 
1.69828, 1.87152, 1.74771, -3.54741, -3.35233, -3.24556, -4.1418, 
-3.24403, -3.72391, -12.86021, -4.05182, -4.16555, -6.80923, 
-5.74887, 0, 0, 0, 0, 0, 0, 0, 0, 0, 0, 0, 0, 0, 0, 0, 0, 0, 
0, 0, 0, 0, 0, 0.79725, 0.81113, 0.80044, 0.82124, 0.80132, 0.79877, 
0.79732, 0.80984, 0.82783, 0.81776, 0.83504, 0.79066, 0.79155, 
0.78127, 0.78039, 0.79023, 0.76949, 0.79277, 0.78793, 0.80698, 
0.78944, 0.7933, 0.0412, 0.044, 0.0451, 0.0466, 0.0521, 0.0528, 
0.0453, 0.0553, 0.0584, 0.0492, 0.0564, 102.4, 115.3, 125, 107.9, 
145.1, 141.4, 80.2, 140.6, 144.4, 97.9, 105.5, 306, 523, 237, 
434, 125, 1078, 281, 1307, 1317, 1243, 465, 108, 52, 93, 420, 
604, 59, 32, 113, 13, 57, 131, 100, 100, 100, 100, 100, 100, 
100, 100, 100, 100, 100, 2500, 2500, 2500, 2500, 2500, 2500, 
2500, 2500, 2500, 2500, 2500, 8568.978, 9132.464, 9127.733, 8961.487, 
9532.128, 9824.827, 9454.465, 9136.874, 9099.58299999998, 8782.48499999999, 
8991.35699999999, 2.09943, 5.06879, 9.54339, 2.21992, 5.90036, 
1.37021, 1.05476, 9.34018, 1.59844, 2.01242, 1.83894, -7.68561, 
-3.34821, -13.21315, -4.07947, -3.24809, -4.36216, -6.44139, 
-14.69115, -4.07386, -6.84518, -5.82913, 0, 0, 0, 0, 0, 0, 0, 
0, 0, 0, 0, 0, 0, 0, 0, 0, 0, 0, 0, 0, 0, 0, 0.79835, 0.80446, 
0.80664, 0.81536, 0.80132, 0.79901, 0.79732, 0.81419, 0.82366, 
0.80606, 0.82764, 0.76868, 0.7978, 0.72561, 0.78595, 0.79023, 
0.75417, 0.78325, 0.79204, 0.81533, 0.78959, 0.7933, 0.0349, 
0.0427, 0.0379, 0.0465, 0.0494, 0.05, 0.0454, 0.0466, 0.0596, 
0.0504, 0.053, 58, 115.3, 61, 110.2, 144.9, 114.5, 85.6, 83.9, 
148.6, 97.3, 103.9, 1047, 526, 1812, 4, 337, 342, 1516, 160, 
1735, 2123, 121, 2, 5, 1, 9, 4, 1, 1, 1, 1, 1, 2, 100, 100, 100, 
100, 100, 100, 100, 100, 100, 100, 100, 2500, 2500, 2500, 2500, 
2500, 2500, 2500, 2500, 2500, 2500, 2500, 8778.746, 9081.74299999999, 
8786.343, 9159.581, 9354.79800000001, 9872.08099999999, 9137.557, 
9128.87599999999, 8733.674, 8898.34700000001, 9168.41899999999, 
1, 1, 1, 1, 1, 1, 1, 1, 1, 1, 1, 0.02273, 0.02273, 0.02273, 0.02273, 
0.02273, 0.02273, 0.02273, 0.02273, 0.02273, 0.02273, 0.02273, 
0, 0, 0, 0, 0, 0, 0, 0, 0, 0, 0, 0, 0, 0, 0, 0, 0, 0, 0, 0, 0, 
0, 0.76868, 0.7831, 0.77544, 0.75719, 0.7636, 0.76922, 0.78801, 
0.78688, 0.78162, 0.7731, 0.79416, 0.77637, 0.77595, 0.77544, 
0.76863, 0.76971, 0.76896, 0.78801, 0.78295, 0.7983, 0.78094, 
0.79416, 0.0366, 0.0376, 0.0371, 0.0405, 0.0428, 0.0461, 0.0471, 
0.049, 0.0496, 0.05, 0.0541, 67.6, 71.3, 74.9, 82.7, 89.4, 92.5, 
94.1, 101.8, 105.7, 107.7, 111.8, 1, 1, 1, 1, 1, 1, 1, 1, 1, 
1, 1, 1, 1, 1, 1, 1, 1, 1, 1, 1, 1, 1, 1, 1, 1, 1, 1, 1, 1, 1, 
1, 1, 1, 1, 1, 1, 1, 1, 1, 1, 1, 1, 1, 1, 3.582, 3.654, 3.156, 
3.748, 3.633, 3.992, 3.517, 3.443, 3.292, 3.463, 3.47), .Dim = c(11L, 
40L), .Dimnames = list(NULL, c("Sampling", "PSO.cost", "PSO.gamma", 
"PSO.data.balancing", "PSO.feature.selection", "PSO.valid.acc", 
"PSO.test.acc", "PSO.train.time", "PSO.n.support.vectors", "PSO.index", 
"PSO.n.solutions", "PSO.generations", "PSO.n.evaluations", "PSO.cpu.time", 
"RS.cost", "RS.gamma", "RS.data.balancing", "RS.feature.selection", 
"RS.valid.acc", "RS.test.acc", "RS.train.time", "RS.n.support.vectors", 
"RS.index", "RS.n.solutions", "RS.generations", "RS.n.evaluations", 
"RS.cpu.time", "DF.cost", "DF.gamma", "DF.data.balancing", "DF.feature.selection", 
"DF.valid.acc", "DF.test.acc", "DF.train.time", "DF.n.support.vectors", 
"DF.index", "DF.n.solutions", "DF.generations", "DF.n.evaluations", 
"DF.cpu.time")))
