full <-
structure(c(50, 55, 60, 65, 70, 75, 80, 85, 90, 95, 100, 7.16814, 
1.8465, 3.50581, 1.06935, 1.09302, 6.30782, 4.63035, 1.09018, 
0.7258, 3.14193, 11.3683, -12.32435, -5.64893, -7.78767, -4.22245, 
-4.98045, -11.36141, -7.16729, -5.207, -4.07583, -4.89887, -12.22805, 
0, 0, 0, 0, 0, 0, 0, 0, 0, 0, 0, 0, 0, 0, 0, 0, 0, 0, 0, 0, 0, 
0, 0.81319, 0.82952, 0.81966, 0.83301, 0.81192, 0.81909, 0.84496, 
0.83902, 0.81975, 0.82487, 0.82849, 0.7978, 0.76905, 0.79304, 
0.79804, 0.7791, 0.80409, 0.81751, 0.81688, 0.80707, 0.80854, 
0.78359, 0.0367, 0.0373, 0.039, 0.0432, 0.0444, 0.0418, 0.0473, 
0.0469, 0.0622, 0.0563, 0.054, 55, 67, 62, 108.4, 90, 73.5, 76.9, 
97, 140.8, 116.5, 80.6, 1986, 371, 191, 313, 1517, 251, 613, 
1936, 718, 1937, 1117, 1, 100, 65, 483, 7, 113, 70, 3, 65, 4, 
40, 100, 100, 100, 100, 100, 100, 100, 100, 100, 100, 100, 2500, 
2500, 2500, 2500, 2500, 2500, 2500, 2500, 2500, 2500, 2500, 8359.722, 
8385.61, 8444.072, 8565.421, 8647.65000000001, 8599.67, 8687.357, 
8737.88, 8934.80100000001, 8892.182, 8936.99900000001, 8.86129, 
2.23988, 6.78889, 1.61306, 3.00875, 1.48328, 2.85565, 2.01847, 
2.08181, 4.7719, 0.58767, -14.05883, -5.64923, -10.95099, -4.50202, 
-8.44793, -3.36531, -5.82212, -6.65832, -4.60605, -6.01003, -4.63719, 
0, 0, 0, 0, 0, 0, 0, 0, 0, 0, 0, 0, 0, 0, 0, 0, 0, 0, 0, 0, 0, 
0, 0.80604, 0.82286, 0.82554, 0.83268, 0.81189, 0.81914, 0.84452, 
0.83074, 0.81938, 0.82087, 0.83151, 0.79066, 0.76857, 0.78054, 
0.79804, 0.79054, 0.79911, 0.81229, 0.78939, 0.81069, 0.82069, 
0.82767, 0.0343, 0.037, 0.0362, 0.0424, 0.0418, 0.053, 0.0472, 
0.0485, 0.0575, 0.0505, 0.059, 54.8, 66.8, 60.5, 99.1, 72.6, 
146.7, 82.7, 86.1, 122.4, 95.2, 124.8, 377, 707, 1190, 2205, 
1209, 153, 236, 198, 1174, 2405, 2270, 1, 5, 2, 1, 1, 2, 1, 1, 
1, 3, 1, 100, 100, 100, 100, 100, 100, 100, 100, 100, 100, 100, 
2500, 2500, 2500, 2500, 2500, 2500, 2500, 2500, 2500, 2500, 2500, 
8400.563, 8427.705, 8463.481, 8562.265, 8735.7, 8748.31300000001, 
8806.60000000001, 8901.232, 9008.59700000001, 9059.489, 9164.24900000001, 
1, 1, 1, 1, 1, 1, 1, 1, 1, 1, 1, 0.02273, 0.02273, 0.02273, 0.02273, 
0.02273, 0.02273, 0.02273, 0.02273, 0.02273, 0.02273, 0.02273, 
0, 0, 0, 0, 0, 0, 0, 0, 0, 0, 0, 0, 0, 0, 0, 0, 0, 0, 0, 0, 0, 
0, 0.77582, 0.78905, 0.79419, 0.79216, 0.7958, 0.79409, 0.80229, 
0.78192, 0.78587, 0.80471, 0.79418, 0.77582, 0.78905, 0.80007, 
0.79804, 0.79054, 0.79409, 0.80229, 0.78151, 0.77736, 0.78901, 
0.79803, 0.0351, 0.038, 0.0407, 0.04, 0.0443, 0.0449, 0.0476, 
0.0473, 0.0524, 0.0525, 0.0554, 66.8, 70.7, 76, 82.5, 85.2, 84.1, 
90.2, 95.4, 100.8, 105.1, 112, 1, 1, 1, 1, 1, 1, 1, 1, 1, 1, 
1, 1, 1, 1, 1, 1, 1, 1, 1, 1, 1, 1, 1, 1, 1, 1, 1, 1, 1, 1, 1, 
1, 1, 1, 1, 1, 1, 1, 1, 1, 1, 1, 1, 1, 3.283, 3.414, 3.429, 3.35, 
3.475, 3.429, 3.507, 3.551, 3.544, 3.552, 3.587), .Dim = c(11L, 
40L), .Dimnames = list(NULL, c("Sampling", "PSO.cost", "PSO.gamma", 
"PSO.data.balancing", "PSO.feature.selection", "PSO.valid.acc", 
"PSO.test.acc", "PSO.train.time", "PSO.n.support.vectors", "PSO.index", 
"PSO.n.solutions", "PSO.generations", "PSO.n.evaluations", "PSO.cpu.time", 
"RS.cost", "RS.gamma", "RS.data.balancing", "RS.feature.selection", 
"RS.valid.acc", "RS.test.acc", "RS.train.time", "RS.n.support.vectors", 
"RS.index", "RS.n.solutions", "RS.generations", "RS.n.evaluations", 
"RS.cpu.time", "DF.cost", "DF.gamma", "DF.data.balancing", "DF.feature.selection", 
"DF.valid.acc", "DF.test.acc", "DF.train.time", "DF.n.support.vectors", 
"DF.index", "DF.n.solutions", "DF.generations", "DF.n.evaluations", 
"DF.cpu.time")))
