full <-
structure(c(50, 55, 60, 65, 70, 75, 80, 85, 90, 95, 100, 1.94391, 
7.48734, 1.72788, 1.11639, 1.28661, 0.39668, 5.00338, 1.28092, 
10.81863, 0.68181, 7.33122, -3.89726, -8.04114, -4.19779, -3.25077, 
-4.46004, -4.16212, -9.84381, -5.86865, -11.13205, -4.19285, 
-8.5555, 0, 0, 0, 0, 0, 0, 0, 0, 0, 0, 0, 0, 0, 0, 0, 0, 0, 0, 
0, 0, 0, 0, 0.86593, 0.83762, 0.83299, 0.85033, 0.83385, 0.84447, 
0.81645, 0.83538, 0.82713, 0.84458, 0.84341, 0.85055, 0.81667, 
0.83105, 0.83889, 0.81309, 0.80395, 0.80693, 0.80455, 0.78509, 
0.82442, 0.80565, 0.0415, 0.0364, 0.0417, 0.0466, 0.0482, 0.0497, 
0.0423, 0.046, 0.0451, 0.0591, 0.0534, 89.9, 45.9, 90.4, 135.2, 
104.1, 119.4, 74, 89.2, 63.5, 137.8, 86, 347, 463, 320, 2439, 
1053, 1283, 695, 496, 1396, 782, 1482, 591, 80, 75, 1, 36, 36, 
35, 313, 27, 88, 51, 100, 100, 100, 100, 100, 100, 100, 100, 
100, 100, 100, 2500, 2500, 2500, 2500, 2500, 2500, 2500, 2500, 
2500, 2500, 2500, 9588.943, 9434.682, 9304.469, 8989.466, 8693.98700000001, 
9302.033, 8776.39600000001, 8725.01000000001, 8530.34400000001, 
8815.842, 8556.47700000001, 1.81816, 13.19777, 8.80099, 5.14113, 
8.75864, 2.41329, 10.22627, 1.13385, 10.65011, 1.49387, 10.32424, 
-3.9097, -2.47189, -9.1439, -3.27303, -4.01107, -7.25614, -14.85601, 
-5.75008, -10.88159, -4.05509, -10.47317, 0, 0, 0, 0, 0, 0, 0, 
0, 0, 0, 0, 0, 0, 0, 0, 0, 0, 0, 0, 0, 0, 0, 0.86593, 0.83762, 
0.84387, 0.84477, 0.83326, 0.84421, 0.8119, 0.83538, 0.82713, 
0.84026, 0.83243, 0.85055, 0.83714, 0.81767, 0.83889, 0.79145, 
0.83395, 0.80238, 0.8, 0.78092, 0.83242, 0.77929, 0.0411, 0.0419, 
0.0413, 0.0472, 0.0469, 0.0418, 0.0426, 0.0459, 0.0514, 0.0586, 
0.0549, 89.4, 117.6, 47, 134.6, 121.5, 75.3, 72.8, 91.1, 62.9, 
144.8, 79.6, 921, 830, 905, 98, 20, 197, 59, 1348, 176, 995, 
374, 1, 6, 1, 6, 17, 6, 15, 1, 1, 2, 2, 100, 100, 100, 100, 100, 
100, 100, 100, 100, 100, 100, 2500, 2500, 2500, 2500, 2500, 2500, 
2500, 2500, 2500, 2500, 2500, 9399.579, 9256.846, 9151.161, 8802.76899999999, 
8620.599, 9201.173, 8792.182, 8858.19400000002, 8520.44199999998, 
8883.77099999998, 9002.05799999999, 1, 1, 1, 1, 1, 1, 1, 1, 1, 
1, 1, 0.02273, 0.02273, 0.02273, 0.02273, 0.02273, 0.02273, 0.02273, 
0.02273, 0.02273, 0.02273, 0.02273, 0, 0, 0, 0, 0, 0, 0, 0, 0, 
0, 0, 0, 0, 0, 0, 0, 0, 0, 0, 0, 0, 0, 0.82198, 0.83048, 0.82554, 
0.8098, 0.80691, 0.80395, 0.80671, 0.80474, 0.81533, 0.80887, 
0.79054, 0.82198, 0.83048, 0.82554, 0.8098, 0.80165, 0.80395, 
0.80671, 0.80929, 0.81098, 0.80887, 0.79054, 0.038, 0.0377, 0.037, 
0.0405, 0.042, 0.0433, 0.0466, 0.0483, 0.0477, 0.0501, 0.0539, 
58.2, 63.2, 65.8, 78.8, 84.1, 92.4, 94, 94.5, 96.8, 104.2, 110.6, 
1, 1, 1, 1, 1, 1, 1, 1, 1, 1, 1, 1, 1, 1, 1, 1, 1, 1, 1, 1, 1, 
1, 1, 1, 1, 1, 1, 1, 1, 1, 1, 1, 1, 1, 1, 1, 1, 1, 1, 1, 1, 1, 
1, 1, 3.72, 3.769, 3.603, 3.346, 3.387, 3.446, 3.603, 3.719, 
3.363, 3.595, 3.692), .Dim = c(11L, 40L), .Dimnames = list(NULL, 
    c("Sampling", "PSO.cost", "PSO.gamma", "PSO.data.balancing", 
    "PSO.feature.selection", "PSO.valid.acc", "PSO.test.acc", 
    "PSO.train.time", "PSO.n.support.vectors", "PSO.index", "PSO.n.solutions", 
    "PSO.generations", "PSO.n.evaluations", "PSO.cpu.time", "RS.cost", 
    "RS.gamma", "RS.data.balancing", "RS.feature.selection", 
    "RS.valid.acc", "RS.test.acc", "RS.train.time", "RS.n.support.vectors", 
    "RS.index", "RS.n.solutions", "RS.generations", "RS.n.evaluations", 
    "RS.cpu.time", "DF.cost", "DF.gamma", "DF.data.balancing", 
    "DF.feature.selection", "DF.valid.acc", "DF.test.acc", "DF.train.time", 
    "DF.n.support.vectors", "DF.index", "DF.n.solutions", "DF.generations", 
    "DF.n.evaluations", "DF.cpu.time")))
