full <-
structure(c(50, 55, 60, 65, 70, 75, 80, 85, 90, 95, 100, 10.8486, 
8.86386, 9.4979, 6.94233, 1.00243, 7.46663, 1.3073, 9.72439, 
9.02484, 0.68024, 1.17298, -5.82763, -2.52861, -14.17549, -4.00377, 
-2.95364, -8.91366, -6.64425, -1.99898, -2.94909, -5.28671, -3.72379, 
0, 0, 0, 0, 0, 0, 0, 0, 0, 0, 0, 0, 0, 0, 0, 0, 0, 0, 0, 0, 0, 
0, 0.84286, 0.83792, 0.85689, 0.83268, 0.82281, 0.84447, 0.8116, 
0.80474, 0.81105, 0.82877, 0.82741, 0.81429, 0.83077, 0.83221, 
0.80915, 0.81228, 0.79868, 0.79255, 0.79585, 0.78587, 0.80492, 
0.7946, 0.039, 0.0555, 0.0382, 0.0454, 0.0526, 0.0459, 0.0458, 
0.0644, 0.0681, 0.0552, 0.0716, 58.7, 117.6, 49.3, 108.7, 146.1, 
62.8, 81.4, 180, 185.5, 112.3, 177.3, 48, 247, 305, 8, 426, 241, 
729, 133, 570, 495, 1518, 1191, 184, 103, 554, 30, 400, 52, 757, 
56, 88, 16, 100, 100, 100, 100, 100, 100, 100, 100, 100, 100, 
100, 2500, 2500, 2500, 2500, 2500, 2500, 2500, 2500, 2500, 2500, 
2500, 8557.091, 15964.758, 10161.444, 9642.04700000001, 9722.333, 
9650.40999999999, 9764.921, 10038.057, 9508.72, 9425.40299999999, 
9962.68400000001, 14.14945, 1.02647, 0.77673, 13.75518, 4.55199, 
7.76613, 1.16148, 2.33923, 7.61633, 1.04717, 1.24602, -5.84754, 
-2.59896, -3.78072, -4.04364, -4.66648, -9.07686, -6.47581, -1.97582, 
-2.9507, -5.79975, -3.78501, 0, 0, 0, 0, 0, 0, 0, 0, 0, 0, 0, 
0, 0, 0, 0, 0, 0, 0, 0, 0, 0, 0, 0.84286, 0.83792, 0.85762, 0.83268, 
0.82251, 0.84447, 0.8116, 0.80474, 0.81105, 0.82477, 0.82014, 
0.81429, 0.83792, 0.826, 0.80327, 0.7962, 0.79868, 0.79255, 0.79585, 
0.78587, 0.80092, 0.7946, 0.0365, 0.0578, 0.0451, 0.0472, 0.0484, 
0.0456, 0.0463, 0.0622, 0.0707, 0.0534, 0.0724, 58.6, 117.6, 
105.1, 107.6, 98.6, 62, 81.8, 180, 185.5, 102.8, 174.3, 51, 227, 
2372, 125, 131, 2085, 1824, 18, 2017, 1407, 1937, 20, 40, 1, 
23, 4, 3, 2, 20, 1, 1, 1, 100, 100, 100, 100, 100, 100, 100, 
100, 100, 100, 100, 2500, 2500, 2500, 2500, 2500, 2500, 2500, 
2500, 2500, 2500, 2500, 13204.46, 15927.944, 9609.62, 9615.66100000001, 
9703.54800000001, 9747.285, 9789.41399999999, 9669.50400000002, 
9511.20800000001, 9697.69200000001, 9833.47700000001, 1, 1, 1, 
1, 1, 1, 1, 1, 1, 1, 1, 0.02273, 0.02273, 0.02273, 0.02273, 0.02273, 
0.02273, 0.02273, 0.02273, 0.02273, 0.02273, 0.02273, 0, 0, 0, 
0, 0, 0, 0, 0, 0, 0, 0, 0, 0, 0, 0, 0, 0, 0, 0, 0, 0, 0, 0.81429, 
0.83077, 0.83804, 0.82092, 0.81228, 0.80395, 0.78753, 0.78696, 
0.79837, 0.79692, 0.78663, 0.81429, 0.83077, 0.83804, 0.82092, 
0.81228, 0.79368, 0.79753, 0.77846, 0.79855, 0.80877, 0.79033, 
0.0513, 0.0487, 0.0401, 0.042, 0.0452, 0.046, 0.0473, 0.049, 
0.0523, 0.0532, 0.0579, 62.4, 65.2, 66.7, 78.1, 84, 90, 94.9, 
98.4, 104.5, 109, 110, 1, 1, 1, 1, 1, 1, 1, 1, 1, 1, 1, 1, 1, 
1, 1, 1, 1, 1, 1, 1, 1, 1, 1, 1, 1, 1, 1, 1, 1, 1, 1, 1, 1, 1, 
1, 1, 1, 1, 1, 1, 1, 1, 1, 1, 6.747, 6.184, 3.687, 3.574, 3.773, 
3.863, 3.614, 3.613, 3.656, 3.725, 3.926), .Dim = c(11L, 40L), .Dimnames = list(
    NULL, c("Sampling", "PSO.cost", "PSO.gamma", "PSO.data.balancing", 
    "PSO.feature.selection", "PSO.valid.acc", "PSO.test.acc", 
    "PSO.train.time", "PSO.n.support.vectors", "PSO.index", "PSO.n.solutions", 
    "PSO.generations", "PSO.n.evaluations", "PSO.cpu.time", "RS.cost", 
    "RS.gamma", "RS.data.balancing", "RS.feature.selection", 
    "RS.valid.acc", "RS.test.acc", "RS.train.time", "RS.n.support.vectors", 
    "RS.index", "RS.n.solutions", "RS.generations", "RS.n.evaluations", 
    "RS.cpu.time", "DF.cost", "DF.gamma", "DF.data.balancing", 
    "DF.feature.selection", "DF.valid.acc", "DF.test.acc", "DF.train.time", 
    "DF.n.support.vectors", "DF.index", "DF.n.solutions", "DF.generations", 
    "DF.n.evaluations", "DF.cpu.time")))
