full <-
structure(c(50, 55, 60, 65, 70, 75, 80, 85, 90, 95, 100, 0.63616, 
9.38875, 4.92941, 7.4297, 2.83279, 3.05695, 1.48644, 7.6467, 
3.99073, 5.26509, 12.33725, -2.99775, -8.85282, -3.44212, -5.36138, 
-4.39667, -4.78726, -4.41214, -6.94863, -8.85786, -6.56501, -6.07197, 
0, 0, 0, 0, 0, 0, 0, 0, 0, 0, 0, 0, 0, 0, 0, 0, 0, 0, 0, 0, 0, 
0, 0.82115, 0.86411, 0.79456, 0.84596, 0.83977, 0.84421, 0.82554, 
0.81892, 0.80236, 0.81696, 0.83955, 0.78205, 0.79506, 0.78831, 
0.82688, 0.83363, 0.81921, 0.8158, 0.81065, 0.78152, 0.75371, 
0.81016, 0.0396, 0.0351, 0.0443, 0.0411, 0.0467, 0.0484, 0.0521, 
0.0479, 0.0479, 0.0511, 0.055, 106.8, 43.6, 123, 78.5, 109.3, 
115.6, 125.9, 80.9, 89.2, 93.2, 98.4, 1566, 105, 251, 121, 1471, 
1724, 1077, 439, 751, 964, 106, 20, 878, 340, 1301, 11, 3, 58, 
72, 32, 58, 1180, 100, 100, 100, 100, 100, 100, 100, 100, 100, 
100, 100, 2500, 2500, 2500, 2500, 2500, 2500, 2500, 2500, 2500, 
2500, 2500, 8029.206, 7949.485, 8134.828, 8250.769, 8349.44099999999, 
8460.974, 8524.133, 8467.617, 8485.62899999999, 8476.85000000001, 
8551.88200000001, 0.59663, 9.99424, 11.85911, 4.08491, 2.64222, 
9.54656, 0.9378, 8.04684, 4.23354, 4.97309, 9.8507, -3.12845, 
-9.30913, -3.44524, -5.72995, -4.48439, -5.00505, -3.94605, -7.10305, 
-9.06779, -6.30213, -6.10021, 0, 0, 0, 0, 0, 0, 0, 0, 0, 0, 0, 
0, 0, 0, 0, 0, 0, 0, 0, 0, 0, 0, 0.81401, 0.86411, 0.79456, 0.85118, 
0.83977, 0.83921, 0.81623, 0.81457, 0.80236, 0.81296, 0.83955, 
0.79634, 0.79506, 0.78831, 0.82623, 0.83889, 0.82895, 0.80671, 
0.78791, 0.78152, 0.74955, 0.81016, 0.0399, 0.0355, 0.0438, 0.0409, 
0.0456, 0.0488, 0.0539, 0.0497, 0.047, 0.0516, 0.057, 105.7, 
42.6, 122.9, 74.7, 106.1, 109.3, 140.3, 80.1, 88.9, 95.3, 98.3, 
1024, 218, 495, 855, 347, 15, 2129, 87, 1869, 496, 34, 2, 4, 
9, 1, 1, 36, 1, 2, 1, 1, 6, 100, 100, 100, 100, 100, 100, 100, 
100, 100, 100, 100, 2500, 2500, 2500, 2500, 2500, 2500, 2500, 
2500, 2500, 2500, 2500, 7963.117, 7998.397, 8225.949, 8285.419, 
8305.035, 8440.81, 8534.03600000001, 8599.253, 8594.74500000002, 
8618.20999999999, 10020.598, 1, 1, 1, 1, 1, 1, 1, 1, 1, 1, 1, 
0.02273, 0.02273, 0.02273, 0.02273, 0.02273, 0.02273, 0.02273, 
0.02273, 0.02273, 0.02273, 0.02273, 0, 0, 0, 0, 0, 0, 0, 0, 0, 
0, 0, 0, 0, 0, 0, 0, 0, 0, 0, 0, 0, 0, 0.79158, 0.77595, 0.78206, 
0.79845, 0.80146, 0.77395, 0.77835, 0.78688, 0.78569, 0.78526, 
0.79424, 0.78324, 0.78262, 0.76873, 0.79845, 0.80146, 0.78395, 
0.77835, 0.78688, 0.78551, 0.78526, 0.79039, 0.0335, 0.0355, 
0.0373, 0.0389, 0.0409, 0.0441, 0.0469, 0.0473, 0.0487, 0.0503, 
0.056, 59.7, 62.8, 77.2, 78.7, 86.4, 95, 101.1, 102.7, 106.4, 
109.4, 110, 1, 1, 1, 1, 1, 1, 1, 1, 1, 1, 1, 1, 1, 1, 1, 1, 1, 
1, 1, 1, 1, 1, 1, 1, 1, 1, 1, 1, 1, 1, 1, 1, 1, 1, 1, 1, 1, 1, 
1, 1, 1, 1, 1, 1, 3.104, 3.224, 3.23, 3.31, 3.274, 3.34, 3.477, 
3.36, 3.245, 3.347, 4.173), .Dim = c(11L, 40L), .Dimnames = list(
    NULL, c("Sampling", "PSO.cost", "PSO.gamma", "PSO.data.balancing", 
    "PSO.feature.selection", "PSO.valid.acc", "PSO.test.acc", 
    "PSO.train.time", "PSO.n.support.vectors", "PSO.index", "PSO.n.solutions", 
    "PSO.generations", "PSO.n.evaluations", "PSO.cpu.time", "RS.cost", 
    "RS.gamma", "RS.data.balancing", "RS.feature.selection", 
    "RS.valid.acc", "RS.test.acc", "RS.train.time", "RS.n.support.vectors", 
    "RS.index", "RS.n.solutions", "RS.generations", "RS.n.evaluations", 
    "RS.cpu.time", "DF.cost", "DF.gamma", "DF.data.balancing", 
    "DF.feature.selection", "DF.valid.acc", "DF.test.acc", "DF.train.time", 
    "DF.n.support.vectors", "DF.index", "DF.n.solutions", "DF.generations", 
    "DF.n.evaluations", "DF.cpu.time")))
