full <-
structure(c(50, 55, 60, 65, 70, 75, 80, 85, 90, 95, 100, 10.25024, 
7.31154, 13.18754, 0.90225, 0.61305, 1.62974, 5.4509, 9.92295, 
3.06558, 0.38269, 6.65007, -10.37572, -6.6493, -9.31115, -5.2392, 
-4.59271, -6.79369, -11.25924, -15, -7.95815, -4.86953, -11.00406, 
0, 0, 0, 0, 0, 0, 0, 0, 0, 0, 0, 0, 0, 0, 0, 0, 0, 0, 0, 0, 0, 
0, 0.82802, 0.81048, 0.84929, 0.82516, 0.83026, 0.82435, 0.8216, 
0.82154, 0.80707, 0.82092, 0.83132, 0.79835, 0.77048, 0.84939, 
0.81438, 0.79193, 0.79411, 0.77372, 0.79526, 0.79022, 0.80092, 
0.79424, 0.0376, 0.037, 0.0388, 0.0393, 0.0437, 0.0451, 0.0459, 
0.0482, 0.0493, 0.0545, 0.0531, 41.8, 58.7, 48.6, 83, 105.1, 
79.7, 79.8, 82.4, 87.6, 113.8, 93.3, 300, 106, 88, 1045, 956, 
921, 1043, 321, 1294, 446, 844, 357, 130, 1341, 45, 198, 62, 
21, 144, 15, 54, 27, 100, 100, 100, 100, 100, 100, 100, 100, 
100, 100, 100, 2500, 2500, 2500, 2500, 2500, 2500, 2500, 2500, 
2500, 2500, 2500, 8390.985, 8419.674, 8451.997, 8564.364, 8745.678, 
8676.77899999999, 8708.394, 8698.257, 9045.76700000002, 8899.75399999999, 
8960.99799999999, 10.35932, 1.35287, 11.76094, 1.22091, 0.99286, 
1.61014, 8.39025, 7.75993, 2.39161, 7.61642, 1.78167, -10.38933, 
-4.88672, -9.32303, -4.96561, -5.14648, -6.74366, -14.16903, 
-12.90745, -7.35058, -12.63251, -6.4352, 0, 0, 0, 0, 0, 0, 0, 
0, 0, 0, 0, 0, 0, 0, 0, 0, 0, 0, 0, 0, 0, 0, 0.82802, 0.81667, 
0.84929, 0.81928, 0.82471, 0.81909, 0.8166, 0.81719, 0.80707, 
0.82092, 0.83119, 0.7989, 0.80238, 0.84939, 0.79641, 0.79193, 
0.79411, 0.76896, 0.79091, 0.79855, 0.80092, 0.7867, 0.0359, 
0.0381, 0.0384, 0.042, 0.0462, 0.0424, 0.0477, 0.05, 0.0497, 
0.0513, 0.0545, 42, 83.1, 48.6, 88, 95.4, 79.7, 79.4, 82.7, 88.7, 
91, 101.8, 957, 147, 371, 196, 796, 488, 581, 115, 319, 347, 
176, 1, 2, 7, 9, 2, 3, 2, 15, 3, 1, 1, 100, 100, 100, 100, 100, 
100, 100, 100, 100, 100, 100, 2500, 2500, 2500, 2500, 2500, 2500, 
2500, 2500, 2500, 2500, 2500, 8406.593, 8452.464, 8526.683, 8638.80699999999, 
8679.342, 8788.95, 8826.011, 8899.92300000001, 8946.43799999999, 
9002.81700000001, 9048.14499999999, 1, 1, 1, 1, 1, 1, 1, 1, 1, 
1, 1, 0.02273, 0.02273, 0.02273, 0.02273, 0.02273, 0.02273, 0.02273, 
0.02273, 0.02273, 0.02273, 0.02273, 0, 0, 0, 0, 0, 0, 0, 0, 0, 
0, 0, 0, 0, 0, 0, 0, 0, 0, 0, 0, 0, 0, 0.78516, 0.78952, 0.80123, 
0.77974, 0.775, 0.77432, 0.78801, 0.79111, 0.77736, 0.78492, 
0.79054, 0.77857, 0.79, 0.81377, 0.76863, 0.78582, 0.78409, 0.78325, 
0.78696, 0.79402, 0.79692, 0.79054, 0.0359, 0.0419, 0.041, 0.0428, 
0.0424, 0.0501, 0.0479, 0.0489, 0.0509, 0.0534, 0.0548, 71.1, 
73.6, 77.3, 82.5, 90, 93.1, 97.3, 100.1, 101.3, 104.3, 110.1, 
1, 1, 1, 1, 1, 1, 1, 1, 1, 1, 1, 1, 1, 1, 1, 1, 1, 1, 1, 1, 1, 
1, 1, 1, 1, 1, 1, 1, 1, 1, 1, 1, 1, 1, 1, 1, 1, 1, 1, 1, 1, 1, 
1, 1, 3.374, 3.344, 3.405, 3.57, 3.508, 3.434, 3.447, 3.383, 
3.502, 3.608, 3.502), .Dim = c(11L, 40L), .Dimnames = list(NULL, 
    c("Sampling", "PSO.cost", "PSO.gamma", "PSO.data.balancing", 
    "PSO.feature.selection", "PSO.valid.acc", "PSO.test.acc", 
    "PSO.train.time", "PSO.n.support.vectors", "PSO.index", "PSO.n.solutions", 
    "PSO.generations", "PSO.n.evaluations", "PSO.cpu.time", "RS.cost", 
    "RS.gamma", "RS.data.balancing", "RS.feature.selection", 
    "RS.valid.acc", "RS.test.acc", "RS.train.time", "RS.n.support.vectors", 
    "RS.index", "RS.n.solutions", "RS.generations", "RS.n.evaluations", 
    "RS.cpu.time", "DF.cost", "DF.gamma", "DF.data.balancing", 
    "DF.feature.selection", "DF.valid.acc", "DF.test.acc", "DF.train.time", 
    "DF.n.support.vectors", "DF.index", "DF.n.solutions", "DF.generations", 
    "DF.n.evaluations", "DF.cpu.time")))
