full <-
structure(c(50, 55, 60, 65, 70, 75, 80, 85, 90, 95, 100, 1, 2.72942, 
2.68564, 4.62855, 1.29776, 2.62376, 3.83359, 10.78732, 5.72589, 
7.82809, 2.32538, 0.02273, -7.66588, -8.12547, -9.87955, -4.78242, 
-5.02024, -5.30283, -11.70758, -11.80306, -12.65012, -5.21466, 
0, 0, 0, 0, 0, 0, 0, 0, 0, 0, 0, 0, 0, 0, 0, 0, 0, 0, 0, 0, 0, 
0, 0.83659, 0.83095, 0.82485, 0.79301, 0.80614, 0.81447, 0.83448, 
0.81719, 0.79819, 0.83292, 0.82442, 0.83659, 0.78952, 0.78147, 
0.78583, 0.76842, 0.77895, 0.80087, 0.77352, 0.78152, 0.81677, 
0.80943, 0.0375, 0.038, 0.0381, 0.0418, 0.0455, 0.0496, 0.0525, 
0.0512, 0.0506, 0.0523, 0.0574, 58.7, 56.9, 60.3, 67.1, 100.9, 
103.3, 102, 73.1, 89, 89, 113.1, 1, 1686, 969, 786, 273, 733, 
919, 688, 253, 120, 379, 1970, 11, 43, 90, 276, 151, 318, 80, 
29, 103, 203, 100, 100, 100, 100, 100, 100, 100, 100, 100, 100, 
100, 2500, 2500, 2500, 2500, 2500, 2500, 2500, 2500, 2500, 2500, 
2500, 8274.381, 8235.376, 8369.339, 9987.127, 10645.939, 10874.932, 
10936.353, 11074.056, 11231.15, 11118.899, 11429.694, 6.03797, 
2.56026, 4.67936, 1.69603, 2.078, 2.85985, 3.76923, 12.90953, 
0.56278, 7.91808, 8.96774, 2.1668, -7.5314, -10.2113, -3.92799, 
-4.32253, -5.09576, -5.35513, -13.95009, -3.95133, -12.73298, 
-8.05768, 0, 0, 0, 0, 0, 0, 0, 0, 0, 0, 0, 0, 0, 0, 0, 0, 0, 
0, 0, 0, 0, 0, 0.83659, 0.82381, 0.81897, 0.79653, 0.80614, 0.80421, 
0.82474, 0.817, 0.79855, 0.83292, 0.81766, 0.83659, 0.78952, 
0.77522, 0.78513, 0.75789, 0.78895, 0.80065, 0.77372, 0.79058, 
0.81677, 0.76796, 0.0416, 0.0367, 0.0388, 0.0481, 0.0516, 0.0495, 
0.0534, 0.0517, 0.0611, 0.0525, 0.0629, 107.2, 57.4, 58.6, 121.6, 
117.4, 101.8, 101, 72.6, 147.6, 89, 85.1, 1, 877, 256, 1426, 
1883, 383, 2027, 33, 561, 756, 1568, 1388, 2, 13, 1, 1, 3, 1, 
4, 1, 3, 1, 100, 100, 100, 100, 100, 100, 100, 100, 100, 100, 
100, 2500, 2500, 2500, 2500, 2500, 2500, 2500, 2500, 2500, 2500, 
2500, 8199.837, 8327.17, 8371.06299999999, 10671.602, 10836.205, 
10943.475, 11016.905, 11289.184, 11344.756, 11402.152, 11384.799, 
1, 1, 1, 1, 1, 1, 1, 1, 1, 1, 1, 0.02273, 0.02273, 0.02273, 0.02273, 
0.02273, 0.02273, 0.02273, 0.02273, 0.02273, 0.02273, 0.02273, 
0, 0, 0, 0, 0, 0, 0, 0, 0, 0, 0, 0, 0, 0, 0, 0, 0, 0, 0, 0, 0, 
0, 0.83659, 0.80286, 0.80022, 0.79236, 0.77924, 0.76895, 0.78749, 
0.78241, 0.77736, 0.81277, 0.79405, 0.83659, 0.80286, 0.79397, 
0.79236, 0.7848, 0.77395, 0.78771, 0.77312, 0.77337, 0.80892, 
0.7832, 0.0361, 0.0377, 0.0391, 0.0418, 0.0448, 0.048, 0.0492, 
0.0524, 0.0532, 0.0545, 0.0568, 58.7, 69.7, 77.4, 79.7, 86.5, 
93.4, 94, 98.6, 102.4, 105.9, 111.9, 1, 1, 1, 1, 1, 1, 1, 1, 
1, 1, 1, 1, 1, 1, 1, 1, 1, 1, 1, 1, 1, 1, 1, 1, 1, 1, 1, 1, 1, 
1, 1, 1, 1, 1, 1, 1, 1, 1, 1, 1, 1, 1, 1, 1, 3.226, 3.193, 3.217, 
4.051, 4.236, 4.303, 4.487, 4.463, 4.504, 4.413, 4.402), .Dim = c(11L, 
40L), .Dimnames = list(NULL, c("Sampling", "PSO.cost", "PSO.gamma", 
"PSO.data.balancing", "PSO.feature.selection", "PSO.valid.acc", 
"PSO.test.acc", "PSO.train.time", "PSO.n.support.vectors", "PSO.index", 
"PSO.n.solutions", "PSO.generations", "PSO.n.evaluations", "PSO.cpu.time", 
"RS.cost", "RS.gamma", "RS.data.balancing", "RS.feature.selection", 
"RS.valid.acc", "RS.test.acc", "RS.train.time", "RS.n.support.vectors", 
"RS.index", "RS.n.solutions", "RS.generations", "RS.n.evaluations", 
"RS.cpu.time", "DF.cost", "DF.gamma", "DF.data.balancing", "DF.feature.selection", 
"DF.valid.acc", "DF.test.acc", "DF.train.time", "DF.n.support.vectors", 
"DF.index", "DF.n.solutions", "DF.generations", "DF.n.evaluations", 
"DF.cpu.time")))
