full <-
structure(c(50, 55, 60, 65, 70, 75, 80, 85, 90, 95, 100, 5.90464, 
1.98182, 2.91019, 0.88971, 4.203, 6.58171, 1.32568, 0.4774, 1.65055, 
3.37721, 9.1813, -3.09125, -6.44735, -7.77589, -4.74442, -9.33671, 
-8.08681, -6.20269, -3.35817, -5.33864, -7.31332, -14.19336, 
0, 0, 0, 0, 0, 0, 0, 0, 0, 0, 0, 0, 0, 0, 0, 0, 0, 0, 0, 0, 0, 
0, 0.79396, 0.81113, 0.82534, 0.83358, 0.82798, 0.8012, 0.81558, 
0.81383, 0.82767, 0.82021, 0.81726, 0.7696, 0.78256, 0.79988, 
0.78084, 0.78965, 0.72489, 0.79675, 0.8002, 0.80193, 0.79251, 
0.7869, 0.0411, 0.0368, 0.0385, 0.0435, 0.0409, 0.044, 0.045, 
0.0574, 0.0498, 0.0496, 0.0515, 106, 61.4, 63, 89.6, 74.3, 74.6, 
90.5, 167.2, 102, 94, 94.9, 153, 437, 1043, 568, 1249, 2327, 
271, 208, 254, 485, 717, 834, 67, 67, 709, 45, 1, 168, 72, 594, 
153, 51, 100, 100, 100, 100, 100, 100, 100, 100, 100, 100, 100, 
2500, 2500, 2500, 2500, 2500, 2500, 2500, 2500, 2500, 2500, 2500, 
8721.71, 8951.671, 9071.02, 9237.703, 9022.33, 9564.36199999999, 
8591.834, 8932.49799999999, 8925.149, 9013.13399999999, 9081.027, 
6.98322, 0.79154, 3.13837, 0.92806, 3.81251, 6.36319, 1.16298, 
0.21203, 1.79285, 3.43797, 7.34031, -12.6672, -5.20657, -8.0088, 
-4.62791, -8.94567, -7.92455, -6.14426, -3.51835, -5.35445, -7.39466, 
-12.39674, 0, 0, 0, 0, 0, 0, 0, 0, 0, 0, 0, 0, 0, 0, 0, 0, 0, 
0, 0, 0, 0, 0, 0.79872, 0.81071, 0.82534, 0.83358, 0.82298, 0.79594, 
0.81558, 0.81383, 0.82767, 0.82021, 0.81341, 0.78443, 0.78256, 
0.80654, 0.78084, 0.80076, 0.72515, 0.79199, 0.7915, 0.79377, 
0.79251, 0.78306, 0.0342, 0.0373, 0.0378, 0.0417, 0.0411, 0.0457, 
0.0447, 0.0593, 0.0483, 0.0517, 0.0522, 53.5, 73.4, 62.6, 92.1, 
74.5, 74.9, 90.9, 157.8, 101.4, 94, 95.1, 298, 2097, 532, 1523, 
1825, 2284, 963, 742, 623, 703, 1025, 3, 1, 1, 2, 1, 1, 3, 1, 
2, 1, 4, 100, 100, 100, 100, 100, 100, 100, 100, 100, 100, 100, 
2500, 2500, 2500, 2500, 2500, 2500, 2500, 2500, 2500, 2500, 2500, 
8416.767, 8981.673, 9162.372, 9027.328, 9569.20000000001, 9726.644, 
8662.22900000001, 9138.63499999998, 8952.09, 9645.584, 9259.79799999998, 
1, 1, 1, 1, 1, 1, 1, 1, 1, 1, 1, 0.02273, 0.02273, 0.02273, 0.02273, 
0.02273, 0.02273, 0.02273, 0.02273, 0.02273, 0.02273, 0.02273, 
0, 0, 0, 0, 0, 0, 0, 0, 0, 0, 0, 0, 0, 0, 0, 0, 0, 0, 0, 0, 0, 
0, 0.78388, 0.76929, 0.78816, 0.76348, 0.76886, 0.7597, 0.76926, 
0.79111, 0.76512, 0.76483, 0.79062, 0.77674, 0.7831, 0.78816, 
0.79224, 0.77442, 0.76922, 0.76905, 0.76443, 0.75624, 0.77653, 
0.79061, 0.0357, 0.0383, 0.0385, 0.0412, 0.0438, 0.0467, 0.0435, 
0.0518, 0.0482, 0.0496, 0.0545, 65.8, 71.3, 76.4, 78.1, 84.4, 
95.2, 96.5, 99.6, 102.9, 104.5, 110.6, 1, 1, 1, 1, 1, 1, 1, 1, 
1, 1, 1, 1, 1, 1, 1, 1, 1, 1, 1, 1, 1, 1, 1, 1, 1, 1, 1, 1, 1, 
1, 1, 1, 1, 1, 1, 1, 1, 1, 1, 1, 1, 1, 1, 1, 3.265, 3.489, 3.481, 
3.47, 3.82, 4.168, 3.486, 3.9, 3.39, 3.468, 3.601), .Dim = c(11L, 
40L), .Dimnames = list(NULL, c("Sampling", "PSO.cost", "PSO.gamma", 
"PSO.data.balancing", "PSO.feature.selection", "PSO.valid.acc", 
"PSO.test.acc", "PSO.train.time", "PSO.n.support.vectors", "PSO.index", 
"PSO.n.solutions", "PSO.generations", "PSO.n.evaluations", "PSO.cpu.time", 
"RS.cost", "RS.gamma", "RS.data.balancing", "RS.feature.selection", 
"RS.valid.acc", "RS.test.acc", "RS.train.time", "RS.n.support.vectors", 
"RS.index", "RS.n.solutions", "RS.generations", "RS.n.evaluations", 
"RS.cpu.time", "DF.cost", "DF.gamma", "DF.data.balancing", "DF.feature.selection", 
"DF.valid.acc", "DF.test.acc", "DF.train.time", "DF.n.support.vectors", 
"DF.index", "DF.n.solutions", "DF.generations", "DF.n.evaluations", 
"DF.cpu.time")))
