full <-
structure(c(50, 55, 60, 65, 70, 75, 80, 85, 90, 95, 100, 4.56959, 
1, 2.35326, 1.52588, 9.20657, 0.44991, -0.16611, 11.50524, 2.44904, 
7.32291, 0.62037, -7.90821, 0.02273, -4.8821, -4.21876, -3.16185, 
-4.95489, -4.03632, -0.72997, -7.63453, -0.46289, -5.44083, 0, 
0, 0, 0, 0, 0, 0, 0, 0, 0, 0, 0, 0, 0, 0, 0, 0, 0, 0, 0, 0, 0, 
0.7978, 0.78238, 0.81414, 0.79837, 0.79123, 0.80382, 0.81147, 
0.7913, 0.82373, 0.79692, 0.83179, 0.73901, 0.78238, 0.74451, 
0.75784, 0.77544, 0.76882, 0.79264, 0.7913, 0.7942, 0.79692, 
0.80927, 0.0351, 0.0364, 0.0404, 0.0462, 0.0536, 0.0453, 0.0515, 
0.0642, 0.0458, 0.0707, 0.0544, 53.1, 70.2, 81.6, 108.2, 147, 
99.7, 129.6, 180, 87.8, 200.8, 110.7, 21, 1, 1500, 1062, 541, 
1467, 844, 3, 811, 4, 1268, 354, 1878, 17, 83, 488, 36, 40, 1909, 
77, 1805, 67, 100, 100, 100, 100, 100, 100, 100, 100, 100, 100, 
100, 2500, 2500, 2500, 2500, 2500, 2500, 2500, 2500, 2500, 2500, 
2500, 8050.307, 8209.38, 8367.811, 8464.558, 8621.212, 8606.71500000001, 
8563.58900000001, 8845.735, 8745.42999999999, 9081.101, 8998.80099999998, 
4.30874, -1.73226, 3.07144, 0.27432, 14.06134, 0.46888, 3.92172, 
-0.75306, 2.39224, 8.23013, 0.73892, -7.75526, -9.71384, -6.34644, 
-5.42651, -3.16355, -5.01459, -9.35034, -1.05416, -7.59025, -1.87281, 
-5.57085, 0, 0, 0, 0, 0, 0, 0, 0, 0, 0, 0, 0, 0, 0, 0, 0, 0, 
0, 0, 0, 0, 0, 0.7978, 0.78238, 0.80321, 0.79183, 0.79123, 0.80382, 
0.80693, 0.7913, 0.81957, 0.79692, 0.82794, 0.73901, 0.78238, 
0.76956, 0.79183, 0.77544, 0.76882, 0.7974, 0.7913, 0.7942, 0.79292, 
0.80913, 0.0344, 0.0356, 0.0402, 0.042, 0.051, 0.0452, 0.0429, 
0.0623, 0.0491, 0.0682, 0.0532, 53.7, 58.3, 67.2, 79.3, 147, 
98.7, 78.9, 180, 88.2, 200.8, 109.3, 319, 1, 640, 2468, 474, 
799, 1487, 4, 968, 4, 578, 9, 1220, 2, 1, 1, 1, 2, 1219, 1, 1224, 
1, 100, 100, 100, 100, 100, 100, 100, 100, 100, 100, 100, 2500, 
2500, 2500, 2500, 2500, 2500, 2500, 2500, 2500, 2500, 2500, 8110.83, 
8366.111, 8382.23, 8443.72099999999, 8553.285, 8616.993, 8633.89, 
8831.454, 8911.03200000001, 9149.29399999999, 9150.73500000002, 
1, 1, 1, 1, 1, 1, 1, 1, 1, 1, 1, 0.02273, 0.02273, 0.02273, 0.02273, 
0.02273, 0.02273, 0.02273, 0.02273, 0.02273, 0.02273, 0.02273, 
0, 0, 0, 0, 0, 0, 0, 0, 0, 0, 0, 0, 0, 0, 0, 0, 0, 0, 0, 0, 0, 
0, 0.75275, 0.78238, 0.78794, 0.78039, 0.77953, 0.78882, 0.7974, 
0.78696, 0.79855, 0.78892, 0.79033, 0.76044, 0.78238, 0.78794, 
0.78595, 0.77953, 0.79409, 0.79264, 0.78241, 0.8029, 0.79292, 
0.79418, 0.0346, 0.04, 0.0394, 0.0409, 0.0405, 0.0437, 0.0439, 
0.0469, 0.0495, 0.0524, 0.0547, 66.9, 70.2, 73.9, 79.3, 83.8, 
91.9, 90.7, 97.9, 100.6, 106.1, 110.6, 1, 1, 1, 1, 1, 1, 1, 1, 
1, 1, 1, 1, 1, 1, 1, 1, 1, 1, 1, 1, 1, 1, 1, 1, 1, 1, 1, 1, 1, 
1, 1, 1, 1, 1, 1, 1, 1, 1, 1, 1, 1, 1, 1, 1, 3.104, 3.343, 3.167, 
3.419, 3.305, 3.357, 3.377, 3.409, 3.534, 3.759, 3.708), .Dim = c(11L, 
40L), .Dimnames = list(NULL, c("Sampling", "PSO.cost", "PSO.gamma", 
"PSO.data.balancing", "PSO.feature.selection", "PSO.valid.acc", 
"PSO.test.acc", "PSO.train.time", "PSO.n.support.vectors", "PSO.index", 
"PSO.n.solutions", "PSO.generations", "PSO.n.evaluations", "PSO.cpu.time", 
"RS.cost", "RS.gamma", "RS.data.balancing", "RS.feature.selection", 
"RS.valid.acc", "RS.test.acc", "RS.train.time", "RS.n.support.vectors", 
"RS.index", "RS.n.solutions", "RS.generations", "RS.n.evaluations", 
"RS.cpu.time", "DF.cost", "DF.gamma", "DF.data.balancing", "DF.feature.selection", 
"DF.valid.acc", "DF.test.acc", "DF.train.time", "DF.n.support.vectors", 
"DF.index", "DF.n.solutions", "DF.generations", "DF.n.evaluations", 
"DF.cpu.time")))
