full <-
structure(c(50, 55, 60, 65, 70, 75, 80, 85, 90, 95, 100, 7.66747, 
10.54508, 0.07976, 6.92304, 10.19299, 0.72456, 6.99524, 0.77239, 
4.70527, 6.60407, 0.56357, -13.0357, -2.46615, -2.80002, -3.02859, 
-2.80673, -3.06397, -7.23396, -2.79154, -9.86465, -3.60731, -4.29364, 
0, 0, 0, 0, 0, 0, 0, 0, 0, 0, 0, 0, 0, 0, 0, 0, 0, 0, 0, 0, 0, 
0, 0.82088, 0.82421, 0.825, 0.82793, 0.83327, 0.82414, 0.81991, 
0.80968, 0.80236, 0.82483, 0.8355, 0.80604, 0.79604, 0.81875, 
0.81029, 0.79667, 0.81937, 0.80152, 0.7913, 0.78587, 0.79696, 
0.82382, 0.0332, 0.0492, 0.0536, 0.0531, 0.0588, 0.0548, 0.0513, 
0.0695, 0.0555, 0.0744, 0.0611, 51.3, 117.6, 127.2, 136, 148, 
154.3, 71.2, 179, 88.3, 176.2, 145.9, 181, 98, 174, 89, 408, 
646, 1419, 1020, 909, 101, 1088, 80, 1120, 191, 1098, 671, 38, 
37, 38, 15, 455, 36, 100, 100, 100, 100, 100, 100, 100, 100, 
100, 100, 100, 2500, 2500, 2500, 2500, 2500, 2500, 2500, 2500, 
2500, 2500, 2500, 8471.12, 12812.126, 12850.058, 12559.015, 10640.14, 
9691.47, 13182.764, 13743.392, 13418.799, 14830.928, 11436.214, 
8.91148, 0.65796, 5.6253, 8.66048, 9.42155, 4.38144, 6.86993, 
5.73107, 6.02791, 9.10732, 0.39878, -14.27943, -2.50805, -2.22896, 
-3.0691, -2.78616, -2.47425, -7.10531, -2.72057, -11.98345, -3.835, 
-5.21371, 0, 0, 0, 0, 0, 0, 0, 0, 0, 0, 0, 0, 0, 0, 0, 0, 0, 
0, 0, 0, 0, 0, 0.82088, 0.82421, 0.81875, 0.82793, 0.83327, 0.81964, 
0.81991, 0.80949, 0.79855, 0.82483, 0.83139, 0.80604, 0.7889, 
0.80625, 0.81584, 0.79667, 0.81964, 0.79221, 0.78696, 0.79837, 
0.79664, 0.79774, 0.0348, 0.0479, 0.052, 0.0546, 0.0546, 0.057, 
0.052, 0.0676, 0.053, 0.0738, 0.0582, 51.2, 117.6, 128, 135.7, 
148.1, 159.2, 71.7, 179.7, 88.3, 166, 115.2, 89, 231, 1300, 58, 
782, 85, 558, 115, 625, 339, 1143, 10, 20, 6, 9, 3, 4, 2, 4, 
4, 10, 1, 100, 100, 100, 100, 100, 100, 100, 100, 100, 100, 100, 
2500, 2500, 2500, 2500, 2500, 2500, 2500, 2500, 2500, 2500, 2500, 
12332.847, 13010.74, 12578.909, 12818.674, 9457.22399999999, 
9523.538, 13508.025, 13541.358, 13732.907, 14742.136, 10285.469, 
1, 1, 1, 1, 1, 1, 1, 1, 1, 1, 1, 0.02273, 0.02273, 0.02273, 0.02273, 
0.02273, 0.02273, 0.02273, 0.02273, 0.02273, 0.02273, 0.02273, 
0, 0, 0, 0, 0, 0, 0, 0, 0, 0, 0, 0, 0, 0, 0, 0, 0, 0, 0, 0, 0, 
0, 0.80659, 0.80985, 0.8125, 0.81555, 0.81246, 0.81437, 0.80671, 
0.8004, 0.78134, 0.80144, 0.79432, 0.7989, 0.80985, 0.8125, 0.81555, 
0.81772, 0.81437, 0.79719, 0.79585, 0.78569, 0.78927, 0.79803, 
0.0431, 0.0435, 0.045, 0.0457, 0.044, 0.0415, 0.0526, 0.0576, 
0.0574, 0.0587, 0.0558, 63.2, 65.7, 67.7, 69.8, 74, 78, 89.9, 
99.3, 106.9, 107.1, 110.4, 1, 1, 1, 1, 1, 1, 1, 1, 1, 1, 1, 1, 
1, 1, 1, 1, 1, 1, 1, 1, 1, 1, 1, 1, 1, 1, 1, 1, 1, 1, 1, 1, 1, 
1, 1, 1, 1, 1, 1, 1, 1, 1, 1, 1, 5.279, 5.262, 4.885, 5.131, 
3.685, 3.705, 5.464, 5.675, 5.287, 5.889, 4.046), .Dim = c(11L, 
40L), .Dimnames = list(NULL, c("Sampling", "PSO.cost", "PSO.gamma", 
"PSO.data.balancing", "PSO.feature.selection", "PSO.valid.acc", 
"PSO.test.acc", "PSO.train.time", "PSO.n.support.vectors", "PSO.index", 
"PSO.n.solutions", "PSO.generations", "PSO.n.evaluations", "PSO.cpu.time", 
"RS.cost", "RS.gamma", "RS.data.balancing", "RS.feature.selection", 
"RS.valid.acc", "RS.test.acc", "RS.train.time", "RS.n.support.vectors", 
"RS.index", "RS.n.solutions", "RS.generations", "RS.n.evaluations", 
"RS.cpu.time", "DF.cost", "DF.gamma", "DF.data.balancing", "DF.feature.selection", 
"DF.valid.acc", "DF.test.acc", "DF.train.time", "DF.n.support.vectors", 
"DF.index", "DF.n.solutions", "DF.generations", "DF.n.evaluations", 
"DF.cpu.time")))
