full <-
structure(c(50, 55, 60, 65, 70, 75, 80, 85, 90, 95, 100, 5.65472, 
-0.13777, 4.19118, 0.65964, 9.04118, -0.0289, 1.80219, 0.90975, 
3.30032, 4.74045, 7.19902, -11.24094, -5.38688, -9.38226, -4.43172, 
-15, -5.1523, -5.7164, -4.18857, -8.59515, -6.08392, -7.53671, 
0, 0, 0, 0, 0, 0, 0, 0, 0, 0, 0, 0, 0, 0, 0, 0, 0, 0, 0, 0, 0, 
0, 0.79121, 0.78333, 0.81221, 0.81103, 0.78553, 0.78914, 0.82078, 
0.82273, 0.82331, 0.83686, 0.85334, 0.75604, 0.76286, 0.75623, 
0.76944, 0.75775, 0.79014, 0.78312, 0.80059, 0.80174, 0.82563, 
0.80885, 0.0395, 0.0357, 0.0391, 0.044, 0.0405, 0.0466, 0.0454, 
0.0563, 0.0505, 0.0505, 0.0544, 56.7, 71.6, 63.2, 103.9, 75.5, 
100.1, 98, 137.5, 89.4, 94.4, 88.8, 402, 728, 742, 229, 85, 42, 
283, 670, 970, 1566, 582, 66, 109, 23, 268, 123, 58, 243, 175, 
16, 16, 158, 100, 100, 100, 100, 100, 100, 100, 100, 100, 100, 
100, 2500, 2500, 2500, 2500, 2500, 2500, 2500, 2500, 2500, 2500, 
2500, 9427.923, 8591.815, 8256.68, 8823.15399999999, 8743.63900000001, 
8431.323, 8690.02500000001, 8988.74099999999, 8308.429, 8817.16899999999, 
8725.27800000002, 5.23212, 0.88492, 8.83719, 0.57479, 8.49522, 
7.45907, 1.62379, 0.33186, 6.5737, 4.65224, 5.23578, -10.79854, 
-3.42422, -14.00719, -4.48792, -14.57258, -13.86285, -5.38726, 
-4.19499, -11.91523, -5.98477, -6.4952, 0, 0, 0, 0, 0, 0, 0, 
0, 0, 0, 0, 0, 0, 0, 0, 0, 0, 0, 0, 0, 0, 0, 0.79121, 0.77714, 
0.81184, 0.81103, 0.78553, 0.77937, 0.82078, 0.81344, 0.81913, 
0.82869, 0.85306, 0.75604, 0.77, 0.76211, 0.76356, 0.7633, 0.77411, 
0.78312, 0.78715, 0.81007, 0.81363, 0.80502, 0.0389, 0.0415, 
0.037, 0.0441, 0.0408, 0.0447, 0.0479, 0.0554, 0.0478, 0.0508, 
0.0501, 56.8, 115.5, 63, 102.4, 75.5, 81.4, 101.6, 135, 89.5, 
94.5, 94.8, 1247, 113, 922, 990, 169, 208, 664, 377, 155, 1694, 
1815, 1, 2, 2, 1, 7, 11, 1, 2, 5, 1, 1, 100, 100, 100, 100, 100, 
100, 100, 100, 100, 100, 100, 2500, 2500, 2500, 2500, 2500, 2500, 
2500, 2500, 2500, 2500, 2500, 9517.85, 8218.621, 8828.147, 8745.83, 
8483.18500000001, 8868.739, 8957.35799999999, 8792.98300000001, 
8648.27499999999, 8820.36199999999, 8972.22700000001, 1, 1, 1, 
1, 1, 1, 1, 1, 1, 1, 1, 0.02273, 0.02273, 0.02273, 0.02273, 0.02273, 
0.02273, 0.02273, 0.02273, 0.02273, 0.02273, 0.02273, 0, 0, 0, 
0, 0, 0, 0, 0, 0, 0, 0, 0, 0, 0, 0, 0, 0, 0, 0, 0, 0, 0, 0.75385, 
0.76286, 0.77466, 0.77504, 0.78026, 0.77387, 0.77359, 0.78241, 
0.79812, 0.79301, 0.78278, 0.76154, 0.76238, 0.78132, 0.78092, 
0.75219, 0.78035, 0.76883, 0.78676, 0.79828, 0.79301, 0.77921, 
0.0388, 0.0378, 0.0386, 0.0394, 0.0432, 0.0437, 0.0459, 0.049, 
0.0509, 0.0527, 0.0551, 68.6, 70.8, 77.6, 83.5, 91.7, 95.7, 104.8, 
104.2, 105.2, 107.2, 113.8, 1, 1, 1, 1, 1, 1, 1, 1, 1, 1, 1, 
1, 1, 1, 1, 1, 1, 1, 1, 1, 1, 1, 1, 1, 1, 1, 1, 1, 1, 1, 1, 1, 
1, 1, 1, 1, 1, 1, 1, 1, 1, 1, 1, 1, 3.896, 3.541, 3.489, 3.227, 
3.398, 3.681, 3.473, 3.266, 3.252, 3.508, 3.413), .Dim = c(11L, 
40L), .Dimnames = list(NULL, c("Sampling", "PSO.cost", "PSO.gamma", 
"PSO.data.balancing", "PSO.feature.selection", "PSO.valid.acc", 
"PSO.test.acc", "PSO.train.time", "PSO.n.support.vectors", "PSO.index", 
"PSO.n.solutions", "PSO.generations", "PSO.n.evaluations", "PSO.cpu.time", 
"RS.cost", "RS.gamma", "RS.data.balancing", "RS.feature.selection", 
"RS.valid.acc", "RS.test.acc", "RS.train.time", "RS.n.support.vectors", 
"RS.index", "RS.n.solutions", "RS.generations", "RS.n.evaluations", 
"RS.cpu.time", "DF.cost", "DF.gamma", "DF.data.balancing", "DF.feature.selection", 
"DF.valid.acc", "DF.test.acc", "DF.train.time", "DF.n.support.vectors", 
"DF.index", "DF.n.solutions", "DF.generations", "DF.n.evaluations", 
"DF.cpu.time")))
