full <-
structure(c(50, 55, 60, 65, 70, 75, 80, 85, 90, 95, 100, 6.62653, 
2.2809, 2.33046, 0.50062, 11.29415, 2.18823, 9.7768, 6.68923, 
0.70764, 1.74991, 7.38816, -4.78872, -5.02327, -4.43877, -4.04366, 
-13.09062, -5.79271, -3.94777, -11.65025, -4.36322, -3.92441, 
-6.99403, 0, 0, 0, 0, 0, 0, 0, 0, 0, 0, 0, 0, 0, 0, 0, 0, 0, 
0, 0, 0, 0, 0, 0.84341, 0.84274, 0.83309, 0.84477, 0.83918, 0.85492, 
0.83528, 0.82244, 0.83225, 0.84473, 0.81676, 0.83571, 0.81607, 
0.81392, 0.81046, 0.82339, 0.79911, 0.83052, 0.78686, 0.82355, 
0.83641, 0.76747, 0.0349, 0.0367, 0.0408, 0.0435, 0.0458, 0.0475, 
0.0581, 0.0508, 0.0541, 0.064, 0.0585, 56.1, 61.3, 84.6, 100.8, 
55.7, 74, 130.1, 82.3, 125.6, 152.4, 91.2, 32, 1309, 510, 1280, 
125, 1369, 61, 100, 1386, 1506, 2294, 687, 75, 438, 59, 244, 
162, 853, 92, 56, 53, 1, 100, 100, 100, 100, 100, 100, 100, 100, 
100, 100, 100, 2500, 2500, 2500, 2500, 2500, 2500, 2500, 2500, 
2500, 2500, 2500, 8012.676, 8104.528, 8196.154, 9305.692, 10886.638, 
10983.819, 11081.104, 10750.659, 8502.019, 8478.44899999999, 
8381.04299999998, 9.49249, 2.18911, 2.47007, 1.50301, 12.85115, 
2.33529, 11.74005, 0.68644, 0.91532, 1.64385, 7.31364, -4.81258, 
-4.68365, -4.4865, -5.40229, -14.68861, -5.8672, -3.99973, -5.5631, 
-4.64028, -3.79114, -6.93804, 0, 0, 0, 0, 0, 0, 0, 0, 0, 0, 0, 
0, 0, 0, 0, 0, 0, 0, 0, 0, 0, 0, 0.84341, 0.83607, 0.83309, 0.83954, 
0.83918, 0.84992, 0.83528, 0.82659, 0.82373, 0.84458, 0.81291, 
0.83571, 0.8094, 0.81392, 0.79314, 0.82339, 0.79935, 0.83052, 
0.809, 0.82373, 0.83256, 0.76747, 0.0353, 0.0368, 0.0431, 0.0434, 
0.0447, 0.0468, 0.059, 0.0481, 0.0521, 0.0656, 0.0582, 55.8, 
66.2, 84.1, 71.5, 56, 73, 128.4, 93.2, 114.3, 160.4, 91.5, 166, 
948, 1916, 1965, 458, 661, 1111, 23, 629, 293, 954, 11, 1, 1, 
1, 14, 1, 15, 3, 1, 1, 2, 100, 100, 100, 100, 100, 100, 100, 
100, 100, 100, 100, 2500, 2500, 2500, 2500, 2500, 2500, 2500, 
2500, 2500, 2500, 2500, 8051.054, 8100.854, 8284.915, 10908.662, 
10958.254, 11020.206, 10941.458, 9071.046, 8360.67799999999, 
8364.505, 8575.45799999998, 1, 1, 1, 1, 1, 1, 1, 1, 1, 1, 1, 
0.02273, 0.02273, 0.02273, 0.02273, 0.02273, 0.02273, 0.02273, 
0.02273, 0.02273, 0.02273, 0.02273, 0, 0, 0, 0, 0, 0, 0, 0, 0, 
0, 0, 0, 0, 0, 0, 0, 0, 0, 0, 0, 0, 0, 0.82198, 0.82411, 0.81902, 
0.80392, 0.80702, 0.81437, 0.81602, 0.79141, 0.80272, 0.80487, 
0.80124, 0.82198, 0.81744, 0.81902, 0.8098, 0.81257, 0.81437, 
0.80671, 0.78232, 0.79438, 0.80887, 0.79025, 0.0346, 0.0358, 
0.0387, 0.0435, 0.0454, 0.0472, 0.0476, 0.0467, 0.0488, 0.0521, 
0.0566, 52.1, 58.9, 64.6, 72, 73.2, 79.6, 81.9, 95.5, 99.6, 103.3, 
110.4, 1, 1, 1, 1, 1, 1, 1, 1, 1, 1, 1, 1, 1, 1, 1, 1, 1, 1, 
1, 1, 1, 1, 1, 1, 1, 1, 1, 1, 1, 1, 1, 1, 1, 1, 1, 1, 1, 1, 1, 
1, 1, 1, 1, 1, 3.181, 3.197, 3.268, 4.244, 4.407, 4.32, 4.158, 
3.276, 3.313, 3.135, 3.263), .Dim = c(11L, 40L), .Dimnames = list(
    NULL, c("Sampling", "PSO.cost", "PSO.gamma", "PSO.data.balancing", 
    "PSO.feature.selection", "PSO.valid.acc", "PSO.test.acc", 
    "PSO.train.time", "PSO.n.support.vectors", "PSO.index", "PSO.n.solutions", 
    "PSO.generations", "PSO.n.evaluations", "PSO.cpu.time", "RS.cost", 
    "RS.gamma", "RS.data.balancing", "RS.feature.selection", 
    "RS.valid.acc", "RS.test.acc", "RS.train.time", "RS.n.support.vectors", 
    "RS.index", "RS.n.solutions", "RS.generations", "RS.n.evaluations", 
    "RS.cpu.time", "DF.cost", "DF.gamma", "DF.data.balancing", 
    "DF.feature.selection", "DF.valid.acc", "DF.test.acc", "DF.train.time", 
    "DF.n.support.vectors", "DF.index", "DF.n.solutions", "DF.generations", 
    "DF.n.evaluations", "DF.cpu.time")))
