full <-
structure(c(50, 55, 60, 65, 70, 75, 80, 85, 90, 95, 100, -0.10634, 
3.29462, 8.91271, 1.71666, 3.20367, 11.78607, 4.15518, 9.72712, 
6.57854, 1.58053, 1.64422, -3.6711, -8.33559, -13.61934, -4.50323, 
-6.74399, -10.91785, -9.97092, -15, -10.55123, -4.09915, -5.39556, 
0, 0, 0, 0, 0, 0, 0, 0, 0, 0, 0, 0, 0, 0, 0, 0, 0, 0, 0, 0, 0, 
0, 0.83626, 0.83033, 0.8375, 0.83881, 0.83889, 0.83411, 0.80232, 
0.82308, 0.82373, 0.82471, 0.82823, 0.83626, 0.81755, 0.8, 0.79236, 
0.7962, 0.77332, 0.80208, 0.81022, 0.78569, 0.80485, 0.82067, 
0.0372, 0.0342, 0.0354, 0.0404, 0.039, 0.0477, 0.0427, 0.0447, 
0.0472, 0.0591, 0.0544, 96.1, 55.1, 56.3, 91.3, 69, 55.4, 77.9, 
81.2, 83.2, 147.3, 110.5, 46, 1581, 518, 807, 500, 930, 224, 
1007, 150, 1690, 929, 202, 33, 53, 256, 91, 75, 64, 43, 216, 
33, 137, 100, 100, 100, 100, 100, 100, 100, 100, 100, 100, 100, 
2500, 2500, 2500, 2500, 2500, 2500, 2500, 2500, 2500, 2500, 2500, 
7627.255, 7651.914, 7722.61, 7835.43, 7911.64200000001, 8119.22100000001, 
8293.128, 8582.345, 8467.717, 8619.20500000002, 8609.571, 1.7429, 
2.34703, 9.60155, 1.49091, 3.23955, 6.61721, 2.88756, 5.18979, 
7.85279, 2.15867, 1.5894, -6.60715, -7.26602, -14.28071, -4.41984, 
-6.76228, -7.57985, -8.68261, -10.5062, -11.81385, -4.70906, 
-5.50127, 0, 0, 0, 0, 0, 0, 0, 0, 0, 0, 0, 0, 0, 0, 0, 0, 0, 
0, 0, 0, 0, 0, 0.83626, 0.83033, 0.8375, 0.83292, 0.83889, 0.83014, 
0.80232, 0.82308, 0.82373, 0.82871, 0.82095, 0.83626, 0.81755, 
0.80625, 0.78648, 0.7962, 0.79411, 0.79732, 0.80587, 0.78569, 
0.78885, 0.82067, 0.0339, 0.0331, 0.0347, 0.0411, 0.0401, 0.0426, 
0.0436, 0.0459, 0.0454, 0.0565, 0.054, 50.8, 56.2, 56.2, 94.7, 
68.9, 65.1, 78.8, 81.9, 83.1, 122.8, 108, 78, 1758, 92, 1670, 
518, 938, 373, 222, 358, 797, 1830, 35, 1, 11, 1, 3, 1, 6, 7, 
9, 1, 1, 100, 100, 100, 100, 100, 100, 100, 100, 100, 100, 100, 
2500, 2500, 2500, 2500, 2500, 2500, 2500, 2500, 2500, 2500, 2500, 
7670.813, 7703.725, 7774.75700000001, 7848.417, 8161.62300000001, 
8246.14499999999, 8551.06600000001, 8659.78, 8576.26199999999, 
8547.85999999999, 8865.87400000001, 1, 1, 1, 1, 1, 1, 1, 1, 1, 
1, 1, 0.02273, 0.02273, 0.02273, 0.02273, 0.02273, 0.02273, 0.02273, 
0.02273, 0.02273, 0.02273, 0.02273, 0, 0, 0, 0, 0, 0, 0, 0, 0, 
0, 0, 0, 0, 0, 0, 0, 0, 0, 0, 0, 0, 0, 0.82912, 0.81033, 0.8125, 
0.79824, 0.80146, 0.79409, 0.78279, 0.79597, 0.7942, 0.78468, 
0.79048, 0.82912, 0.81033, 0.8125, 0.79824, 0.80146, 0.79409, 
0.78801, 0.78728, 0.79855, 0.77653, 0.79075, 0.0337, 0.034, 0.0359, 
0.0379, 0.0403, 0.0435, 0.0451, 0.046, 0.0476, 0.0497, 0.056, 
57.2, 61.7, 63.9, 74.8, 74.8, 82.1, 86.6, 89.7, 99, 101.7, 112.8, 
1, 1, 1, 1, 1, 1, 1, 1, 1, 1, 1, 1, 1, 1, 1, 1, 1, 1, 1, 1, 1, 
1, 1, 1, 1, 1, 1, 1, 1, 1, 1, 1, 1, 1, 1, 1, 1, 1, 1, 1, 1, 1, 
1, 1, 3.023, 3.041, 3.094, 3.15, 3.235, 3.234, 3.319, 3.261, 
3.315, 3.406, 3.489), .Dim = c(11L, 40L), .Dimnames = list(NULL, 
    c("Sampling", "PSO.cost", "PSO.gamma", "PSO.data.balancing", 
    "PSO.feature.selection", "PSO.valid.acc", "PSO.test.acc", 
    "PSO.train.time", "PSO.n.support.vectors", "PSO.index", "PSO.n.solutions", 
    "PSO.generations", "PSO.n.evaluations", "PSO.cpu.time", "RS.cost", 
    "RS.gamma", "RS.data.balancing", "RS.feature.selection", 
    "RS.valid.acc", "RS.test.acc", "RS.train.time", "RS.n.support.vectors", 
    "RS.index", "RS.n.solutions", "RS.generations", "RS.n.evaluations", 
    "RS.cpu.time", "DF.cost", "DF.gamma", "DF.data.balancing", 
    "DF.feature.selection", "DF.valid.acc", "DF.test.acc", "DF.train.time", 
    "DF.n.support.vectors", "DF.index", "DF.n.solutions", "DF.generations", 
    "DF.n.evaluations", "DF.cpu.time")))
