full <-
structure(c(50, 55, 60, 65, 70, 75, 80, 85, 90, 95, 100, 6.22274, 
5.22016, 2.48944, 12.74411, 14.0767, 5.17598, 0.93588, 2.49415, 
6.12466, 2.82333, 5.38456, -11.2287, -10.01444, -8.0503, -11.30925, 
1.70903, -10.67532, -5.19344, -7.65572, -11.45111, -7.94091, 
-7.90996, 0, 0, 0, 0, 0, 0, 0, 0, 0, 0, 0, 0, 0, 0, 0, 0, 0, 
0, 0, 0, 0, 0, 0.83714, 0.83095, 0.80647, 0.81548, 0.80146, 0.80947, 
0.84437, 0.81754, 0.81527, 0.82492, 0.83172, 0.82176, 0.81762, 
0.79397, 0.752, 0.80146, 0.78921, 0.82532, 0.80031, 0.79841, 
0.79692, 0.80947, 0.0357, 0.0369, 0.0393, 0.0464, 0.055, 0.0487, 
0.0536, 0.0529, 0.0567, 0.055, 0.0671, 47.3, 53.1, 63.7, 49.9, 
148.8, 71.9, 98.9, 81.4, 82.9, 89.4, 92.6, 668, 296, 367, 1806, 
3, 129, 914, 718, 146, 385, 215, 81, 56, 120, 47, 1880, 70, 52, 
59, 74, 82, 70, 100, 100, 100, 100, 100, 100, 100, 100, 100, 
100, 100, 2500, 2500, 2500, 2500, 2500, 2500, 2500, 2500, 2500, 
2500, 2500, 8611.209, 8911.692, 8960.065, 9024.338, 9502.81700000001, 
12727.251, 12571.38, 13388.053, 13242.639, 13668.354, 14940.009, 
6.17548, 3.90586, 2.79765, 12.63102, 13.75552, 8.59783, 0.63766, 
4.16952, 0.71191, 5.1392, 1.34831, -11.22376, -8.6311, -8.44867, 
-11.3115, -0.07197, -14.1638, -4.82865, -9.89389, -5.40786, -10.33337, 
-4.13847, 0, 0, 0, 0, 0, 0, 0, 0, 0, 0, 0, 0, 0, 0, 0, 0, 0, 
0, 0, 0, 0, 0, 0.83714, 0.83095, 0.80647, 0.80993, 0.80146, 0.80947, 
0.83506, 0.81375, 0.81943, 0.82092, 0.82773, 0.82176, 0.82429, 
0.79397, 0.74612, 0.80146, 0.78921, 0.81602, 0.80466, 0.81092, 
0.80092, 0.81975, 0.0347, 0.037, 0.0389, 0.0446, 0.06, 0.0464, 
0.0553, 0.0518, 0.0597, 0.0579, 0.0757, 47.3, 54, 63, 49.9, 148.8, 
71.3, 104.9, 80.1, 102.4, 87, 154.8, 126, 428, 510, 376, 2, 619, 
1882, 1353, 1796, 2063, 971, 34, 5, 1, 2, 1203, 6, 1, 1, 1, 2, 
1, 100, 100, 100, 100, 100, 100, 100, 100, 100, 100, 100, 2500, 
2500, 2500, 2500, 2500, 2500, 2500, 2500, 2500, 2500, 2500, 8606.064, 
8797.524, 8946.841, 9141.344, 9354.55500000001, 12724.742, 12862.41, 
13390.214, 13613.216, 15002.732, 14970.955, 1, 1, 1, 1, 1, 1, 
1, 1, 1, 1, 1, 0.02273, 0.02273, 0.02273, 0.02273, 0.02273, 0.02273, 
0.02273, 0.02273, 0.02273, 0.02273, 0.02273, 0, 0, 0, 0, 0, 0, 
0, 0, 0, 0, 0, 0, 0, 0, 0, 0, 0, 0, 0, 0, 0, 0, 0.82945, 0.81714, 
0.79397, 0.78701, 0.79591, 0.80421, 0.7974, 0.80031, 0.8071, 
0.80077, 0.7941, 0.82945, 0.81714, 0.79397, 0.78701, 0.79591, 
0.80421, 0.80216, 0.80031, 0.79859, 0.80077, 0.7941, 0.0367, 
0.0391, 0.0401, 0.0457, 0.0426, 0.0539, 0.0522, 0.0545, 0.0549, 
0.0582, 0.0642, 63, 71.2, 79.9, 83, 85.1, 93.9, 96.1, 96.7, 100.3, 
106.3, 111.1, 1, 1, 1, 1, 1, 1, 1, 1, 1, 1, 1, 1, 1, 1, 1, 1, 
1, 1, 1, 1, 1, 1, 1, 1, 1, 1, 1, 1, 1, 1, 1, 1, 1, 1, 1, 1, 1, 
1, 1, 1, 1, 1, 1, 1, 3.347, 3.509, 3.63, 3.528, 3.701, 5.08, 
5.096, 5.384, 5.152, 5.69, 6.151), .Dim = c(11L, 40L), .Dimnames = list(
    NULL, c("Sampling", "PSO.cost", "PSO.gamma", "PSO.data.balancing", 
    "PSO.feature.selection", "PSO.valid.acc", "PSO.test.acc", 
    "PSO.train.time", "PSO.n.support.vectors", "PSO.index", "PSO.n.solutions", 
    "PSO.generations", "PSO.n.evaluations", "PSO.cpu.time", "RS.cost", 
    "RS.gamma", "RS.data.balancing", "RS.feature.selection", 
    "RS.valid.acc", "RS.test.acc", "RS.train.time", "RS.n.support.vectors", 
    "RS.index", "RS.n.solutions", "RS.generations", "RS.n.evaluations", 
    "RS.cpu.time", "DF.cost", "DF.gamma", "DF.data.balancing", 
    "DF.feature.selection", "DF.valid.acc", "DF.test.acc", "DF.train.time", 
    "DF.n.support.vectors", "DF.index", "DF.n.solutions", "DF.generations", 
    "DF.n.evaluations", "DF.cpu.time")))
