full <-
structure(c(50, 55, 60, 65, 70, 75, 80, 85, 90, 95, 100, 0.61055, 
1.19655, 3.19715, -0.03949, 9.57971, 3.7416, 9.11581, 7.18846, 
4.00758, 10.5507, 13.45701, -3.52771, -5.06694, -9.20043, -4.58948, 
-8.98069, -3.36047, -9.37518, -7.4747, -7.15424, -15, -15, 0, 
0, 0, 0, 0, 0, 0, 0, 0, 0, 0, 0, 0, 0, 0, 0, 0, 0, 0, 0, 0, 0, 
0.82958, 0.8419, 0.83684, 0.83913, 0.84433, 0.84472, 0.83074, 
0.84127, 0.84048, 0.82418, 0.821, 0.85275, 0.80143, 0.82507, 
0.79861, 0.78991, 0.81343, 0.83506, 0.80425, 0.79006, 0.78047, 
0.81662, 0.0399, 0.0367, 0.0373, 0.0425, 0.0445, 0.0546, 0.0476, 
0.0473, 0.0487, 0.0495, 0.055, 99.6, 63.2, 62.9, 86.2, 56.5, 
150.6, 65.5, 71.8, 87.1, 92.8, 82.2, 1926, 1100, 2103, 719, 1297, 
46, 2448, 733, 555, 161, 236, 8, 174, 2, 101, 25, 603, 1, 352, 
147, 176, 106, 100, 100, 100, 100, 100, 100, 100, 100, 100, 100, 
100, 2500, 2500, 2500, 2500, 2500, 2500, 2500, 2500, 2500, 2500, 
2500, 8611.093, 8615.409, 8735.364, 8861.649, 8845.679, 9123.88, 
8893.57100000001, 8890.265, 9051.85500000001, 9148.95800000001, 
9531.549, 0.45358, 9.74783, 2.15851, 5.89219, 8.56888, 11.12698, 
11.04287, 1.53015, 4.43171, 7.62383, 4.71193, -3.59299, -3.88159, 
-7.80522, -11.94221, -8.50252, -3.36443, -10.40639, -4.73799, 
-7.3382, -12.02847, -8.91881, 0, 0, 0, 0, 0, 0, 0, 0, 0, 0, 0, 
0, 0, 0, 0, 0, 0, 0, 0, 0, 0, 0, 0.82958, 0.8219, 0.83091, 0.8326, 
0.84404, 0.84472, 0.83074, 0.84065, 0.83631, 0.82418, 0.82045, 
0.83672, 0.7881, 0.82466, 0.8156, 0.7788, 0.81343, 0.82554, 0.82244, 
0.78988, 0.77647, 0.80153, 0.0399, 0.0424, 0.0374, 0.0413, 0.0439, 
0.0554, 0.0503, 0.0478, 0.0487, 0.0507, 0.0521, 98.3, 100.4, 
63.5, 69, 58.4, 150.6, 59, 99.4, 86.2, 92.8, 94.4, 576, 273, 
2100, 241, 1386, 1043, 1671, 218, 806, 342, 860, 1, 9, 1, 2, 
2, 3, 2, 1, 2, 1, 1, 100, 100, 100, 100, 100, 100, 100, 100, 
100, 100, 100, 2500, 2500, 2500, 2500, 2500, 2500, 2500, 2500, 
2500, 2500, 2500, 8539.562, 8684.824, 8831.83, 8904.189, 8932.82800000001, 
8909.21800000001, 8969.651, 9068.986, 9272.29699999999, 9548.76699999999, 
9746.943, 1, 1, 1, 1, 1, 1, 1, 1, 1, 1, 1, 0.02273, 0.02273, 
0.02273, 0.02273, 0.02273, 0.02273, 0.02273, 0.02273, 0.02273, 
0.02273, 0.02273, 0, 0, 0, 0, 0, 0, 0, 0, 0, 0, 0, 0, 0, 0, 0, 
0, 0, 0, 0, 0, 0, 0, 0.79872, 0.78143, 0.81179, 0.81593, 0.81158, 
0.80893, 0.78355, 0.77817, 0.77753, 0.7731, 0.79424, 0.78443, 
0.79571, 0.80627, 0.79861, 0.81655, 0.79439, 0.76905, 0.78726, 
0.77736, 0.7611, 0.79424, 0.0347, 0.0384, 0.0384, 0.0415, 0.042, 
0.0439, 0.0472, 0.0479, 0.0491, 0.053, 0.0558, 57.7, 62, 67, 
74.9, 80.8, 84.6, 87.7, 92, 99.9, 107.5, 110.8, 1, 1, 1, 1, 1, 
1, 1, 1, 1, 1, 1, 1, 1, 1, 1, 1, 1, 1, 1, 1, 1, 1, 1, 1, 1, 1, 
1, 1, 1, 1, 1, 1, 1, 1, 1, 1, 1, 1, 1, 1, 1, 1, 1, 1, 3.274, 
3.594, 3.465, 3.456, 3.392, 3.599, 3.75, 3.631, 3.575, 3.778, 
3.923), .Dim = c(11L, 40L), .Dimnames = list(NULL, c("Sampling", 
"PSO.cost", "PSO.gamma", "PSO.data.balancing", "PSO.feature.selection", 
"PSO.valid.acc", "PSO.test.acc", "PSO.train.time", "PSO.n.support.vectors", 
"PSO.index", "PSO.n.solutions", "PSO.generations", "PSO.n.evaluations", 
"PSO.cpu.time", "RS.cost", "RS.gamma", "RS.data.balancing", "RS.feature.selection", 
"RS.valid.acc", "RS.test.acc", "RS.train.time", "RS.n.support.vectors", 
"RS.index", "RS.n.solutions", "RS.generations", "RS.n.evaluations", 
"RS.cpu.time", "DF.cost", "DF.gamma", "DF.data.balancing", "DF.feature.selection", 
"DF.valid.acc", "DF.test.acc", "DF.train.time", "DF.n.support.vectors", 
"DF.index", "DF.n.solutions", "DF.generations", "DF.n.evaluations", 
"DF.cpu.time")))
