full <-
structure(c(50, 55, 60, 65, 70, 75, 80, 85, 90, 95, 100, 1.20912, 
0.39551, 10.63992, 12.36806, 2.38678, 1.56952, 12.54588, 0.14797, 
5.85178, 2.778, 3.2429, -3.86102, -4.00611, -14.56161, -3.46142, 
-6.34112, -6.47959, -14.36738, -5.11712, -11.66204, -3.30162, 
-5.38326, 0, 0, 0, 0, 0, 0, 0, 0, 0, 0, 0, 0, 0, 0, 0, 0, 0, 
0, 0, 0, 0, 0, 0.8272, 0.82381, 0.83299, 0.84379, 0.82865, 0.82421, 
0.82091, 0.84012, 0.83605, 0.82482, 0.83934, 0.78984, 0.80381, 
0.80096, 0.83791, 0.79678, 0.79895, 0.81682, 0.82233, 0.81504, 
0.78862, 0.80542, 0.0402, 0.0428, 0.039, 0.0483, 0.0431, 0.0438, 
0.0479, 0.0509, 0.0513, 0.0681, 0.0572, 93.1, 96, 52.5, 124.2, 
72.1, 77.2, 64.8, 104.5, 87, 187.2, 105.9, 217, 1717, 392, 20, 
1267, 1097, 2327, 1554, 19, 71, 1832, 87, 5, 43, 1354, 78, 65, 
2, 12, 57, 810, 5, 100, 100, 100, 100, 100, 100, 100, 100, 100, 
100, 100, 2500, 2500, 2500, 2500, 2500, 2500, 2500, 2500, 2500, 
2500, 2500, 9511.251, 10060.493, 9563.296, 9595.41, 9770.448, 
9746.75900000001, 10405.929, 10256.82, 9966.98299999998, 10277.914, 
10116.177, 9.67879, 3.91729, 8.17848, 7.98953, 0.04993, 1.55243, 
12.16269, 0.7759, 8.30243, 2.30888, 3.1417, -4.94968, -4.15484, 
-12.00132, -3.42318, -3.33673, -6.46333, -13.91304, -5.65959, 
-14.10641, -3.28043, -6.10385, 0, 0, 0, 0, 0, 0, 0, 0, 0, 0, 
0, 0, 0, 0, 0, 0, 0, 0, 0, 0, 0, 0, 0.82115, 0.81762, 0.82674, 
0.84379, 0.82836, 0.82421, 0.82091, 0.83142, 0.83605, 0.82482, 
0.83563, 0.77445, 0.79048, 0.80096, 0.83791, 0.80175, 0.79895, 
0.81682, 0.81403, 0.81504, 0.78862, 0.80502, 0.0404, 0.045, 0.0409, 
0.0477, 0.0505, 0.0474, 0.0488, 0.0507, 0.049, 0.073, 0.0538, 
73.4, 94.5, 52.5, 124.8, 135.6, 77.3, 64.9, 96.4, 87, 187.8, 
98.6, 182, 35, 8, 20, 312, 1501, 1325, 1811, 851, 52, 1656, 14, 
48, 7, 32, 3, 1, 1, 2, 2, 10, 1, 100, 100, 100, 100, 100, 100, 
100, 100, 100, 100, 100, 2500, 2500, 2500, 2500, 2500, 2500, 
2500, 2500, 2500, 2500, 2500, 9886.189, 9924.399, 9501.166, 9522.363, 
9809.92300000001, 10087.735, 10357.502, 10290.322, 10070.126, 
10158.352, 10116.244, 1, 1, 1, 1, 1, 1, 1, 1, 1, 1, 1, 0.02273, 
0.02273, 0.02273, 0.02273, 0.02273, 0.02273, 0.02273, 0.02273, 
0.02273, 0.02273, 0.02273, 0, 0, 0, 0, 0, 0, 0, 0, 0, 0, 0, 0, 
0, 0, 0, 0, 0, 0, 0, 0, 0, 0, 0.80696, 0.81714, 0.82554, 0.82647, 
0.81228, 0.79895, 0.79753, 0.8, 0.81938, 0.78478, 0.79103, 0.80696, 
0.81714, 0.82554, 0.82647, 0.81228, 0.79895, 0.79753, 0.8002, 
0.8067, 0.7811, 0.79103, 0.0397, 0.0396, 0.0408, 0.0421, 0.0474, 
0.0479, 0.0504, 0.0506, 0.0497, 0.0562, 0.0583, 65.3, 70.7, 70.8, 
79.8, 83.9, 88.9, 93.2, 99.9, 97.9, 104.5, 113.2, 1, 1, 1, 1, 
1, 1, 1, 1, 1, 1, 1, 1, 1, 1, 1, 1, 1, 1, 1, 1, 1, 1, 1, 1, 1, 
1, 1, 1, 1, 1, 1, 1, 1, 1, 1, 1, 1, 1, 1, 1, 1, 1, 1, 1, 4.121, 
3.778, 3.825, 3.822, 3.972, 4.1, 4.188, 4.09, 3.848, 4.063, 3.884
), .Dim = c(11L, 40L), .Dimnames = list(NULL, c("Sampling", "PSO.cost", 
"PSO.gamma", "PSO.data.balancing", "PSO.feature.selection", "PSO.valid.acc", 
"PSO.test.acc", "PSO.train.time", "PSO.n.support.vectors", "PSO.index", 
"PSO.n.solutions", "PSO.generations", "PSO.n.evaluations", "PSO.cpu.time", 
"RS.cost", "RS.gamma", "RS.data.balancing", "RS.feature.selection", 
"RS.valid.acc", "RS.test.acc", "RS.train.time", "RS.n.support.vectors", 
"RS.index", "RS.n.solutions", "RS.generations", "RS.n.evaluations", 
"RS.cpu.time", "DF.cost", "DF.gamma", "DF.data.balancing", "DF.feature.selection", 
"DF.valid.acc", "DF.test.acc", "DF.train.time", "DF.n.support.vectors", 
"DF.index", "DF.n.solutions", "DF.generations", "DF.n.evaluations", 
"DF.cpu.time")))
