full <-
structure(c(50, 55, 60, 65, 70, 75, 80, 85, 90, 95, 100, 0.60137, 
7.25594, 6.95677, 1.24722, 3.08728, 2.09277, 1.27307, 0.98494, 
5.58537, 2.25169, 3.05718, -2.73057, -11.95046, -12.77421, -2.84536, 
-8.33317, -3.61978, -3.27118, -6.26744, -10.09483, -6.78542, 
-8.89783, 0, 0, 0, 0, 0, 0, 0, 0, 0, 0, 0, 0, 0, 0, 0, 0, 0, 
0, 0, 0, 0, 0, 0.84451, 0.85652, 0.83772, 0.83235, 0.83333, 0.83863, 
0.81169, 0.83162, 0.84438, 0.81653, 0.80935, 0.8511, 0.84985, 
0.81897, 0.82059, 0.80673, 0.80808, 0.79307, 0.80968, 0.82772, 
0.78482, 0.80963, 0.0383, 0.037, 0.0387, 0.0503, 0.0409, 0.0531, 
0.0569, 0.0504, 0.05, 0.0515, 0.0571, 107, 52.2, 56.9, 136.9, 
62.7, 134, 159, 85.9, 85.1, 95.5, 98.8, 1183, 245, 129, 661, 
1952, 107, 1653, 1073, 1107, 848, 67, 10, 38, 58, 43, 3, 1094, 
18, 37, 10, 85, 63, 100, 100, 100, 100, 100, 100, 100, 100, 100, 
100, 100, 2500, 2500, 2500, 2500, 2500, 2500, 2500, 2500, 2500, 
2500, 2500, 9388.413, 10303.392, 10737.186, 11333.584, 10950.767, 
10817.75, 11261.241, 11855.287, 12394.58, 12243.265, 12925, 7.83282, 
9.3543, 0.84829, 9.35863, 3.28307, 3.19849, 2.37222, 0.39144, 
5.90399, 1.84868, 6.86957, -2.95857, -14.03944, -5.17942, -14.85404, 
-8.48718, -3.68743, -2.44911, -5.47183, -10.51125, -6.44223, 
-12.71737, 0, 0, 0, 0, 0, 0, 0, 0, 0, 0, 0, 0, 0, 0, 0, 0, 0, 
0, 0, 0, 0, 0, 0.83681, 0.85652, 0.83814, 0.83268, 0.83333, 0.83863, 
0.80736, 0.83162, 0.84022, 0.80453, 0.80935, 0.84396, 0.85652, 
0.81939, 0.8268, 0.80673, 0.80808, 0.79307, 0.80514, 0.81504, 
0.78082, 0.80935, 0.041, 0.0365, 0.0393, 0.0396, 0.0411, 0.0524, 
0.0589, 0.0494, 0.0505, 0.0556, 0.0608, 105.3, 52, 66, 58.2, 
62.6, 131.6, 169.6, 90.7, 85.9, 96.6, 97.4, 41, 1541, 1099, 921, 
1256, 123, 2445, 1810, 205, 694, 175, 49, 1, 1, 1, 1, 26, 1, 
1, 3, 1, 5, 100, 100, 100, 100, 100, 100, 100, 100, 100, 100, 
100, 2500, 2500, 2500, 2500, 2500, 2500, 2500, 2500, 2500, 2500, 
2500, 10415.972, 10415.891, 11104.251, 11113.173, 10810.18, 10781.985, 
11232.587, 12286.906, 12593.331, 12369.688, 12808.359, 1, 1, 
1, 1, 1, 1, 1, 1, 1, 1, 1, 0.02273, 0.02273, 0.02273, 0.02273, 
0.02273, 0.02273, 0.02273, 0.02273, 0.02273, 0.02273, 0.02273, 
0, 0, 0, 0, 0, 0, 0, 0, 0, 0, 0, 0, 0, 0, 0, 0, 0, 0, 0, 0, 0, 
0, 0.81429, 0.80985, 0.81897, 0.82092, 0.82281, 0.80937, 0.79719, 
0.80949, 0.79004, 0.79686, 0.79836, 0.80659, 0.80985, 0.81897, 
0.82092, 0.82281, 0.80937, 0.78788, 0.80494, 0.79004, 0.79701, 
0.79822, 0.0363, 0.0374, 0.039, 0.0409, 0.0405, 0.0427, 0.0466, 
0.0495, 0.0514, 0.0549, 0.0584, 57.9, 57.1, 63, 66.8, 69.1, 76.5, 
85.5, 90.7, 95.3, 104.5, 112.7, 1, 1, 1, 1, 1, 1, 1, 1, 1, 1, 
1, 1, 1, 1, 1, 1, 1, 1, 1, 1, 1, 1, 1, 1, 1, 1, 1, 1, 1, 1, 1, 
1, 1, 1, 1, 1, 1, 1, 1, 1, 1, 1, 1, 1, 4.061, 4.276, 4.32, 4.328, 
4.104, 4.22, 4.506, 4.956, 5.067, 4.614, 4.093), .Dim = c(11L, 
40L), .Dimnames = list(NULL, c("Sampling", "PSO.cost", "PSO.gamma", 
"PSO.data.balancing", "PSO.feature.selection", "PSO.valid.acc", 
"PSO.test.acc", "PSO.train.time", "PSO.n.support.vectors", "PSO.index", 
"PSO.n.solutions", "PSO.generations", "PSO.n.evaluations", "PSO.cpu.time", 
"RS.cost", "RS.gamma", "RS.data.balancing", "RS.feature.selection", 
"RS.valid.acc", "RS.test.acc", "RS.train.time", "RS.n.support.vectors", 
"RS.index", "RS.n.solutions", "RS.generations", "RS.n.evaluations", 
"RS.cpu.time", "DF.cost", "DF.gamma", "DF.data.balancing", "DF.feature.selection", 
"DF.valid.acc", "DF.test.acc", "DF.train.time", "DF.n.support.vectors", 
"DF.index", "DF.n.solutions", "DF.generations", "DF.n.evaluations", 
"DF.cpu.time")))
