full <-
structure(c(50, 55, 60, 65, 70, 75, 80, 85, 90, 95, 100, 1.96465, 
1.59928, 0.38461, 10.1476, 2.35398, 1.73262, 2.96101, 0.52197, 
2.22069, 2.01944, 1.05694, -2.52779, -6.27355, -5.22428, -3.25898, 
-2.8446, -3.73032, -3.7073, -2.86246, -4.52751, -4.53895, -4.09803, 
0, 0, 0, 0, 0, 0, 0, 0, 0, 0, 0, 0, 0, 0, 0, 0, 0, 0, 0, 0, 0, 
0, 0.78377, 0.78304, 0.78836, 0.82835, 0.82281, 0.83895, 0.80634, 
0.80909, 0.81558, 0.80471, 0.82432, 0.76839, 0.74833, 0.78132, 
0.79926, 0.83363, 0.81395, 0.78253, 0.78261, 0.79438, 0.79301, 
0.7834, 0.0414, 0.0352, 0.0377, 0.0479, 0.0512, 0.0549, 0.0536, 
0.0592, 0.0527, 0.0556, 0.0665, 107.2, 68.1, 77, 133, 146.6, 
133.2, 143.6, 176.1, 115.7, 127.6, 155.7, 882, 34, 1746, 165, 
563, 1406, 64, 847, 1084, 753, 1307, 153, 43, 21, 979, 110, 140, 
701, 8, 229, 51, 148, 100, 100, 100, 100, 100, 100, 100, 100, 
100, 100, 100, 2500, 2500, 2500, 2500, 2500, 2500, 2500, 2500, 
2500, 2500, 2500, 8289.935, 8302.412, 8551.189, 8969.448, 9164.39599999999, 
9240.068, 9103.834, 9273.065, 9156.61499999999, 9241.04800000001, 
9626.27099999998, 13.25104, 6.87865, 0.49106, 11.65186, 9.27424, 
1.58572, 8.33916, 9.0824, 2.43137, 2.05942, 1.15332, -2.52778, 
-12.141, -5.32062, -3.25398, -2.84578, -3.58438, -8.16952, -2.81775, 
-4.83918, -4.67678, -4.12913, 0, 0, 0, 0, 0, 0, 0, 0, 0, 0, 0, 
0, 0, 0, 0, 0, 0, 0, 0, 0, 0, 0, 0.78377, 0.78262, 0.78836, 0.82835, 
0.82281, 0.83395, 0.80701, 0.80474, 0.80707, 0.80455, 0.82432, 
0.76839, 0.77595, 0.78132, 0.79926, 0.83363, 0.80895, 0.75957, 
0.7915, 0.79438, 0.78085, 0.78369, 0.0402, 0.0346, 0.0382, 0.0457, 
0.0516, 0.0521, 0.047, 0.0608, 0.0511, 0.0556, 0.0663, 107.2, 
62.1, 76.4, 133.1, 146.6, 139.3, 71.6, 176.9, 105.2, 120.9, 154.9, 
199, 160, 1133, 47, 821, 589, 1470, 158, 12, 392, 2404, 1, 11, 
2, 9, 3, 1, 2, 11, 4, 1, 1, 100, 100, 100, 100, 100, 100, 100, 
100, 100, 100, 100, 2500, 2500, 2500, 2500, 2500, 2500, 2500, 
2500, 2500, 2500, 2500, 8296.507, 8357.126, 8696.049, 8979.455, 
9092.69899999999, 9033.981, 8994.711, 9105.14499999999, 9197.967, 
9369.557, 9558.13400000002, 1, 1, 1, 1, 1, 1, 1, 1, 1, 1, 1, 
0.02273, 0.02273, 0.02273, 0.02273, 0.02273, 0.02273, 0.02273, 
0.02273, 0.02273, 0.02273, 0.02273, 0, 0, 0, 0, 0, 0, 0, 0, 0, 
0, 0, 0, 0, 0, 0, 0, 0, 0, 0, 0, 0, 0, 0.76894, 0.77595, 0.78169, 
0.78648, 0.80146, 0.79895, 0.78801, 0.79585, 0.79819, 0.78501, 
0.79425, 0.76894, 0.77595, 0.78169, 0.79236, 0.80146, 0.79895, 
0.78346, 0.79585, 0.78152, 0.78501, 0.79397, 0.0373, 0.0379, 
0.0383, 0.04, 0.0415, 0.0436, 0.0466, 0.0467, 0.0509, 0.053, 
0.0546, 67.9, 73.4, 74.7, 76.3, 81.2, 81.3, 95.3, 96, 102.4, 
106.7, 108.9, 1, 1, 1, 1, 1, 1, 1, 1, 1, 1, 1, 1, 1, 1, 1, 1, 
1, 1, 1, 1, 1, 1, 1, 1, 1, 1, 1, 1, 1, 1, 1, 1, 1, 1, 1, 1, 1, 
1, 1, 1, 1, 1, 1, 1, 3.308, 3.5, 3.479, 3.486, 3.589, 3.484, 
3.617, 3.525, 3.73, 3.847, 3.655), .Dim = c(11L, 40L), .Dimnames = list(
    NULL, c("Sampling", "PSO.cost", "PSO.gamma", "PSO.data.balancing", 
    "PSO.feature.selection", "PSO.valid.acc", "PSO.test.acc", 
    "PSO.train.time", "PSO.n.support.vectors", "PSO.index", "PSO.n.solutions", 
    "PSO.generations", "PSO.n.evaluations", "PSO.cpu.time", "RS.cost", 
    "RS.gamma", "RS.data.balancing", "RS.feature.selection", 
    "RS.valid.acc", "RS.test.acc", "RS.train.time", "RS.n.support.vectors", 
    "RS.index", "RS.n.solutions", "RS.generations", "RS.n.evaluations", 
    "RS.cpu.time", "DF.cost", "DF.gamma", "DF.data.balancing", 
    "DF.feature.selection", "DF.valid.acc", "DF.test.acc", "DF.train.time", 
    "DF.n.support.vectors", "DF.index", "DF.n.solutions", "DF.generations", 
    "DF.n.evaluations", "DF.cpu.time")))
