full <-
structure(c(50, 55, 60, 65, 70, 75, 80, 85, 90, 95, 100, 4.06951, 
7.84386, 6.35624, 4.37284, 6.07341, 8.23019, 3.08963, 1.7374, 
1.29031, 1.52161, 0.52937, -9.04189, -10.84073, -10.61751, -8.58865, 
-3.64384, -12.47692, -2.67704, -6.23565, -4.48629, -4.29813, 
-4.85976, 0, 0, 0, 0, 0, 0, 0, 0, 0, 0, 0, 0, 0, 0, 0, 0, 0, 
0, 0, 0, 0, 0, 0.83068, 0.83024, 0.83877, 0.81536, 0.79064, 0.80422, 
0.80714, 0.7998, 0.82736, 0.81192, 0.83501, 0.7696, 0.8031, 0.80196, 
0.77451, 0.73655, 0.81501, 0.79784, 0.78103, 0.81014, 0.81223, 
0.82046, 0.0274, 0.0443, 0.0398, 0.0388, 0.0507, 0.0428, 0.0374, 
0.0489, 0.0658, 0.0707, 0.0676, 50, 47.7, 57.7, 66.3, 133.3, 
71.5, 168.7, 92, 130.5, 139.9, 124.3, 660, 666, 98, 1547, 266, 
302, 76, 1541, 263, 1191, 1973, 244, 76, 198, 11, 1095, 56, 1103, 
3, 778, 36, 3, 100, 100, 100, 100, 100, 100, 100, 100, 100, 100, 
100, 2500, 2500, 2500, 2500, 2500, 2500, 2500, 2500, 2500, 2500, 
2500, 10657.053, 13959.047, 9448.012, 9104.484, 9295.18000000001, 
9732.81, 9474.10799999999, 11727.371, 15980.008, 16031.861, 16323.905, 
8.13442, 9.80059, 4.17235, 8.77331, 10.27166, 5.08082, 5.7489, 
12.35121, 1.52025, 13.9364, 0.90542, -13.11017, -13.70661, -8.0727, 
-14.21717, -3.64406, -10.31299, -2.61103, -2.44043, -4.86078, 
-4.16646, -4.2538, 0, 0, 0, 0, 0, 0, 0, 0, 0, 0, 0, 0, 0, 0, 
0, 0, 0, 0, 0, 0, 0, 0, 0.83013, 0.82446, 0.83836, 0.80948, 0.79064, 
0.79972, 0.80714, 0.79565, 0.81884, 0.80823, 0.82788, 0.76245, 
0.80214, 0.80196, 0.80948, 0.73655, 0.79951, 0.79784, 0.78676, 
0.81033, 0.80855, 0.8055, 0.0266, 0.0434, 0.0403, 0.0389, 0.0518, 
0.0449, 0.0592, 0.064, 0.0645, 0.0695, 0.0742, 49.9, 50, 57.5, 
68.6, 133.3, 74.4, 169.1, 180, 118.8, 145.5, 146.5, 713, 79, 
1141, 96, 493, 2219, 13, 1400, 373, 247, 98, 1, 3, 1, 7, 7, 1, 
20, 1, 2, 22, 2, 100, 100, 100, 100, 100, 100, 100, 100, 100, 
100, 100, 2500, 2500, 2500, 2500, 2500, 2500, 2500, 2500, 2500, 
2500, 2500, 11044.976, 10936.071, 9422.403, 9113.202, 9854.03199999999, 
9721.39499999999, 15079.261, 11516.984, 15738.642, 16319.853, 
16047.543, 1, 1, 1, 1, 1, 1, 1, 1, 1, 1, 1, 0.02273, 0.02273, 
0.02273, 0.02273, 0.02273, 0.02273, 0.02273, 0.02273, 0.02273, 
0.02273, 0.02273, 0, 0, 0, 0, 0, 0, 0, 0, 0, 0, 0, 0, 0, 0, 0, 
0, 0, 0, 0, 0, 0, 0, 0.79158, 0.74202, 0.79387, 0.76863, 0.76345, 
0.76896, 0.79264, 0.78221, 0.78587, 0.78518, 0.79794, 0.79927, 
0.75542, 0.78169, 0.78007, 0.75789, 0.77422, 0.80195, 0.78676, 
0.78569, 0.78518, 0.78669, 0.0293, 0.0398, 0.0387, 0.0407, 0.0428, 
0.0467, 0.0574, 0.0578, 0.0625, 0.0612, 0.0655, 60.7, 68.2, 72.4, 
83, 85.3, 88.9, 93.6, 102.2, 107.5, 108.1, 110.6, 1, 1, 1, 1, 
1, 1, 1, 1, 1, 1, 1, 1, 1, 1, 1, 1, 1, 1, 1, 1, 1, 1, 1, 1, 1, 
1, 1, 1, 1, 1, 1, 1, 1, 1, 1, 1, 1, 1, 1, 1, 1, 1, 1, 1, 4.584, 
3.796, 3.541, 3.594, 3.949, 3.873, 6.196, 6.434, 6.296, 6.34, 
6.394), .Dim = c(11L, 40L), .Dimnames = list(NULL, c("Sampling", 
"PSO.cost", "PSO.gamma", "PSO.data.balancing", "PSO.feature.selection", 
"PSO.valid.acc", "PSO.test.acc", "PSO.train.time", "PSO.n.support.vectors", 
"PSO.index", "PSO.n.solutions", "PSO.generations", "PSO.n.evaluations", 
"PSO.cpu.time", "RS.cost", "RS.gamma", "RS.data.balancing", "RS.feature.selection", 
"RS.valid.acc", "RS.test.acc", "RS.train.time", "RS.n.support.vectors", 
"RS.index", "RS.n.solutions", "RS.generations", "RS.n.evaluations", 
"RS.cpu.time", "DF.cost", "DF.gamma", "DF.data.balancing", "DF.feature.selection", 
"DF.valid.acc", "DF.test.acc", "DF.train.time", "DF.n.support.vectors", 
"DF.index", "DF.n.solutions", "DF.generations", "DF.n.evaluations", 
"DF.cpu.time")))
