full <-
structure(c(50, 55, 60, 65, 70, 75, 80, 85, 90, 95, 100, 10.47066, 
1.518, 14.54827, 11.2459, 4.0103, 9.43833, 3.59983, 6.86744, 
3.3688, 2.79137, 0.8781, -2.73919, -7.72902, -8.60554, -14.40677, 
-9.73977, -15, -8.81547, -11.90791, -5.31163, -7.23376, -3.82839, 
0, 0, 0, 0, 0, 0, 0, 0, 0, 0, 0, 0, 0, 0, 0, 0, 0, 0, 0, 0, 0, 
0, 0.80641, 0.78905, 0.80517, 0.83362, 0.8231, 0.81454, 0.82026, 
0.81779, 0.82783, 0.82077, 0.82076, 0.79158, 0.78238, 0.73012, 
0.79759, 0.81228, 0.78372, 0.79279, 0.8083, 0.79809, 0.81677, 
0.80167, 0.0403, 0.0358, 0.0393, 0.0382, 0.0437, 0.0452, 0.0459, 
0.0487, 0.0519, 0.0496, 0.0708, 107.2, 59, 49.3, 57.9, 66.4, 
74.4, 81.8, 81, 95.2, 89.6, 170.4, 14, 47, 7, 247, 574, 58, 11, 
595, 592, 284, 789, 124, 171, 1519, 262, 11, 167, 74, 78, 166, 
143, 151, 100, 100, 100, 100, 100, 100, 100, 100, 100, 100, 100, 
2500, 2500, 2500, 2500, 2500, 2500, 2500, 2500, 2500, 2500, 2500, 
8800.764, 8992.982, 8907.038, 8631.303, 9514.148, 9199.238, 9140.80499999999, 
9166.649, 9548.83300000001, 9381.19099999999, 9656.69, 3.86148, 
0.73972, 14.79384, 10.17034, 8.55433, 8.98898, 3.38524, 9.48226, 
6.01867, 2.88562, 0.8689, -2.7349, -6.57522, -8.75247, -13.25422, 
-14.25797, -14.5669, -8.58957, -14.51726, -6.36519, -7.20237, 
-3.85725, 0, 0, 0, 0, 0, 0, 0, 0, 0, 0, 0, 0, 0, 0, 0, 0, 0, 
0, 0, 0, 0, 0, 0.80641, 0.78905, 0.80517, 0.83362, 0.82281, 0.81454, 
0.82026, 0.81779, 0.82783, 0.81677, 0.81691, 0.79158, 0.78905, 
0.73679, 0.80315, 0.81754, 0.78372, 0.79279, 0.8083, 0.77672, 
0.81277, 0.80167, 0.0408, 0.0376, 0.0392, 0.0405, 0.0433, 0.0439, 
0.0437, 0.0487, 0.0508, 0.0501, 0.0695, 107.2, 61.2, 49.2, 57.7, 
66.2, 74.4, 82, 80.7, 85.1, 89.6, 168.8, 53, 52, 36, 2352, 1212, 
703, 563, 1920, 1974, 1099, 2087, 7, 10, 26, 1, 4, 3, 1, 2, 1, 
1, 1, 100, 100, 100, 100, 100, 100, 100, 100, 100, 100, 100, 
2500, 2500, 2500, 2500, 2500, 2500, 2500, 2500, 2500, 2500, 2500, 
8817.706, 8883.291, 8961.393, 9418.55500000001, 9524.993, 9398.435, 
9285.038, 9517.22400000002, 9588.704, 9582.33600000001, 9629.39200000002, 
1, 1, 1, 1, 1, 1, 1, 1, 1, 1, 1, 0.02273, 0.02273, 0.02273, 0.02273, 
0.02273, 0.02273, 0.02273, 0.02273, 0.02273, 0.02273, 0.02273, 
0, 0, 0, 0, 0, 0, 0, 0, 0, 0, 0, 0, 0, 0, 0, 0, 0, 0, 0, 0, 0, 
0, 0.77729, 0.7819, 0.76174, 0.79269, 0.80673, 0.78422, 0.77896, 
0.7998, 0.79848, 0.80477, 0.79794, 0.79158, 0.78905, 0.75549, 
0.8038, 0.80702, 0.79425, 0.77851, 0.7913, 0.80283, 0.80477, 
0.79054, 0.0354, 0.0376, 0.0377, 0.0419, 0.0435, 0.0451, 0.0467, 
0.05, 0.0496, 0.0547, 0.054, 59.4, 68, 71.5, 72.4, 77.5, 81.6, 
94.1, 92.9, 97.2, 106.2, 112.1, 1, 1, 1, 1, 1, 1, 1, 1, 1, 1, 
1, 1, 1, 1, 1, 1, 1, 1, 1, 1, 1, 1, 1, 1, 1, 1, 1, 1, 1, 1, 1, 
1, 1, 1, 1, 1, 1, 1, 1, 1, 1, 1, 1, 1, 3.446, 3.561, 3.443, 3.874, 
3.619, 3.574, 3.509, 3.546, 3.683, 3.864, 3.744), .Dim = c(11L, 
40L), .Dimnames = list(NULL, c("Sampling", "PSO.cost", "PSO.gamma", 
"PSO.data.balancing", "PSO.feature.selection", "PSO.valid.acc", 
"PSO.test.acc", "PSO.train.time", "PSO.n.support.vectors", "PSO.index", 
"PSO.n.solutions", "PSO.generations", "PSO.n.evaluations", "PSO.cpu.time", 
"RS.cost", "RS.gamma", "RS.data.balancing", "RS.feature.selection", 
"RS.valid.acc", "RS.test.acc", "RS.train.time", "RS.n.support.vectors", 
"RS.index", "RS.n.solutions", "RS.generations", "RS.n.evaluations", 
"RS.cpu.time", "DF.cost", "DF.gamma", "DF.data.balancing", "DF.feature.selection", 
"DF.valid.acc", "DF.test.acc", "DF.train.time", "DF.n.support.vectors", 
"DF.index", "DF.n.solutions", "DF.generations", "DF.n.evaluations", 
"DF.cpu.time")))
