full <-
structure(c(50, 55, 60, 65, 70, 75, 80, 85, 90, 95, 100, 0.61505, 
3.79646, 12.02372, 10.61494, 8.42998, 1.36654, 0.85318, 0.0199, 
7.56269, 12.01097, 3.16162, -4.22061, -6.28054, -11.58405, -15, 
-10.04719, -3.22494, -4.2981, -5.01717, -13.24782, -15, -6.67687, 
0, 0, 0, 0, 0, 0, 0, 0, 0, 0, 0, 0, 0, 0, 0, 0, 0, 0, 0, 0, 0, 
0, 0.81346, 0.83571, 0.81311, 0.80425, 0.80292, 0.78885, 0.80177, 
0.81344, 0.82412, 0.81258, 0.82416, 0.77729, 0.80333, 0.7536, 
0.7683, 0.75468, 0.77308, 0.77703, 0.79545, 0.78207, 0.78872, 
0.82044, 0.0384, 0.0349, 0.0423, 0.0392, 0.0415, 0.0552, 0.0512, 
0.0489, 0.0508, 0.0508, 0.0532, 84.3, 62.7, 49.9, 66.7, 63.5, 
153.5, 123.6, 109.3, 91.5, 84.7, 96.2, 151, 2188, 213, 696, 1141, 
746, 529, 195, 337, 243, 1083, 290, 1, 268, 58, 93, 190, 324, 
249, 20, 184, 195, 100, 100, 100, 100, 100, 100, 100, 100, 100, 
100, 100, 2500, 2500, 2500, 2500, 2500, 2500, 2500, 2500, 2500, 
2500, 2500, 8323.6, 8099.136, 8524.776, 8490.859, 8726.76699999999, 
8892.611, 8859.52899999999, 8957.598, 8812.46399999998, 8978.59700000001, 
9084.375, 0.90588, 3.14574, 12.29993, 7.3757, 8.21307, 1.2264, 
0.92155, -0.12726, 8.30534, 3.70078, 5.10101, -4.60116, -5.43192, 
-11.75821, -11.93468, -9.87309, -3.14994, -4.28333, -4.81691, 
-13.95991, -7.85062, -9.56643, 0, 0, 0, 0, 0, 0, 0, 0, 0, 0, 
0, 0, 0, 0, 0, 0, 0, 0, 0, 0, 0, 0, 0.81291, 0.82286, 0.81311, 
0.79837, 0.80292, 0.78358, 0.80177, 0.81344, 0.81995, 0.81659, 
0.82101, 0.78388, 0.80429, 0.74694, 0.77386, 0.75468, 0.76808, 
0.77249, 0.78202, 0.78207, 0.78103, 0.80906, 0.038, 0.0382, 0.042, 
0.0386, 0.0414, 0.0539, 0.0527, 0.0508, 0.0474, 0.0506, 0.0537, 
76.8, 69.3, 49.6, 67.7, 63.7, 155.2, 124.7, 114.1, 91.4, 92.5, 
94.2, 309, 689, 235, 66, 1390, 1233, 2384, 496, 82, 402, 1528, 
2, 3, 1, 18, 1, 1, 1, 2, 1, 3, 1, 100, 100, 100, 100, 100, 100, 
100, 100, 100, 100, 100, 2500, 2500, 2500, 2500, 2500, 2500, 
2500, 2500, 2500, 2500, 2500, 8238.083, 8389.609, 8571.764, 8636.65, 
8726.639, 8720.239, 8992.177, 9032.27299999999, 9071.46900000001, 
9213.209, 9386.44999999998, 1, 1, 1, 1, 1, 1, 1, 1, 1, 1, 1, 
0.02273, 0.02273, 0.02273, 0.02273, 0.02273, 0.02273, 0.02273, 
0.02273, 0.02273, 0.02273, 0.02273, 0, 0, 0, 0, 0, 0, 0, 0, 0, 
0, 0, 0, 0, 0, 0, 0, 0, 0, 0, 0, 0, 0, 0.78388, 0.80286, 0.78801, 
0.78627, 0.77427, 0.76409, 0.75909, 0.78676, 0.79041, 0.78135, 
0.7941, 0.78388, 0.80286, 0.78213, 0.78039, 0.77427, 0.76358, 
0.77385, 0.78202, 0.78153, 0.78503, 0.78669, 0.0351, 0.0383, 
0.0392, 0.0424, 0.0421, 0.0456, 0.0466, 0.0477, 0.0514, 0.0529, 
0.0568, 64.9, 73.8, 76.4, 79.7, 86.8, 91.9, 96, 103.2, 103.3, 
106.9, 111.8, 1, 1, 1, 1, 1, 1, 1, 1, 1, 1, 1, 1, 1, 1, 1, 1, 
1, 1, 1, 1, 1, 1, 1, 1, 1, 1, 1, 1, 1, 1, 1, 1, 1, 1, 1, 1, 1, 
1, 1, 1, 1, 1, 1, 1, 3.167, 3.476, 3.475, 3.7, 3.428, 3.535, 
3.637, 3.44, 3.644, 3.546, 3.82), .Dim = c(11L, 40L), .Dimnames = list(
    NULL, c("Sampling", "PSO.cost", "PSO.gamma", "PSO.data.balancing", 
    "PSO.feature.selection", "PSO.valid.acc", "PSO.test.acc", 
    "PSO.train.time", "PSO.n.support.vectors", "PSO.index", "PSO.n.solutions", 
    "PSO.generations", "PSO.n.evaluations", "PSO.cpu.time", "RS.cost", 
    "RS.gamma", "RS.data.balancing", "RS.feature.selection", 
    "RS.valid.acc", "RS.test.acc", "RS.train.time", "RS.n.support.vectors", 
    "RS.index", "RS.n.solutions", "RS.generations", "RS.n.evaluations", 
    "RS.cpu.time", "DF.cost", "DF.gamma", "DF.data.balancing", 
    "DF.feature.selection", "DF.valid.acc", "DF.test.acc", "DF.train.time", 
    "DF.n.support.vectors", "DF.index", "DF.n.solutions", "DF.generations", 
    "DF.n.evaluations", "DF.cpu.time")))
