full <-
structure(c(50, 55, 60, 65, 70, 75, 80, 85, 90, 95, 100, 7.18554, 
7.07609, 9.82249, 13.24103, 1.31476, 9.24062, 12.68946, 0.95132, 
10.37142, 3.54443, 11.26622, -8.76697, -8.577, -5.86549, -13.97751, 
-5.98786, -12.20108, -3.17083, -5.20756, -6.39475, -5.16737, 
-13.74802, 0, 0, 0, 0, 0, 0, 0, 0, 0, 0, 0, 0, 0, 0, 0, 0, 0, 
0, 0, 0, 0, 0, 0.8544, 0.87619, 0.82569, 0.83301, 0.84962, 0.83921, 
0.81595, 0.82643, 0.82826, 0.83591, 0.84345, 0.82418, 0.85, 0.80064, 
0.83922, 0.80775, 0.78895, 0.78346, 0.81299, 0.81975, 0.80471, 
0.78689, 0.0354, 0.0341, 0.0345, 0.0395, 0.039, 0.0395, 0.0562, 
0.0512, 0.0504, 0.0557, 0.0533, 41.8, 45.1, 57.8, 47, 69.9, 64.4, 
163.4, 97.2, 84.7, 112.6, 87.5, 343, 202, 176, 174, 1479, 312, 
185, 543, 18, 587, 51, 83, 56, 1115, 225, 43, 212, 297, 59, 1171, 
105, 481, 100, 100, 100, 100, 100, 100, 100, 100, 100, 100, 100, 
2500, 2500, 2500, 2500, 2500, 2500, 2500, 2500, 2500, 2500, 2500, 
8602.265, 8555.028, 8497.109, 8486.193, 8583.17200000001, 9452.572, 
9548.08799999999, 9111.97100000001, 9008.78, 8704.02099999998, 
8655.06600000002, 7.10035, 12.89014, 6.15233, 0.86192, 1.49722, 
9.08526, 6.68632, 1.00985, 6.23166, 1.50258, 10.90651, -8.69987, 
-14.0719, -5.92885, -4.95764, -6.10836, -12.11744, -3.18298, 
-5.34389, -6.1754, -5.37045, -13.47977, 0, 0, 0, 0, 0, 0, 0, 
0, 0, 0, 0, 0, 0, 0, 0, 0, 0, 0, 0, 0, 0, 0, 0.8544, 0.87, 0.82569, 
0.83301, 0.84406, 0.83921, 0.81595, 0.82189, 0.82826, 0.82838, 
0.84345, 0.82418, 0.84333, 0.80689, 0.82222, 0.81246, 0.78895, 
0.78346, 0.82189, 0.82409, 0.80101, 0.77934, 0.0338, 0.0364, 
0.0382, 0.0384, 0.0417, 0.0435, 0.0605, 0.0476, 0.0506, 0.0524, 
0.053, 42, 41.2, 57.5, 75.6, 69.2, 64.5, 162.7, 95.1, 86.6, 109.2, 
88.2, 1258, 552, 291, 33, 456, 340, 352, 727, 28, 1569, 101, 
1, 4, 7, 5, 1, 3, 3, 1, 32, 1, 5, 100, 100, 100, 100, 100, 100, 
100, 100, 100, 100, 100, 2500, 2500, 2500, 2500, 2500, 2500, 
2500, 2500, 2500, 2500, 2500, 8434.16, 8257.96, 8498.646, 8722.417, 
9599.507, 9370.787, 9354.867, 9351.429, 9110.69999999998, 9029.978, 
8573.84100000001, 1, 1, 1, 1, 1, 1, 1, 1, 1, 1, 1, 0.02273, 0.02273, 
0.02273, 0.02273, 0.02273, 0.02273, 0.02273, 0.02273, 0.02273, 
0.02273, 0.02273, 0, 0, 0, 0, 0, 0, 0, 0, 0, 0, 0, 0, 0, 0, 0, 
0, 0, 0, 0, 0, 0, 0, 0.79158, 0.79571, 0.80022, 0.81536, 0.81246, 
0.79395, 0.80208, 0.80486, 0.79873, 0.80118, 0.78689, 0.79158, 
0.79571, 0.79397, 0.8098, 0.81246, 0.79895, 0.79753, 0.80486, 
0.79855, 0.80518, 0.78305, 0.034, 0.0356, 0.0349, 0.0384, 0.0436, 
0.0428, 0.0449, 0.0473, 0.0494, 0.0501, 0.0516, 56.2, 57.7, 61.6, 
67.9, 74.7, 77.7, 90.3, 93.8, 100.2, 108, 109.5, 1, 1, 1, 1, 
1, 1, 1, 1, 1, 1, 1, 1, 1, 1, 1, 1, 1, 1, 1, 1, 1, 1, 1, 1, 1, 
1, 1, 1, 1, 1, 1, 1, 1, 1, 1, 1, 1, 1, 1, 1, 1, 1, 1, 1, 3.243, 
3.286, 3.281, 3.524, 3.833, 3.9, 3.358, 3.82, 3.344, 3.507, 3.26
), .Dim = c(11L, 40L), .Dimnames = list(NULL, c("Sampling", "PSO.cost", 
"PSO.gamma", "PSO.data.balancing", "PSO.feature.selection", "PSO.valid.acc", 
"PSO.test.acc", "PSO.train.time", "PSO.n.support.vectors", "PSO.index", 
"PSO.n.solutions", "PSO.generations", "PSO.n.evaluations", "PSO.cpu.time", 
"RS.cost", "RS.gamma", "RS.data.balancing", "RS.feature.selection", 
"RS.valid.acc", "RS.test.acc", "RS.train.time", "RS.n.support.vectors", 
"RS.index", "RS.n.solutions", "RS.generations", "RS.n.evaluations", 
"RS.cpu.time", "DF.cost", "DF.gamma", "DF.data.balancing", "DF.feature.selection", 
"DF.valid.acc", "DF.test.acc", "DF.train.time", "DF.n.support.vectors", 
"DF.index", "DF.n.solutions", "DF.generations", "DF.n.evaluations", 
"DF.cpu.time")))
