full <-
structure(c(50, 55, 60, 65, 70, 75, 80, 85, 90, 95, 100, 0.12073, 
0.45664, 1.06841, 7.7313, 0.74907, 0.79273, 2.57873, 0.73543, 
0.27262, 10.90473, 9.93192, -4.15011, -4.53697, -4.45454, -12.29167, 
-3.54471, -4.4559, -5.10501, -5.59031, -3.93121, -15, -14.14133, 
0, 0, 0, 0, 0, 0, 0, 0, 0, 0, 0, 0, 0, 0, 0, 0, 0, 0, 0, 0, 0, 
0, 0.87308, 0.86458, 0.88179, 0.82308, 0.85585, 0.83421, 0.84848, 
0.82322, 0.83243, 0.82477, 0.82075, 0.83516, 0.85077, 0.83877, 
0.80016, 0.82895, 0.83447, 0.82532, 0.80543, 0.81558, 0.77723, 
0.77188, 0.0409, 0.0356, 0.041, 0.0376, 0.0475, 0.0471, 0.0454, 
0.0454, 0.055, 0.0467, 0.0511, 75.9, 71.3, 81.3, 61.4, 127.7, 
103.1, 90.1, 86.3, 137.5, 84.1, 92.8, 312, 205, 487, 127, 413, 
568, 565, 46, 724, 384, 447, 501, 522, 846, 90, 377, 84, 226, 
84, 101, 118, 41, 100, 100, 100, 100, 100, 100, 100, 100, 100, 
100, 100, 2500, 2500, 2500, 2500, 2500, 2500, 2500, 2500, 2500, 
2500, 2500, 8647.863, 8815.761, 8647.2, 8546.611, 8495.73699999999, 
9404.421, 9372.44500000001, 8762.982, 8718.51300000001, 8450.927, 
8879.75400000002, 0.20934, 0.1638, 1.04612, 1.02746, 2.57683, 
3.64009, 2.2543, 1.29417, 0.99658, 9.77011, 4.74082, -3.82866, 
-4.10478, -4.22346, -4.59881, -4.22247, -7.75702, -4.91933, -6.19668, 
-3.93951, -13.80484, -6.68735, 0, 0, 0, 0, 0, 0, 0, 0, 0, 0, 
0, 0, 0, 0, 0, 0, 0, 0, 0, 0, 0, 0, 0.86538, 0.86458, 0.87554, 
0.82761, 0.84532, 0.83368, 0.84372, 0.82322, 0.8279, 0.82092, 
0.81717, 0.85055, 0.84363, 0.84502, 0.82831, 0.81257, 0.80342, 
0.82532, 0.80543, 0.81123, 0.78123, 0.79109, 0.0363, 0.0394, 
0.0404, 0.0414, 0.0463, 0.0468, 0.0477, 0.0446, 0.057, 0.0474, 
0.0541, 86.4, 79.6, 87.2, 87.6, 109.2, 70.2, 94, 83.2, 140.5, 
83.9, 96, 55, 1628, 1372, 724, 1480, 15, 2233, 189, 1580, 2021, 
52, 3, 1, 2, 2, 1, 2, 1, 1, 1, 1, 1, 100, 100, 100, 100, 100, 
100, 100, 100, 100, 100, 100, 2500, 2500, 2500, 2500, 2500, 2500, 
2500, 2500, 2500, 2500, 2500, 8297.389, 8950.613, 8589.944, 8625.46600000001, 
8149.60799999999, 9341.17999999999, 9123.14099999999, 8567.02799999999, 
8647.03400000001, 8918.177, 9346.829, 1, 1, 1, 1, 1, 1, 1, 1, 
1, 1, 1, 0.02273, 0.02273, 0.02273, 0.02273, 0.02273, 0.02273, 
0.02273, 0.02273, 0.02273, 0.02273, 0.02273, 0, 0, 0, 0, 0, 0, 
0, 0, 0, 0, 0, 0, 0, 0, 0, 0, 0, 0, 0, 0, 0, 0, 0.78352, 0.78262, 
0.80711, 0.79877, 0.80731, 0.80921, 0.81169, 0.80069, 0.79022, 
0.79277, 0.79781, 0.79835, 0.78929, 0.80632, 0.80502, 0.81257, 
0.79921, 0.81169, 0.80089, 0.79022, 0.79692, 0.79424, 0.0347, 
0.0354, 0.0349, 0.0399, 0.0392, 0.0442, 0.0457, 0.046, 0.0483, 
0.0493, 0.0518, 59, 60.2, 66.1, 71.2, 77.8, 80.9, 86.5, 89, 93.7, 
99.1, 111.3, 1, 1, 1, 1, 1, 1, 1, 1, 1, 1, 1, 1, 1, 1, 1, 1, 
1, 1, 1, 1, 1, 1, 1, 1, 1, 1, 1, 1, 1, 1, 1, 1, 1, 1, 1, 1, 1, 
1, 1, 1, 1, 1, 1, 1, 3.198, 3.367, 3.289, 3.456, 3.329, 3.697, 
3.644, 3.212, 3.617, 3.695, 3.456), .Dim = c(11L, 40L), .Dimnames = list(
    NULL, c("Sampling", "PSO.cost", "PSO.gamma", "PSO.data.balancing", 
    "PSO.feature.selection", "PSO.valid.acc", "PSO.test.acc", 
    "PSO.train.time", "PSO.n.support.vectors", "PSO.index", "PSO.n.solutions", 
    "PSO.generations", "PSO.n.evaluations", "PSO.cpu.time", "RS.cost", 
    "RS.gamma", "RS.data.balancing", "RS.feature.selection", 
    "RS.valid.acc", "RS.test.acc", "RS.train.time", "RS.n.support.vectors", 
    "RS.index", "RS.n.solutions", "RS.generations", "RS.n.evaluations", 
    "RS.cpu.time", "DF.cost", "DF.gamma", "DF.data.balancing", 
    "DF.feature.selection", "DF.valid.acc", "DF.test.acc", "DF.train.time", 
    "DF.n.support.vectors", "DF.index", "DF.n.solutions", "DF.generations", 
    "DF.n.evaluations", "DF.cpu.time")))
