full <-
structure(c(50, 55, 60, 65, 70, 75, 80, 85, 90, 95, 100, 12.9853, 
14.92032, 4.31098, 15, 1.01875, 5.20882, 2.78374, 12.14386, 15, 
13.15278, 10.33423, -9.02228, -8.134, -5.91, -12.4187, -4.55779, 
-4.68808, -6.24103, -8.23256, -9.40351, -9.36922, -9.11378, 0, 
0, 0, 0, 0, 0, 0, 0, 0, 0, 0, 0, 0, 0, 0, 0, 0, 0, 0, 0, 0, 0, 
0.81067, 0.81501, 0.81291, 0.78732, 0.8024, 0.80161, 0.80113, 
0.80251, 0.7941, 0.79214, 0.79957, 0.80504, 0.80434, 0.80303, 
0.77838, 0.77956, 0.78592, 0.78473, 0.79562, 0.78595, 0.789, 
0.79232, 0.1203, 0.425, 0.032, 0.0951, 0.0418, 0.0488, 0.0469, 
0.1363, 0.3746, 0.1803, 0.0897, 128.1, 137.7, 176.4, 179.4, 222.8, 
207.7, 245.2, 225.4, 238.9, 262.2, 284, 32, 1409, 1029, 140, 
319, 541, 420, 580, 230, 353, 173, 364, 3, 70, 406, 73, 181, 
41, 115, 62, 34, 138, 100, 100, 100, 100, 100, 100, 100, 100, 
100, 100, 100, 2500, 2500, 2500, 2500, 2500, 2500, 2500, 2500, 
2500, 2500, 2500, 10003.547, 15075.176, 7578.95, 8375.552, 8068.421, 
9766.52399999999, 8125.948, 11158.663, 15184.282, 15663.803, 
10044.594, 11.98423, 14.26412, 4.03628, 14.15626, 2.62142, 5.38812, 
1.28947, 11.38814, 5.76242, 13.23479, 12.09745, -8.41599, -7.87338, 
-5.48169, -12.05909, -6.28726, -4.7715, -5.14902, -7.82561, -8.05771, 
-9.40402, -9.91709, 0, 0, 0, 0, 0, 0, 0, 0, 0, 0, 0, 0, 0, 0, 
0, 0, 0, 0, 0, 0, 0, 0, 0.81067, 0.80704, 0.81041, 0.78732, 0.80031, 
0.80161, 0.80113, 0.80251, 0.79251, 0.79214, 0.79954, 0.80504, 
0.80171, 0.79582, 0.77838, 0.78165, 0.78788, 0.78652, 0.79559, 
0.77775, 0.78746, 0.79234, 0.0977, 0.2683, 0.0326, 0.0826, 0.0406, 
0.0481, 0.0471, 0.1197, 0.0577, 0.1723, 0.1063, 129.3, 138.5, 
175.5, 180.2, 222.8, 206.9, 249.9, 225.2, 265.3, 262.7, 283.5, 
53, 2243, 2236, 834, 2151, 2368, 268, 1174, 1422, 1210, 891, 
15, 2, 1, 1, 1, 1, 1, 4, 1, 2, 1, 100, 100, 100, 100, 100, 100, 
100, 100, 100, 100, 100, 2500, 2500, 2500, 2500, 2500, 2500, 
2500, 2500, 2500, 2500, 2500, 8404.66, 9072.088, 10059.935, 10931.859, 
11723.512, 12801.138, 13370.488, 15934.385, 18491.905, 22714.631, 
26129.349, 1, 1, 1, 1, 1, 1, 1, 1, 1, 1, 1, 0.2, 0.2, 0.2, 0.2, 
0.2, 0.2, 0.2, 0.2, 0.2, 0.2, 0.2, 0, 0, 0, 0, 0, 0, 0, 0, 0, 
0, 0, 0, 0, 0, 0, 0, 0, 0, 0, 0, 0, 0, 0.77034, 0.74872, 0.75167, 
0.74258, 0.76919, 0.76665, 0.78288, 0.77312, 0.76805, 0.76151, 
0.77051, 0.77034, 0.76437, 0.76143, 0.77591, 0.76906, 0.77053, 
0.77544, 0.77662, 0.75663, 0.75998, 0.76478, 0.0272, 0.0302, 
0.0336, 0.038, 0.042, 0.0424, 0.0476, 0.054, 0.0596, 0.066, 0.0705, 
169.2, 181.1, 194.9, 211.4, 221.2, 232.3, 247.9, 263.3, 280.2, 
296.4, 310.2, 1, 1, 1, 1, 1, 1, 1, 1, 1, 1, 1, 1, 1, 1, 1, 1, 
1, 1, 1, 1, 1, 1, 1, 1, 1, 1, 1, 1, 1, 1, 1, 1, 1, 1, 1, 1, 1, 
1, 1, 1, 1, 1, 1, 1, 2.797, 2.829, 2.8, 2.867, 2.936, 2.712, 
2.872, 2.992, 3.017, 3.084, 3.035), .Dim = c(11L, 40L), .Dimnames = list(
    NULL, c("Sampling", "PSO.cost", "PSO.gamma", "PSO.data.balancing", 
    "PSO.feature.selection", "PSO.valid.acc", "PSO.test.acc", 
    "PSO.train.time", "PSO.n.support.vectors", "PSO.index", "PSO.n.solutions", 
    "PSO.generations", "PSO.n.evaluations", "PSO.cpu.time", "RS.cost", 
    "RS.gamma", "RS.data.balancing", "RS.feature.selection", 
    "RS.valid.acc", "RS.test.acc", "RS.train.time", "RS.n.support.vectors", 
    "RS.index", "RS.n.solutions", "RS.generations", "RS.n.evaluations", 
    "RS.cpu.time", "DF.cost", "DF.gamma", "DF.data.balancing", 
    "DF.feature.selection", "DF.valid.acc", "DF.test.acc", "DF.train.time", 
    "DF.n.support.vectors", "DF.index", "DF.n.solutions", "DF.generations", 
    "DF.n.evaluations", "DF.cpu.time")))
