full <-
structure(c(50, 55, 60, 65, 70, 75, 80, 85, 90, 95, 100, 7.96866, 
0.62093, 7.09026, 11.83261, 14.77857, 9.25012, 15, 15, 7.47241, 
11.84912, 5.05191, -8.76915, -4.99563, -5.78588, -11.38879, -8.61945, 
-7.94953, -9.88341, -9.16063, -8.38134, -8.00326, -5.40112, 0, 
0, 0, 0, 0, 0, 0, 0, 0, 0, 0, 0, 0, 0, 0, 0, 0, 0, 0, 0, 0, 0, 
0.78815, 0.80413, 0.80852, 0.79791, 0.79583, 0.79593, 0.79723, 
0.79379, 0.80037, 0.79253, 0.80264, 0.78529, 0.78819, 0.78924, 
0.78448, 0.78542, 0.78631, 0.78639, 0.77836, 0.78258, 0.78785, 
0.78806, 0.0281, 0.0296, 0.0437, 0.0404, 0.3005, 0.0574, 0.3068, 
0.451, 0.0594, 0.1689, 0.0794, 149.6, 168.8, 160.4, 188.3, 188.3, 
213, 221.1, 233.2, 269.4, 260.1, 286.8, 71, 1761, 1102, 1177, 
312, 1536, 940, 1004, 496, 472, 1037, 259, 2, 39, 50, 63, 28, 
11, 3, 357, 70, 52, 100, 100, 100, 100, 100, 100, 100, 100, 100, 
100, 100, 2500, 2500, 2500, 2500, 2500, 2500, 2500, 2500, 2500, 
2500, 2500, 7022.863, 7191.771, 7961.427, 8948.243, 13311.278, 
8507.144, 13442.317, 14428.541, 8338.04500000001, 14154.539, 
9737.68299999999, 13.33431, 12.84757, 7.20716, 12.11551, 12.0035, 
9.51199, 13.13396, 14.74272, 7.72791, 14.0138, 4.51359, -10.62177, 
-11.90948, -5.82524, -11.56341, -7.57511, -8.18935, -9.14777, 
-9.08599, -8.48403, -8.81503, -4.96026, 0, 0, 0, 0, 0, 0, 0, 
0, 0, 0, 0, 0, 0, 0, 0, 0, 0, 0, 0, 0, 0, 0, 0.79076, 0.80142, 
0.80852, 0.79791, 0.79375, 0.79208, 0.79541, 0.79207, 0.80037, 
0.791, 0.80119, 0.78521, 0.77752, 0.78686, 0.78902, 0.78958, 
0.78631, 0.78275, 0.77664, 0.78258, 0.7909, 0.78657, 0.0497, 
0.0385, 0.0451, 0.0404, 0.1403, 0.0522, 0.1528, 0.3829, 0.06, 
0.2873, 0.0815, 144.2, 161.5, 160.8, 188.3, 190.4, 212.2, 222.8, 
234, 268.5, 256.3, 284.3, 1949, 73, 1277, 284, 548, 467, 1672, 
340, 1324, 1682, 1527, 1, 28, 1, 1, 8, 1, 1, 1, 2, 1, 2, 100, 
100, 100, 100, 100, 100, 100, 100, 100, 100, 100, 2500, 2500, 
2500, 2500, 2500, 2500, 2500, 2500, 2500, 2500, 2500, 8634.04, 
9565.399, 10297.687, 11327.759, 11915.444, 12081.176, 13800.345, 
17000.907, 20754.91, 19917.525, 24922.999, 1, 1, 1, 1, 1, 1, 
1, 1, 1, 1, 1, 0.2, 0.2, 0.2, 0.2, 0.2, 0.2, 0.2, 0.2, 0.2, 0.2, 
0.2, 0, 0, 0, 0, 0, 0, 0, 0, 0, 0, 0, 0, 0, 0, 0, 0, 0, 0, 0, 
0, 0, 0, 0.7679, 0.7803, 0.79412, 0.75997, 0.75, 0.77617, 0.76093, 
0.75922, 0.74836, 0.76176, 0.76491, 0.7679, 0.7724, 0.7796, 0.74891, 
0.76667, 0.78216, 0.75921, 0.75417, 0.76129, 0.76479, 0.76203, 
0.0279, 0.0308, 0.0338, 0.0384, 0.0421, 0.0472, 0.0532, 0.0579, 
0.0593, 0.0721, 0.0772, 161.7, 172.1, 185.7, 206.3, 219, 237.9, 
253.2, 272.5, 284.7, 295.3, 311, 1, 1, 1, 1, 1, 1, 1, 1, 1, 1, 
1, 1, 1, 1, 1, 1, 1, 1, 1, 1, 1, 1, 1, 1, 1, 1, 1, 1, 1, 1, 1, 
1, 1, 1, 1, 1, 1, 1, 1, 1, 1, 1, 1, 1, 2.85, 2.934, 2.888, 3.004, 
2.977, 3.079, 3.074, 3.048, 2.928, 3.227, 3.298), .Dim = c(11L, 
40L), .Dimnames = list(NULL, c("Sampling", "PSO.cost", "PSO.gamma", 
"PSO.data.balancing", "PSO.feature.selection", "PSO.valid.acc", 
"PSO.test.acc", "PSO.train.time", "PSO.n.support.vectors", "PSO.index", 
"PSO.n.solutions", "PSO.generations", "PSO.n.evaluations", "PSO.cpu.time", 
"RS.cost", "RS.gamma", "RS.data.balancing", "RS.feature.selection", 
"RS.valid.acc", "RS.test.acc", "RS.train.time", "RS.n.support.vectors", 
"RS.index", "RS.n.solutions", "RS.generations", "RS.n.evaluations", 
"RS.cpu.time", "DF.cost", "DF.gamma", "DF.data.balancing", "DF.feature.selection", 
"DF.valid.acc", "DF.test.acc", "DF.train.time", "DF.n.support.vectors", 
"DF.index", "DF.n.solutions", "DF.generations", "DF.n.evaluations", 
"DF.cpu.time")))
