full <-
structure(c(50, 55, 60, 65, 70, 75, 80, 85, 90, 95, 100, 14.59518, 
12.03447, 14.56711, 14.83832, 7.93524, 12.45344, 6.70884, 9.25713, 
15, 6.27595, 4.43513, -9.0195, -8.04268, -9.35711, -9.20913, 
-6.27726, -14.20585, -8.31468, -8.09102, -10.19481, -8.76711, 
-5.71171, 0, 0, 0, 0, 0, 0, 0, 0, 0, 0, 0, 0, 0, 0, 0, 0, 0, 
0, 0, 0, 0, 0, 0.80496, 0.79915, 0.79828, 0.78458, 0.79154, 0.78609, 
0.79047, 0.79226, 0.79089, 0.79244, 0.79687, 0.8021, 0.79381, 
0.78382, 0.78221, 0.777, 0.78609, 0.77757, 0.78025, 0.78113, 
0.78321, 0.78666, 0.1602, 0.0789, 0.1492, 0.1959, 0.0558, 0.0465, 
0.0494, 0.0741, 0.2862, 0.0676, 0.0777, 138.7, 157.1, 170.3, 
185, 206.4, 233.4, 242.4, 238.2, 246.7, 286.1, 288.7, 2335, 148, 
537, 255, 211, 1537, 730, 253, 239, 1284, 1571, 1, 63, 60, 40, 
154, 4, 84, 93, 183, 245, 78, 100, 100, 100, 100, 100, 100, 100, 
100, 100, 100, 100, 2500, 2500, 2500, 2500, 2500, 2500, 2500, 
2500, 2500, 2500, 2500, 9004.365, 10102.578, 10001.839, 11791.85, 
9296.37, 8655.469, 7848.44500000001, 11021.666, 13125.884, 8591.228, 
10032.895, 14.30432, 12.20766, 14.12155, 14.4053, 8.09258, 14.60409, 
6.8673, 14.24777, 7.17951, 6.03897, 4.43858, -9.55666, -8.07715, 
-9.12478, -8.56998, -6.40589, -9.37532, -8.46452, -10.44512, 
-7.75855, -8.86196, -5.67086, 0, 0, 0, 0, 0, 0, 0, 0, 0, 0, 0, 
0, 0, 0, 0, 0, 0, 0, 0, 0, 0, 0, 0.79924, 0.79915, 0.79584, 0.77791, 
0.79154, 0.78605, 0.78862, 0.79226, 0.78925, 0.79244, 0.79542, 
0.7905, 0.79381, 0.78382, 0.78448, 0.77492, 0.77821, 0.77397, 
0.78884, 0.76976, 0.7817, 0.78811, 0.0857, 0.0737, 0.1373, 0.2617, 
0.0562, 0.2567, 0.0503, 0.1428, 0.0644, 0.0665, 0.0725, 141.2, 
156.7, 170.5, 182.5, 207.8, 212, 242.4, 235.1, 258.7, 288.4, 
288.1, 270, 974, 428, 92, 283, 1579, 1883, 404, 125, 963, 1331, 
10, 3, 2, 2, 1, 1, 1, 5, 7, 1, 1, 100, 100, 100, 100, 100, 100, 
100, 100, 100, 100, 100, 2500, 2500, 2500, 2500, 2500, 2500, 
2500, 2500, 2500, 2500, 2500, 9327.192, 9721.368, 11120.538, 
13130.275, 13965.265, 15353.894, 16044.345, 18729.674, 20156.273, 
22756.303, 27418.119, 1, 1, 1, 1, 1, 1, 1, 1, 1, 1, 1, 0.2, 0.2, 
0.2, 0.2, 0.2, 0.2, 0.2, 0.2, 0.2, 0.2, 0.2, 0, 0, 0, 0, 0, 0, 
0, 0, 0, 0, 0, 0, 0, 0, 0, 0, 0, 0, 0, 0, 0, 0, 0.77017, 0.77518, 
0.75211, 0.762, 0.77496, 0.76867, 0.76673, 0.76476, 0.76321, 
0.77388, 0.77366, 0.77319, 0.76735, 0.77674, 0.75543, 0.76259, 
0.76863, 0.75228, 0.7614, 0.76979, 0.77074, 0.75757, 0.0261, 
0.0307, 0.0332, 0.0374, 0.0417, 0.0464, 0.0509, 0.0556, 0.0607, 
0.0718, 0.0765, 165.9, 183.2, 197.7, 215.8, 231.7, 243.7, 255.2, 
263.3, 282.6, 294.8, 309.5, 1, 1, 1, 1, 1, 1, 1, 1, 1, 1, 1, 
1, 1, 1, 1, 1, 1, 1, 1, 1, 1, 1, 1, 1, 1, 1, 1, 1, 1, 1, 1, 1, 
1, 1, 1, 1, 1, 1, 1, 1, 1, 1, 1, 1, 2.742, 2.82, 2.823, 2.837, 
2.831, 2.925, 2.947, 3.053, 3.125, 3.285, 3.3), .Dim = c(11L, 
40L), .Dimnames = list(NULL, c("Sampling", "PSO.cost", "PSO.gamma", 
"PSO.data.balancing", "PSO.feature.selection", "PSO.valid.acc", 
"PSO.test.acc", "PSO.train.time", "PSO.n.support.vectors", "PSO.index", 
"PSO.n.solutions", "PSO.generations", "PSO.n.evaluations", "PSO.cpu.time", 
"RS.cost", "RS.gamma", "RS.data.balancing", "RS.feature.selection", 
"RS.valid.acc", "RS.test.acc", "RS.train.time", "RS.n.support.vectors", 
"RS.index", "RS.n.solutions", "RS.generations", "RS.n.evaluations", 
"RS.cpu.time", "DF.cost", "DF.gamma", "DF.data.balancing", "DF.feature.selection", 
"DF.valid.acc", "DF.test.acc", "DF.train.time", "DF.n.support.vectors", 
"DF.index", "DF.n.solutions", "DF.generations", "DF.n.evaluations", 
"DF.cpu.time")))
