full <-
structure(c(50, 55, 60, 65, 70, 75, 80, 85, 90, 95, 100, 15, 
3.58397, 2.67638, 2.25552, 0.97154, 15, 8.89171, 7.50567, 15, 
11.22265, 4.75979, -12.6091, -8.15204, -5.81528, -5.96305, -5.83664, 
-10.66266, -8.6052, -6.33235, -9.64088, -7.73155, -7.63374, 0, 
0, 0, 0, 0, 0, 0, 0, 0, 0, 0, 0, 0, 0, 0, 0, 0, 0, 0, 0, 0, 0, 
0.8137, 0.81553, 0.80343, 0.80924, 0.79644, 0.79966, 0.79355, 
0.80091, 0.79876, 0.79562, 0.80255, 0.80782, 0.79703, 0.78653, 
0.79576, 0.7859, 0.7822, 0.77364, 0.78875, 0.80034, 0.79255, 
0.77946, 0.0386, 0.0289, 0.03, 0.0344, 0.0397, 0.2999, 0.061, 
0.0713, 0.3799, 0.1624, 0.0794, 131.6, 158.7, 162.3, 182.2, 213.4, 
194.1, 224.1, 233.7, 243.6, 254.9, 305.3, 1001, 1543, 418, 419, 
899, 464, 120, 1089, 832, 809, 1426, 7, 27, 55, 46, 86, 5, 60, 
18, 5, 48, 25, 100, 100, 100, 100, 100, 100, 100, 100, 100, 100, 
100, 2500, 2500, 2500, 2500, 2500, 2500, 2500, 2500, 2500, 2500, 
2500, 7384.078, 7344.187, 7989.271, 7711.95400000001, 7349.08899999999, 
10248.134, 9751.842, 10804.843, 17861.837, 14627.843, 9567.973, 
14.90188, 2.5871, 8.18921, -0.55327, 13.98505, 13.89294, 13.41458, 
7.24119, 14.7821, 8.44201, 5.02281, -12.55328, -7.28999, -8.72229, 
-4.70096, -11.92427, -10.06995, -11.10655, -6.18863, -9.48113, 
-6.36676, -7.77178, 0, 0, 0, 0, 0, 0, 0, 0, 0, 0, 0, 0, 0, 0, 
0, 0, 0, 0, 0, 0, 0, 0, 0.81076, 0.81546, 0.80337, 0.80697, 0.79635, 
0.79966, 0.79173, 0.79918, 0.79714, 0.79411, 0.79965, 0.81076, 
0.80237, 0.79379, 0.80247, 0.79228, 0.7822, 0.77364, 0.78875, 
0.79873, 0.79714, 0.77949, 0.0378, 0.0267, 0.0344, 0.0363, 0.0703, 
0.2423, 0.0929, 0.0724, 0.4283, 0.1024, 0.08, 131.7, 159.2, 159.5, 
197.3, 196.2, 193.7, 222.7, 234.1, 242.9, 257.1, 304.4, 53, 942, 
462, 890, 31, 1763, 33, 301, 891, 1811, 760, 4, 2, 1, 5, 3, 1, 
4, 8, 1, 1, 1, 100, 100, 100, 100, 100, 100, 100, 100, 100, 100, 
100, 2500, 2500, 2500, 2500, 2500, 2500, 2500, 2500, 2500, 2500, 
2500, 8302.679, 8979.288, 10513.86, 11844.375, 12604.121, 15018.772, 
14288.604, 17131.972, 20066.201, 23789.061, 26490.11, 1, 1, 1, 
1, 1, 1, 1, 1, 1, 1, 1, 0.2, 0.2, 0.2, 0.2, 0.2, 0.2, 0.2, 0.2, 
0.2, 0.2, 0.2, 0, 0, 0, 0, 0, 0, 0, 0, 0, 0, 0, 0, 0, 0, 0, 0, 
0, 0, 0, 0, 0, 0, 0.76739, 0.77549, 0.77433, 0.79354, 0.77344, 
0.78032, 0.76233, 0.7751, 0.75013, 0.76495, 0.76768, 0.77008, 
0.74916, 0.78415, 0.79343, 0.77135, 0.78997, 0.77162, 0.77162, 
0.74529, 0.76793, 0.76629, 0.0252, 0.0281, 0.0304, 0.0361, 0.0389, 
0.047, 0.0521, 0.056, 0.0587, 0.0707, 0.0783, 144.2, 161.4, 173.9, 
188.1, 210.7, 221.1, 248.3, 265, 280.3, 291.1, 310.1, 1, 1, 1, 
1, 1, 1, 1, 1, 1, 1, 1, 1, 1, 1, 1, 1, 1, 1, 1, 1, 1, 1, 1, 1, 
1, 1, 1, 1, 1, 1, 1, 1, 1, 1, 1, 1, 1, 1, 1, 1, 1, 1, 1, 1, 2.836, 
2.719, 2.91, 2.921, 2.757, 3.033, 3.041, 3.047, 2.944, 3.307, 
3.362), .Dim = c(11L, 40L), .Dimnames = list(NULL, c("Sampling", 
"PSO.cost", "PSO.gamma", "PSO.data.balancing", "PSO.feature.selection", 
"PSO.valid.acc", "PSO.test.acc", "PSO.train.time", "PSO.n.support.vectors", 
"PSO.index", "PSO.n.solutions", "PSO.generations", "PSO.n.evaluations", 
"PSO.cpu.time", "RS.cost", "RS.gamma", "RS.data.balancing", "RS.feature.selection", 
"RS.valid.acc", "RS.test.acc", "RS.train.time", "RS.n.support.vectors", 
"RS.index", "RS.n.solutions", "RS.generations", "RS.n.evaluations", 
"RS.cpu.time", "DF.cost", "DF.gamma", "DF.data.balancing", "DF.feature.selection", 
"DF.valid.acc", "DF.test.acc", "DF.train.time", "DF.n.support.vectors", 
"DF.index", "DF.n.solutions", "DF.generations", "DF.n.evaluations", 
"DF.cpu.time")))
