full <-
structure(c(50, 55, 60, 65, 70, 75, 80, 85, 90, 95, 100, 8.95044, 
6.89013, 13.90073, 12.78243, 3.09572, 8.95006, 3.33456, 6.73016, 
14.49113, 8.67444, 15, -6.89415, -7.14594, -8.39376, -7.57743, 
-4.96588, -6.84234, -6.19711, -6.9848, -8.70951, -7.74118, -9.82438, 
0, 0, 0, 0, 0, 0, 0, 0, 0, 0, 0, 0, 0, 0, 0, 0, 0, 0, 0, 0, 0, 
0, 0.79034, 0.78325, 0.78914, 0.79136, 0.7941, 0.7917, 0.79923, 
0.7904, 0.79055, 0.80039, 0.79237, 0.78445, 0.78581, 0.76974, 
0.77131, 0.78155, 0.78394, 0.78646, 0.78009, 0.78241, 0.79423, 
0.79393, 0.0386, 0.0339, 0.216, 0.2014, 0.0429, 0.0759, 0.0517, 
0.0625, 0.4134, 0.084, 0.3643, 139.6, 161.5, 170.7, 182.8, 220.2, 
213.4, 253, 250, 243.4, 269.6, 272.8, 132, 2298, 396, 1503, 2260, 
293, 1429, 338, 922, 111, 970, 162, 32, 367, 13, 2, 41, 26, 476, 
42, 246, 3, 100, 100, 100, 100, 100, 100, 100, 100, 100, 100, 
100, 2500, 2500, 2500, 2500, 2500, 2500, 2500, 2500, 2500, 2500, 
2500, 7805.692, 9472.828, 13016.758, 13438.126, 8940.872, 10676.071, 
7827.53699999998, 9634.08199999999, 18139.902, 9388.29399999999, 
17137.138, 3.61905, 9.70669, 8.24762, 14.42415, 3.47791, 6.1295, 
3.33911, 7.23485, 11.34577, 8.51871, 3.28129, -5.07933, -8.78493, 
-6.12451, -10.01485, -5.64929, -6.0699, -6.14882, -7.00114, -7.02106, 
-7.60058, -3.92613, 0, 0, 0, 0, 0, 0, 0, 0, 0, 0, 0, 0, 0, 0, 
0, 0, 0, 0, 0, 0, 0, 0, 0.79042, 0.78318, 0.7892, 0.78697, 0.78789, 
0.7917, 0.79559, 0.78868, 0.79055, 0.80039, 0.78949, 0.79336, 
0.77778, 0.77224, 0.78697, 0.78572, 0.79363, 0.78828, 0.77836, 
0.7873, 0.79423, 0.78233, 0.0268, 0.0368, 0.0527, 0.1356, 0.0414, 
0.0519, 0.0513, 0.0647, 0.2361, 0.0819, 0.0775, 146.2, 162.3, 
177.6, 192.7, 221.1, 220.8, 252.4, 247.2, 244.1, 269.7, 284.7, 
253, 1105, 2434, 58, 1222, 255, 1217, 1138, 1725, 25, 2421, 2, 
5, 1, 3, 1, 3, 1, 2, 1, 1, 1, 100, 100, 100, 100, 100, 100, 100, 
100, 100, 100, 100, 2500, 2500, 2500, 2500, 2500, 2500, 2500, 
2500, 2500, 2500, 2500, 8797.076, 9828.573, 10904.057, 11944.509, 
12831.055, 13781.327, 16315.776, 20001.42, 20177.104, 26019.812, 
24950.342, 1, 1, 1, 1, 1, 1, 1, 1, 1, 1, 1, 0.2, 0.2, 0.2, 0.2, 
0.2, 0.2, 0.2, 0.2, 0.2, 0.2, 0.2, 0, 0, 0, 0, 0, 0, 0, 0, 0, 
0, 0, 0, 0, 0, 0, 0, 0, 0, 0, 0, 0, 0, 0.77311, 0.77265, 0.76225, 
0.75551, 0.75872, 0.77624, 0.77185, 0.75951, 0.75641, 0.76627, 
0.75326, 0.78168, 0.77279, 0.74292, 0.74889, 0.77556, 0.76471, 
0.77185, 0.7475, 0.75634, 0.76767, 0.76784, 0.0271, 0.0307, 0.0336, 
0.0379, 0.0423, 0.0471, 0.053, 0.057, 0.0625, 0.0687, 0.0762, 
166.8, 181.9, 201.4, 219, 233.4, 243, 259.4, 271.7, 283.9, 294.9, 
310, 1, 1, 1, 1, 1, 1, 1, 1, 1, 1, 1, 1, 1, 1, 1, 1, 1, 1, 1, 
1, 1, 1, 1, 1, 1, 1, 1, 1, 1, 1, 1, 1, 1, 1, 1, 1, 1, 1, 1, 1, 
1, 1, 1, 1, 2.905, 2.917, 2.834, 2.815, 2.938, 2.994, 3.043, 
3.137, 3.09, 3.223, 3.283), .Dim = c(11L, 40L), .Dimnames = list(
    NULL, c("Sampling", "PSO.cost", "PSO.gamma", "PSO.data.balancing", 
    "PSO.feature.selection", "PSO.valid.acc", "PSO.test.acc", 
    "PSO.train.time", "PSO.n.support.vectors", "PSO.index", "PSO.n.solutions", 
    "PSO.generations", "PSO.n.evaluations", "PSO.cpu.time", "RS.cost", 
    "RS.gamma", "RS.data.balancing", "RS.feature.selection", 
    "RS.valid.acc", "RS.test.acc", "RS.train.time", "RS.n.support.vectors", 
    "RS.index", "RS.n.solutions", "RS.generations", "RS.n.evaluations", 
    "RS.cpu.time", "DF.cost", "DF.gamma", "DF.data.balancing", 
    "DF.feature.selection", "DF.valid.acc", "DF.test.acc", "DF.train.time", 
    "DF.n.support.vectors", "DF.index", "DF.n.solutions", "DF.generations", 
    "DF.n.evaluations", "DF.cpu.time")))
