full <-
structure(c(50, 55, 60, 65, 70, 75, 80, 85, 90, 95, 100, 5.0919, 
13.93739, -1.44102, 15, 2.62519, 11.50034, 15, 15, 14.09191, 
4.43465, 5.92387, -10.34849, -11.00795, -4.69784, -9.95801, -4.06926, 
-7.88629, -9.39896, -10.84584, -8.52005, -5.82447, -6.06168, 
0, 0, 0, 0, 0, 0, 0, 0, 0, 0, 0, 0, 0, 0, 0, 0, 0, 0, 0, 0, 0, 
0, 0.76748, 0.77508, 0.78389, 0.78261, 0.794, 0.79344, 0.79762, 
0.78869, 0.79881, 0.80144, 0.79814, 0.75286, 0.76448, 0.77907, 
0.77801, 0.77937, 0.78752, 0.78655, 0.7732, 0.79387, 0.79377, 
0.7952, 0.0272, 0.0581, 0.0313, 0.3316, 0.042, 0.1292, 0.3875, 
0.2947, 0.3672, 0.0658, 0.0738, 171.5, 165.4, 212, 181.4, 199.4, 
207.7, 219.9, 232, 239, 279.9, 284.7, 28, 17, 684, 908, 606, 
664, 1002, 1789, 640, 494, 360, 113, 166, 103, 45, 80, 123, 27, 
6, 59, 320, 585, 100, 100, 100, 100, 100, 100, 100, 100, 100, 
100, 100, 2500, 2500, 2500, 2500, 2500, 2500, 2500, 2500, 2500, 
2500, 2500, 7369.686, 8282.115, 7597.477, 12662.431, 9390.05099999999, 
11274.448, 16446.239, 11524.568, 18535.698, 8958.24900000001, 
8436.64499999999, 0.59734, 9.67462, -1.09281, -1.77658, 3.77864, 
11.52877, 13.68751, 13.26988, 14.92752, 3.58818, 6.12534, -5.76896, 
-8.92057, -5.16141, -4.77629, -4.70461, -7.90524, -8.68333, -10.00193, 
-8.93037, -4.97315, -6.20771, 0, 0, 0, 0, 0, 0, 0, 0, 0, 0, 0, 
0, 0, 0, 0, 0, 0, 0, 0, 0, 0, 0, 0.76748, 0.77508, 0.78145, 0.78261, 
0.79191, 0.79344, 0.79577, 0.78869, 0.79881, 0.79988, 0.79814, 
0.75571, 0.76178, 0.77431, 0.78029, 0.77937, 0.78752, 0.78655, 
0.77493, 0.79387, 0.78764, 0.7952, 0.0266, 0.0357, 0.0328, 0.0405, 
0.0454, 0.129, 0.2609, 0.2181, 0.5398, 0.0616, 0.0747, 172.1, 
166.2, 212.6, 238.5, 195.7, 206.7, 220.1, 233.3, 237.7, 278, 
284.5, 894, 58, 666, 2430, 400, 1361, 1767, 1386, 195, 266, 1491, 
3, 8, 4, 1, 5, 1, 2, 3, 1, 1, 2, 100, 100, 100, 100, 100, 100, 
100, 100, 100, 100, 100, 2500, 2500, 2500, 2500, 2500, 2500, 
2500, 2500, 2500, 2500, 2500, 9044.164, 9964.92, 10279.307, 11580.214, 
13295.368, 14026.059, 16502.061, 19237.829, 21599.173, 24143.305, 
24545.714, 1, 1, 1, 1, 1, 1, 1, 1, 1, 1, 1, 0.2, 0.2, 0.2, 0.2, 
0.2, 0.2, 0.2, 0.2, 0.2, 0.2, 0.2, 0, 0, 0, 0, 0, 0, 0, 0, 0, 
0, 0, 0, 0, 0, 0, 0, 0, 0, 0, 0, 0, 0, 0.73521, 0.74563, 0.75711, 
0.76255, 0.77112, 0.75264, 0.74466, 0.74065, 0.77438, 0.77997, 
0.77644, 0.74118, 0.74306, 0.76949, 0.77594, 0.76908, 0.74864, 
0.7319, 0.74755, 0.77441, 0.76619, 0.76484, 0.0287, 0.0314, 0.0333, 
0.0354, 0.0406, 0.0461, 0.0488, 0.0503, 0.0597, 0.0636, 0.0715, 
167.2, 182.5, 190.5, 206.9, 217.6, 243, 259.6, 269.3, 282.6, 
298.2, 309.8, 1, 1, 1, 1, 1, 1, 1, 1, 1, 1, 1, 1, 1, 1, 1, 1, 
1, 1, 1, 1, 1, 1, 1, 1, 1, 1, 1, 1, 1, 1, 1, 1, 1, 1, 1, 1, 1, 
1, 1, 1, 1, 1, 1, 1, 2.91, 2.895, 3.012, 2.952, 2.966, 3.088, 
2.812, 2.807, 2.941, 3.01, 3.155), .Dim = c(11L, 40L), .Dimnames = list(
    NULL, c("Sampling", "PSO.cost", "PSO.gamma", "PSO.data.balancing", 
    "PSO.feature.selection", "PSO.valid.acc", "PSO.test.acc", 
    "PSO.train.time", "PSO.n.support.vectors", "PSO.index", "PSO.n.solutions", 
    "PSO.generations", "PSO.n.evaluations", "PSO.cpu.time", "RS.cost", 
    "RS.gamma", "RS.data.balancing", "RS.feature.selection", 
    "RS.valid.acc", "RS.test.acc", "RS.train.time", "RS.n.support.vectors", 
    "RS.index", "RS.n.solutions", "RS.generations", "RS.n.evaluations", 
    "RS.cpu.time", "DF.cost", "DF.gamma", "DF.data.balancing", 
    "DF.feature.selection", "DF.valid.acc", "DF.test.acc", "DF.train.time", 
    "DF.n.support.vectors", "DF.index", "DF.n.solutions", "DF.generations", 
    "DF.n.evaluations", "DF.cpu.time")))
