full <-
structure(c(50, 55, 60, 65, 70, 75, 80, 85, 90, 95, 100, 3.35927, 
2.17012, 10.64994, -2, 8.22922, 1.79968, 11.94158, 1.84435, 7.8337, 
2.85399, 9.27598, -4.34022, -1.87343, -14.68636, -5.42361, -8.06444, 
-11.87577, -9.65341, -7.51315, -5.77786, -8.20788, -6.65023, 
0, 0, 0, 0, 0, 0, 0, 0, 0, 0, 0, 0, 0, 0, 0, 0, 0, 0, 0, 0, 0, 
0, 0.78714, 0.78283, 0.78606, 0.78193, 0.78383, 0.78846, 0.7865, 
0.78866, 0.78731, 0.79523, 0.79392, 0.78714, 0.77209, 0.7666, 
0.77516, 0.76912, 0.7767, 0.76825, 0.77835, 0.77924, 0.7891, 
0.78812, 0.027, 0.0348, 0.0317, 0.0404, 0.0489, 0.0608, 0.1177, 
0.0559, 0.1106, 0.0638, 0.1381, 151.3, 173.4, 181.6, 244.7, 195.2, 
368.5, 220.1, 268.6, 238.3, 287.6, 273.3, 1206, 92, 155, 1495, 
113, 138, 191, 1572, 301, 526, 153, 75, 76, 104, 36, 467, 77, 
171, 20, 178, 56, 105, 100, 100, 100, 100, 100, 100, 100, 100, 
100, 100, 100, 2500, 2500, 2500, 2500, 2500, 2500, 2500, 2500, 
2500, 2500, 2500, 7114.538, 7141.181, 9785.538, 7745.138, 8317.72099999999, 
7731.552, 10487.355, 8930.74799999999, 11578.029, 13664.395, 
19115.374, 3.24516, 2.28969, 9.76618, -1.03022, 8.36302, 0.30105, 
11.31657, 1.99395, 0.38262, 5.56309, 9.8952, -4.27333, -2.00983, 
-13.79638, -5.61693, -8.09072, -9.92204, -9.31632, -7.63816, 
-5.79769, -6.98162, -6.98207, 0, 0, 0, 0, 0, 0, 0, 0, 0, 0, 0, 
0, 0, 0, 0, 0, 0, 0, 0, 0, 0, 0, 0.78714, 0.78283, 0.78606, 0.78183, 
0.78383, 0.7865, 0.7865, 0.78866, 0.78726, 0.79386, 0.79392, 
0.78714, 0.76682, 0.76898, 0.77309, 0.76912, 0.77866, 0.76825, 
0.78179, 0.78083, 0.7861, 0.791, 0.0277, 0.0355, 0.032, 0.038, 
0.0493, 0.0576, 0.0966, 0.055, 0.0591, 0.0691, 0.152, 150.6, 
172.1, 181.7, 225.8, 194, 346.1, 220.2, 267.9, 279, 256.5, 272.5, 
1391, 402, 1248, 2486, 187, 602, 122, 1485, 2064, 480, 251, 1, 
2, 4, 1, 24, 2, 18, 1, 1, 1, 1, 100, 100, 100, 100, 100, 100, 
100, 100, 100, 100, 100, 2500, 2500, 2500, 2500, 2500, 2500, 
2500, 2500, 2500, 2500, 2500, 9140.461, 9441.274, 10192.884, 
10520.905, 11933.59, 13338.062, 14738.231, 17394.827, 19061.497, 
21136.888, 24991.412, 1, 1, 1, 1, 1, 1, 1, 1, 1, 1, 1, 0.2, 0.2, 
0.2, 0.2, 0.2, 0.2, 0.2, 0.2, 0.2, 0.2, 0.2, 0, 0, 0, 0, 0, 0, 
0, 0, 0, 0, 0, 0, 0, 0, 0, 0, 0, 0, 0, 0, 0, 0, 0.77555, 0.76953, 
0.77148, 0.76193, 0.76713, 0.75321, 0.77013, 0.76818, 0.77271, 
0.78155, 0.76054, 0.77849, 0.76399, 0.7691, 0.76182, 0.76074, 
0.74951, 0.76273, 0.77501, 0.7743, 0.7799, 0.76342, 0.0274, 0.0301, 
0.0335, 0.0379, 0.0415, 0.0452, 0.0527, 0.0565, 0.0611, 0.0664, 
0.0751, 163.6, 174.2, 187.6, 203.9, 211.2, 223.2, 243.3, 255.4, 
267.6, 276.6, 310, 1, 1, 1, 1, 1, 1, 1, 1, 1, 1, 1, 1, 1, 1, 
1, 1, 1, 1, 1, 1, 1, 1, 1, 1, 1, 1, 1, 1, 1, 1, 1, 1, 1, 1, 1, 
1, 1, 1, 1, 1, 1, 1, 1, 1, 2.744, 2.839, 2.842, 2.871, 2.919, 
2.968, 3.035, 2.958, 3.021, 3.109, 3.268), .Dim = c(11L, 40L), .Dimnames = list(
    NULL, c("Sampling", "PSO.cost", "PSO.gamma", "PSO.data.balancing", 
    "PSO.feature.selection", "PSO.valid.acc", "PSO.test.acc", 
    "PSO.train.time", "PSO.n.support.vectors", "PSO.index", "PSO.n.solutions", 
    "PSO.generations", "PSO.n.evaluations", "PSO.cpu.time", "RS.cost", 
    "RS.gamma", "RS.data.balancing", "RS.feature.selection", 
    "RS.valid.acc", "RS.test.acc", "RS.train.time", "RS.n.support.vectors", 
    "RS.index", "RS.n.solutions", "RS.generations", "RS.n.evaluations", 
    "RS.cpu.time", "DF.cost", "DF.gamma", "DF.data.balancing", 
    "DF.feature.selection", "DF.valid.acc", "DF.test.acc", "DF.train.time", 
    "DF.n.support.vectors", "DF.index", "DF.n.solutions", "DF.generations", 
    "DF.n.evaluations", "DF.cpu.time")))
