full <-
structure(c(50, 55, 60, 65, 70, 75, 80, 85, 90, 95, 100, 14.82307, 
6.42137, 14.97953, 12.13141, 13.9185, 14.47005, 15, 14.03622, 
6.70611, 6.92107, 12.23778, -8.76565, -4.83696, -10.08685, -8.63529, 
-9.09673, -9.40362, -9.02476, -10.55951, -7.38203, -7.07403, 
-9.17967, 0, 0, 0, 0, 0, 0, 0, 0, 0, 0, 0, 0, 0, 0, 0, 0, 0, 
0, 0, 0, 0, 0, 0.77345, 0.76738, 0.78666, 0.78904, 0.78536, 0.7938, 
0.79216, 0.80078, 0.80007, 0.8048, 0.80111, 0.77067, 0.76212, 
0.77713, 0.78682, 0.78545, 0.78973, 0.78119, 0.78368, 0.79518, 
0.79086, 0.79386, 0.3155, 0.0401, 0.1814, 0.1056, 0.2303, 0.232, 
0.4014, 0.1329, 0.0693, 0.0712, 0.1647, 148.5, 167.9, 177.8, 
194, 206.1, 214.2, 222.4, 251.4, 266.2, 273.6, 279.3, 546, 70, 
800, 832, 135, 739, 1657, 517, 847, 427, 116, 102, 314, 11, 2, 
150, 55, 1, 21, 213, 152, 224, 100, 100, 100, 100, 100, 100, 
100, 100, 100, 100, 100, 2500, 2500, 2500, 2500, 2500, 2500, 
2500, 2500, 2500, 2500, 2500, 11389.07, 8494.956, 11195.519, 
9761.51700000001, 13256.955, 13970.885, 15887.643, 10316.098, 
11089.54, 14945.713, 17266.831, 14.33211, 14.54604, 11.38679, 
11.28721, 14.91938, 14.66755, 7.53916, 13.41099, 6.58886, 6.80308, 
12.81748, -8.54518, -9.05576, -8.12588, -8.17861, -9.65768, -9.56082, 
-6.2345, -10.285, -7.2863, -7.00881, -9.27024, 0, 0, 0, 0, 0, 
0, 0, 0, 0, 0, 0, 0, 0, 0, 0, 0, 0, 0, 0, 0, 0, 0, 0.7705, 0.76475, 
0.78428, 0.78677, 0.78536, 0.78984, 0.78849, 0.79903, 0.79843, 
0.80329, 0.80111, 0.77067, 0.76475, 0.77696, 0.78682, 0.78332, 
0.78777, 0.77937, 0.78368, 0.79515, 0.79086, 0.79386, 0.282, 
0.2377, 0.0858, 0.084, 0.295, 0.2709, 0.0674, 0.1143, 0.0667, 
0.0767, 0.202, 148.2, 164.9, 178.3, 194.1, 205.9, 214.5, 233.9, 
252, 265.8, 273.7, 277.5, 937, 1414, 2394, 1521, 1444, 406, 195, 
2120, 1444, 1511, 754, 8, 2, 1, 1, 2, 1, 1, 2, 1, 1, 8, 100, 
100, 100, 100, 100, 100, 100, 100, 100, 100, 100, 2500, 2500, 
2500, 2500, 2500, 2500, 2500, 2500, 2500, 2500, 2500, 9396.465, 
9769.8, 11804.619, 12827.145, 13319.964, 16485.476, 15745.786, 
19559.042, 24888.506, 26019.203, 27988.659, 1, 1, 1, 1, 1, 1, 
1, 1, 1, 1, 1, 0.2, 0.2, 0.2, 0.2, 0.2, 0.2, 0.2, 0.2, 0.2, 0.2, 
0.2, 0, 0, 0, 0, 0, 0, 0, 0, 0, 0, 0, 0, 0, 0, 0, 0, 0, 0, 0, 
0, 0, 0, 0.7442, 0.73558, 0.74274, 0.74212, 0.74381, 0.741, 0.76118, 
0.75425, 0.76284, 0.77417, 0.76336, 0.75882, 0.73031, 0.73786, 
0.74399, 0.74594, 0.75077, 0.76098, 0.75074, 0.7726, 0.76489, 
0.76624, 0.0263, 0.0288, 0.0363, 0.0366, 0.0413, 0.0449, 0.0523, 
0.0628, 0.0597, 0.0671, 0.0725, 172.3, 194.4, 204.1, 221.3, 237.7, 
250.4, 260.3, 274.2, 281.8, 294.1, 309.6, 1, 1, 1, 1, 1, 1, 1, 
1, 1, 1, 1, 1, 1, 1, 1, 1, 1, 1, 1, 1, 1, 1, 1, 1, 1, 1, 1, 1, 
1, 1, 1, 1, 1, 1, 1, 1, 1, 1, 1, 1, 1, 1, 1, 1, 2.649, 2.639, 
2.915, 2.789, 2.828, 2.772, 3.115, 4.122, 3.693, 3.897, 3.866
), .Dim = c(11L, 40L), .Dimnames = list(NULL, c("Sampling", "PSO.cost", 
"PSO.gamma", "PSO.data.balancing", "PSO.feature.selection", "PSO.valid.acc", 
"PSO.test.acc", "PSO.train.time", "PSO.n.support.vectors", "PSO.index", 
"PSO.n.solutions", "PSO.generations", "PSO.n.evaluations", "PSO.cpu.time", 
"RS.cost", "RS.gamma", "RS.data.balancing", "RS.feature.selection", 
"RS.valid.acc", "RS.test.acc", "RS.train.time", "RS.n.support.vectors", 
"RS.index", "RS.n.solutions", "RS.generations", "RS.n.evaluations", 
"RS.cpu.time", "DF.cost", "DF.gamma", "DF.data.balancing", "DF.feature.selection", 
"DF.valid.acc", "DF.test.acc", "DF.train.time", "DF.n.support.vectors", 
"DF.index", "DF.n.solutions", "DF.generations", "DF.n.evaluations", 
"DF.cpu.time")))
