full <-
structure(c(50, 55, 60, 65, 70, 75, 80, 85, 90, 95, 100, 13.96634, 
9.99118, 7.05788, -2, 7.10104, 9.08848, 7.40139, 4.89883, 2.75833, 
6.62482, 13.58649, -10.45265, -13.84985, -13.91945, -7.59965, 
-12.65197, -14.74391, -6.88579, -10.766, -8.12275, -7.21716, 
-8.95687, 0, 0, 0, 0, 0, 0, 0, 0, 0, 0, 0, 0, 0, 0, 0, 0, 0, 
0, 0, 0, 0, 0, 0.80824, 0.79349, 0.78144, 0.78856, 0.78946, 0.79208, 
0.79744, 0.79925, 0.8003, 0.79398, 0.79688, 0.79664, 0.78027, 
0.7765, 0.77299, 0.78321, 0.78239, 0.78835, 0.78189, 0.78866, 
0.78001, 0.78671, 0.0781, 0.0274, 0.0328, 0.0458, 0.0387, 0.0415, 
0.0612, 0.051, 0.0549, 0.0649, 0.2871, 131.9, 168.4, 217.5, 313.3, 
221.9, 235.3, 214.6, 265.7, 279.1, 268.2, 270.4, 76, 703, 472, 
535, 124, 76, 38, 610, 163, 953, 1170, 84, 44, 25, 30, 302, 160, 
133, 28, 176, 54, 7, 100, 100, 100, 100, 100, 100, 100, 100, 
100, 100, 100, 2500, 2500, 2500, 2500, 2500, 2500, 2500, 2500, 
2500, 2500, 2500, 9260.09, 8420.972, 7474.79500000001, 7503.135, 
7603.643, 7742.444, 8624.239, 8070.37099999998, 10635.323, 8388.65300000002, 
14353.264, 12.69928, 9.4756, 5.9604, -1.91547, 7.32808, 8.47148, 
4.17399, -0.15732, 3.02258, 8.34513, 12.40684, -9.8012, -13.32639, 
-12.83248, -6.08553, -12.98667, -14.1295, -5.37074, -5.77464, 
-8.43499, -8.28605, -8.57841, 0, 0, 0, 0, 0, 0, 0, 0, 0, 0, 0, 
0, 0, 0, 0, 0, 0, 0, 0, 0, 0, 0, 0.80824, 0.79349, 0.78144, 0.78846, 
0.78946, 0.79208, 0.79744, 0.79919, 0.8003, 0.79242, 0.79543, 
0.79958, 0.78027, 0.7765, 0.77057, 0.78325, 0.78239, 0.78653, 
0.78703, 0.78546, 0.7785, 0.78961, 0.0583, 0.0281, 0.0369, 0.0398, 
0.0383, 0.0435, 0.0517, 0.0509, 0.053, 0.0719, 0.1996, 131.5, 
168.4, 217.7, 259.1, 223.2, 235.7, 216.1, 267.8, 279.7, 266.9, 
271.8, 211, 157, 308, 378, 109, 279, 152, 606, 1704, 2390, 909, 
4, 2, 3, 3, 16, 10, 4, 1, 1, 1, 1, 100, 100, 100, 100, 100, 100, 
100, 100, 100, 100, 100, 2500, 2500, 2500, 2500, 2500, 2500, 
2500, 2500, 2500, 2500, 2500, 8841.589, 9004.374, 9231.206, 9759.105, 
10967.336, 12292.922, 14864.456, 17526.839, 19194.905, 21239.17, 
27313.312, 1, 1, 1, 1, 1, 1, 1, 1, 1, 1, 1, 0.2, 0.2, 0.2, 0.2, 
0.2, 0.2, 0.2, 0.2, 0.2, 0.2, 0.2, 0, 0, 0, 0, 0, 0, 0, 0, 0, 
0, 0, 0, 0, 0, 0, 0, 0, 0, 0, 0, 0, 0, 0.78487, 0.77763, 0.73336, 
0.73713, 0.75811, 0.7629, 0.77734, 0.77505, 0.78713, 0.76934, 
0.76195, 0.79664, 0.76717, 0.75514, 0.75062, 0.76445, 0.76874, 
0.76825, 0.78019, 0.7839, 0.76162, 0.76781, 0.0254, 0.0308, 0.034, 
0.0333, 0.04, 0.0415, 0.0476, 0.0522, 0.058, 0.0632, 0.0698, 
152, 172.1, 190.2, 197.7, 216.3, 223.4, 237.6, 247.5, 264.4, 
289.8, 308.8, 1, 1, 1, 1, 1, 1, 1, 1, 1, 1, 1, 1, 1, 1, 1, 1, 
1, 1, 1, 1, 1, 1, 1, 1, 1, 1, 1, 1, 1, 1, 1, 1, 1, 1, 1, 1, 1, 
1, 1, 1, 1, 1, 1, 1, 2.975, 2.976, 2.934, 2.829, 2.942, 3.007, 
3.087, 2.811, 2.967, 2.955, 3.138), .Dim = c(11L, 40L), .Dimnames = list(
    NULL, c("Sampling", "PSO.cost", "PSO.gamma", "PSO.data.balancing", 
    "PSO.feature.selection", "PSO.valid.acc", "PSO.test.acc", 
    "PSO.train.time", "PSO.n.support.vectors", "PSO.index", "PSO.n.solutions", 
    "PSO.generations", "PSO.n.evaluations", "PSO.cpu.time", "RS.cost", 
    "RS.gamma", "RS.data.balancing", "RS.feature.selection", 
    "RS.valid.acc", "RS.test.acc", "RS.train.time", "RS.n.support.vectors", 
    "RS.index", "RS.n.solutions", "RS.generations", "RS.n.evaluations", 
    "RS.cpu.time", "DF.cost", "DF.gamma", "DF.data.balancing", 
    "DF.feature.selection", "DF.valid.acc", "DF.test.acc", "DF.train.time", 
    "DF.n.support.vectors", "DF.index", "DF.n.solutions", "DF.generations", 
    "DF.n.evaluations", "DF.cpu.time")))
