full <-
structure(c(50, 55, 60, 65, 70, 75, 80, 85, 90, 95, 100, -1.85787, 
4.22135, 10.38903, 6.12909, 3.29725, -0.60562, 0.31779, 7.28033, 
0.99298, 15, 6.28836, -2.11819, -4.76023, -8.15061, -5.80543, 
-11.05927, -5.74722, -6.38523, -6.52473, -4.1831, -10.1231, -5.63973, 
0, 0, 0, 0, 0, 0, 0, 0, 0, 0, 0, 0, 0, 0, 0, 0, 0, 0, 0, 0, 0, 
0, 0.78538, 0.81281, 0.79384, 0.79374, 0.7953, 0.79784, 0.79909, 
0.79373, 0.79045, 0.78922, 0.80118, 0.75328, 0.79937, 0.78653, 
0.79146, 0.78909, 0.77615, 0.79168, 0.78517, 0.77419, 0.7892, 
0.79681, 0.0276, 0.0305, 0.0567, 0.0428, 0.0433, 0.0437, 0.0449, 
0.0674, 0.0551, 0.2938, 0.0836, 183.5, 148.3, 159, 181.2, 261.3, 
250.7, 256.7, 231.4, 262.4, 266.5, 282.3, 1877, 204, 226, 486, 
12, 1324, 871, 852, 2055, 2301, 75, 8, 176, 77, 82, 90, 5, 66, 
133, 10, 2, 188, 100, 100, 100, 100, 100, 100, 100, 100, 100, 
100, 100, 2500, 2500, 2500, 2500, 2500, 2500, 2500, 2500, 2500, 
2500, 2500, 8790.28, 7835.426, 10367.447, 8787.84, 7622.234, 
7769.48, 7610.923, 10010.332, 16415.53, 13267.649, 10183.914, 
-1.85782, 3.3356, 8.43796, 4.64572, 1.15476, 7.75764, 1.22498, 
14.85559, 0.20015, 14.1776, 6.57426, -2.28999, -4.35596, -7.32932, 
-5.14548, -9.00991, -14.17921, -7.33242, -10.91477, -5.71569, 
-9.66983, -5.80664, 0, 0, 0, 0, 0, 0, 0, 0, 0, 0, 0, 0, 0, 0, 
0, 0, 0, 0, 0, 0, 0, 0, 0.78252, 0.81281, 0.79384, 0.79146, 0.7953, 
0.79791, 0.79727, 0.79204, 0.78882, 0.78768, 0.79973, 0.75908, 
0.79937, 0.7842, 0.79141, 0.78497, 0.77226, 0.78987, 0.78686, 
0.77911, 0.79074, 0.79681, 0.0254, 0.0293, 0.0396, 0.0365, 0.0419, 
0.0407, 0.0464, 0.191, 0.0583, 0.2619, 0.0849, 181.2, 149.9, 
159.8, 182.4, 265.2, 248.3, 256.5, 232.4, 284.7, 266.4, 282, 
1353, 2464, 833, 1169, 562, 20, 863, 200, 1870, 994, 385, 1, 
1, 5, 2, 3, 2, 3, 9, 1, 2, 1, 100, 100, 100, 100, 100, 100, 100, 
100, 100, 100, 100, 2500, 2500, 2500, 2500, 2500, 2500, 2500, 
2500, 2500, 2500, 2500, 8894.946, 9735.868, 10162.924, 10529.642, 
11477.48, 12967.221, 15240.592, 16632.328, 23199.764, 23889.291, 
21931.649, 1, 1, 1, 1, 1, 1, 1, 1, 1, 1, 1, 0.2, 0.2, 0.2, 0.2, 
0.2, 0.2, 0.2, 0.2, 0.2, 0.2, 0.2, 0, 0, 0, 0, 0, 0, 0, 0, 0, 
0, 0, 0, 0, 0, 0, 0, 0, 0, 0, 0, 0, 0, 0.77933, 0.79154, 0.77207, 
0.77581, 0.77464, 0.77415, 0.77542, 0.78345, 0.76766, 0.74768, 
0.78524, 0.78513, 0.79147, 0.77927, 0.78253, 0.78302, 0.76838, 
0.76451, 0.78178, 0.76928, 0.7554, 0.77512, 0.0271, 0.03, 0.0358, 
0.038, 0.0388, 0.0447, 0.048, 0.0531, 0.0558, 0.0647, 0.0708, 
162.3, 170.1, 184.7, 201.4, 207.9, 228.2, 238.8, 255.8, 273, 
297.4, 311.3, 1, 1, 1, 1, 1, 1, 1, 1, 1, 1, 1, 1, 1, 1, 1, 1, 
1, 1, 1, 1, 1, 1, 1, 1, 1, 1, 1, 1, 1, 1, 1, 1, 1, 1, 1, 1, 1, 
1, 1, 1, 1, 1, 1, 1, 2.842, 2.96, 3.021, 2.942, 2.881, 3.008, 
2.977, 2.943, 2.905, 3.137, 3.13), .Dim = c(11L, 40L), .Dimnames = list(
    NULL, c("Sampling", "PSO.cost", "PSO.gamma", "PSO.data.balancing", 
    "PSO.feature.selection", "PSO.valid.acc", "PSO.test.acc", 
    "PSO.train.time", "PSO.n.support.vectors", "PSO.index", "PSO.n.solutions", 
    "PSO.generations", "PSO.n.evaluations", "PSO.cpu.time", "RS.cost", 
    "RS.gamma", "RS.data.balancing", "RS.feature.selection", 
    "RS.valid.acc", "RS.test.acc", "RS.train.time", "RS.n.support.vectors", 
    "RS.index", "RS.n.solutions", "RS.generations", "RS.n.evaluations", 
    "RS.cpu.time", "DF.cost", "DF.gamma", "DF.data.balancing", 
    "DF.feature.selection", "DF.valid.acc", "DF.test.acc", "DF.train.time", 
    "DF.n.support.vectors", "DF.index", "DF.n.solutions", "DF.generations", 
    "DF.n.evaluations", "DF.cpu.time")))
