full <-
structure(c(50, 55, 60, 65, 70, 75, 80, 85, 90, 95, 100, 6.42796, 
1.3764, 15, 14.84469, 8.79468, 8.58686, 11.74663, 14.89753, 1.59665, 
14.77554, 8.29361, -5.95337, -6.04698, -8.91367, -9.78925, -8.1306, 
-6.79417, -11.87672, -10.60223, -6.34875, -9.89938, -9.70073, 
0, 0, 0, 0, 0, 0, 0, 0, 0, 0, 0, 0, 0, 0, 0, 0, 0, 0, 0, 0, 0, 
0, 0.81118, 0.80711, 0.81141, 0.80056, 0.80836, 0.79793, 0.79531, 
0.80759, 0.78895, 0.79877, 0.79387, 0.80252, 0.78065, 0.80409, 
0.78924, 0.7874, 0.79789, 0.78615, 0.78874, 0.7775, 0.79259, 
0.78087, 0.0291, 0.0275, 0.2799, 0.1716, 0.0454, 0.0588, 0.0496, 
0.1803, 0.0564, 0.2825, 0.07, 123.6, 166.5, 150.5, 172.4, 194.9, 
209.6, 234, 232.1, 295.6, 263.9, 297.8, 668, 961, 1337, 1029, 
762, 526, 1005, 2078, 781, 2439, 1463, 37, 194, 7, 19, 20, 45, 
42, 1, 7, 1, 31, 100, 100, 100, 100, 100, 100, 100, 100, 100, 
100, 100, 2500, 2500, 2500, 2500, 2500, 2500, 2500, 2500, 2500, 
2500, 2500, 10043.675, 7967.43, 12181.547, 11474.957, 9608.489, 
11656.353, 11410.891, 12220.525, 7967.261, 12750.629, 11008.917, 
13.83094, 1.35949, 14.70597, 14.85649, 8.03668, 11.15538, 13.75463, 
8.33275, 5.16132, 13.26062, 4.40424, -9.11935, -5.72374, -8.75623, 
-9.8492, -7.84749, -7.70542, -13.39792, -7.19908, -7.75038, -9.1408, 
-7.54018, 0, 0, 0, 0, 0, 0, 0, 0, 0, 0, 0, 0, 0, 0, 0, 0, 0, 
0, 0, 0, 0, 0, 0.8084, 0.80448, 0.80665, 0.79384, 0.80632, 0.796, 
0.79349, 0.80584, 0.78736, 0.79723, 0.79381, 0.80252, 0.78073, 
0.80165, 0.78702, 0.78531, 0.79204, 0.78086, 0.79213, 0.77129, 
0.79263, 0.78801, 0.1176, 0.0273, 0.2162, 0.1658, 0.0424, 0.1005, 
0.0512, 0.0662, 0.0576, 0.2029, 0.0689, 119, 163.7, 150.4, 172.9, 
196.5, 204.8, 232.6, 236, 278.8, 264.7, 307.7, 1, 2042, 81, 3, 
2195, 1468, 1855, 1907, 1183, 1741, 2256, 15, 1, 3, 1, 1, 3, 
1, 1, 3, 1, 1, 100, 100, 100, 100, 100, 100, 100, 100, 100, 100, 
100, 2500, 2500, 2500, 2500, 2500, 2500, 2500, 2500, 2500, 2500, 
2500, 9174.244, 10677.466, 12765.786, 13307.886, 13317.696, 13879.411, 
14856.689, 18634.227, 19018.57, 22771.284, 24186.668, 1, 1, 1, 
1, 1, 1, 1, 1, 1, 1, 1, 0.2, 0.2, 0.2, 0.2, 0.2, 0.2, 0.2, 0.2, 
0.2, 0.2, 0.2, 0, 0, 0, 0, 0, 0, 0, 0, 0, 0, 0, 0, 0, 0, 0, 0, 
0, 0, 0, 0, 0, 0, 0.77613, 0.76743, 0.76261, 0.76247, 0.76678, 
0.77832, 0.75693, 0.7786, 0.77282, 0.74953, 0.7706, 0.77613, 
0.78051, 0.7672, 0.76495, 0.76466, 0.76286, 0.77171, 0.77173, 
0.77113, 0.7571, 0.76632, 0.0255, 0.0292, 0.0338, 0.0366, 0.0389, 
0.0435, 0.0489, 0.051, 0.0586, 0.0676, 0.0704, 154.1, 167.8, 
189.2, 201.8, 218, 236.2, 251.7, 262.6, 285.5, 297, 311.7, 1, 
1, 1, 1, 1, 1, 1, 1, 1, 1, 1, 1, 1, 1, 1, 1, 1, 1, 1, 1, 1, 1, 
1, 1, 1, 1, 1, 1, 1, 1, 1, 1, 1, 1, 1, 1, 1, 1, 1, 1, 1, 1, 1, 
1, 2.873, 2.996, 3.072, 2.948, 2.836, 2.863, 2.868, 2.846, 2.944, 
3.219, 3.137), .Dim = c(11L, 40L), .Dimnames = list(NULL, c("Sampling", 
"PSO.cost", "PSO.gamma", "PSO.data.balancing", "PSO.feature.selection", 
"PSO.valid.acc", "PSO.test.acc", "PSO.train.time", "PSO.n.support.vectors", 
"PSO.index", "PSO.n.solutions", "PSO.generations", "PSO.n.evaluations", 
"PSO.cpu.time", "RS.cost", "RS.gamma", "RS.data.balancing", "RS.feature.selection", 
"RS.valid.acc", "RS.test.acc", "RS.train.time", "RS.n.support.vectors", 
"RS.index", "RS.n.solutions", "RS.generations", "RS.n.evaluations", 
"RS.cpu.time", "DF.cost", "DF.gamma", "DF.data.balancing", "DF.feature.selection", 
"DF.valid.acc", "DF.test.acc", "DF.train.time", "DF.n.support.vectors", 
"DF.index", "DF.n.solutions", "DF.generations", "DF.n.evaluations", 
"DF.cpu.time")))
