full <-
structure(c(50, 55, 60, 65, 70, 75, 80, 85, 90, 95, 100, 8.06607, 
8.21351, 1.21281, 15, 6.59031, 14.97669, 14.36467, 8.10596, 3.11625, 
2.5672, 10.61184, -6.28979, -9.71261, -7.39577, -10.47693, -4.86345, 
-9.39295, -9.85159, -8.49816, -6.974, -4.60637, -7.93064, 0, 
0, 0, 0, 0, 0, 0, 0, 0, 0, 0, 0, 0, 0, 0, 0, 0, 0, 0, 0, 0, 0, 
0.81975, 0.79908, 0.81021, 0.80235, 0.79586, 0.79928, 0.80478, 
0.8078, 0.80208, 0.7998, 0.79518, 0.80798, 0.78592, 0.78832, 
0.78907, 0.78335, 0.79148, 0.79017, 0.78372, 0.7874, 0.79675, 
0.79373, 0.034, 0.0315, 0.0331, 0.1568, 0.0495, 0.2205, 0.1654, 
0.0575, 0.0558, 0.0627, 0.1297, 134, 160.8, 194.6, 169.3, 190.1, 
201.3, 219.9, 240.7, 275.8, 276.4, 277.3, 180, 1110, 93, 1721, 
820, 1431, 322, 977, 887, 1683, 351, 262, 33, 480, 2, 115, 5, 
67, 2, 28, 10, 249, 100, 100, 100, 100, 100, 100, 100, 100, 100, 
100, 100, 2500, 2500, 2500, 2500, 2500, 2500, 2500, 2500, 2500, 
2500, 2500, 7929.86, 7368.031, 7441.252, 10394.444, 8094.338, 
12655.6, 11733.937, 9458.32400000002, 9166.682, 17368.269, 10442.931, 
8.43826, 8.29878, 1.08736, 14.05383, 9.30457, 13.85228, 6.60454, 
8.24243, 13.53323, 2.28621, 12.51466, -6.4743, -9.71822, -7.28387, 
-9.75446, -6.3894, -8.97718, -6.36597, -8.56233, -10.87941, -4.48982, 
-8.68105, 0, 0, 0, 0, 0, 0, 0, 0, 0, 0, 0, 0, 0, 0, 0, 0, 0, 
0, 0, 0, 0, 0, 0.81975, 0.79908, 0.81021, 0.80013, 0.79377, 0.7954, 
0.80478, 0.80608, 0.80358, 0.79829, 0.79518, 0.80798, 0.78585, 
0.79076, 0.78679, 0.78544, 0.79148, 0.79199, 0.78372, 0.78576, 
0.79367, 0.79081, 0.0383, 0.0304, 0.0329, 0.126, 0.0658, 0.162, 
0.0567, 0.0582, 0.0937, 0.0629, 0.2019, 133.2, 160.4, 195, 168.5, 
189.7, 202.5, 225.8, 240.3, 245, 278.6, 275, 332, 192, 228, 148, 
105, 1644, 935, 699, 399, 359, 372, 2, 1, 2, 19, 2, 1, 2, 2, 
2, 3, 3, 100, 100, 100, 100, 100, 100, 100, 100, 100, 100, 100, 
2500, 2500, 2500, 2500, 2500, 2500, 2500, 2500, 2500, 2500, 2500, 
8866.235, 9601.222, 10959.625, 11600.654, 12946.293, 13430.347, 
16399.854, 16591.633, 18363.954, 21042.022, 28969.256, 1, 1, 
1, 1, 1, 1, 1, 1, 1, 1, 1, 0.2, 0.2, 0.2, 0.2, 0.2, 0.2, 0.2, 
0.2, 0.2, 0.2, 0.2, 0, 0, 0, 0, 0, 0, 0, 0, 0, 0, 0, 0, 0, 0, 
0, 0, 0, 0, 0, 0, 0, 0, 0.80504, 0.78037, 0.78593, 0.78245, 0.76056, 
0.7741, 0.78104, 0.76479, 0.77125, 0.76444, 0.77052, 0.80815, 
0.7697, 0.7882, 0.7823, 0.77298, 0.78005, 0.77377, 0.77677, 0.77289, 
0.77208, 0.77337, 0.0261, 0.03, 0.0338, 0.0345, 0.042, 0.0469, 
0.0534, 0.052, 0.0596, 0.071, 0.0719, 157.7, 170.7, 178.6, 193.7, 
220.6, 236.3, 248.7, 261.7, 274.7, 293.1, 311.5, 1, 1, 1, 1, 
1, 1, 1, 1, 1, 1, 1, 1, 1, 1, 1, 1, 1, 1, 1, 1, 1, 1, 1, 1, 1, 
1, 1, 1, 1, 1, 1, 1, 1, 1, 1, 1, 1, 1, 1, 1, 1, 1, 1, 1, 2.813, 
2.956, 2.91, 2.755, 3.032, 3.013, 3.109, 2.89, 3.013, 3.27, 3.116
), .Dim = c(11L, 40L), .Dimnames = list(NULL, c("Sampling", "PSO.cost", 
"PSO.gamma", "PSO.data.balancing", "PSO.feature.selection", "PSO.valid.acc", 
"PSO.test.acc", "PSO.train.time", "PSO.n.support.vectors", "PSO.index", 
"PSO.n.solutions", "PSO.generations", "PSO.n.evaluations", "PSO.cpu.time", 
"RS.cost", "RS.gamma", "RS.data.balancing", "RS.feature.selection", 
"RS.valid.acc", "RS.test.acc", "RS.train.time", "RS.n.support.vectors", 
"RS.index", "RS.n.solutions", "RS.generations", "RS.n.evaluations", 
"RS.cpu.time", "DF.cost", "DF.gamma", "DF.data.balancing", "DF.feature.selection", 
"DF.valid.acc", "DF.test.acc", "DF.train.time", "DF.n.support.vectors", 
"DF.index", "DF.n.solutions", "DF.generations", "DF.n.evaluations", 
"DF.cpu.time")))
