full <-
structure(c(50, 55, 60, 65, 70, 75, 80, 85, 90, 95, 100, 12.94422, 
12.23677, 14.59749, 15, 15, 15, 15, 6.2652, 8.12368, 15, 13.56024, 
-7.68917, -6.79311, -9.32169, -8.49723, -10.1345, -8.38952, -10.07257, 
-6.35567, -5.74767, -11.08518, -9.08005, 0, 0, 0, 0, 0, 0, 0, 
0, 0, 0, 0, 0, 0, 0, 0, 0, 0, 0, 0, 0, 0, 0, 0.8142, 0.80946, 
0.80854, 0.81215, 0.81667, 0.8095, 0.80278, 0.80747, 0.80524, 
0.79698, 0.79974, 0.80261, 0.7936, 0.79628, 0.80519, 0.79792, 
0.8017, 0.78995, 0.79367, 0.78408, 0.78774, 0.79539, 0.1227, 
0.1875, 0.3755, 0.5352, 0.2804, 0.6654, 0.2497, 0.0583, 0.1018, 
0.1803, 0.2913, 133.4, 143.7, 160.1, 172.5, 193.1, 195.1, 221.9, 
247.7, 244.3, 263.9, 273.7, 70, 284, 94, 267, 1185, 2002, 447, 
163, 478, 1816, 757, 17, 8, 468, 150, 2, 1, 3, 469, 126, 1, 95, 
100, 100, 100, 100, 100, 100, 100, 100, 100, 100, 100, 2500, 
2500, 2500, 2500, 2500, 2500, 2500, 2500, 2500, 2500, 2500, 10404.673, 
11581.051, 14997.623, 11952.142, 12572.278, 19295.189, 11726.96, 
8682.43000000002, 11387.982, 11379.808, 16170.035, 12.44092, 
10.02516, 13.46896, 6.91527, 13.87744, 13.65521, 14.88864, 6.29637, 
7.84709, 14.04256, 12.69343, -8.32827, -5.24802, -8.96161, -8.88089, 
-10.86574, -7.99195, -10.11012, -6.36963, -5.66441, -10.6482, 
-8.51648, 0, 0, 0, 0, 0, 0, 0, 0, 0, 0, 0, 0, 0, 0, 0, 0, 0, 
0, 0, 0, 0, 0, 0.81126, 0.80939, 0.80854, 0.81008, 0.81463, 0.80562, 
0.80096, 0.80747, 0.8036, 0.79541, 0.79831, 0.79975, 0.78563, 
0.79866, 0.78958, 0.79801, 0.79977, 0.7881, 0.79367, 0.78572, 
0.78928, 0.79247, 0.0917, 0.1069, 0.2628, 0.0371, 0.1231, 0.3969, 
0.2304, 0.0595, 0.0974, 0.1467, 0.2527, 134.5, 143.4, 161.2, 
196.2, 195.8, 197, 222.1, 247.9, 244.9, 263.8, 271.3, 2384, 681, 
317, 679, 1037, 1281, 405, 2317, 1854, 203, 1835, 1, 3, 1, 1, 
2, 3, 1, 1, 1, 13, 1, 100, 100, 100, 100, 100, 100, 100, 100, 
100, 100, 100, 2500, 2500, 2500, 2500, 2500, 2500, 2500, 2500, 
2500, 2500, 2500, 8872.273, 9762.579, 11077.594, 10646.504, 12287.715, 
13376.113, 14596.453, 17356.191, 20395.12, 23417.757, 26650.45, 
1, 1, 1, 1, 1, 1, 1, 1, 1, 1, 1, 0.2, 0.2, 0.2, 0.2, 0.2, 0.2, 
0.2, 0.2, 0.2, 0.2, 0.2, 0, 0, 0, 0, 0, 0, 0, 0, 0, 0, 0, 0, 
0, 0, 0, 0, 0, 0, 0, 0, 0, 0, 0.75874, 0.767, 0.76469, 0.7831, 
0.76862, 0.74317, 0.75517, 0.76439, 0.75656, 0.75868, 0.77073, 
0.75882, 0.74346, 0.76231, 0.77174, 0.78125, 0.75686, 0.75352, 
0.77476, 0.75325, 0.77094, 0.77058, 0.027, 0.0283, 0.0328, 0.0372, 
0.0378, 0.0453, 0.0462, 0.0534, 0.0577, 0.0647, 0.0706, 161.9, 
178.7, 197.1, 213.1, 223.8, 237.1, 251.4, 269.8, 281.3, 292.6, 
309.3, 1, 1, 1, 1, 1, 1, 1, 1, 1, 1, 1, 1, 1, 1, 1, 1, 1, 1, 
1, 1, 1, 1, 1, 1, 1, 1, 1, 1, 1, 1, 1, 1, 1, 1, 1, 1, 1, 1, 1, 
1, 1, 1, 1, 1, 3.057, 2.89, 2.99, 2.914, 2.737, 2.877, 2.79, 
2.86, 2.902, 3.109, 3.118), .Dim = c(11L, 40L), .Dimnames = list(
    NULL, c("Sampling", "PSO.cost", "PSO.gamma", "PSO.data.balancing", 
    "PSO.feature.selection", "PSO.valid.acc", "PSO.test.acc", 
    "PSO.train.time", "PSO.n.support.vectors", "PSO.index", "PSO.n.solutions", 
    "PSO.generations", "PSO.n.evaluations", "PSO.cpu.time", "RS.cost", 
    "RS.gamma", "RS.data.balancing", "RS.feature.selection", 
    "RS.valid.acc", "RS.test.acc", "RS.train.time", "RS.n.support.vectors", 
    "RS.index", "RS.n.solutions", "RS.generations", "RS.n.evaluations", 
    "RS.cpu.time", "DF.cost", "DF.gamma", "DF.data.balancing", 
    "DF.feature.selection", "DF.valid.acc", "DF.test.acc", "DF.train.time", 
    "DF.n.support.vectors", "DF.index", "DF.n.solutions", "DF.generations", 
    "DF.n.evaluations", "DF.cpu.time")))
