full <-
structure(c(50, 55, 60, 65, 70, 75, 80, 85, 90, 95, 100, 14.99147, 
8.95485, 6.76203, 7.14933, 14.55123, 14.39863, 15, 10.5074, 5.52312, 
12.69643, 6.23323, -9.31564, -7.96388, -6.91747, -9.19022, -8.66126, 
-8.69224, -7.92885, -7.29175, -7.16582, -8.0632, -7.88022, 0, 
0, 0, 0, 0, 0, 0, 0, 0, 0, 0, 0, 0, 0, 0, 0, 0, 0, 0, 0, 0, 0, 
0.81695, 0.80195, 0.8252, 0.80732, 0.80873, 0.80143, 0.80458, 
0.81455, 0.81352, 0.80334, 0.80418, 0.80812, 0.78339, 0.79837, 
0.79131, 0.80031, 0.80143, 0.79003, 0.79728, 0.79392, 0.79858, 
0.78529, 0.1537, 0.0352, 0.0353, 0.0393, 0.3295, 0.3062, 0.8714, 
0.1179, 0.0591, 0.2895, 0.0776, 137.7, 162.7, 173.1, 196.5, 182.9, 
195.9, 203, 224.3, 256.6, 247.7, 295.3, 1053, 2056, 690, 2425, 
349, 147, 92, 420, 550, 514, 892, 4, 1, 376, 2, 552, 621, 165, 
65, 212, 240, 170, 100, 100, 100, 100, 100, 100, 100, 100, 100, 
100, 100, 2500, 2500, 2500, 2500, 2500, 2500, 2500, 2500, 2500, 
2500, 2500, 8266.782, 8463.553, 7332.629, 8473.903, 14479.944, 
15211.429, 24530.567, 12580.174, 8609.89199999999, 16052.135, 
9674.37000000002, 10.88007, 13.31845, 6.68973, 3.87183, 14.34987, 
5.14724, 7.75433, 10.64965, 5.56738, 12.49783, 6.09554, -9.77069, 
-8.72744, -6.62687, -5.80287, -8.55607, -6.04605, -5.35368, -7.41065, 
-7.10048, -8.04356, -7.36673, 0, 0, 0, 0, 0, 0, 0, 0, 0, 0, 0, 
0, 0, 0, 0, 0, 0, 0, 0, 0, 0, 0, 0.81425, 0.79932, 0.82276, 0.80944, 
0.80873, 0.80158, 0.80461, 0.81452, 0.81188, 0.80334, 0.80124, 
0.81416, 0.77798, 0.80575, 0.79793, 0.80031, 0.80732, 0.79003, 
0.79725, 0.79556, 0.7955, 0.78817, 0.034, 0.0872, 0.0372, 0.0389, 
0.3144, 0.0441, 0.0828, 0.126, 0.0619, 0.2779, 0.0787, 144.7, 
157.4, 172.7, 196.3, 183.4, 211.4, 210.2, 224.9, 255.6, 249.1, 
290.6, 309, 33, 627, 223, 2257, 824, 195, 876, 530, 1179, 391, 
9, 4, 1, 1, 1, 2, 1, 1, 1, 6, 1, 100, 100, 100, 100, 100, 100, 
100, 100, 100, 100, 100, 2500, 2500, 2500, 2500, 2500, 2500, 
2500, 2500, 2500, 2500, 2500, 8811.2, 9288.341, 10169.442, 11507.354, 
11434.58, 13234.618, 13071.282, 16756.306, 18310.548, 23031.561, 
26074.881, 1, 1, 1, 1, 1, 1, 1, 1, 1, 1, 1, 0.2, 0.2, 0.2, 0.2, 
0.2, 0.2, 0.2, 0.2, 0.2, 0.2, 0.2, 0, 0, 0, 0, 0, 0, 0, 0, 0, 
0, 0, 0, 0, 0, 0, 0, 0, 0, 0, 0, 0, 0, 0.73894, 0.75707, 0.75714, 
0.77136, 0.77735, 0.78413, 0.77364, 0.77826, 0.76478, 0.76463, 
0.76064, 0.74727, 0.75458, 0.76702, 0.76914, 0.77944, 0.75894, 
0.77178, 0.77148, 0.75822, 0.76624, 0.75624, 0.0258, 0.03, 0.0339, 
0.0372, 0.0429, 0.0432, 0.0511, 0.0568, 0.0651, 0.0654, 0.0799, 
164.8, 184.9, 195.2, 209.1, 220.5, 232.9, 244, 261.1, 274.6, 
293.9, 310.1, 1, 1, 1, 1, 1, 1, 1, 1, 1, 1, 1, 1, 1, 1, 1, 1, 
1, 1, 1, 1, 1, 1, 1, 1, 1, 1, 1, 1, 1, 1, 1, 1, 1, 1, 1, 1, 1, 
1, 1, 1, 1, 1, 1, 1, 2.763, 2.83, 2.902, 2.818, 3.006, 2.812, 
3.121, 3.159, 3.286, 3.092, 3.387), .Dim = c(11L, 40L), .Dimnames = list(
    NULL, c("Sampling", "PSO.cost", "PSO.gamma", "PSO.data.balancing", 
    "PSO.feature.selection", "PSO.valid.acc", "PSO.test.acc", 
    "PSO.train.time", "PSO.n.support.vectors", "PSO.index", "PSO.n.solutions", 
    "PSO.generations", "PSO.n.evaluations", "PSO.cpu.time", "RS.cost", 
    "RS.gamma", "RS.data.balancing", "RS.feature.selection", 
    "RS.valid.acc", "RS.test.acc", "RS.train.time", "RS.n.support.vectors", 
    "RS.index", "RS.n.solutions", "RS.generations", "RS.n.evaluations", 
    "RS.cpu.time", "DF.cost", "DF.gamma", "DF.data.balancing", 
    "DF.feature.selection", "DF.valid.acc", "DF.test.acc", "DF.train.time", 
    "DF.n.support.vectors", "DF.index", "DF.n.solutions", "DF.generations", 
    "DF.n.evaluations", "DF.cpu.time")))
