full <-
structure(c(50, 55, 60, 65, 70, 75, 80, 85, 90, 95, 100, 11.8227, 
5.39388, 4.25929, 8.38426, 0.01082, 4.26433, 0.31524, -1.33164, 
13.71562, 15, 15, -12.44889, -12.13816, -7.52532, -9.3245, -4.59206, 
-5.92245, -5.32047, -3.09819, -8.70797, -9.26974, -12.49497, 
0, 0, 0, 0, 0, 0, 0, 0, 0, 0, 0, 0, 0, 0, 0, 0, 0, 0, 0, 0, 0, 
0, 0.80501, 0.80448, 0.82275, 0.81432, 0.82073, 0.81141, 0.81202, 
0.81274, 0.80513, 0.80786, 0.79829, 0.78769, 0.80178, 0.81062, 
0.80558, 0.81443, 0.80749, 0.80832, 0.80243, 0.79865, 0.80012, 
0.78367, 0.0278, 0.0319, 0.0319, 0.0369, 0.0403, 0.0428, 0.0461, 
0.0518, 0.3413, 0.5035, 0.1309, 137.8, 186.6, 169.4, 178.4, 202.4, 
196.7, 229.5, 259, 234.7, 248.5, 288.1, 50, 500, 1325, 127, 182, 
241, 715, 499, 193, 2111, 780, 295, 51, 27, 27, 539, 149, 6, 
339, 228, 2, 46, 100, 100, 100, 100, 100, 100, 100, 100, 100, 
100, 100, 2500, 2500, 2500, 2500, 2500, 2500, 2500, 2500, 2500, 
2500, 2500, 7589.434, 7388.632, 7690.477, 7530.494, 7715.761, 
11040.366, 7971.00600000001, 7859.33900000001, 16338.929, 18048.866, 
11693.929, -0.98032, 4.86894, 3.54733, 6.60827, 0.2044, 0.94836, 
2.52491, -1.18492, 13.96406, 13.30878, 14.48574, -3.38964, -11.63431, 
-7.18596, -7.7178, -4.64262, -4.91547, -6.20331, -3.96446, -8.84991, 
-8.55319, -12.28454, 0, 0, 0, 0, 0, 0, 0, 0, 0, 0, 0, 0, 0, 0, 
0, 0, 0, 0, 0, 0, 0, 0, 0.81383, 0.80448, 0.82275, 0.81422, 0.82073, 
0.81141, 0.81195, 0.80763, 0.80513, 0.80481, 0.79685, 0.79047, 
0.79915, 0.81305, 0.80765, 0.81443, 0.80745, 0.80279, 0.80415, 
0.80026, 0.80012, 0.78367, 0.0251, 0.0304, 0.0328, 0.0379, 0.0389, 
0.0417, 0.045, 0.0571, 0.3351, 0.3125, 0.1155, 154.6, 187.1, 
170.3, 174.1, 200.4, 209.6, 219.1, 257.4, 235.8, 251, 287.9, 
1699, 998, 1238, 683, 510, 272, 271, 250, 282, 89, 398, 1, 3, 
1, 1, 2, 3, 1, 3, 3, 1, 4, 100, 100, 100, 100, 100, 100, 100, 
100, 100, 100, 100, 2500, 2500, 2500, 2500, 2500, 2500, 2500, 
2500, 2500, 2500, 2500, 9007.145, 10212.658, 10654.827, 11236.564, 
12711.311, 13188.232, 15245.236, 16831.32, 21144.074, 23257.768, 
26605.791, 1, 1, 1, 1, 1, 1, 1, 1, 1, 1, 1, 0.2, 0.2, 0.2, 0.2, 
0.2, 0.2, 0.2, 0.2, 0.2, 0.2, 0.2, 0, 0, 0, 0, 0, 0, 0, 0, 0, 
0, 0, 0, 0, 0, 0, 0, 0, 0, 0, 0, 0, 0, 0.78475, 0.78073, 0.79591, 
0.80528, 0.79777, 0.79392, 0.79559, 0.79559, 0.76922, 0.77553, 
0.75335, 0.79913, 0.79125, 0.79115, 0.79856, 0.80193, 0.78803, 
0.79734, 0.79895, 0.77255, 0.7694, 0.76933, 0.0266, 0.0301, 0.0307, 
0.0364, 0.0422, 0.0438, 0.0469, 0.0574, 0.0644, 0.068, 0.0746, 
151.5, 162.2, 172.9, 186.1, 199.6, 213.6, 227.3, 243.7, 272.4, 
288.7, 308, 1, 1, 1, 1, 1, 1, 1, 1, 1, 1, 1, 1, 1, 1, 1, 1, 1, 
1, 1, 1, 1, 1, 1, 1, 1, 1, 1, 1, 1, 1, 1, 1, 1, 1, 1, 1, 1, 1, 
1, 1, 1, 1, 1, 1, 3.061, 2.824, 2.672, 2.907, 3.017, 2.987, 2.873, 
3.179, 3.221, 3.238, 3.177), .Dim = c(11L, 40L), .Dimnames = list(
    NULL, c("Sampling", "PSO.cost", "PSO.gamma", "PSO.data.balancing", 
    "PSO.feature.selection", "PSO.valid.acc", "PSO.test.acc", 
    "PSO.train.time", "PSO.n.support.vectors", "PSO.index", "PSO.n.solutions", 
    "PSO.generations", "PSO.n.evaluations", "PSO.cpu.time", "RS.cost", 
    "RS.gamma", "RS.data.balancing", "RS.feature.selection", 
    "RS.valid.acc", "RS.test.acc", "RS.train.time", "RS.n.support.vectors", 
    "RS.index", "RS.n.solutions", "RS.generations", "RS.n.evaluations", 
    "RS.cpu.time", "DF.cost", "DF.gamma", "DF.data.balancing", 
    "DF.feature.selection", "DF.valid.acc", "DF.test.acc", "DF.train.time", 
    "DF.n.support.vectors", "DF.index", "DF.n.solutions", "DF.generations", 
    "DF.n.evaluations", "DF.cpu.time")))
