full <-
structure(c(50, 55, 60, 65, 70, 75, 80, 85, 90, 95, 100, 2.87098, 
-1.61157, -1.18226, -0.71351, 10.71835, 4.8681, 9.96746, 8.72576, 
14.82411, 9.26396, 5.14113, -4.64073, -4.01512, -3.45232, -4.0171, 
-6.32755, -5.40452, -7.32358, -6.6169, -6.77973, -7.25349, -6.30527, 
0, 0, 0, 0, 0, 0, 0, 0, 0, 0, 0, 0, 0, 0, 0, 0, 0, 0, 0, 0, 0, 
0, 0.7966, 0.80128, 0.80331, 0.8051, 0.80656, 0.80561, 0.80646, 
0.80574, 0.80062, 0.80617, 0.8012, 0.78509, 0.78819, 0.78885, 
0.79843, 0.78551, 0.80169, 0.79552, 0.79885, 0.78592, 0.79232, 
0.79688, 0.025, 0.0289, 0.0302, 0.0338, 0.1337, 0.0454, 0.0936, 
0.0813, 2.0305, 0.0967, 0.0691, 139.1, 188.9, 194.7, 202.8, 179.5, 
210.1, 214.6, 227, 227.2, 261.2, 290.1, 670, 274, 145, 713, 344, 
306, 399, 251, 565, 88, 1928, 110, 598, 469, 79, 160, 254, 232, 
59, 37, 138, 27, 100, 100, 100, 100, 100, 100, 100, 100, 100, 
100, 100, 2500, 2500, 2500, 2500, 2500, 2500, 2500, 2500, 2500, 
2500, 2500, 8586.525, 7408.979, 7575.69, 7851.141, 13309.242, 
7870.92, 9819.209, 10704.277, 50654.067, 10622.285, 11703.417, 
2.64013, -1.86987, 14.97792, -0.6625, 14.39155, 4.35112, 9.55201, 
11.37662, 4.49646, 9.03638, 4.76087, -4.5151, -4.12279, -7.01255, 
-4.19355, -8.81513, -5.1685, -7.13462, -8.73784, -5.54783, -7.08689, 
-6.49622, 0, 0, 0, 0, 0, 0, 0, 0, 0, 0, 0, 0, 0, 0, 0, 0, 0, 
0, 0, 0, 0, 0, 0.7966, 0.79872, 0.79861, 0.8051, 0.80439, 0.80368, 
0.80646, 0.80405, 0.80033, 0.80617, 0.79831, 0.78509, 0.78556, 
0.78403, 0.79621, 0.7918, 0.79588, 0.79552, 0.80229, 0.79055, 
0.79232, 0.78818, 0.0268, 0.0293, 1.1937, 0.0321, 0.2404, 0.0433, 
0.0803, 0.1066, 0.0607, 0.0947, 0.0699, 140, 193.8, 157, 203.1, 
180, 212.1, 214.9, 233.2, 260.6, 261.5, 293.1, 2177, 768, 1590, 
1281, 515, 1849, 207, 62, 1209, 1051, 2071, 1, 1, 1, 1, 2, 3, 
1, 9, 1, 3, 1, 100, 100, 100, 100, 100, 100, 100, 100, 100, 100, 
100, 2500, 2500, 2500, 2500, 2500, 2500, 2500, 2500, 2500, 2500, 
2500, 9088.317, 9220.13300000001, 10300.167, 11712.465, 11443.952, 
12598.583, 14620.542, 17005.215, 19161.896, 22887.126, 24912.515, 
1, 1, 1, 1, 1, 1, 1, 1, 1, 1, 1, 0.2, 0.2, 0.2, 0.2, 0.2, 0.2, 
0.2, 0.2, 0.2, 0.2, 0.2, 0, 0, 0, 0, 0, 0, 0, 0, 0, 0, 0, 0, 
0, 0, 0, 0, 0, 0, 0, 0, 0, 0, 0.77055, 0.78016, 0.79117, 0.78051, 
0.76267, 0.78026, 0.77357, 0.76799, 0.76464, 0.76771, 0.77058, 
0.77921, 0.77752, 0.78153, 0.77828, 0.74792, 0.77638, 0.77724, 
0.78012, 0.76791, 0.78305, 0.76919, 0.0265, 0.0292, 0.0327, 0.0366, 
0.0407, 0.0432, 0.0489, 0.0527, 0.0589, 0.0642, 0.072, 159.7, 
174.1, 188.2, 198, 219.8, 235, 254.7, 265.3, 282.2, 293.3, 309.3, 
1, 1, 1, 1, 1, 1, 1, 1, 1, 1, 1, 1, 1, 1, 1, 1, 1, 1, 1, 1, 1, 
1, 1, 1, 1, 1, 1, 1, 1, 1, 1, 1, 1, 1, 1, 1, 1, 1, 1, 1, 1, 1, 
1, 1, 2.873, 2.928, 2.78, 2.99, 3.058, 3.1, 2.892, 2.981, 2.908, 
3.114, 3.258), .Dim = c(11L, 40L), .Dimnames = list(NULL, c("Sampling", 
"PSO.cost", "PSO.gamma", "PSO.data.balancing", "PSO.feature.selection", 
"PSO.valid.acc", "PSO.test.acc", "PSO.train.time", "PSO.n.support.vectors", 
"PSO.index", "PSO.n.solutions", "PSO.generations", "PSO.n.evaluations", 
"PSO.cpu.time", "RS.cost", "RS.gamma", "RS.data.balancing", "RS.feature.selection", 
"RS.valid.acc", "RS.test.acc", "RS.train.time", "RS.n.support.vectors", 
"RS.index", "RS.n.solutions", "RS.generations", "RS.n.evaluations", 
"RS.cpu.time", "DF.cost", "DF.gamma", "DF.data.balancing", "DF.feature.selection", 
"DF.valid.acc", "DF.test.acc", "DF.train.time", "DF.n.support.vectors", 
"DF.index", "DF.n.solutions", "DF.generations", "DF.n.evaluations", 
"DF.cpu.time")))
