full <-
structure(c(50, 55, 60, 65, 70, 75, 80, 85, 90, 95, 100, 4.76324, 
5.3422, 2.97706, 15, 15, 12.38066, 1.37098, 14.99054, 2.57852, 
14.21377, 7.13127, -10.07868, -7.66312, -7.27174, -9.75758, -11.24626, 
-8.84107, -7.14415, -10.20973, -5.01378, -7.89813, -7.50739, 
0, 0, 0, 0, 0, 0, 0, 0, 0, 0, 0, 0, 0, 0, 0, 0, 0, 0, 0, 0, 0, 
0, 0.7937, 0.78578, 0.80139, 0.79162, 0.79393, 0.79774, 0.79199, 
0.79735, 0.79231, 0.79243, 0.80402, 0.77042, 0.75676, 0.78937, 
0.77581, 0.79181, 0.79204, 0.77923, 0.78016, 0.79231, 0.77705, 
0.79234, 0.0253, 0.0274, 0.0305, 0.2296, 0.1011, 0.1307, 0.0499, 
0.2619, 0.0629, 1.2779, 0.0858, 161.7, 165, 184.1, 174.3, 191.8, 
201.2, 259.7, 229, 252.5, 252.7, 286.6, 673, 435, 59, 2111, 525, 
141, 1301, 1287, 152, 250, 219, 54, 66, 236, 1, 8, 26, 52, 2, 
83, 99, 104, 100, 100, 100, 100, 100, 100, 100, 100, 100, 100, 
100, 2500, 2500, 2500, 2500, 2500, 2500, 2500, 2500, 2500, 2500, 
2500, 7032.237, 7588.371, 7982.59800000001, 13477.822, 9267.04700000001, 
12602.817, 9414.24600000001, 13591.599, 8937.715, 26611.259, 
12377.45, 4.16403, 5.09198, 14.25164, 1.21826, 10.76683, 10.4978, 
1.1044, 13.37572, 3.29394, 12.65238, 6.70741, -9.60914, -7.5168, 
-10.74614, -4.47211, -9.00863, -7.88978, -6.84966, -9.16286, 
-4.90743, -7.38295, -7.22165, 0, 0, 0, 0, 0, 0, 0, 0, 0, 0, 0, 
0, 0, 0, 0, 0, 0, 0, 0, 0, 0, 0, 0.79378, 0.78314, 0.80371, 0.78915, 
0.7918, 0.79774, 0.79195, 0.7922, 0.79069, 0.79243, 0.80259, 
0.77336, 0.75413, 0.79146, 0.78935, 0.79185, 0.78616, 0.77923, 
0.77844, 0.78583, 0.77553, 0.79089, 0.0281, 0.0268, 0.0718, 0.0351, 
0.0571, 0.0851, 0.0522, 0.2177, 0.0643, 0.676, 0.0769, 163.1, 
165.1, 161.4, 191.7, 191.6, 201.4, 260, 227.8, 247.9, 252.6, 
286.2, 2335, 2234, 1545, 574, 42, 107, 1946, 434, 19, 212, 2484, 
1, 1, 1, 4, 19, 1, 1, 8, 11, 1, 1, 100, 100, 100, 100, 100, 100, 
100, 100, 100, 100, 100, 2500, 2500, 2500, 2500, 2500, 2500, 
2500, 2500, 2500, 2500, 2500, 8630.576, 9551.673, 10617.181, 
12146.426, 12758.462, 13938.204, 15137.122, 17653.785, 19721.686, 
24915.785, 28297.202, 1, 1, 1, 1, 1, 1, 1, 1, 1, 1, 1, 0.2, 0.2, 
0.2, 0.2, 0.2, 0.2, 0.2, 0.2, 0.2, 0.2, 0.2, 0, 0, 0, 0, 0, 0, 
0, 0, 0, 0, 0, 0, 0, 0, 0, 0, 0, 0, 0, 0, 0, 0, 0.7763, 0.75939, 
0.78902, 0.78263, 0.77709, 0.7842, 0.77377, 0.77841, 0.78252, 
0.77551, 0.75903, 0.78202, 0.74893, 0.78919, 0.78703, 0.78352, 
0.78416, 0.77919, 0.77157, 0.78736, 0.77548, 0.76617, 0.0246, 
0.0295, 0.0339, 0.0365, 0.0418, 0.0469, 0.0511, 0.0594, 0.0639, 
0.0738, 0.077, 159.8, 172.6, 184.5, 202.9, 215.6, 230.9, 248.2, 
259.8, 271.1, 280.7, 309.3, 1, 1, 1, 1, 1, 1, 1, 1, 1, 1, 1, 
1, 1, 1, 1, 1, 1, 1, 1, 1, 1, 1, 1, 1, 1, 1, 1, 1, 1, 1, 1, 1, 
1, 1, 1, 1, 1, 1, 1, 1, 1, 1, 1, 1, 2.871, 2.95, 2.955, 2.831, 
2.894, 2.966, 3.038, 3.254, 3.205, 4.191, 4.073), .Dim = c(11L, 
40L), .Dimnames = list(NULL, c("Sampling", "PSO.cost", "PSO.gamma", 
"PSO.data.balancing", "PSO.feature.selection", "PSO.valid.acc", 
"PSO.test.acc", "PSO.train.time", "PSO.n.support.vectors", "PSO.index", 
"PSO.n.solutions", "PSO.generations", "PSO.n.evaluations", "PSO.cpu.time", 
"RS.cost", "RS.gamma", "RS.data.balancing", "RS.feature.selection", 
"RS.valid.acc", "RS.test.acc", "RS.train.time", "RS.n.support.vectors", 
"RS.index", "RS.n.solutions", "RS.generations", "RS.n.evaluations", 
"RS.cpu.time", "DF.cost", "DF.gamma", "DF.data.balancing", "DF.feature.selection", 
"DF.valid.acc", "DF.test.acc", "DF.train.time", "DF.n.support.vectors", 
"DF.index", "DF.n.solutions", "DF.generations", "DF.n.evaluations", 
"DF.cpu.time")))
