full <-
structure(c(50, 55, 60, 65, 70, 75, 80, 85, 90, 95, 100, 9.52526, 
13.23046, 7.85089, 11.67704, 5.73997, 9.04534, 4.97671, 15, 4.85092, 
12.33792, 8.13487, -10.12369, -10.44388, -8.31353, -10.05081, 
-6.96019, -6.97296, -8.20945, -8.85995, -7.80207, -9.61564, -7.02706, 
0, 0, 0, 0, 0, 0, 0, 0, 0, 0, 0, 0, 0, 0, 0, 0, 0, 0, 0, 0, 0, 
0, 0.77252, 0.77196, 0.77657, 0.77998, 0.78503, 0.78224, 0.79187, 
0.7902, 0.79544, 0.7969, 0.80257, 0.75218, 0.75103, 0.75473, 
0.77114, 0.76619, 0.78035, 0.77386, 0.77652, 0.77923, 0.79998, 
0.79393, 0.0276, 0.0624, 0.0359, 0.0549, 0.0412, 0.0663, 0.0476, 
0.5562, 0.054, 0.1151, 0.0903, 155.3, 172.7, 192, 197, 216.2, 
217.5, 249.9, 233.7, 275.8, 262.2, 282.1, 165, 488, 440, 2202, 
1029, 340, 797, 1531, 952, 152, 417, 561, 35, 536, 1, 51, 61, 
57, 3, 89, 167, 151, 100, 100, 100, 100, 100, 100, 100, 100, 
100, 100, 100, 2500, 2500, 2500, 2500, 2500, 2500, 2500, 2500, 
2500, 2500, 2500, 7845.746, 8675.211, 7716.307, 9683.269, 9222.92600000001, 
10827.787, 7677.49800000001, 15948.773, 9787.823, 9463.77799999999, 
10295.142, 9.42749, 12.78757, 7.83865, 11.53592, 5.3001, 4.86145, 
5.05974, 5.60937, 5.32604, 12.22151, 10.75331, -10.21742, -10.22784, 
-8.31847, -10.04433, -6.56414, -4.14481, -6.15252, -6.00511, 
-8.26701, -9.57812, -8.22659, 0, 0, 0, 0, 0, 0, 0, 0, 0, 0, 0, 
0, 0, 0, 0, 0, 0, 0, 0, 0, 0, 0, 0.77252, 0.77196, 0.77657, 0.77544, 
0.78295, 0.78043, 0.79009, 0.78853, 0.79386, 0.7969, 0.80257, 
0.75218, 0.7484, 0.75473, 0.77114, 0.76615, 0.78228, 0.77743, 
0.78003, 0.78251, 0.79998, 0.79536, 0.0264, 0.0607, 0.0358, 0.0508, 
0.0416, 0.0524, 0.0507, 0.0563, 0.0543, 0.1069, 0.1243, 155.5, 
173.9, 192.1, 197.6, 216.2, 215.5, 235.5, 249, 275.6, 262, 279, 
818, 767, 124, 2, 1313, 431, 2406, 653, 2373, 299, 2150, 1, 2, 
1, 1, 1, 2, 1, 1, 1, 7, 1, 100, 100, 100, 100, 100, 100, 100, 
100, 100, 100, 100, 2500, 2500, 2500, 2500, 2500, 2500, 2500, 
2500, 2500, 2500, 2500, 9114.826, 9934.953, 11695.454, 10942.777, 
12383.747, 12526.638, 14424.6, 14708.571, 19911.601, 21943.211, 
25382.856, 1, 1, 1, 1, 1, 1, 1, 1, 1, 1, 1, 0.2, 0.2, 0.2, 0.2, 
0.2, 0.2, 0.2, 0.2, 0.2, 0.2, 0.2, 0, 0, 0, 0, 0, 0, 0, 0, 0, 
0, 0, 0, 0, 0, 0, 0, 0, 0, 0, 0, 0, 0, 0.72874, 0.7164, 0.71355, 
0.71068, 0.74939, 0.74928, 0.75342, 0.74928, 0.76781, 0.77058, 
0.76782, 0.73168, 0.71397, 0.72569, 0.73751, 0.74722, 0.7609, 
0.74443, 0.76284, 0.75993, 0.76289, 0.76635, 0.0277, 0.0306, 
0.0315, 0.0378, 0.0409, 0.0447, 0.0491, 0.0543, 0.0548, 0.0627, 
0.0711, 170.5, 191, 206.8, 217.7, 230.3, 241, 253.3, 271.6, 280.8, 
288.9, 310.2, 1, 1, 1, 1, 1, 1, 1, 1, 1, 1, 1, 1, 1, 1, 1, 1, 
1, 1, 1, 1, 1, 1, 1, 1, 1, 1, 1, 1, 1, 1, 1, 1, 1, 1, 1, 1, 1, 
1, 1, 1, 1, 1, 1, 1, 2.88, 2.887, 2.976, 3.035, 2.991, 2.974, 
3.012, 2.96, 2.687, 2.96, 3.077), .Dim = c(11L, 40L), .Dimnames = list(
    NULL, c("Sampling", "PSO.cost", "PSO.gamma", "PSO.data.balancing", 
    "PSO.feature.selection", "PSO.valid.acc", "PSO.test.acc", 
    "PSO.train.time", "PSO.n.support.vectors", "PSO.index", "PSO.n.solutions", 
    "PSO.generations", "PSO.n.evaluations", "PSO.cpu.time", "RS.cost", 
    "RS.gamma", "RS.data.balancing", "RS.feature.selection", 
    "RS.valid.acc", "RS.test.acc", "RS.train.time", "RS.n.support.vectors", 
    "RS.index", "RS.n.solutions", "RS.generations", "RS.n.evaluations", 
    "RS.cpu.time", "DF.cost", "DF.gamma", "DF.data.balancing", 
    "DF.feature.selection", "DF.valid.acc", "DF.test.acc", "DF.train.time", 
    "DF.n.support.vectors", "DF.index", "DF.n.solutions", "DF.generations", 
    "DF.n.evaluations", "DF.cpu.time")))
