full <-
structure(c(50, 55, 60, 65, 70, 75, 80, 85, 90, 95, 100, 8.83335, 
9.15828, 8.21962, 14.12771, 15, 8.71764, 8.08242, 11.59221, 12.64556, 
15, 13.44457, -7.96582, -9.26667, -8.36603, -11.53945, -9.60435, 
-6.8241, -7.51717, -8.22729, -10.53316, -9.86019, -7.86835, 0, 
0, 0, 0, 0, 0, 0, 0, 0, 0, 0, 0, 0, 0, 0, 0, 0, 0, 0, 0, 0, 0, 
0.79357, 0.80932, 0.79085, 0.80273, 0.79765, 0.80151, 0.79754, 
0.80057, 0.7937, 0.78916, 0.7954, 0.78483, 0.79054, 0.77134, 
0.78687, 0.7914, 0.78797, 0.79391, 0.79028, 0.78714, 0.79072, 
0.77939, 0.0287, 0.0296, 0.0355, 0.0546, 0.2485, 0.0651, 0.0623, 
0.1422, 0.0919, 0.3619, 0.5206, 147.1, 161.7, 171.6, 179.6, 187.5, 
211.7, 226.4, 232.8, 255.4, 258.6, 265.8, 544, 727, 661, 1091, 
68, 1810, 2085, 517, 446, 1274, 779, 327, 108, 37, 22, 262, 5, 
8, 50, 69, 12, 51, 100, 100, 100, 100, 100, 100, 100, 100, 100, 
100, 100, 2500, 2500, 2500, 2500, 2500, 2500, 2500, 2500, 2500, 
2500, 2500, 7482.981, 8332.022, 7283.382, 8205.06099999999, 11769.106, 
10311.7, 9778.414, 10886.708, 10231.659, 15860.803, 22532.915, 
8.88248, 8.21099, 8.38767, 11.88531, 14.37096, 3.39206, 7.74526, 
11.12016, 12.71701, 14.91998, 13.68663, -8.16104, -8.60071, -8.51587, 
-9.8638, -9.42657, -6.45514, -7.32415, -7.90659, -10.62396, -9.80516, 
-8.02632, 0, 0, 0, 0, 0, 0, 0, 0, 0, 0, 0, 0, 0, 0, 0, 0, 0, 
0, 0, 0, 0, 0, 0.79357, 0.80925, 0.78841, 0.8004, 0.79765, 0.79962, 
0.79754, 0.79888, 0.79206, 0.78608, 0.79395, 0.78483, 0.7958, 
0.77866, 0.79808, 0.7914, 0.77805, 0.79209, 0.79026, 0.78389, 
0.79072, 0.77794, 0.0272, 0.0288, 0.0334, 0.0459, 0.1941, 0.0467, 
0.0622, 0.1227, 0.0894, 0.3181, 0.5305, 147.3, 163.4, 171.7, 
178.2, 187.8, 236.1, 226.9, 232.9, 255.3, 258.9, 265.7, 1030, 
1444, 171, 23, 2245, 1697, 1039, 722, 978, 760, 411, 2, 1, 2, 
20, 1, 2, 1, 4, 1, 2, 1, 100, 100, 100, 100, 100, 100, 100, 100, 
100, 100, 100, 2500, 2500, 2500, 2500, 2500, 2500, 2500, 2500, 
2500, 2500, 2500, 8484.805, 9062.199, 9143.709, 9857.2, 10931.686, 
12043.093, 14167.313, 16829.873, 19367.225, 24342.51, 25153.447, 
1, 1, 1, 1, 1, 1, 1, 1, 1, 1, 1, 0.2, 0.2, 0.2, 0.2, 0.2, 0.2, 
0.2, 0.2, 0.2, 0.2, 0.2, 0, 0, 0, 0, 0, 0, 0, 0, 0, 0, 0, 0, 
0, 0, 0, 0, 0, 0, 0, 0, 0, 0, 0.74399, 0.7643, 0.75693, 0.73965, 
0.76457, 0.75675, 0.76286, 0.76614, 0.7612, 0.74918, 0.76345, 
0.75836, 0.75647, 0.73985, 0.75313, 0.7644, 0.74695, 0.76653, 
0.76614, 0.75626, 0.74923, 0.75908, 0.0256, 0.0301, 0.0314, 0.0355, 
0.0418, 0.0463, 0.0525, 0.0574, 0.0628, 0.0683, 0.0723, 169.2, 
181.5, 189.8, 203.9, 222.8, 244.1, 255.1, 264.8, 280.4, 293.5, 
309.5, 1, 1, 1, 1, 1, 1, 1, 1, 1, 1, 1, 1, 1, 1, 1, 1, 1, 1, 
1, 1, 1, 1, 1, 1, 1, 1, 1, 1, 1, 1, 1, 1, 1, 1, 1, 1, 1, 1, 1, 
1, 1, 1, 1, 1, 2.813, 2.878, 2.693, 2.779, 2.957, 2.993, 3.153, 
3.188, 3.257, 3.19, 3.208), .Dim = c(11L, 40L), .Dimnames = list(
    NULL, c("Sampling", "PSO.cost", "PSO.gamma", "PSO.data.balancing", 
    "PSO.feature.selection", "PSO.valid.acc", "PSO.test.acc", 
    "PSO.train.time", "PSO.n.support.vectors", "PSO.index", "PSO.n.solutions", 
    "PSO.generations", "PSO.n.evaluations", "PSO.cpu.time", "RS.cost", 
    "RS.gamma", "RS.data.balancing", "RS.feature.selection", 
    "RS.valid.acc", "RS.test.acc", "RS.train.time", "RS.n.support.vectors", 
    "RS.index", "RS.n.solutions", "RS.generations", "RS.n.evaluations", 
    "RS.cpu.time", "DF.cost", "DF.gamma", "DF.data.balancing", 
    "DF.feature.selection", "DF.valid.acc", "DF.test.acc", "DF.train.time", 
    "DF.n.support.vectors", "DF.index", "DF.n.solutions", "DF.generations", 
    "DF.n.evaluations", "DF.cpu.time")))
