full <-
structure(c(50, 55, 60, 65, 70, 75, 80, 85, 90, 95, 100, 8.9627, 
13.92977, 14.33372, 12.44878, 4.99638, 4.61736, 14.7048, 11.18323, 
15, 14.99287, 11.97122, -7.07371, -15, -8.02628, -7.90632, -7.86593, 
-6.37223, -9.3655, -14.16424, -9.93075, -9.92194, -8.79723, 0, 
0, 0, 0, 0, 0, 0, 0, 0, 0, 0, 0, 0, 0, 0, 0, 0, 0, 0, 0, 0, 0, 
0.7937, 0.79353, 0.79358, 0.79396, 0.78331, 0.78594, 0.77315, 
0.79214, 0.79832, 0.79077, 0.80131, 0.78798, 0.78826, 0.77907, 
0.77608, 0.78127, 0.77428, 0.76399, 0.78521, 0.77561, 0.79536, 
0.78969, 0.0485, 0.0388, 0.4219, 0.1607, 0.0427, 0.0507, 0.3991, 
0.0619, 0.3367, 0.336, 0.1608, 144.3, 170.6, 166.6, 185.7, 229.9, 
237.6, 228.9, 272.4, 255.4, 264.6, 276.7, 43, 134, 281, 503, 
852, 590, 610, 194, 300, 858, 1118, 449, 48, 449, 111, 127, 298, 
17, 109, 180, 13, 31, 100, 100, 100, 100, 100, 100, 100, 100, 
100, 100, 100, 2500, 2500, 2500, 2500, 2500, 2500, 2500, 2500, 
2500, 2500, 2500, 8107.107, 7993.926, 17832.541, 12231.562, 8004.12699999999, 
8110.133, 18245.507, 8374.87, 14168.579, 16606.737, 13045.013, 
9.08944, 10.70735, 4.03299, 12.23334, 4.48287, 4.84061, 13.87699, 
7.60053, 14.00955, 14.38436, 10.9202, -7.10562, -11.65069, -4.48578, 
-7.77748, -7.56657, -5.72435, -8.44859, -10.62485, -9.35467, 
-9.98192, -7.83723, 0, 0, 0, 0, 0, 0, 0, 0, 0, 0, 0, 0, 0, 0, 
0, 0, 0, 0, 0, 0, 0, 0, 0.7937, 0.79353, 0.79126, 0.79169, 0.78331, 
0.78405, 0.77308, 0.79214, 0.79832, 0.78921, 0.79988, 0.78798, 
0.78563, 0.77419, 0.77608, 0.77502, 0.77236, 0.76776, 0.78349, 
0.77722, 0.78616, 0.78682, 0.0508, 0.0377, 0.0376, 0.1677, 0.0412, 
0.0504, 0.3605, 0.0568, 0.2818, 0.2471, 0.1517, 144.1, 171.8, 
181.8, 186.6, 231.2, 229.4, 227.8, 272.7, 255.8, 266.9, 274.2, 
204, 882, 1786, 864, 2306, 1918, 1042, 1735, 1629, 948, 481, 
1, 3, 1, 1, 6, 1, 2, 1, 2, 1, 2, 100, 100, 100, 100, 100, 100, 
100, 100, 100, 100, 100, 2500, 2500, 2500, 2500, 2500, 2500, 
2500, 2500, 2500, 2500, 2500, 9359.391, 9580.111, 10682.229, 
11868.595, 14576.099, 17179.206, 18664.777, 18590.788, 22949.867, 
23475.212, 27481.595, 1, 1, 1, 1, 1, 1, 1, 1, 1, 1, 1, 0.2, 0.2, 
0.2, 0.2, 0.2, 0.2, 0.2, 0.2, 0.2, 0.2, 0.2, 0, 0, 0, 0, 0, 0, 
0, 0, 0, 0, 0, 0, 0, 0, 0, 0, 0, 0, 0, 0, 0, 0, 0.72412, 0.73812, 
0.73569, 0.73528, 0.73977, 0.73133, 0.73883, 0.75427, 0.75448, 
0.74764, 0.76497, 0.72966, 0.73001, 0.74301, 0.73533, 0.72914, 
0.73529, 0.74246, 0.75599, 0.74475, 0.74618, 0.76207, 0.0264, 
0.0299, 0.0356, 0.0371, 0.043, 0.0485, 0.0549, 0.0623, 0.0664, 
0.0771, 0.0778, 174.9, 186.2, 203.7, 223.7, 236, 252, 260.7, 
277.8, 288.5, 299, 308.6, 1, 1, 1, 1, 1, 1, 1, 1, 1, 1, 1, 1, 
1, 1, 1, 1, 1, 1, 1, 1, 1, 1, 1, 1, 1, 1, 1, 1, 1, 1, 1, 1, 1, 
1, 1, 1, 1, 1, 1, 1, 1, 1, 1, 1, 2.974, 2.894, 2.962, 2.775, 
2.988, 3.067, 3.247, 3.228, 3.214, 3.476, 3.584), .Dim = c(11L, 
40L), .Dimnames = list(NULL, c("Sampling", "PSO.cost", "PSO.gamma", 
"PSO.data.balancing", "PSO.feature.selection", "PSO.valid.acc", 
"PSO.test.acc", "PSO.train.time", "PSO.n.support.vectors", "PSO.index", 
"PSO.n.solutions", "PSO.generations", "PSO.n.evaluations", "PSO.cpu.time", 
"RS.cost", "RS.gamma", "RS.data.balancing", "RS.feature.selection", 
"RS.valid.acc", "RS.test.acc", "RS.train.time", "RS.n.support.vectors", 
"RS.index", "RS.n.solutions", "RS.generations", "RS.n.evaluations", 
"RS.cpu.time", "DF.cost", "DF.gamma", "DF.data.balancing", "DF.feature.selection", 
"DF.valid.acc", "DF.test.acc", "DF.train.time", "DF.n.support.vectors", 
"DF.index", "DF.n.solutions", "DF.generations", "DF.n.evaluations", 
"DF.cpu.time")))
