full <-
structure(c(50, 55, 60, 65, 70, 75, 80, 85, 90, 95, 100, 12.07546, 
5.45475, 13.02171, 14.45586, 14.70011, 14.92617, 6.31398, 7.35776, 
12.31515, 6.96863, 14.80545, -14.44589, -7.52798, -8.1681, -7.49492, 
-10.0163, -9.37755, -6.64243, -8.32303, -7.85458, -7.97243, -9.86517, 
0, 0, 0, 0, 0, 0, 0, 0, 0, 0, 0, 0, 0, 0, 0, 0, 0, 0, 0, 0, 0, 
0, 0.78449, 0.77767, 0.78604, 0.78495, 0.79599, 0.80332, 0.79744, 
0.80908, 0.80026, 0.80154, 0.79976, 0.78725, 0.74865, 0.77383, 
0.76929, 0.78345, 0.78763, 0.78646, 0.79195, 0.79051, 0.78615, 
0.78673, 0.0321, 0.0311, 0.1616, 0.7366, 0.2191, 0.3017, 0.0557, 
0.0568, 0.237, 0.0684, 0.357, 171.4, 185.8, 175, 179.2, 200, 
206.1, 230.1, 243.7, 240.1, 278, 273.6, 2320, 733, 165, 859, 
728, 667, 1940, 646, 240, 1052, 1669, 2, 63, 123, 18, 25, 51, 
7, 80, 4, 117, 1, 100, 100, 100, 100, 100, 100, 100, 100, 100, 
100, 100, 2500, 2500, 2500, 2500, 2500, 2500, 2500, 2500, 2500, 
2500, 2500, 7659.064, 8059.333, 11090.8, 22487.705, 12620.141, 
14016.781, 8528.46400000001, 8587.02300000002, 14646.403, 9163.81999999998, 
16989.828, 3.57017, 6.96302, 12.6584, 13.11435, 14.59726, 14.90237, 
6.48085, 14.52486, 14.79059, 6.82416, 14.47674, -6.54952, -8.54495, 
-8.23191, -7.12084, -9.98236, -9.3001, -6.74042, -10.24501, -8.9043, 
-7.96777, -9.52776, 0, 0, 0, 0, 0, 0, 0, 0, 0, 0, 0, 0, 0, 0, 
0, 0, 0, 0, 0, 0, 0, 0, 0.78414, 0.77504, 0.78604, 0.78045, 0.79599, 
0.79944, 0.79562, 0.80738, 0.80029, 0.8, 0.79833, 0.78743, 0.76188, 
0.77866, 0.77152, 0.78557, 0.78763, 0.78646, 0.79023, 0.79537, 
0.78769, 0.78529, 0.0282, 0.0352, 0.1431, 0.4226, 0.1843, 0.2831, 
0.0556, 0.167, 0.5305, 0.0691, 0.3226, 173.8, 183.6, 175.6, 179.2, 
199.7, 205.3, 230, 228.7, 238.7, 279.9, 272.9, 1579, 1107, 2054, 
965, 1644, 1329, 332, 405, 2282, 2319, 1450, 3, 6, 1, 2, 1, 1, 
2, 1, 1, 3, 2, 100, 100, 100, 100, 100, 100, 100, 100, 100, 100, 
100, 2500, 2500, 2500, 2500, 2500, 2500, 2500, 2500, 2500, 2500, 
2500, 9601.029, 10234.086, 11918.695, 12584.754, 12762.308, 15052.359, 
18026.948, 17851.54, 19518.683, 22401.187, 24143.53, 1, 1, 1, 
1, 1, 1, 1, 1, 1, 1, 1, 0.2, 0.2, 0.2, 0.2, 0.2, 0.2, 0.2, 0.2, 
0.2, 0.2, 0.2, 0, 0, 0, 0, 0, 0, 0, 0, 0, 0, 0, 0, 0, 0, 0, 0, 
0, 0, 0, 0, 0, 0, 0.74321, 0.73521, 0.7473, 0.73783, 0.75822, 
0.7469, 0.76094, 0.76275, 0.76457, 0.75846, 0.77073, 0.74866, 
0.72468, 0.76437, 0.73556, 0.75605, 0.74675, 0.76091, 0.75931, 
0.76446, 0.76615, 0.76926, 0.0269, 0.0324, 0.0359, 0.0381, 0.0424, 
0.0473, 0.052, 0.0567, 0.0619, 0.0699, 0.0764, 179.3, 194.2, 
204.6, 213.6, 232.3, 243.8, 256.7, 266.1, 283, 298.4, 310.1, 
1, 1, 1, 1, 1, 1, 1, 1, 1, 1, 1, 1, 1, 1, 1, 1, 1, 1, 1, 1, 1, 
1, 1, 1, 1, 1, 1, 1, 1, 1, 1, 1, 1, 1, 1, 1, 1, 1, 1, 1, 1, 1, 
1, 1, 2.774, 2.946, 2.982, 2.883, 2.944, 3.015, 3.142, 3.198, 
3.188, 3.26, 3.305), .Dim = c(11L, 40L), .Dimnames = list(NULL, 
    c("Sampling", "PSO.cost", "PSO.gamma", "PSO.data.balancing", 
    "PSO.feature.selection", "PSO.valid.acc", "PSO.test.acc", 
    "PSO.train.time", "PSO.n.support.vectors", "PSO.index", "PSO.n.solutions", 
    "PSO.generations", "PSO.n.evaluations", "PSO.cpu.time", "RS.cost", 
    "RS.gamma", "RS.data.balancing", "RS.feature.selection", 
    "RS.valid.acc", "RS.test.acc", "RS.train.time", "RS.n.support.vectors", 
    "RS.index", "RS.n.solutions", "RS.generations", "RS.n.evaluations", 
    "RS.cpu.time", "DF.cost", "DF.gamma", "DF.data.balancing", 
    "DF.feature.selection", "DF.valid.acc", "DF.test.acc", "DF.train.time", 
    "DF.n.support.vectors", "DF.index", "DF.n.solutions", "DF.generations", 
    "DF.n.evaluations", "DF.cpu.time")))
