full <-
structure(c(50, 55, 60, 65, 70, 75, 80, 85, 90, 95, 100, 15, 
10.54594, 9.90378, 11.86967, 4.08981, 12.7249, 10.8608, 15, 10.33537, 
15, 13.25231, -12.84287, -8.66298, -8.4373, -14.53187, -7.1052, 
-15, -9.46662, -13.13659, -12.75114, -11.26911, -8.84771, 0, 
0, 0, 0, 0, 0, 0, 0, 0, 0, 0, 0, 0, 0, 0, 0, 0, 0, 0, 0, 0, 0, 
0.81092, 0.80155, 0.81578, 0.79157, 0.7936, 0.80765, 0.80096, 
0.80247, 0.79375, 0.79702, 0.79106, 0.77908, 0.78277, 0.80115, 
0.77808, 0.77897, 0.79597, 0.79547, 0.78689, 0.76596, 0.78933, 
0.78528, 0.0351, 0.0407, 0.041, 0.0393, 0.0405, 0.042, 0.0681, 
0.0718, 0.0615, 0.1535, 0.3339, 141.6, 152.3, 162.8, 194.2, 209.7, 
221.3, 218.8, 245.7, 273.1, 267, 272.2, 294, 665, 212, 692, 44, 
666, 845, 1815, 809, 726, 93, 257, 138, 429, 92, 63, 56, 44, 
2, 57, 11, 13, 100, 100, 100, 100, 100, 100, 100, 100, 100, 100, 
100, 2500, 2500, 2500, 2500, 2500, 2500, 2500, 2500, 2500, 2500, 
2500, 7240.909, 7363.284, 7345.326, 7970.97, 8857.97900000001, 
7187.474, 9711.299, 8411.829, 8795.883, 10713.069, 16007.491, 
14.86348, 10.02506, 6.93455, 9.13143, 4.33356, 12.47965, 11.42458, 
11.59668, 11.01359, 12.63637, 13.07639, -12.51883, -8.49529, 
-6.86287, -11.79758, -7.59571, -14.6491, -9.84013, -11.43602, 
-13.41232, -9.78386, -8.78002, 0, 0, 0, 0, 0, 0, 0, 0, 0, 0, 
0, 0, 0, 0, 0, 0, 0, 0, 0, 0, 0, 0, 0.80521, 0.79891, 0.81572, 
0.79157, 0.79352, 0.80765, 0.79918, 0.79902, 0.79375, 0.797, 
0.78963, 0.77622, 0.77757, 0.80359, 0.77808, 0.78101, 0.79404, 
0.79362, 0.79203, 0.76596, 0.78324, 0.78528, 0.0373, 0.0377, 
0.0329, 0.0372, 0.0374, 0.0449, 0.0666, 0.0603, 0.064, 0.1188, 
0.2763, 141.6, 152.4, 165.8, 194.5, 211, 220.3, 218.9, 247.2, 
272.9, 266, 273, 2209, 101, 341, 396, 1293, 728, 1064, 1043, 
520, 225, 237, 1, 5, 1, 1, 1, 1, 1, 2, 1, 8, 1, 100, 100, 100, 
100, 100, 100, 100, 100, 100, 100, 100, 2500, 2500, 2500, 2500, 
2500, 2500, 2500, 2500, 2500, 2500, 2500, 8983.994, 9396.677, 
10063.747, 12516.727, 12029.873, 13572.013, 15829.195, 15625.809, 
20670.907, 21299.736, 24740.997, 1, 1, 1, 1, 1, 1, 1, 1, 1, 1, 
1, 0.2, 0.2, 0.2, 0.2, 0.2, 0.2, 0.2, 0.2, 0.2, 0.2, 0.2, 0, 
0, 0, 0, 0, 0, 0, 0, 0, 0, 0, 0, 0, 0, 0, 0, 0, 0, 0, 0, 0, 0, 
0.77034, 0.77757, 0.78413, 0.76237, 0.76218, 0.76878, 0.76096, 
0.76631, 0.77111, 0.7677, 0.76218, 0.77042, 0.78013, 0.79853, 
0.76232, 0.77051, 0.7727, 0.77177, 0.77651, 0.76128, 0.75531, 
0.76508, 0.0264, 0.0282, 0.0313, 0.0367, 0.0377, 0.0424, 0.0501, 
0.0561, 0.0652, 0.0696, 0.0766, 159.5, 172.1, 187.2, 201.8, 215.7, 
229.5, 243.3, 259.4, 281.4, 293.1, 308, 1, 1, 1, 1, 1, 1, 1, 
1, 1, 1, 1, 1, 1, 1, 1, 1, 1, 1, 1, 1, 1, 1, 1, 1, 1, 1, 1, 1, 
1, 1, 1, 1, 1, 1, 1, 1, 1, 1, 1, 1, 1, 1, 1, 1, 2.731, 2.675, 
2.693, 3.632, 2.652, 2.731, 2.905, 3.011, 3.115, 3.182, 3.303
), .Dim = c(11L, 40L), .Dimnames = list(NULL, c("Sampling", "PSO.cost", 
"PSO.gamma", "PSO.data.balancing", "PSO.feature.selection", "PSO.valid.acc", 
"PSO.test.acc", "PSO.train.time", "PSO.n.support.vectors", "PSO.index", 
"PSO.n.solutions", "PSO.generations", "PSO.n.evaluations", "PSO.cpu.time", 
"RS.cost", "RS.gamma", "RS.data.balancing", "RS.feature.selection", 
"RS.valid.acc", "RS.test.acc", "RS.train.time", "RS.n.support.vectors", 
"RS.index", "RS.n.solutions", "RS.generations", "RS.n.evaluations", 
"RS.cpu.time", "DF.cost", "DF.gamma", "DF.data.balancing", "DF.feature.selection", 
"DF.valid.acc", "DF.test.acc", "DF.train.time", "DF.n.support.vectors", 
"DF.index", "DF.n.solutions", "DF.generations", "DF.n.evaluations", 
"DF.cpu.time")))
