full <-
structure(c(50, 55, 60, 65, 70, 75, 80, 85, 90, 95, 100, 9.37196, 
7.05933, 4.29705, 14.58904, 11.18211, 14.73594, 6.69914, 5.38758, 
14.98344, 15, 8.76531, -5.50245, -7.90518, -3.55543, -9.01806, 
-7.73455, -8.60153, -8.4049, -5.82442, -9.48647, -9.88744, -7.80575, 
0, 0, 0, 0, 0, 0, 0, 0, 0, 0, 0, 0, 0, 0, 0, 0, 0, 0, 0, 0, 0, 
0, 0.77908, 0.79978, 0.79832, 0.80035, 0.8061, 0.80188, 0.80105, 
0.80056, 0.79881, 0.79681, 0.79974, 0.76731, 0.77588, 0.78612, 
0.8004, 0.79351, 0.79226, 0.79192, 0.80056, 0.79069, 0.79231, 
0.79832, 0.0682, 0.0316, 0.0376, 0.2608, 0.1009, 0.4904, 0.0498, 
0.0577, 0.4894, 0.386, 0.0962, 142.1, 168.5, 172, 173.2, 188, 
197.3, 235.8, 246.8, 243.3, 258.9, 284.2, 340, 967, 1468, 355, 
194, 400, 1310, 41, 1432, 922, 92, 69, 84, 17, 70, 188, 230, 
10, 127, 1, 27, 408, 100, 100, 100, 100, 100, 100, 100, 100, 
100, 100, 100, 2500, 2500, 2500, 2500, 2500, 2500, 2500, 2500, 
2500, 2500, 2500, 8256.712, 9130.684, 9536.221, 13782.702, 12109.576, 
20103.743, 10213.533, 10152.736, 19019.633, 12756.339, 12869.91, 
3.8361, 7.04803, 5.63278, 12.23077, 10.79211, 14.5093, 4.10326, 
5.06938, 14.90923, 3.70726, 8.45007, -4.16782, -7.66151, -7.77107, 
-7.89108, -7.58042, -8.36885, -4.43878, -5.59925, -9.40099, -4.77309, 
-7.60077, 0, 0, 0, 0, 0, 0, 0, 0, 0, 0, 0, 0, 0, 0, 0, 0, 0, 
0, 0, 0, 0, 0, 0.77916, 0.79715, 0.79826, 0.79808, 0.8061, 0.80188, 
0.80108, 0.79883, 0.79558, 0.79532, 0.79974, 0.77319, 0.78101, 
0.78357, 0.79364, 0.79351, 0.79226, 0.79722, 0.79714, 0.78741, 
0.7845, 0.80266, 0.0284, 0.0319, 0.033, 0.1306, 0.0898, 0.4898, 
0.0515, 0.0585, 0.4777, 0.0672, 0.0895, 152.2, 167, 185.5, 174.3, 
188.6, 196.5, 224.3, 246.8, 243.4, 272, 283.9, 1735, 1185, 1428, 
1677, 2134, 1521, 517, 367, 1437, 1178, 226, 1, 1, 5, 2, 1, 1, 
1, 1, 1, 1, 9, 100, 100, 100, 100, 100, 100, 100, 100, 100, 100, 
100, 2500, 2500, 2500, 2500, 2500, 2500, 2500, 2500, 2500, 2500, 
2500, 10898.322, 11983.767, 12627.179, 13414.6, 13832.587, 14741.825, 
16816.166, 18117.468, 21591.201, 25787.229, 29038.257, 1, 1, 
1, 1, 1, 1, 1, 1, 1, 1, 1, 0.2, 0.2, 0.2, 0.2, 0.2, 0.2, 0.2, 
0.2, 0.2, 0.2, 0.2, 0, 0, 0, 0, 0, 0, 0, 0, 0, 0, 0, 0, 0, 0, 
0, 0, 0, 0, 0, 0, 0, 0, 0.74983, 0.77083, 0.75708, 0.76247, 0.76426, 
0.77273, 0.77523, 0.76619, 0.76145, 0.7708, 0.76931, 0.74412, 
0.76584, 0.75708, 0.75793, 0.7643, 0.76877, 0.76799, 0.7749, 
0.77121, 0.77371, 0.77078, 0.027, 0.0322, 0.0331, 0.0362, 0.044, 
0.0481, 0.0532, 0.0551, 0.0605, 0.0654, 0.0722, 167.6, 181.7, 
194.1, 207.9, 223.4, 237.5, 250.4, 268.3, 279.4, 292.2, 310.7, 
1, 1, 1, 1, 1, 1, 1, 1, 1, 1, 1, 1, 1, 1, 1, 1, 1, 1, 1, 1, 1, 
1, 1, 1, 1, 1, 1, 1, 1, 1, 1, 1, 1, 1, 1, 1, 1, 1, 1, 1, 1, 1, 
1, 1, 3.448, 3.844, 3.554, 3.454, 3.841, 3.766, 3.82, 3.64, 3.738, 
3.842, 3.894), .Dim = c(11L, 40L), .Dimnames = list(NULL, c("Sampling", 
"PSO.cost", "PSO.gamma", "PSO.data.balancing", "PSO.feature.selection", 
"PSO.valid.acc", "PSO.test.acc", "PSO.train.time", "PSO.n.support.vectors", 
"PSO.index", "PSO.n.solutions", "PSO.generations", "PSO.n.evaluations", 
"PSO.cpu.time", "RS.cost", "RS.gamma", "RS.data.balancing", "RS.feature.selection", 
"RS.valid.acc", "RS.test.acc", "RS.train.time", "RS.n.support.vectors", 
"RS.index", "RS.n.solutions", "RS.generations", "RS.n.evaluations", 
"RS.cpu.time", "DF.cost", "DF.gamma", "DF.data.balancing", "DF.feature.selection", 
"DF.valid.acc", "DF.test.acc", "DF.train.time", "DF.n.support.vectors", 
"DF.index", "DF.n.solutions", "DF.generations", "DF.n.evaluations", 
"DF.cpu.time")))
