full <-
structure(c(50, 55, 60, 65, 70, 75, 80, 85, 90, 95, 100, 10.28403, 
12.43791, 7.51118, 14.90175, 8.82337, 3.48892, 14.39012, 15, 
14.40276, 5.04487, 14.01479, -7.58017, -8.11474, -5.76046, -10.02386, 
-6.65642, -4.35655, -9.08425, -11.18297, -9.72602, -6.67696, 
-9.44843, 0, 0, 0, 0, 0, 0, 0, 0, 0, 0, 0, 0, 0, 0, 0, 0, 0, 
0, 0, 0, 0, 0, 0.81376, 0.80936, 0.80358, 0.79366, 0.79801, 0.80935, 
0.81034, 0.8076, 0.80046, 0.79967, 0.80127, 0.79879, 0.79343, 
0.78912, 0.8026, 0.78772, 0.79585, 0.8029, 0.79895, 0.79065, 
0.79051, 0.79407, 0.0466, 0.0756, 0.0431, 0.1583, 0.0661, 0.0465, 
0.2651, 0.1391, 0.2409, 0.0682, 0.2824, 118.7, 143.7, 163.5, 
181.7, 188.2, 211.7, 209.2, 231.8, 242.8, 273.3, 274.2, 234, 
106, 710, 975, 204, 1440, 1678, 239, 900, 1248, 405, 116, 59, 
35, 4, 94, 39, 2, 106, 31, 39, 42, 100, 100, 100, 100, 100, 100, 
100, 100, 100, 100, 100, 2500, 2500, 2500, 2500, 2500, 2500, 
2500, 2500, 2500, 2500, 2500, 7993.927, 8520.338, 8369.63499999999, 
10177.926, 10055.035, 8603.64999999999, 13200.641, 9566.894, 
13851.722, 8246.16200000001, 15022.298, 13.90511, 13.74467, 6.61253, 
10.38287, 10.9029, 3.24613, 14.62721, 9.99944, 14.41131, 4.9357, 
14.91031, -9.39197, -8.75266, -5.38574, -7.51932, -7.57532, -4.17417, 
-9.13707, -9.24035, -9.5989, -5.93694, -9.81275, 0, 0, 0, 0, 
0, 0, 0, 0, 0, 0, 0, 0, 0, 0, 0, 0, 0, 0, 0, 0, 0, 0, 0.81368, 
0.80929, 0.80346, 0.79149, 0.79801, 0.80354, 0.80667, 0.8076, 
0.79885, 0.79818, 0.79837, 0.80459, 0.79343, 0.78918, 0.80048, 
0.78355, 0.79778, 0.79923, 0.79719, 0.79388, 0.79667, 0.79262, 
0.0843, 0.1093, 0.0389, 0.0744, 0.1067, 0.0481, 0.2449, 0.0639, 
0.2582, 0.0662, 0.3617, 118.1, 143.5, 165.3, 182.3, 186.9, 212.6, 
208.8, 235.2, 242.7, 270.2, 272.9, 17, 622, 1829, 313, 1330, 
1270, 1569, 524, 2035, 1810, 1894, 1, 2, 1, 1, 1, 1, 1, 4, 2, 
1, 1, 100, 100, 100, 100, 100, 100, 100, 100, 100, 100, 100, 
2500, 2500, 2500, 2500, 2500, 2500, 2500, 2500, 2500, 2500, 2500, 
8611.891, 9069.435, 10217.003, 11034.484, 12295.844, 12543.237, 
14892.923, 17541.412, 23537.099, 22943.043, 24805.581, 1, 1, 
1, 1, 1, 1, 1, 1, 1, 1, 1, 0.2, 0.2, 0.2, 0.2, 0.2, 0.2, 0.2, 
0.2, 0.2, 0.2, 0.2, 0, 0, 0, 0, 0, 0, 0, 0, 0, 0, 0, 0, 0, 0, 
0, 0, 0, 0, 0, 0, 0, 0, 0.79031, 0.76185, 0.77663, 0.74674, 0.76242, 
0.76859, 0.77903, 0.78872, 0.77632, 0.77511, 0.75909, 0.79031, 
0.76178, 0.76443, 0.76002, 0.77092, 0.77048, 0.76978, 0.78355, 
0.77957, 0.77511, 0.7648, 0.0278, 0.0295, 0.0335, 0.0395, 0.0421, 
0.0465, 0.0517, 0.055, 0.057, 0.0629, 0.0777, 149.4, 178.9, 192.3, 
209.6, 216.2, 231.9, 245, 257, 275.8, 292.4, 309.5, 1, 1, 1, 
1, 1, 1, 1, 1, 1, 1, 1, 1, 1, 1, 1, 1, 1, 1, 1, 1, 1, 1, 1, 1, 
1, 1, 1, 1, 1, 1, 1, 1, 1, 1, 1, 1, 1, 1, 1, 1, 1, 1, 1, 1, 2.872, 
2.878, 2.871, 2.984, 2.922, 3.01, 3.072, 2.964, 2.875, 2.945, 
3.445), .Dim = c(11L, 40L), .Dimnames = list(NULL, c("Sampling", 
"PSO.cost", "PSO.gamma", "PSO.data.balancing", "PSO.feature.selection", 
"PSO.valid.acc", "PSO.test.acc", "PSO.train.time", "PSO.n.support.vectors", 
"PSO.index", "PSO.n.solutions", "PSO.generations", "PSO.n.evaluations", 
"PSO.cpu.time", "RS.cost", "RS.gamma", "RS.data.balancing", "RS.feature.selection", 
"RS.valid.acc", "RS.test.acc", "RS.train.time", "RS.n.support.vectors", 
"RS.index", "RS.n.solutions", "RS.generations", "RS.n.evaluations", 
"RS.cpu.time", "DF.cost", "DF.gamma", "DF.data.balancing", "DF.feature.selection", 
"DF.valid.acc", "DF.test.acc", "DF.train.time", "DF.n.support.vectors", 
"DF.index", "DF.n.solutions", "DF.generations", "DF.n.evaluations", 
"DF.cpu.time")))
