full <-
structure(c(50, 55, 60, 65, 70, 75, 80, 85, 90, 95, 100, 12.56128, 
7.43805, 13.74955, 12.14867, 9.48362, 6.52168, 5.76637, 14.0996, 
8.63866, 6.3811, 5.22407, -11.13939, -7.98054, -9.16658, -10.31554, 
-7.36302, -5.77025, -5.99122, -9.58439, -8.61607, -6.9615, -6.88923, 
0, 0, 0, 0, 0, 0, 0, 0, 0, 0, 0, 0, 0, 0, 0, 0, 0, 0, 0, 0, 0, 
0, 0.81403, 0.80185, 0.80869, 0.80738, 0.79372, 0.79955, 0.79926, 
0.80766, 0.81348, 0.80914, 0.79533, 0.7879, 0.79651, 0.79643, 
0.7981, 0.7748, 0.79178, 0.79195, 0.79906, 0.78722, 0.79683, 
0.78514, 0.0292, 0.0315, 0.1082, 0.0488, 0.0584, 0.0518, 0.0516, 
0.2098, 0.061, 0.0654, 0.0665, 139.9, 159.9, 168.7, 190.7, 198.2, 
216.2, 232.2, 233.9, 253.7, 264, 294.3, 1522, 987, 1272, 55, 
339, 539, 994, 461, 1088, 830, 364, 43, 44, 2, 377, 213, 227, 
38, 11, 101, 27, 272, 100, 100, 100, 100, 100, 100, 100, 100, 
100, 100, 100, 2500, 2500, 2500, 2500, 2500, 2500, 2500, 2500, 
2500, 2500, 2500, 7776.8, 9150.527, 12199.267, 8225.83900000001, 
9052.879, 8135.66, 9556.015, 12599.148, 8484.03700000001, 7859.47100000002, 
10201.707, 12.47036, 6.26644, 12.5945, 12.32147, 10.14355, 6.0364, 
6.12733, 13.08601, 9.28819, 6.45125, 5.75849, -11.14371, -7.38863, 
-7.31623, -10.29843, -7.72451, -5.59892, -6.36057, -8.95031, 
-9.01433, -6.98097, -7.08381, 0, 0, 0, 0, 0, 0, 0, 0, 0, 0, 0, 
0, 0, 0, 0, 0, 0, 0, 0, 0, 0, 0, 0.81403, 0.79922, 0.80857, 0.80738, 
0.79372, 0.79762, 0.79744, 0.80593, 0.81186, 0.80914, 0.79243, 
0.7879, 0.79651, 0.79155, 0.80037, 0.77688, 0.79178, 0.7865, 
0.80076, 0.78883, 0.79683, 0.78224, 0.0306, 0.0294, 0.1723, 0.0518, 
0.062, 0.0508, 0.0522, 0.1643, 0.0624, 0.0636, 0.0697, 139.8, 
161, 162.3, 190.2, 197.8, 218.5, 232.4, 231.9, 254.1, 264.8, 
291.6, 297, 373, 1486, 250, 2103, 45, 723, 689, 423, 1400, 122, 
2, 1, 1, 5, 1, 2, 4, 1, 8, 1, 4, 100, 100, 100, 100, 100, 100, 
100, 100, 100, 100, 100, 2500, 2500, 2500, 2500, 2500, 2500, 
2500, 2500, 2500, 2500, 2500, 9026.149, 9861.371, 11148.218, 
11672.213, 12726.103, 13953.809, 15637.337, 15586.776, 18082.006, 
21494.06, 25269.518, 1, 1, 1, 1, 1, 1, 1, 1, 1, 1, 1, 0.2, 0.2, 
0.2, 0.2, 0.2, 0.2, 0.2, 0.2, 0.2, 0.2, 0.2, 0, 0, 0, 0, 0, 0, 
0, 0, 0, 0, 0, 0, 0, 0, 0, 0, 0, 0, 0, 0, 0, 0, 0.75874, 0.75171, 
0.76008, 0.76218, 0.7501, 0.75875, 0.76269, 0.76981, 0.76474, 
0.7782, 0.77779, 0.76445, 0.7596, 0.75288, 0.76213, 0.76251, 
0.76271, 0.76273, 0.75947, 0.75824, 0.77991, 0.77205, 0.0249, 
0.0283, 0.0302, 0.0347, 0.0399, 0.043, 0.0515, 0.0532, 0.0571, 
0.0598, 0.0659, 158.3, 174.1, 188, 207.9, 220.9, 238.5, 255.4, 
266.9, 277.2, 287.5, 309.9, 1, 1, 1, 1, 1, 1, 1, 1, 1, 1, 1, 
1, 1, 1, 1, 1, 1, 1, 1, 1, 1, 1, 1, 1, 1, 1, 1, 1, 1, 1, 1, 1, 
1, 1, 1, 1, 1, 1, 1, 1, 1, 1, 1, 1, 2.641, 2.92, 2.929, 2.98, 
2.965, 2.832, 3.075, 2.777, 2.905, 2.72, 2.816), .Dim = c(11L, 
40L), .Dimnames = list(NULL, c("Sampling", "PSO.cost", "PSO.gamma", 
"PSO.data.balancing", "PSO.feature.selection", "PSO.valid.acc", 
"PSO.test.acc", "PSO.train.time", "PSO.n.support.vectors", "PSO.index", 
"PSO.n.solutions", "PSO.generations", "PSO.n.evaluations", "PSO.cpu.time", 
"RS.cost", "RS.gamma", "RS.data.balancing", "RS.feature.selection", 
"RS.valid.acc", "RS.test.acc", "RS.train.time", "RS.n.support.vectors", 
"RS.index", "RS.n.solutions", "RS.generations", "RS.n.evaluations", 
"RS.cpu.time", "DF.cost", "DF.gamma", "DF.data.balancing", "DF.feature.selection", 
"DF.valid.acc", "DF.test.acc", "DF.train.time", "DF.n.support.vectors", 
"DF.index", "DF.n.solutions", "DF.generations", "DF.n.evaluations", 
"DF.cpu.time")))
