full <-
structure(c(50, 55, 60, 65, 70, 75, 80, 85, 90, 95, 100, 6.84705, 
13.43905, 8.8185, 15, 13.6081, 4.79835, 10.19981, 15, 14.96393, 
13.21352, 14.40422, -7.5104, -8.60583, -7.33209, -8.79003, -8.67179, 
-4.59386, -7.78653, -9.28232, -9.70397, -9.38619, -9.35136, 0, 
0, 0, 0, 0, 0, 0, 0, 0, 0, 0, 0, 0, 0, 0, 0, 0, 0, 0, 0, 0, 0, 
0.78501, 0.79079, 0.78871, 0.79641, 0.79597, 0.80149, 0.7993, 
0.79553, 0.79726, 0.79969, 0.80272, 0.78484, 0.77998, 0.76943, 
0.78505, 0.79163, 0.78192, 0.78121, 0.78349, 0.79403, 0.79339, 
0.78823, 0.0248, 0.0952, 0.039, 0.3306, 0.1545, 0.0451, 0.0776, 
0.3812, 0.3481, 0.1792, 0.3872, 153.6, 151.6, 178.5, 176.7, 193.4, 
210.3, 229.2, 234, 243.6, 258.9, 271.7, 260, 570, 621, 1313, 
1366, 1076, 1249, 463, 1029, 2, 307, 59, 49, 35, 5, 1, 130, 43, 
22, 5, 169, 71, 100, 100, 100, 100, 100, 100, 100, 100, 100, 
100, 100, 2500, 2500, 2500, 2500, 2500, 2500, 2500, 2500, 2500, 
2500, 2500, 7917.527, 8901.666, 8123.764, 13186.258, 10900.516, 
8133.91500000001, 11646.816, 16908.71, 16368.159, 13353.083, 
17858.624, 6.82546, 13.98572, 13.90303, 14.05273, 13.35999, 5.08138, 
8.90088, 12.97599, 13.08733, 5.70959, 7.78458, -7.44812, -8.97017, 
-8.72925, -8.30552, -8.1533, -4.74748, -7.10826, -8.73635, -8.70608, 
-5.98737, -6.0035, 0, 0, 0, 0, 0, 0, 0, 0, 0, 0, 0, 0, 0, 0, 
0, 0, 0, 0, 0, 0, 0, 0, 0.78501, 0.78823, 0.7886, 0.79192, 0.7938, 
0.79753, 0.7993, 0.79036, 0.79398, 0.8012, 0.80272, 0.78484, 
0.77998, 0.7814, 0.78051, 0.78968, 0.78388, 0.7794, 0.78349, 
0.79081, 0.79344, 0.78673, 0.0271, 0.0979, 0.1517, 0.2122, 0.1604, 
0.0487, 0.0668, 0.1593, 0.2275, 0.0745, 0.1068, 153.3, 152.5, 
172, 176.5, 190.8, 209.8, 229.7, 238.5, 243, 267.8, 274.3, 1575, 
2283, 1606, 1628, 1734, 752, 91, 839, 2381, 1350, 2177, 1, 1, 
1, 4, 1, 2, 1, 7, 1, 1, 1, 100, 100, 100, 100, 100, 100, 100, 
100, 100, 100, 100, 2500, 2500, 2500, 2500, 2500, 2500, 2500, 
2500, 2500, 2500, 2500, 8273.086, 8968.53, 10085.389, 11685.923, 
12309.407, 15506.926, 18808.804, 20103.367, 20326.833, 21407.438, 
28608.797, 1, 1, 1, 1, 1, 1, 1, 1, 1, 1, 1, 0.2, 0.2, 0.2, 0.2, 
0.2, 0.2, 0.2, 0.2, 0.2, 0.2, 0.2, 0, 0, 0, 0, 0, 0, 0, 0, 0, 
0, 0, 0, 0, 0, 0, 0, 0, 0, 0, 0, 0, 0, 0.73845, 0.75643, 0.76455, 
0.76914, 0.76684, 0.77415, 0.77193, 0.75938, 0.76484, 0.76129, 
0.77083, 0.73264, 0.7457, 0.77442, 0.74667, 0.77527, 0.7798, 
0.75751, 0.76625, 0.76806, 0.76733, 0.77375, 0.026, 0.0302, 0.0324, 
0.0369, 0.0395, 0.0438, 0.0539, 0.0601, 0.0635, 0.0702, 0.0785, 
169.4, 182.3, 200.8, 208.4, 223.5, 234.3, 251.4, 270.3, 278.7, 
291.6, 310, 1, 1, 1, 1, 1, 1, 1, 1, 1, 1, 1, 1, 1, 1, 1, 1, 1, 
1, 1, 1, 1, 1, 1, 1, 1, 1, 1, 1, 1, 1, 1, 1, 1, 1, 1, 1, 1, 1, 
1, 1, 1, 1, 1, 1, 2.666, 2.755, 2.676, 2.803, 2.737, 2.829, 3.038, 
3.194, 3.174, 3.299, 3.34), .Dim = c(11L, 40L), .Dimnames = list(
    NULL, c("Sampling", "PSO.cost", "PSO.gamma", "PSO.data.balancing", 
    "PSO.feature.selection", "PSO.valid.acc", "PSO.test.acc", 
    "PSO.train.time", "PSO.n.support.vectors", "PSO.index", "PSO.n.solutions", 
    "PSO.generations", "PSO.n.evaluations", "PSO.cpu.time", "RS.cost", 
    "RS.gamma", "RS.data.balancing", "RS.feature.selection", 
    "RS.valid.acc", "RS.test.acc", "RS.train.time", "RS.n.support.vectors", 
    "RS.index", "RS.n.solutions", "RS.generations", "RS.n.evaluations", 
    "RS.cpu.time", "DF.cost", "DF.gamma", "DF.data.balancing", 
    "DF.feature.selection", "DF.valid.acc", "DF.test.acc", "DF.train.time", 
    "DF.n.support.vectors", "DF.index", "DF.n.solutions", "DF.generations", 
    "DF.n.evaluations", "DF.cpu.time")))
