full <-
structure(c(50, 55, 60, 65, 70, 75, 80, 85, 90, 95, 100, 15, 
15, 15, 15, 15, 15, 15, 13.90784, 12.05001, 14.45055, 13.54464, 
-7.74539, -7.34391, -7.70673, -7.74095, -5.93088, -5.23084, -6.03512, 
-5.48764, -4.94474, -5.53485, -5.06416, 0, 0, 0, 0, 0, 0, 0, 
0, 0, 0, 0, 0, 0, 0, 0, 0, 0, 0, 0, 0, 0, 0, 0.95409, 0.93696, 
0.96908, 0.96414, 1, 0.99091, 1, 1, 1, 1, 1, 0.95472, 0.9029, 
0.97322, 0.96426, 0.9901, 0.98788, 1, 1, 1, 1, 1, 0.213, 0.2799, 
0.4206, 0.5049, 0.4814, 0.3092, 1.2264, 0.7577, 0.3839, 0.9377, 
0.5394, 51.5, 57.9, 66.5, 71.6, 66.6, 77.9, 75.9, 86.3, 93.9, 
91.9, 98.6, 2329, 105, 644, 58, 84, 144, 59, 83, 56, 16, 14, 
3, 204, 205, 815, 1622, 1234, 1611, 1471, 1431, 1782, 1533, 100, 
100, 100, 100, 100, 100, 100, 100, 100, 100, 100, 2500, 2500, 
2500, 2500, 2500, 2500, 2500, 2500, 2500, 2500, 2500, 7684.117, 
11437.172, 14835.23, 16922.554, 15554.824, 14908.388, 24205.243, 
33733.269, 18975.612, 34094.326, 14289.163, 14.73674, 14.06242, 
14.8809, 14.56603, 14.39817, 14.37707, 14.63043, 14.10322, 14.71329, 
12.85595, 10.36551, -7.54116, -7.01474, -7.6387, -7.50046, -5.91397, 
-5.22966, -5.73271, -6.3328, -5.3314, -4.92198, -4.84327, 0, 
0, 0, 0, 0, 0, 0, 0, 0, 0, 0, 0, 0, 0, 0, 0, 0, 0, 0, 0, 0, 0, 
0.94955, 0.92862, 0.96138, 0.95699, 1, 0.99091, 1, 1, 1, 1, 1, 
0.95472, 0.89873, 0.96937, 0.96426, 0.9901, 0.98788, 1, 0.99722, 
1, 1, 1, 0.212, 0.1867, 0.4204, 0.4243, 0.4706, 0.3059, 0.7447, 
1.6589, 0.7593, 0.4008, 0.3867, 50.8, 59, 66.5, 70.4, 67.1, 77.9, 
76.9, 86.8, 92.2, 95.8, 100.8, 2088, 471, 983, 592, 431, 118, 
15, 70, 7, 13, 8, 1, 1, 1, 1, 7, 5, 16, 32, 73, 81, 119, 100, 
100, 100, 100, 100, 100, 100, 100, 100, 100, 100, 2500, 2500, 
2500, 2500, 2500, 2500, 2500, 2500, 2500, 2500, 2500, 7247.174, 
7212.821, 7425.193, 7870.936, 7910.697, 8128.28700000001, 8232.67199999999, 
8599.288, 8918.24100000001, 9204.39000000001, 9718.967, 1, 1, 
1, 1, 1, 1, 1, 1, 1, 1, 1, 0.16667, 0.16667, 0.16667, 0.16667, 
0.16667, 0.16667, 0.16667, 0.16667, 0.16667, 0.16667, 0.16667, 
0, 0, 0, 0, 0, 0, 0, 0, 0, 0, 0, 0, 0, 0, 0, 0, 0, 0, 0, 0, 0, 
0, 0.92613, 0.8529, 0.87228, 0.8753, 0.88836, 0.89877, 0.90218, 
0.89733, 0.90805, 0.90115, 0.91208, 0.90297, 0.8529, 0.88027, 
0.86853, 0.88514, 0.89545, 0.91084, 0.90537, 0.90016, 0.88907, 
0.91451, 0.018, 0.0202, 0.0222, 0.0249, 0.0269, 0.028, 0.032, 
0.0337, 0.0337, 0.0397, 0.0397, 120.2, 136, 144.7, 154, 165.4, 
174.5, 181.7, 195.5, 201.7, 214.1, 222.6, 1, 1, 1, 1, 1, 1, 1, 
1, 1, 1, 1, 1, 1, 1, 1, 1, 1, 1, 1, 1, 1, 1, 1, 1, 1, 1, 1, 1, 
1, 1, 1, 1, 1, 1, 1, 1, 1, 1, 1, 1, 1, 1, 1, 1, 2.694, 2.755, 
2.816, 3.019, 3.036, 2.897, 3.032, 2.964, 2.81, 2.906, 2.734), .Dim = c(11L, 
40L), .Dimnames = list(NULL, c("Sampling", "PSO.cost", "PSO.gamma", 
"PSO.data.balancing", "PSO.feature.selection", "PSO.valid.acc", 
"PSO.test.acc", "PSO.train.time", "PSO.n.support.vectors", "PSO.index", 
"PSO.n.solutions", "PSO.generations", "PSO.n.evaluations", "PSO.cpu.time", 
"RS.cost", "RS.gamma", "RS.data.balancing", "RS.feature.selection", 
"RS.valid.acc", "RS.test.acc", "RS.train.time", "RS.n.support.vectors", 
"RS.index", "RS.n.solutions", "RS.generations", "RS.n.evaluations", 
"RS.cpu.time", "DF.cost", "DF.gamma", "DF.data.balancing", "DF.feature.selection", 
"DF.valid.acc", "DF.test.acc", "DF.train.time", "DF.n.support.vectors", 
"DF.index", "DF.n.solutions", "DF.generations", "DF.n.evaluations", 
"DF.cpu.time")))
