full <-
structure(c(50, 55, 60, 65, 70, 75, 80, 85, 90, 95, 100, 12.20485, 
4.33117, 7.77381, 13.79139, 5.68344, 14.16437, 15, 15, 12.75657, 
9.79404, 14.3046, -2.75804, -2.79748, -2.616, -5.63721, -2.99742, 
-6.42215, -6.19301, -5.13692, -4.65845, -4.66807, -5.1607, 0, 
0, 0, 0, 0, 0, 0, 0, 0, 0, 0, 0, 0, 0, 0, 0, 0, 0, 0, 0, 0, 0, 
0.91621, 0.95829, 0.94213, 0.94728, 0.97065, 1, 1, 1, 1, 1, 1, 
0.92117, 0.9197, 0.92645, 0.9474, 0.9543, 0.98769, 1, 0.9973, 
1, 1, 1, 0.0201, 0.0204, 0.0243, 0.1468, 0.0296, 0.6259, 1.0203, 
0.2813, 0.215, 0.238, 0.6958, 80.5, 88.1, 97, 59.4, 95.1, 72.4, 
73.7, 83.5, 92.3, 96.9, 97.6, 200, 227, 504, 209, 1713, 45, 77, 
56, 16, 37, 18, 1090, 250, 788, 344, 15, 1261, 1358, 1309, 1458, 
1440, 1631, 100, 100, 100, 100, 100, 100, 100, 100, 100, 100, 
100, 2500, 2500, 2500, 2500, 2500, 2500, 2500, 2500, 2500, 2500, 
2500, 6873.723, 6883.302, 6857.389, 9948.856, 7113.842, 23965.023, 
23314.238, 19802.911, 19267.187, 28944.485, 21950.37, 12.21787, 
5.14596, 12.9828, 11.92802, 11.98735, 14.32641, 14.50962, 14.14153, 
12.88271, 12.65713, 12.47914, -2.78161, -3.03326, -2.61253, -5.04489, 
-4.85518, -6.13872, -5.79626, -5.23563, -5.98685, -5.84523, -5.44851, 
0, 0, 0, 0, 0, 0, 0, 0, 0, 0, 0, 0, 0, 0, 0, 0, 0, 0, 0, 0, 0, 
0, 0.91621, 0.95829, 0.94213, 0.94371, 0.97032, 1, 1, 1, 1, 1, 
1, 0.92117, 0.9284, 0.92645, 0.94382, 0.96731, 0.99697, 1, 0.9973, 
1, 1, 1, 0.0201, 0.0215, 0.0248, 0.0767, 0.0915, 0.7424, 0.5357, 
0.3226, 1.2441, 1.0761, 1.0791, 80.5, 81, 97, 62.9, 69.1, 70.9, 
75.3, 83.1, 90.6, 93.1, 96.6, 147, 1086, 57, 2231, 1973, 1051, 
584, 81, 21, 2, 3, 10, 2, 2, 1, 1, 6, 9, 20, 74, 53, 134, 100, 
100, 100, 100, 100, 100, 100, 100, 100, 100, 100, 2500, 2500, 
2500, 2500, 2500, 2500, 2500, 2500, 2500, 2500, 2500, 6966.866, 
7022.691, 7009.342, 7116.52499999999, 7389.11200000001, 7535.739, 
7569.15800000001, 7806.71899999998, 8553.82399999999, 8888.85199999998, 
9349.136, 1, 1, 1, 1, 1, 1, 1, 1, 1, 1, 1, 0.16667, 0.16667, 
0.16667, 0.16667, 0.16667, 0.16667, 0.16667, 0.16667, 0.16667, 
0.16667, 0.16667, 0, 0, 0, 0, 0, 0, 0, 0, 0, 0, 0, 0, 0, 0, 0, 
0, 0, 0, 0, 0, 0, 0, 0.8519, 0.89886, 0.86916, 0.9039, 0.90472, 
0.91732, 0.91696, 0.91351, 0.89563, 0.90133, 0.90505, 0.8571, 
0.8907, 0.87642, 0.90032, 0.91795, 0.92035, 0.91394, 0.91351, 
0.88787, 0.90371, 0.91197, 0.0175, 0.0196, 0.0224, 0.0234, 0.0262, 
0.0284, 0.0305, 0.0333, 0.0356, 0.038, 0.0411, 122.8, 132.7, 
143.3, 156.2, 167.4, 179.1, 182.7, 193, 203.9, 212.4, 223.6, 
1, 1, 1, 1, 1, 1, 1, 1, 1, 1, 1, 1, 1, 1, 1, 1, 1, 1, 1, 1, 1, 
1, 1, 1, 1, 1, 1, 1, 1, 1, 1, 1, 1, 1, 1, 1, 1, 1, 1, 1, 1, 1, 
1, 1, 2.705, 2.706, 2.802, 2.723, 2.837, 2.774, 2.765, 2.856, 
2.918, 2.848, 2.917), .Dim = c(11L, 40L), .Dimnames = list(NULL, 
    c("Sampling", "PSO.cost", "PSO.gamma", "PSO.data.balancing", 
    "PSO.feature.selection", "PSO.valid.acc", "PSO.test.acc", 
    "PSO.train.time", "PSO.n.support.vectors", "PSO.index", "PSO.n.solutions", 
    "PSO.generations", "PSO.n.evaluations", "PSO.cpu.time", "RS.cost", 
    "RS.gamma", "RS.data.balancing", "RS.feature.selection", 
    "RS.valid.acc", "RS.test.acc", "RS.train.time", "RS.n.support.vectors", 
    "RS.index", "RS.n.solutions", "RS.generations", "RS.n.evaluations", 
    "RS.cpu.time", "DF.cost", "DF.gamma", "DF.data.balancing", 
    "DF.feature.selection", "DF.valid.acc", "DF.test.acc", "DF.train.time", 
    "DF.n.support.vectors", "DF.index", "DF.n.solutions", "DF.generations", 
    "DF.n.evaluations", "DF.cpu.time")))
