full <-
structure(c(50, 55, 60, 65, 70, 75, 80, 85, 90, 95, 100, 9.9947, 
9.75528, 15, 12.94167, 14.07564, 15, 12.45862, 10.57155, 10.56452, 
11.18073, 9.57026, -2.95758, -2.79466, -3.91325, -4.84983, -5.82626, 
-6.44006, -5.55762, -5.02179, -5.29443, -4.6498, -4.59688, 0, 
0, 0, 0, 0, 0, 0, 0, 0, 0, 0, 0, 0, 0, 0, 0, 0, 0, 0, 0, 0, 0, 
0.93074, 0.92044, 0.93843, 0.9649, 0.99667, 1, 1, 1, 1, 1, 1, 
0.89805, 0.91572, 0.94612, 0.93898, 0.98376, 1, 1, 1, 0.99744, 
1, 1, 0.0199, 0.0211, 0.0347, 0.0824, 0.4949, 1.941, 0.5545, 
0.2691, 0.455, 0.3012, 0.2809, 77.8, 84.6, 71, 66.7, 70.6, 78.6, 
83.5, 90.5, 100.9, 97.2, 102.7, 349, 422, 74, 84, 62, 49, 18, 
42, 29, 2, 18, 590, 456, 796, 1151, 1294, 1432, 1654, 1499, 1344, 
1687, 1272, 100, 100, 100, 100, 100, 100, 100, 100, 100, 100, 
100, 2500, 2500, 2500, 2500, 2500, 2500, 2500, 2500, 2500, 2500, 
2500, 6582.022, 6632.696, 7153.425, 8220.523, 16422.771, 25494.006, 
27733.437, 31236.018, 19893.732, 16744.44, 59769.393, 10.36674, 
7.76084, 10.56455, 14.80912, 14.79554, 13.62678, 12.23115, 11.8096, 
11.98215, 12.125, 8.80861, -2.96469, -2.88262, -3.95187, -4.8336, 
-6.06185, -6.22573, -5.93104, -5.40646, -5.723, -3.89463, -4.50925, 
0, 0, 0, 0, 0, 0, 0, 0, 0, 0, 0, 0, 0, 0, 0, 0, 0, 0, 0, 0, 0, 
0, 0.93074, 0.91628, 0.93843, 0.9649, 0.99667, 1, 1, 1, 1, 1, 
1, 0.89805, 0.91572, 0.94612, 0.93898, 0.9772, 1, 0.99714, 1, 
1, 1, 1, 0.0197, 0.0217, 0.0366, 0.0842, 0.6469, 0.7941, 0.482, 
0.4972, 0.9352, 0.1016, 0.2196, 77.4, 82.5, 70.9, 66.9, 68.4, 
80.2, 86.6, 87.9, 97.4, 99.9, 105.5, 955, 54, 1712, 11, 1815, 
102, 61, 152, 23, 1, 39, 1, 12, 2, 5, 1, 22, 28, 38, 112, 173, 
73, 100, 100, 100, 100, 100, 100, 100, 100, 100, 100, 100, 2500, 
2500, 2500, 2500, 2500, 2500, 2500, 2500, 2500, 2500, 2500, 6663.664, 
6718.13, 6887.667, 6922.461, 8345.121, 7648.62, 7876.52100000001, 
7768.27599999998, 8550.20199999999, 9010.90400000001, 9328.658, 
1, 1, 1, 1, 1, 1, 1, 1, 1, 1, 1, 0.16667, 0.16667, 0.16667, 0.16667, 
0.16667, 0.16667, 0.16667, 0.16667, 0.16667, 0.16667, 0.16667, 
0, 0, 0, 0, 0, 0, 0, 0, 0, 0, 0, 0, 0, 0, 0, 0, 0, 0, 0, 0, 0, 
0, 0.81407, 0.82366, 0.82727, 0.85464, 0.85117, 0.88625, 0.87916, 
0.88917, 0.89301, 0.90099, 0.90728, 0.79545, 0.82036, 0.83512, 
0.83281, 0.86138, 0.88606, 0.86773, 0.8864, 0.89558, 0.89849, 
0.91653, 0.0171, 0.0185, 0.0202, 0.023, 0.0258, 0.0274, 0.0307, 
0.031, 0.0332, 0.0357, 0.039, 123.1, 133.6, 144.7, 155.5, 164.6, 
178.8, 189, 197, 210.9, 218.5, 221.3, 1, 1, 1, 1, 1, 1, 1, 1, 
1, 1, 1, 1, 1, 1, 1, 1, 1, 1, 1, 1, 1, 1, 1, 1, 1, 1, 1, 1, 1, 
1, 1, 1, 1, 1, 1, 1, 1, 1, 1, 1, 1, 1, 1, 1, 2.591, 2.61, 2.591, 
2.637, 3.286, 2.741, 2.861, 2.571, 2.613, 2.633, 2.842), .Dim = c(11L, 
40L), .Dimnames = list(NULL, c("Sampling", "PSO.cost", "PSO.gamma", 
"PSO.data.balancing", "PSO.feature.selection", "PSO.valid.acc", 
"PSO.test.acc", "PSO.train.time", "PSO.n.support.vectors", "PSO.index", 
"PSO.n.solutions", "PSO.generations", "PSO.n.evaluations", "PSO.cpu.time", 
"RS.cost", "RS.gamma", "RS.data.balancing", "RS.feature.selection", 
"RS.valid.acc", "RS.test.acc", "RS.train.time", "RS.n.support.vectors", 
"RS.index", "RS.n.solutions", "RS.generations", "RS.n.evaluations", 
"RS.cpu.time", "DF.cost", "DF.gamma", "DF.data.balancing", "DF.feature.selection", 
"DF.valid.acc", "DF.test.acc", "DF.train.time", "DF.n.support.vectors", 
"DF.index", "DF.n.solutions", "DF.generations", "DF.n.evaluations", 
"DF.cpu.time")))
