full <-
structure(c(50, 55, 60, 65, 70, 75, 80, 85, 90, 95, 100, 11.00197, 
15, 11.21757, 15, 14.99997, 13.20355, 13.47834, 12.82914, 14.75627, 
15, 10.74607, -3.45122, -7.81478, -3.38117, -7.44895, -6.17926, 
-5.68522, -4.89983, -5.8947, -6.49622, -5.28113, -4.55242, 0, 
0, 0, 0, 0, 0, 0, 0, 0, 0, 0, 0, 0, 0, 0, 0, 0, 0, 0, 0, 0, 0, 
0.93977, 0.94979, 0.95797, 0.98584, 0.98688, 0.99688, 0.99714, 
1, 1, 1, 1, 0.92612, 0.95761, 0.93874, 0.98584, 0.97032, 0.99072, 
0.99143, 1, 1, 1, 1, 0.0214, 0.3672, 0.0263, 0.5588, 0.4892, 
0.2694, 0.183, 0.6326, 2.9888, 0.7221, 0.2589, 65.7, 59.8, 76.6, 
62.3, 62.1, 66.8, 80.9, 84.1, 88.5, 94.3, 98.4, 340, 746, 29, 
212, 1225, 66, 22, 49, 2, 29, 36, 977, 130, 1419, 947, 6, 783, 
1461, 1565, 1706, 1617, 1469, 100, 100, 100, 100, 100, 100, 100, 
100, 100, 100, 100, 2500, 2500, 2500, 2500, 2500, 2500, 2500, 
2500, 2500, 2500, 2500, 7224.691, 12761.951, 7054.336, 14657.835, 
17202.042, 12366.769, 12089.271, 19295.002, 26549.155, 45527.866, 
23183.094, 14.96442, 14.62049, 14.97015, 14.76984, 14.99602, 
12.29648, 12.84862, 13.38953, 10.73663, 14.76927, 14.32409, -3.43882, 
-7.36603, -7.54912, -7.56302, -5.65339, -5.45125, -5.06821, -4.89509, 
-5.29642, -5.39589, -4.87091, 0, 0, 0, 0, 0, 0, 0, 0, 0, 0, 0, 
0, 0, 0, 0, 0, 0, 0, 0, 0, 0, 0, 0.93977, 0.93728, 0.96182, 0.98584, 
0.98032, 0.99688, 0.99714, 1, 1, 1, 1, 0.92612, 0.95361, 0.96537, 
0.98584, 0.97366, 0.98769, 0.99143, 1, 1, 1, 1, 0.0215, 0.2519, 
0.4179, 0.5281, 0.2498, 0.1758, 0.2249, 0.2385, 0.35, 0.8062, 
0.408, 65.8, 56.2, 59.3, 64.8, 64.4, 69.1, 80.1, 86.4, 95.9, 
93.8, 96.9, 25, 150, 1725, 383, 579, 155, 82, 33, 23, 145, 35, 
4, 2, 1, 5, 3, 6, 23, 56, 64, 26, 89, 100, 100, 100, 100, 100, 
100, 100, 100, 100, 100, 100, 2500, 2500, 2500, 2500, 2500, 2500, 
2500, 2500, 2500, 2500, 2500, 7377.817, 7154.578, 7240.037, 7708.53200000001, 
7821.739, 7876.44600000001, 8121.75400000002, 8164.50400000002, 
8441.266, 8871.71099999998, 9603.40700000001, 1, 1, 1, 1, 1, 
1, 1, 1, 1, 1, 1, 0.16667, 0.16667, 0.16667, 0.16667, 0.16667, 
0.16667, 0.16667, 0.16667, 0.16667, 0.16667, 0.16667, 0, 0, 0, 
0, 0, 0, 0, 0, 0, 0, 0, 0, 0, 0, 0, 0, 0, 0, 0, 0, 0, 0, 0.88906, 
0.86896, 0.88457, 0.89704, 0.89172, 0.90805, 0.89361, 0.91371, 
0.91083, 0.90865, 0.91474, 0.875, 0.87295, 0.88103, 0.8899, 0.89484, 
0.9017, 0.89345, 0.90545, 0.91077, 0.91115, 0.91009, 0.0181, 
0.0194, 0.0211, 0.024, 0.0257, 0.0283, 0.0307, 0.0331, 0.0371, 
0.0388, 0.0437, 125.3, 136.8, 144.4, 151.9, 162.9, 171.4, 184.7, 
192.9, 203.8, 214.4, 223.3, 1, 1, 1, 1, 1, 1, 1, 1, 1, 1, 1, 
1, 1, 1, 1, 1, 1, 1, 1, 1, 1, 1, 1, 1, 1, 1, 1, 1, 1, 1, 1, 1, 
1, 1, 1, 1, 1, 1, 1, 1, 1, 1, 1, 1, 2.921, 2.775, 2.762, 2.909, 
2.926, 2.939, 2.977, 2.955, 2.853, 2.963, 2.946), .Dim = c(11L, 
40L), .Dimnames = list(NULL, c("Sampling", "PSO.cost", "PSO.gamma", 
"PSO.data.balancing", "PSO.feature.selection", "PSO.valid.acc", 
"PSO.test.acc", "PSO.train.time", "PSO.n.support.vectors", "PSO.index", 
"PSO.n.solutions", "PSO.generations", "PSO.n.evaluations", "PSO.cpu.time", 
"RS.cost", "RS.gamma", "RS.data.balancing", "RS.feature.selection", 
"RS.valid.acc", "RS.test.acc", "RS.train.time", "RS.n.support.vectors", 
"RS.index", "RS.n.solutions", "RS.generations", "RS.n.evaluations", 
"RS.cpu.time", "DF.cost", "DF.gamma", "DF.data.balancing", "DF.feature.selection", 
"DF.valid.acc", "DF.test.acc", "DF.train.time", "DF.n.support.vectors", 
"DF.index", "DF.n.solutions", "DF.generations", "DF.n.evaluations", 
"DF.cpu.time")))
