full <-
structure(c(50, 55, 60, 65, 70, 75, 80, 85, 90, 95, 100, 14.70345, 
15, 15, 14.51589, 14.23964, 15, 12.30662, 12.52703, 15, 13.92364, 
12.63873, -9.20203, -7.87579, -7.53913, -7.25018, -7.06892, -5.21439, 
-4.82292, -5.35321, -6.24916, -6.32783, -5.38846, 0, 0, 0, 0, 
0, 0, 0, 0, 0, 0, 0, 0, 0, 0, 0, 0, 0, 0, 0, 0, 0, 0, 0.94495, 
0.99149, 0.98446, 0.9857, 0.98677, 0.98769, 1, 1, 1, 1, 1, 0.94495, 
0.99149, 0.9846, 0.9788, 0.98344, 0.97272, 1, 1, 1, 1, 1, 0.2083, 
0.4079, 0.704, 0.6072, 0.9496, 0.2103, 0.1943, 0.6326, 3.3815, 
2.5977, 0.8562, 56.7, 62.5, 62.4, 64.3, 67.7, 73.7, 83.5, 89.9, 
87.9, 92.3, 94.3, 979, 188, 110, 86, 77, 101, 40, 36, 45, 7, 
24, 78, 984, 1204, 1370, 1348, 1210, 1500, 1398, 1481, 1700, 
1428, 100, 100, 100, 100, 100, 100, 100, 100, 100, 100, 100, 
2500, 2500, 2500, 2500, 2500, 2500, 2500, 2500, 2500, 2500, 2500, 
8863.621, 14204.039, 18496.704, 18566.903, 28483.283, 11651.82, 
16606.162, 25439.656, 34101.228, 24924.121, 26749.838, 2.83583, 
14.01112, 14.11995, 14.77494, 14.65659, 12.91174, 13.1594, 8.3733, 
14.53063, 13.93994, 14.43317, -3.54552, -7.23768, -7.25192, -7.78664, 
-7.65647, -5.18072, -5.74263, -4.21075, -5.51744, -4.28969, -4.98663, 
0, 0, 0, 0, 0, 0, 0, 0, 0, 0, 0, 0, 0, 0, 0, 0, 0, 0, 0, 0, 0, 
0, 0.9406, 0.98315, 0.98446, 0.9857, 0.98677, 0.98769, 1, 1, 
1, 1, 1, 0.92612, 0.9788, 0.9806, 0.98225, 0.98677, 0.97272, 
1, 0.99737, 0.99744, 1, 1, 0.0168, 0.2947, 0.4494, 0.4798, 1.006, 
0.1966, 0.5909, 0.1061, 0.9673, 0.1619, 0.4681, 85.4, 60.3, 64.5, 
70.7, 73.8, 73.9, 79.5, 94.3, 90, 97.5, 96.8, 1900, 1722, 152, 
288, 38, 56, 2, 1, 67, 26, 12, 1, 1, 3, 10, 12, 4, 81, 69, 36, 
130, 109, 100, 100, 100, 100, 100, 100, 100, 100, 100, 100, 100, 
2500, 2500, 2500, 2500, 2500, 2500, 2500, 2500, 2500, 2500, 2500, 
7183.643, 7271.233, 7280.122, 6986.79299999999, 7522.273, 7673.31599999999, 
7827.046, 8385.75, 8650.734, 9177.886, 9676.27299999999, 1, 1, 
1, 1, 1, 1, 1, 1, 1, 1, 1, 0.16667, 0.16667, 0.16667, 0.16667, 
0.16667, 0.16667, 0.16667, 0.16667, 0.16667, 0.16667, 0.16667, 
0, 0, 0, 0, 0, 0, 0, 0, 0, 0, 0, 0, 0, 0, 0, 0, 0, 0, 0, 0, 0, 
0, 0.89298, 0.89873, 0.89967, 0.88358, 0.9143, 0.8801, 0.89654, 
0.89171, 0.8978, 0.90609, 0.90224, 0.89733, 0.89475, 0.88044, 
0.90463, 0.90796, 0.88368, 0.90225, 0.8969, 0.89504, 0.90366, 
0.89731, 0.0176, 0.0197, 0.0214, 0.0227, 0.0259, 0.0283, 0.0309, 
0.0338, 0.0361, 0.0373, 0.0414, 122.8, 133.4, 143.7, 152.1, 157, 
172.6, 184.7, 194.1, 205.9, 213.5, 223.1, 1, 1, 1, 1, 1, 1, 1, 
1, 1, 1, 1, 1, 1, 1, 1, 1, 1, 1, 1, 1, 1, 1, 1, 1, 1, 1, 1, 1, 
1, 1, 1, 1, 1, 1, 1, 1, 1, 1, 1, 1, 1, 1, 1, 1, 2.675, 2.794, 
2.78, 2.747, 2.864, 2.72, 2.793, 2.872, 2.885, 2.719, 2.812), .Dim = c(11L, 
40L), .Dimnames = list(NULL, c("Sampling", "PSO.cost", "PSO.gamma", 
"PSO.data.balancing", "PSO.feature.selection", "PSO.valid.acc", 
"PSO.test.acc", "PSO.train.time", "PSO.n.support.vectors", "PSO.index", 
"PSO.n.solutions", "PSO.generations", "PSO.n.evaluations", "PSO.cpu.time", 
"RS.cost", "RS.gamma", "RS.data.balancing", "RS.feature.selection", 
"RS.valid.acc", "RS.test.acc", "RS.train.time", "RS.n.support.vectors", 
"RS.index", "RS.n.solutions", "RS.generations", "RS.n.evaluations", 
"RS.cpu.time", "DF.cost", "DF.gamma", "DF.data.balancing", "DF.feature.selection", 
"DF.valid.acc", "DF.test.acc", "DF.train.time", "DF.n.support.vectors", 
"DF.index", "DF.n.solutions", "DF.generations", "DF.n.evaluations", 
"DF.cpu.time")))
