full <-
structure(c(50, 55, 60, 65, 70, 75, 80, 85, 90, 95, 100, 9.08062, 
12.00747, 14.71158, 15, 14.23442, 11.37184, 14.20054, 14.87921, 
10.83821, 13.06902, 11.89438, -7.36141, -5.50876, -5.96126, -6.22365, 
-5.62777, -5.12682, -4.44313, -5.99399, -5.44694, -6.01578, -5.11286, 
0, 0, 0, 0, 0, 0, 0, 0, 0, 0, 0, 0, 0, 0, 0, 0, 0, 0, 0, 0, 0, 
0, 0.91667, 0.91573, 0.96105, 0.95714, 1, 1, 1, 1, 1, 1, 1, 0.9119, 
0.90722, 0.96149, 0.94614, 0.99355, 1, 1, 1, 1, 1, 1, 0.0264, 
0.0802, 0.2868, 0.4825, 0.3763, 0.2803, 0.1376, 1.8774, 0.4418, 
1.9637, 0.566, 79.7, 57.7, 62, 63.8, 73.4, 85.9, 88.9, 87.7, 
101.5, 98.2, 96.1, 452, 1360, 139, 98, 16, 5, 19, 46, 11, 4, 
24, 65, 10, 1529, 1295, 1470, 1624, 1593, 1391, 1433, 1571, 1405, 
100, 100, 100, 100, 100, 100, 100, 100, 100, 100, 100, 2500, 
2500, 2500, 2500, 2500, 2500, 2500, 2500, 2500, 2500, 2500, 7248.017, 
7592.813, 12636.386, 15756.624, 11559.125, 17281.878, 13956.185, 
42041.053, 43063.743, 23366.491, 26142.905, 8.93876, 3.7412, 
14.49194, 14.55455, 13.34382, 12.31452, 14.56679, 13.92725, 13.25105, 
12.05795, 10.90252, -7.32613, -5.18277, -5.77952, -5.95982, -5.45017, 
-5.45092, -4.06873, -5.59822, -5.82774, -5.27705, -4.73965, 0, 
0, 0, 0, 0, 0, 0, 0, 0, 0, 0, 0, 0, 0, 0, 0, 0, 0, 0, 0, 0, 0, 
0.91667, 0.91173, 0.96105, 0.95714, 1, 1, 1, 1, 1, 1, 1, 0.9119, 
0.90322, 0.96149, 0.95354, 0.99355, 1, 1, 1, 1, 1, 1, 0.0269, 
0.0196, 0.2307, 0.3323, 0.2943, 0.4308, 0.0842, 0.9164, 1.4933, 
0.7752, 0.3317, 80.8, 108.5, 62.8, 64.9, 74.6, 83.4, 90.8, 90.4, 
89.8, 95.8, 96.7, 32, 112, 1529, 644, 43, 111, 5, 79, 9, 11, 
43, 6, 16, 6, 2, 64, 55, 117, 37, 108, 98, 114, 100, 100, 100, 
100, 100, 100, 100, 100, 100, 100, 100, 2500, 2500, 2500, 2500, 
2500, 2500, 2500, 2500, 2500, 2500, 2500, 7085.684, 7222.608, 
7460.484, 7205.62099999999, 7362.41100000001, 7737.149, 8200.61799999999, 
8612.20999999999, 9182.84899999999, 9226.038, 9983.19399999996, 
1, 1, 1, 1, 1, 1, 1, 1, 1, 1, 1, 0.16667, 0.16667, 0.16667, 0.16667, 
0.16667, 0.16667, 0.16667, 0.16667, 0.16667, 0.16667, 0.16667, 
0, 0, 0, 0, 0, 0, 0, 0, 0, 0, 0, 0, 0, 0, 0, 0, 0, 0, 0, 0, 0, 
0, 0.86537, 0.86951, 0.8687, 0.83993, 0.89452, 0.88939, 0.89965, 
0.89463, 0.9022, 0.90587, 0.89575, 0.84654, 0.86896, 0.869, 0.861, 
0.88473, 0.89858, 0.89957, 0.89726, 0.8895, 0.90836, 0.8958, 
0.0185, 0.0202, 0.0219, 0.0226, 0.0252, 0.027, 0.0296, 0.0323, 
0.0364, 0.0373, 0.0408, 124, 132.2, 147.1, 155.4, 163.6, 176.7, 
188.1, 197.3, 207, 215.9, 221.2, 1, 1, 1, 1, 1, 1, 1, 1, 1, 1, 
1, 1, 1, 1, 1, 1, 1, 1, 1, 1, 1, 1, 1, 1, 1, 1, 1, 1, 1, 1, 1, 
1, 1, 1, 1, 1, 1, 1, 1, 1, 1, 1, 1, 1, 2.877, 2.86, 2.865, 2.752, 
2.791, 2.907, 2.881, 2.895, 2.896, 2.731, 3.093), .Dim = c(11L, 
40L), .Dimnames = list(NULL, c("Sampling", "PSO.cost", "PSO.gamma", 
"PSO.data.balancing", "PSO.feature.selection", "PSO.valid.acc", 
"PSO.test.acc", "PSO.train.time", "PSO.n.support.vectors", "PSO.index", 
"PSO.n.solutions", "PSO.generations", "PSO.n.evaluations", "PSO.cpu.time", 
"RS.cost", "RS.gamma", "RS.data.balancing", "RS.feature.selection", 
"RS.valid.acc", "RS.test.acc", "RS.train.time", "RS.n.support.vectors", 
"RS.index", "RS.n.solutions", "RS.generations", "RS.n.evaluations", 
"RS.cpu.time", "DF.cost", "DF.gamma", "DF.data.balancing", "DF.feature.selection", 
"DF.valid.acc", "DF.test.acc", "DF.train.time", "DF.n.support.vectors", 
"DF.index", "DF.n.solutions", "DF.generations", "DF.n.evaluations", 
"DF.cpu.time")))
