full <-
structure(c(50, 55, 60, 65, 70, 75, 80, 85, 90, 95, 100, 5.57343, 
8.14769, 14.21047, 10.5086, 15, 14.78128, 12.02028, 15, 12.23595, 
10.57238, 14.3744, -3.54878, -4.14706, -5.83219, -4.66693, -5.12912, 
-6.08182, -5.62541, -5.17234, -5.03582, -5.12742, -6.14641, 0, 
0, 0, 0, 0, 0, 0, 0, 0, 0, 0, 0, 0, 0, 0, 0, 0, 0, 0, 0, 0, 0, 
0.92121, 0.93761, 0.98445, 0.98227, 0.97376, 0.99688, 1, 1, 1, 
1, 1, 0.87987, 0.92352, 0.95782, 0.96096, 0.98022, 0.99394, 1, 
1, 1, 1, 1, 0.0204, 0.0324, 0.2464, 0.0744, 0.1402, 0.7406, 0.5653, 
0.4399, 0.4377, 0.4005, 2.8271, 78.3, 71.2, 62.2, 68.8, 67.7, 
71.9, 89.7, 87.4, 92, 99.8, 91.6, 425, 618, 166, 438, 98, 141, 
46, 64, 26, 13, 4, 81, 93, 1196, 231, 1666, 1494, 1749, 1483, 
1801, 1566, 1404, 100, 100, 100, 100, 100, 100, 100, 100, 100, 
100, 100, 2500, 2500, 2500, 2500, 2500, 2500, 2500, 2500, 2500, 
2500, 2500, 6344.487, 6336.618, 11136.376, 7937.412, 10724.775, 
24577.952, 19998.05, 28264.325, 17972.703, 14701.407, 37773.808, 
5.56124, 8.9558, 13.91228, 10.42374, 13.75163, 14.87043, 14.64541, 
14.8453, 11.39283, 9.8897, 14.6909, -3.517, -2.7047, -5.57097, 
-4.66877, -5.10057, -6.02204, -6.34881, -5.06919, -4.56739, -4.88037, 
-4.43815, 0, 0, 0, 0, 0, 0, 0, 0, 0, 0, 0, 0, 0, 0, 0, 0, 0, 
0, 0, 0, 0, 0, 0.92121, 0.93657, 0.98075, 0.98227, 0.97376, 0.99688, 
1, 1, 1, 1, 1, 0.88442, 0.93604, 0.96153, 0.96096, 0.98022, 0.99394, 
1, 1, 1, 1, 1, 0.0197, 0.022, 0.1784, 0.0767, 0.1288, 0.687, 
1.9025, 0.3821, 0.2147, 0.2898, 0.2277, 78.7, 94, 62.7, 68.7, 
67.8, 72.6, 83.7, 87.7, 93.3, 100.9, 97.6, 604, 221, 121, 1579, 
96, 77, 6, 171, 7, 34, 12, 1, 6, 18, 1, 35, 2, 53, 31, 84, 125, 
66, 100, 100, 100, 100, 100, 100, 100, 100, 100, 100, 100, 2500, 
2500, 2500, 2500, 2500, 2500, 2500, 2500, 2500, 2500, 2500, 6276.035, 
6562.052, 6778.056, 6676.896, 6912.311, 6867.386, 7650.38600000001, 
7278.52499999999, 8247.65100000001, 8563.77499999999, 8925.63800000001, 
1, 1, 1, 1, 1, 1, 1, 1, 1, 1, 1, 0.16667, 0.16667, 0.16667, 0.16667, 
0.16667, 0.16667, 0.16667, 0.16667, 0.16667, 0.16667, 0.16667, 
0, 0, 0, 0, 0, 0, 0, 0, 0, 0, 0, 0, 0, 0, 0, 0, 0, 0, 0, 0, 0, 
0, 0.81558, 0.87031, 0.84088, 0.86909, 0.87183, 0.86487, 0.88807, 
0.88322, 0.90313, 0.90099, 0.90716, 0.82489, 0.86196, 0.86012, 
0.85825, 0.8686, 0.86496, 0.88807, 0.88856, 0.90044, 0.90105, 
0.90954, 0.0176, 0.0185, 0.0197, 0.0226, 0.024, 0.0264, 0.0303, 
0.0305, 0.034, 0.0341, 0.0398, 125, 135.6, 146.1, 154.8, 167.1, 
178.2, 189.1, 194.7, 205.3, 212.5, 223.1, 1, 1, 1, 1, 1, 1, 1, 
1, 1, 1, 1, 1, 1, 1, 1, 1, 1, 1, 1, 1, 1, 1, 1, 1, 1, 1, 1, 1, 
1, 1, 1, 1, 1, 1, 1, 1, 1, 1, 1, 1, 1, 1, 1, 1, 2.554, 2.494, 
2.481, 2.515, 2.494, 2.496, 2.728, 2.527, 2.673, 2.485, 2.797
), .Dim = c(11L, 40L), .Dimnames = list(NULL, c("Sampling", "PSO.cost", 
"PSO.gamma", "PSO.data.balancing", "PSO.feature.selection", "PSO.valid.acc", 
"PSO.test.acc", "PSO.train.time", "PSO.n.support.vectors", "PSO.index", 
"PSO.n.solutions", "PSO.generations", "PSO.n.evaluations", "PSO.cpu.time", 
"RS.cost", "RS.gamma", "RS.data.balancing", "RS.feature.selection", 
"RS.valid.acc", "RS.test.acc", "RS.train.time", "RS.n.support.vectors", 
"RS.index", "RS.n.solutions", "RS.generations", "RS.n.evaluations", 
"RS.cpu.time", "DF.cost", "DF.gamma", "DF.data.balancing", "DF.feature.selection", 
"DF.valid.acc", "DF.test.acc", "DF.train.time", "DF.n.support.vectors", 
"DF.index", "DF.n.solutions", "DF.generations", "DF.n.evaluations", 
"DF.cpu.time")))
