full <-
structure(c(50, 55, 60, 65, 70, 75, 80, 85, 90, 95, 100, 8.13049, 
15, 15, 14.89203, 15, 14.35121, 14.60909, 11.16041, 13.74923, 
11.12004, 13.92915, -3.94177, -6.18546, -4.91043, -5.2651, -6.24106, 
-6.04617, -5.5666, -5.09417, -4.99992, -4.17891, -4.43159, 0, 
0, 0, 0, 0, 0, 0, 0, 0, 0, 0, 0, 0, 0, 0, 0, 0, 0, 0, 0, 0, 0, 
0.92285, 0.93743, 0.95413, 0.96107, 0.98355, 0.99688, 0.99429, 
1, 1, 1, 1, 0.89945, 0.90878, 0.94997, 0.94345, 0.97665, 0.99072, 
0.99429, 1, 1, 1, 1, 0.0264, 0.2164, 0.0734, 0.1366, 0.5426, 
1.0937, 0.7096, 0.3988, 0.4479, 0.1402, 0.223, 64.6, 54.5, 62.2, 
62.7, 62.6, 75.4, 85.3, 92.9, 92.9, 97.5, 98.8, 827, 121, 121, 
84, 394, 73, 3, 41, 7, 42, 12, 85, 1137, 941, 931, 214, 1374, 
1622, 1484, 1679, 1448, 1631, 100, 100, 100, 100, 100, 100, 100, 
100, 100, 100, 100, 2500, 2500, 2500, 2500, 2500, 2500, 2500, 
2500, 2500, 2500, 2500, 7476.148, 11489.265, 8478.468, 12334.606, 
18571.565, 32083.345, 35843.537, 25351.64, 30120.667, 22062.003, 
30798.218, 13.65467, 14.90233, 11.40926, 14.24055, 14.98497, 
14.78769, 14.42498, 14.81427, 14.9813, 14.50721, 13.85086, -3.89094, 
-6.1594, -4.7707, -5.26631, -6.0405, -5.92268, -5.35641, -5.27932, 
-5.54212, -5.67509, -4.30664, 0, 0, 0, 0, 0, 0, 0, 0, 0, 0, 0, 
0, 0, 0, 0, 0, 0, 0, 0, 0, 0, 0, 0.92265, 0.93743, 0.95043, 0.96107, 
0.98022, 0.99688, 0.99429, 1, 1, 1, 1, 0.89945, 0.90878, 0.94997, 
0.94345, 0.97998, 0.99384, 0.99429, 1, 1, 1, 1, 0.0261, 0.2083, 
0.0724, 0.1399, 0.4561, 0.8895, 0.5199, 0.5715, 1.0691, 1.3254, 
0.1826, 65, 54.8, 62.7, 62.7, 62.4, 75.5, 86, 90.3, 92, 91.5, 
99.4, 48, 65, 262, 656, 356, 220, 140, 33, 45, 9, 29, 14, 2, 
5, 2, 3, 5, 25, 74, 67, 101, 89, 100, 100, 100, 100, 100, 100, 
100, 100, 100, 100, 100, 2500, 2500, 2500, 2500, 2500, 2500, 
2500, 2500, 2500, 2500, 2500, 7432.702, 7529.656, 9969.309, 9680.40399999999, 
10069.639, 10717.834, 11888.767, 13503.834, 13824.051, 14103.5, 
14538.969, 1, 1, 1, 1, 1, 1, 1, 1, 1, 1, 1, 0.16667, 0.16667, 
0.16667, 0.16667, 0.16667, 0.16667, 0.16667, 0.16667, 0.16667, 
0.16667, 0.16667, 0, 0, 0, 0, 0, 0, 0, 0, 0, 0, 0, 0, 0, 0, 0, 
0, 0, 0, 0, 0, 0, 0, 0.8711, 0.88543, 0.86971, 0.87635, 0.88504, 
0.88625, 0.89939, 0.91393, 0.90786, 0.9011, 0.91442, 0.87608, 
0.8778, 0.88082, 0.88016, 0.87759, 0.88616, 0.90225, 0.88689, 
0.89266, 0.89884, 0.90739, 0.0186, 0.0198, 0.0237, 0.0259, 0.027, 
0.0297, 0.0353, 0.04, 0.0409, 0.0424, 0.0444, 125.2, 134.6, 142.8, 
150.9, 160.6, 171.5, 181.9, 193.2, 203.3, 215, 221.2, 1, 1, 1, 
1, 1, 1, 1, 1, 1, 1, 1, 1, 1, 1, 1, 1, 1, 1, 1, 1, 1, 1, 1, 1, 
1, 1, 1, 1, 1, 1, 1, 1, 1, 1, 1, 1, 1, 1, 1, 1, 1, 1, 1, 1, 2.869, 
2.806, 3.822, 3.964, 3.847, 3.935, 4.734, 4.927, 5.214, 4.502, 
4.662), .Dim = c(11L, 40L), .Dimnames = list(NULL, c("Sampling", 
"PSO.cost", "PSO.gamma", "PSO.data.balancing", "PSO.feature.selection", 
"PSO.valid.acc", "PSO.test.acc", "PSO.train.time", "PSO.n.support.vectors", 
"PSO.index", "PSO.n.solutions", "PSO.generations", "PSO.n.evaluations", 
"PSO.cpu.time", "RS.cost", "RS.gamma", "RS.data.balancing", "RS.feature.selection", 
"RS.valid.acc", "RS.test.acc", "RS.train.time", "RS.n.support.vectors", 
"RS.index", "RS.n.solutions", "RS.generations", "RS.n.evaluations", 
"RS.cpu.time", "DF.cost", "DF.gamma", "DF.data.balancing", "DF.feature.selection", 
"DF.valid.acc", "DF.test.acc", "DF.train.time", "DF.n.support.vectors", 
"DF.index", "DF.n.solutions", "DF.generations", "DF.n.evaluations", 
"DF.cpu.time")))
