full <-
structure(c(50, 55, 60, 65, 70, 75, 80, 85, 90, 95, 100, 13.19495, 
14.38037, 10.75607, 14.67626, 15, 15, 15, 9.6044, 13.10641, 9.63333, 
13.51068, -4.28538, -3.11301, -4.91417, -5.93297, -6.45737, -6.3862, 
-5.75521, -4.54561, -5.40794, -4.9527, -5.93247, 0, 0, 0, 0, 
0, 0, 0, 0, 0, 0, 0, 0, 0, 0, 0, 0, 0, 0, 0, 0, 0, 0, 0.90238, 
0.9164, 0.94181, 0.96453, 0.99022, 1, 1, 1, 1, 1, 1, 0.8974, 
0.91238, 0.92982, 0.96084, 0.9771, 1, 0.99429, 0.9973, 1, 1, 
1, 0.031, 0.0238, 0.0811, 0.3174, 0.6894, 1.1762, 0.7579, 0.152, 
0.6463, 0.2629, 2.1609, 58.7, 80.9, 66.3, 61.9, 64.8, 72.4, 79.7, 
90.4, 87.2, 105.1, 94, 173, 17, 567, 1597, 291, 463, 98, 37, 
55, 4, 3, 318, 1271, 143, 13, 89, 1, 1287, 1454, 1458, 1575, 
1692, 100, 100, 100, 100, 100, 100, 100, 100, 100, 100, 100, 
2500, 2500, 2500, 2500, 2500, 2500, 2500, 2500, 2500, 2500, 2500, 
7244.017, 6651.601, 8014.146, 11060.849, 19370.629, 26343.86, 
26301.754, 17316.725, 32773.354, 17410.306, 66091.414, 14.47638, 
9.24618, 10.86272, 13.76496, 14.23812, 14.9917, 14.79598, 9.92253, 
14.81066, 7.77501, 11.62171, -4.29206, -3.17113, -4.93602, -4.7019, 
-6.09393, -6.32938, -6.27572, -4.26957, -6.74216, -3.94291, -5.28052, 
0, 0, 0, 0, 0, 0, 0, 0, 0, 0, 0, 0, 0, 0, 0, 0, 0, 0, 0, 0, 0, 
0, 0.90238, 0.9164, 0.94181, 0.95751, 0.98688, 0.99697, 1, 1, 
1, 1, 1, 0.8974, 0.90804, 0.93367, 0.95369, 0.98032, 1, 0.99429, 
0.99174, 1, 0.99756, 1, 0.0304, 0.025, 0.0802, 0.0797, 0.4489, 
1.1308, 1.5933, 0.1132, 3.4151, 0.0956, 0.7731, 58.7, 80.2, 65.8, 
68.9, 65.5, 72.5, 79, 90.5, 90.8, 102.6, 97.6, 1103, 29, 396, 
26, 1465, 1115, 303, 11, 14, 49, 61, 2, 13, 1, 7, 1, 1, 9, 77, 
47, 110, 42, 100, 100, 100, 100, 100, 100, 100, 100, 100, 100, 
100, 2500, 2500, 2500, 2500, 2500, 2500, 2500, 2500, 2500, 2500, 
2500, 6698.462, 6957.292, 7215.701, 6958.22, 6930.87199999999, 
7356.829, 7423.372, 7519.00399999999, 8584.96800000002, 8904.43400000001, 
9521.609, 1, 1, 1, 1, 1, 1, 1, 1, 1, 1, 1, 0.16667, 0.16667, 
0.16667, 0.16667, 0.16667, 0.16667, 0.16667, 0.16667, 0.16667, 
0.16667, 0.16667, 0, 0, 0, 0, 0, 0, 0, 0, 0, 0, 0, 0, 0, 0, 0, 
0, 0, 0, 0, 0, 0, 0, 0.84719, 0.88319, 0.87314, 0.87943, 0.88526, 
0.89536, 0.89622, 0.90808, 0.90311, 0.91063, 0.90516, 0.84242, 
0.86145, 0.8804, 0.87586, 0.88182, 0.89252, 0.89933, 0.91064, 
0.90817, 0.91057, 0.89802, 0.0171, 0.0202, 0.0208, 0.0221, 0.0234, 
0.0273, 0.0303, 0.0314, 0.0331, 0.0375, 0.0405, 125.5, 136.2, 
145.8, 152.3, 159, 170.7, 182.9, 193.7, 203, 215.4, 221.1, 1, 
1, 1, 1, 1, 1, 1, 1, 1, 1, 1, 1, 1, 1, 1, 1, 1, 1, 1, 1, 1, 1, 
1, 1, 1, 1, 1, 1, 1, 1, 1, 1, 1, 1, 1, 1, 1, 1, 1, 1, 1, 1, 1, 
1, 2.605, 2.681, 2.775, 2.618, 2.507, 2.729, 2.709, 2.576, 2.787, 
2.879, 2.857), .Dim = c(11L, 40L), .Dimnames = list(NULL, c("Sampling", 
"PSO.cost", "PSO.gamma", "PSO.data.balancing", "PSO.feature.selection", 
"PSO.valid.acc", "PSO.test.acc", "PSO.train.time", "PSO.n.support.vectors", 
"PSO.index", "PSO.n.solutions", "PSO.generations", "PSO.n.evaluations", 
"PSO.cpu.time", "RS.cost", "RS.gamma", "RS.data.balancing", "RS.feature.selection", 
"RS.valid.acc", "RS.test.acc", "RS.train.time", "RS.n.support.vectors", 
"RS.index", "RS.n.solutions", "RS.generations", "RS.n.evaluations", 
"RS.cpu.time", "DF.cost", "DF.gamma", "DF.data.balancing", "DF.feature.selection", 
"DF.valid.acc", "DF.test.acc", "DF.train.time", "DF.n.support.vectors", 
"DF.index", "DF.n.solutions", "DF.generations", "DF.n.evaluations", 
"DF.cpu.time")))
