full <-
structure(c(50, 55, 60, 65, 70, 75, 80, 85, 90, 95, 100, 9.29083, 
5.04668, 14.36964, 15, 15, 14.45137, 15, 14.49406, 9.41412, 13.37852, 
12.52415, -4.70313, -2.78698, -4.69835, -4.77825, -6.21858, -5.20031, 
-6.12498, -4.75404, -4.62171, -4.99432, -5.36031, 0, 0, 0, 0, 
0, 0, 0, 0, 0, 0, 0, 0, 0, 0, 0, 0, 0, 0, 0, 0, 0, 0, 0.92532, 
0.96594, 0.94968, 0.97167, 0.98688, 0.99688, 1, 1, 1, 1, 1, 0.9119, 
0.94511, 0.96154, 0.97512, 0.99677, 0.99688, 1, 1, 1, 1, 1, 0.0357, 
0.022, 0.0679, 0.0888, 0.8492, 0.319, 1.7683, 0.2418, 0.233, 
0.4548, 0.8178, 60.6, 88.1, 65.5, 68.4, 70.3, 83.9, 80.5, 91.1, 
97.1, 95.8, 97.5, 129, 1907, 70, 66, 152, 101, 81, 15, 45, 59, 
2, 238, 3, 1259, 671, 1374, 1264, 444, 1614, 1415, 1565, 1649, 
100, 100, 100, 100, 100, 100, 100, 100, 100, 100, 100, 2500, 
2500, 2500, 2500, 2500, 2500, 2500, 2500, 2500, 2500, 2500, 6626.33, 
6402.184, 7579.449, 8091.51, 23508.657, 19961.759, 24846.535, 
26277.984, 18557.459, 36068.206, 23065.868, 8.86829, 5.32543, 
11.63333, 14.34742, 14.74839, 14.56363, 11.38142, 11.87721, 12.55237, 
14.38473, 14.96609, -4.54308, -2.7739, -4.705, -4.84281, -6.11119, 
-6.40534, -4.49743, -5.44529, -5.65631, -5.90369, -6.25751, 0, 
0, 0, 0, 0, 0, 0, 0, 0, 0, 0, 0, 0, 0, 0, 0, 0, 0, 0, 0, 0, 0, 
0.92532, 0.96178, 0.94968, 0.97167, 0.98688, 0.99688, 0.99706, 
1, 1, 1, 1, 0.92121, 0.94094, 0.96154, 0.97155, 0.99677, 0.99688, 
0.99126, 1, 1, 1, 1, 0.0333, 0.0221, 0.0677, 0.0959, 0.7043, 
1.8453, 0.1541, 0.6325, 0.9983, 1.8027, 3.9929, 61.3, 88, 65.5, 
68.4, 70.8, 80.1, 88.1, 90.2, 91.8, 89.2, 93.7, 536, 643, 150, 
1467, 1775, 5, 1, 43, 29, 1, 10, 3, 1, 8, 2, 1, 39, 83, 54, 77, 
63, 93, 100, 100, 100, 100, 100, 100, 100, 100, 100, 100, 100, 
2500, 2500, 2500, 2500, 2500, 2500, 2500, 2500, 2500, 2500, 2500, 
6390.04, 6465.978, 6898.503, 6776.525, 7297.42300000001, 7198.175, 
7488.236, 8075.78099999999, 8560.174, 9005.63099999999, 9654.80900000001, 
1, 1, 1, 1, 1, 1, 1, 1, 1, 1, 1, 0.16667, 0.16667, 0.16667, 0.16667, 
0.16667, 0.16667, 0.16667, 0.16667, 0.16667, 0.16667, 0.16667, 
0, 0, 0, 0, 0, 0, 0, 0, 0, 0, 0, 0, 0, 0, 0, 0, 0, 0, 0, 0, 0, 
0, 0.85584, 0.85272, 0.86916, 0.8548, 0.85845, 0.86847, 0.87375, 
0.87528, 0.89551, 0.89843, 0.90965, 0.86104, 0.85688, 0.82715, 
0.85813, 0.84545, 0.86828, 0.87383, 0.87257, 0.89551, 0.88891, 
0.91198, 0.0162, 0.0175, 0.0204, 0.0222, 0.0254, 0.0262, 0.0275, 
0.0314, 0.0356, 0.0372, 0.0408, 116.1, 130.8, 141.4, 156.9, 167.4, 
176.7, 187.4, 197, 206.1, 216.4, 223.5, 1, 1, 1, 1, 1, 1, 1, 
1, 1, 1, 1, 1, 1, 1, 1, 1, 1, 1, 1, 1, 1, 1, 1, 1, 1, 1, 1, 1, 
1, 1, 1, 1, 1, 1, 1, 1, 1, 1, 1, 1, 1, 1, 1, 1, 2.508, 2.393, 
2.676, 2.561, 2.71, 2.471, 2.514, 2.678, 2.777, 2.703, 2.837), .Dim = c(11L, 
40L), .Dimnames = list(NULL, c("Sampling", "PSO.cost", "PSO.gamma", 
"PSO.data.balancing", "PSO.feature.selection", "PSO.valid.acc", 
"PSO.test.acc", "PSO.train.time", "PSO.n.support.vectors", "PSO.index", 
"PSO.n.solutions", "PSO.generations", "PSO.n.evaluations", "PSO.cpu.time", 
"RS.cost", "RS.gamma", "RS.data.balancing", "RS.feature.selection", 
"RS.valid.acc", "RS.test.acc", "RS.train.time", "RS.n.support.vectors", 
"RS.index", "RS.n.solutions", "RS.generations", "RS.n.evaluations", 
"RS.cpu.time", "DF.cost", "DF.gamma", "DF.data.balancing", "DF.feature.selection", 
"DF.valid.acc", "DF.test.acc", "DF.train.time", "DF.n.support.vectors", 
"DF.index", "DF.n.solutions", "DF.generations", "DF.n.evaluations", 
"DF.cpu.time")))
