full <-
structure(c(50, 55, 60, 65, 70, 75, 80, 85, 90, 95, 100, 15, 
12.01801, 4.3745, 14.85303, 15, 14.0768, 13.5041, 11.40342, 10.44281, 
10.45852, 13.00454, -6.08174, -4.50616, -2.38174, -5.41704, -4.98341, 
-5.9258, -5.82662, -4.34007, -4.90422, -4.94121, -5.63677, 0, 
0, 0, 0, 0, 0, 0, 0, 0, 0, 0, 0, 0, 0, 0, 0, 0, 0, 0, 0, 0, 0, 
0.90281, 0.94075, 0.94644, 0.9649, 0.98354, 0.99697, 1, 1, 1, 
1, 1, 0.87013, 0.9364, 0.92246, 0.95776, 0.98083, 0.99697, 1, 
1, 1, 1, 1, 0.1474, 0.0414, 0.0235, 0.1564, 0.1411, 0.595, 0.9588, 
0.1229, 0.3032, 0.4066, 1.544, 50.4, 62.3, 103.3, 64.1, 71.7, 
71.7, 80.9, 90.4, 95, 98.4, 95.2, 61, 150, 1896, 328, 70, 19, 
29, 46, 24, 29, 5, 961, 1086, 7, 824, 992, 1142, 1567, 1372, 
1281, 1504, 1150, 100, 100, 100, 100, 100, 100, 100, 100, 100, 
100, 100, 2500, 2500, 2500, 2500, 2500, 2500, 2500, 2500, 2500, 
2500, 2500, 8537.852, 6920.707, 6537.33, 9588.453, 10225.738, 
17880.338, 32112.416, 15426.448, 29542.411, 16677.536, 44922.012, 
14.98918, 14.28222, 4.46244, 14.74592, 12.68995, 14.94478, 14.88917, 
9.7462, 13.59799, 8.95855, 14.86826, -5.68041, -4.48178, -2.47105, 
-5.50668, -4.71562, -5.82074, -6.50957, -4.57021, -5.86329, -4.76656, 
-5.05075, 0, 0, 0, 0, 0, 0, 0, 0, 0, 0, 0, 0, 0, 0, 0, 0, 0, 
0, 0, 0, 0, 0, 0.90281, 0.94075, 0.94259, 0.96133, 0.98354, 0.99697, 
1, 1, 1, 1, 1, 0.87468, 0.9364, 0.91876, 0.96133, 0.97427, 0.99697, 
1, 1, 1, 0.99756, 1, 0.107, 0.0411, 0.022, 0.1794, 0.1015, 0.49, 
2.7379, 0.1701, 1.6197, 0.1896, 0.6134, 51.9, 62.8, 101.3, 63.5, 
73.6, 71.3, 80, 90.4, 91.5, 107.7, 98.1, 577, 126, 1077, 890, 
125, 664, 47, 33, 5, 30, 3, 3, 3, 2, 3, 16, 4, 20, 70, 70, 95, 
65, 100, 100, 100, 100, 100, 100, 100, 100, 100, 100, 100, 2500, 
2500, 2500, 2500, 2500, 2500, 2500, 2500, 2500, 2500, 2500, 6582.044, 
6567.795, 6585.228, 7018.216, 6862.651, 7124.75200000001, 7367.09700000001, 
7787.78200000001, 8905.709, 8539.989, 9494.913, 1, 1, 1, 1, 1, 
1, 1, 1, 1, 1, 1, 0.16667, 0.16667, 0.16667, 0.16667, 0.16667, 
0.16667, 0.16667, 0.16667, 0.16667, 0.16667, 0.16667, 0, 0, 0, 
0, 0, 0, 0, 0, 0, 0, 0, 0, 0, 0, 0, 0, 0, 0, 0, 0, 0, 0, 0.86623, 
0.87734, 0.87675, 0.89409, 0.90825, 0.90453, 0.92192, 0.91633, 
0.91826, 0.91336, 0.91425, 0.85649, 0.85196, 0.86505, 0.87265, 
0.89159, 0.91078, 0.92781, 0.91904, 0.91569, 0.9158, 0.91203, 
0.0174, 0.0186, 0.0197, 0.0235, 0.0242, 0.0261, 0.028, 0.0295, 
0.033, 0.0372, 0.0397, 124.6, 133.5, 144.5, 154.3, 163.8, 175.2, 
182, 194.2, 202.6, 216.3, 222.5, 1, 1, 1, 1, 1, 1, 1, 1, 1, 1, 
1, 1, 1, 1, 1, 1, 1, 1, 1, 1, 1, 1, 1, 1, 1, 1, 1, 1, 1, 1, 1, 
1, 1, 1, 1, 1, 1, 1, 1, 1, 1, 1, 1, 1, 2.591, 2.546, 2.416, 2.628, 
2.641, 2.558, 2.695, 2.432, 2.579, 2.705, 2.759), .Dim = c(11L, 
40L), .Dimnames = list(NULL, c("Sampling", "PSO.cost", "PSO.gamma", 
"PSO.data.balancing", "PSO.feature.selection", "PSO.valid.acc", 
"PSO.test.acc", "PSO.train.time", "PSO.n.support.vectors", "PSO.index", 
"PSO.n.solutions", "PSO.generations", "PSO.n.evaluations", "PSO.cpu.time", 
"RS.cost", "RS.gamma", "RS.data.balancing", "RS.feature.selection", 
"RS.valid.acc", "RS.test.acc", "RS.train.time", "RS.n.support.vectors", 
"RS.index", "RS.n.solutions", "RS.generations", "RS.n.evaluations", 
"RS.cpu.time", "DF.cost", "DF.gamma", "DF.data.balancing", "DF.feature.selection", 
"DF.valid.acc", "DF.test.acc", "DF.train.time", "DF.n.support.vectors", 
"DF.index", "DF.n.solutions", "DF.generations", "DF.n.evaluations", 
"DF.cpu.time")))
