full <-
structure(c(50, 55, 60, 65, 70, 75, 80, 85, 90, 95, 100, 13.20331, 
5.14225, 14.88805, 3.11155, 13.97528, 13.94485, 15, 12.68823, 
14.40611, 9.37169, 12.50568, -3.04426, -2.5146, -2.68221, -2.31626, 
-5.93705, -6.26779, -5.19719, -5.50922, -6.04303, -4.20355, -4.51509, 
0, 0, 0, 0, 0, 0, 0, 0, 0, 0, 0, 0, 0, 0, 0, 0, 0, 0, 0, 0, 0, 
0, 0.91576, 0.95417, 0.95399, 0.96798, 0.98688, 0.99081, 0.99412, 
1, 1, 1, 1, 0.901, 0.96667, 0.9232, 0.95012, 0.97086, 0.99394, 
0.99437, 1, 1, 0.99762, 0.99767, 0.0226, 0.0225, 0.0278, 0.0263, 
0.4123, 0.6201, 0.2327, 0.534, 1.6754, 0.1408, 0.2461, 81.4, 
99.5, 101.6, 125.9, 66.6, 70.1, 77.1, 81.1, 87.2, 98.9, 100, 
117, 40, 96, 1126, 419, 169, 67, 34, 39, 30, 11, 896, 354, 1061, 
32, 350, 88, 1651, 1179, 1770, 1697, 1532, 100, 100, 100, 100, 
100, 100, 100, 100, 100, 100, 100, 2500, 2500, 2500, 2500, 2500, 
2500, 2500, 2500, 2500, 2500, 2500, 6723.838, 7193.261, 7069.97, 
7227.149, 13653.872, 15642.407, 11751.678, 21877.687, 25884.668, 
12337.723, 19354.397, 8.88509, 14.28627, 6.81611, 10.50261, 13.03449, 
11.49688, 14.30656, 12.30979, 14.63027, 6.91322, 11.66755, -3.11463, 
-4.324, -2.61928, -2.31221, -5.63968, -5.42116, -5.93517, -5.45362, 
-5.92776, -3.67357, -4.75193, 0, 0, 0, 0, 0, 0, 0, 0, 0, 0, 0, 
0, 0, 0, 0, 0, 0, 0, 0, 0, 0, 0, 0.91576, 0.95417, 0.95399, 0.96453, 
0.98366, 0.99081, 0.99412, 1, 1, 1, 1, 0.901, 0.93714, 0.9232, 
0.97143, 0.97086, 0.99091, 0.99437, 1, 1, 0.99762, 1, 0.0217, 
0.0375, 0.0274, 0.0284, 0.2531, 0.182, 0.5928, 0.4647, 1.4686, 
0.0678, 0.3396, 79.8, 62.6, 103.1, 114.4, 68.2, 74.7, 72.3, 82, 
88.1, 104.9, 98.2, 230, 31, 281, 309, 67, 1996, 76, 48, 13, 28, 
25, 18, 18, 5, 11, 5, 1, 29, 34, 65, 146, 109, 100, 100, 100, 
100, 100, 100, 100, 100, 100, 100, 100, 2500, 2500, 2500, 2500, 
2500, 2500, 2500, 2500, 2500, 2500, 2500, 6681.976, 6978.159, 
7028.65199999999, 7207.322, 6884.02500000001, 6879.56400000001, 
7107.765, 7566.16400000002, 7844.785, 8863.63700000002, 9662.58100000001, 
1, 1, 1, 1, 1, 1, 1, 1, 1, 1, 1, 0.16667, 0.16667, 0.16667, 0.16667, 
0.16667, 0.16667, 0.16667, 0.16667, 0.16667, 0.16667, 0.16667, 
0, 0, 0, 0, 0, 0, 0, 0, 0, 0, 0, 0, 0, 0, 0, 0, 0, 0, 0, 0, 0, 
0, 0.85686, 0.87029, 0.83798, 0.84347, 0.86516, 0.89574, 0.88197, 
0.90829, 0.898, 0.90819, 0.91203, 0.85641, 0.88279, 0.83471, 
0.85111, 0.86527, 0.88352, 0.88474, 0.90566, 0.9032, 0.91301, 
0.90511, 0.0182, 0.0201, 0.0211, 0.0222, 0.0241, 0.0254, 0.0285, 
0.0313, 0.0321, 0.0358, 0.0393, 128.6, 137.2, 148.7, 158.9, 167.7, 
178.3, 185.7, 194.3, 204.9, 214.4, 222.6, 1, 1, 1, 1, 1, 1, 1, 
1, 1, 1, 1, 1, 1, 1, 1, 1, 1, 1, 1, 1, 1, 1, 1, 1, 1, 1, 1, 1, 
1, 1, 1, 1, 1, 1, 1, 1, 1, 1, 1, 1, 1, 1, 1, 1, 2.663, 2.762, 
2.71, 2.528, 2.545, 2.406, 2.552, 2.694, 2.459, 2.539, 2.876), .Dim = c(11L, 
40L), .Dimnames = list(NULL, c("Sampling", "PSO.cost", "PSO.gamma", 
"PSO.data.balancing", "PSO.feature.selection", "PSO.valid.acc", 
"PSO.test.acc", "PSO.train.time", "PSO.n.support.vectors", "PSO.index", 
"PSO.n.solutions", "PSO.generations", "PSO.n.evaluations", "PSO.cpu.time", 
"RS.cost", "RS.gamma", "RS.data.balancing", "RS.feature.selection", 
"RS.valid.acc", "RS.test.acc", "RS.train.time", "RS.n.support.vectors", 
"RS.index", "RS.n.solutions", "RS.generations", "RS.n.evaluations", 
"RS.cpu.time", "DF.cost", "DF.gamma", "DF.data.balancing", "DF.feature.selection", 
"DF.valid.acc", "DF.test.acc", "DF.train.time", "DF.n.support.vectors", 
"DF.index", "DF.n.solutions", "DF.generations", "DF.n.evaluations", 
"DF.cpu.time")))
