full <-
structure(c(50, 55, 60, 65, 70, 75, 80, 85, 90, 95, 100, 11.60457, 
13.17983, 15, 13.2932, 15, 13.7808, 13.38782, 14.72606, 11.28195, 
11.20436, 14.79302, -5.15582, -5.89949, -1.9369, -4.76677, -5.80904, 
-6.1154, -5.42114, -6.383, -5.08304, -4.90795, -4.69554, 0, 0, 
0, 0, 0, 0, 0, 0, 0, 0, 0, 0, 0, 0, 0, 0, 0, 0, 0, 0, 0, 0, 0.91746, 
0.94529, 0.94231, 0.96108, 0.99355, 0.99394, 1, 1, 1, 1, 1, 0.88892, 
0.90743, 0.93462, 0.96121, 0.99355, 0.99697, 1, 1, 1, 1, 1, 0.0717, 
0.1998, 0.0248, 0.1108, 0.5497, 0.8057, 0.5137, 2.1892, 0.3714, 
0.3951, 0.3375, 60.5, 59.9, 122.8, 74.6, 73.6, 75.2, 85, 84.1, 
92.1, 96.2, 98.5, 723, 110, 82, 15, 71, 243, 33, 11, 55, 5, 10, 
107, 362, 1365, 1502, 1358, 472, 1572, 1416, 1645, 1567, 1647, 
100, 100, 100, 100, 100, 100, 100, 100, 100, 100, 100, 2500, 
2500, 2500, 2500, 2500, 2500, 2500, 2500, 2500, 2500, 2500, 7966.859, 
9718.331, 7684.44, 8737.997, 14981.207, 30648.775, 24332.142, 
63076.796, 26926.475, 23082.72, 29579.019, 13.21869, 12.60123, 
13.49806, 10.78008, 11.53601, 14.08693, 14.74253, 14.83801, 9.48704, 
13.13715, 14.61574, -5.03543, -5.59204, -4.66288, -4.53983, -5.08797, 
-6.15775, -6.51677, -6.51056, -4.49141, -5.56266, -5.75879, 0, 
0, 0, 0, 0, 0, 0, 0, 0, 0, 0, 0, 0, 0, 0, 0, 0, 0, 0, 0, 0, 0, 
0.91291, 0.94112, 0.94231, 0.96108, 0.99355, 0.99394, 1, 1, 1, 
1, 1, 0.88892, 0.92826, 0.95385, 0.96121, 0.9871, 0.99697, 1, 
1, 0.99487, 1, 1, 0.0697, 0.1359, 0.0717, 0.085, 0.1826, 0.9335, 
2.3706, 2.6803, 0.1591, 1.0446, 1.8746, 60.8, 60.2, 69, 75.4, 
76.4, 75.6, 85.3, 83.6, 93.7, 93.2, 92.2, 508, 98, 52, 111, 18, 
22, 26, 39, 24, 68, 14, 8, 3, 55, 24, 23, 1, 36, 3, 77, 61, 111, 
100, 100, 100, 100, 100, 100, 100, 100, 100, 100, 100, 2500, 
2500, 2500, 2500, 2500, 2500, 2500, 2500, 2500, 2500, 2500, 6760.889, 
6749.994, 6904.829, 7274.541, 8415.482, 9933.227, 10089.313, 
9638.03999999998, 9899.802, 10379.863, 11530.306, 1, 1, 1, 1, 
1, 1, 1, 1, 1, 1, 1, 0.16667, 0.16667, 0.16667, 0.16667, 0.16667, 
0.16667, 0.16667, 0.16667, 0.16667, 0.16667, 0.16667, 0, 0, 0, 
0, 0, 0, 0, 0, 0, 0, 0, 0, 0, 0, 0, 0, 0, 0, 0, 0, 0, 0, 0.84363, 
0.87011, 0.88077, 0.84729, 0.87161, 0.89523, 0.89639, 0.90267, 
0.90301, 0.90331, 0.91479, 0.85707, 0.84511, 0.86154, 0.86527, 
0.87172, 0.87696, 0.89916, 0.89434, 0.90045, 0.88897, 0.91479, 
0.0175, 0.0199, 0.0217, 0.0237, 0.0271, 0.0303, 0.0328, 0.0339, 
0.0336, 0.0424, 0.0395, 131.7, 142, 155.7, 163.9, 172.7, 182.6, 
189.4, 197.9, 206.6, 213, 224.4, 1, 1, 1, 1, 1, 1, 1, 1, 1, 1, 
1, 1, 1, 1, 1, 1, 1, 1, 1, 1, 1, 1, 1, 1, 1, 1, 1, 1, 1, 1, 1, 
1, 1, 1, 1, 1, 1, 1, 1, 1, 1, 1, 1, 1, 2.599, 2.608, 2.634, 2.716, 
3.589, 3.678, 3.698, 3.524, 3.289, 3.685, 3.451), .Dim = c(11L, 
40L), .Dimnames = list(NULL, c("Sampling", "PSO.cost", "PSO.gamma", 
"PSO.data.balancing", "PSO.feature.selection", "PSO.valid.acc", 
"PSO.test.acc", "PSO.train.time", "PSO.n.support.vectors", "PSO.index", 
"PSO.n.solutions", "PSO.generations", "PSO.n.evaluations", "PSO.cpu.time", 
"RS.cost", "RS.gamma", "RS.data.balancing", "RS.feature.selection", 
"RS.valid.acc", "RS.test.acc", "RS.train.time", "RS.n.support.vectors", 
"RS.index", "RS.n.solutions", "RS.generations", "RS.n.evaluations", 
"RS.cpu.time", "DF.cost", "DF.gamma", "DF.data.balancing", "DF.feature.selection", 
"DF.valid.acc", "DF.test.acc", "DF.train.time", "DF.n.support.vectors", 
"DF.index", "DF.n.solutions", "DF.generations", "DF.n.evaluations", 
"DF.cpu.time")))
