full <-
structure(c(50, 55, 60, 65, 70, 75, 80, 85, 90, 95, 100, 15, 
15, 15, 13.41384, 12.2741, 15, 15, 14.28127, 13.11448, 14.36008, 
8.98527, -7.61497, -7.54133, -7.73757, -7.18271, -4.16682, -5.94489, 
-6.08285, -6.3195, -5.90998, -4.51874, -4.32254, 0, 0, 0, 0, 
0, 0, 0, 0, 0, 0, 0, 0, 0, 0, 0, 0, 0, 0, 0, 0, 0, 0, 0.96753, 
0.94091, 0.97335, 0.97167, 0.98666, 0.98182, 1, 1, 1, 1, 1, 0.94933, 
0.93278, 0.96935, 0.97179, 0.97032, 0.96951, 1, 1, 1, 1, 1, 0.3108, 
0.383, 0.6355, 0.2193, 0.0575, 0.5969, 1.1163, 1.3585, 1.3996, 
0.2244, 0.1887, 57.2, 58.9, 67, 72.3, 73.8, 67.7, 78.6, 80.8, 
92.2, 97.2, 102.2, 459, 278, 177, 53, 107, 43, 54, 423, 7, 14, 
4, 35, 1107, 1265, 1127, 1165, 1221, 1566, 52, 1343, 1542, 1248, 
100, 100, 100, 100, 100, 100, 100, 100, 100, 100, 100, 2500, 
2500, 2500, 2500, 2500, 2500, 2500, 2500, 2500, 2500, 2500, 12558.633, 
12629.251, 16402.258, 13657.837, 7915.284, 17599.992, 26930.346, 
28825.054, 34477.332, 35299.982, 21939.374, 14.91244, 14.21234, 
13.72309, 14.96051, 13.22512, 14.77127, 12.46991, 14.3911, 12.51494, 
11.74023, 14.76439, -7.68775, -7.19965, -7.29104, -8.0375, -4.07893, 
-5.82201, -5.5854, -4.96706, -5.87711, -5.3707, -3.74276, 0, 
0, 0, 0, 0, 0, 0, 0, 0, 0, 0, 0, 0, 0, 0, 0, 0, 0, 0, 0, 0, 0, 
0.94955, 0.91572, 0.96935, 0.97167, 0.98666, 0.98182, 1, 0.99737, 
1, 1, 1, 0.94933, 0.92859, 0.95781, 0.97179, 0.97032, 0.96951, 
1, 0.99722, 0.99744, 1, 1, 0.2945, 0.2616, 0.2514, 0.3599, 0.0515, 
0.4893, 0.4609, 0.2729, 1.198, 0.7552, 0.1002, 59.4, 58.9, 70.2, 
74.3, 74.6, 68.6, 81.5, 85.5, 95.2, 96.2, 103.7, 905, 1862, 622, 
46, 74, 232, 451, 174, 8, 39, 112, 1, 1, 2, 11, 12, 3, 15, 50, 
30, 91, 136, 100, 100, 100, 100, 100, 100, 100, 100, 100, 100, 
100, 2500, 2500, 2500, 2500, 2500, 2500, 2500, 2500, 2500, 2500, 
2500, 6553.548, 6558.59600000001, 6795.033, 6662.47, 6974.42999999999, 
7369.162, 7406.196, 7640.69, 8714.111, 8929.712, 9374.80499999999, 
1, 1, 1, 1, 1, 1, 1, 1, 1, 1, 1, 0.16667, 0.16667, 0.16667, 0.16667, 
0.16667, 0.16667, 0.16667, 0.16667, 0.16667, 0.16667, 0.16667, 
0, 0, 0, 0, 0, 0, 0, 0, 0, 0, 0, 0, 0, 0, 0, 0, 0, 0, 0, 0, 0, 
0, 0.83741, 0.83181, 0.90409, 0.90809, 0.91784, 0.90199, 0.894, 
0.91054, 0.89788, 0.90813, 0.91651, 0.84607, 0.85717, 0.87715, 
0.91192, 0.91462, 0.90199, 0.89114, 0.90776, 0.88776, 0.89849, 
0.90736, 0.0173, 0.0185, 0.0206, 0.0225, 0.024, 0.0275, 0.0289, 
0.0317, 0.0323, 0.0363, 0.0374, 123, 133.1, 147.4, 154.8, 165.5, 
177.1, 185.3, 191.7, 206.7, 215.7, 223.8, 1, 1, 1, 1, 1, 1, 1, 
1, 1, 1, 1, 1, 1, 1, 1, 1, 1, 1, 1, 1, 1, 1, 1, 1, 1, 1, 1, 1, 
1, 1, 1, 1, 1, 1, 1, 1, 1, 1, 1, 1, 1, 1, 1, 1, 2.665, 2.51, 
2.549, 2.564, 2.621, 2.718, 2.669, 2.823, 2.505, 2.736, 2.605
), .Dim = c(11L, 40L), .Dimnames = list(NULL, c("Sampling", "PSO.cost", 
"PSO.gamma", "PSO.data.balancing", "PSO.feature.selection", "PSO.valid.acc", 
"PSO.test.acc", "PSO.train.time", "PSO.n.support.vectors", "PSO.index", 
"PSO.n.solutions", "PSO.generations", "PSO.n.evaluations", "PSO.cpu.time", 
"RS.cost", "RS.gamma", "RS.data.balancing", "RS.feature.selection", 
"RS.valid.acc", "RS.test.acc", "RS.train.time", "RS.n.support.vectors", 
"RS.index", "RS.n.solutions", "RS.generations", "RS.n.evaluations", 
"RS.cpu.time", "DF.cost", "DF.gamma", "DF.data.balancing", "DF.feature.selection", 
"DF.valid.acc", "DF.test.acc", "DF.train.time", "DF.n.support.vectors", 
"DF.index", "DF.n.solutions", "DF.generations", "DF.n.evaluations", 
"DF.cpu.time")))
