full <-
structure(c(50, 55, 60, 65, 70, 75, 80, 85, 90, 95, 100, 5.53297, 
8.33238, 14.9973, 13.53526, 13.90847, 11.72381, 13.39258, 14.64258, 
13.20368, 14.88307, 10.91149, -3.31258, -4.07183, -7.47958, -5.63364, 
-5.76945, -4.38752, -4.54631, -4.19906, -4.41869, -6.15734, -4.4122, 
0, 0, 0, 0, 0, 0, 0, 0, 0, 0, 0, 0, 0, 0, 0, 0, 0, 0, 0, 0, 0, 
0, 0.92641, 0.92008, 0.95304, 0.97192, 0.98354, 1, 1, 1, 1, 1, 
1, 0.90368, 0.88654, 0.94594, 0.97894, 0.98366, 1, 0.99714, 1, 
1, 1, 1, 0.0204, 0.0344, 0.4932, 0.1908, 0.3166, 0.1031, 0.1452, 
0.1283, 0.1699, 3.1327, 0.2318, 75.6, 67.3, 63, 62.3, 65.8, 86.1, 
86.4, 93.6, 94.7, 90.6, 100.1, 2051, 1130, 205, 35, 67, 39, 27, 
7, 33, 5, 32, 17, 167, 610, 1388, 1155, 1458, 1436, 1503, 1704, 
1588, 1421, 100, 100, 100, 100, 100, 100, 100, 100, 100, 100, 
100, 2500, 2500, 2500, 2500, 2500, 2500, 2500, 2500, 2500, 2500, 
2500, 6504.042, 6929.571, 15311.467, 12712.429, 14528.296, 15114.855, 
21290.162, 20281.374, 27562.112, 25238.464, 31397.56, 10.22703, 
8.48044, 14.76173, 13.94726, 14.67912, 12.16807, 11.92288, 11.90569, 
13.29466, 13.65909, 13.94177, -3.29977, -4.0766, -7.57232, -5.73052, 
-5.58797, -4.91149, -5.14393, -4.39011, -4.37424, -4.20223, -5.01754, 
0, 0, 0, 0, 0, 0, 0, 0, 0, 0, 0, 0, 0, 0, 0, 0, 0, 0, 0, 0, 0, 
0, 0.91255, 0.92008, 0.94904, 0.97192, 0.98354, 1, 1, 1, 1, 1, 
1, 0.90844, 0.88654, 0.94623, 0.97894, 0.98366, 1, 1, 1, 1, 1, 
1, 0.0213, 0.034, 0.5048, 0.2125, 0.2468, 0.2034, 0.3663, 0.1553, 
0.1564, 0.1577, 0.5245, 71, 67.3, 67.9, 62, 67.2, 84.3, 85.5, 
92.6, 95, 101.1, 97.8, 1382, 2375, 1432, 307, 2, 42, 259, 25, 
35, 18, 13, 1, 1, 1, 8, 10, 65, 49, 120, 62, 143, 59, 100, 100, 
100, 100, 100, 100, 100, 100, 100, 100, 100, 2500, 2500, 2500, 
2500, 2500, 2500, 2500, 2500, 2500, 2500, 2500, 6515.305, 6692.287, 
6770.02, 9325.94300000001, 9392.10000000001, 9868.143, 9964.95799999998, 
10326.493, 10962.142, 11560.532, 9837.31400000001, 1, 1, 1, 1, 
1, 1, 1, 1, 1, 1, 1, 0.16667, 0.16667, 0.16667, 0.16667, 0.16667, 
0.16667, 0.16667, 0.16667, 0.16667, 0.16667, 0.16667, 0, 0, 0, 
0, 0, 0, 0, 0, 0, 0, 0, 0, 0, 0, 0, 0, 0, 0, 0, 0, 0, 0, 0.86602, 
0.88272, 0.88891, 0.89335, 0.88429, 0.89602, 0.9083, 0.89719, 
0.89051, 0.90592, 0.90732, 0.871, 0.88688, 0.88876, 0.8899, 0.88774, 
0.90814, 0.89956, 0.90815, 0.90064, 0.91551, 0.90726, 0.0166, 
0.0187, 0.0203, 0.0252, 0.0273, 0.0303, 0.0322, 0.0342, 0.0373, 
0.0406, 0.0398, 121.3, 134.5, 145.8, 156.2, 167.4, 179.7, 188.6, 
197.2, 209.2, 217.6, 222.2, 1, 1, 1, 1, 1, 1, 1, 1, 1, 1, 1, 
1, 1, 1, 1, 1, 1, 1, 1, 1, 1, 1, 1, 1, 1, 1, 1, 1, 1, 1, 1, 1, 
1, 1, 1, 1, 1, 1, 1, 1, 1, 1, 1, 1, 2.511, 2.58, 2.584, 3.558, 
3.606, 3.591, 3.624, 3.615, 3.756, 3.792, 2.916), .Dim = c(11L, 
40L), .Dimnames = list(NULL, c("Sampling", "PSO.cost", "PSO.gamma", 
"PSO.data.balancing", "PSO.feature.selection", "PSO.valid.acc", 
"PSO.test.acc", "PSO.train.time", "PSO.n.support.vectors", "PSO.index", 
"PSO.n.solutions", "PSO.generations", "PSO.n.evaluations", "PSO.cpu.time", 
"RS.cost", "RS.gamma", "RS.data.balancing", "RS.feature.selection", 
"RS.valid.acc", "RS.test.acc", "RS.train.time", "RS.n.support.vectors", 
"RS.index", "RS.n.solutions", "RS.generations", "RS.n.evaluations", 
"RS.cpu.time", "DF.cost", "DF.gamma", "DF.data.balancing", "DF.feature.selection", 
"DF.valid.acc", "DF.test.acc", "DF.train.time", "DF.n.support.vectors", 
"DF.index", "DF.n.solutions", "DF.generations", "DF.n.evaluations", 
"DF.cpu.time")))
