full <-
structure(c(50, 55, 60, 65, 70, 75, 80, 85, 90, 95, 100, 13.33321, 
6.27379, 15, 15, 15, 11.6229, 12.63412, 12.68269, 9.35, 14.17392, 
15, -3.12166, -2.16871, -7.7472, -7.38186, -6.08775, -5.38361, 
-5.86445, -4.83654, -4.54815, -6.07497, -5.84849, 0, 0, 0, 0, 
0, 0, 0, 0, 0, 0, 0, 0, 0, 0, 0, 0, 0, 0, 0, 0, 0, 0, 0.9075, 
0.94094, 0.97335, 0.97869, 0.9871, 1, 1, 1, 1, 1, 1, 0.92529, 
0.9279, 0.9655, 0.97129, 0.99022, 0.99091, 1, 1, 1, 1, 1, 0.0197, 
0.0221, 0.4921, 0.8514, 0.7142, 0.2687, 0.6949, 0.2787, 0.174, 
2.2602, 2.0035, 72.6, 104.6, 69.6, 67.3, 67.8, 78.8, 87.7, 91.6, 
95.8, 90.1, 90.5, 30, 378, 97, 86, 80, 376, 2, 6, 39, 7, 68, 
1364, 1083, 1049, 1343, 1476, 360, 1636, 1492, 1386, 1382, 1579, 
100, 100, 100, 100, 100, 100, 100, 100, 100, 100, 100, 2500, 
2500, 2500, 2500, 2500, 2500, 2500, 2500, 2500, 2500, 2500, 7381.569, 
7052.411, 15546.123, 24385.718, 17638.322, 13097.715, 20784.099, 
19973.895, 17762.35, 26850.372, 40626.434, 7.32541, 8.37278, 
14.75832, 14.95398, 13.23132, 10.92395, 13.89365, 13.23122, 12.22638, 
13.85108, 14.23333, -2.96578, -2.16932, -7.62995, -7.72656, -5.54, 
-5.17179, -5.06909, -6.01685, -5.11699, -4.52815, -5.21952, 0, 
0, 0, 0, 0, 0, 0, 0, 0, 0, 0, 0, 0, 0, 0, 0, 0, 0, 0, 0, 0, 0, 
0.9075, 0.94094, 0.96965, 0.97869, 0.9871, 0.99697, 1, 1, 1, 
1, 1, 0.9162, 0.9279, 0.9655, 0.97869, 0.99355, 0.99394, 1, 1, 
1, 1, 1, 0.0195, 0.0234, 0.4905, 0.9398, 0.3335, 0.1889, 0.2945, 
1.1893, 0.5303, 0.2067, 0.7541, 76.1, 104.5, 69.5, 74.4, 71.6, 
80.3, 86, 88.1, 91.8, 96.1, 94.9, 29, 646, 222, 357, 238, 170, 
31, 2, 40, 16, 46, 32, 5, 1, 2, 11, 4, 68, 59, 74, 120, 77, 100, 
100, 100, 100, 100, 100, 100, 100, 100, 100, 100, 2500, 2500, 
2500, 2500, 2500, 2500, 2500, 2500, 2500, 2500, 2500, 7290.755, 
7481.825, 7234.478, 7568.158, 7973.022, 8263.878, 8884.71500000003, 
9722.72899999999, 9591.35999999999, 9352.92000000001, 10887.033, 
1, 1, 1, 1, 1, 1, 1, 1, 1, 1, 1, 0.16667, 0.16667, 0.16667, 0.16667, 
0.16667, 0.16667, 0.16667, 0.16667, 0.16667, 0.16667, 0.16667, 
0, 0, 0, 0, 0, 0, 0, 0, 0, 0, 0, 0, 0, 0, 0, 0, 0, 0, 0, 0, 0, 
0, 0.83216, 0.84511, 0.89177, 0.8761, 0.91784, 0.8893, 0.91653, 
0.88608, 0.89544, 0.91056, 0.90527, 0.86877, 0.85743, 0.87295, 
0.88311, 0.89827, 0.88939, 0.91628, 0.89148, 0.893, 0.90568, 
0.90511, 0.017, 0.0206, 0.0212, 0.0227, 0.0259, 0.0277, 0.0298, 
0.0343, 0.0344, 0.0366, 0.0427, 121, 134.2, 141.7, 151.3, 164.7, 
172.4, 182.7, 196.5, 207.5, 215.2, 223.1, 1, 1, 1, 1, 1, 1, 1, 
1, 1, 1, 1, 1, 1, 1, 1, 1, 1, 1, 1, 1, 1, 1, 1, 1, 1, 1, 1, 1, 
1, 1, 1, 1, 1, 1, 1, 1, 1, 1, 1, 1, 1, 1, 1, 1, 2.688, 2.942, 
2.792, 2.861, 2.931, 2.969, 3.04, 3.437, 2.996, 2.903, 3.203), .Dim = c(11L, 
40L), .Dimnames = list(NULL, c("Sampling", "PSO.cost", "PSO.gamma", 
"PSO.data.balancing", "PSO.feature.selection", "PSO.valid.acc", 
"PSO.test.acc", "PSO.train.time", "PSO.n.support.vectors", "PSO.index", 
"PSO.n.solutions", "PSO.generations", "PSO.n.evaluations", "PSO.cpu.time", 
"RS.cost", "RS.gamma", "RS.data.balancing", "RS.feature.selection", 
"RS.valid.acc", "RS.test.acc", "RS.train.time", "RS.n.support.vectors", 
"RS.index", "RS.n.solutions", "RS.generations", "RS.n.evaluations", 
"RS.cpu.time", "DF.cost", "DF.gamma", "DF.data.balancing", "DF.feature.selection", 
"DF.valid.acc", "DF.test.acc", "DF.train.time", "DF.n.support.vectors", 
"DF.index", "DF.n.solutions", "DF.generations", "DF.n.evaluations", 
"DF.cpu.time")))
