full <-
structure(c(50, 55, 60, 65, 70, 75, 80, 85, 90, 95, 100, 12.98336, 
14.97818, 11.88613, 14.61778, 13.34151, 14.44598, 12.63485, 10.17667, 
12.68334, 11.68261, 9.55325, -4.63231, -5.67887, -5.61594, -5.82697, 
-4.88433, -6.17743, -5.75123, -5.06936, -5.77987, -4.58589, -4.77544, 
0, 0, 0, 0, 0, 0, 0, 0, 0, 0, 0, 0, 0, 0, 0, 0, 0, 0, 0, 0, 0, 
0, 0.90256, 0.92059, 0.97335, 0.97894, 0.98355, 0.99091, 1, 1, 
1, 1, 1, 0.87875, 0.8787, 0.95382, 0.97525, 0.98355, 0.98182, 
1, 1, 1, 1, 1, 0.0469, 0.1555, 0.1194, 0.221, 0.1138, 0.8063, 
0.5783, 0.2556, 1.1793, 0.2581, 0.2887, 62, 57.2, 65.2, 61.4, 
72.6, 71.2, 84.6, 93.6, 93.8, 99.7, 105.3, 312, 138, 2037, 233, 
96, 4, 34, 20, 31, 4, 15, 754, 1400, 14, 1332, 940, 731, 1496, 
1650, 1828, 1658, 1775, 100, 100, 100, 100, 100, 100, 100, 100, 
100, 100, 100, 2500, 2500, 2500, 2500, 2500, 2500, 2500, 2500, 
2500, 2500, 2500, 7811.183, 10155.501, 9078.767, 11369.436, 9724.747, 
21594.015, 16104.335, 16980.681, 25664.503, 25999.453, 32425.639, 
14.70437, 13.6219, 11.80634, 14.63831, 14.97988, 14.73574, 12.70441, 
11.94888, 8.5163, 13.30725, 9.95474, -4.64686, -5.66151, -5.59413, 
-5.90136, -4.80513, -5.99682, -5.96575, -4.71298, -4.2539, -5.41812, 
-5.05373, 0, 0, 0, 0, 0, 0, 0, 0, 0, 0, 0, 0, 0, 0, 0, 0, 0, 
0, 0, 0, 0, 0, 0.90256, 0.92059, 0.96965, 0.97894, 0.98355, 0.98788, 
1, 1, 1, 1, 1, 0.87875, 0.8787, 0.95382, 0.97525, 0.98355, 0.98485, 
1, 1, 1, 1, 1, 0.0475, 0.1449, 0.1153, 0.2509, 0.1033, 0.6576, 
0.5399, 0.2321, 0.1366, 0.847, 0.4033, 61.8, 57.4, 65.2, 60.8, 
73, 70.4, 83.6, 89.3, 99.4, 95.4, 109.2, 752, 401, 274, 1104, 
82, 283, 91, 17, 16, 4, 10, 1, 2, 3, 2, 13, 8, 65, 90, 71, 106, 
80, 100, 100, 100, 100, 100, 100, 100, 100, 100, 100, 100, 2500, 
2500, 2500, 2500, 2500, 2500, 2500, 2500, 2500, 2500, 2500, 7270.391, 
7011.006, 7197.532, 7465.79, 7444.787, 7864.789, 8023.88200000001, 
8405.05899999998, 8889.245, 9140.878, 9037.80600000004, 1, 1, 
1, 1, 1, 1, 1, 1, 1, 1, 1, 0.16667, 0.16667, 0.16667, 0.16667, 
0.16667, 0.16667, 0.16667, 0.16667, 0.16667, 0.16667, 0.16667, 
0, 0, 0, 0, 0, 0, 0, 0, 0, 0, 0, 0, 0, 0, 0, 0, 0, 0, 0, 0, 0, 
0, 0.81856, 0.84814, 0.88411, 0.8687, 0.87516, 0.87434, 0.88538, 
0.89215, 0.89774, 0.90102, 0.91425, 0.82332, 0.83183, 0.87626, 
0.87226, 0.88849, 0.8803, 0.89681, 0.895, 0.90017, 0.90829, 0.91203, 
0.0187, 0.0198, 0.022, 0.024, 0.0255, 0.0276, 0.0312, 0.0317, 
0.0345, 0.0374, 0.0451, 128.6, 137.4, 146.3, 155.2, 165.9, 174.6, 
185.8, 194.5, 207.2, 216, 223.6, 1, 1, 1, 1, 1, 1, 1, 1, 1, 1, 
1, 1, 1, 1, 1, 1, 1, 1, 1, 1, 1, 1, 1, 1, 1, 1, 1, 1, 1, 1, 1, 
1, 1, 1, 1, 1, 1, 1, 1, 1, 1, 1, 1, 1, 2.865, 2.772, 2.799, 2.872, 
2.817, 2.819, 2.901, 2.736, 3.063, 2.901, 3.007), .Dim = c(11L, 
40L), .Dimnames = list(NULL, c("Sampling", "PSO.cost", "PSO.gamma", 
"PSO.data.balancing", "PSO.feature.selection", "PSO.valid.acc", 
"PSO.test.acc", "PSO.train.time", "PSO.n.support.vectors", "PSO.index", 
"PSO.n.solutions", "PSO.generations", "PSO.n.evaluations", "PSO.cpu.time", 
"RS.cost", "RS.gamma", "RS.data.balancing", "RS.feature.selection", 
"RS.valid.acc", "RS.test.acc", "RS.train.time", "RS.n.support.vectors", 
"RS.index", "RS.n.solutions", "RS.generations", "RS.n.evaluations", 
"RS.cpu.time", "DF.cost", "DF.gamma", "DF.data.balancing", "DF.feature.selection", 
"DF.valid.acc", "DF.test.acc", "DF.train.time", "DF.n.support.vectors", 
"DF.index", "DF.n.solutions", "DF.generations", "DF.n.evaluations", 
"DF.cpu.time")))
