full <-
structure(c(50, 55, 60, 65, 70, 75, 80, 85, 90, 95, 100, 15, 
14.99306, 15, 15, 15, 15, 15, 12.48318, 13.1718, 12.73077, 7.57878, 
-7.79583, -7.69317, -7.61794, -5.10944, -7.8813, -4.22992, -5.07092, 
-4.82934, -5.09292, -3.61054, -3.56172, 0, 0, 0, 0, 0, 0, 0, 
0, 0, 0, 0, 0, 0, 0, 0, 0, 0, 0, 0, 0, 0, 0, 0.95777, 0.93749, 
0.94231, 0.97524, 0.97043, 0.97841, 1, 1, 1, 1, 1, 0.96708, 0.94526, 
0.91923, 0.95354, 0.97043, 0.97547, 0.99429, 1, 1, 1, 0.99767, 
0.2237, 0.3467, 0.4502, 0.0962, 1.056, 0.0646, 0.2301, 0.2401, 
0.4113, 0.0732, 0.0737, 60.6, 60, 63.5, 64.2, 75.3, 76.9, 78.7, 
89, 89.2, 100.3, 102.2, 382, 1164, 232, 149, 78, 27, 77, 51, 
19, 6, 26, 572, 3, 932, 1086, 1177, 1197, 1446, 1672, 1601, 1575, 
1427, 100, 100, 100, 100, 100, 100, 100, 100, 100, 100, 100, 
2500, 2500, 2500, 2500, 2500, 2500, 2500, 2500, 2500, 2500, 2500, 
10141.484, 10686.919, 13626.803, 8589.604, 22443.962, 7902.015, 
10081.333, 19862.606, 29423.639, 13805.512, 25161.053, 14.52283, 
14.8986, 14.62761, 12.89882, 14.79634, 9.53475, 14.26681, 13.71735, 
13.97208, 13.56517, 13.79978, -7.6514, -7.5216, -7.26691, -5.1821, 
-7.47217, -4.26763, -4.87083, -5.9383, -6.41133, -5.05423, -3.82804, 
0, 0, 0, 0, 0, 0, 0, 0, 0, 0, 0, 0, 0, 0, 0, 0, 0, 0, 0, 0, 0, 
0, 0.93914, 0.92915, 0.93846, 0.97524, 0.97043, 0.97841, 1, 1, 
1, 1, 1, 0.96232, 0.94526, 0.91923, 0.95354, 0.96398, 0.97547, 
0.99429, 1, 1, 1, 1, 0.1552, 0.3262, 0.3996, 0.1107, 0.9843, 
0.0678, 0.178, 1.1532, 1.7247, 0.5158, 0.1008, 60.4, 58.8, 61.5, 
63.9, 69.1, 76.9, 80.1, 83.6, 88.3, 94.2, 100.1, 231, 1060, 1257, 
1360, 38, 621, 11, 80, 2, 14, 26, 2, 1, 1, 2, 5, 7, 39, 51, 60, 
136, 122, 100, 100, 100, 100, 100, 100, 100, 100, 100, 100, 100, 
2500, 2500, 2500, 2500, 2500, 2500, 2500, 2500, 2500, 2500, 2500, 
6546.287, 6557.305, 6639.72100000001, 6568.96600000001, 7139.284, 
6724.993, 6996.06, 7883.375, 7777.26200000002, 8854.992, 9019.36900000001, 
1, 1, 1, 1, 1, 1, 1, 1, 1, 1, 1, 0.16667, 0.16667, 0.16667, 0.16667, 
0.16667, 0.16667, 0.16667, 0.16667, 0.16667, 0.16667, 0.16667, 
0, 0, 0, 0, 0, 0, 0, 0, 0, 0, 0, 0, 0, 0, 0, 0, 0, 0, 0, 0, 0, 
0, 0.8384, 0.84993, 0.86154, 0.88285, 0.8986, 0.90521, 0.90226, 
0.91064, 0.91063, 0.91085, 0.91199, 0.82781, 0.86625, 0.85769, 
0.86882, 0.89183, 0.9143, 0.91671, 0.91078, 0.908, 0.91335, 0.90263, 
0.0176, 0.0193, 0.0204, 0.0211, 0.0236, 0.0258, 0.0278, 0.0313, 
0.0339, 0.0357, 0.037, 126.7, 135, 143.5, 153.2, 166, 174.4, 
181.2, 193.9, 202.6, 214.7, 224.3, 1, 1, 1, 1, 1, 1, 1, 1, 1, 
1, 1, 1, 1, 1, 1, 1, 1, 1, 1, 1, 1, 1, 1, 1, 1, 1, 1, 1, 1, 1, 
1, 1, 1, 1, 1, 1, 1, 1, 1, 1, 1, 1, 1, 1, 2.617, 2.548, 2.584, 
2.408, 2.525, 2.483, 2.536, 2.642, 2.589, 2.589, 2.548), .Dim = c(11L, 
40L), .Dimnames = list(NULL, c("Sampling", "PSO.cost", "PSO.gamma", 
"PSO.data.balancing", "PSO.feature.selection", "PSO.valid.acc", 
"PSO.test.acc", "PSO.train.time", "PSO.n.support.vectors", "PSO.index", 
"PSO.n.solutions", "PSO.generations", "PSO.n.evaluations", "PSO.cpu.time", 
"RS.cost", "RS.gamma", "RS.data.balancing", "RS.feature.selection", 
"RS.valid.acc", "RS.test.acc", "RS.train.time", "RS.n.support.vectors", 
"RS.index", "RS.n.solutions", "RS.generations", "RS.n.evaluations", 
"RS.cpu.time", "DF.cost", "DF.gamma", "DF.data.balancing", "DF.feature.selection", 
"DF.valid.acc", "DF.test.acc", "DF.train.time", "DF.n.support.vectors", 
"DF.index", "DF.n.solutions", "DF.generations", "DF.n.evaluations", 
"DF.cpu.time")))
