full <-
structure(c(50, 55, 60, 65, 70, 75, 80, 85, 90, 95, 100, 8.08776, 
14.9582, 15, 14.81631, 14.66476, 15, 14.78821, 15, 13.14959, 
14.36334, 12.65772, -3.04543, -7.73729, -7.73196, -7.69111, -5.68222, 
-5.52934, -6.30162, -5.72768, -6.21986, -6.49338, -4.9487, 0, 
0, 0, 0, 0, 0, 0, 0, 0, 0, 0, 0, 0, 0, 0, 0, 0, 0, 0, 0, 0, 0, 
0.93981, 0.95793, 0.95385, 0.97129, 0.98344, 0.98759, 1, 1, 1, 
1, 1, 0.93548, 0.9324, 0.94615, 0.97512, 0.97677, 0.98144, 1, 
1, 1, 1, 1, 0.0226, 0.3275, 0.4153, 0.8656, 0.3398, 0.3283, 1.4594, 
0.9384, 1.5323, 4.4631, 0.4604, 82.3, 61.3, 64.5, 72.1, 69.5, 
72.8, 78.3, 85.8, 96.2, 96, 96.4, 59, 651, 215, 501, 105, 61, 
37, 120, 4, 7, 9, 1177, 152, 532, 652, 1548, 1758, 1400, 1286, 
1480, 1369, 1602, 100, 100, 100, 100, 100, 100, 100, 100, 100, 
100, 100, 2500, 2500, 2500, 2500, 2500, 2500, 2500, 2500, 2500, 
2500, 2500, 7292.409, 14273.663, 13351.832, 18898.098, 13198.864, 
16335.732, 29118.851, 33201.222, 18686.146, 17769.872, 16712.247, 
12.4723, 14.81865, 14.68065, 13.48147, 14.42614, 14.86003, 13.8788, 
14.42231, 11.36369, 14.04698, 11.44776, -3.03387, -7.14809, -7.70833, 
-5.34659, -5.55467, -5.72201, -5.84112, -5.77956, -5.27387, -5.05694, 
-5.10395, 0, 0, 0, 0, 0, 0, 0, 0, 0, 0, 0, 0, 0, 0, 0, 0, 0, 
0, 0, 0, 0, 0, 0.93981, 0.9369, 0.94615, 0.96414, 0.98344, 0.98759, 
1, 1, 1, 1, 1, 0.93548, 0.92857, 0.94615, 0.96809, 0.97677, 0.98144, 
1, 1, 1, 1, 1, 0.0231, 0.2626, 0.3387, 0.1448, 0.3015, 0.4517, 
0.7723, 1.0157, 0.5344, 0.5747, 0.523, 82.5, 55.5, 66.2, 63, 
70.1, 72.3, 79.8, 85.6, 94.4, 95.9, 96.5, 459, 1793, 1084, 683, 
574, 21, 277, 56, 47, 67, 36, 8, 1, 1, 8, 6, 31, 4, 13, 119, 
162, 105, 100, 100, 100, 100, 100, 100, 100, 100, 100, 100, 100, 
2500, 2500, 2500, 2500, 2500, 2500, 2500, 2500, 2500, 2500, 2500, 
7389.648, 7441.129, 7286.495, 7373.03600000001, 7340.49099999999, 
7922.417, 8038.36299999998, 8146.962, 9449.74100000001, 9812.791, 
10294.72, 1, 1, 1, 1, 1, 1, 1, 1, 1, 1, 1, 0.16667, 0.16667, 
0.16667, 0.16667, 0.16667, 0.16667, 0.16667, 0.16667, 0.16667, 
0.16667, 0.16667, 0, 0, 0, 0, 0, 0, 0, 0, 0, 0, 0, 0, 0, 0, 0, 
0, 0, 0, 0, 0, 0, 0, 0.87116, 0.87384, 0.87692, 0.89702, 0.88473, 
0.87394, 0.89924, 0.91351, 0.90557, 0.91323, 0.90727, 0.88481, 
0.88252, 0.86154, 0.88348, 0.87505, 0.87706, 0.89639, 0.91622, 
0.90557, 0.91568, 0.90473, 0.0178, 0.0191, 0.0196, 0.0232, 0.0245, 
0.0258, 0.0291, 0.0313, 0.0361, 0.0375, 0.0423, 119.3, 129.7, 
142.6, 150, 162.5, 170.5, 179.4, 188.5, 204.2, 213.5, 222.7, 
1, 1, 1, 1, 1, 1, 1, 1, 1, 1, 1, 1, 1, 1, 1, 1, 1, 1, 1, 1, 1, 
1, 1, 1, 1, 1, 1, 1, 1, 1, 1, 1, 1, 1, 1, 1, 1, 1, 1, 1, 1, 1, 
1, 1, 2.86, 2.782, 2.61, 2.838, 2.818, 2.781, 2.869, 2.881, 3.121, 
2.984, 3.19), .Dim = c(11L, 40L), .Dimnames = list(NULL, c("Sampling", 
"PSO.cost", "PSO.gamma", "PSO.data.balancing", "PSO.feature.selection", 
"PSO.valid.acc", "PSO.test.acc", "PSO.train.time", "PSO.n.support.vectors", 
"PSO.index", "PSO.n.solutions", "PSO.generations", "PSO.n.evaluations", 
"PSO.cpu.time", "RS.cost", "RS.gamma", "RS.data.balancing", "RS.feature.selection", 
"RS.valid.acc", "RS.test.acc", "RS.train.time", "RS.n.support.vectors", 
"RS.index", "RS.n.solutions", "RS.generations", "RS.n.evaluations", 
"RS.cpu.time", "DF.cost", "DF.gamma", "DF.data.balancing", "DF.feature.selection", 
"DF.valid.acc", "DF.test.acc", "DF.train.time", "DF.n.support.vectors", 
"DF.index", "DF.n.solutions", "DF.generations", "DF.n.evaluations", 
"DF.cpu.time")))
