full <-
structure(c(50, 55, 60, 65, 70, 75, 80, 85, 90, 95, 100, 14.07602, 
9.55165, 14.75531, 5.0009, 15, 14.98039, 15, 13.77502, 14.00039, 
10.26515, 11.10156, -4.97252, -3.33161, -7.51806, -2.90859, -5.72823, 
-6.12215, -5.54412, -5.77231, -5.09159, -4.62808, -5.47918, 0, 
0, 0, 0, 0, 0, 0, 0, 0, 0, 0, 0, 0, 0, 0, 0, 0, 0, 0, 0, 0, 0, 
0.91667, 0.92425, 0.95382, 0.96414, 0.98043, 0.98182, 0.98555, 
1, 0.9975, 1, 1, 0.88874, 0.90304, 0.93426, 0.95342, 0.97043, 
0.96354, 0.98857, 1, 1, 1, 0.99767, 0.0488, 0.0238, 0.3914, 0.0273, 
0.2943, 0.5177, 0.3732, 0.732, 0.4046, 0.2514, 0.8692, 56.1, 
77.2, 64.7, 96.9, 65.1, 65.3, 76.5, 79.5, 88.2, 95.8, 106.2, 
289, 88, 400, 415, 309, 514, 166, 22, 24, 18, 30, 979, 1495, 
575, 461, 603, 26, 1515, 1692, 1386, 1766, 1377, 100, 100, 100, 
100, 100, 100, 100, 100, 100, 100, 100, 2500, 2500, 2500, 2500, 
2500, 2500, 2500, 2500, 2500, 2500, 2500, 7281.262, 6710.635, 
12459.436, 6664.155, 13186.997, 17586.716, 18780.365, 15616.038, 
20905.506, 14230.59, 52806.503, 12.52626, 13.59428, 14.79044, 
4.28132, 14.56743, 14.5185, 14.24754, 11.66962, 12.96114, 11.09259, 
13.67855, -4.9872, -3.32335, -7.41298, -2.789, -5.75131, -5.93761, 
-5.63192, -4.63258, -4.50735, -4.67248, -6.23964, 0, 0, 0, 0, 
0, 0, 0, 0, 0, 0, 0, 0, 0, 0, 0, 0, 0, 0, 0, 0, 0, 0, 0.91667, 
0.92425, 0.94642, 0.96414, 0.98043, 0.97879, 0.98555, 1, 0.9975, 
1, 1, 0.88874, 0.90304, 0.93456, 0.95341, 0.97366, 0.96354, 0.98857, 
0.99722, 1, 1, 1, 0.0498, 0.0242, 0.347, 0.025, 0.3046, 0.4017, 
0.4102, 0.1666, 0.1807, 0.2861, 2.6265, 56, 77.4, 62.8, 101.5, 
64.9, 66.2, 75.8, 84.7, 91.1, 94.6, 95.1, 918, 63, 599, 1216, 
1109, 786, 16, 9, 22, 2, 62, 1, 19, 1, 1, 1, 1, 8, 29, 67, 145, 
43, 100, 100, 100, 100, 100, 100, 100, 100, 100, 100, 100, 2500, 
2500, 2500, 2500, 2500, 2500, 2500, 2500, 2500, 2500, 2500, 6646.048, 
6809.282, 6775.637, 6912.192, 7351.60500000001, 7490.51700000001, 
7704.17199999999, 7960.93599999999, 8297.69099999999, 9174.06699999998, 
9708.04500000001, 1, 1, 1, 1, 1, 1, 1, 1, 1, 1, 1, 0.16667, 0.16667, 
0.16667, 0.16667, 0.16667, 0.16667, 0.16667, 0.16667, 0.16667, 
0.16667, 0.16667, 0, 0, 0, 0, 0, 0, 0, 0, 0, 0, 0, 0, 0, 0, 0, 
0, 0, 0, 0, 0, 0, 0, 0.83247, 0.82695, 0.8468, 0.87941, 0.88437, 
0.89534, 0.90555, 0.91073, 0.90345, 0.90806, 0.9096, 0.80022, 
0.82696, 0.85819, 0.87953, 0.88749, 0.8924, 0.89983, 0.90539, 
0.90839, 0.90092, 0.90976, 0.0182, 0.0191, 0.0211, 0.0243, 0.0254, 
0.0274, 0.0312, 0.0333, 0.0345, 0.0369, 0.0402, 126.1, 137.5, 
145.3, 153.6, 165.9, 172.8, 182.3, 191.3, 201.7, 215.7, 222.5, 
1, 1, 1, 1, 1, 1, 1, 1, 1, 1, 1, 1, 1, 1, 1, 1, 1, 1, 1, 1, 1, 
1, 1, 1, 1, 1, 1, 1, 1, 1, 1, 1, 1, 1, 1, 1, 1, 1, 1, 1, 1, 1, 
1, 1, 2.726, 2.489, 2.584, 2.776, 2.775, 2.763, 2.898, 2.913, 
2.764, 2.744, 2.851), .Dim = c(11L, 40L), .Dimnames = list(NULL, 
    c("Sampling", "PSO.cost", "PSO.gamma", "PSO.data.balancing", 
    "PSO.feature.selection", "PSO.valid.acc", "PSO.test.acc", 
    "PSO.train.time", "PSO.n.support.vectors", "PSO.index", "PSO.n.solutions", 
    "PSO.generations", "PSO.n.evaluations", "PSO.cpu.time", "RS.cost", 
    "RS.gamma", "RS.data.balancing", "RS.feature.selection", 
    "RS.valid.acc", "RS.test.acc", "RS.train.time", "RS.n.support.vectors", 
    "RS.index", "RS.n.solutions", "RS.generations", "RS.n.evaluations", 
    "RS.cpu.time", "DF.cost", "DF.gamma", "DF.data.balancing", 
    "DF.feature.selection", "DF.valid.acc", "DF.test.acc", "DF.train.time", 
    "DF.n.support.vectors", "DF.index", "DF.n.solutions", "DF.generations", 
    "DF.n.evaluations", "DF.cpu.time")))
