full <-
structure(c(50, 55, 60, 65, 70, 75, 80, 85, 90, 95, 100, 15, 
13.84313, 7.81003, 15, 13.4361, 12.22333, 15, 14.99919, 14.343, 
8.67671, 13.95222, -3.66236, -4.66065, -2.64973, -6.26158, -5.65989, 
-5.49325, -6.50175, -6.38498, -6.53304, -4.39148, -5.96977, 0, 
0, 0, 0, 0, 0, 0, 0, 0, 0, 0, 0, 0, 0, 0, 0, 0, 0, 0, 0, 0, 0, 
0.93068, 0.94546, 0.95385, 0.98239, 0.99344, 0.9786, 1, 1, 1, 
1, 1, 0.91767, 0.93728, 0.94231, 0.97906, 0.98667, 0.97557, 1, 
1, 1, 1, 1, 0.027, 0.0532, 0.0241, 0.4687, 0.3114, 0.2487, 1.8359, 
2.451, 2.7781, 0.1385, 2.1337, 72.1, 62.6, 96.9, 61.7, 68.2, 
74.9, 77.9, 81.5, 90.1, 98.8, 92.6, 174, 1535, 224, 261, 76, 
615, 80, 311, 12, 43, 19, 966, 58, 850, 920, 531, 111, 1450, 
889, 1515, 1595, 1413, 100, 100, 100, 100, 100, 100, 100, 100, 
100, 100, 100, 2500, 2500, 2500, 2500, 2500, 2500, 2500, 2500, 
2500, 2500, 2500, 6724.574, 6912.31, 6531.25, 15929.458, 17192.642, 
13642.635, 31966.068, 48222.026, 27289.894, 16406.971, 42709.072, 
9.60931, 13.56597, 12.86083, 13.84456, 14.48864, 13.4938, 14.54712, 
14.81467, 13.46677, 14.58277, 12.58092, -3.65913, -4.51832, -2.64514, 
-5.7429, -5.97576, -6.03552, -6.05353, -6.27514, -5.35554, -3.78376, 
-5.12361, 0, 0, 0, 0, 0, 0, 0, 0, 0, 0, 0, 0, 0, 0, 0, 0, 0, 
0, 0, 0, 0, 0, 0.93068, 0.94129, 0.95385, 0.97882, 0.99344, 0.97557, 
1, 1, 1, 1, 1, 0.91767, 0.94144, 0.94231, 0.97906, 0.99, 0.97254, 
1, 1, 1, 1, 1, 0.0267, 0.0455, 0.0244, 0.2526, 0.4821, 0.5266, 
0.9558, 2.15, 0.5703, 0.0813, 0.6563, 72.1, 63.8, 97.1, 64.5, 
66.7, 73, 77.5, 81.5, 91.4, 99.2, 97.6, 187, 547, 853, 50, 1120, 
615, 255, 1636, 12, 6, 227, 6, 5, 2, 26, 2, 5, 6, 1, 70, 111, 
28, 100, 100, 100, 100, 100, 100, 100, 100, 100, 100, 100, 2500, 
2500, 2500, 2500, 2500, 2500, 2500, 2500, 2500, 2500, 2500, 6460.48, 
6472.248, 6562.118, 6821.707, 7029.822, 7400.713, 7706.73800000001, 
7584.25899999999, 7935.416, 8548.80899999998, 8835.65100000001, 
1, 1, 1, 1, 1, 1, 1, 1, 1, 1, 1, 0.16667, 0.16667, 0.16667, 0.16667, 
0.16667, 0.16667, 0.16667, 0.16667, 0.16667, 0.16667, 0.16667, 
0, 0, 0, 0, 0, 0, 0, 0, 0, 0, 0, 0, 0, 0, 0, 0, 0, 0, 0, 0, 0, 
0, 0.8285, 0.84502, 0.84231, 0.88288, 0.87817, 0.89574, 0.88511, 
0.89222, 0.89018, 0.89602, 0.91648, 0.8198, 0.84414, 0.85769, 
0.87241, 0.86849, 0.89261, 0.88544, 0.88944, 0.88248, 0.90322, 
0.91648, 0.0169, 0.0185, 0.0193, 0.0229, 0.0247, 0.0263, 0.0291, 
0.0311, 0.0341, 0.0372, 0.0387, 124.7, 136.4, 147.5, 157.9, 166.5, 
175.2, 185.1, 195.6, 209.8, 217.5, 224.7, 1, 1, 1, 1, 1, 1, 1, 
1, 1, 1, 1, 1, 1, 1, 1, 1, 1, 1, 1, 1, 1, 1, 1, 1, 1, 1, 1, 1, 
1, 1, 1, 1, 1, 1, 1, 1, 1, 1, 1, 1, 1, 1, 1, 1, 2.514, 2.503, 
2.331, 2.657, 2.642, 2.618, 2.703, 2.508, 2.626, 2.708, 2.652
), .Dim = c(11L, 40L), .Dimnames = list(NULL, c("Sampling", "PSO.cost", 
"PSO.gamma", "PSO.data.balancing", "PSO.feature.selection", "PSO.valid.acc", 
"PSO.test.acc", "PSO.train.time", "PSO.n.support.vectors", "PSO.index", 
"PSO.n.solutions", "PSO.generations", "PSO.n.evaluations", "PSO.cpu.time", 
"RS.cost", "RS.gamma", "RS.data.balancing", "RS.feature.selection", 
"RS.valid.acc", "RS.test.acc", "RS.train.time", "RS.n.support.vectors", 
"RS.index", "RS.n.solutions", "RS.generations", "RS.n.evaluations", 
"RS.cpu.time", "DF.cost", "DF.gamma", "DF.data.balancing", "DF.feature.selection", 
"DF.valid.acc", "DF.test.acc", "DF.train.time", "DF.n.support.vectors", 
"DF.index", "DF.n.solutions", "DF.generations", "DF.n.evaluations", 
"DF.cpu.time")))
