full <-
structure(c(50, 55, 60, 65, 70, 75, 80, 85, 90, 95, 100, 9.61974, 
14.17783, 8.33937, 9.81364, 15, 14.1764, 12.02822, 15, 13.37325, 
12.39881, 15, -4.60993, -2.28471, -2.77103, -2.58317, -7.69536, 
-5.674, -4.6603, -6.41139, -5.8811, -4.40821, -4.66783, 0, 0, 
0, 0, 0, 0, 0, 0, 0, 0, 0, 0, 0, 0, 0, 0, 0, 0, 0, 0, 0, 0, 0.93584, 
0.94123, 0.93445, 0.95355, 0.97333, 1, 1, 1, 1, 1, 1, 0.92238, 
0.92386, 0.94231, 0.95762, 0.96344, 0.99091, 1, 1, 1, 1, 1, 0.0326, 
0.0231, 0.0257, 0.0265, 0.4962, 0.425, 0.1621, 3.0327, 1.2687, 
0.1938, 0.2509, 57.4, 100.4, 93.6, 101.4, 70.2, 71.2, 85.9, 85.6, 
90.8, 96.2, 96.9, 805, 80, 26, 198, 125, 52, 47, 51, 31, 3, 88, 
360, 1093, 1064, 976, 226, 1302, 1454, 1356, 1283, 1719, 1638, 
100, 100, 100, 100, 100, 100, 100, 100, 100, 100, 100, 2500, 
2500, 2500, 2500, 2500, 2500, 2500, 2500, 2500, 2500, 2500, 7054.306, 
6799.528, 6642.263, 6882.03, 11591.289, 18639.599, 15015.058, 
34291.436, 36618.1, 17919.759, 29776.404, 14.47503, 10.53672, 
12.9403, 4.35492, 14.99376, 13.68258, 12.39529, 14.1227, 14.82514, 
12.55503, 14.0642, -4.09655, -2.32558, -2.60099, -2.54549, -7.82739, 
-5.691, -4.88616, -6.23379, -6.55161, -5.2518, -4.87036, 0, 0, 
0, 0, 0, 0, 0, 0, 0, 0, 0, 0, 0, 0, 0, 0, 0, 0, 0, 0, 0, 0, 0.92673, 
0.94123, 0.93445, 0.95355, 0.97, 1, 1, 1, 1, 1, 1, 0.92714, 0.92386, 
0.93091, 0.94358, 0.97, 0.98788, 1, 1, 1, 1, 1, 0.0287, 0.0227, 
0.0253, 0.0248, 0.4382, 0.4576, 0.2054, 1.7359, 3.2387, 0.6356, 
0.3411, 61.7, 98.7, 97.5, 104.4, 72.4, 71.5, 86.2, 86.3, 90.5, 
94.7, 95.9, 39, 424, 69, 892, 1346, 22, 67, 58, 17, 3, 14, 81, 
8, 15, 5, 1, 9, 50, 40, 32, 100, 67, 100, 100, 100, 100, 100, 
100, 100, 100, 100, 100, 100, 2500, 2500, 2500, 2500, 2500, 2500, 
2500, 2500, 2500, 2500, 2500, 6881.016, 6751.588, 6901.396, 7034.68, 
6956.193, 7297.29800000001, 7661.625, 8347.85999999999, 8502.391, 
9067.64000000001, 9290.48200000002, 1, 1, 1, 1, 1, 1, 1, 1, 1, 
1, 1, 0.16667, 0.16667, 0.16667, 0.16667, 0.16667, 0.16667, 0.16667, 
0.16667, 0.16667, 0.16667, 0.16667, 0, 0, 0, 0, 0, 0, 0, 0, 0, 
0, 0, 0, 0, 0, 0, 0, 0, 0, 0, 0, 0, 0, 0.87189, 0.86652, 0.89199, 
0.90366, 0.90108, 0.91733, 0.91058, 0.89991, 0.89332, 0.89588, 
0.91204, 0.88015, 0.8879, 0.89613, 0.90365, 0.90441, 0.91714, 
0.90479, 0.91065, 0.89845, 0.891, 0.91442, 0.0187, 0.0201, 0.0204, 
0.0219, 0.0237, 0.028, 0.0291, 0.0328, 0.0353, 0.0374, 0.0405, 
122.2, 132.8, 139.3, 146.5, 156.5, 169.6, 181.7, 192.5, 200.4, 
214.3, 223.2, 1, 1, 1, 1, 1, 1, 1, 1, 1, 1, 1, 1, 1, 1, 1, 1, 
1, 1, 1, 1, 1, 1, 1, 1, 1, 1, 1, 1, 1, 1, 1, 1, 1, 1, 1, 1, 1, 
1, 1, 1, 1, 1, 1, 1, 2.708, 2.701, 2.578, 2.57, 2.54, 2.744, 
2.712, 2.953, 2.892, 2.812, 2.926), .Dim = c(11L, 40L), .Dimnames = list(
    NULL, c("Sampling", "PSO.cost", "PSO.gamma", "PSO.data.balancing", 
    "PSO.feature.selection", "PSO.valid.acc", "PSO.test.acc", 
    "PSO.train.time", "PSO.n.support.vectors", "PSO.index", "PSO.n.solutions", 
    "PSO.generations", "PSO.n.evaluations", "PSO.cpu.time", "RS.cost", 
    "RS.gamma", "RS.data.balancing", "RS.feature.selection", 
    "RS.valid.acc", "RS.test.acc", "RS.train.time", "RS.n.support.vectors", 
    "RS.index", "RS.n.solutions", "RS.generations", "RS.n.evaluations", 
    "RS.cpu.time", "DF.cost", "DF.gamma", "DF.data.balancing", 
    "DF.feature.selection", "DF.valid.acc", "DF.test.acc", "DF.train.time", 
    "DF.n.support.vectors", "DF.index", "DF.n.solutions", "DF.generations", 
    "DF.n.evaluations", "DF.cpu.time")))
