full <-
structure(c(50, 55, 60, 65, 70, 75, 80, 85, 90, 95, 100, 5.36016, 
3.89698, 8.2268, 15, 14.08184, 14.64284, 15, 10.27867, 11.72544, 
7.72362, 13.24904, -3.00521, -2.62539, -4.21267, -5.82766, -5.83163, 
-5.11501, -6.41424, -4.24101, -5.47692, -3.48919, -4.8688, 0, 
0, 0, 0, 0, 0, 0, 0, 0, 0, 0, 0, 0, 0, 0, 0, 0, 0, 0, 0, 0, 0, 
0.94437, 0.95397, 0.96154, 0.98929, 0.9772, 1, 1, 1, 1, 1, 1, 
0.93983, 0.94129, 0.96154, 0.97525, 0.97688, 1, 0.99714, 1, 1, 
0.99756, 1, 0.0208, 0.0217, 0.0397, 0.2948, 0.35, 0.2285, 1.7143, 
0.1291, 0.7012, 0.0711, 0.4187, 81.2, 101.2, 73.8, 63.9, 68.3, 
79, 77.3, 93.8, 95.8, 102.5, 97, 344, 2192, 2121, 103, 859, 29, 
98, 31, 38, 26, 3, 72, 2, 2, 1622, 190, 1653, 1230, 1347, 1637, 
1394, 1641, 100, 100, 100, 100, 100, 100, 100, 100, 100, 100, 
100, 2500, 2500, 2500, 2500, 2500, 2500, 2500, 2500, 2500, 2500, 
2500, 6506.721, 6594.658, 8769.985, 11502.109, 14225.229, 16936.12, 
27918.943, 14794.385, 31758.538, 23400.843, 35319.892, 5.19873, 
8.89691, 7.3662, 14.81332, 14.15411, 14.30892, 14.32996, 12.07805, 
9.61262, 13.00511, 9.49818, -2.89233, -2.77468, -3.49237, -5.84453, 
-5.82992, -5.17603, -5.91633, -5.18635, -4.3084, -4.06545, -3.85411, 
0, 0, 0, 0, 0, 0, 0, 0, 0, 0, 0, 0, 0, 0, 0, 0, 0, 0, 0, 0, 0, 
0, 0.94437, 0.94997, 0.95769, 0.98929, 0.97398, 1, 1, 1, 1, 1, 
1, 0.93528, 0.96249, 0.95385, 0.97525, 0.97688, 1, 1, 1, 1, 1, 
0.99767, 0.0206, 0.0251, 0.0305, 0.2951, 0.3846, 0.2392, 0.8436, 
0.518, 0.164, 0.1363, 0.1137, 83.2, 94.8, 80, 63.4, 68.1, 78.3, 
79.4, 91.8, 96.7, 100.7, 102.3, 1198, 47, 70, 61, 886, 49, 337, 
19, 74, 12, 2, 1, 59, 9, 5, 3, 38, 2, 113, 79, 131, 153, 100, 
100, 100, 100, 100, 100, 100, 100, 100, 100, 100, 2500, 2500, 
2500, 2500, 2500, 2500, 2500, 2500, 2500, 2500, 2500, 6562.17, 
6704.011, 6806.79300000001, 6906.158, 6832.864, 7207.216, 7671.606, 
8212.533, 10618.857, 11269.261, 12213.486, 1, 1, 1, 1, 1, 1, 
1, 1, 1, 1, 1, 0.16667, 0.16667, 0.16667, 0.16667, 0.16667, 0.16667, 
0.16667, 0.16667, 0.16667, 0.16667, 0.16667, 0, 0, 0, 0, 0, 0, 
0, 0, 0, 0, 0, 0, 0, 0, 0, 0, 0, 0, 0, 0, 0, 0, 0.84329, 0.83149, 
0.85385, 0.88596, 0.87839, 0.89572, 0.90805, 0.89191, 0.90279, 
0.90569, 0.90521, 0.85195, 0.84436, 0.85385, 0.87882, 0.86516, 
0.89545, 0.89931, 0.9001, 0.90016, 0.91301, 0.90754, 0.0172, 
0.0186, 0.0208, 0.0222, 0.0236, 0.0263, 0.03, 0.0327, 0.0368, 
0.0396, 0.0422, 121.8, 131.3, 142.3, 153.8, 164.6, 174.2, 183.7, 
194.6, 208.8, 213, 222.3, 1, 1, 1, 1, 1, 1, 1, 1, 1, 1, 1, 1, 
1, 1, 1, 1, 1, 1, 1, 1, 1, 1, 1, 1, 1, 1, 1, 1, 1, 1, 1, 1, 1, 
1, 1, 1, 1, 1, 1, 1, 1, 1, 1, 1, 2.529, 2.583, 2.619, 2.646, 
2.539, 2.65, 2.671, 2.751, 3.639, 3.716, 3.723), .Dim = c(11L, 
40L), .Dimnames = list(NULL, c("Sampling", "PSO.cost", "PSO.gamma", 
"PSO.data.balancing", "PSO.feature.selection", "PSO.valid.acc", 
"PSO.test.acc", "PSO.train.time", "PSO.n.support.vectors", "PSO.index", 
"PSO.n.solutions", "PSO.generations", "PSO.n.evaluations", "PSO.cpu.time", 
"RS.cost", "RS.gamma", "RS.data.balancing", "RS.feature.selection", 
"RS.valid.acc", "RS.test.acc", "RS.train.time", "RS.n.support.vectors", 
"RS.index", "RS.n.solutions", "RS.generations", "RS.n.evaluations", 
"RS.cpu.time", "DF.cost", "DF.gamma", "DF.data.balancing", "DF.feature.selection", 
"DF.valid.acc", "DF.test.acc", "DF.train.time", "DF.n.support.vectors", 
"DF.index", "DF.n.solutions", "DF.generations", "DF.n.evaluations", 
"DF.cpu.time")))
