full <-
structure(c(50, 55, 60, 65, 70, 75, 80, 85, 90, 95, 100, 5.42818, 
6.37302, 13.32999, 12.51199, 15, 14.13966, 14.20304, 14.31068, 
13.5334, 12.58875, 10.51818, -3.00269, -3.44068, -4.93442, -4.58043, 
-5.57731, -5.8504, -5.17592, -6.06227, -5.39399, -5.18846, -3.98182, 
0, 0, 0, 0, 0, 0, 0, 0, 0, 0, 0, 0, 0, 0, 0, 0, 0, 0, 0, 0, 0, 
0, 0.93072, 0.9538, 0.96566, 0.96158, 0.97677, 1, 1, 0.9973, 
1, 1, 1, 0.93111, 0.94547, 0.95381, 0.94307, 0.98688, 1, 1, 0.9973, 
0.9975, 1, 1, 0.0206, 0.026, 0.0708, 0.0658, 0.2551, 0.7805, 
0.3416, 1.4904, 0.7828, 0.6491, 0.1252, 81.4, 79.9, 61.9, 70.1, 
67.5, 76.7, 84.8, 83.9, 90.3, 95.4, 102.2, 1102, 943, 348, 1718, 
73, 13, 14, 59, 30, 9, 22, 194, 31, 1162, 2, 1383, 1617, 1429, 
1636, 1777, 1498, 1485, 100, 100, 100, 100, 100, 100, 100, 100, 
100, 100, 100, 2500, 2500, 2500, 2500, 2500, 2500, 2500, 2500, 
2500, 2500, 2500, 7254.773, 7004.518, 8104.826, 8694.862, 14041.192, 
19395.646, 23376.02, 26907.46, 49108.502, 35174.709, 10447.778, 
6.29568, 14.95526, 13.42116, 12.31696, 14.18256, 14.68142, 13.67022, 
12.94035, 14.21297, 14.21725, 14.04348, -3.4649, -2.64917, -5.00247, 
-5.17013, -5.58564, -4.89683, -6.14369, -4.79778, -6.30485, -5.91831, 
-6.37653, 0, 0, 0, 0, 0, 0, 0, 0, 0, 0, 0, 0, 0, 0, 0, 0, 0, 
0, 0, 0, 0, 0, 0.92637, 0.94964, 0.96566, 0.96145, 0.97677, 1, 
1, 0.9973, 1, 1, 1, 0.93609, 0.94547, 0.95381, 0.94664, 0.98688, 
1, 1, 0.99459, 1, 1, 1, 0.0225, 0.024, 0.075, 0.1255, 0.2742, 
0.1834, 1.1765, 0.248, 2.9808, 2.1372, 3.685, 75, 97, 61.7, 66.8, 
67.2, 80.5, 80.9, 88.7, 91, 90.4, 96.6, 56, 4, 9, 143, 359, 53, 
43, 11, 10, 13, 52, 11, 24, 7, 11, 4, 31, 26, 79, 28, 34, 176, 
100, 100, 100, 100, 100, 100, 100, 100, 100, 100, 100, 2500, 
2500, 2500, 2500, 2500, 2500, 2500, 2500, 2500, 2500, 2500, 7197.306, 
6947.276, 7128.383, 7356.012, 7222.895, 8026.46000000001, 8018.85399999999, 
8279.997, 8604.90800000002, 8982.70600000001, 9899.07000000001, 
1, 1, 1, 1, 1, 1, 1, 1, 1, 1, 1, 0.16667, 0.16667, 0.16667, 0.16667, 
0.16667, 0.16667, 0.16667, 0.16667, 0.16667, 0.16667, 0.16667, 
0, 0, 0, 0, 0, 0, 0, 0, 0, 0, 0, 0, 0, 0, 0, 0, 0, 0, 0, 0, 0, 
0, 0.81673, 0.84076, 0.8773, 0.88959, 0.88473, 0.89592, 0.8937, 
0.90553, 0.90826, 0.90347, 0.91463, 0.82106, 0.84909, 0.86102, 
0.87912, 0.89484, 0.89004, 0.89655, 0.91371, 0.91326, 0.90603, 
0.90987, 0.0183, 0.0192, 0.021, 0.0232, 0.0239, 0.0274, 0.0299, 
0.034, 0.0359, 0.0372, 0.0411, 126.5, 138.6, 149.1, 156.5, 164.2, 
178.1, 186.7, 194.7, 204.5, 215, 223.4, 1, 1, 1, 1, 1, 1, 1, 
1, 1, 1, 1, 1, 1, 1, 1, 1, 1, 1, 1, 1, 1, 1, 1, 1, 1, 1, 1, 1, 
1, 1, 1, 1, 1, 1, 1, 1, 1, 1, 1, 1, 1, 1, 1, 1, 2.775, 2.696, 
2.622, 2.886, 2.558, 2.797, 2.85, 2.862, 2.853, 2.75, 2.872), .Dim = c(11L, 
40L), .Dimnames = list(NULL, c("Sampling", "PSO.cost", "PSO.gamma", 
"PSO.data.balancing", "PSO.feature.selection", "PSO.valid.acc", 
"PSO.test.acc", "PSO.train.time", "PSO.n.support.vectors", "PSO.index", 
"PSO.n.solutions", "PSO.generations", "PSO.n.evaluations", "PSO.cpu.time", 
"RS.cost", "RS.gamma", "RS.data.balancing", "RS.feature.selection", 
"RS.valid.acc", "RS.test.acc", "RS.train.time", "RS.n.support.vectors", 
"RS.index", "RS.n.solutions", "RS.generations", "RS.n.evaluations", 
"RS.cpu.time", "DF.cost", "DF.gamma", "DF.data.balancing", "DF.feature.selection", 
"DF.valid.acc", "DF.test.acc", "DF.train.time", "DF.n.support.vectors", 
"DF.index", "DF.n.solutions", "DF.generations", "DF.n.evaluations", 
"DF.cpu.time")))
