full <-
structure(c(50, 55, 60, 65, 70, 75, 80, 85, 90, 95, 100, 9.97562, 
5.51417, 15, 14.54617, 15, 15, 11.95959, 14.62882, 12.40737, 
15, 15, -4.36014, -2.91884, -5.22371, -5.46257, -5.76263, -6.17154, 
-5.40433, -5.30182, -4.78221, -6.70513, -4.21681, 0, 0, 0, 0, 
0, 0, 0, 0, 0, 0, 0, 0, 0, 0, 0, 0, 0, 0, 0, 0, 0, 0, 0.94387, 
0.93707, 0.9726, 0.98889, 1, 1, 1, 1, 1, 1, 1, 0.94002, 0.89395, 
0.96166, 0.98571, 0.99032, 0.99688, 1, 1, 1, 1, 1, 0.0421, 0.0263, 
0.1597, 0.3287, 0.5975, 1.4027, 0.4411, 0.5315, 0.3018, 5.129, 
0.153, 64.5, 88.3, 68.6, 74.6, 74.8, 78, 85.4, 86.7, 92.8, 92.9, 
100.9, 8, 72, 106, 25, 167, 153, 17, 13, 30, 97, 64, 1582, 59, 
1389, 1438, 1203, 1590, 1238, 1632, 1527, 1432, 1494, 100, 100, 
100, 100, 100, 100, 100, 100, 100, 100, 100, 2500, 2500, 2500, 
2500, 2500, 2500, 2500, 2500, 2500, 2500, 2500, 7988.478, 7308.626, 
9838.83, 17831.333, 23081.682, 29887.163, 17397.768, 23437.03, 
16267.86, 74575.815, 23422.148, 12.91506, 11.64882, 13.72115, 
13.66171, 14.8397, 13.76886, 10.21035, 14.03453, 13.89244, 14.48796, 
14.20975, -4.78411, -2.02381, -5.21384, -5.43752, -5.8112, -5.66746, 
-4.77405, -5.01832, -6.30274, -6.46602, -5.65923, 0, 0, 0, 0, 
0, 0, 0, 0, 0, 0, 0, 0, 0, 0, 0, 0, 0, 0, 0, 0, 0, 0, 0.94387, 
0.93273, 0.9726, 0.98889, 1, 1, 1, 1, 1, 1, 1, 0.94933, 0.90213, 
0.96166, 0.98571, 0.99032, 0.99688, 1, 0.9973, 1, 1, 1, 0.0601, 
0.0218, 0.1564, 0.3406, 0.6109, 0.6431, 0.1782, 0.3534, 2.1904, 
3.542, 1.3774, 62.2, 110.3, 68.6, 74.9, 74.6, 79.3, 86.8, 87.8, 
91.6, 93, 91.4, 71, 43, 123, 10, 1528, 153, 48, 240, 11, 722, 
7, 31, 10, 7, 7, 2, 17, 37, 31, 91, 13, 95, 100, 100, 100, 100, 
100, 100, 100, 100, 100, 100, 100, 2500, 2500, 2500, 2500, 2500, 
2500, 2500, 2500, 2500, 2500, 2500, 7318.337, 7330.324, 7499.16699999999, 
7975.399, 8074.27899999999, 7976.07699999999, 8085.79700000002, 
8098.35400000002, 8979.5, 9435.772, 10208.032, 1, 1, 1, 1, 1, 
1, 1, 1, 1, 1, 1, 0.16667, 0.16667, 0.16667, 0.16667, 0.16667, 
0.16667, 0.16667, 0.16667, 0.16667, 0.16667, 0.16667, 0, 0, 0, 
0, 0, 0, 0, 0, 0, 0, 0, 0, 0, 0, 0, 0, 0, 0, 0, 0, 0, 0, 0.78216, 
0.84066, 0.86175, 0.87571, 0.89161, 0.89875, 0.90824, 0.91063, 
0.89748, 0.9008, 0.90506, 0.7919, 0.85386, 0.84235, 0.86154, 
0.89484, 0.89278, 0.90252, 0.91867, 0.90004, 0.90068, 0.91415, 
0.0183, 0.0198, 0.0218, 0.0243, 0.025, 0.0289, 0.0303, 0.0319, 
0.0357, 0.0384, 0.0419, 120.4, 132.7, 142.5, 154.1, 163.5, 172.4, 
181.1, 193, 205.2, 212, 224, 1, 1, 1, 1, 1, 1, 1, 1, 1, 1, 1, 
1, 1, 1, 1, 1, 1, 1, 1, 1, 1, 1, 1, 1, 1, 1, 1, 1, 1, 1, 1, 1, 
1, 1, 1, 1, 1, 1, 1, 1, 1, 1, 1, 1, 2.927, 2.73, 2.872, 3.016, 
2.784, 2.937, 2.916, 2.897, 2.992, 2.832, 2.895), .Dim = c(11L, 
40L), .Dimnames = list(NULL, c("Sampling", "PSO.cost", "PSO.gamma", 
"PSO.data.balancing", "PSO.feature.selection", "PSO.valid.acc", 
"PSO.test.acc", "PSO.train.time", "PSO.n.support.vectors", "PSO.index", 
"PSO.n.solutions", "PSO.generations", "PSO.n.evaluations", "PSO.cpu.time", 
"RS.cost", "RS.gamma", "RS.data.balancing", "RS.feature.selection", 
"RS.valid.acc", "RS.test.acc", "RS.train.time", "RS.n.support.vectors", 
"RS.index", "RS.n.solutions", "RS.generations", "RS.n.evaluations", 
"RS.cpu.time", "DF.cost", "DF.gamma", "DF.data.balancing", "DF.feature.selection", 
"DF.valid.acc", "DF.test.acc", "DF.train.time", "DF.n.support.vectors", 
"DF.index", "DF.n.solutions", "DF.generations", "DF.n.evaluations", 
"DF.cpu.time")))
