full <-
structure(c(50, 55, 60, 65, 70, 75, 80, 85, 90, 95, 100, 15, 
15, 15, 14.87529, 15, 12.63243, 14.86592, 14.88633, 14.28182, 
13.168, 11.73014, -7.54661, -7.78172, -7.70095, -7.76826, -6.22328, 
-5.61434, -6.51339, -5.86042, -4.06329, -3.5983, -4.52679, 0, 
0, 0, 0, 0, 0, 0, 0, 0, 0, 0, 0, 0, 0, 0, 0, 0, 0, 0, 0, 0, 0, 
0.9539, 0.96612, 0.95427, 0.97882, 0.99344, 0.99697, 1, 1, 1, 
1, 1, 0.95823, 0.96612, 0.95027, 0.97167, 0.98688, 1, 1, 1, 1, 
0.99762, 1, 0.3421, 0.422, 0.4787, 0.774, 0.7184, 0.3456, 2.5549, 
1.333, 0.1153, 0.0789, 0.2737, 57.2, 63.8, 67.2, 75.3, 68, 75.9, 
80.9, 86.5, 100.4, 102.6, 100.7, 417, 776, 411, 240, 470, 122, 
72, 27, 3, 6, 40, 912, 16, 1117, 1147, 627, 1428, 1409, 1691, 
1405, 1689, 1578, 100, 100, 100, 100, 100, 100, 100, 100, 100, 
100, 100, 2500, 2500, 2500, 2500, 2500, 2500, 2500, 2500, 2500, 
2500, 2500, 12411.643, 12964.795, 13832.603, 25240.735, 17630.622, 
20226.64, 34992.276, 32057.517, 23235.087, 16268.179, 23656.068, 
13.83529, 14.8689, 14.43423, 14.90654, 13.72912, 14.76371, 14.92413, 
10.527, 11.76875, 11.62515, 13.37583, -7.18006, -7.43095, -7.50361, 
-7.35673, -5.41317, -5.72042, -5.99223, -4.59967, -5.30964, -4.61301, 
-3.55892, 0, 0, 0, 0, 0, 0, 0, 0, 0, 0, 0, 0, 0, 0, 0, 0, 0, 
0, 0, 0, 0, 0, 0.94026, 0.96196, 0.95427, 0.97525, 0.99011, 0.99697, 
1, 1, 1, 1, 1, 0.94892, 0.96196, 0.95027, 0.97167, 0.98677, 1, 
0.99714, 1, 1, 1, 1, 0.184, 0.3907, 0.3829, 1.0102, 0.2453, 0.4859, 
1.2202, 0.2101, 0.7095, 0.275, 0.0763, 58.6, 60.4, 69.2, 68, 
72.5, 74.6, 80.3, 93.4, 96.2, 97.7, 104.9, 1393, 400, 2286, 1346, 
84, 408, 61, 16, 30, 1, 8, 1, 3, 2, 4, 27, 8, 11, 76, 72, 186, 
166, 100, 100, 100, 100, 100, 100, 100, 100, 100, 100, 100, 2500, 
2500, 2500, 2500, 2500, 2500, 2500, 2500, 2500, 2500, 2500, 6529.269, 
6775.573, 6653.988, 6574.88400000001, 6815.163, 7062.584, 7493.894, 
8010.93599999999, 8380.75, 9006.04800000001, 9727.98499999999, 
1, 1, 1, 1, 1, 1, 1, 1, 1, 1, 1, 0.16667, 0.16667, 0.16667, 0.16667, 
0.16667, 0.16667, 0.16667, 0.16667, 0.16667, 0.16667, 0.16667, 
0, 0, 0, 0, 0, 0, 0, 0, 0, 0, 0, 0, 0, 0, 0, 0, 0, 0, 0, 0, 0, 
0, 0.85649, 0.89891, 0.89656, 0.90478, 0.90828, 0.9017, 0.91378, 
0.91357, 0.90301, 0.91074, 0.9122, 0.87511, 0.89873, 0.89612, 
0.90849, 0.90817, 0.90786, 0.91664, 0.91087, 0.91308, 0.91307, 
0.91204, 0.0172, 0.0193, 0.0209, 0.0212, 0.0241, 0.0273, 0.0284, 
0.0311, 0.0342, 0.0372, 0.0386, 124.9, 135.6, 144.7, 156, 166.5, 
174.4, 184.9, 197.3, 208.9, 216.4, 223.2, 1, 1, 1, 1, 1, 1, 1, 
1, 1, 1, 1, 1, 1, 1, 1, 1, 1, 1, 1, 1, 1, 1, 1, 1, 1, 1, 1, 1, 
1, 1, 1, 1, 1, 1, 1, 1, 1, 1, 1, 1, 1, 1, 1, 1, 2.516, 2.545, 
2.49, 2.364, 2.559, 2.531, 2.648, 2.565, 2.75, 2.764, 2.835), .Dim = c(11L, 
40L), .Dimnames = list(NULL, c("Sampling", "PSO.cost", "PSO.gamma", 
"PSO.data.balancing", "PSO.feature.selection", "PSO.valid.acc", 
"PSO.test.acc", "PSO.train.time", "PSO.n.support.vectors", "PSO.index", 
"PSO.n.solutions", "PSO.generations", "PSO.n.evaluations", "PSO.cpu.time", 
"RS.cost", "RS.gamma", "RS.data.balancing", "RS.feature.selection", 
"RS.valid.acc", "RS.test.acc", "RS.train.time", "RS.n.support.vectors", 
"RS.index", "RS.n.solutions", "RS.generations", "RS.n.evaluations", 
"RS.cpu.time", "DF.cost", "DF.gamma", "DF.data.balancing", "DF.feature.selection", 
"DF.valid.acc", "DF.test.acc", "DF.train.time", "DF.n.support.vectors", 
"DF.index", "DF.n.solutions", "DF.generations", "DF.n.evaluations", 
"DF.cpu.time")))
