full <-
structure(c(50, 55, 60, 65, 70, 75, 80, 85, 90, 95, 100, 12.79129, 
11.29351, 15, 14.83653, 14.48598, 15, 11.74476, 15, 14.0673, 
12.49313, 8.65991, -2.58591, -5.23725, -5.6997, -6.48479, -5.28796, 
-5.89097, -4.27316, -6.24336, -6.32028, -4.92834, -4.0171, 0, 
0, 0, 0, 0, 0, 0, 0, 0, 0, 0, 0, 0, 0, 0, 0, 0, 0, 0, 0, 0, 0, 
0.921, 0.95429, 0.97277, 0.9857, 0.99355, 1, 1, 0.9973, 1, 1, 
1, 0.8842, 0.92457, 0.96523, 0.96119, 1, 1, 0.99134, 0.99474, 
1, 1, 1, 0.0199, 0.0789, 0.1946, 0.6284, 0.2798, 0.7899, 0.1032, 
1.7916, 1.9597, 0.4541, 0.1419, 86.1, 59.9, 61.4, 63.9, 77.5, 
77.5, 86.8, 81.5, 88.2, 95.2, 104.8, 54, 1196, 87, 217, 78, 56, 
29, 68, 15, 21, 20, 1299, 59, 1135, 487, 1118, 1464, 1739, 1223, 
1480, 1527, 1285, 100, 100, 100, 100, 100, 100, 100, 100, 100, 
100, 100, 2500, 2500, 2500, 2500, 2500, 2500, 2500, 2500, 2500, 
2500, 2500, 6517.705, 7645.704, 9986.997, 18055.995, 19322.324, 
25093.396, 18444.739, 47976.487, 28503.119, 29537.463, 18765.834, 
11.75535, 13.34961, 13.71247, 13.2087, 12.3159, 13.4063, 11.76452, 
14.43832, 13.22, 11.63945, 11.11308, -2.56297, -5.20193, -5.7478, 
-5.91315, -5.15732, -5.50046, -5.19148, -6.50456, -5.64013, -5.56641, 
-5.00992, 0, 0, 0, 0, 0, 0, 0, 0, 0, 0, 0, 0, 0, 0, 0, 0, 0, 
0, 0, 0, 0, 0, 0.921, 0.95411, 0.97277, 0.9857, 0.99355, 1, 1, 
0.99467, 1, 1, 1, 0.8842, 0.92873, 0.96523, 0.96119, 1, 1, 1, 
0.99474, 1, 1, 1, 0.0196, 0.0809, 0.1962, 0.3148, 0.2234, 0.4455, 
0.3401, 1.8336, 0.9525, 0.7593, 0.5425, 86.2, 59.1, 61.2, 66.3, 
77.8, 78.7, 84.7, 83.1, 87.1, 98.7, 99.3, 277, 80, 474, 952, 
365, 434, 70, 182, 7, 6, 14, 12, 2, 5, 2, 12, 16, 65, 1, 70, 
69, 135, 100, 100, 100, 100, 100, 100, 100, 100, 100, 100, 100, 
2500, 2500, 2500, 2500, 2500, 2500, 2500, 2500, 2500, 2500, 2500, 
6354.937, 6522.355, 6740.686, 7107.603, 9414.105, 10194.223, 
10457.199, 10655.409, 11398.239, 11502.863, 11807.698, 1, 1, 
1, 1, 1, 1, 1, 1, 1, 1, 1, 0.16667, 0.16667, 0.16667, 0.16667, 
0.16667, 0.16667, 0.16667, 0.16667, 0.16667, 0.16667, 0.16667, 
0, 0, 0, 0, 0, 0, 0, 0, 0, 0, 0, 0, 0, 0, 0, 0, 0, 0, 0, 0, 0, 
0, 0.8526, 0.86149, 0.86516, 0.86267, 0.89158, 0.88664, 0.9021, 
0.89734, 0.90281, 0.91549, 0.90462, 0.84286, 0.85769, 0.86115, 
0.86253, 0.89469, 0.89279, 0.90218, 0.89463, 0.89031, 0.91299, 
0.90705, 0.0165, 0.0182, 0.0207, 0.0239, 0.029, 0.0319, 0.0339, 
0.0372, 0.0394, 0.0428, 0.0441, 122.4, 135.5, 145.4, 156.6, 169.2, 
177.7, 187.4, 197.9, 206.4, 217, 223.6, 1, 1, 1, 1, 1, 1, 1, 
1, 1, 1, 1, 1, 1, 1, 1, 1, 1, 1, 1, 1, 1, 1, 1, 1, 1, 1, 1, 1, 
1, 1, 1, 1, 1, 1, 1, 1, 1, 1, 1, 1, 1, 1, 1, 1, 2.444, 2.454, 
2.56, 2.689, 3.608, 3.783, 3.766, 3.776, 3.761, 3.82, 3.792), .Dim = c(11L, 
40L), .Dimnames = list(NULL, c("Sampling", "PSO.cost", "PSO.gamma", 
"PSO.data.balancing", "PSO.feature.selection", "PSO.valid.acc", 
"PSO.test.acc", "PSO.train.time", "PSO.n.support.vectors", "PSO.index", 
"PSO.n.solutions", "PSO.generations", "PSO.n.evaluations", "PSO.cpu.time", 
"RS.cost", "RS.gamma", "RS.data.balancing", "RS.feature.selection", 
"RS.valid.acc", "RS.test.acc", "RS.train.time", "RS.n.support.vectors", 
"RS.index", "RS.n.solutions", "RS.generations", "RS.n.evaluations", 
"RS.cpu.time", "DF.cost", "DF.gamma", "DF.data.balancing", "DF.feature.selection", 
"DF.valid.acc", "DF.test.acc", "DF.train.time", "DF.n.support.vectors", 
"DF.index", "DF.n.solutions", "DF.generations", "DF.n.evaluations", 
"DF.cpu.time")))
