full <-
structure(c(50, 55, 60, 65, 70, 75, 80, 85, 90, 95, 100, 6.20518, 
4.62193, 6.61988, 13.35399, 14.94699, 15, 13.71476, 10.87227, 
14.2853, 11.08248, 8.07822, -3.19905, -2.91661, -2.32357, -5.97005, 
-6.25695, -6.46065, -5.38368, -5.52664, -4.75948, -4.78982, -3.52098, 
0, 0, 0, 0, 0, 0, 0, 0, 0, 0, 0, 0, 0, 0, 0, 0, 0, 0, 0, 0, 0, 
0, 0.93052, 0.9288, 0.94228, 0.97882, 0.99333, 1, 1, 1, 1, 1, 
1, 0.89329, 0.93315, 0.91949, 0.95382, 0.99333, 0.99688, 1, 0.9973, 
1, 1, 1, 0.0196, 0.0212, 0.0238, 0.3158, 0.729, 1.2334, 0.5521, 
0.3037, 0.2816, 0.3598, 0.0839, 72.8, 92.5, 106.1, 66.4, 68.8, 
73.4, 85.9, 94.5, 94.6, 95.1, 106.3, 2439, 163, 548, 614, 308, 
157, 78, 27, 6, 13, 10, 1, 121, 203, 162, 313, 1100, 1842, 1513, 
1562, 1533, 1422, 100, 100, 100, 100, 100, 100, 100, 100, 100, 
100, 100, 2500, 2500, 2500, 2500, 2500, 2500, 2500, 2500, 2500, 
2500, 2500, 6314.61, 6535.439, 6529.795, 13157.801, 18422.422, 
25339.266, 20424.184, 21345.482, 28012.229, 25574.239, 22177.6, 
8.06277, 5.97334, 11.33854, 14.83909, 12.52806, 14.65973, 14.65615, 
14.07272, 14.24115, 14.74101, 14.6593, -3.22968, -3.36886, -1.81229, 
-6.36508, -5.16057, -6.20936, -6.43331, -5.93818, -5.25443, -6.78968, 
-5.65563, 0, 0, 0, 0, 0, 0, 0, 0, 0, 0, 0, 0, 0, 0, 0, 0, 0, 
0, 0, 0, 0, 0, 0.9303, 0.9288, 0.93844, 0.97525, 0.99, 1, 1, 
1, 1, 1, 1, 0.88853, 0.93297, 0.91949, 0.96441, 0.98344, 0.99688, 
1, 1, 1, 1, 1, 0.0202, 0.0236, 0.0232, 0.5572, 0.1995, 1.0122, 
2.0478, 1.3183, 0.6792, 4.8687, 1.5258, 71.4, 80.1, 120.3, 63.5, 
75.5, 73.9, 81.5, 84.6, 92.5, 97.4, 95, 107, 1894, 186, 1508, 
13, 211, 5, 51, 18, 21, 49, 7, 2, 10, 1, 23, 3, 56, 58, 61, 139, 
173, 100, 100, 100, 100, 100, 100, 100, 100, 100, 100, 100, 2500, 
2500, 2500, 2500, 2500, 2500, 2500, 2500, 2500, 2500, 2500, 6414.47, 
6549.188, 6629.547, 6799.769, 6861.917, 7015.91099999999, 7321.68899999998, 
7972.24900000001, 11359.564, 11242.124, 12155.618, 1, 1, 1, 1, 
1, 1, 1, 1, 1, 1, 1, 0.16667, 0.16667, 0.16667, 0.16667, 0.16667, 
0.16667, 0.16667, 0.16667, 0.16667, 0.16667, 0.16667, 0, 0, 0, 
0, 0, 0, 0, 0, 0, 0, 0, 0, 0, 0, 0, 0, 0, 0, 0, 0, 0, 0, 0.8381, 
0.80725, 0.84699, 0.82533, 0.86516, 0.88047, 0.88157, 0.88099, 
0.89517, 0.90836, 0.90998, 0.83355, 0.83659, 0.84328, 0.8395, 
0.85527, 0.86788, 0.88746, 0.88099, 0.89799, 0.90823, 0.91231, 
0.017, 0.0189, 0.0207, 0.0221, 0.0241, 0.026, 0.0289, 0.0311, 
0.0387, 0.0418, 0.0443, 123.2, 135, 145.3, 159.5, 168.9, 177.5, 
187.3, 198.3, 208.7, 215, 223.3, 1, 1, 1, 1, 1, 1, 1, 1, 1, 1, 
1, 1, 1, 1, 1, 1, 1, 1, 1, 1, 1, 1, 1, 1, 1, 1, 1, 1, 1, 1, 1, 
1, 1, 1, 1, 1, 1, 1, 1, 1, 1, 1, 1, 1, 2.498, 2.544, 2.587, 2.549, 
2.603, 2.59, 2.609, 2.648, 3.691, 3.703, 3.744), .Dim = c(11L, 
40L), .Dimnames = list(NULL, c("Sampling", "PSO.cost", "PSO.gamma", 
"PSO.data.balancing", "PSO.feature.selection", "PSO.valid.acc", 
"PSO.test.acc", "PSO.train.time", "PSO.n.support.vectors", "PSO.index", 
"PSO.n.solutions", "PSO.generations", "PSO.n.evaluations", "PSO.cpu.time", 
"RS.cost", "RS.gamma", "RS.data.balancing", "RS.feature.selection", 
"RS.valid.acc", "RS.test.acc", "RS.train.time", "RS.n.support.vectors", 
"RS.index", "RS.n.solutions", "RS.generations", "RS.n.evaluations", 
"RS.cpu.time", "DF.cost", "DF.gamma", "DF.data.balancing", "DF.feature.selection", 
"DF.valid.acc", "DF.test.acc", "DF.train.time", "DF.n.support.vectors", 
"DF.index", "DF.n.solutions", "DF.generations", "DF.n.evaluations", 
"DF.cpu.time")))
