full <-
structure(c(50, 55, 60, 65, 70, 75, 80, 85, 90, 95, 100, 9.86971, 
14.03829, 4.00813, 15, 15, 13.81371, 14.92353, 14.0672, 10.96027, 
14.80029, 14.19686, -4.18945, -2.68176, -2.49847, -4.59147, -5.99642, 
-5.80496, -5.92804, -6.01908, -5.22538, -6.49173, -6.31145, 0, 
0, 0, 0, 0, 0, 0, 0, 0, 0, 0, 0, 0, 0, 0, 0, 0, 0, 0, 0, 0, 0, 
0.91299, 0.94582, 0.94254, 0.96429, 0.98333, 0.98456, 0.99706, 
0.9973, 1, 1, 1, 0.90346, 0.92132, 0.92374, 0.95357, 0.99, 0.98485, 
0.98824, 0.9973, 1, 1, 1, 0.0274, 0.0221, 0.0224, 0.0699, 0.5001, 
0.4854, 0.6791, 1.158, 0.4192, 4.0196, 3.1537, 59.1, 92, 105.6, 
70, 68.2, 71.3, 72.6, 81.3, 95.9, 92.5, 94.5, 230, 173, 883, 
267, 52, 145, 104, 34, 23, 68, 12, 244, 373, 63, 985, 1360, 1252, 
1245, 1363, 1513, 1463, 1353, 100, 100, 100, 100, 100, 100, 100, 
100, 100, 100, 100, 2500, 2500, 2500, 2500, 2500, 2500, 2500, 
2500, 2500, 2500, 2500, 6379.812, 6626.219, 6358.509, 7635.455, 
16672.777, 17710.939, 14572.066, 34712.681, 22849.481, 58166.212, 
23644.302, 7.83028, 8.63799, 13.87157, 14.60332, 14.49458, 14.72732, 
14.87066, 14.28384, 12.8725, 14.64353, 9.90008, -4.09298, -2.66703, 
-2.34968, -4.57411, -5.95258, -6.09598, -5.66633, -5.97926, -5.19228, 
-6.27139, -4.27959, 0, 0, 0, 0, 0, 0, 0, 0, 0, 0, 0, 0, 0, 0, 
0, 0, 0, 0, 0, 0, 0, 0, 0.90844, 0.94582, 0.93869, 0.96429, 0.98333, 
0.98456, 0.99706, 0.9973, 1, 1, 1, 0.92641, 0.92132, 0.93159, 
0.95357, 0.99, 0.99091, 0.9884, 0.9973, 1, 1, 1, 0.0258, 0.023, 
0.024, 0.0661, 0.4647, 0.6744, 0.449, 1.0737, 0.5549, 3.169, 
0.185, 65.1, 92.5, 105.1, 70, 68.6, 69.7, 74.5, 80.2, 91.7, 91.5, 
99.3, 311, 779, 168, 460, 1367, 191, 133, 522, 3, 314, 9, 4, 
8, 6, 3, 2, 5, 19, 7, 63, 17, 118, 100, 100, 100, 100, 100, 100, 
100, 100, 100, 100, 100, 2500, 2500, 2500, 2500, 2500, 2500, 
2500, 2500, 2500, 2500, 2500, 6356.087, 6640.341, 6682.89, 6924.29900000001, 
7123.57799999999, 7107.686, 7628.50499999999, 8085.709, 8273.769, 
8714.639, 8983.70900000003, 1, 1, 1, 1, 1, 1, 1, 1, 1, 1, 1, 
0.16667, 0.16667, 0.16667, 0.16667, 0.16667, 0.16667, 0.16667, 
0.16667, 0.16667, 0.16667, 0.16667, 0, 0, 0, 0, 0, 0, 0, 0, 0, 
0, 0, 0, 0, 0, 0, 0, 0, 0, 0, 0, 0, 0, 0.78312, 0.81966, 0.85447, 
0.84741, 0.85804, 0.88049, 0.8794, 0.88919, 0.87748, 0.89831, 
0.9122, 0.82035, 0.82802, 0.84634, 0.85788, 0.85503, 0.87756, 
0.88225, 0.88919, 0.88992, 0.89587, 0.90993, 0.0173, 0.0186, 
0.0203, 0.0233, 0.025, 0.0252, 0.0279, 0.0308, 0.0345, 0.036, 
0.0385, 121.3, 135.3, 147.3, 160.2, 170.2, 175.5, 187.7, 197.3, 
207.3, 214.9, 222.2, 1, 1, 1, 1, 1, 1, 1, 1, 1, 1, 1, 1, 1, 1, 
1, 1, 1, 1, 1, 1, 1, 1, 1, 1, 1, 1, 1, 1, 1, 1, 1, 1, 1, 1, 1, 
1, 1, 1, 1, 1, 1, 1, 1, 1, 2.54, 2.519, 2.458, 2.662, 2.647, 
2.487, 2.746, 2.683, 2.703, 2.613, 2.764), .Dim = c(11L, 40L), .Dimnames = list(
    NULL, c("Sampling", "PSO.cost", "PSO.gamma", "PSO.data.balancing", 
    "PSO.feature.selection", "PSO.valid.acc", "PSO.test.acc", 
    "PSO.train.time", "PSO.n.support.vectors", "PSO.index", "PSO.n.solutions", 
    "PSO.generations", "PSO.n.evaluations", "PSO.cpu.time", "RS.cost", 
    "RS.gamma", "RS.data.balancing", "RS.feature.selection", 
    "RS.valid.acc", "RS.test.acc", "RS.train.time", "RS.n.support.vectors", 
    "RS.index", "RS.n.solutions", "RS.generations", "RS.n.evaluations", 
    "RS.cpu.time", "DF.cost", "DF.gamma", "DF.data.balancing", 
    "DF.feature.selection", "DF.valid.acc", "DF.test.acc", "DF.train.time", 
    "DF.n.support.vectors", "DF.index", "DF.n.solutions", "DF.generations", 
    "DF.n.evaluations", "DF.cpu.time")))
