full <-
structure(c(50, 55, 60, 65, 70, 75, 80, 85, 90, 95, 100, 7.55431, 
15, 15, 15, 15, 15, 12.69527, 12.88745, 10.75028, 11.59928, 14.67664, 
-4.12326, -7.95224, -6.09746, -7.75701, -7.72964, -5.42166, -5.44892, 
-3.82258, -4.59553, -4.04068, -5.09202, 0, 0, 0, 0, 0, 0, 0, 
0, 0, 0, 0, 0, 0, 0, 0, 0, 0, 0, 0, 0, 0, 0, 0.92208, 0.96628, 
0.98462, 0.96071, 0.9771, 0.99394, 0.99714, 1, 1, 1, 1, 0.88052, 
0.96176, 0.96508, 0.96786, 0.97376, 0.99375, 0.99444, 1, 1, 1, 
1, 0.0264, 0.2873, 0.3235, 1.0026, 1.3519, 0.2917, 0.3895, 0.0695, 
0.2416, 0.1202, 0.5605, 65.9, 65.6, 59.3, 72.9, 76.6, 73.4, 81.3, 
93, 92.3, 99.1, 96.4, 1645, 2127, 336, 90, 127, 96, 42, 12, 44, 
18, 22, 18, 6, 437, 1003, 912, 1419, 1435, 1728, 1518, 1653, 
1543, 100, 100, 100, 100, 100, 100, 100, 100, 100, 100, 100, 
2500, 2500, 2500, 2500, 2500, 2500, 2500, 2500, 2500, 2500, 2500, 
6582.619, 11855.508, 12484.001, 20780.967, 25140.403, 17507.165, 
13945.038, 17000.205, 17178.707, 23079.639, 31269.452, 7.05457, 
14.70715, 14.08303, 14.52606, 14.85945, 13.23906, 11.57592, 11.83938, 
13.11457, 10.26761, 14.62205, -3.96337, -7.78052, -5.9416, -7.5131, 
-7.67335, -5.49697, -4.84499, -4.92125, -4.5846, -4.35676, -6.26356, 
0, 0, 0, 0, 0, 0, 0, 0, 0, 0, 0, 0, 0, 0, 0, 0, 0, 0, 0, 0, 0, 
0, 0.91753, 0.95793, 0.98462, 0.96071, 0.9771, 0.99394, 0.99714, 
1, 1, 1, 1, 0.88939, 0.96176, 0.95738, 0.96429, 0.97376, 0.99375, 
0.99444, 1, 1, 1, 1, 0.0231, 0.2424, 0.2684, 0.9723, 1.1155, 
0.2923, 0.1702, 0.2625, 0.2282, 0.1893, 3.2872, 68.3, 64.9, 61.3, 
72.4, 76.2, 72.6, 82.6, 87, 92.3, 96.8, 91.8, 239, 95, 143, 57, 
889, 80, 68, 43, 12, 11, 38, 4, 1, 1, 5, 1, 6, 53, 117, 91, 97, 
67, 100, 100, 100, 100, 100, 100, 100, 100, 100, 100, 100, 2500, 
2500, 2500, 2500, 2500, 2500, 2500, 2500, 2500, 2500, 2500, 6769.994, 
7017.585, 7054.232, 6777.128, 7095.10000000001, 6901.40300000001, 
7373.94100000002, 7896.39199999999, 8615.84299999999, 8989.91700000002, 
9186.02800000005, 1, 1, 1, 1, 1, 1, 1, 1, 1, 1, 1, 0.16667, 0.16667, 
0.16667, 0.16667, 0.16667, 0.16667, 0.16667, 0.16667, 0.16667, 
0.16667, 0.16667, 0, 0, 0, 0, 0, 0, 0, 0, 0, 0, 0, 0, 0, 0, 0, 
0, 0, 0, 0, 0, 0, 0, 0.86602, 0.89099, 0.89983, 0.91108, 0.91452, 
0.92339, 0.91377, 0.91561, 0.9259, 0.91289, 0.90976, 0.88463, 
0.90404, 0.89998, 0.91478, 0.91097, 0.91411, 0.91074, 0.91042, 
0.92333, 0.91539, 0.90738, 0.0188, 0.0205, 0.0219, 0.0227, 0.0256, 
0.0252, 0.0296, 0.03, 0.0335, 0.0387, 0.0417, 128.8, 137.6, 147.6, 
157, 168.3, 177, 186.4, 195.4, 202, 214.4, 221.3, 1, 1, 1, 1, 
1, 1, 1, 1, 1, 1, 1, 1, 1, 1, 1, 1, 1, 1, 1, 1, 1, 1, 1, 1, 1, 
1, 1, 1, 1, 1, 1, 1, 1, 1, 1, 1, 1, 1, 1, 1, 1, 1, 1, 1, 2.723, 
2.779, 2.738, 2.58, 2.621, 2.324, 2.613, 2.493, 2.768, 2.935, 
3.025), .Dim = c(11L, 40L), .Dimnames = list(NULL, c("Sampling", 
"PSO.cost", "PSO.gamma", "PSO.data.balancing", "PSO.feature.selection", 
"PSO.valid.acc", "PSO.test.acc", "PSO.train.time", "PSO.n.support.vectors", 
"PSO.index", "PSO.n.solutions", "PSO.generations", "PSO.n.evaluations", 
"PSO.cpu.time", "RS.cost", "RS.gamma", "RS.data.balancing", "RS.feature.selection", 
"RS.valid.acc", "RS.test.acc", "RS.train.time", "RS.n.support.vectors", 
"RS.index", "RS.n.solutions", "RS.generations", "RS.n.evaluations", 
"RS.cpu.time", "DF.cost", "DF.gamma", "DF.data.balancing", "DF.feature.selection", 
"DF.valid.acc", "DF.test.acc", "DF.train.time", "DF.n.support.vectors", 
"DF.index", "DF.n.solutions", "DF.generations", "DF.n.evaluations", 
"DF.cpu.time")))
