full <-
structure(c(50, 55, 60, 65, 70, 75, 80, 85, 90, 95, 100, 2.46856, 
1.7074, 1.96159, 1.4875, 1.65183, 2.10354, 1.44224, 1.89962, 
2.57125, 1.2826, 1.96915, -3.9844, -6.04326, -5.76826, -4.90821, 
-6.04557, -5.82387, -5.3003, -5.8976, -6.76821, -5.63844, -5.30894, 
0, 0, 0, 0, 0, 0, 0, 0, 0, 0, 0, 0, 0, 0, 0, 0, 0, 0, 0, 0, 0, 
0, 0.94936, 0.95033, 0.94788, 0.94763, 0.94905, 0.94877, 0.94651, 
0.94918, 0.94762, 0.94786, 0.94974, 0.94459, 0.94599, 0.94591, 
0.94764, 0.94568, 0.94718, 0.94155, 0.94872, 0.94718, 0.94702, 
0.94775, 0.8487, 0.4732, 0.5842, 0.8796, 0.8372, 0.8873, 1.0976, 
1.257, 1.2238, 1.4842, 1.6001, 535.8, 219.4, 264.7, 402.8, 281.6, 
313.5, 391, 341, 300.9, 392.1, 449.1, 382, 859, 1574, 561, 497, 
1329, 927, 965, 527, 693, 490, 124, 274, 67, 160, 99, 25, 76, 
144, 164, 263, 423, 100, 100, 100, 100, 100, 100, 100, 100, 100, 
100, 100, 2500, 2500, 2500, 2500, 2500, 2500, 2500, 2500, 2500, 
2500, 2500, 27326.11, 21814.187, 27207.182, 35873.765, 37706.064, 
38234.604, 65107.2669999999, 56878.267, 51478.067, 60429.8839999998, 
57595.476, 8.00296, 1.30789, 1.58024, 1.39568, 1.31525, 1.70503, 
2.04474, 2.60578, 2.75645, 1.70469, 1.86672, -3.99027, -5.75447, 
-5.40622, -5.13168, -5.68383, -5.73803, -5.39149, -6.11019, -6.8276, 
-6.05251, -5.25015, 0, 0, 0, 0, 0, 0, 0, 0, 0, 0, 0, 0, 0, 0, 
0, 0, 0, 0, 0, 0, 0, 0, 0.94856, 0.94889, 0.94787, 0.94641, 0.94905, 
0.94824, 0.94651, 0.94825, 0.94718, 0.94744, 0.94974, 0.94459, 
0.94672, 0.9459, 0.94763, 0.94397, 0.94876, 0.94205, 0.94452, 
0.94718, 0.94535, 0.94736, 0.8462, 0.5278, 0.6788, 0.8868, 0.8829, 
0.9513, 1.0882, 1.1766, 1.127, 1.2595, 1.6226, 532.8, 237.2, 
296.1, 362.9, 309.5, 319.7, 372.2, 325, 299.8, 353.2, 462.8, 
961, 1215, 188, 2439, 678, 795, 428, 205, 2044, 2308, 612, 16, 
2, 1, 1, 1, 2, 1, 2, 1, 2, 1, 100, 100, 100, 100, 100, 100, 100, 
100, 100, 100, 100, 2500, 2500, 2500, 2500, 2500, 2500, 2500, 
2500, 2500, 2500, 2500, 27027.549, 40724.342, 44859.464, 55723.125, 
72207.865, 82814.628, 93826.2830000001, 105936.607, 123736.296, 
128373.481, 114208.303, 1, 1, 1, 1, 1, 1, 1, 1, 1, 1, 1, 0.01389, 
0.01389, 0.01389, 0.01389, 0.01389, 0.01389, 0.01389, 0.01389, 
0.01389, 0.01389, 0.01389, 0, 0, 0, 0, 0, 0, 0, 0, 0, 0, 0, 0, 
0, 0, 0, 0, 0, 0, 0, 0, 0, 0, 0.93588, 0.93737, 0.93796, 0.93542, 
0.93663, 0.93503, 0.93561, 0.93567, 0.9366, 0.93618, 0.93705, 
0.93825, 0.93737, 0.9373, 0.93603, 0.93663, 0.93503, 0.93561, 
0.93566, 0.9366, 0.93659, 0.93705, 0.3426, 0.4329, 0.5377, 0.6557, 
0.7944, 0.8513, 1.0237, 1.1154, 1.1788, 1.193, 1.2539, 193.5, 
209, 230.1, 255.6, 270.3, 285.4, 299.9, 314, 323.9, 342.1, 353.1, 
1, 1, 1, 1, 1, 1, 1, 1, 1, 1, 1, 1, 1, 1, 1, 1, 1, 1, 1, 1, 1, 
1, 1, 1, 1, 1, 1, 1, 1, 1, 1, 1, 1, 1, 1, 1, 1, 1, 1, 1, 1, 1, 
1, 1, 6.467, 7.408, 8.789, 10.825, 12.401, 12.778, 15.151, 16.138, 
16.801, 15.64, 16.472), .Dim = c(11L, 40L), .Dimnames = list(
    NULL, c("Sampling", "PSO.cost", "PSO.gamma", "PSO.data.balancing", 
    "PSO.feature.selection", "PSO.valid.acc", "PSO.test.acc", 
    "PSO.train.time", "PSO.n.support.vectors", "PSO.index", "PSO.n.solutions", 
    "PSO.generations", "PSO.n.evaluations", "PSO.cpu.time", "RS.cost", 
    "RS.gamma", "RS.data.balancing", "RS.feature.selection", 
    "RS.valid.acc", "RS.test.acc", "RS.train.time", "RS.n.support.vectors", 
    "RS.index", "RS.n.solutions", "RS.generations", "RS.n.evaluations", 
    "RS.cpu.time", "DF.cost", "DF.gamma", "DF.data.balancing", 
    "DF.feature.selection", "DF.valid.acc", "DF.test.acc", "DF.train.time", 
    "DF.n.support.vectors", "DF.index", "DF.n.solutions", "DF.generations", 
    "DF.n.evaluations", "DF.cpu.time")))
