full <-
structure(c(50, 55, 60, 65, 70, 75, 80, 85, 90, 95, 100, 3.27018, 
2.21975, 3.40881, 2.1159, 2.73948, 1.77133, 2.08212, 1.83077, 
4.61972, 1.83821, 1.44546, -7.82875, -5.7131, -6.88708, -5.40904, 
-6.36605, -4.89327, -5.44103, -5.75888, -8.74898, -3.93862, -5.71319, 
0, 0, 0, 0, 0, 0, 0, 0, 0, 0, 0, 0, 0, 0, 0, 0, 0, 0, 0, 0, 0, 
0, 0.95645, 0.95823, 0.95511, 0.95249, 0.95359, 0.94981, 0.94948, 
0.95244, 0.94891, 0.9466, 0.94933, 0.94853, 0.95464, 0.95115, 
0.94638, 0.94909, 0.944, 0.9475, 0.94732, 0.94627, 0.94201, 0.94735, 
0.3141, 0.4769, 0.4547, 0.8232, 0.8136, 1.3363, 1.1054, 1.078, 
1.0383, 2.8638, 1.5208, 165.9, 264.1, 217.3, 329.1, 263.6, 443.8, 
371.2, 351.4, 264.7, 942.5, 397.9, 2146, 484, 139, 667, 623, 
773, 457, 630, 1347, 1414, 864, 4, 61, 699, 438, 136, 159, 843, 
603, 66, 6, 242, 100, 100, 100, 100, 100, 100, 100, 100, 100, 
100, 100, 2500, 2500, 2500, 2500, 2500, 2500, 2500, 2500, 2500, 
2500, 2500, 16109.01, 19331.08, 20146.114, 30608.267, 33363.005, 
45727.554, 37658.815, 41591.595, 48443.03, 68539.616, 57024.8790000002, 
3.33481, 2.2252, 3.3409, 2.14412, 2.48081, 1.19245, 1.77054, 
1.58892, 5.03969, 2.96556, 1.56229, -7.83549, -5.63968, -6.86872, 
-5.3998, -6.29311, -5.12913, -5.29605, -5.59543, -9.01703, -4.90072, 
-5.7805, 0, 0, 0, 0, 0, 0, 0, 0, 0, 0, 0, 0, 0, 0, 0, 0, 0, 0, 
0, 0, 0, 0, 0.95487, 0.95679, 0.95511, 0.95249, 0.95246, 0.94876, 
0.94799, 0.95198, 0.94803, 0.94618, 0.94854, 0.94774, 0.95536, 
0.95115, 0.94638, 0.95022, 0.94612, 0.94601, 0.94778, 0.94539, 
0.94451, 0.94735, 0.3095, 0.4916, 0.4538, 0.8358, 0.8439, 1.2453, 
1.0561, 1.337, 1.0455, 1.5923, 1.4689, 166.3, 271.7, 217.6, 331.3, 
268.6, 398.4, 394.1, 368.8, 262.9, 504.3, 391.9, 1913, 1469, 
771, 2328, 2349, 2135, 323, 718, 139, 476, 406, 1, 2, 3, 1, 2, 
2, 2, 1, 1, 2, 2, 100, 100, 100, 100, 100, 100, 100, 100, 100, 
100, 100, 2500, 2500, 2500, 2500, 2500, 2500, 2500, 2500, 2500, 
2500, 2500, 25643.828, 30557.886, 35620.26, 56142.738, 73860.941, 
87468.77, 67052.725, 102631.649, 116977.094, 99479.5579999998, 
116361.282, 1, 1, 1, 1, 1, 1, 1, 1, 1, 1, 1, 0.01389, 0.01389, 
0.01389, 0.01389, 0.01389, 0.01389, 0.01389, 0.01389, 0.01389, 
0.01389, 0.01389, 0, 0, 0, 0, 0, 0, 0, 0, 0, 0, 0, 0, 0, 0, 0, 
0, 0, 0, 0, 0, 0, 0, 0.93666, 0.93881, 0.93796, 0.93786, 0.93718, 
0.93766, 0.93512, 0.9366, 0.93748, 0.93701, 0.93706, 0.93666, 
0.93809, 0.93796, 0.93663, 0.93718, 0.93766, 0.93561, 0.9366, 
0.93792, 0.93701, 0.93666, 0.3577, 0.4101, 0.5022, 0.6891, 0.7791, 
0.9335, 0.8338, 1.1211, 1.0732, 1.1356, 1.2598, 213.8, 223, 246, 
259.5, 265.9, 280.1, 297.2, 314.8, 321.9, 341.8, 355.3, 1, 1, 
1, 1, 1, 1, 1, 1, 1, 1, 1, 1, 1, 1, 1, 1, 1, 1, 1, 1, 1, 1, 1, 
1, 1, 1, 1, 1, 1, 1, 1, 1, 1, 1, 1, 1, 1, 1, 1, 1, 1, 1, 1, 1, 
6.387, 7.003, 8.138, 10.98, 11.815, 13.734, 11.53, 15.533, 14.475, 
15.021, 16.412), .Dim = c(11L, 40L), .Dimnames = list(NULL, c("Sampling", 
"PSO.cost", "PSO.gamma", "PSO.data.balancing", "PSO.feature.selection", 
"PSO.valid.acc", "PSO.test.acc", "PSO.train.time", "PSO.n.support.vectors", 
"PSO.index", "PSO.n.solutions", "PSO.generations", "PSO.n.evaluations", 
"PSO.cpu.time", "RS.cost", "RS.gamma", "RS.data.balancing", "RS.feature.selection", 
"RS.valid.acc", "RS.test.acc", "RS.train.time", "RS.n.support.vectors", 
"RS.index", "RS.n.solutions", "RS.generations", "RS.n.evaluations", 
"RS.cpu.time", "DF.cost", "DF.gamma", "DF.data.balancing", "DF.feature.selection", 
"DF.valid.acc", "DF.test.acc", "DF.train.time", "DF.n.support.vectors", 
"DF.index", "DF.n.solutions", "DF.generations", "DF.n.evaluations", 
"DF.cpu.time")))
