full <-
structure(c(50, 55, 60, 65, 70, 75, 80, 85, 90, 95, 100, 1.14952, 
2.40607, 1.66933, 2.45033, 1.44528, 3.78163, 3.23869, 0.86325, 
2.45826, 1.87968, 2.2903, -5.67404, -6.47302, -6.17841, -6.17546, 
-4.83196, -7.53584, -6.99622, -4.98877, -5.50239, -5.51062, -5.80093, 
0, 0, 0, 0, 0, 0, 0, 0, 0, 0, 0, 0, 0, 0, 0, 0, 0, 0, 0, 0, 0, 
0, 0.95171, 0.95467, 0.95249, 0.95673, 0.95189, 0.9551, 0.95691, 
0.95245, 0.95245, 0.94911, 0.94814, 0.95012, 0.95323, 0.9492, 
0.95124, 0.9502, 0.95298, 0.95245, 0.95104, 0.95025, 0.94994, 
0.94774, 0.3729, 0.4114, 0.4828, 0.584, 0.9731, 0.6796, 0.803, 
1.284, 1.1033, 1.325, 1.2763, 220.1, 191, 219.6, 234, 411.1, 
225.7, 250.2, 439.9, 352.4, 403.3, 385.2, 1094, 467, 692, 582, 
1521, 379, 2453, 1914, 777, 1677, 550, 156, 262, 360, 176, 19, 
61, 1, 19, 85, 25, 129, 100, 100, 100, 100, 100, 100, 100, 100, 
100, 100, 100, 2500, 2500, 2500, 2500, 2500, 2500, 2500, 2500, 
2500, 2500, 2500, 17705.94, 18830.12, 22867.322, 27409.102, 41559.092, 
32429.876, 35071.724, 43707.8990000001, 40326.6090000001, 57477.347, 
47491.909, 1.33279, 2.2345, 3.51625, 1.9833, 1.43963, 3.77291, 
3.72874, 0.84668, 1.2429, 1.81237, 2.13786, -5.81722, -6.21609, 
-7.81671, -5.39767, -4.99662, -7.54925, -7.44244, -5.23491, -5.3792, 
-5.49244, -5.7773, 0, 0, 0, 0, 0, 0, 0, 0, 0, 0, 0, 0, 0, 0, 
0, 0, 0, 0, 0, 0, 0, 0, 0.95092, 0.95395, 0.95184, 0.9549, 0.95132, 
0.95405, 0.95493, 0.95198, 0.95113, 0.94828, 0.94735, 0.95012, 
0.95322, 0.95118, 0.9549, 0.94963, 0.95298, 0.95146, 0.95058, 
0.9498, 0.94952, 0.94814, 0.3611, 0.4131, 0.4658, 0.7018, 0.9411, 
0.6881, 0.8163, 1.1204, 1.1855, 1.2866, 1.333, 210.4, 200.3, 
184.9, 281, 378.4, 225.5, 240.8, 389.3, 386.8, 405, 389.9, 1667, 
1026, 335, 892, 640, 308, 154, 1079, 367, 708, 1139, 1, 4, 1, 
2, 2, 1, 1, 1, 1, 1, 3, 100, 100, 100, 100, 100, 100, 100, 100, 
100, 100, 100, 2500, 2500, 2500, 2500, 2500, 2500, 2500, 2500, 
2500, 2500, 2500, 26703.463, 35412.027, 45517.761, 56073.409, 
63638.927, 74170.2, 81915.968, 82243.3709999999, 92367.813, 103550.781, 
107127.198, 1, 1, 1, 1, 1, 1, 1, 1, 1, 1, 1, 0.01389, 0.01389, 
0.01389, 0.01389, 0.01389, 0.01389, 0.01389, 0.01389, 0.01389, 
0.01389, 0.01389, 0, 0, 0, 0, 0, 0, 0, 0, 0, 0, 0, 0, 0, 0, 0, 
0, 0, 0, 0, 0, 0, 0, 0.93587, 0.93881, 0.93862, 0.93906, 0.93888, 
0.93978, 0.94057, 0.94033, 0.93923, 0.93742, 0.93706, 0.93587, 
0.93954, 0.93862, 0.93906, 0.93888, 0.93978, 0.94057, 0.93939, 
0.93835, 0.93742, 0.93706, 0.3287, 0.4139, 0.5397, 0.6202, 0.6272, 
0.7506, 0.796, 0.8047, 1.0716, 1.0945, 1.1736, 195.7, 204.2, 
221.7, 230.1, 244.9, 258.5, 274.1, 290.1, 307.7, 334.1, 354.5, 
1, 1, 1, 1, 1, 1, 1, 1, 1, 1, 1, 1, 1, 1, 1, 1, 1, 1, 1, 1, 1, 
1, 1, 1, 1, 1, 1, 1, 1, 1, 1, 1, 1, 1, 1, 1, 1, 1, 1, 1, 1, 1, 
1, 1, 6.203, 7.268, 9.107, 10.441, 10.047, 11.517, 11.896, 11.454, 
15.122, 15.252, 15.739), .Dim = c(11L, 40L), .Dimnames = list(
    NULL, c("Sampling", "PSO.cost", "PSO.gamma", "PSO.data.balancing", 
    "PSO.feature.selection", "PSO.valid.acc", "PSO.test.acc", 
    "PSO.train.time", "PSO.n.support.vectors", "PSO.index", "PSO.n.solutions", 
    "PSO.generations", "PSO.n.evaluations", "PSO.cpu.time", "RS.cost", 
    "RS.gamma", "RS.data.balancing", "RS.feature.selection", 
    "RS.valid.acc", "RS.test.acc", "RS.train.time", "RS.n.support.vectors", 
    "RS.index", "RS.n.solutions", "RS.generations", "RS.n.evaluations", 
    "RS.cpu.time", "DF.cost", "DF.gamma", "DF.data.balancing", 
    "DF.feature.selection", "DF.valid.acc", "DF.test.acc", "DF.train.time", 
    "DF.n.support.vectors", "DF.index", "DF.n.solutions", "DF.generations", 
    "DF.n.evaluations", "DF.cpu.time")))
