full <-
structure(c(50, 55, 60, 65, 70, 75, 80, 85, 90, 95, 100, 2.6465, 
3.54689, 4.72156, 0.93795, 1.23967, 2.87835, 2.2465, 6.05673, 
1.53481, 2.33263, 2.78663, -5.83991, -4.7395, -3.7478, -4.9664, 
-5.5457, -7.28801, -5.94959, -9.45707, -5.26657, -4.47868, -6.73058, 
0, 0, 0, 0, 0, 0, 0, 0, 0, 0, 0, 0, 0, 0, 0, 0, 0, 0, 0, 0, 0, 
0, 0.95095, 0.95104, 0.94984, 0.94821, 0.94906, 0.94825, 0.94848, 
0.94686, 0.94936, 0.94869, 0.94775, 0.95095, 0.94456, 0.94852, 
0.94577, 0.94623, 0.94613, 0.946, 0.94406, 0.94584, 0.94536, 
0.94498, 0.3817, 0.6473, 1.5265, 0.8912, 0.8749, 0.7275, 0.9042, 
0.8703, 1.3559, 2.0922, 1.1885, 223.4, 354.8, 723.4, 392.2, 318.6, 
243.5, 310.3, 249.5, 423.4, 646.6, 328.7, 128, 751, 139, 1783, 
639, 650, 898, 225, 545, 1411, 1913, 1006, 130, 925, 20, 492, 
56, 340, 179, 143, 44, 20, 100, 100, 100, 100, 100, 100, 100, 
100, 100, 100, 100, 2500, 2500, 2500, 2500, 2500, 2500, 2500, 
2500, 2500, 2500, 2500, 18427.077, 25959.04, 46895.993, 34490.935, 
37577.092, 29669.507, 37484.275, 34412.919, 57372.5919999999, 
74182.0869999999, 45699.8199999998, 2.37274, 3.56764, 14.09529, 
6.99615, 1.46432, 3.24181, 2.25057, 6.05733, 1.04083, 1.84544, 
2.77525, -5.53923, -4.88216, -3.69117, -10.38625, -5.71957, -7.48919, 
-6.54511, -9.46769, -4.95034, -4.50778, -6.78797, 0, 0, 0, 0, 
0, 0, 0, 0, 0, 0, 0, 0, 0, 0, 0, 0, 0, 0, 0, 0, 0, 0, 0.95095, 
0.95104, 0.94984, 0.94699, 0.94849, 0.94772, 0.94749, 0.94686, 
0.94892, 0.94661, 0.94735, 0.95016, 0.9424, 0.94852, 0.94333, 
0.94623, 0.9456, 0.94402, 0.94453, 0.9454, 0.94411, 0.94537, 
0.4136, 0.61, 1.5499, 0.5304, 0.83, 0.7241, 0.797, 0.8752, 1.5291, 
2.0169, 1.1619, 247.1, 328.6, 750.1, 191.3, 300.9, 241.2, 273.4, 
249.7, 492.2, 639.8, 327.6, 276, 487, 396, 149, 596, 1619, 145, 
1892, 201, 1404, 1336, 5, 1, 4, 1, 1, 2, 2, 2, 1, 2, 1, 100, 
100, 100, 100, 100, 100, 100, 100, 100, 100, 100, 2500, 2500, 
2500, 2500, 2500, 2500, 2500, 2500, 2500, 2500, 2500, 26875.067, 
34547.933, 42400.082, 49755.167, 68984.027, 67845.748, 70004.6029999999, 
84570.784, 93203.9400000001, 108145.835, 107668.778, 1, 1, 1, 
1, 1, 1, 1, 1, 1, 1, 1, 0.01389, 0.01389, 0.01389, 0.01389, 0.01389, 
0.01389, 0.01389, 0.01389, 0.01389, 0.01389, 0.01389, 0, 0, 0, 
0, 0, 0, 0, 0, 0, 0, 0, 0, 0, 0, 0, 0, 0, 0, 0, 0, 0, 0, 0.94063, 
0.9424, 0.94324, 0.93846, 0.93662, 0.93661, 0.93859, 0.93847, 
0.93747, 0.93742, 0.93666, 0.94063, 0.9424, 0.94324, 0.93846, 
0.93662, 0.93714, 0.93759, 0.93847, 0.93835, 0.93784, 0.93666, 
0.3528, 0.4379, 0.5249, 0.5792, 0.7284, 0.8236, 0.8466, 0.9615, 
1.0622, 1.1637, 1.2649, 205.2, 217.1, 227.2, 252.8, 264, 282, 
294.6, 309.7, 316.4, 332.7, 354.6, 1, 1, 1, 1, 1, 1, 1, 1, 1, 
1, 1, 1, 1, 1, 1, 1, 1, 1, 1, 1, 1, 1, 1, 1, 1, 1, 1, 1, 1, 1, 
1, 1, 1, 1, 1, 1, 1, 1, 1, 1, 1, 1, 1, 1, 6.569, 7.529, 8.568, 
8.904, 10.752, 11.953, 12.17, 13.195, 14.41, 15.689, 16.639), .Dim = c(11L, 
40L), .Dimnames = list(NULL, c("Sampling", "PSO.cost", "PSO.gamma", 
"PSO.data.balancing", "PSO.feature.selection", "PSO.valid.acc", 
"PSO.test.acc", "PSO.train.time", "PSO.n.support.vectors", "PSO.index", 
"PSO.n.solutions", "PSO.generations", "PSO.n.evaluations", "PSO.cpu.time", 
"RS.cost", "RS.gamma", "RS.data.balancing", "RS.feature.selection", 
"RS.valid.acc", "RS.test.acc", "RS.train.time", "RS.n.support.vectors", 
"RS.index", "RS.n.solutions", "RS.generations", "RS.n.evaluations", 
"RS.cpu.time", "DF.cost", "DF.gamma", "DF.data.balancing", "DF.feature.selection", 
"DF.valid.acc", "DF.test.acc", "DF.train.time", "DF.n.support.vectors", 
"DF.index", "DF.n.solutions", "DF.generations", "DF.n.evaluations", 
"DF.cpu.time")))
