full <-
structure(c(50, 55, 60, 65, 70, 75, 80, 85, 90, 95, 100, 3.46296, 
1.34466, 1.74168, 2.15135, 3.63272, 3.22127, 1.55752, 4.04856, 
2.70731, 2.17408, 1.61882, -5.64642, -5.99072, -4.87944, -5.70723, 
-7.57937, -7.09387, -5.26363, -7.96093, -5.40158, -5.13538, -4.37114, 
0, 0, 0, 0, 0, 0, 0, 0, 0, 0, 0, 0, 0, 0, 0, 0, 0, 0, 0, 0, 0, 
0, 0.94222, 0.941, 0.94193, 0.9464, 0.9474, 0.95037, 0.95047, 
0.94687, 0.9476, 0.94953, 0.94853, 0.93348, 0.94028, 0.94061, 
0.94457, 0.94173, 0.94506, 0.9475, 0.94454, 0.94451, 0.94536, 
0.94576, 0.4217, 0.4821, 0.7962, 0.6656, 0.6334, 0.783, 1.1419, 
0.8528, 1.4474, 1.707, 2.3754, 248.8, 248.7, 397.7, 308.3, 237.1, 
255.1, 406.5, 264.7, 398.1, 463.5, 734.3, 1096, 1685, 729, 597, 
491, 706, 453, 1494, 873, 734, 773, 139, 8, 409, 271, 84, 149, 
404, 30, 295, 177, 309, 100, 100, 100, 100, 100, 100, 100, 100, 
100, 100, 100, 2500, 2500, 2500, 2500, 2500, 2500, 2500, 2500, 
2500, 2500, 2500, 19462.951, 22880.487, 31080.697, 28447.592, 
30371.044, 33033.115, 37770.206, 41445.738, 66114.184, 60147.143, 
81427.4709999999, 3.41711, 1.95482, 1.83382, 2.06711, 3.72444, 
3.76527, 1.35582, 3.966, 1.36541, 2.11609, 1.64651, -5.77922, 
-6.11126, -4.69364, -5.5867, -7.66304, -7.35095, -5.10037, -7.91784, 
-4.68302, -5.11651, -4.31588, 0, 0, 0, 0, 0, 0, 0, 0, 0, 0, 0, 
0, 0, 0, 0, 0, 0, 0, 0, 0, 0, 0, 0.94143, 0.9403, 0.94126, 0.94579, 
0.94683, 0.94985, 0.94997, 0.94687, 0.94584, 0.94911, 0.94735, 
0.93347, 0.94173, 0.93929, 0.94518, 0.94173, 0.944, 0.947, 0.94547, 
0.94275, 0.94536, 0.94616, 0.4117, 0.5745, 0.9191, 0.7421, 0.6047, 
0.7664, 1.1375, 0.975, 2.0241, 1.7309, 2.5472, 243.7, 242.7, 
432.4, 319.1, 235.8, 248.9, 436.6, 265.4, 578, 470.1, 759.1, 
1222, 1302, 1760, 1745, 2203, 1526, 1851, 2078, 910, 1217, 2401, 
2, 1, 1, 2, 3, 1, 4, 1, 2, 1, 1, 100, 100, 100, 100, 100, 100, 
100, 100, 100, 100, 100, 2500, 2500, 2500, 2500, 2500, 2500, 
2500, 2500, 2500, 2500, 2500, 27619.734, 41810.583, 43339.804, 
50172.057, 57875.873, 72125.246, 71809.737, 78670.938, 122033.927, 
130422.508, 110550.945, 1, 1, 1, 1, 1, 1, 1, 1, 1, 1, 1, 0.01389, 
0.01389, 0.01389, 0.01389, 0.01389, 0.01389, 0.01389, 0.01389, 
0.01389, 0.01389, 0.01389, 0, 0, 0, 0, 0, 0, 0, 0, 0, 0, 0, 0, 
0, 0, 0, 0, 0, 0, 0, 0, 0, 0, 0.93033, 0.93306, 0.93136, 0.93358, 
0.93606, 0.9382, 0.93908, 0.938, 0.93747, 0.937, 0.93705, 0.93033, 
0.93306, 0.93202, 0.93358, 0.93606, 0.93767, 0.93859, 0.938, 
0.93659, 0.937, 0.93705, 0.3842, 0.5094, 0.5952, 0.6374, 0.6751, 
0.8303, 0.8607, 1.0824, 1.2277, 1.3294, 1.3032, 227.9, 239, 256.8, 
272.9, 277.2, 290.1, 298.3, 318.5, 329.1, 344.9, 359.1, 1, 1, 
1, 1, 1, 1, 1, 1, 1, 1, 1, 1, 1, 1, 1, 1, 1, 1, 1, 1, 1, 1, 1, 
1, 1, 1, 1, 1, 1, 1, 1, 1, 1, 1, 1, 1, 1, 1, 1, 1, 1, 1, 1, 1, 
6.972, 9.304, 9.312, 9.744, 10.164, 11.901, 12.265, 15.534, 17.014, 
18.203, 17.109), .Dim = c(11L, 40L), .Dimnames = list(NULL, c("Sampling", 
"PSO.cost", "PSO.gamma", "PSO.data.balancing", "PSO.feature.selection", 
"PSO.valid.acc", "PSO.test.acc", "PSO.train.time", "PSO.n.support.vectors", 
"PSO.index", "PSO.n.solutions", "PSO.generations", "PSO.n.evaluations", 
"PSO.cpu.time", "RS.cost", "RS.gamma", "RS.data.balancing", "RS.feature.selection", 
"RS.valid.acc", "RS.test.acc", "RS.train.time", "RS.n.support.vectors", 
"RS.index", "RS.n.solutions", "RS.generations", "RS.n.evaluations", 
"RS.cpu.time", "DF.cost", "DF.gamma", "DF.data.balancing", "DF.feature.selection", 
"DF.valid.acc", "DF.test.acc", "DF.train.time", "DF.n.support.vectors", 
"DF.index", "DF.n.solutions", "DF.generations", "DF.n.evaluations", 
"DF.cpu.time")))
