full <-
structure(c(50, 55, 60, 65, 70, 75, 80, 85, 90, 95, 100, 3.26727, 
11.69734, 8.30674, 2.10261, 3.31661, 2.68003, 2.66253, 3.61795, 
1.6561, 0.95627, 1.43511, -6.77795, -13.16493, -10.11273, -5.17005, 
-7.35193, -6.72605, -6.49569, -6.71508, -5.15268, -5.30184, -5.51886, 
0, 0, 0, 0, 0, 0, 0, 0, 0, 0, 0, 0, 0, 0, 0, 0, 0, 0, 0, 0, 0, 
0, 0.94931, 0.95392, 0.95383, 0.95125, 0.95019, 0.95404, 0.95197, 
0.95013, 0.95334, 0.94826, 0.94933, 0.94696, 0.94744, 0.9492, 
0.94942, 0.94341, 0.95089, 0.949, 0.94827, 0.94674, 0.94451, 
0.94656, 0.3322, 0.4275, 0.467, 0.828, 0.7302, 0.7796, 0.9075, 
1.1195, 1.4106, 1.5027, 1.5225, 176.4, 151.7, 172.4, 339.5, 227.9, 
253.1, 276.2, 271.6, 423.7, 442, 428.7, 584, 311, 764, 322, 605, 
877, 702, 1366, 1234, 1477, 557, 97, 113, 76, 480, 370, 64, 267, 
31, 45, 49, 591, 100, 100, 100, 100, 100, 100, 100, 100, 100, 
100, 100, 2500, 2500, 2500, 2500, 2500, 2500, 2500, 2500, 2500, 
2500, 2500, 17747.368, 20271.834, 23490.363, 33582.419, 31576.782, 
33113.939, 39989.402, 52443.069, 47423.983, 54951.236, 54719.5459999999, 
3.15163, 2.93464, 8.07636, 1.93383, 4.51907, 2.66514, 2.44731, 
4.13656, 1.62422, 1.73859, 1.68978, -6.70645, -6.17015, -10.01031, 
-5.11588, -8.13812, -6.69596, -5.92361, -7.21723, -5.42418, -5.52763, 
-5.49663, 0, 0, 0, 0, 0, 0, 0, 0, 0, 0, 0, 0, 0, 0, 0, 0, 0, 
0, 0, 0, 0, 0, 0.94931, 0.95462, 0.95316, 0.95064, 0.94906, 0.95299, 
0.95147, 0.94967, 0.95246, 0.94784, 0.94815, 0.94617, 0.94888, 
0.9492, 0.94943, 0.94115, 0.95141, 0.95098, 0.9464, 0.94761, 
0.94617, 0.94617, 0.3332, 0.4684, 0.5524, 0.9079, 0.7055, 0.8534, 
1.0411, 1.0949, 1.3163, 1.4045, 1.5021, 176.9, 202.6, 173.3, 
352, 216.9, 253.7, 306.9, 259.6, 379.3, 403.2, 431.6, 1215, 848, 
2002, 1582, 200, 1340, 2051, 875, 316, 308, 1628, 1, 2, 1, 1, 
6, 1, 2, 4, 1, 1, 1, 100, 100, 100, 100, 100, 100, 100, 100, 
100, 100, 100, 2500, 2500, 2500, 2500, 2500, 2500, 2500, 2500, 
2500, 2500, 2500, 27034.498, 39407.9, 53113.243, 58743.773, 71906.46, 
82893.974, 92655.9230000001, 102046.635, 105502.125, 109847.922, 
111629.565, 1, 1, 1, 1, 1, 1, 1, 1, 1, 1, 1, 0.01389, 0.01389, 
0.01389, 0.01389, 0.01389, 0.01389, 0.01389, 0.01389, 0.01389, 
0.01389, 0.01389, 0, 0, 0, 0, 0, 0, 0, 0, 0, 0, 0, 0, 0, 0, 0, 
0, 0, 0, 0, 0, 0, 0, 0.94063, 0.94168, 0.94192, 0.9409, 0.93832, 
0.94031, 0.94106, 0.94126, 0.93968, 0.93701, 0.93666, 0.94063, 
0.94168, 0.94192, 0.9409, 0.93832, 0.94031, 0.94106, 0.94126, 
0.94012, 0.93826, 0.93706, 0.3499, 0.4133, 0.5855, 0.6511, 0.7969, 
0.8971, 1.035, 1.0095, 1.0861, 1.2054, 1.2349, 197.9, 207.3, 
222.5, 242.7, 261, 269.2, 285.7, 290.1, 307.4, 332.6, 354.2, 
1, 1, 1, 1, 1, 1, 1, 1, 1, 1, 1, 1, 1, 1, 1, 1, 1, 1, 1, 1, 1, 
1, 1, 1, 1, 1, 1, 1, 1, 1, 1, 1, 1, 1, 1, 1, 1, 1, 1, 1, 1, 1, 
1, 1, 6.686, 7.421, 10.244, 10.956, 12.481, 13.582, 15.819, 13.693, 
14.575, 16.039, 16.174), .Dim = c(11L, 40L), .Dimnames = list(
    NULL, c("Sampling", "PSO.cost", "PSO.gamma", "PSO.data.balancing", 
    "PSO.feature.selection", "PSO.valid.acc", "PSO.test.acc", 
    "PSO.train.time", "PSO.n.support.vectors", "PSO.index", "PSO.n.solutions", 
    "PSO.generations", "PSO.n.evaluations", "PSO.cpu.time", "RS.cost", 
    "RS.gamma", "RS.data.balancing", "RS.feature.selection", 
    "RS.valid.acc", "RS.test.acc", "RS.train.time", "RS.n.support.vectors", 
    "RS.index", "RS.n.solutions", "RS.generations", "RS.n.evaluations", 
    "RS.cpu.time", "DF.cost", "DF.gamma", "DF.data.balancing", 
    "DF.feature.selection", "DF.valid.acc", "DF.test.acc", "DF.train.time", 
    "DF.n.support.vectors", "DF.index", "DF.n.solutions", "DF.generations", 
    "DF.n.evaluations", "DF.cpu.time")))
