full <-
structure(c(50, 55, 60, 65, 70, 75, 80, 85, 90, 95, 100, 1.28852, 
1.83836, 11.91343, 1.56218, 1.90589, 1.45541, 2.90714, 1.76008, 
1.81722, 0.88774, 1.83328, -4.24123, -5.1201, -3.31238, -5.01169, 
-5.14401, -5.31077, -6.80469, -4.91867, -5.63974, -4.85842, -6.58607, 
0, 0, 0, 0, 0, 0, 0, 0, 0, 0, 0, 0, 0, 0, 0, 0, 0, 0, 0, 0, 0, 
0, 0.95329, 0.95176, 0.94854, 0.94759, 0.94512, 0.94665, 0.94899, 
0.94733, 0.94893, 0.94745, 0.94854, 0.94774, 0.9489, 0.9459, 
0.94454, 0.94059, 0.94349, 0.94454, 0.94778, 0.94673, 0.94494, 
0.94696, 0.6796, 0.5714, 1.7014, 0.9114, 0.9471, 1.1329, 0.939, 
1.558, 1.3038, 1.8523, 1.3197, 479.1, 317, 914.7, 387.5, 383.3, 
394.8, 283.4, 489.2, 377.2, 538.5, 332.9, 610, 495, 284, 893, 
251, 515, 499, 746, 533, 2134, 1535, 155, 608, 499, 42, 310, 
886, 35, 91, 592, 74, 29, 100, 100, 100, 100, 100, 100, 100, 
100, 100, 100, 100, 2500, 2500, 2500, 2500, 2500, 2500, 2500, 
2500, 2500, 2500, 2500, 24071.192, 24483.777, 51927.734, 36018.035, 
35353.737, 46979.113, 40145.674, 60415.669, 47599.053, 58430.358, 
53164.8599999999, 1.76674, 1.67763, 9.78754, 1.56604, 1.15305, 
1.43098, 3.46395, 2.32743, 2.02762, 1.39693, 1.47008, -4.7285, 
-4.99307, -3.41832, -5.23396, -5.0364, -4.98762, -7.31711, -5.20169, 
-6.02253, -5.73839, -6.24481, 0, 0, 0, 0, 0, 0, 0, 0, 0, 0, 0, 
0, 0, 0, 0, 0, 0, 0, 0, 0, 0, 0, 0.95251, 0.95104, 0.94853, 0.94638, 
0.94454, 0.94454, 0.94751, 0.94686, 0.94717, 0.9462, 0.94815, 
0.94696, 0.9489, 0.9459, 0.94516, 0.94229, 0.94455, 0.94454, 
0.94685, 0.94628, 0.94578, 0.94657, 0.5284, 0.6073, 1.6944, 0.8068, 
1.1591, 1.2961, 0.901, 1.3992, 1.1851, 1.3694, 1.3768, 357.5, 
338.6, 871.9, 347.4, 417.6, 454.2, 267.7, 418.5, 336.7, 369.3, 
351, 1903, 1537, 212, 321, 1820, 1106, 2383, 1481, 1108, 1795, 
514, 2, 1, 1, 1, 1, 1, 1, 1, 2, 2, 1, 100, 100, 100, 100, 100, 
100, 100, 100, 100, 100, 100, 2500, 2500, 2500, 2500, 2500, 2500, 
2500, 2500, 2500, 2500, 2500, 26508.047, 32328.848, 44656.964, 
54143.478, 65899.759, 83845.4249999999, 83804.73, 104086.027, 
108288.185, 112288.101, 117965.83, 1, 1, 1, 1, 1, 1, 1, 1, 1, 
1, 1, 0.01389, 0.01389, 0.01389, 0.01389, 0.01389, 0.01389, 0.01389, 
0.01389, 0.01389, 0.01389, 0.01389, 0, 0, 0, 0, 0, 0, 0, 0, 0, 
0, 0, 0, 0, 0, 0, 0, 0, 0, 0, 0, 0, 0, 0.94143, 0.94169, 0.93862, 
0.93603, 0.93718, 0.93608, 0.93809, 0.93754, 0.93792, 0.93701, 
0.93785, 0.94143, 0.94169, 0.93862, 0.93603, 0.93718, 0.93608, 
0.93809, 0.9366, 0.93748, 0.93701, 0.93784, 0.3555, 0.423, 0.5719, 
0.6336, 0.8265, 0.8931, 0.9655, 1.0988, 1.1572, 1.2794, 1.3385, 
207.3, 216.8, 241.6, 260.5, 277.1, 299.6, 309.4, 313.9, 327.7, 
337.6, 357.8, 1, 1, 1, 1, 1, 1, 1, 1, 1, 1, 1, 1, 1, 1, 1, 1, 
1, 1, 1, 1, 1, 1, 1, 1, 1, 1, 1, 1, 1, 1, 1, 1, 1, 1, 1, 1, 1, 
1, 1, 1, 1, 1, 1, 1, 6.516, 7.265, 9.147, 9.792, 12.781, 13.423, 
14.015, 14.57, 15.289, 16.469, 17.265), .Dim = c(11L, 40L), .Dimnames = list(
    NULL, c("Sampling", "PSO.cost", "PSO.gamma", "PSO.data.balancing", 
    "PSO.feature.selection", "PSO.valid.acc", "PSO.test.acc", 
    "PSO.train.time", "PSO.n.support.vectors", "PSO.index", "PSO.n.solutions", 
    "PSO.generations", "PSO.n.evaluations", "PSO.cpu.time", "RS.cost", 
    "RS.gamma", "RS.data.balancing", "RS.feature.selection", 
    "RS.valid.acc", "RS.test.acc", "RS.train.time", "RS.n.support.vectors", 
    "RS.index", "RS.n.solutions", "RS.generations", "RS.n.evaluations", 
    "RS.cpu.time", "DF.cost", "DF.gamma", "DF.data.balancing", 
    "DF.feature.selection", "DF.valid.acc", "DF.test.acc", "DF.train.time", 
    "DF.n.support.vectors", "DF.index", "DF.n.solutions", "DF.generations", 
    "DF.n.evaluations", "DF.cpu.time")))
