full <-
structure(c(50, 55, 60, 65, 70, 75, 80, 85, 90, 95, 100, 1.05729, 
2.7171, 1.67857, 3.13747, 2.86696, 0.86327, 2.58937, 1.57631, 
1.72128, 1.5323, 1.74861, -4.23858, -6.00066, -5.08426, -7.2804, 
-6.15906, -5.36924, -5.5856, -5.5546, -4.93609, -5.45041, -5.67393, 
0, 0, 0, 0, 0, 0, 0, 0, 0, 0, 0, 0, 0, 0, 0, 0, 0, 0, 0, 0, 0, 
0, 0.94697, 0.95034, 0.94588, 0.947, 0.9485, 0.94348, 0.94802, 
0.94781, 0.94628, 0.95077, 0.94854, 0.94461, 0.94746, 0.94456, 
0.94456, 0.94454, 0.94243, 0.94355, 0.94594, 0.94408, 0.94869, 
0.94616, 0.6522, 0.607, 0.6666, 0.6874, 0.9871, 1.4309, 1.2652, 
1.4825, 1.951, 1.534, 1.476, 447.3, 210.5, 292.5, 204, 258.2, 
374.2, 341.6, 375, 501.5, 423.5, 402.6, 1248, 866, 328, 300, 
173, 1079, 970, 172, 400, 1036, 749, 56, 91, 60, 206, 495, 286, 
68, 209, 71, 159, 490, 100, 100, 100, 100, 100, 100, 100, 100, 
100, 100, 100, 2500, 2500, 2500, 2500, 2500, 2500, 2500, 2500, 
2500, 2500, 2500, 31396.123, 29735.52, 51051.667, 43899.614, 
42169.01, 82631.834, 55958.779, 58937.3540000001, 126800.685, 
62532.7910000002, 57999.9980000001, 1.07876, 2.20359, 0.39771, 
1.03664, 1.25178, 0.84258, 2.16443, 1.58146, 1.72288, 1.68923, 
1.1312, -4.19754, -5.66111, -3.87257, -5.23094, -4.64583, -5.32762, 
-5.6217, -5.45278, -4.71413, -5.60724, -4.87946, 0, 0, 0, 0, 
0, 0, 0, 0, 0, 0, 0, 0, 0, 0, 0, 0, 0, 0, 0, 0, 0, 0, 0.94697, 
0.94962, 0.94522, 0.94699, 0.94794, 0.94348, 0.94801, 0.94687, 
0.9454, 0.94952, 0.94736, 0.94383, 0.94602, 0.94258, 0.9476, 
0.94114, 0.9419, 0.94504, 0.94594, 0.94408, 0.94785, 0.94577, 
0.6974, 0.4689, 1.3042, 0.9459, 1.5699, 1.5454, 1.2384, 1.4167, 
2.0977, 1.4288, 1.9186, 458.2, 227.7, 654.9, 302.7, 461.7, 382, 
349.6, 389.8, 554.1, 398.5, 563.4, 53, 1176, 1865, 1819, 836, 
858, 364, 2168, 1695, 2352, 2418, 1, 1, 5, 1, 1, 1, 1, 4, 1, 
1, 1, 100, 100, 100, 100, 100, 100, 100, 100, 100, 100, 100, 
2500, 2500, 2500, 2500, 2500, 2500, 2500, 2500, 2500, 2500, 2500, 
31614.697, 36343.188, 44891.633, 85545.876, 106039.676, 127405.389, 
107509.416, 122657.914, 138444.564, 117762.929, 118062.782, 1, 
1, 1, 1, 1, 1, 1, 1, 1, 1, 1, 0.01389, 0.01389, 0.01389, 0.01389, 
0.01389, 0.01389, 0.01389, 0.01389, 0.01389, 0.01389, 0.01389, 
0, 0, 0, 0, 0, 0, 0, 0, 0, 0, 0, 0, 0, 0, 0, 0, 0, 0, 0, 0, 0, 
0, 0.94143, 0.93953, 0.93797, 0.94028, 0.93718, 0.93556, 0.93809, 
0.938, 0.93835, 0.93826, 0.93784, 0.94143, 0.93953, 0.93797, 
0.94028, 0.93718, 0.93556, 0.93809, 0.93847, 0.93835, 0.93826, 
0.93745, 0.3609, 0.4253, 0.5352, 0.7415, 0.9931, 1.1433, 1.0681, 
1.2272, 1.3377, 1.2579, 1.2994, 182.9, 201.5, 214.4, 226.7, 256.7, 
288.6, 304.8, 313.7, 330.3, 344.6, 357.2, 1, 1, 1, 1, 1, 1, 1, 
1, 1, 1, 1, 1, 1, 1, 1, 1, 1, 1, 1, 1, 1, 1, 1, 1, 1, 1, 1, 1, 
1, 1, 1, 1, 1, 1, 1, 1, 1, 1, 1, 1, 1, 1, 1, 1, 8.439, 7.654, 
8.99, 13.084, 15.922, 17.428, 16.197, 17.687, 18.993, 17.101, 
17.308), .Dim = c(11L, 40L), .Dimnames = list(NULL, c("Sampling", 
"PSO.cost", "PSO.gamma", "PSO.data.balancing", "PSO.feature.selection", 
"PSO.valid.acc", "PSO.test.acc", "PSO.train.time", "PSO.n.support.vectors", 
"PSO.index", "PSO.n.solutions", "PSO.generations", "PSO.n.evaluations", 
"PSO.cpu.time", "RS.cost", "RS.gamma", "RS.data.balancing", "RS.feature.selection", 
"RS.valid.acc", "RS.test.acc", "RS.train.time", "RS.n.support.vectors", 
"RS.index", "RS.n.solutions", "RS.generations", "RS.n.evaluations", 
"RS.cpu.time", "DF.cost", "DF.gamma", "DF.data.balancing", "DF.feature.selection", 
"DF.valid.acc", "DF.test.acc", "DF.train.time", "DF.n.support.vectors", 
"DF.index", "DF.n.solutions", "DF.generations", "DF.n.evaluations", 
"DF.cpu.time")))
