full <-
structure(c(50, 55, 60, 65, 70, 75, 80, 85, 90, 95, 100, 6.4434, 
3.97338, 3.10156, 3.85094, 1.55046, 0.70336, 3.26211, 1.77608, 
2.07927, 3.10638, 1.277, -9.31152, -7.63984, -6.37268, -8.40695, 
-4.8239, -5.23688, -6.26822, -5.87734, -5.39363, -7.42145, -5.65343, 
0, 0, 0, 0, 0, 0, 0, 0, 0, 0, 0, 0, 0, 0, 0, 0, 0, 0, 0, 0, 0, 
0, 0.94695, 0.9496, 0.94916, 0.94699, 0.94907, 0.94507, 0.94602, 
0.94872, 0.95113, 0.94869, 0.94893, 0.94298, 0.94744, 0.94454, 
0.94394, 0.9468, 0.94137, 0.93859, 0.94359, 0.9454, 0.9466, 0.94577, 
0.3176, 0.3671, 0.4487, 0.542, 1.2212, 1.041, 0.8286, 1.0309, 
1.3337, 1.0114, 1.3215, 157, 175.7, 212.6, 202.1, 439.4, 393, 
295, 330.5, 389.8, 292.2, 408.1, 233, 2025, 822, 109, 526, 1420, 
1377, 663, 214, 1276, 1588, 199, 6, 134, 113, 501, 47, 22, 248, 
385, 81, 133, 100, 100, 100, 100, 100, 100, 100, 100, 100, 100, 
100, 2500, 2500, 2500, 2500, 2500, 2500, 2500, 2500, 2500, 2500, 
2500, 16082.26, 18351.072, 22618.75, 26566.85, 47539.204, 43243.86, 
32619.862, 47093.903, 49947.2239999999, 39302.3790000001, 49757.1409999999, 
5.55651, 10.40857, 3.54439, 3.85168, 2.09964, 1.65301, 2.78973, 
1.98319, 2.97262, 2.9701, 1.43704, -8.57019, -12.96778, -6.69899, 
-8.44842, -5.49819, -5.19971, -6.12789, -5.83536, -6.54514, -7.19889, 
-6.01629, 0, 0, 0, 0, 0, 0, 0, 0, 0, 0, 0, 0, 0, 0, 0, 0, 0, 
0, 0, 0, 0, 0, 0.94695, 0.94815, 0.94719, 0.94699, 0.9485, 0.94454, 
0.94453, 0.94779, 0.95025, 0.94702, 0.94775, 0.94456, 0.94744, 
0.94454, 0.94394, 0.94566, 0.94612, 0.94205, 0.94405, 0.94541, 
0.9466, 0.94656, 0.3237, 0.3665, 0.4917, 0.5623, 0.9747, 0.9924, 
0.7989, 1.1715, 0.964, 1.039, 1.17, 162.1, 151.7, 204.2, 202.1, 
325.6, 398.3, 302, 333.8, 302.4, 294.6, 366.6, 2343, 1937, 1259, 
1196, 1635, 2264, 796, 1967, 842, 709, 1938, 1, 1, 2, 1, 2, 1, 
1, 3, 1, 2, 1, 100, 100, 100, 100, 100, 100, 100, 100, 100, 100, 
100, 2500, 2500, 2500, 2500, 2500, 2500, 2500, 2500, 2500, 2500, 
2500, 25639.871, 31156.334, 44602.357, 53718.087, 80136.299, 
59265.638, 65041.297, 105432.715, 92556.187, 93246.629, 96001.2949999999, 
1, 1, 1, 1, 1, 1, 1, 1, 1, 1, 1, 0.01389, 0.01389, 0.01389, 0.01389, 
0.01389, 0.01389, 0.01389, 0.01389, 0.01389, 0.01389, 0.01389, 
0, 0, 0, 0, 0, 0, 0, 0, 0, 0, 0, 0, 0, 0, 0, 0, 0, 0, 0, 0, 0, 
0, 0.93983, 0.94026, 0.93994, 0.93785, 0.93888, 0.9382, 0.9366, 
0.93754, 0.9388, 0.93867, 0.93745, 0.93983, 0.94097, 0.93994, 
0.93785, 0.93888, 0.93767, 0.9366, 0.93707, 0.93835, 0.93784, 
0.93706, 0.3361, 0.3882, 0.5042, 0.6125, 0.803, 0.7654, 0.7989, 
1.0983, 1.0064, 1.1067, 1.1933, 193.3, 202.3, 215.4, 239.9, 264.5, 
284.4, 300.4, 305.5, 314.2, 333.2, 355.8, 1, 1, 1, 1, 1, 1, 1, 
1, 1, 1, 1, 1, 1, 1, 1, 1, 1, 1, 1, 1, 1, 1, 1, 1, 1, 1, 1, 1, 
1, 1, 1, 1, 1, 1, 1, 1, 1, 1, 1, 1, 1, 1, 1, 1, 6.258, 6.84, 
8.796, 10.08, 12.139, 10.92, 11.251, 15.292, 13.447, 14.519, 
15.595), .Dim = c(11L, 40L), .Dimnames = list(NULL, c("Sampling", 
"PSO.cost", "PSO.gamma", "PSO.data.balancing", "PSO.feature.selection", 
"PSO.valid.acc", "PSO.test.acc", "PSO.train.time", "PSO.n.support.vectors", 
"PSO.index", "PSO.n.solutions", "PSO.generations", "PSO.n.evaluations", 
"PSO.cpu.time", "RS.cost", "RS.gamma", "RS.data.balancing", "RS.feature.selection", 
"RS.valid.acc", "RS.test.acc", "RS.train.time", "RS.n.support.vectors", 
"RS.index", "RS.n.solutions", "RS.generations", "RS.n.evaluations", 
"RS.cpu.time", "DF.cost", "DF.gamma", "DF.data.balancing", "DF.feature.selection", 
"DF.valid.acc", "DF.test.acc", "DF.train.time", "DF.n.support.vectors", 
"DF.index", "DF.n.solutions", "DF.generations", "DF.n.evaluations", 
"DF.cpu.time")))
