full <-
structure(c(50, 55, 60, 65, 70, 75, 80, 85, 90, 95, 100, 1.92915, 
1.63293, 6.97477, 0.90608, 1.95141, 4.44795, 5.84432, 1.52862, 
3.05754, 1.68198, 1.74791, -5.93549, -5.42011, -3.62539, -4.63262, 
-5.51617, -9.00029, -9.42814, -5.25765, -6.43328, -4.36437, -5.61362, 
0, 0, 0, 0, 0, 0, 0, 0, 0, 0, 0, 0, 0, 0, 0, 0, 0, 0, 0, 0, 0, 
0, 0.94853, 0.94889, 0.94853, 0.94759, 0.9451, 0.94401, 0.94553, 
0.94731, 0.9454, 0.94827, 0.94933, 0.94695, 0.94889, 0.94588, 
0.94515, 0.94058, 0.94083, 0.94206, 0.94265, 0.94056, 0.94493, 
0.94338, 0.361, 0.5123, 1.4852, 0.9322, 0.822, 0.6952, 0.7862, 
1.264, 1.0264, 2.0255, 1.3566, 214, 259.2, 766.3, 460.8, 324, 
233.5, 234.3, 412.6, 307.5, 696.1, 411.2, 776, 430, 304, 1424, 
1386, 1226, 805, 2052, 1349, 993, 676, 55, 239, 40, 43, 43, 11, 
72, 3, 55, 178, 127, 100, 100, 100, 100, 100, 100, 100, 100, 
100, 100, 100, 2500, 2500, 2500, 2500, 2500, 2500, 2500, 2500, 
2500, 2500, 2500, 19863.722, 22454.937, 39607.963, 40131.758, 
44459.352, 30609.633, 31451.647, 49982.8289999999, 46323.179, 
63882.0279999999, 61272.2459999999, 0.82578, 2.14124, 14.15144, 
0.62263, 1.3252, 4.37343, 5.68521, 4.89852, 3.27103, 0.56969, 
1.51322, -4.15353, -5.85035, -3.62787, -4.0707, -4.99159, -8.8878, 
-9.27751, -8.46332, -6.70477, -4.85574, -5.52722, 0, 0, 0, 0, 
0, 0, 0, 0, 0, 0, 0, 0, 0, 0, 0, 0, 0, 0, 0, 0, 0, 0, 0.94617, 
0.94889, 0.94853, 0.94698, 0.9451, 0.94295, 0.94503, 0.94638, 
0.94452, 0.94744, 0.94894, 0.94698, 0.94817, 0.94588, 0.94454, 
0.94171, 0.94083, 0.94205, 0.94172, 0.94056, 0.94577, 0.94497, 
0.6882, 0.4548, 1.6458, 1.2829, 1.0443, 0.6895, 0.7752, 0.9138, 
0.9185, 1.616, 1.4996, 508.3, 224.1, 765.4, 642.7, 414.6, 233.2, 
235.9, 254.1, 296.9, 536.8, 423.9, 1471, 95, 2130, 1586, 1493, 
1231, 1551, 972, 1067, 360, 1925, 1, 2, 1, 2, 1, 2, 1, 1, 2, 
1, 1, 100, 100, 100, 100, 100, 100, 100, 100, 100, 100, 100, 
2500, 2500, 2500, 2500, 2500, 2500, 2500, 2500, 2500, 2500, 2500, 
26337.114, 35626.764, 44765.831, 49285.037, 68649.01, 68075.68, 
76780.39, 92529.1090000001, 87797.6189999999, 100121.846, 109845.829, 
1, 1, 1, 1, 1, 1, 1, 1, 1, 1, 1, 0.01389, 0.01389, 0.01389, 0.01389, 
0.01389, 0.01389, 0.01389, 0.01389, 0.01389, 0.01389, 0.01389, 
0, 0, 0, 0, 0, 0, 0, 0, 0, 0, 0, 0, 0, 0, 0, 0, 0, 0, 0, 0, 0, 
0, 0.94142, 0.9424, 0.94258, 0.93906, 0.93719, 0.93556, 0.9371, 
0.93707, 0.93835, 0.93826, 0.93705, 0.94142, 0.9424, 0.94258, 
0.93967, 0.93662, 0.93608, 0.93661, 0.93754, 0.93879, 0.93826, 
0.93666, 0.3434, 0.4152, 0.5073, 0.5831, 0.7112, 0.8201, 0.8738, 
0.9175, 1.0216, 1.0716, 1.1725, 201.7, 209.5, 217.8, 249, 274.8, 
301.6, 301.2, 310.4, 320.6, 329.4, 355.3, 1, 1, 1, 1, 1, 1, 1, 
1, 1, 1, 1, 1, 1, 1, 1, 1, 1, 1, 1, 1, 1, 1, 1, 1, 1, 1, 1, 1, 
1, 1, 1, 1, 1, 1, 1, 1, 1, 1, 1, 1, 1, 1, 1, 1, 6.542, 7.216, 
8.433, 9.249, 10.732, 11.907, 12.9, 13.055, 14.445, 14.933, 15.823
), .Dim = c(11L, 40L), .Dimnames = list(NULL, c("Sampling", "PSO.cost", 
"PSO.gamma", "PSO.data.balancing", "PSO.feature.selection", "PSO.valid.acc", 
"PSO.test.acc", "PSO.train.time", "PSO.n.support.vectors", "PSO.index", 
"PSO.n.solutions", "PSO.generations", "PSO.n.evaluations", "PSO.cpu.time", 
"RS.cost", "RS.gamma", "RS.data.balancing", "RS.feature.selection", 
"RS.valid.acc", "RS.test.acc", "RS.train.time", "RS.n.support.vectors", 
"RS.index", "RS.n.solutions", "RS.generations", "RS.n.evaluations", 
"RS.cpu.time", "DF.cost", "DF.gamma", "DF.data.balancing", "DF.feature.selection", 
"DF.valid.acc", "DF.test.acc", "DF.train.time", "DF.n.support.vectors", 
"DF.index", "DF.n.solutions", "DF.generations", "DF.n.evaluations", 
"DF.cpu.time")))
