full <-
structure(c(50, 55, 60, 65, 70, 75, 80, 85, 90, 95, 100, 2.25314, 
11.66984, 3.39766, 4.05318, 4.82919, 5.12106, 2.41968, 1.91752, 
1.94961, 1.53258, 1.89307, -6.16744, -14.4406, -7.48752, -8.15098, 
-8.86638, -8.68643, -6.32746, -5.14053, -4.93619, -6.22418, -5.41093, 
0, 0, 0, 0, 0, 0, 0, 0, 0, 0, 0, 0, 0, 0, 0, 0, 0, 0, 0, 0, 0, 
0, 0.94142, 0.94026, 0.94458, 0.94701, 0.94794, 0.94507, 0.94601, 
0.94546, 0.94495, 0.94577, 0.94615, 0.93902, 0.93305, 0.94326, 
0.94394, 0.94567, 0.94243, 0.94058, 0.94686, 0.94451, 0.94201, 
0.94378, 0.3838, 0.4874, 0.5357, 0.5347, 0.6998, 0.8277, 0.9892, 
1.3743, 1.6512, 1.2576, 1.5671, 221.3, 170.6, 206.7, 211.2, 216.4, 
239, 302.6, 447.1, 514.5, 341.3, 434.1, 1790, 230, 2042, 424, 
163, 475, 1465, 241, 886, 2220, 1501, 9, 133, 1, 138, 222, 50, 
34, 475, 149, 5, 9, 100, 100, 100, 100, 100, 100, 100, 100, 100, 
100, 100, 2500, 2500, 2500, 2500, 2500, 2500, 2500, 2500, 2500, 
2500, 2500, 23889.981, 22373.247, 23190.982, 23982.585, 29142.192, 
33447.651, 38590.338, 51503.473, 60720.203, 47608.6409999999, 
79079.723, 2.32474, 10.87334, 3.12392, 4.49565, 9.94404, 6.17538, 
2.06939, 2.10794, 1.23426, 1.28021, 1.39577, -6.24918, -13.68782, 
-7.17086, -8.5965, -12.34292, -9.06965, -6.6378, -5.06418, -5.4498, 
-5.93568, -4.91721, 0, 0, 0, 0, 0, 0, 0, 0, 0, 0, 0, 0, 0, 0, 
0, 0, 0, 0, 0, 0, 0, 0, 0.94142, 0.93954, 0.94391, 0.94701, 0.94682, 
0.94455, 0.94453, 0.94499, 0.94364, 0.94493, 0.94536, 0.93902, 
0.93377, 0.94193, 0.94272, 0.94397, 0.94401, 0.94403, 0.94546, 
0.94364, 0.94243, 0.94457, 0.3946, 0.4668, 0.4999, 0.5419, 0.7624, 
0.8343, 0.8938, 1.3444, 1.3965, 1.3126, 1.9241, 216.1, 171.7, 
211.2, 205.6, 204.8, 238.1, 283.6, 459.8, 416.5, 363.1, 552, 
2191, 526, 960, 1878, 154, 395, 887, 2082, 1777, 1021, 707, 1, 
6, 1, 1, 2, 4, 1, 2, 1, 2, 1, 100, 100, 100, 100, 100, 100, 100, 
100, 100, 100, 100, 2500, 2500, 2500, 2500, 2500, 2500, 2500, 
2500, 2500, 2500, 2500, 28662.248, 40541.371, 44756.315, 52595.461, 
77581.859, 79507.767, 86458.098, 84998.7000000001, 107041.816, 
114621.398, 116030.526, 1, 1, 1, 1, 1, 1, 1, 1, 1, 1, 1, 0.01389, 
0.01389, 0.01389, 0.01389, 0.01389, 0.01389, 0.01389, 0.01389, 
0.01389, 0.01389, 0.01389, 0, 0, 0, 0, 0, 0, 0, 0, 0, 0, 0, 0, 
0, 0, 0, 0, 0, 0, 0, 0, 0, 0, 0.93271, 0.93305, 0.93334, 0.93542, 
0.93662, 0.93503, 0.93463, 0.9352, 0.93571, 0.93575, 0.93785, 
0.93191, 0.93305, 0.934, 0.93602, 0.93662, 0.93503, 0.93364, 
0.9352, 0.93571, 0.93534, 0.93666, 0.3838, 0.5034, 0.5384, 0.6017, 
0.8458, 0.9012, 0.9457, 1.0228, 1.1628, 1.2605, 1.2573, 221.2, 
235, 244.3, 257.9, 274.9, 295.4, 304, 317.6, 334.7, 346.6, 353.3, 
1, 1, 1, 1, 1, 1, 1, 1, 1, 1, 1, 1, 1, 1, 1, 1, 1, 1, 1, 1, 1, 
1, 1, 1, 1, 1, 1, 1, 1, 1, 1, 1, 1, 1, 1, 1, 1, 1, 1, 1, 1, 1, 
1, 1, 7.327, 8.445, 8.739, 9.504, 12.395, 13.084, 13.446, 14.088, 
15.714, 16.763, 16.543), .Dim = c(11L, 40L), .Dimnames = list(
    NULL, c("Sampling", "PSO.cost", "PSO.gamma", "PSO.data.balancing", 
    "PSO.feature.selection", "PSO.valid.acc", "PSO.test.acc", 
    "PSO.train.time", "PSO.n.support.vectors", "PSO.index", "PSO.n.solutions", 
    "PSO.generations", "PSO.n.evaluations", "PSO.cpu.time", "RS.cost", 
    "RS.gamma", "RS.data.balancing", "RS.feature.selection", 
    "RS.valid.acc", "RS.test.acc", "RS.train.time", "RS.n.support.vectors", 
    "RS.index", "RS.n.solutions", "RS.generations", "RS.n.evaluations", 
    "RS.cpu.time", "DF.cost", "DF.gamma", "DF.data.balancing", 
    "DF.feature.selection", "DF.valid.acc", "DF.test.acc", "DF.train.time", 
    "DF.n.support.vectors", "DF.index", "DF.n.solutions", "DF.generations", 
    "DF.n.evaluations", "DF.cpu.time")))
