full <-
structure(c(50, 55, 60, 65, 70, 75, 80, 85, 90, 95, 100, 0.50758, 
2.46857, 0.45307, 2.45618, 3.67169, 1.35976, 3.39839, 0.79914, 
2.63919, 2.52763, 1.27259, -3.93407, -6.53691, -3.67351, -5.32209, 
-6.83071, -4.98655, -7.44316, -4.84065, -4.72271, -5.32884, -5.20537, 
0, 0, 0, 0, 0, 0, 0, 0, 0, 0, 0, 0, 0, 0, 0, 0, 0, 0, 0, 0, 0, 
0, 0.94939, 0.94889, 0.94918, 0.95065, 0.95191, 0.95034, 0.95146, 
0.94966, 0.94936, 0.94827, 0.94853, 0.9462, 0.94675, 0.94588, 
0.94759, 0.94682, 0.944, 0.94651, 0.94407, 0.94452, 0.94326, 
0.94497, 0.7423, 0.402, 1.3882, 0.5829, 0.6092, 0.9177, 0.9594, 
1.7131, 1.9199, 1.6962, 1.5943, 541.3, 198.7, 752.9, 266.4, 230.3, 
395.8, 241.2, 482.9, 511.6, 403.1, 477.5, 966, 1270, 1568, 775, 
1576, 2003, 567, 1699, 986, 610, 443, 243, 83, 34, 51, 3, 235, 
212, 30, 311, 86, 196, 100, 100, 100, 100, 100, 100, 100, 100, 
100, 100, 100, 2500, 2500, 2500, 2500, 2500, 2500, 2500, 2500, 
2500, 2500, 2500, 23274.456, 19175.721, 25845.826, 24505.783, 
25342.958, 46853.433, 45906.774, 69146.7069999999, 69664.3520000001, 
63987.671, 52710.987, 0.5673, 2.42563, 3.51282, 3.40824, 4.17268, 
1.70012, 3.69946, 2.36035, 2.89259, 4.44002, 1.13379, -4.45087, 
-6.35553, -7.68582, -7.50996, -7.17068, -5.8445, -7.42412, -6.41842, 
-6.76642, -8.34515, -5.07829, 0, 0, 0, 0, 0, 0, 0, 0, 0, 0, 0, 
0, 0, 0, 0, 0, 0, 0, 0, 0, 0, 0, 0.9478, 0.94746, 0.94851, 0.95003, 
0.95079, 0.94929, 0.95097, 0.94918, 0.94805, 0.94827, 0.94774, 
0.94701, 0.94602, 0.94521, 0.95186, 0.94796, 0.94559, 0.94453, 
0.9436, 0.94585, 0.94368, 0.94457, 0.555, 0.4021, 0.4339, 0.4909, 
0.8016, 0.7642, 0.9689, 1.1521, 1.1761, 1.0664, 1.7115, 378.5, 
202.2, 193.7, 206.3, 225.4, 278.8, 242.9, 280.5, 294.7, 286.1, 
509, 590, 375, 628, 1688, 868, 153, 201, 104, 317, 1877, 1415, 
2, 1, 3, 1, 2, 3, 4, 1, 1, 1, 4, 100, 100, 100, 100, 100, 100, 
100, 100, 100, 100, 100, 2500, 2500, 2500, 2500, 2500, 2500, 
2500, 2500, 2500, 2500, 2500, 25956.481, 31193.881, 37454.061, 
42776.375, 86871.876, 73410.434, 112695.396, 118439.317, 125959.466, 
100368.329, 103720.534, 1, 1, 1, 1, 1, 1, 1, 1, 1, 1, 1, 0.01389, 
0.01389, 0.01389, 0.01389, 0.01389, 0.01389, 0.01389, 0.01389, 
0.01389, 0.01389, 0.01389, 0, 0, 0, 0, 0, 0, 0, 0, 0, 0, 0, 0, 
0, 0, 0, 0, 0, 0, 0, 0, 0, 0, 0.93906, 0.93738, 0.93994, 0.94029, 
0.94002, 0.93926, 0.94156, 0.94173, 0.93792, 0.93742, 0.93666, 
0.93906, 0.93737, 0.9406, 0.94029, 0.94002, 0.93925, 0.94106, 
0.94173, 0.93792, 0.93742, 0.93706, 0.3211, 0.3935, 0.4444, 0.5117, 
0.8482, 0.9181, 0.9441, 1.0749, 1.1867, 1.1551, 1.1744, 181.1, 
203.4, 217.4, 229.1, 247.9, 264.6, 272.9, 291.8, 315.8, 332.7, 
353.4, 1, 1, 1, 1, 1, 1, 1, 1, 1, 1, 1, 1, 1, 1, 1, 1, 1, 1, 
1, 1, 1, 1, 1, 1, 1, 1, 1, 1, 1, 1, 1, 1, 1, 1, 1, 1, 1, 1, 1, 
1, 1, 1, 1, 1, 6.085, 7.07, 7.374, 8.378, 13.201, 14.153, 13.97, 
15.488, 17.035, 15.308, 15.415), .Dim = c(11L, 40L), .Dimnames = list(
    NULL, c("Sampling", "PSO.cost", "PSO.gamma", "PSO.data.balancing", 
    "PSO.feature.selection", "PSO.valid.acc", "PSO.test.acc", 
    "PSO.train.time", "PSO.n.support.vectors", "PSO.index", "PSO.n.solutions", 
    "PSO.generations", "PSO.n.evaluations", "PSO.cpu.time", "RS.cost", 
    "RS.gamma", "RS.data.balancing", "RS.feature.selection", 
    "RS.valid.acc", "RS.test.acc", "RS.train.time", "RS.n.support.vectors", 
    "RS.index", "RS.n.solutions", "RS.generations", "RS.n.evaluations", 
    "RS.cpu.time", "DF.cost", "DF.gamma", "DF.data.balancing", 
    "DF.feature.selection", "DF.valid.acc", "DF.test.acc", "DF.train.time", 
    "DF.n.support.vectors", "DF.index", "DF.n.solutions", "DF.generations", 
    "DF.n.evaluations", "DF.cpu.time")))
