full <-
structure(c(50, 55, 60, 65, 70, 75, 80, 85, 90, 95, 100, 11.28796, 
4.28368, 3.01888, 2.25192, 3.02025, 3.01193, 2.33889, 1.8623, 
1.15263, 3.41458, 1.29966, -14.45492, -8.8343, -7.37012, -6.21257, 
-6.36057, -6.16668, -6.12525, -6.29391, -5.20984, -7.20556, -5.3373, 
0, 0, 0, 0, 0, 0, 0, 0, 0, 0, 0, 0, 0, 0, 0, 0, 0, 0, 0, 0, 0, 
0, 0.94694, 0.94527, 0.94921, 0.95065, 0.94794, 0.94769, 0.94799, 
0.94546, 0.94673, 0.94702, 0.94775, 0.94219, 0.94024, 0.94524, 
0.9476, 0.94115, 0.94189, 0.94354, 0.94125, 0.94321, 0.94493, 
0.94617, 0.3074, 0.3694, 0.4326, 0.5729, 0.7146, 0.8601, 0.9294, 
0.9975, 1.5725, 1.3735, 2.0884, 145.4, 169.3, 195.9, 233.9, 240.3, 
261.3, 284.7, 299, 429.4, 299.7, 456.4, 639, 683, 1767, 885, 
826, 684, 737, 1797, 653, 1380, 2342, 98, 65, 18, 182, 274, 308, 
26, 2, 96, 44, 686, 100, 100, 100, 100, 100, 100, 100, 100, 100, 
100, 100, 2500, 2500, 2500, 2500, 2500, 2500, 2500, 2500, 2500, 
2500, 2500, 16093.081, 19407.69, 22403.555, 23775.992, 30993.69, 
62704.255, 52205.853, 52069.28, 60869.72, 59906.927, 80639.7079999999, 
4.31641, 4.69752, 3.89408, 2.48369, 2.88628, 3.29605, 2.43037, 
1.03349, 1.09043, 3.48816, 3.52541, -8.9539, -9.22165, -8.2158, 
-6.45088, -6.34376, -6.33119, -6.17651, -5.44973, -5.29779, -7.08562, 
-6.85178, 0, 0, 0, 0, 0, 0, 0, 0, 0, 0, 0, 0, 0, 0, 0, 0, 0, 
0, 0, 0, 0, 0, 0.94616, 0.94454, 0.94789, 0.94943, 0.9468, 0.94611, 
0.9475, 0.94452, 0.94629, 0.94577, 0.94657, 0.94219, 0.94024, 
0.94391, 0.9476, 0.94341, 0.94084, 0.94304, 0.94172, 0.94277, 
0.94493, 0.94181, 0.3033, 0.3656, 0.454, 0.6003, 0.6858, 0.9029, 
0.9684, 1.2083, 1.6971, 1.3852, 1.6363, 157.9, 166.1, 188.5, 
225.6, 240.6, 255.4, 282.6, 379.8, 412.8, 303.9, 329.5, 2225, 
890, 931, 2411, 1956, 1119, 1840, 316, 1726, 414, 487, 1, 2, 
2, 1, 3, 4, 1, 3, 1, 4, 1, 100, 100, 100, 100, 100, 100, 100, 
100, 100, 100, 100, 2500, 2500, 2500, 2500, 2500, 2500, 2500, 
2500, 2500, 2500, 2500, 25614.023, 33217.697, 40649.199, 47760.164, 
65598.764, 91658.966, 93396.156, 104814.214, 139138.593, 155144.5, 
179208.642, 1, 1, 1, 1, 1, 1, 1, 1, 1, 1, 1, 0.01389, 0.01389, 
0.01389, 0.01389, 0.01389, 0.01389, 0.01389, 0.01389, 0.01389, 
0.01389, 0.01389, 0, 0, 0, 0, 0, 0, 0, 0, 0, 0, 0, 0, 0, 0, 0, 
0, 0, 0, 0, 0, 0, 0, 0.93666, 0.93882, 0.93665, 0.93724, 0.94002, 
0.94136, 0.94056, 0.93939, 0.93968, 0.93993, 0.93745, 0.93666, 
0.93882, 0.93665, 0.93724, 0.94002, 0.94136, 0.94056, 0.93939, 
0.93968, 0.93993, 0.93666, 0.3378, 0.4091, 0.4803, 0.6176, 0.6959, 
0.8689, 0.8387, 1.1515, 1.2905, 1.4347, 1.5828, 195.1, 206.5, 
216.2, 234.6, 241.4, 260.4, 281.4, 303.6, 311.4, 328.2, 354.4, 
1, 1, 1, 1, 1, 1, 1, 1, 1, 1, 1, 1, 1, 1, 1, 1, 1, 1, 1, 1, 1, 
1, 1, 1, 1, 1, 1, 1, 1, 1, 1, 1, 1, 1, 1, 1, 1, 1, 1, 1, 1, 1, 
1, 1, 6.436, 7.244, 8.015, 10.313, 11.25, 13.525, 12, 16.118, 
18.223, 20.11, 21.725), .Dim = c(11L, 40L), .Dimnames = list(
    NULL, c("Sampling", "PSO.cost", "PSO.gamma", "PSO.data.balancing", 
    "PSO.feature.selection", "PSO.valid.acc", "PSO.test.acc", 
    "PSO.train.time", "PSO.n.support.vectors", "PSO.index", "PSO.n.solutions", 
    "PSO.generations", "PSO.n.evaluations", "PSO.cpu.time", "RS.cost", 
    "RS.gamma", "RS.data.balancing", "RS.feature.selection", 
    "RS.valid.acc", "RS.test.acc", "RS.train.time", "RS.n.support.vectors", 
    "RS.index", "RS.n.solutions", "RS.generations", "RS.n.evaluations", 
    "RS.cpu.time", "DF.cost", "DF.gamma", "DF.data.balancing", 
    "DF.feature.selection", "DF.valid.acc", "DF.test.acc", "DF.train.time", 
    "DF.n.support.vectors", "DF.index", "DF.n.solutions", "DF.generations", 
    "DF.n.evaluations", "DF.cpu.time")))
