full <-
structure(c(50, 55, 60, 65, 70, 75, 80, 85, 90, 95, 100, 1.71665, 
7.10608, 0.89549, 11.44612, 2.20941, 2.86063, 1.70184, 7.07084, 
2.17702, 1.09381, 1.5598, -5.56268, -3.17997, -4.88311, -14.51676, 
-4.34752, -7.12842, -5.18862, -9.94586, -6.38998, -4.95444, -5.79986, 
0, 0, 0, 0, 0, 0, 0, 0, 0, 0, 0, 0, 0, 0, 0, 0, 0, 0, 0, 0, 0, 
0, 0.95487, 0.94961, 0.95182, 0.94822, 0.94847, 0.94823, 0.9485, 
0.94593, 0.9454, 0.94618, 0.94853, 0.95092, 0.94745, 0.94918, 
0.94272, 0.94507, 0.94718, 0.94206, 0.94406, 0.94496, 0.94493, 
0.94497, 0.3568, 1.6866, 0.847, 0.7711, 1.8269, 0.8447, 1.3516, 
1.2418, 1.34, 2.2611, 1.4657, 212.2, 899.2, 372.8, 186.4, 580, 
259.2, 426.4, 256.8, 319.2, 531.9, 393.8, 1053, 225, 925, 1657, 
868, 307, 639, 555, 236, 966, 655, 83, 853, 191, 21, 55, 373, 
154, 70, 137, 170, 268, 100, 100, 100, 100, 100, 100, 100, 100, 
100, 100, 100, 2500, 2500, 2500, 2500, 2500, 2500, 2500, 2500, 
2500, 2500, 2500, 19997.796, 54534.684, 39620.98, 39948.775, 
74282.341, 36477.1290000001, 53631.177, 57143.177, 69430.9920000001, 
86713.071, 53236.3700000001, 4.97038, 8.83988, 0.99203, 6.47495, 
3.18513, 2.89669, 1.48393, 2.25601, 0.99407, 1.35185, 1.75983, 
-5.06949, -12.14902, -5.11378, -10.21729, -7.59401, -7.14791, 
-5.07582, -5.52889, -4.9624, -5.32983, -5.85937, 0, 0, 0, 0, 
0, 0, 0, 0, 0, 0, 0, 0, 0, 0, 0, 0, 0, 0, 0, 0, 0, 0, 0.95407, 
0.95032, 0.94984, 0.947, 0.94681, 0.94823, 0.94801, 0.94498, 
0.94496, 0.94451, 0.94853, 0.94773, 0.94814, 0.94918, 0.94455, 
0.94454, 0.94718, 0.94305, 0.94406, 0.94276, 0.94576, 0.94537, 
0.3757, 0.4709, 0.9971, 0.7039, 0.8377, 0.886, 1.3874, 1.5727, 
2.0311, 1.699, 1.4194, 225.9, 158.1, 331.7, 193.4, 231.1, 258.8, 
447.7, 384.8, 510.2, 451.7, 389.4, 643, 942, 1455, 22, 1898, 
2167, 613, 2121, 1671, 1715, 286, 4, 1, 1, 2, 1, 1, 1, 1, 2, 
1, 1, 100, 100, 100, 100, 100, 100, 100, 100, 100, 100, 100, 
2500, 2500, 2500, 2500, 2500, 2500, 2500, 2500, 2500, 2500, 2500, 
27300.178, 40615.158, 64828.057, 91887.971, 99545.003, 86330.907, 
90747.9569999999, 142761.207, 147004.359, 129551.694, 116318.255, 
1, 1, 1, 1, 1, 1, 1, 1, 1, 1, 1, 0.01389, 0.01389, 0.01389, 0.01389, 
0.01389, 0.01389, 0.01389, 0.01389, 0.01389, 0.01389, 0.01389, 
0, 0, 0, 0, 0, 0, 0, 0, 0, 0, 0, 0, 0, 0, 0, 0, 0, 0, 0, 0, 0, 
0, 0.94221, 0.94169, 0.94192, 0.93785, 0.93662, 0.93398, 0.93413, 
0.9352, 0.93571, 0.93575, 0.93706, 0.94221, 0.94169, 0.94192, 
0.93785, 0.93662, 0.93503, 0.93463, 0.9352, 0.93439, 0.93617, 
0.93745, 0.3187, 0.4667, 0.6668, 0.843, 0.956, 0.9469, 0.9868, 
1.2896, 1.444, 1.3335, 1.307, 181, 205.4, 223, 248, 274.8, 299.9, 
307.3, 321.4, 333.9, 349.3, 356.9, 1, 1, 1, 1, 1, 1, 1, 1, 1, 
1, 1, 1, 1, 1, 1, 1, 1, 1, 1, 1, 1, 1, 1, 1, 1, 1, 1, 1, 1, 1, 
1, 1, 1, 1, 1, 1, 1, 1, 1, 1, 1, 1, 1, 1, 6.952, 8.347, 11.734, 
14.324, 15.329, 13.606, 14.156, 18.374, 20.499, 17.933, 17.393
), .Dim = c(11L, 40L), .Dimnames = list(NULL, c("Sampling", "PSO.cost", 
"PSO.gamma", "PSO.data.balancing", "PSO.feature.selection", "PSO.valid.acc", 
"PSO.test.acc", "PSO.train.time", "PSO.n.support.vectors", "PSO.index", 
"PSO.n.solutions", "PSO.generations", "PSO.n.evaluations", "PSO.cpu.time", 
"RS.cost", "RS.gamma", "RS.data.balancing", "RS.feature.selection", 
"RS.valid.acc", "RS.test.acc", "RS.train.time", "RS.n.support.vectors", 
"RS.index", "RS.n.solutions", "RS.generations", "RS.n.evaluations", 
"RS.cpu.time", "DF.cost", "DF.gamma", "DF.data.balancing", "DF.feature.selection", 
"DF.valid.acc", "DF.test.acc", "DF.train.time", "DF.n.support.vectors", 
"DF.index", "DF.n.solutions", "DF.generations", "DF.n.evaluations", 
"DF.cpu.time")))
