full <-
structure(c(50, 55, 60, 65, 70, 75, 80, 85, 90, 95, 100, 1.17938, 
7.9848, 0.67285, 1.85454, 1.86913, 0.72766, 2.86351, 1.93987, 
1.24067, 1.36747, 2.23128, -4.98607, -11.4895, -5.80702, -6.30195, 
-4.88114, -5.10892, -6.28669, -6.48944, -5.80159, -5.07179, -6.4598, 
0, 0, 0, 0, 0, 0, 0, 0, 0, 0, 0, 0, 0, 0, 0, 0, 0, 0, 0, 0, 0, 
0, 0.94461, 0.94459, 0.94522, 0.95004, 0.94739, 0.94929, 0.9485, 
0.94872, 0.94936, 0.94744, 0.94616, 0.93508, 0.94099, 0.94126, 
0.94882, 0.94342, 0.94559, 0.94553, 0.94639, 0.94452, 0.94577, 
0.94497, 0.4688, 0.3701, 0.5553, 0.6061, 0.9471, 1.1219, 0.8823, 
0.9063, 1.1178, 1.5211, 1.1392, 299, 161.3, 243.7, 227.3, 407, 
404, 286.9, 295.2, 364.5, 505.2, 339.6, 897, 646, 441, 445, 849, 
29, 482, 137, 1262, 2118, 1306, 347, 214, 176, 95, 360, 585, 
799, 153, 178, 1, 16, 100, 100, 100, 100, 100, 100, 100, 100, 
100, 100, 100, 2500, 2500, 2500, 2500, 2500, 2500, 2500, 2500, 
2500, 2500, 2500, 20703.803, 19995.328, 27701.23, 26295.998, 
38996.814, 42410.932, 34747.1469999999, 41212.709, 41853.801, 
49896.277, 45312.481, 13.71331, 8.00578, 7.92715, 1.86863, 1.93186, 
1.08362, 3.27618, 1.07538, 1.40617, 1.50227, 1.90437, -13.42643, 
-11.49823, -11.38396, -6.26621, -4.99344, -5.43033, -6.80141, 
-5.49209, -6.01585, -5.1832, -6.0678, 0, 0, 0, 0, 0, 0, 0, 0, 
0, 0, 0, 0, 0, 0, 0, 0, 0, 0, 0, 0, 0, 0, 0.94381, 0.94459, 0.94456, 
0.95004, 0.94625, 0.9477, 0.94751, 0.94825, 0.94804, 0.94661, 
0.94577, 0.93508, 0.94099, 0.94059, 0.94821, 0.94342, 0.94612, 
0.94305, 0.94592, 0.94408, 0.94535, 0.94458, 0.4181, 0.3943, 
0.4653, 0.572, 0.9967, 0.9758, 0.8372, 1.0784, 1.0989, 1.4042, 
1.2115, 147.8, 161.2, 171.6, 228.5, 382.8, 351.9, 267.6, 384.8, 
345.5, 478.4, 367.3, 1679, 586, 1439, 1025, 1287, 2126, 641, 
906, 1961, 2016, 772, 1, 1, 1, 1, 1, 1, 1, 2, 1, 1, 2, 100, 100, 
100, 100, 100, 100, 100, 100, 100, 100, 100, 2500, 2500, 2500, 
2500, 2500, 2500, 2500, 2500, 2500, 2500, 2500, 27061.514, 38672.728, 
49195.332, 56715.756, 71404.677, 77247.591, 78229.127, 75925.71, 
91608.5819999999, 95565.343, 105583.574, 1, 1, 1, 1, 1, 1, 1, 
1, 1, 1, 1, 0.01389, 0.01389, 0.01389, 0.01389, 0.01389, 0.01389, 
0.01389, 0.01389, 0.01389, 0.01389, 0.01389, 0, 0, 0, 0, 0, 0, 
0, 0, 0, 0, 0, 0, 0, 0, 0, 0, 0, 0, 0, 0, 0, 0, 0.93271, 0.93377, 
0.93598, 0.93663, 0.93492, 0.9345, 0.93562, 0.93613, 0.93572, 
0.93576, 0.93706, 0.9335, 0.93377, 0.93465, 0.93541, 0.93492, 
0.93608, 0.93512, 0.9366, 0.93616, 0.93576, 0.93745, 0.3368, 
0.477, 0.561, 0.5796, 0.664, 0.8288, 0.8447, 0.8915, 1.0579, 
1.078, 1.2092, 191.2, 208.8, 220.5, 226.5, 251.9, 274, 290.7, 
315.1, 330.1, 348.4, 354.7, 1, 1, 1, 1, 1, 1, 1, 1, 1, 1, 1, 
1, 1, 1, 1, 1, 1, 1, 1, 1, 1, 1, 1, 1, 1, 1, 1, 1, 1, 1, 1, 1, 
1, 1, 1, 1, 1, 1, 1, 1, 1, 1, 1, 1, 6.249, 8.281, 9.76, 9.728, 
10.416, 12.648, 12.596, 12.638, 14.444, 14.313, 16.53), .Dim = c(11L, 
40L), .Dimnames = list(NULL, c("Sampling", "PSO.cost", "PSO.gamma", 
"PSO.data.balancing", "PSO.feature.selection", "PSO.valid.acc", 
"PSO.test.acc", "PSO.train.time", "PSO.n.support.vectors", "PSO.index", 
"PSO.n.solutions", "PSO.generations", "PSO.n.evaluations", "PSO.cpu.time", 
"RS.cost", "RS.gamma", "RS.data.balancing", "RS.feature.selection", 
"RS.valid.acc", "RS.test.acc", "RS.train.time", "RS.n.support.vectors", 
"RS.index", "RS.n.solutions", "RS.generations", "RS.n.evaluations", 
"RS.cpu.time", "DF.cost", "DF.gamma", "DF.data.balancing", "DF.feature.selection", 
"DF.valid.acc", "DF.test.acc", "DF.train.time", "DF.n.support.vectors", 
"DF.index", "DF.n.solutions", "DF.generations", "DF.n.evaluations", 
"DF.cpu.time")))
