full <-
structure(c(50, 55, 60, 65, 70, 75, 80, 85, 90, 95, 100, 1.22418, 
1.02224, 0.5908, 4.80539, 3.71393, 3.95057, 5.29882, 1.53446, 
2.73855, 1.36771, 1.84704, -3.73274, -4.12057, -3.7453, -3.34785, 
-7.7246, -7.44333, -8.92625, -5.69178, -6.93638, -5.43119, -6.20332, 
0, 0, 0, 0, 0, 0, 0, 0, 0, 0, 0, 0, 0, 0, 0, 0, 0, 0, 0, 0, 0, 
0, 0.94777, 0.94241, 0.9472, 0.94394, 0.94399, 0.94665, 0.9485, 
0.95105, 0.95201, 0.95119, 0.94655, 0.94223, 0.94241, 0.94192, 
0.9415, 0.94058, 0.94401, 0.94898, 0.94545, 0.94804, 0.94993, 
0.94338, 0.966, 0.9332, 1.5148, 2.8305, 0.6984, 0.7953, 0.733, 
1.0681, 0.9493, 1.3455, 1.1784, 663.7, 578.2, 754.1, 968.9, 232, 
244.6, 232.1, 354, 285.9, 424.5, 351.2, 653, 262, 1128, 6, 600, 
1819, 396, 904, 1491, 264, 1896, 331, 235, 150, 763, 94, 16, 
94, 34, 2, 481, 60, 100, 100, 100, 100, 100, 100, 100, 100, 100, 
100, 100, 2500, 2500, 2500, 2500, 2500, 2500, 2500, 2500, 2500, 
2500, 2500, 31871.508, 32582.804, 41936.581, 78120.198, 35690.356, 
45096.265, 36762, 38432.971, 39171.715, 50089.6719999999, 53148.8869999999, 
1.84503, 1.70112, 0.80132, 11.21746, 3.75718, 3.60594, 4.80774, 
1.41611, 2.81001, 1.25058, 1.60787, -3.70838, -4.63865, -3.74499, 
-3.39361, -7.75358, -7.30722, -8.68552, -5.59005, -6.98733, -5.37863, 
-5.76503, 0, 0, 0, 0, 0, 0, 0, 0, 0, 0, 0, 0, 0, 0, 0, 0, 0, 
0, 0, 0, 0, 0, 0.94699, 0.94169, 0.94653, 0.94394, 0.94399, 0.94612, 
0.948, 0.95105, 0.95157, 0.95036, 0.94616, 0.94302, 0.93882, 
0.9406, 0.94089, 0.94058, 0.94454, 0.947, 0.94592, 0.94804, 0.94868, 
0.94338, 0.9773, 0.7876, 1.6691, 2.7225, 0.6421, 0.7616, 0.7648, 
1.0867, 0.9532, 1.3292, 1.2847, 667.1, 422.4, 756.9, 947.4, 231.9, 
246, 233.7, 365.9, 284.8, 434.5, 393.8, 1805, 300, 1301, 1059, 
220, 544, 1137, 7, 1484, 83, 449, 1, 1, 1, 2, 1, 4, 4, 1, 1, 
3, 1, 100, 100, 100, 100, 100, 100, 100, 100, 100, 100, 100, 
2500, 2500, 2500, 2500, 2500, 2500, 2500, 2500, 2500, 2500, 2500, 
26185.911, 40976.895, 48167.072, 55147.5809999999, 68438.604, 
75588.2270000001, 80179.701, 78941.6949999999, 93820.715, 105097.141, 
104477.038, 1, 1, 1, 1, 1, 1, 1, 1, 1, 1, 1, 0.01389, 0.01389, 
0.01389, 0.01389, 0.01389, 0.01389, 0.01389, 0.01389, 0.01389, 
0.01389, 0.01389, 0, 0, 0, 0, 0, 0, 0, 0, 0, 0, 0, 0, 0, 0, 0, 
0, 0, 0, 0, 0, 0, 0, 0.93904, 0.93593, 0.93796, 0.93785, 0.93831, 
0.93926, 0.94007, 0.93939, 0.93924, 0.93784, 0.93706, 0.93904, 
0.93593, 0.93796, 0.93785, 0.93775, 0.93926, 0.94007, 0.93939, 
0.93924, 0.93784, 0.93745, 0.3571, 0.4971, 0.5706, 0.6239, 0.8231, 
0.8325, 0.8464, 0.8664, 1.0927, 1.1994, 1.1496, 215.9, 239.6, 
253, 264.5, 283.6, 286.8, 291.9, 309.1, 317.6, 341.2, 356.9, 
1, 1, 1, 1, 1, 1, 1, 1, 1, 1, 1, 1, 1, 1, 1, 1, 1, 1, 1, 1, 1, 
1, 1, 1, 1, 1, 1, 1, 1, 1, 1, 1, 1, 1, 1, 1, 1, 1, 1, 1, 1, 1, 
1, 1, 6.531, 8.415, 9.368, 9.707, 12.251, 12.496, 12.599, 12.296, 
15.375, 16.61, 15.578), .Dim = c(11L, 40L), .Dimnames = list(
    NULL, c("Sampling", "PSO.cost", "PSO.gamma", "PSO.data.balancing", 
    "PSO.feature.selection", "PSO.valid.acc", "PSO.test.acc", 
    "PSO.train.time", "PSO.n.support.vectors", "PSO.index", "PSO.n.solutions", 
    "PSO.generations", "PSO.n.evaluations", "PSO.cpu.time", "RS.cost", 
    "RS.gamma", "RS.data.balancing", "RS.feature.selection", 
    "RS.valid.acc", "RS.test.acc", "RS.train.time", "RS.n.support.vectors", 
    "RS.index", "RS.n.solutions", "RS.generations", "RS.n.evaluations", 
    "RS.cpu.time", "DF.cost", "DF.gamma", "DF.data.balancing", 
    "DF.feature.selection", "DF.valid.acc", "DF.test.acc", "DF.train.time", 
    "DF.n.support.vectors", "DF.index", "DF.n.solutions", "DF.generations", 
    "DF.n.evaluations", "DF.cpu.time")))
