full <-
structure(c(50, 55, 60, 65, 70, 75, 80, 85, 90, 95, 100, 1.69685, 
1.90332, 2.4516, 1.14153, 0.58468, 0.58864, 4.30337, 1.0337, 
3.12338, 2.54253, 1.81679, -4.70643, -4.96495, -6.17097, -5.90756, 
-4.9069, -4.77284, -8.03697, -5.30454, -6.40993, -6.88106, -5.92983, 
0, 0, 0, 0, 0, 0, 0, 0, 0, 0, 0, 0, 0, 0, 0, 0, 0, 0, 0, 0, 0, 
0, 0.94221, 0.94747, 0.94523, 0.94637, 0.94565, 0.94718, 0.94453, 
0.94687, 0.94937, 0.9466, 0.94973, 0.93428, 0.94172, 0.93929, 
0.94212, 0.94169, 0.94507, 0.94155, 0.94594, 0.94452, 0.94493, 
0.94696, 0.5587, 0.6055, 0.5218, 0.5888, 0.9759, 1.3178, 0.824, 
1.298, 0.9837, 1.1364, 1.3618, 367.9, 337.1, 240.3, 260.7, 401.9, 
456.6, 251.7, 403.8, 309.5, 308.3, 372, 575, 2295, 974, 1154, 
302, 2144, 1181, 780, 889, 1134, 423, 563, 3, 114, 24, 130, 71, 
77, 59, 378, 93, 231, 100, 100, 100, 100, 100, 100, 100, 100, 
100, 100, 100, 2500, 2500, 2500, 2500, 2500, 2500, 2500, 2500, 
2500, 2500, 2500, 23154.37, 23828.204, 25903.924, 25612.929, 
36163.049, 64602.95, 40726.263, 45590.894, 39076.633, 65250.508, 
53560.1010000001, 1.62371, 1.88952, 2.13997, 1.32897, 0.4853, 
0.58123, 4.30539, 4.14191, 2.61974, 3.89587, 1.2156, -4.61938, 
-4.85544, -5.96939, -5.46958, -4.66172, -4.84656, -8.11502, -8.17678, 
-6.15339, -7.51619, -5.37639, 0, 0, 0, 0, 0, 0, 0, 0, 0, 0, 0, 
0, 0, 0, 0, 0, 0, 0, 0, 0, 0, 0, 0.94221, 0.94747, 0.94391, 0.94395, 
0.94453, 0.94666, 0.94354, 0.9464, 0.94848, 0.94576, 0.94933, 
0.93428, 0.94099, 0.93994, 0.94456, 0.94056, 0.94454, 0.94155, 
0.94454, 0.9454, 0.94326, 0.94854, 0.5788, 0.6227, 0.5263, 0.6776, 
1.1625, 1.1904, 0.7819, 0.9361, 1.0873, 1.0862, 1.8769, 386.9, 
353.8, 248, 297.3, 456.1, 439.4, 251.6, 261.4, 318.4, 299, 449, 
381, 1155, 762, 1956, 1238, 1774, 494, 820, 1833, 187, 931, 1, 
1, 2, 1, 1, 1, 3, 7, 1, 1, 1, 100, 100, 100, 100, 100, 100, 100, 
100, 100, 100, 100, 2500, 2500, 2500, 2500, 2500, 2500, 2500, 
2500, 2500, 2500, 2500, 26790.609, 35245.15, 41864.325, 47579.712, 
62849.952, 71747.756, 73275.0499999999, 90308.758, 87908, 99733.7069999999, 
158335.988, 1, 1, 1, 1, 1, 1, 1, 1, 1, 1, 1, 0.01389, 0.01389, 
0.01389, 0.01389, 0.01389, 0.01389, 0.01389, 0.01389, 0.01389, 
0.01389, 0.01389, 0, 0, 0, 0, 0, 0, 0, 0, 0, 0, 0, 0, 0, 0, 0, 
0, 0, 0, 0, 0, 0, 0, 0.92795, 0.92945, 0.93004, 0.93175, 0.93493, 
0.93556, 0.93661, 0.93754, 0.9366, 0.93784, 0.93745, 0.92795, 
0.92945, 0.93071, 0.93175, 0.93493, 0.93556, 0.93661, 0.93754, 
0.93704, 0.93701, 0.93706, 0.3781, 0.4512, 0.4975, 0.5632, 0.7417, 
0.7848, 0.8603, 0.9649, 1.0969, 1.0975, 1.5231, 224.5, 229, 232.5, 
246.3, 249.7, 266, 284.3, 302.9, 318.8, 328.3, 354.6, 1, 1, 1, 
1, 1, 1, 1, 1, 1, 1, 1, 1, 1, 1, 1, 1, 1, 1, 1, 1, 1, 1, 1, 1, 
1, 1, 1, 1, 1, 1, 1, 1, 1, 1, 1, 1, 1, 1, 1, 1, 1, 1, 1, 1, 6.827, 
7.701, 8.102, 8.895, 11.011, 11.467, 12.299, 13.054, 14.736, 
14.698, 20.334), .Dim = c(11L, 40L), .Dimnames = list(NULL, c("Sampling", 
"PSO.cost", "PSO.gamma", "PSO.data.balancing", "PSO.feature.selection", 
"PSO.valid.acc", "PSO.test.acc", "PSO.train.time", "PSO.n.support.vectors", 
"PSO.index", "PSO.n.solutions", "PSO.generations", "PSO.n.evaluations", 
"PSO.cpu.time", "RS.cost", "RS.gamma", "RS.data.balancing", "RS.feature.selection", 
"RS.valid.acc", "RS.test.acc", "RS.train.time", "RS.n.support.vectors", 
"RS.index", "RS.n.solutions", "RS.generations", "RS.n.evaluations", 
"RS.cpu.time", "DF.cost", "DF.gamma", "DF.data.balancing", "DF.feature.selection", 
"DF.valid.acc", "DF.test.acc", "DF.train.time", "DF.n.support.vectors", 
"DF.index", "DF.n.solutions", "DF.generations", "DF.n.evaluations", 
"DF.cpu.time")))
