full <-
structure(c(50, 55, 60, 65, 70, 75, 80, 85, 90, 95, 100, 1.61842, 
3.14248, 4.33161, 1.84118, 1.52173, 0.35182, 3.51526, 1.37947, 
1.05451, 1.34494, 1.67592, -6.10233, -7.49091, -8.7262, -5.88527, 
-5.90469, -5.19947, -7.27223, -5.58711, -5.25462, -6.16209, -5.11066, 
0, 0, 0, 0, 0, 0, 0, 0, 0, 0, 0, 0, 0, 0, 0, 0, 0, 0, 0, 0, 0, 
0, 0.94538, 0.95104, 0.94985, 0.95187, 0.94907, 0.9477, 0.947, 
0.9492, 0.94671, 0.9466, 0.94814, 0.94378, 0.94746, 0.94853, 
0.94883, 0.94454, 0.94613, 0.94403, 0.94827, 0.94407, 0.94576, 
0.94735, 0.3234, 0.3544, 0.5415, 0.5509, 0.7381, 0.9707, 0.7086, 
1.3056, 1.2591, 1.0656, 1.5881, 183.9, 175.2, 183, 250, 269.1, 
388.8, 256.4, 371.2, 439.4, 337.5, 497.3, 143, 2297, 373, 737, 
768, 142, 353, 758, 969, 746, 1490, 55, 48, 133, 194, 179, 256, 
54, 402, 275, 189, 40, 100, 100, 100, 100, 100, 100, 100, 100, 
100, 100, 100, 2500, 2500, 2500, 2500, 2500, 2500, 2500, 2500, 
2500, 2500, 2500, 16910.51, 17526.117, 24410.762, 24103.831, 
26528.263, 33616.03, 28721.928, 50672.363, 44612.803, 40835.632, 
58786.402, 6.67824, 2.94907, 3.17056, 7.21916, 1.85898, 0.44127, 
3.30269, 1.44684, 0.93209, 0.95821, 1.59444, -10.07004, -7.14892, 
-6.87786, -9.8142, -6.43087, -5.25676, -6.623, -5.71825, -5.07169, 
-5.70941, -5.99391, 0, 0, 0, 0, 0, 0, 0, 0, 0, 0, 0, 0, 0, 0, 
0, 0, 0, 0, 0, 0, 0, 0, 0.94538, 0.9489, 0.94921, 0.94944, 0.94851, 
0.94718, 0.9465, 0.94873, 0.94495, 0.94619, 0.94695, 0.94459, 
0.95106, 0.94656, 0.94517, 0.94341, 0.94665, 0.94255, 0.9478, 
0.94451, 0.94576, 0.94735, 0.3024, 0.3648, 0.432, 0.4995, 0.6133, 
0.9206, 0.7572, 1.2418, 1.3379, 1.1611, 1.2153, 151.9, 178.8, 
198, 189.5, 245.1, 380.6, 270.1, 355.9, 475.1, 382.8, 369.2, 
762, 1948, 151, 1196, 1437, 423, 337, 366, 1728, 1009, 1498, 
3, 4, 2, 5, 1, 3, 1, 1, 1, 1, 1, 100, 100, 100, 100, 100, 100, 
100, 100, 100, 100, 100, 2500, 2500, 2500, 2500, 2500, 2500, 
2500, 2500, 2500, 2500, 2500, 25399.334, 34516.536, 37402.972, 
41124.712, 52258.614, 54593.959, 86563.4570000001, 86076.267, 
78709.8700000001, 92134.645, 98255.333, 1, 1, 1, 1, 1, 1, 1, 
1, 1, 1, 1, 0.01389, 0.01389, 0.01389, 0.01389, 0.01389, 0.01389, 
0.01389, 0.01389, 0.01389, 0.01389, 0.01389, 0, 0, 0, 0, 0, 0, 
0, 0, 0, 0, 0, 0, 0, 0, 0, 0, 0, 0, 0, 0, 0, 0, 0.9343, 0.93665, 
0.93598, 0.93724, 0.93379, 0.9345, 0.93463, 0.93334, 0.93439, 
0.93701, 0.93745, 0.9343, 0.93665, 0.93598, 0.93602, 0.93436, 
0.93292, 0.93413, 0.93334, 0.93439, 0.93659, 0.93705, 0.3213, 
0.5294, 0.4645, 0.5375, 0.6263, 0.7095, 1.0051, 0.8885, 0.9496, 
1.0871, 1.171, 186.6, 191.1, 216.5, 236.2, 258.7, 281.7, 290.4, 
319.6, 327.9, 340.8, 355.5, 1, 1, 1, 1, 1, 1, 1, 1, 1, 1, 1, 
1, 1, 1, 1, 1, 1, 1, 1, 1, 1, 1, 1, 1, 1, 1, 1, 1, 1, 1, 1, 1, 
1, 1, 1, 1, 1, 1, 1, 1, 1, 1, 1, 1, 6.009, 9.673, 7.748, 8.628, 
9.48, 10.254, 15.082, 12.345, 13.032, 14.562, 15.42), .Dim = c(11L, 
40L), .Dimnames = list(NULL, c("Sampling", "PSO.cost", "PSO.gamma", 
"PSO.data.balancing", "PSO.feature.selection", "PSO.valid.acc", 
"PSO.test.acc", "PSO.train.time", "PSO.n.support.vectors", "PSO.index", 
"PSO.n.solutions", "PSO.generations", "PSO.n.evaluations", "PSO.cpu.time", 
"RS.cost", "RS.gamma", "RS.data.balancing", "RS.feature.selection", 
"RS.valid.acc", "RS.test.acc", "RS.train.time", "RS.n.support.vectors", 
"RS.index", "RS.n.solutions", "RS.generations", "RS.n.evaluations", 
"RS.cpu.time", "DF.cost", "DF.gamma", "DF.data.balancing", "DF.feature.selection", 
"DF.valid.acc", "DF.test.acc", "DF.train.time", "DF.n.support.vectors", 
"DF.index", "DF.n.solutions", "DF.generations", "DF.n.evaluations", 
"DF.cpu.time")))
