full <-
structure(c(50, 55, 60, 65, 70, 75, 80, 85, 90, 95, 100, 10.16684, 
3.51179, 2.93904, 3.79303, 0.26791, 1.86674, 1.31805, 1.74187, 
1.65411, 3.47458, 4.07456, -12.60519, -5.84377, -6.52287, -7.48746, 
-3.52238, -5.74203, -4.85407, -5.43082, -5.23542, -6.72258, -7.2031, 
0, 0, 0, 0, 0, 0, 0, 0, 0, 0, 0, 0, 0, 0, 0, 0, 0, 0, 0, 0, 0, 
0, 0.94536, 0.95033, 0.94983, 0.94941, 0.94737, 0.94876, 0.94901, 
0.94966, 0.94982, 0.94536, 0.94893, 0.94141, 0.94602, 0.94588, 
0.94637, 0.94283, 0.94717, 0.94603, 0.94872, 0.94586, 0.94119, 
0.94497, 0.3255, 0.4675, 0.554, 0.5896, 3.254, 0.9164, 1.2934, 
1.3689, 1.543, 1.1882, 1.3276, 141, 231, 226.3, 220.1, 943.2, 
305.5, 484.8, 378.7, 435.4, 325.7, 322.6, 1505, 529, 1617, 604, 
951, 517, 1773, 1602, 1313, 1634, 680, 6, 420, 55, 184, 101, 
125, 61, 25, 63, 140, 38, 100, 100, 100, 100, 100, 100, 100, 
100, 100, 100, 100, 2500, 2500, 2500, 2500, 2500, 2500, 2500, 
2500, 2500, 2500, 2500, 20236.437, 23268.575, 44397.484, 29821.719, 
91276.845, 44713.199, 46663.3550000001, 57153.184, 59813.172, 
49545.4130000001, 53431.034, 10.85413, 3.41476, 2.70048, 3.91003, 
0.23775, 1.75655, 1.46024, 3.42235, 1.75547, 3.4258, 3.99938, 
-13.02749, -5.81238, -6.79126, -7.58804, -4.09327, -5.64009, 
-5.23648, -7.6276, -5.14068, -6.6873, -7.08669, 0, 0, 0, 0, 0, 
0, 0, 0, 0, 0, 0, 0, 0, 0, 0, 0, 0, 0, 0, 0, 0, 0, 0.94536, 0.94961, 
0.94786, 0.94881, 0.94624, 0.94823, 0.94851, 0.94872, 0.94762, 
0.94494, 0.94774, 0.94061, 0.94602, 0.94653, 0.94637, 0.94284, 
0.9477, 0.94802, 0.94453, 0.94542, 0.94077, 0.94339, 0.3305, 
0.4598, 0.5375, 0.5811, 1.8058, 0.9548, 1.1186, 0.9975, 1.4992, 
1.3483, 1.2896, 140.1, 233.8, 218.9, 217.4, 676.3, 313.8, 408.5, 
261.3, 451.4, 327.3, 325.5, 190, 24, 520, 1538, 730, 178, 389, 
1888, 1924, 1135, 2458, 1, 2, 4, 1, 2, 1, 1, 1, 2, 1, 1, 100, 
100, 100, 100, 100, 100, 100, 100, 100, 100, 100, 2500, 2500, 
2500, 2500, 2500, 2500, 2500, 2500, 2500, 2500, 2500, 28555.302, 
46898.624, 50697.319, 55898.532, 76264.958, 80181.285, 69357.6799999999, 
110435.449, 101489.132, 127184.874, 136249.217, 1, 1, 1, 1, 1, 
1, 1, 1, 1, 1, 1, 0.01389, 0.01389, 0.01389, 0.01389, 0.01389, 
0.01389, 0.01389, 0.01389, 0.01389, 0.01389, 0.01389, 0, 0, 0, 
0, 0, 0, 0, 0, 0, 0, 0, 0, 0, 0, 0, 0, 0, 0, 0, 0, 0, 0, 0.94221, 
0.9424, 0.9439, 0.94333, 0.94284, 0.94189, 0.93958, 0.9408, 0.94012, 
0.93868, 0.93706, 0.94221, 0.9424, 0.9439, 0.94333, 0.94284, 
0.94189, 0.93958, 0.9408, 0.94012, 0.93868, 0.93706, 0.3631, 
0.5682, 0.5921, 0.6908, 0.8226, 0.8096, 0.8556, 1.1327, 1.1211, 
1.3171, 1.363, 207.7, 227.6, 240.5, 261.3, 271, 276.2, 300.6, 
298.5, 319.1, 348.9, 354, 1, 1, 1, 1, 1, 1, 1, 1, 1, 1, 1, 1, 
1, 1, 1, 1, 1, 1, 1, 1, 1, 1, 1, 1, 1, 1, 1, 1, 1, 1, 1, 1, 1, 
1, 1, 1, 1, 1, 1, 1, 1, 1, 1, 1, 6.901, 9.995, 9.416, 10.568, 
11.968, 11.649, 12.157, 16.773, 14.973, 18.307, 18.823), .Dim = c(11L, 
40L), .Dimnames = list(NULL, c("Sampling", "PSO.cost", "PSO.gamma", 
"PSO.data.balancing", "PSO.feature.selection", "PSO.valid.acc", 
"PSO.test.acc", "PSO.train.time", "PSO.n.support.vectors", "PSO.index", 
"PSO.n.solutions", "PSO.generations", "PSO.n.evaluations", "PSO.cpu.time", 
"RS.cost", "RS.gamma", "RS.data.balancing", "RS.feature.selection", 
"RS.valid.acc", "RS.test.acc", "RS.train.time", "RS.n.support.vectors", 
"RS.index", "RS.n.solutions", "RS.generations", "RS.n.evaluations", 
"RS.cpu.time", "DF.cost", "DF.gamma", "DF.data.balancing", "DF.feature.selection", 
"DF.valid.acc", "DF.test.acc", "DF.train.time", "DF.n.support.vectors", 
"DF.index", "DF.n.solutions", "DF.generations", "DF.n.evaluations", 
"DF.cpu.time")))
