full <-
structure(c(50, 55, 60, 65, 70, 75, 80, 85, 90, 95, 100, 8.54379, 
1.03516, 4.95689, 3.16369, 1.70105, 4.93544, 3.2855, 2.75937, 
1.71996, 1.04246, 1.34546, -3.87978, -3.62391, -8.91398, -7.62002, 
-5.73274, -7.87662, -7.08274, -6.14131, -5.51974, -5.1235, -5.19682, 
0, 0, 0, 0, 0, 0, 0, 0, 0, 0, 0, 0, 0, 0, 0, 0, 0, 0, 0, 0, 0, 
0, 0.94378, 0.94746, 0.94457, 0.94457, 0.94568, 0.94611, 0.95195, 
0.952, 0.95024, 0.94869, 0.95011, 0.94219, 0.94385, 0.94258, 
0.9409, 0.94342, 0.94135, 0.947, 0.94826, 0.94848, 0.94618, 0.94734, 
0.9307, 1.3036, 0.4494, 0.5548, 0.8154, 0.7568, 0.8824, 1.0474, 
1.3432, 1.6985, 1.6386, 597.7, 748, 186.4, 221.2, 313.3, 245.9, 
264.2, 305.1, 386.7, 490.2, 485.5, 72, 748, 728, 936, 1021, 635, 
353, 853, 172, 2463, 353, 950, 288, 121, 59, 47, 61, 109, 261, 
325, 1, 802, 100, 100, 100, 100, 100, 100, 100, 100, 100, 100, 
100, 2500, 2500, 2500, 2500, 2500, 2500, 2500, 2500, 2500, 2500, 
2500, 30629.078, 38848.272, 25892.921, 25115.084, 31236.117, 
29932.569, 34249.205, 40770.0650000001, 49830.9650000001, 51932.353, 
53153.9620000001, 5.36343, 0.81746, 4.99513, 3.66573, 2.31506, 
6.29577, 3.91768, 1.95848, 1.77198, 3.54764, 1.33209, -3.82959, 
-3.74505, -8.29993, -8.04978, -6.1052, -9.66988, -7.64321, -5.64516, 
-5.5925, -6.56937, -5.04423, 0, 0, 0, 0, 0, 0, 0, 0, 0, 0, 0, 
0, 0, 0, 0, 0, 0, 0, 0, 0, 0, 0, 0.94378, 0.94602, 0.94391, 0.94395, 
0.94567, 0.94559, 0.95146, 0.95106, 0.95024, 0.94826, 0.94972, 
0.94219, 0.94384, 0.9373, 0.94151, 0.94229, 0.94293, 0.9475, 
0.94966, 0.94892, 0.94577, 0.94655, 0.9399, 1.2485, 0.4703, 0.5506, 
0.7368, 0.7949, 0.8404, 1.1985, 1.3568, 1.1346, 1.711, 618.2, 
700.3, 190.3, 217.7, 283.4, 226.3, 251.7, 347.2, 378.8, 323.2, 
521.2, 28, 380, 2235, 1088, 2353, 1822, 583, 1034, 904, 2192, 
101, 20, 1, 1, 2, 1, 1, 3, 1, 1, 1, 2, 100, 100, 100, 100, 100, 
100, 100, 100, 100, 100, 100, 2500, 2500, 2500, 2500, 2500, 2500, 
2500, 2500, 2500, 2500, 2500, 26268.28, 32898.46, 44840.958, 
46615.96, 59127.531, 73764.74, 82363.318, 98649.629, 107752.202, 
108868.269, 108859.681, 1, 1, 1, 1, 1, 1, 1, 1, 1, 1, 1, 0.01389, 
0.01389, 0.01389, 0.01389, 0.01389, 0.01389, 0.01389, 0.01389, 
0.01389, 0.01389, 0.01389, 0, 0, 0, 0, 0, 0, 0, 0, 0, 0, 0, 0, 
0, 0, 0, 0, 0, 0, 0, 0, 0, 0, 0.93904, 0.93954, 0.93862, 0.93602, 
0.93662, 0.9382, 0.94007, 0.93986, 0.93748, 0.93742, 0.93705, 
0.93904, 0.93954, 0.93862, 0.93602, 0.93662, 0.9382, 0.94007, 
0.93986, 0.93748, 0.937, 0.93745, 0.3543, 0.4146, 0.504, 0.6089, 
0.7347, 0.9095, 0.961, 1.044, 1.1146, 1.2076, 1.3768, 205, 214.7, 
229.2, 262.5, 279.3, 289.8, 293, 304.6, 327.3, 341, 355.9, 1, 
1, 1, 1, 1, 1, 1, 1, 1, 1, 1, 1, 1, 1, 1, 1, 1, 1, 1, 1, 1, 1, 
1, 1, 1, 1, 1, 1, 1, 1, 1, 1, 1, 1, 1, 1, 1, 1, 1, 1, 1, 1, 1, 
1, 6.511, 6.926, 8.107, 9.156, 10.433, 13.417, 14.091, 14.745, 
14.804, 15.846, 18.614), .Dim = c(11L, 40L), .Dimnames = list(
    NULL, c("Sampling", "PSO.cost", "PSO.gamma", "PSO.data.balancing", 
    "PSO.feature.selection", "PSO.valid.acc", "PSO.test.acc", 
    "PSO.train.time", "PSO.n.support.vectors", "PSO.index", "PSO.n.solutions", 
    "PSO.generations", "PSO.n.evaluations", "PSO.cpu.time", "RS.cost", 
    "RS.gamma", "RS.data.balancing", "RS.feature.selection", 
    "RS.valid.acc", "RS.test.acc", "RS.train.time", "RS.n.support.vectors", 
    "RS.index", "RS.n.solutions", "RS.generations", "RS.n.evaluations", 
    "RS.cpu.time", "DF.cost", "DF.gamma", "DF.data.balancing", 
    "DF.feature.selection", "DF.valid.acc", "DF.test.acc", "DF.train.time", 
    "DF.n.support.vectors", "DF.index", "DF.n.solutions", "DF.generations", 
    "DF.n.evaluations", "DF.cpu.time")))
