full <-
structure(c(50, 55, 60, 65, 70, 75, 80, 85, 90, 95, 100, 7.69152, 
4.44065, 2.17187, 2.04976, 3.02276, 3.52025, 1.85102, 1.85372, 
1.46865, 0.87257, 1.44834, -10.26438, -6.87109, -6.48121, -6.80107, 
-7.26339, -8.25443, -6.36096, -6.12808, -5.22495, -4.73204, -5.63983, 
0, 0, 0, 0, 0, 0, 0, 0, 0, 0, 0, 0, 0, 0, 0, 0, 0, 0, 0, 0, 0, 
0, 0.95177, 0.95254, 0.95379, 0.95125, 0.95133, 0.95087, 0.95295, 
0.95013, 0.94805, 0.94952, 0.94972, 0.94541, 0.9525, 0.94652, 
0.95003, 0.9451, 0.94665, 0.95048, 0.94873, 0.94497, 0.94785, 
0.94616, 0.3217, 0.5992, 0.772, 0.7604, 0.9411, 0.976, 1.077, 
1.1199, 1.702, 2.2155, 1.6246, 147.3, 191, 227.9, 228.8, 239.1, 
232.2, 285.2, 315.4, 447.1, 582.2, 405, 1005, 1031, 418, 307, 
810, 403, 568, 399, 464, 1618, 2349, 108, 24, 111, 376, 68, 68, 
365, 157, 405, 8, 76, 100, 100, 100, 100, 100, 100, 100, 100, 
100, 100, 100, 2500, 2500, 2500, 2500, 2500, 2500, 2500, 2500, 
2500, 2500, 2500, 16739.584, 31739.83, 35709.904, 36259.026, 
41865.202, 41092.635, 44511.507, 48409.665, 64076.719, 65128.8639999998, 
61247.3300000001, 8.20588, 4.88561, 3.39553, 2.12681, 3.21089, 
1.54807, 1.98662, 1.70056, 1.39095, 3.42417, 1.77308, -10.68652, 
-7.25448, -7.59424, -6.75295, -7.46679, -4.96758, -6.38435, -5.95889, 
-5.39974, -7.59994, -5.84292, 0, 0, 0, 0, 0, 0, 0, 0, 0, 0, 0, 
0, 0, 0, 0, 0, 0, 0, 0, 0, 0, 0, 0.9502, 0.95108, 0.95247, 0.95125, 
0.95076, 0.95087, 0.95196, 0.95013, 0.94717, 0.94911, 0.94933, 
0.94461, 0.95324, 0.94719, 0.95003, 0.94396, 0.94664, 0.95047, 
0.94919, 0.94453, 0.94702, 0.94577, 0.3034, 0.4589, 0.6952, 0.8135, 
0.9278, 1.5979, 1.1147, 1.1504, 1.6372, 1.2822, 1.6078, 145.1, 
184.3, 199.5, 229.7, 235.8, 451.3, 283.4, 330, 413.1, 291.3, 
378.1, 2312, 2270, 32, 1908, 98, 195, 689, 1629, 1115, 128, 791, 
1, 1, 1, 1, 3, 1, 1, 1, 1, 1, 2, 100, 100, 100, 100, 100, 100, 
100, 100, 100, 100, 100, 2500, 2500, 2500, 2500, 2500, 2500, 
2500, 2500, 2500, 2500, 2500, 27063.28, 64927.816, 68878.995, 
85350.0820000001, 113134.051, 114415.479, 105606.786, 106177.041, 
142617.92, 137795.033, 159590.767, 1, 1, 1, 1, 1, 1, 1, 1, 1, 
1, 1, 0.01389, 0.01389, 0.01389, 0.01389, 0.01389, 0.01389, 0.01389, 
0.01389, 0.01389, 0.01389, 0.01389, 0, 0, 0, 0, 0, 0, 0, 0, 0, 
0, 0, 0, 0, 0, 0, 0, 0, 0, 0, 0, 0, 0, 0.93273, 0.93594, 0.93333, 
0.93297, 0.93322, 0.93767, 0.9376, 0.93706, 0.93659, 0.93826, 
0.93745, 0.93353, 0.9345, 0.93333, 0.9348, 0.93491, 0.93767, 
0.93759, 0.93753, 0.93615, 0.93826, 0.93705, 0.3426, 0.4489, 
0.5985, 0.9406, 0.9538, 1.1092, 0.9586, 1.3021, 1.3317, 1.3657, 
1.6277, 200.1, 217.7, 243.5, 252.9, 279.7, 285.3, 295.7, 314.1, 
329.7, 334, 349.2, 1, 1, 1, 1, 1, 1, 1, 1, 1, 1, 1, 1, 1, 1, 
1, 1, 1, 1, 1, 1, 1, 1, 1, 1, 1, 1, 1, 1, 1, 1, 1, 1, 1, 1, 1, 
1, 1, 1, 1, 1, 1, 1, 1, 1, 7.051, 7.772, 9.698, 15.906, 14.994, 
17.144, 14.514, 19.113, 19.067, 19.439, 23.317), .Dim = c(11L, 
40L), .Dimnames = list(NULL, c("Sampling", "PSO.cost", "PSO.gamma", 
"PSO.data.balancing", "PSO.feature.selection", "PSO.valid.acc", 
"PSO.test.acc", "PSO.train.time", "PSO.n.support.vectors", "PSO.index", 
"PSO.n.solutions", "PSO.generations", "PSO.n.evaluations", "PSO.cpu.time", 
"RS.cost", "RS.gamma", "RS.data.balancing", "RS.feature.selection", 
"RS.valid.acc", "RS.test.acc", "RS.train.time", "RS.n.support.vectors", 
"RS.index", "RS.n.solutions", "RS.generations", "RS.n.evaluations", 
"RS.cpu.time", "DF.cost", "DF.gamma", "DF.data.balancing", "DF.feature.selection", 
"DF.valid.acc", "DF.test.acc", "DF.train.time", "DF.n.support.vectors", 
"DF.index", "DF.n.solutions", "DF.generations", "DF.n.evaluations", 
"DF.cpu.time")))
