full <-
structure(c(50, 55, 60, 65, 70, 75, 80, 85, 90, 95, 100, 2.76279, 
1.19307, 3.12914, 13.121, 2.1064, 1.1414, 2.1824, 1.74107, 1.25868, 
1.37639, 1.73601, -6.11556, -3.4583, -7.14362, -2.70933, -5.43691, 
-5.84776, -5.57884, -6.22172, -5.59246, -5.43282, -6.2211, 0, 
0, 0, 0, 0, 0, 0, 0, 0, 0, 0, 0, 0, 0, 0, 0, 0, 0, 0, 0, 0, 0, 
0.94773, 0.9446, 0.94193, 0.94089, 0.9434, 0.94348, 0.9475, 0.94779, 
0.94628, 0.95076, 0.94813, 0.94298, 0.94459, 0.9419, 0.93905, 
0.94058, 0.94348, 0.94402, 0.94453, 0.94408, 0.94785, 0.94814, 
0.355, 1.4933, 0.4995, 2.814, 0.985, 0.9027, 1.0411, 0.9809, 
1.2919, 1.443, 1.2537, 201, 793, 216.8, 1205.7, 347, 325.5, 361, 
310.7, 394.6, 427, 347.1, 524, 817, 606, 224, 279, 1146, 627, 
409, 1503, 803, 564, 319, 83, 115, 799, 474, 20, 669, 289, 22, 
326, 73, 100, 100, 100, 100, 100, 100, 100, 100, 100, 100, 100, 
2500, 2500, 2500, 2500, 2500, 2500, 2500, 2500, 2500, 2500, 2500, 
18367.33, 47024.755, 29204.712, 86693.975, 41529.62, 52529.095, 
39219.4839999999, 36102.277, 51233.29, 50891.616, 48848.844, 
3.08662, 0.82288, 3.10331, 10.79868, 1.51276, 1.8498, 2.09033, 
1.78383, 0.49706, 1.17007, 1.78054, -6.61813, -3.28459, -7.12674, 
-2.68227, -5.45796, -4.247, -5.86487, -6.30797, -4.60933, -5.76305, 
-6.20518, 0, 0, 0, 0, 0, 0, 0, 0, 0, 0, 0, 0, 0, 0, 0, 0, 0, 
0, 0, 0, 0, 0, 0.94616, 0.9446, 0.94127, 0.94089, 0.94171, 0.94294, 
0.94552, 0.94686, 0.94408, 0.94827, 0.94774, 0.94219, 0.94026, 
0.9419, 0.93844, 0.94002, 0.9387, 0.94452, 0.945, 0.94056, 0.94618, 
0.94814, 0.3393, 1.5129, 0.523, 3.4248, 0.9688, 1.7383, 0.9724, 
0.9263, 1.8466, 1.2806, 1.246, 181.2, 852.4, 217.3, 1213.3, 350.5, 
658.8, 333.6, 305.9, 609.2, 380.7, 350.3, 813, 2291, 2192, 396, 
2296, 2094, 192, 1974, 1708, 195, 756, 3, 1, 1, 6, 2, 1, 3, 1, 
1, 1, 3, 100, 100, 100, 100, 100, 100, 100, 100, 100, 100, 100, 
2500, 2500, 2500, 2500, 2500, 2500, 2500, 2500, 2500, 2500, 2500, 
27295.33, 36449.264, 43656.908, 56423.061, 71984.88, 74247.713, 
74586.0429999999, 84151.931, 96242.0920000001, 96609, 111133.858, 
1, 1, 1, 1, 1, 1, 1, 1, 1, 1, 1, 0.01389, 0.01389, 0.01389, 0.01389, 
0.01389, 0.01389, 0.01389, 0.01389, 0.01389, 0.01389, 0.01389, 
0, 0, 0, 0, 0, 0, 0, 0, 0, 0, 0, 0, 0, 0, 0, 0, 0, 0, 0, 0, 0, 
0, 0.93984, 0.93954, 0.9373, 0.93663, 0.93436, 0.93344, 0.93561, 
0.93613, 0.93528, 0.93784, 0.93705, 0.93984, 0.93954, 0.9373, 
0.93663, 0.93436, 0.93397, 0.93561, 0.9352, 0.93571, 0.93826, 
0.93785, 0.3484, 0.4598, 0.5472, 0.6941, 0.7825, 0.8651, 0.8875, 
0.999, 1.1139, 1.1873, 1.2383, 201.3, 225.2, 251.4, 272, 283.6, 
300.7, 303.9, 315.8, 337.7, 345.3, 352.3, 1, 1, 1, 1, 1, 1, 1, 
1, 1, 1, 1, 1, 1, 1, 1, 1, 1, 1, 1, 1, 1, 1, 1, 1, 1, 1, 1, 1, 
1, 1, 1, 1, 1, 1, 1, 1, 1, 1, 1, 1, 1, 1, 1, 1, 6.666, 7.801, 
8.733, 10.606, 11.283, 12.255, 12.505, 13.81, 15.051, 15.788, 
16.227), .Dim = c(11L, 40L), .Dimnames = list(NULL, c("Sampling", 
"PSO.cost", "PSO.gamma", "PSO.data.balancing", "PSO.feature.selection", 
"PSO.valid.acc", "PSO.test.acc", "PSO.train.time", "PSO.n.support.vectors", 
"PSO.index", "PSO.n.solutions", "PSO.generations", "PSO.n.evaluations", 
"PSO.cpu.time", "RS.cost", "RS.gamma", "RS.data.balancing", "RS.feature.selection", 
"RS.valid.acc", "RS.test.acc", "RS.train.time", "RS.n.support.vectors", 
"RS.index", "RS.n.solutions", "RS.generations", "RS.n.evaluations", 
"RS.cpu.time", "DF.cost", "DF.gamma", "DF.data.balancing", "DF.feature.selection", 
"DF.valid.acc", "DF.test.acc", "DF.train.time", "DF.n.support.vectors", 
"DF.index", "DF.n.solutions", "DF.generations", "DF.n.evaluations", 
"DF.cpu.time")))
