full <-
structure(c(50, 55, 60, 65, 70, 75, 80, 85, 90, 95, 100, 1.07184, 
1.34796, 1.8648, 1.43408, 5.6693, 10.0834, 2.02601, 1.95249, 
3.43405, 2.24891, 1.01854, -5.06032, -4.1972, -4.69467, -4.35628, 
-9.63434, -11.04169, -5.25392, -5.88991, -7.3482, -6.51245, -4.90648, 
0, 0, 0, 0, 0, 0, 0, 0, 0, 0, 0, 0, 0, 0, 0, 0, 0, 0, 0, 0, 0, 
0, 0.94853, 0.94817, 0.94455, 0.94517, 0.94284, 0.94769, 0.94701, 
0.94499, 0.94758, 0.94785, 0.94616, 0.94297, 0.94385, 0.94323, 
0.94211, 0.93832, 0.94083, 0.94405, 0.94172, 0.94538, 0.94492, 
0.94379, 0.4557, 0.9782, 0.8937, 1.087, 0.6885, 0.9065, 1.0968, 
1.0416, 0.9701, 1.04, 1.6398, 299.7, 529, 414.7, 534.8, 222.9, 
230.5, 378.3, 330.7, 289.3, 317.4, 554.9, 1040, 1169, 856, 2113, 
497, 1232, 413, 85, 110, 596, 715, 289, 267, 417, 1, 51, 56, 
153, 107, 147, 100, 131, 100, 100, 100, 100, 100, 100, 100, 100, 
100, 100, 100, 2500, 2500, 2500, 2500, 2500, 2500, 2500, 2500, 
2500, 2500, 2500, 22507.461, 31740.318, 31499.469, 35367.698, 
35056.69, 32935.985, 40350.588, 45337.679, 38579.417, 42816.182, 
62284.4950000001, 1.17911, 1.29868, 1.88899, 0.94378, 5.72761, 
9.81297, 2.94485, 1.74517, 3.05462, 0.96339, 1.17138, -4.98475, 
-4.1808, -4.58903, -5.57739, -9.56391, -10.91676, -6.31125, -5.78863, 
-6.94516, -5.00526, -5.09445, 0, 0, 0, 0, 0, 0, 0, 0, 0, 0, 0, 
0, 0, 0, 0, 0, 0, 0, 0, 0, 0, 0, 0.94773, 0.94817, 0.94322, 0.94395, 
0.94227, 0.94716, 0.94553, 0.94499, 0.94714, 0.94701, 0.94576, 
0.94298, 0.94385, 0.94191, 0.93906, 0.93775, 0.94136, 0.94503, 
0.94172, 0.94495, 0.94576, 0.9434, 0.4639, 0.9025, 0.9163, 0.6624, 
0.7014, 0.9397, 0.8524, 0.9736, 0.9956, 1.6588, 1.5466, 309.6, 
535.8, 442.5, 288.8, 222.5, 230.7, 290.1, 338.8, 295.6, 503.6, 
511, 2188, 1599, 1870, 2230, 95, 1165, 542, 2026, 1110, 841, 
1305, 1, 1, 1, 1, 1, 2, 5, 1, 4, 3, 1, 100, 100, 100, 100, 100, 
100, 100, 100, 100, 100, 100, 2500, 2500, 2500, 2500, 2500, 2500, 
2500, 2500, 2500, 2500, 2500, 26207.258, 36115.009, 47270.47, 
55555.577, 65927.435, 78088.243, 82629.841, 78291.7389999999, 
94405.535, 103209.375, 105740.259, 1, 1, 1, 1, 1, 1, 1, 1, 1, 
1, 1, 0.01389, 0.01389, 0.01389, 0.01389, 0.01389, 0.01389, 0.01389, 
0.01389, 0.01389, 0.01389, 0.01389, 0, 0, 0, 0, 0, 0, 0, 0, 0, 
0, 0, 0, 0, 0, 0, 0, 0, 0, 0, 0, 0, 0, 0.93193, 0.93377, 0.93202, 
0.93175, 0.93209, 0.93238, 0.93512, 0.93427, 0.93615, 0.937, 
0.93706, 0.93193, 0.93377, 0.93202, 0.93175, 0.93209, 0.93344, 
0.93414, 0.9352, 0.93748, 0.93659, 0.93706, 0.3278, 0.4393, 0.5545, 
0.621, 0.6927, 0.7861, 0.8773, 0.9014, 1.0222, 1.0919, 1.1179, 
196.6, 215.7, 244.2, 248.9, 262.6, 274.7, 296.1, 315.9, 317.3, 
332.6, 357, 1, 1, 1, 1, 1, 1, 1, 1, 1, 1, 1, 1, 1, 1, 1, 1, 1, 
1, 1, 1, 1, 1, 1, 1, 1, 1, 1, 1, 1, 1, 1, 1, 1, 1, 1, 1, 1, 1, 
1, 1, 1, 1, 1, 1, 6.227, 7.659, 9.13, 10.137, 10.589, 11.923, 
13.015, 12.781, 14.252, 15.032, 15.057), .Dim = c(11L, 40L), .Dimnames = list(
    NULL, c("Sampling", "PSO.cost", "PSO.gamma", "PSO.data.balancing", 
    "PSO.feature.selection", "PSO.valid.acc", "PSO.test.acc", 
    "PSO.train.time", "PSO.n.support.vectors", "PSO.index", "PSO.n.solutions", 
    "PSO.generations", "PSO.n.evaluations", "PSO.cpu.time", "RS.cost", 
    "RS.gamma", "RS.data.balancing", "RS.feature.selection", 
    "RS.valid.acc", "RS.test.acc", "RS.train.time", "RS.n.support.vectors", 
    "RS.index", "RS.n.solutions", "RS.generations", "RS.n.evaluations", 
    "RS.cpu.time", "DF.cost", "DF.gamma", "DF.data.balancing", 
    "DF.feature.selection", "DF.valid.acc", "DF.test.acc", "DF.train.time", 
    "DF.n.support.vectors", "DF.index", "DF.n.solutions", "DF.generations", 
    "DF.n.evaluations", "DF.cpu.time")))
