full <-
structure(c(50, 55, 60, 65, 70, 75, 80, 85, 90, 95, 100, 1.70039, 
0.47944, 4.58433, 0.15668, 0.81155, 1.43119, 2.1932, 1.31172, 
2.34393, 1.02828, 2.14656, -5.45563, -4.97568, -7.95156, -4.33352, 
-5.1669, -4.90465, -5.61987, -5.46364, -6.79884, -4.64022, -6.43474, 
0, 0, 0, 0, 0, 0, 0, 0, 0, 0, 0, 0, 0, 0, 0, 0, 0, 0, 0, 0, 0, 
0, 0.95171, 0.9453, 0.94786, 0.94272, 0.94341, 0.94876, 0.94849, 
0.94687, 0.94319, 0.94785, 0.94892, 0.95013, 0.94313, 0.94392, 
0.94211, 0.94058, 0.94349, 0.94502, 0.94406, 0.9423, 0.94494, 
0.94457, 0.4179, 0.6699, 0.4877, 1.1952, 0.9894, 1.1977, 0.9914, 
1.1449, 1.0814, 2.0058, 1.2243, 251.2, 346.8, 201.7, 558.8, 381.1, 
458, 343.1, 398, 308.4, 622.2, 338.4, 1572, 642, 298, 847, 1122, 
1671, 587, 614, 716, 2221, 1432, 220, 470, 32, 73, 163, 19, 227, 
261, 117, 2, 13, 100, 100, 100, 100, 100, 100, 100, 100, 100, 
100, 100, 2500, 2500, 2500, 2500, 2500, 2500, 2500, 2500, 2500, 
2500, 2500, 19014.538, 25859.614, 23061.661, 34289.147, 40080.852, 
41383.151, 36965.754, 41475.0379999999, 45783.959, 59832.366, 
48278.373, 1.56907, 0.49773, 4.98075, 1.3972, 0.8475, 1.97273, 
1.93255, 1.53223, 2.44853, 0.97261, 1.4409, -5.04407, -4.96177, 
-8.3448, -6.46923, -4.20802, -5.10733, -5.68638, -5.99247, -6.62256, 
-4.56916, -5.23592, 0, 0, 0, 0, 0, 0, 0, 0, 0, 0, 0, 0, 0, 0, 
0, 0, 0, 0, 0, 0, 0, 0, 0.95092, 0.94458, 0.9472, 0.94211, 0.94172, 
0.94718, 0.94701, 0.94593, 0.94274, 0.94702, 0.94734, 0.94775, 
0.94313, 0.94128, 0.93906, 0.94114, 0.94244, 0.94503, 0.94267, 
0.94186, 0.94493, 0.94219, 0.4533, 0.6457, 0.5149, 0.5979, 1.5508, 
1.0956, 0.9379, 1.0687, 1.0858, 2.0432, 1.6092, 300.2, 349.3, 
199, 239.5, 647.7, 402.7, 337.3, 334, 314.4, 648.7, 475.6, 1082, 
2105, 90, 2286, 144, 672, 2334, 1732, 786, 1618, 522, 1, 1, 2, 
3, 1, 2, 1, 1, 3, 1, 2, 100, 100, 100, 100, 100, 100, 100, 100, 
100, 100, 100, 2500, 2500, 2500, 2500, 2500, 2500, 2500, 2500, 
2500, 2500, 2500, 26223.98, 35567.399, 44610.363, 52024.644, 
62592.949, 70174.834, 71750.155, 88473.3690000001, 103363.456, 
100442.96, 108574.733, 1, 1, 1, 1, 1, 1, 1, 1, 1, 1, 1, 0.01389, 
0.01389, 0.01389, 0.01389, 0.01389, 0.01389, 0.01389, 0.01389, 
0.01389, 0.01389, 0.01389, 0, 0, 0, 0, 0, 0, 0, 0, 0, 0, 0, 0, 
0, 0, 0, 0, 0, 0, 0, 0, 0, 0, 0.93825, 0.93378, 0.93399, 0.93358, 
0.93493, 0.9345, 0.93561, 0.93334, 0.93352, 0.93617, 0.93745, 
0.93825, 0.93378, 0.93333, 0.93358, 0.93493, 0.93503, 0.93562, 
0.93334, 0.93307, 0.93659, 0.93666, 0.3425, 0.4428, 0.5447, 0.6114, 
0.6975, 0.8032, 0.8315, 1.0184, 1.1556, 1.1773, 1.2097, 192.6, 
220.6, 233.6, 252.6, 270.7, 284.5, 298.7, 319.5, 337.3, 343.8, 
353.5, 1, 1, 1, 1, 1, 1, 1, 1, 1, 1, 1, 1, 1, 1, 1, 1, 1, 1, 
1, 1, 1, 1, 1, 1, 1, 1, 1, 1, 1, 1, 1, 1, 1, 1, 1, 1, 1, 1, 1, 
1, 1, 1, 1, 1, 6.787, 7.412, 8.82, 9.45, 10.175, 11.482, 11.918, 
14.004, 15.507, 15.478, 15.968), .Dim = c(11L, 40L), .Dimnames = list(
    NULL, c("Sampling", "PSO.cost", "PSO.gamma", "PSO.data.balancing", 
    "PSO.feature.selection", "PSO.valid.acc", "PSO.test.acc", 
    "PSO.train.time", "PSO.n.support.vectors", "PSO.index", "PSO.n.solutions", 
    "PSO.generations", "PSO.n.evaluations", "PSO.cpu.time", "RS.cost", 
    "RS.gamma", "RS.data.balancing", "RS.feature.selection", 
    "RS.valid.acc", "RS.test.acc", "RS.train.time", "RS.n.support.vectors", 
    "RS.index", "RS.n.solutions", "RS.generations", "RS.n.evaluations", 
    "RS.cpu.time", "DF.cost", "DF.gamma", "DF.data.balancing", 
    "DF.feature.selection", "DF.valid.acc", "DF.test.acc", "DF.train.time", 
    "DF.n.support.vectors", "DF.index", "DF.n.solutions", "DF.generations", 
    "DF.n.evaluations", "DF.cpu.time")))
