full <-
structure(c(50, 55, 60, 65, 70, 75, 80, 85, 90, 95, 100, 3.12063, 
0.80649, 1.47263, 1.66569, 2.01729, 1.6423, 1.43943, 1.5864, 
5.08988, 2.73486, 1.49659, -6.98604, -4.81062, -5.61147, -4.06126, 
-5.73402, -5.16613, -5.51027, -4.98164, -7.37426, -6.12136, -5.62048, 
0, 0, 0, 0, 0, 0, 0, 0, 0, 0, 0, 0, 0, 0, 0, 0, 0, 0, 0, 0, 0, 
0, 0.95249, 0.94817, 0.95116, 0.95248, 0.94908, 0.95299, 0.95294, 
0.95245, 0.95114, 0.9487, 0.95012, 0.94617, 0.94527, 0.94918, 
0.94822, 0.94681, 0.95246, 0.95096, 0.94871, 0.94762, 0.94661, 
0.94656, 0.3422, 0.7186, 0.643, 1.5578, 0.8497, 1.1073, 1.021, 
1.3429, 1.1584, 1.2853, 1.5858, 183.6, 391.7, 275.2, 665.1, 284.1, 
379.1, 348, 467.2, 278.2, 339.5, 412.6, 187, 1569, 2044, 1201, 
384, 944, 612, 1468, 493, 894, 1787, 493, 46, 1, 303, 410, 85, 
529, 119, 90, 100, 6, 100, 100, 100, 100, 100, 100, 100, 100, 
100, 100, 100, 2500, 2500, 2500, 2500, 2500, 2500, 2500, 2500, 
2500, 2500, 2500, 19375.087, 32005.955, 40810.917, 53776.021, 
44739.7439999999, 59180.854, 41640.376, 44658.465, 55128.3679999999, 
55515.3320000001, 62275.3899999999, 2.87679, 1.3372, 1.64384, 
1.58586, 2.23984, 0.95497, 1.26313, 1.63906, 4.91952, 3.09351, 
1.83358, -6.52273, -5.36901, -5.84611, -4.11342, -5.84255, -4.17683, 
-5.28778, -4.9886, -7.12282, -7.08312, -4.99484, 0, 0, 0, 0, 
0, 0, 0, 0, 0, 0, 0, 0, 0, 0, 0, 0, 0, 0, 0, 0, 0, 0, 0.95249, 
0.94673, 0.94985, 0.95065, 0.94795, 0.95247, 0.95245, 0.95151, 
0.95114, 0.94828, 0.94934, 0.94696, 0.94312, 0.9505, 0.94883, 
0.94624, 0.94929, 0.94997, 0.94918, 0.94674, 0.94827, 0.94656, 
0.3663, 0.5665, 0.6075, 1.4562, 0.7938, 1.7883, 1.0533, 1.4697, 
1.1907, 1.1668, 2.0825, 199.4, 297.7, 255, 644.5, 274.7, 673.3, 
379.5, 464.8, 285.4, 299.6, 525.8, 2342, 1028, 188, 1552, 1267, 
1150, 91, 564, 1329, 2016, 1441, 1, 3, 5, 2, 1, 1, 1, 4, 1, 1, 
1, 100, 100, 100, 100, 100, 100, 100, 100, 100, 100, 100, 2500, 
2500, 2500, 2500, 2500, 2500, 2500, 2500, 2500, 2500, 2500, 29373.279, 
40332.259, 46923.889, 53843.583, 70667.7059999999, 80601.292, 
72252.875, 98470.502, 124426.423, 122465.409, 137634.389, 1, 
1, 1, 1, 1, 1, 1, 1, 1, 1, 1, 0.01389, 0.01389, 0.01389, 0.01389, 
0.01389, 0.01389, 0.01389, 0.01389, 0.01389, 0.01389, 0.01389, 
0, 0, 0, 0, 0, 0, 0, 0, 0, 0, 0, 0, 0, 0, 0, 0, 0, 0, 0, 0, 0, 
0, 0.93745, 0.93665, 0.93928, 0.93785, 0.93945, 0.94136, 0.93908, 
0.94033, 0.93968, 0.93826, 0.93745, 0.93666, 0.93665, 0.93994, 
0.93785, 0.93945, 0.94136, 0.93908, 0.94033, 0.93924, 0.93826, 
0.93705, 0.3709, 0.5251, 0.5932, 0.6355, 0.7795, 0.9178, 0.8249, 
1.0797, 1.1644, 1.3217, 1.2882, 214, 224.9, 233.4, 256, 256.8, 
268.2, 286.7, 302.7, 319.5, 334.5, 355, 1, 1, 1, 1, 1, 1, 1, 
1, 1, 1, 1, 1, 1, 1, 1, 1, 1, 1, 1, 1, 1, 1, 1, 1, 1, 1, 1, 1, 
1, 1, 1, 1, 1, 1, 1, 1, 1, 1, 1, 1, 1, 1, 1, 1, 7.542, 9.658, 
10.641, 10.714, 12.372, 14.543, 11.749, 16.025, 16.872, 18.573, 
16.883), .Dim = c(11L, 40L), .Dimnames = list(NULL, c("Sampling", 
"PSO.cost", "PSO.gamma", "PSO.data.balancing", "PSO.feature.selection", 
"PSO.valid.acc", "PSO.test.acc", "PSO.train.time", "PSO.n.support.vectors", 
"PSO.index", "PSO.n.solutions", "PSO.generations", "PSO.n.evaluations", 
"PSO.cpu.time", "RS.cost", "RS.gamma", "RS.data.balancing", "RS.feature.selection", 
"RS.valid.acc", "RS.test.acc", "RS.train.time", "RS.n.support.vectors", 
"RS.index", "RS.n.solutions", "RS.generations", "RS.n.evaluations", 
"RS.cpu.time", "DF.cost", "DF.gamma", "DF.data.balancing", "DF.feature.selection", 
"DF.valid.acc", "DF.test.acc", "DF.train.time", "DF.n.support.vectors", 
"DF.index", "DF.n.solutions", "DF.generations", "DF.n.evaluations", 
"DF.cpu.time")))
