full <-
structure(c(50, 55, 60, 65, 70, 75, 80, 85, 90, 95, 100, 3.95094, 
2.57284, 3.60665, 5.24614, 3.03477, 4.96573, 1.69575, 1.64011, 
1.82083, 1.85709, 1.7608, -8.05174, -6.74075, -7.5394, -8.70843, 
-6.96376, -8.97709, -5.10529, -5.20853, -6.01636, -6.58096, -6.20307, 
0, 0, 0, 0, 0, 0, 0, 0, 0, 0, 0, 0, 0, 0, 0, 0, 0, 0, 0, 0, 0, 
0, 0.94538, 0.95035, 0.94787, 0.95124, 0.94681, 0.95245, 0.95196, 
0.9506, 0.94892, 0.94535, 0.94734, 0.94222, 0.94387, 0.94985, 
0.94576, 0.94566, 0.94717, 0.94454, 0.94734, 0.94583, 0.94451, 
0.94537, 0.3236, 0.4415, 0.4796, 0.543, 0.7333, 0.7437, 1.2876, 
1.2847, 1.0954, 1.0826, 1.1633, 171.6, 205.4, 193.7, 194, 245.5, 
224.4, 449.7, 441.7, 352.8, 325.6, 351.4, 690, 1391, 729, 693, 
33, 1088, 760, 1169, 820, 314, 698, 136, 57, 14, 35, 293, 207, 
532, 17, 467, 78, 151, 100, 100, 100, 100, 100, 100, 100, 100, 
100, 100, 100, 2500, 2500, 2500, 2500, 2500, 2500, 2500, 2500, 
2500, 2500, 2500, 16142.862, 21073.14, 24165.574, 27328.404, 
35200.249, 32472.233, 44603.357, 45341.2050000001, 40917.688, 
50918.279, 46072.6330000001, 4.36419, 3.33854, 3.15077, 5.5478, 
1.5868, 5.0057, 1.91963, 1.15313, 2.33365, 1.8059, 1.9813, -8.33784, 
-7.33676, -7.54365, -9.02125, -5.96739, -9.04814, -5.21033, -5.38794, 
-6.4329, -6.55485, -6.3305, 0, 0, 0, 0, 0, 0, 0, 0, 0, 0, 0, 
0, 0, 0, 0, 0, 0, 0, 0, 0, 0, 0, 0.94538, 0.94963, 0.94721, 0.95065, 
0.9468, 0.95193, 0.95146, 0.94967, 0.94716, 0.94535, 0.94694, 
0.94222, 0.94531, 0.94654, 0.94759, 0.94567, 0.94665, 0.94404, 
0.94593, 0.94804, 0.94451, 0.94616, 0.3167, 0.4101, 0.464, 0.5309, 
0.8275, 0.7213, 1.2203, 1.1081, 1.0382, 1.0961, 1.2856, 169.2, 
189.9, 191.7, 191.3, 298.3, 223.4, 423.4, 415.4, 323.3, 326.5, 
344.9, 650, 472, 1047, 1091, 715, 2415, 669, 2117, 67, 303, 336, 
1, 2, 1, 3, 1, 1, 1, 2, 1, 2, 1, 100, 100, 100, 100, 100, 100, 
100, 100, 100, 100, 100, 2500, 2500, 2500, 2500, 2500, 2500, 
2500, 2500, 2500, 2500, 2500, 26344.166, 38967.129, 46818.651, 
56074.266, 71427.57, 77492.516, 83385.22, 80211.3369999999, 92742.074, 
105233.568, 108076.797, 1, 1, 1, 1, 1, 1, 1, 1, 1, 1, 1, 0.01389, 
0.01389, 0.01389, 0.01389, 0.01389, 0.01389, 0.01389, 0.01389, 
0.01389, 0.01389, 0.01389, 0, 0, 0, 0, 0, 0, 0, 0, 0, 0, 0, 0, 
0, 0, 0, 0, 0, 0, 0, 0, 0, 0, 0.9335, 0.93665, 0.93994, 0.94151, 
0.93662, 0.93873, 0.9376, 0.93707, 0.93835, 0.93533, 0.93705, 
0.9335, 0.93665, 0.93994, 0.94151, 0.93662, 0.93873, 0.93809, 
0.9366, 0.9366, 0.93575, 0.93745, 0.365, 0.5077, 0.5334, 0.5898, 
0.7761, 0.8376, 0.9083, 0.9105, 1.1238, 1.1751, 1.1134, 222.5, 
235.7, 239.8, 252, 280.5, 288.4, 305.9, 320.4, 333.8, 348.7, 
355, 1, 1, 1, 1, 1, 1, 1, 1, 1, 1, 1, 1, 1, 1, 1, 1, 1, 1, 1, 
1, 1, 1, 1, 1, 1, 1, 1, 1, 1, 1, 1, 1, 1, 1, 1, 1, 1, 1, 1, 1, 
1, 1, 1, 1, 6.691, 8.659, 8.815, 9.856, 12.076, 12.809, 13.589, 
12.927, 15.539, 16.02, 14.991), .Dim = c(11L, 40L), .Dimnames = list(
    NULL, c("Sampling", "PSO.cost", "PSO.gamma", "PSO.data.balancing", 
    "PSO.feature.selection", "PSO.valid.acc", "PSO.test.acc", 
    "PSO.train.time", "PSO.n.support.vectors", "PSO.index", "PSO.n.solutions", 
    "PSO.generations", "PSO.n.evaluations", "PSO.cpu.time", "RS.cost", 
    "RS.gamma", "RS.data.balancing", "RS.feature.selection", 
    "RS.valid.acc", "RS.test.acc", "RS.train.time", "RS.n.support.vectors", 
    "RS.index", "RS.n.solutions", "RS.generations", "RS.n.evaluations", 
    "RS.cpu.time", "DF.cost", "DF.gamma", "DF.data.balancing", 
    "DF.feature.selection", "DF.valid.acc", "DF.test.acc", "DF.train.time", 
    "DF.n.support.vectors", "DF.index", "DF.n.solutions", "DF.generations", 
    "DF.n.evaluations", "DF.cpu.time")))
