full <-
structure(c(50, 55, 60, 65, 70, 75, 80, 85, 90, 95, 100, 1.3618, 
1.73205, 1.55166, 1.7911, 1.51608, 1.59791, 1.49024, 1.57958, 
1.08171, 1.48764, 1.31543, -5.30445, -5.53952, -5.87612, -5.10066, 
-4.93742, -5.74812, -5.27049, -5.4685, -5.847, -5.89776, -5.40226, 
0, 0, 0, 0, 0, 0, 0, 0, 0, 0, 0, 0, 0, 0, 0, 0, 0, 0, 0, 0, 0, 
0, 0.95012, 0.95321, 0.95051, 0.95249, 0.94962, 0.94823, 0.94602, 
0.94965, 0.94627, 0.94744, 0.94893, 0.94459, 0.95105, 0.94721, 
0.95003, 0.94396, 0.9456, 0.94453, 0.94639, 0.94451, 0.94534, 
0.94815, 0.3933, 0.4244, 0.4785, 0.6397, 0.9511, 0.7729, 0.9982, 
1.0793, 1.1229, 1.129, 1.4265, 237.9, 225.5, 230.4, 314.2, 397.5, 
313, 398.7, 369.3, 364.4, 367.3, 443.5, 503, 728, 859, 2311, 
929, 1300, 688, 431, 1631, 411, 397, 347, 95, 97, 1, 318, 67, 
339, 302, 38, 389, 565, 100, 100, 100, 100, 100, 100, 100, 100, 
100, 100, 100, 2500, 2500, 2500, 2500, 2500, 2500, 2500, 2500, 
2500, 2500, 2500, 18469.623, 19871.855, 21885.198, 27110.612, 
36350.151, 32024.964, 35868.478, 42162.2709999999, 40792.0199999999, 
42474.986, 50600.1409999999, 1.07865, 1.20015, 1.51596, 1.42004, 
1.3767, 0.96945, 1.48667, 2.20318, 2.63782, 1.86921, 1.16216, 
-4.8871, -4.6796, -5.72491, -4.33052, -4.78079, -4.8989, -5.13255, 
-6.15325, -7.30597, -6.38445, -5.38662, 0, 0, 0, 0, 0, 0, 0, 
0, 0, 0, 0, 0, 0, 0, 0, 0, 0, 0, 0, 0, 0, 0, 0.94855, 0.95106, 
0.94919, 0.94944, 0.94849, 0.94666, 0.94552, 0.94825, 0.94583, 
0.94577, 0.94814, 0.94617, 0.9489, 0.94588, 0.94942, 0.94509, 
0.94402, 0.94404, 0.94545, 0.94407, 0.94451, 0.94894, 0.4809, 
0.6447, 0.4793, 1.0098, 1.0368, 1.017, 1.0874, 0.9739, 0.9725, 
1.1269, 1.4475, 304.5, 362.5, 238, 524.3, 432.6, 445.4, 422.3, 
311.7, 298.5, 334.5, 446.4, 1107, 2229, 1229, 1728, 1078, 1874, 
1971, 1281, 740, 896, 1863, 1, 1, 1, 1, 1, 1, 1, 1, 1, 3, 2, 
100, 100, 100, 100, 100, 100, 100, 100, 100, 100, 100, 2500, 
2500, 2500, 2500, 2500, 2500, 2500, 2500, 2500, 2500, 2500, 26069.129, 
31755.617, 37482.531, 41524.892, 56496.636, 56124.225, 63211.729, 
89657.101, 87223.8369999999, 92187.249, 99385.532, 1, 1, 1, 1, 
1, 1, 1, 1, 1, 1, 1, 0.01389, 0.01389, 0.01389, 0.01389, 0.01389, 
0.01389, 0.01389, 0.01389, 0.01389, 0.01389, 0.01389, 0, 0, 0, 
0, 0, 0, 0, 0, 0, 0, 0, 0, 0, 0, 0, 0, 0, 0, 0, 0, 0, 0, 0.94143, 
0.94025, 0.93862, 0.9409, 0.93718, 0.93714, 0.93611, 0.9366, 
0.93439, 0.93659, 0.93705, 0.94143, 0.94025, 0.93862, 0.9409, 
0.93718, 0.93714, 0.93561, 0.9366, 0.93395, 0.93617, 0.93745, 
0.3285, 0.4021, 0.4719, 0.5127, 0.6573, 0.6896, 0.8438, 0.9697, 
1.0773, 1.0927, 1.3394, 184.2, 202.4, 221, 233, 256, 279, 303.3, 
309.6, 337.3, 345.2, 354.3, 1, 1, 1, 1, 1, 1, 1, 1, 1, 1, 1, 
1, 1, 1, 1, 1, 1, 1, 1, 1, 1, 1, 1, 1, 1, 1, 1, 1, 1, 1, 1, 1, 
1, 1, 1, 1, 1, 1, 1, 1, 1, 1, 1, 1, 6.183, 6.815, 7.767, 8.178, 
9.758, 10.076, 11.848, 13.162, 14.288, 14.398, 18.054), .Dim = c(11L, 
40L), .Dimnames = list(NULL, c("Sampling", "PSO.cost", "PSO.gamma", 
"PSO.data.balancing", "PSO.feature.selection", "PSO.valid.acc", 
"PSO.test.acc", "PSO.train.time", "PSO.n.support.vectors", "PSO.index", 
"PSO.n.solutions", "PSO.generations", "PSO.n.evaluations", "PSO.cpu.time", 
"RS.cost", "RS.gamma", "RS.data.balancing", "RS.feature.selection", 
"RS.valid.acc", "RS.test.acc", "RS.train.time", "RS.n.support.vectors", 
"RS.index", "RS.n.solutions", "RS.generations", "RS.n.evaluations", 
"RS.cpu.time", "DF.cost", "DF.gamma", "DF.data.balancing", "DF.feature.selection", 
"DF.valid.acc", "DF.test.acc", "DF.train.time", "DF.n.support.vectors", 
"DF.index", "DF.n.solutions", "DF.generations", "DF.n.evaluations", 
"DF.cpu.time")))
