full <-
structure(c(50, 55, 60, 65, 70, 75, 80, 85, 90, 95, 100, 2.54451, 
2.56615, 4.83056, 3.30971, 2.66401, 1.89584, 1.45351, 2.67902, 
1.21405, 0.80009, 1.92976, -6.98232, -6.07733, -5.35541, -7.53919, 
-6.48675, -6.13864, -5.46674, -6.79449, -5.75111, -5.46414, -4.76864, 
0, 0, 0, 0, 0, 0, 0, 0, 0, 0, 0, 0, 0, 0, 0, 0, 0, 0, 0, 0, 0, 
0, 0.95487, 0.95467, 0.9571, 0.95247, 0.95305, 0.95193, 0.95346, 
0.94964, 0.94717, 0.94702, 0.94616, 0.95013, 0.95249, 0.94724, 
0.94943, 0.95021, 0.95087, 0.9505, 0.94637, 0.94453, 0.94577, 
0.94299, 0.3029, 0.4518, 0.578, 0.6081, 0.7614, 0.9097, 1.1303, 
1.0383, 1.2989, 1.5397, 1.9544, 163.5, 192.2, 232.3, 202, 239.9, 
271.4, 350.3, 274.5, 360.9, 412.5, 584.7, 152, 1361, 1595, 628, 
1128, 560, 1141, 618, 829, 1045, 1204, 378, 64, 60, 45, 206, 
355, 25, 58, 95, 169, 123, 100, 100, 100, 100, 100, 100, 100, 
100, 100, 100, 100, 2500, 2500, 2500, 2500, 2500, 2500, 2500, 
2500, 2500, 2500, 2500, 17456.151, 24251.225, 27971.23, 27656.012, 
32901.5649999999, 38066.706, 45737.499, 45439.524, 51903.699, 
62745.3060000001, 64019.497, 2.28647, 1.87068, 4.72695, 6.53136, 
2.22881, 2.43105, 1.67829, 2.71927, 0.83733, 0.4283, 1.79646, 
-6.8574, -6.0553, -5.35066, -10.04079, -5.98545, -6.64213, -5.57361, 
-6.9459, -5.41701, -4.7725, -4.66301, 0, 0, 0, 0, 0, 0, 0, 0, 
0, 0, 0, 0, 0, 0, 0, 0, 0, 0, 0, 0, 0, 0, 0.95409, 0.95394, 0.95645, 
0.95185, 0.95248, 0.94981, 0.95297, 0.94917, 0.94629, 0.94619, 
0.94536, 0.95092, 0.95391, 0.94724, 0.95307, 0.94964, 0.94876, 
0.95, 0.94544, 0.94453, 0.94327, 0.94259, 0.3195, 0.4831, 0.5357, 
0.6353, 0.8435, 0.804, 1.0693, 1.037, 1.444, 1.964, 2.1733, 166.6, 
195.1, 233.7, 184, 265.8, 250.8, 335.5, 270.6, 400, 564.4, 620, 
554, 74, 1043, 853, 2315, 2312, 1957, 261, 1739, 469, 1590, 1, 
2, 1, 2, 1, 1, 3, 5, 2, 3, 1, 100, 100, 100, 100, 100, 100, 100, 
100, 100, 100, 100, 2500, 2500, 2500, 2500, 2500, 2500, 2500, 
2500, 2500, 2500, 2500, 28066.867, 45308.421, 48678.299, 71957.55, 
87540.86, 96201.811, 90484.383, 116510.705, 118877.924, 117468.456, 
119116.074, 1, 1, 1, 1, 1, 1, 1, 1, 1, 1, 1, 0.01389, 0.01389, 
0.01389, 0.01389, 0.01389, 0.01389, 0.01389, 0.01389, 0.01389, 
0.01389, 0.01389, 0, 0, 0, 0, 0, 0, 0, 0, 0, 0, 0, 0, 0, 0, 0, 
0, 0, 0, 0, 0, 0, 0, 0.93983, 0.94242, 0.94192, 0.93967, 0.93718, 
0.9382, 0.93859, 0.93847, 0.93659, 0.93659, 0.93745, 0.93904, 
0.94027, 0.94192, 0.93967, 0.93945, 0.93714, 0.93761, 0.93893, 
0.93704, 0.93659, 0.93706, 0.3389, 0.4858, 0.5071, 0.7136, 0.8037, 
0.8999, 0.7432, 1.1103, 1.2244, 1.1684, 1.3997, 187.8, 196.3, 
212.6, 239.1, 257.9, 275.6, 286, 299.4, 326.2, 339.9, 352.4, 
1, 1, 1, 1, 1, 1, 1, 1, 1, 1, 1, 1, 1, 1, 1, 1, 1, 1, 1, 1, 1, 
1, 1, 1, 1, 1, 1, 1, 1, 1, 1, 1, 1, 1, 1, 1, 1, 1, 1, 1, 1, 1, 
1, 1, 7.238, 9.014, 9.305, 11.919, 12.661, 13.611, 10.685, 15.974, 
17.391, 15.435, 19.404), .Dim = c(11L, 40L), .Dimnames = list(
    NULL, c("Sampling", "PSO.cost", "PSO.gamma", "PSO.data.balancing", 
    "PSO.feature.selection", "PSO.valid.acc", "PSO.test.acc", 
    "PSO.train.time", "PSO.n.support.vectors", "PSO.index", "PSO.n.solutions", 
    "PSO.generations", "PSO.n.evaluations", "PSO.cpu.time", "RS.cost", 
    "RS.gamma", "RS.data.balancing", "RS.feature.selection", 
    "RS.valid.acc", "RS.test.acc", "RS.train.time", "RS.n.support.vectors", 
    "RS.index", "RS.n.solutions", "RS.generations", "RS.n.evaluations", 
    "RS.cpu.time", "DF.cost", "DF.gamma", "DF.data.balancing", 
    "DF.feature.selection", "DF.valid.acc", "DF.test.acc", "DF.train.time", 
    "DF.n.support.vectors", "DF.index", "DF.n.solutions", "DF.generations", 
    "DF.n.evaluations", "DF.cpu.time")))
