full <-
structure(c(50, 55, 60, 65, 70, 75, 80, 85, 90, 95, 100, 0.71635, 
1.28219, 1.27609, 1.95678, 2.81672, 12.98635, 6.61709, 2.98573, 
2.33436, 1.31813, 1.81421, -4.40162, -5.63138, -5.4227, -5.89712, 
-7.01644, -13.40203, -10.17538, -7.33339, -7.05762, -5.47739, 
-5.26756, 0, 0, 0, 0, 0, 0, 0, 0, 0, 0, 0, 0, 0, 0, 0, 0, 0, 
0, 0, 0, 0, 0, 0.93903, 0.94169, 0.94193, 0.9464, 0.94396, 0.94295, 
0.94503, 0.94593, 0.94584, 0.94952, 0.94814, 0.93666, 0.9381, 
0.93862, 0.94151, 0.94058, 0.93661, 0.94106, 0.945, 0.94408, 
0.94577, 0.94616, 0.6494, 0.5333, 0.6494, 0.699, 0.7338, 1.0352, 
0.8211, 0.9371, 1.0504, 1.3646, 1.71, 466.6, 278.1, 311.4, 279.7, 
249.6, 231.9, 245.5, 283.1, 297.3, 418.7, 468.5, 739, 956, 1946, 
863, 509, 251, 382, 1578, 741, 703, 620, 218, 91, 5, 174, 47, 
299, 450, 31, 194, 146, 557, 100, 100, 100, 100, 100, 100, 100, 
100, 100, 100, 100, 2500, 2500, 2500, 2500, 2500, 2500, 2500, 
2500, 2500, 2500, 2500, 25100.067, 26678.202, 27805.279, 31674.402, 
34870.835, 34056.1, 31516.504, 41680.713, 43408.811, 45325.95, 
66223.2249999999, 0.3341, 1.22112, 1.2811, 1.97719, 2.41985, 
12.59859, 5.55826, 1.27673, 2.73047, 1.58719, 1.89318, -4.7414, 
-5.42586, -5.61635, -5.91429, -6.15123, -13.13885, -8.61057, 
-4.86097, -7.38602, -5.80802, -5.12747, 0, 0, 0, 0, 0, 0, 0, 
0, 0, 0, 0, 0, 0, 0, 0, 0, 0, 0, 0, 0, 0, 0, 0.93824, 0.94096, 
0.93995, 0.9464, 0.9434, 0.94295, 0.94453, 0.94499, 0.9454, 0.94869, 
0.94656, 0.93509, 0.93881, 0.93862, 0.94151, 0.94057, 0.93608, 
0.94403, 0.94638, 0.94452, 0.9466, 0.94379, 0.5362, 0.6093, 0.5996, 
0.6464, 0.8038, 1.0185, 0.7755, 1.5317, 0.9696, 1.1843, 1.7887, 
380.8, 302.2, 291.1, 277.8, 286.5, 233, 258.1, 525.2, 291.1, 
374, 491.6, 1348, 2373, 773, 1050, 794, 1801, 2033, 380, 2244, 
2062, 1629, 1, 1, 2, 1, 1, 3, 3, 1, 3, 1, 1, 100, 100, 100, 100, 
100, 100, 100, 100, 100, 100, 100, 2500, 2500, 2500, 2500, 2500, 
2500, 2500, 2500, 2500, 2500, 2500, 26308.671, 39247.095, 45000.837, 
49716.906, 70871.701, 71485.662, 71315.649, 89282.623, 98840.502, 
97715.61, 125324.678, 1, 1, 1, 1, 1, 1, 1, 1, 1, 1, 1, 0.01389, 
0.01389, 0.01389, 0.01389, 0.01389, 0.01389, 0.01389, 0.01389, 
0.01389, 0.01389, 0.01389, 0, 0, 0, 0, 0, 0, 0, 0, 0, 0, 0, 0, 
0, 0, 0, 0, 0, 0, 0, 0, 0, 0, 0.93271, 0.93234, 0.93268, 0.93663, 
0.93549, 0.93398, 0.93413, 0.93427, 0.93616, 0.93826, 0.93784, 
0.93271, 0.93234, 0.93268, 0.93663, 0.93549, 0.93345, 0.93413, 
0.93334, 0.9366, 0.93826, 0.93824, 0.3791, 0.5138, 0.5895, 0.6067, 
0.7638, 0.7999, 0.8467, 1.0398, 1.1112, 1.1295, 1.3839, 227.4, 
245.4, 254.1, 263.2, 281, 297.3, 306.8, 329.8, 337.6, 339.4, 
354.8, 1, 1, 1, 1, 1, 1, 1, 1, 1, 1, 1, 1, 1, 1, 1, 1, 1, 1, 
1, 1, 1, 1, 1, 1, 1, 1, 1, 1, 1, 1, 1, 1, 1, 1, 1, 1, 1, 1, 1, 
1, 1, 1, 1, 1, 6.737, 8.961, 10.099, 9.309, 10.892, 11.33, 11.827, 
14.003, 14.755, 14.887, 18.804), .Dim = c(11L, 40L), .Dimnames = list(
    NULL, c("Sampling", "PSO.cost", "PSO.gamma", "PSO.data.balancing", 
    "PSO.feature.selection", "PSO.valid.acc", "PSO.test.acc", 
    "PSO.train.time", "PSO.n.support.vectors", "PSO.index", "PSO.n.solutions", 
    "PSO.generations", "PSO.n.evaluations", "PSO.cpu.time", "RS.cost", 
    "RS.gamma", "RS.data.balancing", "RS.feature.selection", 
    "RS.valid.acc", "RS.test.acc", "RS.train.time", "RS.n.support.vectors", 
    "RS.index", "RS.n.solutions", "RS.generations", "RS.n.evaluations", 
    "RS.cpu.time", "DF.cost", "DF.gamma", "DF.data.balancing", 
    "DF.feature.selection", "DF.valid.acc", "DF.test.acc", "DF.train.time", 
    "DF.n.support.vectors", "DF.index", "DF.n.solutions", "DF.generations", 
    "DF.n.evaluations", "DF.cpu.time")))
