full <-
structure(c(50, 55, 60, 65, 70, 75, 80, 85, 90, 95, 100, 1.87809, 
1.71987, 1.7389, 2.11033, 4.26725, 1.62155, 2.23642, 1.43725, 
2.14115, 1.453, 1.17565, -5.79545, -5.83882, -5.53513, -5.95087, 
-7.87209, -5.85937, -5.15763, -5.87017, -6.1935, -5.76949, -5.65628, 
0, 0, 0, 0, 0, 0, 0, 0, 0, 0, 0, 0, 0, 0, 0, 0, 0, 0, 0, 0, 0, 
0, 0.95092, 0.94744, 0.94918, 0.9482, 0.94679, 0.94559, 0.94304, 
0.94779, 0.94716, 0.94619, 0.94734, 0.94775, 0.94528, 0.9439, 
0.94211, 0.94057, 0.94242, 0.93858, 0.94592, 0.94496, 0.94535, 
0.94575, 0.3779, 0.5022, 0.5937, 0.6615, 0.6758, 0.8347, 1.119, 
1.0373, 1.1153, 1.306, 1.3857, 223.1, 243.2, 278.6, 248.9, 224.3, 
287.2, 383.4, 336.6, 322.5, 377, 407, 981, 505, 580, 409, 1266, 
1141, 587, 1786, 377, 541, 378, 142, 304, 118, 113, 117, 31, 
56, 12, 287, 380, 367, 100, 100, 100, 100, 100, 100, 100, 100, 
100, 100, 100, 2500, 2500, 2500, 2500, 2500, 2500, 2500, 2500, 
2500, 2500, 2500, 20467.379, 21779.834, 27144.714, 29312.437, 
34555.195, 41448.808, 42127.435, 38976.847, 45765.774, 48234.316, 
54209.2919999999, 0.87119, 1.69108, 1.81076, 1.95281, 4.59674, 
1.63945, 4.30977, 1.11494, 2.31075, 2.05684, 2.61612, -4.50327, 
-5.86082, -5.49492, -5.45687, -8.0938, -5.89455, -8.09004, -5.76563, 
-6.45951, -5.83595, -7.47477, 0, 0, 0, 0, 0, 0, 0, 0, 0, 0, 0, 
0, 0, 0, 0, 0, 0, 0, 0, 0, 0, 0, 0.95012, 0.94672, 0.94851, 0.94636, 
0.94566, 0.94559, 0.94304, 0.94732, 0.94672, 0.94577, 0.94615, 
0.94537, 0.94457, 0.9439, 0.94393, 0.94057, 0.94242, 0.94007, 
0.94546, 0.94408, 0.94535, 0.94576, 0.5954, 0.5142, 0.6141, 0.8013, 
0.6727, 0.8197, 0.7658, 1.0985, 1.0974, 1.342, 1.1555, 404.4, 
241.8, 283, 294.4, 222.1, 284.4, 246.5, 348.8, 310.2, 371.4, 
308.7, 153, 2395, 2278, 317, 1884, 154, 1359, 1090, 609, 797, 
1728, 2, 1, 1, 2, 2, 1, 1, 2, 4, 1, 3, 100, 100, 100, 100, 100, 
100, 100, 100, 100, 100, 100, 2500, 2500, 2500, 2500, 2500, 2500, 
2500, 2500, 2500, 2500, 2500, 26711.967, 37775.784, 43354.033, 
60109.83, 64437.022, 70748.423, 72092.692, 83712.585, 98956.4299999999, 
112686.378, 106324.244, 1, 1, 1, 1, 1, 1, 1, 1, 1, 1, 1, 0.01389, 
0.01389, 0.01389, 0.01389, 0.01389, 0.01389, 0.01389, 0.01389, 
0.01389, 0.01389, 0.01389, 0, 0, 0, 0, 0, 0, 0, 0, 0, 0, 0, 0, 
0, 0, 0, 0, 0, 0, 0, 0, 0, 0, 0.94143, 0.9381, 0.93862, 0.94029, 
0.93832, 0.93767, 0.9376, 0.9366, 0.93835, 0.93659, 0.93745, 
0.94143, 0.9381, 0.93862, 0.94029, 0.93832, 0.93767, 0.9376, 
0.93753, 0.93791, 0.937, 0.93745, 0.3347, 0.461, 0.4932, 0.6298, 
0.7354, 0.7855, 0.8515, 0.9935, 1.1079, 1.2078, 1.2421, 198.9, 
221.6, 228.1, 233.1, 258.3, 266.6, 290.4, 313.3, 325.6, 342.7, 
352.5, 1, 1, 1, 1, 1, 1, 1, 1, 1, 1, 1, 1, 1, 1, 1, 1, 1, 1, 
1, 1, 1, 1, 1, 1, 1, 1, 1, 1, 1, 1, 1, 1, 1, 1, 1, 1, 1, 1, 1, 
1, 1, 1, 1, 1, 6.421, 7.891, 8.034, 9.636, 11, 11.263, 12.156, 
13.732, 14.927, 15.865, 16.351), .Dim = c(11L, 40L), .Dimnames = list(
    NULL, c("Sampling", "PSO.cost", "PSO.gamma", "PSO.data.balancing", 
    "PSO.feature.selection", "PSO.valid.acc", "PSO.test.acc", 
    "PSO.train.time", "PSO.n.support.vectors", "PSO.index", "PSO.n.solutions", 
    "PSO.generations", "PSO.n.evaluations", "PSO.cpu.time", "RS.cost", 
    "RS.gamma", "RS.data.balancing", "RS.feature.selection", 
    "RS.valid.acc", "RS.test.acc", "RS.train.time", "RS.n.support.vectors", 
    "RS.index", "RS.n.solutions", "RS.generations", "RS.n.evaluations", 
    "RS.cpu.time", "DF.cost", "DF.gamma", "DF.data.balancing", 
    "DF.feature.selection", "DF.valid.acc", "DF.test.acc", "DF.train.time", 
    "DF.n.support.vectors", "DF.index", "DF.n.solutions", "DF.generations", 
    "DF.n.evaluations", "DF.cpu.time")))
