full <-
structure(c(50, 55, 60, 65, 70, 75, 80, 85, 90, 95, 100, 1.34116, 
2.23913, 1.21011, 2.51392, 2.22569, 1.33324, 3.47612, 1.3552, 
2.02643, 1.76473, 2.47622, -2.45891, -2.59422, -2.9451, -2.65523, 
-3.47718, -2.02608, -2.79855, -2.32939, -2.95301, -2.64944, -2.16823, 
0, 0, 0, 0, 0, 0, 0, 0, 0, 0, 0, 0, 0, 0, 0, 0, 0, 0, 0, 0, 0, 
0, 0.9133, 0.91422, 0.91955, 0.91984, 0.9191, 0.91936, 0.91957, 
0.92269, 0.92193, 0.92236, 0.92864, 0.90842, 0.91166, 0.91778, 
0.91982, 0.91511, 0.91657, 0.91083, 0.92187, 0.91804, 0.92124, 
0.9234, 0.6297, 0.7202, 0.7425, 0.9265, 0.859, 1.3849, 1.2002, 
1.576, 1.4341, 1.6889, 2.1254, 551.7, 570.5, 567.1, 644.6, 586.2, 
838.1, 746.1, 858.5, 778.7, 863.6, 1009.4, 487, 560, 692, 1080, 
601, 2207, 1026, 864, 684, 638, 694, 176, 90, 79, 66, 238, 33, 
219, 249, 392, 461, 531, 100, 100, 100, 100, 100, 100, 100, 100, 
100, 100, 100, 2500, 2500, 2500, 2500, 2500, 2500, 2500, 2500, 
2500, 2500, 2500, 28589.585, 32279.178, 31307.17, 36220.259, 
38093.047, 47291.535, 43655.486, 55962.606, 51333.115, 60089.5310000001, 
66140.1479999999, 1.41225, 2.55392, 1.11462, 2.55375, 1.84807, 
1.83406, 3.46903, 1.43432, 2.36463, 1.73619, 2.09365, -2.51592, 
-2.71104, -2.82901, -2.81797, -3.17414, -2.75662, -2.87016, -2.31703, 
-3.01711, -2.55037, -2.05606, 0, 0, 0, 0, 0, 0, 0, 0, 0, 0, 0, 
0, 0, 0, 0, 0, 0, 0, 0, 0, 0, 0, 0.9119, 0.91295, 0.91781, 0.91876, 
0.9186, 0.91844, 0.91869, 0.92228, 0.92114, 0.92126, 0.92655, 
0.90772, 0.91166, 0.91662, 0.91768, 0.91559, 0.91703, 0.91126, 
0.92187, 0.91649, 0.92088, 0.922, 0.6071, 0.6788, 0.7775, 0.9, 
0.8834, 1.107, 1.2642, 1.5712, 1.4294, 1.8171, 2.2065, 543, 558.2, 
578.2, 623.3, 618.1, 713.4, 735, 860.6, 772.5, 881.6, 1029.2, 
263, 1856, 2369, 1562, 2197, 1118, 1913, 1211, 464, 1883, 841, 
1, 1, 1, 1, 1, 3, 1, 1, 1, 1, 1, 100, 100, 100, 100, 100, 100, 
100, 100, 100, 100, 100, 2500, 2500, 2500, 2500, 2500, 2500, 
2500, 2500, 2500, 2500, 2500, 32959.379, 34788.35, 39244.182, 
45311.261, 54091.134, 56179.793, 67835.1629999999, 69200.9489999999, 
80029.124, 89725.828, 81553.5699999998, 1, 1, 1, 1, 1, 1, 1, 
1, 1, 1, 1, 0.02778, 0.02778, 0.02778, 0.02778, 0.02778, 0.02778, 
0.02778, 0.02778, 0.02778, 0.02778, 0.02778, 0, 0, 0, 0, 0, 0, 
0, 0, 0, 0, 0, 0, 0, 0, 0, 0, 0, 0, 0, 0, 0, 0, 0.88949, 0.89199, 
0.89389, 0.89833, 0.90063, 0.8914, 0.89555, 0.89593, 0.90251, 
0.90174, 0.89822, 0.8888, 0.89391, 0.8974, 0.89778, 0.89263, 
0.89419, 0.89423, 0.89593, 0.89785, 0.90174, 0.89996, 0.4718, 
0.5146, 0.6284, 0.7097, 0.7891, 0.8601, 0.9698, 1.0804, 1.1812, 
1.2651, 1.3881, 454.1, 482, 521.7, 553.6, 589.4, 628.5, 661.8, 
686.9, 711.3, 743.2, 777.5, 1, 1, 1, 1, 1, 1, 1, 1, 1, 1, 1, 
1, 1, 1, 1, 1, 1, 1, 1, 1, 1, 1, 1, 1, 1, 1, 1, 1, 1, 1, 1, 1, 
1, 1, 1, 1, 1, 1, 1, 1, 1, 1, 1, 1, 10.248, 9.625, 10.89, 12.036, 
13.191, 13.983, 15.075, 16.009, 17.234, 16.634, 19.402), .Dim = c(11L, 
40L), .Dimnames = list(NULL, c("Sampling", "PSO.cost", "PSO.gamma", 
"PSO.data.balancing", "PSO.feature.selection", "PSO.valid.acc", 
"PSO.test.acc", "PSO.train.time", "PSO.n.support.vectors", "PSO.index", 
"PSO.n.solutions", "PSO.generations", "PSO.n.evaluations", "PSO.cpu.time", 
"RS.cost", "RS.gamma", "RS.data.balancing", "RS.feature.selection", 
"RS.valid.acc", "RS.test.acc", "RS.train.time", "RS.n.support.vectors", 
"RS.index", "RS.n.solutions", "RS.generations", "RS.n.evaluations", 
"RS.cpu.time", "DF.cost", "DF.gamma", "DF.data.balancing", "DF.feature.selection", 
"DF.valid.acc", "DF.test.acc", "DF.train.time", "DF.n.support.vectors", 
"DF.index", "DF.n.solutions", "DF.generations", "DF.n.evaluations", 
"DF.cpu.time")))
