full <-
structure(c(50, 55, 60, 65, 70, 75, 80, 85, 90, 95, 100, -0.17782, 
1.89286, 4.0172, 1.44346, 1.67449, 0.77661, 1.79707, 2.78661, 
1.84842, 1.36855, 0.86819, -2.53569, -1.89628, -4.47007, -1.34837, 
-2.15889, -2.25623, -1.65811, -2.5007, -2.59034, -2.15162, -2.31302, 
0, 0, 0, 0, 0, 0, 0, 0, 0, 0, 0, 0, 0, 0, 0, 0, 0, 0, 0, 0, 0, 
0, 0.90628, 0.90715, 0.90972, 0.91611, 0.91409, 0.91981, 0.91913, 
0.9239, 0.92272, 0.9275, 0.93005, 0.8965, 0.90587, 0.90387, 0.90911, 
0.91009, 0.91375, 0.9178, 0.91689, 0.92269, 0.92566, 0.92724, 
0.5474, 0.7876, 0.5214, 1.3313, 1.0824, 1.2149, 1.655, 1.3652, 
1.4072, 1.8165, 1.8727, 541.4, 676.7, 466.2, 883.4, 750.5, 778.7, 
945.1, 821.6, 829.6, 954.5, 963.3, 2161, 736, 846, 844, 1045, 
662, 1020, 1632, 982, 900, 979, 1, 62, 157, 110, 397, 410, 329, 
23, 38, 465, 108, 100, 100, 100, 100, 100, 100, 100, 100, 100, 
100, 100, 2500, 2500, 2500, 2500, 2500, 2500, 2500, 2500, 2500, 
2500, 2500, 23206.51, 27054.703, 23151.913, 40233.563, 36289.978, 
39658.632, 50261.992, 45810.9080000001, 48222.904, 56859.2170000001, 
59714.723, 0.67945, 2.65405, 4.16012, 1.52862, 1.72868, 0.88765, 
1.41914, 2.80733, 1.82559, 1.35018, 1.1646, -1.70431, -2.48088, 
-4.58501, -1.35278, -2.06217, -2.20111, -2.17558, -2.50346, -1.94607, 
-2.15673, -2.24653, 0, 0, 0, 0, 0, 0, 0, 0, 0, 0, 0, 0, 0, 0, 
0, 0, 0, 0, 0, 0, 0, 0, 0.90418, 0.90525, 0.90855, 0.9161, 0.91158, 
0.91887, 0.91782, 0.92307, 0.92155, 0.9275, 0.92935, 0.89721, 
0.90458, 0.90387, 0.90803, 0.90909, 0.91421, 0.91869, 0.91689, 
0.92037, 0.92566, 0.9269, 0.7133, 0.6832, 0.5225, 1.3162, 1.1167, 
1.2078, 1.3667, 1.322, 1.7194, 1.8078, 1.8775, 650.2, 596.5, 
460.6, 882.8, 767.7, 788.2, 832.5, 821.1, 967.8, 953.4, 980, 
1590, 1317, 554, 631, 399, 1332, 69, 2428, 784, 2288, 568, 1, 
1, 1, 1, 1, 1, 3, 1, 1, 1, 1, 100, 100, 100, 100, 100, 100, 100, 
100, 100, 100, 100, 2500, 2500, 2500, 2500, 2500, 2500, 2500, 
2500, 2500, 2500, 2500, 25509.264, 29180.762, 33422.671, 37122.889, 
42220.419, 48041.743, 51199.494, 58940.764, 64354.0950000001, 
68886.8, 73680.1939999999, 1, 1, 1, 1, 1, 1, 1, 1, 1, 1, 1, 0.02778, 
0.02778, 0.02778, 0.02778, 0.02778, 0.02778, 0.02778, 0.02778, 
0.02778, 0.02778, 0.02778, 0, 0, 0, 0, 0, 0, 0, 0, 0, 0, 0, 0, 
0, 0, 0, 0, 0, 0, 0, 0, 0, 0, 0.88315, 0.8862, 0.88874, 0.89243, 
0.88811, 0.89466, 0.89679, 0.89881, 0.89745, 0.90247, 0.90137, 
0.88527, 0.89, 0.89048, 0.89242, 0.89161, 0.89699, 0.89459, 0.8984, 
0.90093, 0.90136, 0.90102, 0.4088, 0.4956, 0.5585, 0.6427, 0.7178, 
0.7888, 0.8623, 0.9818, 1.0753, 1.1348, 1.2466, 456.9, 486.9, 
527.8, 560.7, 586.7, 619.2, 642.3, 685, 722.4, 746.4, 779.7, 
1, 1, 1, 1, 1, 1, 1, 1, 1, 1, 1, 1, 1, 1, 1, 1, 1, 1, 1, 1, 1, 
1, 1, 1, 1, 1, 1, 1, 1, 1, 1, 1, 1, 1, 1, 1, 1, 1, 1, 1, 1, 1, 
1, 1, 7.106, 8.42, 8.729, 10.078, 10.612, 11.521, 12.134, 13.597, 
14.676, 15.036, 16.387), .Dim = c(11L, 40L), .Dimnames = list(
    NULL, c("Sampling", "PSO.cost", "PSO.gamma", "PSO.data.balancing", 
    "PSO.feature.selection", "PSO.valid.acc", "PSO.test.acc", 
    "PSO.train.time", "PSO.n.support.vectors", "PSO.index", "PSO.n.solutions", 
    "PSO.generations", "PSO.n.evaluations", "PSO.cpu.time", "RS.cost", 
    "RS.gamma", "RS.data.balancing", "RS.feature.selection", 
    "RS.valid.acc", "RS.test.acc", "RS.train.time", "RS.n.support.vectors", 
    "RS.index", "RS.n.solutions", "RS.generations", "RS.n.evaluations", 
    "RS.cpu.time", "DF.cost", "DF.gamma", "DF.data.balancing", 
    "DF.feature.selection", "DF.valid.acc", "DF.test.acc", "DF.train.time", 
    "DF.n.support.vectors", "DF.index", "DF.n.solutions", "DF.generations", 
    "DF.n.evaluations", "DF.cpu.time")))
