full <-
structure(c(50, 55, 60, 65, 70, 75, 80, 85, 90, 95, 100, 1.7823, 
1.53523, 2.38215, 2.74105, 1.39763, 1.86477, 1.19269, 1.08064, 
2.35284, 2.72407, 1.35845, -2.443, -1.96365, -3.24557, -3.53105, 
-2.30524, -2.59855, -3.16407, -2.389, -2.54919, -4.06534, -1.70204, 
0, 0, 0, 0, 0, 0, 0, 0, 0, 0, 0, 0, 0, 0, 0, 0, 0, 0, 0, 0, 0, 
0, 0.90707, 0.91858, 0.91376, 0.91718, 0.91706, 0.91841, 0.91487, 
0.91897, 0.92038, 0.92568, 0.92444, 0.90425, 0.91158, 0.91376, 
0.91074, 0.91404, 0.91282, 0.91352, 0.91444, 0.92039, 0.91977, 
0.92268, 0.5982, 0.8154, 0.626, 0.6968, 1.0139, 1.0849, 1.0142, 
1.3764, 1.4392, 1.1223, 2.2446, 563.3, 671.3, 544.6, 551.6, 726.6, 
723.9, 677.4, 835, 848.8, 687, 1113.2, 845, 1267, 1276, 1013, 
501, 1639, 1246, 924, 1050, 261, 877, 184, 76, 107, 85, 233, 
84, 63, 241, 151, 241, 393, 100, 100, 100, 100, 100, 100, 100, 
100, 100, 100, 100, 2500, 2500, 2500, 2500, 2500, 2500, 2500, 
2500, 2500, 2500, 2500, 23589.218, 26937.677, 25730.102, 27674.027, 
34625.789, 38722.747, 36302.677, 45241.131, 47693.7490000001, 
42116.247, 70303.589, 1.29239, 1.91082, 2.55801, 2.5497, 1.10247, 
1.87086, 1.59642, 0.9166, 2.30599, 1.63571, 1.42307, -2.0705, 
-2.38744, -3.55062, -3.39072, -2.21119, -2.54016, -3.21922, -2.78423, 
-2.51781, -3.75001, -1.66011, 0, 0, 0, 0, 0, 0, 0, 0, 0, 0, 0, 
0, 0, 0, 0, 0, 0, 0, 0, 0, 0, 0, 0.90429, 0.91667, 0.91317, 0.9161, 
0.91504, 0.91747, 0.91486, 0.91773, 0.9196, 0.92456, 0.92374, 
0.90357, 0.91408, 0.91493, 0.90966, 0.91355, 0.91096, 0.91572, 
0.91567, 0.92039, 0.91904, 0.92303, 0.6696, 0.706, 0.6039, 0.6843, 
1.0337, 1.1027, 1.022, 1.2674, 1.4876, 1.2323, 2.3634, 607.5, 
605.8, 522.1, 564.2, 741.4, 734.6, 670.9, 768.5, 853.2, 727.1, 
1126.5, 453, 21, 1993, 159, 888, 2095, 856, 1936, 115, 2002, 
201, 1, 1, 2, 2, 1, 1, 1, 1, 1, 1, 1, 100, 100, 100, 100, 100, 
100, 100, 100, 100, 100, 100, 2500, 2500, 2500, 2500, 2500, 2500, 
2500, 2500, 2500, 2500, 2500, 25701.14, 29300.018, 33481.436, 
37040.242, 41239.634, 48037.949, 52440.722, 56742.357, 65364.608, 
71890.993, 75999.478, 1, 1, 1, 1, 1, 1, 1, 1, 1, 1, 1, 0.02778, 
0.02778, 0.02778, 0.02778, 0.02778, 0.02778, 0.02778, 0.02778, 
0.02778, 0.02778, 0.02778, 0, 0, 0, 0, 0, 0, 0, 0, 0, 0, 0, 0, 
0, 0, 0, 0, 0, 0, 0, 0, 0, 0, 0.88327, 0.88806, 0.89334, 0.89349, 
0.89357, 0.89323, 0.8978, 0.90004, 0.89668, 0.8966, 0.90064, 
0.88257, 0.88551, 0.89101, 0.89295, 0.89307, 0.89464, 0.89559, 
0.89632, 0.89823, 0.89549, 0.90168, 0.4185, 0.4748, 0.563, 0.6351, 
0.7218, 0.8144, 0.9053, 0.9729, 1.112, 1.1673, 1.2792, 450.2, 
485.1, 517.1, 548.1, 581.4, 614.5, 646.5, 683.8, 721.1, 749.4, 
779.7, 1, 1, 1, 1, 1, 1, 1, 1, 1, 1, 1, 1, 1, 1, 1, 1, 1, 1, 
1, 1, 1, 1, 1, 1, 1, 1, 1, 1, 1, 1, 1, 1, 1, 1, 1, 1, 1, 1, 1, 
1, 1, 1, 1, 1, 7.44, 7.991, 9.288, 9.458, 10.71, 11.663, 12.894, 
13.357, 15.173, 15.88, 16.815), .Dim = c(11L, 40L), .Dimnames = list(
    NULL, c("Sampling", "PSO.cost", "PSO.gamma", "PSO.data.balancing", 
    "PSO.feature.selection", "PSO.valid.acc", "PSO.test.acc", 
    "PSO.train.time", "PSO.n.support.vectors", "PSO.index", "PSO.n.solutions", 
    "PSO.generations", "PSO.n.evaluations", "PSO.cpu.time", "RS.cost", 
    "RS.gamma", "RS.data.balancing", "RS.feature.selection", 
    "RS.valid.acc", "RS.test.acc", "RS.train.time", "RS.n.support.vectors", 
    "RS.index", "RS.n.solutions", "RS.generations", "RS.n.evaluations", 
    "RS.cpu.time", "DF.cost", "DF.gamma", "DF.data.balancing", 
    "DF.feature.selection", "DF.valid.acc", "DF.test.acc", "DF.train.time", 
    "DF.n.support.vectors", "DF.index", "DF.n.solutions", "DF.generations", 
    "DF.n.evaluations", "DF.cpu.time")))
