full <-
structure(c(50, 55, 60, 65, 70, 75, 80, 85, 90, 95, 100, 3.57983, 
1.65246, 1.88612, 3.74453, 1.00414, 1.79542, 1.76371, 1.84859, 
1.48377, 2.7875, 2.29899, -4.73281, -2.22852, -2.27937, -3.55992, 
-2.37223, -2.57485, -2.72697, -2.47641, -3.14938, -2.78436, -4.38745, 
0, 0, 0, 0, 0, 0, 0, 0, 0, 0, 0, 0, 0, 0, 0, 0, 0, 0, 0, 0, 0, 
0, 0.91541, 0.91548, 0.92066, 0.91984, 0.92361, 0.92586, 0.93093, 
0.92509, 0.92036, 0.926, 0.9255, 0.91121, 0.90907, 0.91488, 0.91338, 
0.9166, 0.92399, 0.92657, 0.92345, 0.91648, 0.92235, 0.92095, 
0.3929, 0.7792, 0.8866, 0.7497, 1.0928, 1.179, 1.241, 1.5022, 
1.347, 1.6064, 1.2562, 385.9, 627.8, 669.7, 557.9, 740.9, 749.2, 
761.5, 841.7, 765.3, 848.5, 695.2, 685, 2078, 466, 1648, 1155, 
973, 1092, 1007, 879, 460, 1025, 63, 15, 48, 87, 128, 317, 69, 
105, 38, 610, 165, 100, 100, 100, 100, 100, 100, 100, 100, 100, 
100, 100, 2500, 2500, 2500, 2500, 2500, 2500, 2500, 2500, 2500, 
2500, 2500, 19818.807, 27850.016, 29421.741, 29247.231, 37690.121, 
39590.104, 42802.172, 48858.744, 59169.803, 54450.926, 48594.476, 
2.81426, 1.7777, 2.05457, 3.59443, 0.83577, 1.92511, 1.7834, 
3.16556, 0.68634, 2.1163, 1.87938, -3.67287, -2.25744, -2.68858, 
-3.79295, -2.27467, -2.55321, -2.70111, -2.71306, -1.91749, -2.49004, 
-4.12047, 0, 0, 0, 0, 0, 0, 0, 0, 0, 0, 0, 0, 0, 0, 0, 0, 0, 
0, 0, 0, 0, 0, 0.91329, 0.91357, 0.91833, 0.91931, 0.9221, 0.92493, 
0.93006, 0.92347, 0.9192, 0.92527, 0.92409, 0.91048, 0.91035, 
0.9137, 0.91015, 0.91661, 0.92493, 0.92657, 0.91977, 0.91764, 
0.92344, 0.92025, 0.478, 0.774, 0.7729, 0.7108, 1.1298, 1.1785, 
1.2529, 1.3959, 1.8866, 1.7989, 1.342, 450.7, 624.6, 612.5, 535.8, 
756, 752.2, 765.4, 804.6, 978.8, 903.5, 725, 1127, 1123, 250, 
1371, 788, 74, 820, 1959, 583, 294, 1592, 1, 1, 1, 1, 1, 1, 1, 
1, 1, 2, 2, 100, 100, 100, 100, 100, 100, 100, 100, 100, 100, 
100, 2500, 2500, 2500, 2500, 2500, 2500, 2500, 2500, 2500, 2500, 
2500, 26633.028, 29950.159, 34020.149, 39060.673, 44776.611, 
49928.448, 56880.628, 64901.514, 70699.7880000001, 78742.343, 
78510.3590000001, 1, 1, 1, 1, 1, 1, 1, 1, 1, 1, 1, 0.02778, 0.02778, 
0.02778, 0.02778, 0.02778, 0.02778, 0.02778, 0.02778, 0.02778, 
0.02778, 0.02778, 0, 0, 0, 0, 0, 0, 0, 0, 0, 0, 0, 0, 0, 0, 0, 
0, 0, 0, 0, 0, 0, 0, 0.89091, 0.89006, 0.89503, 0.894, 0.89664, 
0.89979, 0.89596, 0.89836, 0.89742, 0.89917, 0.89927, 0.89372, 
0.89134, 0.8962, 0.8951, 0.89265, 0.89652, 0.89596, 0.89548, 
0.89547, 0.90211, 0.89786, 0.4483, 0.5174, 0.5998, 0.6765, 0.7464, 
0.8379, 0.9629, 1.053, 1.1274, 1.2348, 1.4043, 444.4, 481.4, 
511.3, 550.9, 588, 616.9, 653.4, 686.2, 715.9, 748.8, 777.2, 
1, 1, 1, 1, 1, 1, 1, 1, 1, 1, 1, 1, 1, 1, 1, 1, 1, 1, 1, 1, 1, 
1, 1, 1, 1, 1, 1, 1, 1, 1, 1, 1, 1, 1, 1, 1, 1, 1, 1, 1, 1, 1, 
1, 1, 7.86, 8.413, 9.493, 10.259, 11.143, 12.045, 13.671, 14.557, 
15.23, 16.569, 18.248), .Dim = c(11L, 40L), .Dimnames = list(
    NULL, c("Sampling", "PSO.cost", "PSO.gamma", "PSO.data.balancing", 
    "PSO.feature.selection", "PSO.valid.acc", "PSO.test.acc", 
    "PSO.train.time", "PSO.n.support.vectors", "PSO.index", "PSO.n.solutions", 
    "PSO.generations", "PSO.n.evaluations", "PSO.cpu.time", "RS.cost", 
    "RS.gamma", "RS.data.balancing", "RS.feature.selection", 
    "RS.valid.acc", "RS.test.acc", "RS.train.time", "RS.n.support.vectors", 
    "RS.index", "RS.n.solutions", "RS.generations", "RS.n.evaluations", 
    "RS.cpu.time", "DF.cost", "DF.gamma", "DF.data.balancing", 
    "DF.feature.selection", "DF.valid.acc", "DF.test.acc", "DF.train.time", 
    "DF.n.support.vectors", "DF.index", "DF.n.solutions", "DF.generations", 
    "DF.n.evaluations", "DF.cpu.time")))
