full <-
structure(c(50, 55, 60, 65, 70, 75, 80, 85, 90, 95, 100, 2.17757, 
1.7033, 3.31465, 1.91272, 1.92916, 2.02562, 1.9569, 1.44771, 
0.63687, 0.85586, 0.26651, -3.29094, -2.66041, -3.82271, -2.8402, 
-2.48225, -2.58765, -2.47849, -2.05129, -2.33863, -2.0688, -2.62617, 
0, 0, 0, 0, 0, 0, 0, 0, 0, 0, 0, 0, 0, 0, 0, 0, 0, 0, 0, 0, 0, 
0, 0.92024, 0.92305, 0.91552, 0.9247, 0.91903, 0.91845, 0.92218, 
0.92228, 0.92427, 0.92571, 0.92687, 0.91466, 0.91796, 0.91146, 
0.92039, 0.91754, 0.91609, 0.92174, 0.91651, 0.92036, 0.92459, 
0.92233, 0.4969, 0.6736, 0.6094, 0.8374, 1.0555, 1.1336, 1.3085, 
1.6347, 1.6472, 1.9334, 1.8796, 471.1, 572.3, 490.8, 610.2, 702.4, 
726.6, 770.8, 894.6, 876.8, 968.6, 903.6, 362, 692, 1759, 1169, 
1862, 1452, 662, 577, 1595, 990, 755, 396, 158, 6, 134, 33, 103, 
505, 543, 119, 224, 404, 100, 100, 100, 100, 100, 100, 100, 100, 
100, 100, 100, 2500, 2500, 2500, 2500, 2500, 2500, 2500, 2500, 
2500, 2500, 2500, 21528.648, 26616.362, 24085.386, 29961.925, 
35893.142, 39275.532, 43455.361, 51736.5490000001, 52488.6139999999, 
60532.79, 60290.179, 2.43105, 1.38553, 3.05087, 2.02851, 1.43186, 
3.31322, 2.00275, 1.89406, 0.65211, 1.5449, 0.01621, -3.50907, 
-2.37041, -3.72393, -2.87515, -2.76095, -2.41987, -2.51309, -2.40221, 
-2.4731, -2.26412, -2.44335, 0, 0, 0, 0, 0, 0, 0, 0, 0, 0, 0, 
0, 0, 0, 0, 0, 0, 0, 0, 0, 0, 0, 0.91814, 0.92178, 0.91436, 0.92417, 
0.91754, 0.91703, 0.92174, 0.92104, 0.92233, 0.92461, 0.92512, 
0.91536, 0.91609, 0.91029, 0.91986, 0.91905, 0.91656, 0.92174, 
0.91816, 0.92075, 0.92423, 0.92198, 0.4761, 0.7318, 0.61, 0.8361, 
0.9897, 1.2025, 1.2725, 1.5079, 1.6219, 1.8269, 1.9223, 455.5, 
607.2, 498.1, 605.3, 663.4, 759.9, 766.4, 825.9, 854.1, 931.8, 
939, 203, 1048, 2080, 946, 385, 1859, 432, 1837, 1167, 513, 2383, 
3, 1, 2, 1, 1, 1, 1, 2, 1, 1, 1, 100, 100, 100, 100, 100, 100, 
100, 100, 100, 100, 100, 2500, 2500, 2500, 2500, 2500, 2500, 
2500, 2500, 2500, 2500, 2500, 26820.807, 30047.701, 34114.397, 
38034.934, 43536.851, 49712.67, 53591.414, 61490.005, 65230.525, 
74592.015, 79068.135, 1, 1, 1, 1, 1, 1, 1, 1, 1, 1, 1, 0.02778, 
0.02778, 0.02778, 0.02778, 0.02778, 0.02778, 0.02778, 0.02778, 
0.02778, 0.02778, 0.02778, 0, 0, 0, 0, 0, 0, 0, 0, 0, 0, 0, 0, 
0, 0, 0, 0, 0, 0, 0, 0, 0, 0, 0.89224, 0.89507, 0.89456, 0.8967, 
0.89556, 0.89834, 0.8964, 0.89883, 0.89902, 0.90252, 0.9003, 
0.89362, 0.89444, 0.89514, 0.89724, 0.89656, 0.89693, 0.89684, 
0.898, 0.89944, 0.89919, 0.9031, 0.451, 0.5008, 0.6042, 0.6529, 
0.75, 0.8408, 0.9341, 1.0577, 1.1454, 1.2485, 1.3464, 452.5, 
483.9, 516.3, 547.7, 588, 615.2, 647.9, 681.3, 720.6, 746.4, 
779.6, 1, 1, 1, 1, 1, 1, 1, 1, 1, 1, 1, 1, 1, 1, 1, 1, 1, 1, 
1, 1, 1, 1, 1, 1, 1, 1, 1, 1, 1, 1, 1, 1, 1, 1, 1, 1, 1, 1, 1, 
1, 1, 1, 1, 1, 7.812, 8.317, 9.649, 9.999, 11.025, 12.023, 13.234, 
14.182, 15.681, 16.657, 17.559), .Dim = c(11L, 40L), .Dimnames = list(
    NULL, c("Sampling", "PSO.cost", "PSO.gamma", "PSO.data.balancing", 
    "PSO.feature.selection", "PSO.valid.acc", "PSO.test.acc", 
    "PSO.train.time", "PSO.n.support.vectors", "PSO.index", "PSO.n.solutions", 
    "PSO.generations", "PSO.n.evaluations", "PSO.cpu.time", "RS.cost", 
    "RS.gamma", "RS.data.balancing", "RS.feature.selection", 
    "RS.valid.acc", "RS.test.acc", "RS.train.time", "RS.n.support.vectors", 
    "RS.index", "RS.n.solutions", "RS.generations", "RS.n.evaluations", 
    "RS.cpu.time", "DF.cost", "DF.gamma", "DF.data.balancing", 
    "DF.feature.selection", "DF.valid.acc", "DF.test.acc", "DF.train.time", 
    "DF.n.support.vectors", "DF.index", "DF.n.solutions", "DF.generations", 
    "DF.n.evaluations", "DF.cpu.time")))
