full <-
structure(c(50, 55, 60, 65, 70, 75, 80, 85, 90, 95, 100, 1.26808, 
0.90325, 1.36124, 2.12856, 2.02707, 2.5284, 2.50224, 1.25074, 
1.38998, 2.38854, 1.4752, -3.05075, -1.70981, -2.56972, -3.56883, 
-3.55409, -4.13968, -4.11583, -2.77226, -2.47618, -2.54549, -2.06928, 
0, 0, 0, 0, 0, 0, 0, 0, 0, 0, 0, 0, 0, 0, 0, 0, 0, 0, 0, 0, 0, 
0, 0.91408, 0.91871, 0.91959, 0.92252, 0.92157, 0.92208, 0.92571, 
0.92678, 0.92851, 0.9264, 0.92864, 0.91271, 0.91491, 0.91669, 
0.91877, 0.92108, 0.92301, 0.92003, 0.92264, 0.92577, 0.92161, 
0.92374, 0.5013, 0.8953, 0.8032, 0.729, 0.8165, 0.7993, 0.9379, 
1.3453, 1.6177, 1.7276, 2.1994, 473.8, 693.5, 607.6, 544, 567.7, 
565.1, 593, 774.1, 858, 891, 1019.2, 136, 2191, 353, 1108, 1104, 
1186, 576, 771, 1782, 1775, 2074, 383, 11, 764, 179, 76, 17, 
29, 400, 42, 19, 4, 100, 100, 100, 100, 100, 100, 100, 100, 100, 
100, 100, 2500, 2500, 2500, 2500, 2500, 2500, 2500, 2500, 2500, 
2500, 2500, 21520.273, 27512.538, 29083.867, 28870.539, 30698.451, 
31100.727, 34032.391, 44955.62, 50784.3470000001, 54735.692, 
70921.684, 1.73198, 1.16674, 1.39158, 2.08519, 2.08976, 2.28558, 
1.70555, 2.10607, 1.49152, 2.22475, 1.51814, -3.45655, -2.37669, 
-2.72456, -3.57717, -3.38698, -4.60714, -2.93459, -3.20279, -2.66229, 
-2.68361, -1.85957, 0, 0, 0, 0, 0, 0, 0, 0, 0, 0, 0, 0, 0, 0, 
0, 0, 0, 0, 0, 0, 0, 0, 0.91267, 0.91744, 0.91786, 0.92144, 0.92007, 
0.92115, 0.92353, 0.92513, 0.92695, 0.92529, 0.92689, 0.91061, 
0.9181, 0.91785, 0.91931, 0.91957, 0.91928, 0.92004, 0.92141, 
0.92655, 0.92198, 0.92444, 0.4678, 0.7248, 0.7553, 0.7169, 0.8461, 
0.7784, 1.1541, 1.2111, 1.4888, 1.6874, 2.2762, 445, 592.8, 589.5, 
543.5, 583, 542.1, 712.2, 714.8, 827, 860.3, 1073.4, 1781, 674, 
2042, 1355, 93, 1540, 327, 1434, 140, 1193, 43, 1, 2, 1, 1, 1, 
1, 1, 1, 1, 1, 3, 100, 100, 100, 100, 100, 100, 100, 100, 100, 
100, 100, 2500, 2500, 2500, 2500, 2500, 2500, 2500, 2500, 2500, 
2500, 2500, 25968.622, 30420.584, 33484.282, 39084.618, 43085.853, 
49385.821, 54752.565, 58922.099, 65284.029, 79268.8690000001, 
83459.706, 1, 1, 1, 1, 1, 1, 1, 1, 1, 1, 1, 0.02778, 0.02778, 
0.02778, 0.02778, 0.02778, 0.02778, 0.02778, 0.02778, 0.02778, 
0.02778, 0.02778, 0, 0, 0, 0, 0, 0, 0, 0, 0, 0, 0, 0, 0, 0, 0, 
0, 0, 0, 0, 0, 0, 0, 0.88612, 0.89007, 0.89104, 0.8989, 0.8986, 
0.90156, 0.90256, 0.89963, 0.9013, 0.89916, 0.8989, 0.88751, 
0.89006, 0.89279, 0.90266, 0.90061, 0.9006, 0.90213, 0.90003, 
0.90092, 0.89844, 0.89995, 0.4239, 0.5064, 0.5828, 0.6799, 0.7536, 
0.8245, 0.9362, 1.026, 1.1581, 1.2957, 1.3888, 435, 464.2, 502.4, 
542.9, 575.2, 607.5, 640.5, 683, 715.6, 750.9, 780.2, 1, 1, 1, 
1, 1, 1, 1, 1, 1, 1, 1, 1, 1, 1, 1, 1, 1, 1, 1, 1, 1, 1, 1, 1, 
1, 1, 1, 1, 1, 1, 1, 1, 1, 1, 1, 1, 1, 1, 1, 1, 1, 1, 1, 1, 7.37, 
8.324, 9.34, 10.465, 11.04, 12.046, 13.235, 13.833, 15.26, 17.207, 
18.238), .Dim = c(11L, 40L), .Dimnames = list(NULL, c("Sampling", 
"PSO.cost", "PSO.gamma", "PSO.data.balancing", "PSO.feature.selection", 
"PSO.valid.acc", "PSO.test.acc", "PSO.train.time", "PSO.n.support.vectors", 
"PSO.index", "PSO.n.solutions", "PSO.generations", "PSO.n.evaluations", 
"PSO.cpu.time", "RS.cost", "RS.gamma", "RS.data.balancing", "RS.feature.selection", 
"RS.valid.acc", "RS.test.acc", "RS.train.time", "RS.n.support.vectors", 
"RS.index", "RS.n.solutions", "RS.generations", "RS.n.evaluations", 
"RS.cpu.time", "DF.cost", "DF.gamma", "DF.data.balancing", "DF.feature.selection", 
"DF.valid.acc", "DF.test.acc", "DF.train.time", "DF.n.support.vectors", 
"DF.index", "DF.n.solutions", "DF.generations", "DF.n.evaluations", 
"DF.cpu.time")))
