full <-
structure(c(50, 55, 60, 65, 70, 75, 80, 85, 90, 95, 100, 0.58661, 
1.43449, 3.08292, 0.91225, 1.9158, 0.61126, 1.1303, 0.64093, 
2.01215, 1.9152, 1.16789, -1.47983, -2.17664, -2.19542, -1.5852, 
-2.01401, -2.21294, -3.19248, -1.94316, -3.80139, -2.47327, -2.39434, 
0, 0, 0, 0, 0, 0, 0, 0, 0, 0, 0, 0, 0, 0, 0, 0, 0, 0, 0, 0, 0, 
0, 0.91262, 0.90654, 0.91147, 0.91772, 0.92203, 0.91889, 0.92178, 
0.92349, 0.925, 0.92822, 0.9283, 0.90494, 0.90334, 0.90676, 0.91773, 
0.91901, 0.91563, 0.91434, 0.9198, 0.92266, 0.92601, 0.92376, 
0.844, 0.7653, 0.8797, 1.2168, 1.1676, 1.2288, 1.029, 1.5988, 
1.0887, 1.6648, 1.8621, 714, 654.4, 703.5, 835.5, 800.6, 804.1, 
705.3, 930.2, 692.3, 899.4, 946, 1259, 1575, 1565, 867, 1067, 
119, 2229, 988, 2099, 641, 1188, 20, 66, 24, 353, 114, 533, 197, 
425, 1, 400, 113, 100, 100, 100, 100, 100, 100, 100, 100, 100, 
100, 100, 2500, 2500, 2500, 2500, 2500, 2500, 2500, 2500, 2500, 
2500, 2500, 28886.638, 25584.757, 27810.231, 38404.719, 38050.996, 
40903.766, 35920.023, 50027.537, 42668.75, 53811.02, 57742.4079999999, 
0.46061, -0.21749, 3.18128, 1.06947, 1.7786, 2.39832, 1.16395, 
0.83486, 1.60729, 2.41219, 1.47133, -1.53258, -2.9611, -2.23427, 
-1.86635, -1.89221, -1.76761, -3.25733, -2.42058, -3.67083, -2.98159, 
-2.60599, 0, 0, 0, 0, 0, 0, 0, 0, 0, 0, 0, 0, 0, 0, 0, 0, 0, 
0, 0, 0, 0, 0, 0.91052, 0.90399, 0.9103, 0.91609, 0.92152, 0.91799, 
0.9209, 0.92184, 0.92423, 0.92674, 0.92689, 0.90564, 0.89578, 
0.90676, 0.91451, 0.91951, 0.91423, 0.91521, 0.9202, 0.92227, 
0.9249, 0.92376, 0.8207, 0.6274, 0.8357, 1.0825, 1.1965, 1.4593, 
0.9907, 1.3696, 1.1214, 1.4091, 1.6842, 701.9, 572, 698.4, 780.3, 
823.4, 906.9, 699.7, 833.3, 711.2, 805.7, 906.2, 554, 1901, 1605, 
1989, 246, 1473, 1703, 903, 975, 2268, 1634, 1, 3, 1, 1, 1, 1, 
1, 2, 1, 1, 1, 100, 100, 100, 100, 100, 100, 100, 100, 100, 100, 
100, 2500, 2500, 2500, 2500, 2500, 2500, 2500, 2500, 2500, 2500, 
2500, 26139.713, 29568.339, 32592.936, 37003.462, 42425.445, 
47824.862, 52827.307, 54937.671, 65294.135, 73876.927, 77456.4920000001, 
1, 1, 1, 1, 1, 1, 1, 1, 1, 1, 1, 0.02778, 0.02778, 0.02778, 0.02778, 
0.02778, 0.02778, 0.02778, 0.02778, 0.02778, 0.02778, 0.02778, 
0, 0, 0, 0, 0, 0, 0, 0, 0, 0, 0, 0, 0, 0, 0, 0, 0, 0, 0, 0, 0, 
0, 0.8853, 0.88935, 0.89167, 0.89786, 0.89307, 0.89606, 0.8951, 
0.90047, 0.90013, 0.90357, 0.9017, 0.88039, 0.88871, 0.88988, 
0.89193, 0.89355, 0.89885, 0.89378, 0.90129, 0.89778, 0.90136, 
0.90101, 0.4355, 0.5118, 0.5849, 0.646, 0.7173, 0.8206, 0.9199, 
1.0133, 1.1049, 1.219, 1.2545, 480.6, 513.9, 543.1, 565.4, 601.2, 
638.3, 669.9, 695.3, 718.6, 755.4, 779.4, 1, 1, 1, 1, 1, 1, 1, 
1, 1, 1, 1, 1, 1, 1, 1, 1, 1, 1, 1, 1, 1, 1, 1, 1, 1, 1, 1, 1, 
1, 1, 1, 1, 1, 1, 1, 1, 1, 1, 1, 1, 1, 1, 1, 1, 7.545, 8.347, 
9.131, 9.859, 10.732, 11.574, 13.061, 13.803, 14.945, 16.492, 
16.445), .Dim = c(11L, 40L), .Dimnames = list(NULL, c("Sampling", 
"PSO.cost", "PSO.gamma", "PSO.data.balancing", "PSO.feature.selection", 
"PSO.valid.acc", "PSO.test.acc", "PSO.train.time", "PSO.n.support.vectors", 
"PSO.index", "PSO.n.solutions", "PSO.generations", "PSO.n.evaluations", 
"PSO.cpu.time", "RS.cost", "RS.gamma", "RS.data.balancing", "RS.feature.selection", 
"RS.valid.acc", "RS.test.acc", "RS.train.time", "RS.n.support.vectors", 
"RS.index", "RS.n.solutions", "RS.generations", "RS.n.evaluations", 
"RS.cpu.time", "DF.cost", "DF.gamma", "DF.data.balancing", "DF.feature.selection", 
"DF.valid.acc", "DF.test.acc", "DF.train.time", "DF.n.support.vectors", 
"DF.index", "DF.n.solutions", "DF.generations", "DF.n.evaluations", 
"DF.cpu.time")))
