full <-
structure(c(50, 55, 60, 65, 70, 75, 80, 85, 90, 95, 100, 0.71511, 
2.60076, 3.05428, 1.13348, 0.54124, 0.46416, 3.17758, 2.1017, 
1.68887, 1.82706, 2.48843, -3.04843, -2.5799, -4.14727, -1.75428, 
-2.48871, -2.21027, -4.37001, -2.42787, -3.1938, -3.65489, -3.72054, 
0, 0, 0, 0, 0, 0, 0, 0, 0, 0, 0, 0, 0, 0, 0, 0, 0, 0, 0, 0, 0, 
0, 0.9189, 0.91671, 0.92075, 0.91824, 0.91811, 0.91885, 0.92046, 
0.92592, 0.92034, 0.92344, 0.92654, 0.91193, 0.9129, 0.91316, 
0.91337, 0.91862, 0.91466, 0.9139, 0.92347, 0.91957, 0.91939, 
0.92305, 0.5025, 0.6644, 0.5581, 1.1237, 1.0441, 1.2912, 0.8822, 
1.469, 1.3331, 1.3533, 1.4042, 477.7, 555.7, 469.6, 765.5, 685.6, 
778.2, 583.5, 829.5, 748.9, 738.3, 743.8, 871, 1089, 1565, 1373, 
545, 449, 658, 580, 1133, 767, 919, 572, 134, 8, 65, 678, 434, 
351, 266, 169, 42, 176, 100, 100, 100, 100, 100, 100, 100, 100, 
100, 100, 100, 2500, 2500, 2500, 2500, 2500, 2500, 2500, 2500, 
2500, 2500, 2500, 21053.747, 24287.763, 24427.203, 37123.992, 
36346.502, 41662.738, 34862.762, 50565.2000000001, 48401.981, 
57016.1329999999, 51367.243, 1.05176, 2.68692, 1.61952, 7.45117, 
0.41061, 0.96793, 1.63093, 2.17718, 0.77825, 0.68653, 2.22166, 
-3.24555, -2.64846, -3.23238, -1.74567, -2.40916, -2.23641, -3.39941, 
-2.3555, -2.73258, -2.51986, -3.50982, 0, 0, 0, 0, 0, 0, 0, 0, 
0, 0, 0, 0, 0, 0, 0, 0, 0, 0, 0, 0, 0, 0, 0.91609, 0.91544, 0.91957, 
0.9166, 0.91662, 0.91746, 0.91828, 0.92387, 0.9188, 0.9227, 0.92515, 
0.91052, 0.91352, 0.91606, 0.90635, 0.91812, 0.91606, 0.91477, 
0.92224, 0.9192, 0.92122, 0.9227, 0.4768, 0.6235, 0.6839, 1.1798, 
1.0739, 1.2659, 0.9963, 1.5004, 1.4986, 1.7387, 1.5008, 463.9, 
547, 532.6, 788.7, 699, 775.2, 664.4, 839.4, 819.2, 888.9, 769.9, 
893, 662, 302, 493, 1439, 1457, 2132, 2228, 188, 46, 2415, 1, 
1, 2, 14, 1, 2, 3, 2, 1, 1, 1, 100, 100, 100, 100, 100, 100, 
100, 100, 100, 100, 100, 2500, 2500, 2500, 2500, 2500, 2500, 
2500, 2500, 2500, 2500, 2500, 25010.505, 29247.192, 33372.899, 
37748.485, 43569.648, 48430.837, 50476.257, 61545.086, 68596.83, 
73995.3979999999, 77492.2450000001, 1, 1, 1, 1, 1, 1, 1, 1, 1, 
1, 1, 0.02778, 0.02778, 0.02778, 0.02778, 0.02778, 0.02778, 0.02778, 
0.02778, 0.02778, 0.02778, 0.02778, 0, 0, 0, 0, 0, 0, 0, 0, 0, 
0, 0, 0, 0, 0, 0, 0, 0, 0, 0, 0, 0, 0, 0.89437, 0.8938, 0.89744, 
0.89672, 0.89666, 0.89416, 0.89379, 0.89756, 0.89509, 0.90061, 
0.90136, 0.89296, 0.8906, 0.89685, 0.89619, 0.89565, 0.88905, 
0.8951, 0.89879, 0.89628, 0.89951, 0.90067, 0.4151, 0.5115, 0.598, 
0.6771, 0.7768, 0.8597, 0.9199, 1.0688, 1.1699, 1.2811, 1.3742, 
443.3, 480.2, 511.7, 553.1, 589.6, 629.6, 664.4, 696.2, 726.1, 
750.2, 776.1, 1, 1, 1, 1, 1, 1, 1, 1, 1, 1, 1, 1, 1, 1, 1, 1, 
1, 1, 1, 1, 1, 1, 1, 1, 1, 1, 1, 1, 1, 1, 1, 1, 1, 1, 1, 1, 1, 
1, 1, 1, 1, 1, 1, 1, 7.121, 8.173, 9.068, 10.116, 11.245, 12.065, 
12.662, 15.1, 16.149, 17.392, 18.244), .Dim = c(11L, 40L), .Dimnames = list(
    NULL, c("Sampling", "PSO.cost", "PSO.gamma", "PSO.data.balancing", 
    "PSO.feature.selection", "PSO.valid.acc", "PSO.test.acc", 
    "PSO.train.time", "PSO.n.support.vectors", "PSO.index", "PSO.n.solutions", 
    "PSO.generations", "PSO.n.evaluations", "PSO.cpu.time", "RS.cost", 
    "RS.gamma", "RS.data.balancing", "RS.feature.selection", 
    "RS.valid.acc", "RS.test.acc", "RS.train.time", "RS.n.support.vectors", 
    "RS.index", "RS.n.solutions", "RS.generations", "RS.n.evaluations", 
    "RS.cpu.time", "DF.cost", "DF.gamma", "DF.data.balancing", 
    "DF.feature.selection", "DF.valid.acc", "DF.test.acc", "DF.train.time", 
    "DF.n.support.vectors", "DF.index", "DF.n.solutions", "DF.generations", 
    "DF.n.evaluations", "DF.cpu.time")))
