full <-
structure(c(50, 55, 60, 65, 70, 75, 80, 85, 90, 95, 100, 2.87744, 
2.40615, 3.72603, 3.35611, 3.01326, 0.9892, 2.85398, 1.4807, 
2.49932, 1.73012, 1.60835, -3.77666, -3.80832, -3.5733, -5.16594, 
-3.45275, -1.59816, -3.93565, -2.01003, -3.33488, -3.50301, -2.19043, 
0, 0, 0, 0, 0, 0, 0, 0, 0, 0, 0, 0, 0, 0, 0, 0, 0, 0, 0, 0, 0, 
0, 0.90848, 0.91095, 0.91434, 0.91825, 0.92007, 0.92214, 0.92658, 
0.92472, 0.92888, 0.92417, 0.92795, 0.90075, 0.91033, 0.90965, 
0.91501, 0.91756, 0.92121, 0.92308, 0.92184, 0.92307, 0.92084, 
0.92692, 0.4932, 0.5426, 0.6559, 0.5771, 0.8541, 1.5818, 0.6248, 
1.7106, 1.305, 1.3759, 1.2914, 452.7, 488, 527.1, 456.5, 603, 
917, 618.6, 932.7, 744.7, 759.2, 990.7, 799, 1679, 1443, 1503, 
1127, 291, 1475, 1155, 1184, 729, 1924, 100, 1, 47, 233, 151, 
387, 135, 47, 175, 96, 50, 100, 100, 100, 100, 100, 100, 100, 
100, 100, 100, 100, 2500, 2500, 2500, 2500, 2500, 2500, 2500, 
2500, 2500, 2500, 2500, 23509.245, 21282.81, 23191.276, 25316.568, 
32579.806, 48246.87, 35336.18, 50992.232, 38067.2309999999, 47193.92, 
57499.703, 2.81073, 1.71506, 3.86205, 3.5964, 3.1422, 1.17319, 
2.70234, 1.85566, 2.40963, 1.2373, 1.59864, -3.77984, -2.78326, 
-4.11738, -5.45234, -3.47563, -2.70248, -3.79643, -1.97974, -3.426, 
-2.17654, -2.24334, 0, 0, 0, 0, 0, 0, 0, 0, 0, 0, 0, 0, 0, 0, 
0, 0, 0, 0, 0, 0, 0, 0, 0.90778, 0.90906, 0.9126, 0.9161, 0.91807, 
0.92025, 0.92571, 0.92266, 0.92694, 0.9238, 0.9269, 0.90144, 
0.90526, 0.90673, 0.91395, 0.91706, 0.9226, 0.92439, 0.91937, 
0.92306, 0.92234, 0.92726, 0.476, 0.7061, 0.5929, 0.5746, 0.5379, 
1.1176, 0.9552, 1.6987, 1.2587, 1.8826, 1.9888, 452.7, 571.5, 
483.7, 446.3, 600.4, 715.2, 628.5, 944.7, 735.4, 968.7, 981.1, 
2318, 295, 375, 250, 102, 703, 952, 1598, 701, 746, 763, 1, 1, 
1, 2, 1, 1, 1, 2, 1, 1, 1, 100, 100, 100, 100, 100, 100, 100, 
100, 100, 100, 100, 2500, 2500, 2500, 2500, 2500, 2500, 2500, 
2500, 2500, 2500, 2500, 27908.593, 30032.905, 34381.939, 39123.344, 
42026.196, 45572.755, 52044.604, 57340.5939999999, 59746.8489999999, 
67941.169, 71784.029, 1, 1, 1, 1, 1, 1, 1, 1, 1, 1, 1, 0.02778, 
0.02778, 0.02778, 0.02778, 0.02778, 0.02778, 0.02778, 0.02778, 
0.02778, 0.02778, 0.02778, 0, 0, 0, 0, 0, 0, 0, 0, 0, 0, 0, 0, 
0, 0, 0, 0, 0, 0, 0, 0, 0, 0, 0.88815, 0.89186, 0.89105, 0.89511, 
0.89458, 0.90071, 0.90079, 0.90005, 0.89589, 0.89767, 0.89997, 
0.88671, 0.89254, 0.89046, 0.89674, 0.89405, 0.89744, 0.90211, 
0.89718, 0.89822, 0.89693, 0.89858, 0.448, 0.3308, 0.5962, 0.6816, 
0.7731, 0.8562, 0.9304, 1.0478, 0.7441, 1.2658, 1.3597, 452.7, 
489.1, 514.5, 551.7, 590.3, 620.5, 652.2, 686.5, 725.1, 749.1, 
777.9, 1, 1, 1, 1, 1, 1, 1, 1, 1, 1, 1, 1, 1, 1, 1, 1, 1, 1, 
1, 1, 1, 1, 1, 1, 1, 1, 1, 1, 1, 1, 1, 1, 1, 1, 1, 1, 1, 1, 1, 
1, 1, 1, 1, 1, 7.978, 6.03, 9.552, 10.55, 11.458, 12.352, 13.191, 
14.226, 10.395, 16.724, 17.775), .Dim = c(11L, 40L), .Dimnames = list(
    NULL, c("Sampling", "PSO.cost", "PSO.gamma", "PSO.data.balancing", 
    "PSO.feature.selection", "PSO.valid.acc", "PSO.test.acc", 
    "PSO.train.time", "PSO.n.support.vectors", "PSO.index", "PSO.n.solutions", 
    "PSO.generations", "PSO.n.evaluations", "PSO.cpu.time", "RS.cost", 
    "RS.gamma", "RS.data.balancing", "RS.feature.selection", 
    "RS.valid.acc", "RS.test.acc", "RS.train.time", "RS.n.support.vectors", 
    "RS.index", "RS.n.solutions", "RS.generations", "RS.n.evaluations", 
    "RS.cpu.time", "DF.cost", "DF.gamma", "DF.data.balancing", 
    "DF.feature.selection", "DF.valid.acc", "DF.test.acc", "DF.train.time", 
    "DF.n.support.vectors", "DF.index", "DF.n.solutions", "DF.generations", 
    "DF.n.evaluations", "DF.cpu.time")))
