full <-
structure(c(50, 55, 60, 65, 70, 75, 80, 85, 90, 95, 100, 1.80739, 
2.51291, 1.54796, 3.95697, 2.85042, 3.13264, 0.65069, 2.31723, 
1.38596, 1.91277, 1.79218, -3.27651, -3.97014, -2.88535, -4.23549, 
-3.28296, -4.08179, -2.52852, -3.38216, -2.99449, -2.47862, -3.35621, 
0, 0, 0, 0, 0, 0, 0, 0, 0, 0, 0, 0, 0, 0, 0, 0, 0, 0, 0, 0, 0, 
0, 0.91615, 0.91871, 0.92368, 0.92091, 0.9186, 0.92261, 0.92092, 
0.92391, 0.9254, 0.92273, 0.92376, 0.91262, 0.9079, 0.91668, 
0.91553, 0.9111, 0.9161, 0.92005, 0.9239, 0.91919, 0.92125, 0.92445, 
0.4847, 0.5107, 0.6929, 0.621, 0.8124, 0.7778, 1.1824, 1.0991, 
1.3174, 1.6921, 1.3906, 479.3, 465.3, 590.3, 504.3, 610.4, 574.5, 
778.4, 700, 782.4, 912.1, 791.1, 1123, 1269, 550, 1709, 743, 
1097, 1140, 604, 792, 1011, 594, 137, 109, 368, 9, 294, 213, 
73, 232, 187, 114, 225, 100, 100, 100, 100, 100, 100, 100, 100, 
100, 100, 100, 2500, 2500, 2500, 2500, 2500, 2500, 2500, 2500, 
2500, 2500, 2500, 21138.843, 22189.739, 26054.087, 27486.673, 
29892.842, 30267.508, 39414.861, 40042.313, 45101.2039999999, 
54170.776, 49556.661, 2.21134, 2.55597, 2.79639, 3.95208, 2.7647, 
2.81411, 1.19496, 2.07472, 1.36703, 1.73591, 1.71784, -3.2673, 
-4.0193, -3.85362, -4.18264, -3.18032, -3.73734, -3.3232, -3.21862, 
-3.02592, -2.4268, -3.43411, 0, 0, 0, 0, 0, 0, 0, 0, 0, 0, 0, 
0, 0, 0, 0, 0, 0, 0, 0, 0, 0, 0, 0.91404, 0.91806, 0.92132, 0.91875, 
0.9171, 0.92169, 0.91918, 0.92226, 0.92463, 0.92199, 0.92237, 
0.91333, 0.9079, 0.91435, 0.91661, 0.9116, 0.91656, 0.91917, 
0.92473, 0.91996, 0.92161, 0.92305, 0.4884, 0.4966, 0.5861, 0.6247, 
0.8452, 0.8581, 0.9858, 1.1055, 1.2665, 1.682, 1.3754, 479.7, 
462.7, 499.6, 507.2, 622.8, 600.7, 681.4, 720.5, 779.2, 920.6, 
781.3, 879, 55, 1424, 1377, 2002, 700, 444, 1831, 531, 749, 2311, 
1, 1, 1, 1, 1, 1, 1, 3, 1, 1, 1, 100, 100, 100, 100, 100, 100, 
100, 100, 100, 100, 100, 2500, 2500, 2500, 2500, 2500, 2500, 
2500, 2500, 2500, 2500, 2500, 25674.696, 29400.598, 34434.876, 
36499.979, 41834.856, 48240.956, 53252.363, 58463.209, 65300.644, 
71948.0240000001, 75708.6460000001, 1, 1, 1, 1, 1, 1, 1, 1, 1, 
1, 1, 0.02778, 0.02778, 0.02778, 0.02778, 0.02778, 0.02778, 0.02778, 
0.02778, 0.02778, 0.02778, 0.02778, 0, 0, 0, 0, 0, 0, 0, 0, 0, 
0, 0, 0, 0, 0, 0, 0, 0, 0, 0, 0, 0, 0, 0.8902, 0.89007, 0.89041, 
0.8929, 0.88913, 0.89466, 0.89691, 0.8992, 0.89704, 0.90099, 
0.90031, 0.89018, 0.89135, 0.8834, 0.89076, 0.89113, 0.89374, 
0.89953, 0.89879, 0.8986, 0.89659, 0.90486, 0.4265, 0.4901, 0.5739, 
0.6291, 0.7276, 0.7974, 0.8818, 0.9956, 1.0759, 1.2208, 1.2728, 
455.9, 496, 533.2, 564.5, 597.8, 628.5, 660.3, 688, 723, 752.7, 
781.1, 1, 1, 1, 1, 1, 1, 1, 1, 1, 1, 1, 1, 1, 1, 1, 1, 1, 1, 
1, 1, 1, 1, 1, 1, 1, 1, 1, 1, 1, 1, 1, 1, 1, 1, 1, 1, 1, 1, 1, 
1, 1, 1, 1, 1, 7.833, 8.264, 9.133, 9.783, 10.799, 11.288, 12.623, 
13.789, 14.598, 16.273, 16.804), .Dim = c(11L, 40L), .Dimnames = list(
    NULL, c("Sampling", "PSO.cost", "PSO.gamma", "PSO.data.balancing", 
    "PSO.feature.selection", "PSO.valid.acc", "PSO.test.acc", 
    "PSO.train.time", "PSO.n.support.vectors", "PSO.index", "PSO.n.solutions", 
    "PSO.generations", "PSO.n.evaluations", "PSO.cpu.time", "RS.cost", 
    "RS.gamma", "RS.data.balancing", "RS.feature.selection", 
    "RS.valid.acc", "RS.test.acc", "RS.train.time", "RS.n.support.vectors", 
    "RS.index", "RS.n.solutions", "RS.generations", "RS.n.evaluations", 
    "RS.cpu.time", "DF.cost", "DF.gamma", "DF.data.balancing", 
    "DF.feature.selection", "DF.valid.acc", "DF.test.acc", "DF.train.time", 
    "DF.n.support.vectors", "DF.index", "DF.n.solutions", "DF.generations", 
    "DF.n.evaluations", "DF.cpu.time")))
