full <-
structure(c(50, 55, 60, 65, 70, 75, 80, 85, 90, 95, 100, 1.74968, 
0.02619, 2.04389, 0.88655, 1.10177, 1.96625, 2.41037, 2.87271, 
1.77909, 0.81082, 1.71051, -3.0134, -2.12531, -2.50985, -1.85716, 
-1.92891, -1.92688, -3.49759, -2.40782, -2.4213, -2.48588, -2.01716, 
0, 0, 0, 0, 0, 0, 0, 0, 0, 0, 0, 0, 0, 0, 0, 0, 0, 0, 0, 0, 0, 
0, 0.90706, 0.91419, 0.91079, 0.91816, 0.91659, 0.91749, 0.92002, 
0.92308, 0.92499, 0.92714, 0.92515, 0.90147, 0.911, 0.90671, 
0.91224, 0.91309, 0.91658, 0.91698, 0.91734, 0.92342, 0.9242, 
0.92306, 0.5567, 0.7607, 0.8046, 1.1228, 1.2085, 1.4673, 1.0595, 
1.4203, 1.5627, 1.8264, 2.249, 511.6, 632.8, 633.6, 762.3, 803.2, 
854.6, 655.5, 835.6, 880, 892.7, 1035.3, 869, 2044, 539, 1684, 
972, 948, 1118, 1498, 2053, 805, 656, 282, 9, 85, 105, 2, 159, 
140, 24, 2, 65, 451, 100, 100, 100, 100, 100, 100, 100, 100, 
100, 100, 100, 2500, 2500, 2500, 2500, 2500, 2500, 2500, 2500, 
2500, 2500, 2500, 23707.012, 26821.153, 31151.684, 36881.024, 
38067.352, 47695.962, 45517.34, 48217.4620000001, 46593.2590000001, 
62265.7880000001, 76034.1020000001, 1.72752, -0.28677, 1.60678, 
0.86459, 4.56194, 2.25603, 1.64098, 3.03017, 1.72072, 1.17985, 
2.91306, -2.92371, -2.28848, -2.16211, -1.83799, -4.93978, -3.0504, 
-3.57863, -2.22567, -3.04258, -2.82427, -1.94049, 0, 0, 0, 0, 
0, 0, 0, 0, 0, 0, 0, 0, 0, 0, 0, 0, 0, 0, 0, 0, 0, 0, 0.90497, 
0.91228, 0.90962, 0.91708, 0.91507, 0.91611, 0.91784, 0.92143, 
0.92385, 0.9253, 0.92376, 0.90077, 0.90847, 0.90671, 0.91224, 
0.90908, 0.91378, 0.91523, 0.91776, 0.92266, 0.92383, 0.92305, 
0.5462, 0.7216, 0.8687, 1.1318, 0.7089, 1.0491, 0.9802, 1.518, 
1.3189, 1.6183, 2.2734, 521, 612.8, 680.2, 765.3, 476.4, 676.8, 
654.1, 871.9, 775.7, 837.9, 1070.9, 1089, 2140, 1537, 1490, 1457, 
1240, 2385, 2079, 164, 1937, 1438, 1, 2, 2, 1, 1, 1, 1, 1, 2, 
1, 1, 100, 100, 100, 100, 100, 100, 100, 100, 100, 100, 100, 
2500, 2500, 2500, 2500, 2500, 2500, 2500, 2500, 2500, 2500, 2500, 
26714.487, 29687.135, 33523.071, 39242.798, 58522.628, 59053.897, 
58451.095, 58157.6140000001, 84766.9759999999, 92305.233, 100016.796, 
1, 1, 1, 1, 1, 1, 1, 1, 1, 1, 1, 0.02778, 0.02778, 0.02778, 0.02778, 
0.02778, 0.02778, 0.02778, 0.02778, 0.02778, 0.02778, 0.02778, 
0, 0, 0, 0, 0, 0, 0, 0, 0, 0, 0, 0, 0, 0, 0, 0, 0, 0, 0, 0, 0, 
0, 0.88329, 0.89259, 0.8892, 0.89288, 0.89257, 0.89465, 0.90341, 
0.89758, 0.9044, 0.90211, 0.89891, 0.88816, 0.89385, 0.8904, 
0.89181, 0.89757, 0.89371, 0.9021, 0.90457, 0.9005, 0.89917, 
0.90031, 0.4499, 0.5007, 0.5729, 0.6833, 0.8071, 0.8918, 0.9229, 
1.005, 1.1835, 1.2993, 1.3706, 464.9, 484.2, 516.3, 548.9, 581.7, 
620.6, 656.6, 681.2, 723.9, 749.3, 779.3, 1, 1, 1, 1, 1, 1, 1, 
1, 1, 1, 1, 1, 1, 1, 1, 1, 1, 1, 1, 1, 1, 1, 1, 1, 1, 1, 1, 1, 
1, 1, 1, 1, 1, 1, 1, 1, 1, 1, 1, 1, 1, 1, 1, 1, 7.756, 8.431, 
9.258, 10.406, 13.434, 14.245, 12.965, 13.689, 17.446, 18.628, 
19.249), .Dim = c(11L, 40L), .Dimnames = list(NULL, c("Sampling", 
"PSO.cost", "PSO.gamma", "PSO.data.balancing", "PSO.feature.selection", 
"PSO.valid.acc", "PSO.test.acc", "PSO.train.time", "PSO.n.support.vectors", 
"PSO.index", "PSO.n.solutions", "PSO.generations", "PSO.n.evaluations", 
"PSO.cpu.time", "RS.cost", "RS.gamma", "RS.data.balancing", "RS.feature.selection", 
"RS.valid.acc", "RS.test.acc", "RS.train.time", "RS.n.support.vectors", 
"RS.index", "RS.n.solutions", "RS.generations", "RS.n.evaluations", 
"RS.cpu.time", "DF.cost", "DF.gamma", "DF.data.balancing", "DF.feature.selection", 
"DF.valid.acc", "DF.test.acc", "DF.train.time", "DF.n.support.vectors", 
"DF.index", "DF.n.solutions", "DF.generations", "DF.n.evaluations", 
"DF.cpu.time")))
