full <-
structure(c(50, 55, 60, 65, 70, 75, 80, 85, 90, 95, 100, 2.94669, 
2.39812, 2.99142, 1.78236, 1.85651, 1.78822, 2.50108, 1.68431, 
2.02193, 2.76296, 0.53265, -2.88182, -3.63723, -2.8272, -2.0772, 
-3.01769, -1.9251, -2.44194, -2.5426, -3.02172, -3.18873, -1.99089, 
0, 0, 0, 0, 0, 0, 0, 0, 0, 0, 0, 0, 0, 0, 0, 0, 0, 0, 0, 0, 0, 
0, 0.91619, 0.91544, 0.9155, 0.9241, 0.92411, 0.92589, 0.9257, 
0.92429, 0.92658, 0.92602, 0.92689, 0.912, 0.90905, 0.90849, 
0.91547, 0.9221, 0.92311, 0.92134, 0.92345, 0.92581, 0.92308, 
0.92654, 0.5642, 0.5352, 0.7728, 1.0762, 0.9923, 1.451, 1.2998, 
1.3793, 1.3521, 1.5032, 2.2285, 508, 471.7, 576.7, 719, 624.5, 
847.7, 792.3, 802.4, 765.8, 775, 1031.6, 484, 366, 629, 309, 
1249, 983, 849, 995, 1356, 789, 869, 244, 244, 342, 467, 26, 
183, 353, 200, 15, 168, 203, 100, 100, 100, 100, 100, 100, 100, 
100, 100, 100, 100, 2500, 2500, 2500, 2500, 2500, 2500, 2500, 
2500, 2500, 2500, 2500, 24524.426, 24356.444, 35680.267, 41703.347, 
46484.964, 49028.333, 43520.232, 45830.147, 53390.956, 57763.475, 
74182.164, 2.46324, 1.41548, 3.0194, 1.17686, 1.7431, 2.41875, 
1.933, 1.82607, 0.81253, 2.65072, 2.97823, -2.69726, -2.65078, 
-4.06915, -2.41354, -2.14972, -2.2018, -2.48064, -2.51919, -2.3052, 
-3.44935, -3.67343, 0, 0, 0, 0, 0, 0, 0, 0, 0, 0, 0, 0, 0, 0, 
0, 0, 0, 0, 0, 0, 0, 0, 0.91478, 0.91418, 0.91431, 0.92302, 0.9231, 
0.92449, 0.92483, 0.92223, 0.92619, 0.92492, 0.92619, 0.912, 
0.90782, 0.91258, 0.91495, 0.92111, 0.91982, 0.92178, 0.92222, 
0.92386, 0.92345, 0.92374, 0.5807, 0.7189, 0.6294, 1.0052, 1.2265, 
1.2676, 1.2721, 1.5087, 1.6435, 1.3943, 1.5026, 524.1, 556.5, 
479.8, 667.2, 752.5, 794.1, 779.7, 806.4, 882.9, 743.6, 748, 
589, 2308, 2433, 1874, 835, 2339, 1961, 969, 2338, 1976, 1447, 
1, 1, 1, 1, 1, 1, 1, 2, 1, 1, 1, 100, 100, 100, 100, 100, 100, 
100, 100, 100, 100, 100, 2500, 2500, 2500, 2500, 2500, 2500, 
2500, 2500, 2500, 2500, 2500, 27394.221, 31934.101, 41385.662, 
46632.6, 59217.607, 51368.134, 52876.9340000001, 73888.562, 69479.064, 
93565.844, 97054.063, 1, 1, 1, 1, 1, 1, 1, 1, 1, 1, 1, 0.02778, 
0.02778, 0.02778, 0.02778, 0.02778, 0.02778, 0.02778, 0.02778, 
0.02778, 0.02778, 0.02778, 0, 0, 0, 0, 0, 0, 0, 0, 0, 0, 0, 0, 
0, 0, 0, 0, 0, 0, 0, 0, 0, 0, 0.88478, 0.8938, 0.89684, 0.8977, 
0.89615, 0.90256, 0.89993, 0.89962, 0.90094, 0.89841, 0.90065, 
0.88263, 0.89446, 0.89508, 0.89662, 0.90014, 0.89884, 0.90039, 
0.8992, 0.90134, 0.89842, 0.90171, 0.4312, 0.5232, 0.6267, 0.7111, 
0.8195, 0.8374, 0.9176, 1.0839, 1.1478, 1.2708, 1.4432, 445.9, 
475.6, 514.2, 550.8, 585.2, 621, 651.8, 681.1, 717.2, 748.1, 
778.5, 1, 1, 1, 1, 1, 1, 1, 1, 1, 1, 1, 1, 1, 1, 1, 1, 1, 1, 
1, 1, 1, 1, 1, 1, 1, 1, 1, 1, 1, 1, 1, 1, 1, 1, 1, 1, 1, 1, 1, 
1, 1, 1, 1, 1, 7.97, 11.282, 11.782, 13.012, 14.352, 12.341, 
12.994, 16.646, 17.421, 18.978, 20.48), .Dim = c(11L, 40L), .Dimnames = list(
    NULL, c("Sampling", "PSO.cost", "PSO.gamma", "PSO.data.balancing", 
    "PSO.feature.selection", "PSO.valid.acc", "PSO.test.acc", 
    "PSO.train.time", "PSO.n.support.vectors", "PSO.index", "PSO.n.solutions", 
    "PSO.generations", "PSO.n.evaluations", "PSO.cpu.time", "RS.cost", 
    "RS.gamma", "RS.data.balancing", "RS.feature.selection", 
    "RS.valid.acc", "RS.test.acc", "RS.train.time", "RS.n.support.vectors", 
    "RS.index", "RS.n.solutions", "RS.generations", "RS.n.evaluations", 
    "RS.cpu.time", "DF.cost", "DF.gamma", "DF.data.balancing", 
    "DF.feature.selection", "DF.valid.acc", "DF.test.acc", "DF.train.time", 
    "DF.n.support.vectors", "DF.index", "DF.n.solutions", "DF.generations", 
    "DF.n.evaluations", "DF.cpu.time")))
