full <-
structure(c(50, 55, 60, 65, 70, 75, 80, 85, 90, 95, 100, 0.65402, 
1.02918, 1.62243, 2.92625, 3.54853, 2.38139, 2.62339, 1.4548, 
3.77673, 2.35124, 1.22602, -2.83903, -3.21133, -3.06717, -3.3965, 
-4.17808, -3.58932, -3.90838, -2.24206, -3.77235, -2.86449, -2.43544, 
0, 0, 0, 0, 0, 0, 0, 0, 0, 0, 0, 0, 0, 0, 0, 0, 0, 0, 0, 0, 0, 
0, 0.91394, 0.91858, 0.91668, 0.92307, 0.92409, 0.92351, 0.9292, 
0.92636, 0.92426, 0.93006, 0.92587, 0.91113, 0.91154, 0.91205, 
0.92201, 0.92259, 0.92118, 0.92482, 0.92347, 0.9196, 0.92785, 
0.92517, 0.5842, 0.6093, 0.7318, 0.7552, 0.752, 0.9287, 0.9414, 
1.5708, 1.1905, 1.6008, 1.9824, 522.5, 527.9, 571.9, 562.1, 526.2, 
604.2, 603.9, 860.5, 672.8, 823.8, 938.1, 2055, 816, 2199, 2096, 
1866, 1424, 1118, 740, 2100, 458, 913, 30, 324, 282, 15, 26, 
32, 200, 203, 16, 444, 108, 100, 100, 100, 100, 100, 100, 100, 
100, 100, 100, 100, 2500, 2500, 2500, 2500, 2500, 2500, 2500, 
2500, 2500, 2500, 2500, 22860.657, 24247.845, 28480.357, 32644.772, 
31121.492, 34480.851, 36104.633, 50042.4560000001, 49631.907, 
55067.5989999999, 62958.273, 1.34785, 2.48007, 1.53744, 1.02658, 
3.85, 1.81513, 2.58875, 1.67119, 2.91009, 1.92557, 1.79827, -3.50903, 
-3.52027, -3.06196, -2.59631, -4.43469, -3.03894, -4.0659, -2.43852, 
-2.30559, -2.74152, -2.43795, 0, 0, 0, 0, 0, 0, 0, 0, 0, 0, 0, 
0, 0, 0, 0, 0, 0, 0, 0, 0, 0, 0, 0.91115, 0.9173, 0.9161, 0.92091, 
0.92258, 0.9221, 0.92789, 0.92554, 0.92193, 0.92895, 0.92482, 
0.91115, 0.91348, 0.91205, 0.91769, 0.92258, 0.917, 0.92482, 
0.92429, 0.92077, 0.92638, 0.92202, 0.4994, 0.5593, 0.7123, 0.9177, 
0.7201, 1.0178, 0.9245, 1.4491, 1.7016, 1.5948, 1.8696, 472.3, 
497.8, 572.6, 661.9, 506, 663.3, 591.6, 824.1, 905.8, 845.6, 
944.1, 1443, 1137, 1373, 237, 1448, 784, 1891, 2484, 1379, 1317, 
2266, 1, 1, 1, 1, 3, 1, 2, 1, 2, 2, 1, 100, 100, 100, 100, 100, 
100, 100, 100, 100, 100, 100, 2500, 2500, 2500, 2500, 2500, 2500, 
2500, 2500, 2500, 2500, 2500, 27411.705, 30140.576, 35820.388, 
40655.625, 48329.256, 51700.05, 57535.518, 62632.7420000001, 
72190.775, 75040.814, 86276.6139999999, 1, 1, 1, 1, 1, 1, 1, 
1, 1, 1, 1, 0.02778, 0.02778, 0.02778, 0.02778, 0.02778, 0.02778, 
0.02778, 0.02778, 0.02778, 0.02778, 0.02778, 0, 0, 0, 0, 0, 0, 
0, 0, 0, 0, 0, 0, 0, 0, 0, 0, 0, 0, 0, 0, 0, 0, 0.88526, 0.88937, 
0.89222, 0.89345, 0.8966, 0.89927, 0.90211, 0.89796, 0.89821, 
0.8995, 0.89997, 0.88878, 0.89187, 0.88871, 0.88916, 0.8986, 
0.89833, 0.90167, 0.89713, 0.89628, 0.89878, 0.89858, 0.4357, 
0.5065, 0.6069, 0.6711, 0.7878, 0.8475, 0.9569, 1.0409, 1.1558, 
1.2698, 1.3692, 454.3, 485.6, 521.1, 558.5, 591.1, 618.4, 647.9, 
683.4, 720.4, 749.9, 778.6, 1, 1, 1, 1, 1, 1, 1, 1, 1, 1, 1, 
1, 1, 1, 1, 1, 1, 1, 1, 1, 1, 1, 1, 1, 1, 1, 1, 1, 1, 1, 1, 1, 
1, 1, 1, 1, 1, 1, 1, 1, 1, 1, 1, 1, 7.722, 8.645, 9.69, 10.322, 
11.843, 12.527, 13.513, 14.416, 15.575, 16.909, 17.994), .Dim = c(11L, 
40L), .Dimnames = list(NULL, c("Sampling", "PSO.cost", "PSO.gamma", 
"PSO.data.balancing", "PSO.feature.selection", "PSO.valid.acc", 
"PSO.test.acc", "PSO.train.time", "PSO.n.support.vectors", "PSO.index", 
"PSO.n.solutions", "PSO.generations", "PSO.n.evaluations", "PSO.cpu.time", 
"RS.cost", "RS.gamma", "RS.data.balancing", "RS.feature.selection", 
"RS.valid.acc", "RS.test.acc", "RS.train.time", "RS.n.support.vectors", 
"RS.index", "RS.n.solutions", "RS.generations", "RS.n.evaluations", 
"RS.cpu.time", "DF.cost", "DF.gamma", "DF.data.balancing", "DF.feature.selection", 
"DF.valid.acc", "DF.test.acc", "DF.train.time", "DF.n.support.vectors", 
"DF.index", "DF.n.solutions", "DF.generations", "DF.n.evaluations", 
"DF.cpu.time")))
