full <-
structure(c(50, 55, 60, 65, 70, 75, 80, 85, 90, 95, 100, 2.05831, 
1.42552, 2.68533, 1.55733, 2.24424, 1.19264, 1.74112, 2.75564, 
3.41301, 1.74881, 1.14888, -3.41531, -3.47994, -2.76653, -3.32823, 
-3.42325, -2.19044, -3.26392, -1.70587, -3.78074, -1.99524, -2.63204, 
0, 0, 0, 0, 0, 0, 0, 0, 0, 0, 0, 0, 0, 0, 0, 0, 0, 0, 0, 0, 0, 
0, 0.92861, 0.92056, 0.91847, 0.91987, 0.92361, 0.92025, 0.92698, 
0.92475, 0.92422, 0.92709, 0.92865, 0.92585, 0.91418, 0.91144, 
0.91772, 0.91662, 0.91886, 0.92175, 0.91777, 0.91954, 0.92562, 
0.92551, 0.4821, 0.5601, 0.7832, 0.7551, 0.8543, 1.3119, 1.0683, 
1.8704, 1.1644, 2.0385, 1.7164, 455.3, 485.1, 599, 572.7, 594.5, 
794.8, 675.3, 1006, 676.1, 997.3, 897.7, 464, 1831, 948, 963, 
589, 541, 553, 608, 999, 1022, 372, 598, 17, 324, 132, 322, 713, 
677, 525, 210, 95, 246, 100, 100, 100, 100, 100, 100, 100, 100, 
100, 100, 100, 2500, 2500, 2500, 2500, 2500, 2500, 2500, 2500, 
2500, 2500, 2500, 23744.679, 25777.071, 31569.346, 30561.312, 
33272.599, 45561.223, 42828.117, 61208.456, 46558.803, 65804.267, 
57956.098, 2.08167, 1.40821, 2.87109, 2.64229, 2.11306, 1.6367, 
2.30557, 2.39544, 1.33873, 1.98227, 0.9134, -3.93818, -3.46202, 
-2.85537, -2.04684, -3.57069, -2.90342, -3.98008, -1.67144, -2.62145, 
-2.27053, -2.58251, 0, 0, 0, 0, 0, 0, 0, 0, 0, 0, 0, 0, 0, 0, 
0, 0, 0, 0, 0, 0, 0, 0, 0.92652, 0.92056, 0.91554, 0.91826, 0.92212, 
0.91839, 0.92612, 0.92309, 0.92417, 0.92599, 0.92656, 0.92307, 
0.91482, 0.91146, 0.9161, 0.91663, 0.91886, 0.92088, 0.91817, 
0.92262, 0.92635, 0.92587, 0.4425, 0.5593, 0.7476, 1.0594, 0.8321, 
1.0919, 0.9765, 1.8757, 1.5037, 1.8265, 1.7609, 416.7, 486.9, 
585.9, 736.5, 583.6, 685.2, 615, 1011.4, 832.6, 938.9, 907.6, 
2258, 1422, 950, 595, 2451, 669, 68, 1803, 1822, 508, 2365, 2, 
1, 1, 1, 3, 1, 1, 1, 1, 1, 2, 100, 100, 100, 100, 100, 100, 100, 
100, 100, 100, 100, 2500, 2500, 2500, 2500, 2500, 2500, 2500, 
2500, 2500, 2500, 2500, 29622.375, 32854.193, 38026.597, 43212.223, 
47767.703, 55719.569, 65491.481, 65498.917, 73396.2070000001, 
80335.447, 78597.977, 1, 1, 1, 1, 1, 1, 1, 1, 1, 1, 1, 0.02778, 
0.02778, 0.02778, 0.02778, 0.02778, 0.02778, 0.02778, 0.02778, 
0.02778, 0.02778, 0.02778, 0, 0, 0, 0, 0, 0, 0, 0, 0, 0, 0, 0, 
0, 0, 0, 0, 0, 0, 0, 0, 0, 0, 0.89783, 0.89697, 0.89577, 0.89835, 
0.89961, 0.89647, 0.89861, 0.89963, 0.89818, 0.89765, 0.89963, 
0.89924, 0.89883, 0.89517, 0.89836, 0.89913, 0.89693, 0.89774, 
0.90005, 0.89934, 0.89801, 0.89789, 0.4389, 0.5151, 0.6006, 0.6889, 
0.7594, 0.8478, 0.9787, 1.0763, 1.1647, 1.2336, 1.3355, 441.7, 
479.3, 521.9, 559.5, 595.1, 627.5, 663, 702.1, 730, 745.7, 779.8, 
1, 1, 1, 1, 1, 1, 1, 1, 1, 1, 1, 1, 1, 1, 1, 1, 1, 1, 1, 1, 1, 
1, 1, 1, 1, 1, 1, 1, 1, 1, 1, 1, 1, 1, 1, 1, 1, 1, 1, 1, 1, 1, 
1, 1, 8.824, 9.71, 10.733, 10.84, 11.268, 13.29, 14.823, 15.567, 
16.785, 16.428, 17.781), .Dim = c(11L, 40L), .Dimnames = list(
    NULL, c("Sampling", "PSO.cost", "PSO.gamma", "PSO.data.balancing", 
    "PSO.feature.selection", "PSO.valid.acc", "PSO.test.acc", 
    "PSO.train.time", "PSO.n.support.vectors", "PSO.index", "PSO.n.solutions", 
    "PSO.generations", "PSO.n.evaluations", "PSO.cpu.time", "RS.cost", 
    "RS.gamma", "RS.data.balancing", "RS.feature.selection", 
    "RS.valid.acc", "RS.test.acc", "RS.train.time", "RS.n.support.vectors", 
    "RS.index", "RS.n.solutions", "RS.generations", "RS.n.evaluations", 
    "RS.cpu.time", "DF.cost", "DF.gamma", "DF.data.balancing", 
    "DF.feature.selection", "DF.valid.acc", "DF.test.acc", "DF.train.time", 
    "DF.n.support.vectors", "DF.index", "DF.n.solutions", "DF.generations", 
    "DF.n.evaluations", "DF.cpu.time")))
