full <-
structure(c(50, 55, 60, 65, 70, 75, 80, 85, 90, 95, 100, 1.54296, 
2.23614, 1.34321, 1.88053, 1.56163, 1.85497, 0.99586, 1.75298, 
0.88391, 1.78348, 2.08552, -2.23455, -2.9674, -3.194, -3.01056, 
-1.66789, -1.70151, -2.74482, -3.51686, -2.06582, -3.2185, -3.01453, 
0, 0, 0, 0, 0, 0, 0, 0, 0, 0, 0, 0, 0, 0, 0, 0, 0, 0, 0, 0, 0, 
0, 0.92518, 0.92755, 0.92775, 0.9268, 0.9321, 0.93005, 0.92482, 
0.92844, 0.92656, 0.92749, 0.92376, 0.92446, 0.92369, 0.91843, 
0.91928, 0.93009, 0.92491, 0.92439, 0.92556, 0.92346, 0.92381, 
0.92202, 0.6276, 0.6303, 0.6827, 0.8091, 1.365, 0.9538, 1.2115, 
1.1135, 1.7597, 1.4198, 1.6013, 542.1, 515.6, 547.9, 588.3, 830.9, 
875.7, 729.9, 674.8, 927.9, 768.7, 830.4, 645, 442, 2165, 920, 
1247, 1409, 684, 582, 261, 911, 1010, 128, 585, 209, 282, 259, 
4, 30, 345, 263, 112, 32, 100, 100, 100, 100, 100, 100, 100, 
100, 100, 100, 100, 2500, 2500, 2500, 2500, 2500, 2500, 2500, 
2500, 2500, 2500, 2500, 27016.3, 27201.647, 28497.768, 30534.967, 
43667.013, 42060.7, 38830.85, 36201.259, 54331.451, 47001.5780000001, 
57351.1719999999, 0.98703, 2.54297, 1.42556, 1.9517, 1.27222, 
1.14335, 1.20871, 1.69783, 0.81557, 2.80603, 2.56577, -2.25275, 
-3.24856, -2.74161, -3.0016, -2.59653, -1.57472, -2.56076, -3.51282, 
-1.75645, -3.75382, -2.54177, 0, 0, 0, 0, 0, 0, 0, 0, 0, 0, 0, 
0, 0, 0, 0, 0, 0, 0, 0, 0, 0, 0, 0.92239, 0.92564, 0.92658, 0.92625, 
0.92959, 0.92911, 0.9235, 0.92761, 0.92501, 0.92639, 0.9234, 
0.92306, 0.92241, 0.92016, 0.91821, 0.9256, 0.92209, 0.92439, 
0.92556, 0.91995, 0.92418, 0.92236, 0.6373, 0.5749, 0.7464, 0.7766, 
1.0147, 1.5624, 1.2703, 1.1009, 1.9468, 1.2421, 1.839, 537.5, 
490.5, 585.1, 589.4, 669.7, 898, 753.1, 676.4, 996.6, 707.5, 
924.9, 23, 949, 222, 69, 307, 700, 178, 865, 1547, 2259, 1275, 
2, 1, 3, 1, 2, 1, 1, 1, 2, 2, 1, 100, 100, 100, 100, 100, 100, 
100, 100, 100, 100, 100, 2500, 2500, 2500, 2500, 2500, 2500, 
2500, 2500, 2500, 2500, 2500, 29094.192, 28736.737, 32993.526, 
37754.845, 38073.696, 38298.65, 51270.799, 55456.751, 59158.9249999999, 
63657.894, 73040.284, 1, 1, 1, 1, 1, 1, 1, 1, 1, 1, 1, 0.02778, 
0.02778, 0.02778, 0.02778, 0.02778, 0.02778, 0.02778, 0.02778, 
0.02778, 0.02778, 0.02778, 0, 0, 0, 0, 0, 0, 0, 0, 0, 0, 0, 0, 
0, 0, 0, 0, 0, 0, 0, 0, 0, 0, 0.89508, 0.89503, 0.8992, 0.89828, 
0.90162, 0.89882, 0.9047, 0.89757, 0.90091, 0.89768, 0.90067, 
0.89162, 0.8982, 0.90094, 0.89615, 0.90213, 0.90115, 0.89991, 
0.8988, 0.90091, 0.89842, 0.89821, 0.4302, 0.3187, 0.5949, 0.6731, 
0.4756, 0.5389, 0.9393, 1.033, 1.1371, 1.2551, 1.3776, 442.4, 
476.1, 515.3, 546.2, 571.7, 607.8, 640.8, 677.1, 710.2, 746, 
776, 1, 1, 1, 1, 1, 1, 1, 1, 1, 1, 1, 1, 1, 1, 1, 1, 1, 1, 1, 
1, 1, 1, 1, 1, 1, 1, 1, 1, 1, 1, 1, 1, 1, 1, 1, 1, 1, 1, 1, 1, 
1, 1, 1, 1, 8.69, 5.627, 10.187, 11.006, 7.259, 8.016, 12.979, 
13.791, 14.898, 16.09, 18.453), .Dim = c(11L, 40L), .Dimnames = list(
    NULL, c("Sampling", "PSO.cost", "PSO.gamma", "PSO.data.balancing", 
    "PSO.feature.selection", "PSO.valid.acc", "PSO.test.acc", 
    "PSO.train.time", "PSO.n.support.vectors", "PSO.index", "PSO.n.solutions", 
    "PSO.generations", "PSO.n.evaluations", "PSO.cpu.time", "RS.cost", 
    "RS.gamma", "RS.data.balancing", "RS.feature.selection", 
    "RS.valid.acc", "RS.test.acc", "RS.train.time", "RS.n.support.vectors", 
    "RS.index", "RS.n.solutions", "RS.generations", "RS.n.evaluations", 
    "RS.cpu.time", "DF.cost", "DF.gamma", "DF.data.balancing", 
    "DF.feature.selection", "DF.valid.acc", "DF.test.acc", "DF.train.time", 
    "DF.n.support.vectors", "DF.index", "DF.n.solutions", "DF.generations", 
    "DF.n.evaluations", "DF.cpu.time")))
