full <-
structure(c(50, 55, 60, 65, 70, 75, 80, 85, 90, 95, 100, 3.05983, 
0.83265, 2.4898, 1.74818, 1.41341, 1.28146, 2.51711, 1.86812, 
0.92572, 2.26144, 0.82267, -3.72482, -3.29106, -3.3762, -3.1274, 
-2.53167, -2.70014, -3.15767, -3.13768, -2.09582, -3.06057, -2.61834, 
0, 0, 0, 0, 0, 0, 0, 0, 0, 0, 0, 0, 0, 0, 0, 0, 0, 0, 0, 0, 0, 
0, 0.9175, 0.91292, 0.91608, 0.91879, 0.9226, 0.92357, 0.92352, 
0.92471, 0.92542, 0.93083, 0.92654, 0.90351, 0.90464, 0.91492, 
0.91933, 0.92109, 0.92404, 0.92439, 0.92059, 0.92308, 0.92751, 
0.922, 0.4758, 0.5955, 0.6805, 0.7891, 1.0248, 1.0891, 1.1089, 
1.2168, 1.8773, 1.5415, 1.846, 445.9, 511.2, 534, 587.3, 699.3, 
709.6, 672.3, 711, 916.9, 789.9, 898.1, 1416, 2075, 1151, 2274, 
1014, 561, 2499, 1137, 859, 650, 1862, 109, 15, 34, 2, 143, 268, 
430, 119, 57, 472, 65, 100, 100, 100, 100, 100, 100, 100, 100, 
100, 100, 100, 2500, 2500, 2500, 2500, 2500, 2500, 2500, 2500, 
2500, 2500, 2500, 22454.394, 24647.876, 26848.499, 29949.322, 
37082.251, 39433.2180000001, 40656.574, 45407.512, 65306.754, 
57428.796, 69181.585, 2.90971, 0.79861, 4.69106, 4.03519, 1.80865, 
1.63839, 3.0769, 1.53051, 2.43875, 2.41967, 0.55383, -3.78578, 
-3.33429, -4.79647, -4.76828, -2.76382, -3.33175, -2.57049, -2.93509, 
-3.40367, -3.13724, -2.48079, 0, 0, 0, 0, 0, 0, 0, 0, 0, 0, 0, 
0, 0, 0, 0, 0, 0, 0, 0, 0, 0, 0, 0.9147, 0.91228, 0.91607, 0.91824, 
0.91961, 0.92125, 0.92264, 0.92265, 0.92309, 0.93009, 0.92549, 
0.90142, 0.90527, 0.91376, 0.91717, 0.9201, 0.92265, 0.92395, 
0.91978, 0.91997, 0.92752, 0.92271, 0.4731, 0.5847, 0.5456, 0.6122, 
0.9706, 0.9458, 1.2796, 1.2455, 1.334, 1.4329, 1.9391, 441, 509.5, 
441.4, 468.1, 666.7, 634, 767.9, 739, 708.3, 779, 921.2, 1269, 
1091, 786, 1704, 675, 2299, 2405, 1731, 752, 970, 1356, 1, 1, 
1, 1, 1, 1, 1, 1, 1, 1, 1, 100, 100, 100, 100, 100, 100, 100, 
100, 100, 100, 100, 2500, 2500, 2500, 2500, 2500, 2500, 2500, 
2500, 2500, 2500, 2500, 27937.754, 31080.491, 37151.62, 41476.083, 
46723.403, 53522.71, 57445.099, 59832.655, 82557.471, 82664.887, 
105005.485, 1, 1, 1, 1, 1, 1, 1, 1, 1, 1, 1, 0.02778, 0.02778, 
0.02778, 0.02778, 0.02778, 0.02778, 0.02778, 0.02778, 0.02778, 
0.02778, 0.02778, 0, 0, 0, 0, 0, 0, 0, 0, 0, 0, 0, 0, 0, 0, 0, 
0, 0, 0, 0, 0, 0, 0, 0.89161, 0.89195, 0.89743, 0.89727, 0.89561, 
0.89794, 0.89771, 0.90004, 0.90016, 0.90286, 0.90276, 0.88884, 
0.89071, 0.89102, 0.88919, 0.89511, 0.89841, 0.89728, 0.89881, 
0.89627, 0.89954, 0.90171, 0.4423, 0.5125, 0.6178, 0.6739, 0.7641, 
0.8394, 0.943, 1.0192, 1.189, 1.2512, 1.4211, 441.8, 484.5, 523.5, 
553.1, 586.2, 614.9, 641.7, 677.4, 712.5, 744.6, 781, 1, 1, 1, 
1, 1, 1, 1, 1, 1, 1, 1, 1, 1, 1, 1, 1, 1, 1, 1, 1, 1, 1, 1, 1, 
1, 1, 1, 1, 1, 1, 1, 1, 1, 1, 1, 1, 1, 1, 1, 1, 1, 1, 1, 1, 8.193, 
8.87, 10.112, 10.843, 11.717, 12.543, 13.485, 14.14, 17.213, 
18.355, 21.446), .Dim = c(11L, 40L), .Dimnames = list(NULL, c("Sampling", 
"PSO.cost", "PSO.gamma", "PSO.data.balancing", "PSO.feature.selection", 
"PSO.valid.acc", "PSO.test.acc", "PSO.train.time", "PSO.n.support.vectors", 
"PSO.index", "PSO.n.solutions", "PSO.generations", "PSO.n.evaluations", 
"PSO.cpu.time", "RS.cost", "RS.gamma", "RS.data.balancing", "RS.feature.selection", 
"RS.valid.acc", "RS.test.acc", "RS.train.time", "RS.n.support.vectors", 
"RS.index", "RS.n.solutions", "RS.generations", "RS.n.evaluations", 
"RS.cpu.time", "DF.cost", "DF.gamma", "DF.data.balancing", "DF.feature.selection", 
"DF.valid.acc", "DF.test.acc", "DF.train.time", "DF.n.support.vectors", 
"DF.index", "DF.n.solutions", "DF.generations", "DF.n.evaluations", 
"DF.cpu.time")))
