full <-
structure(c(50, 55, 60, 65, 70, 75, 80, 85, 90, 95, 100, 0.79513, 
1.3075, 2.43254, 2.40169, 0.96551, 1.19021, 1.08971, 0.70119, 
1.07208, 1.19366, 1.0475, -2.74514, -3.49773, -3.18688, -3.91442, 
-2.60253, -2.39551, -2.44547, -2.7731, -3.52581, -2.35141, -2.14775, 
0, 0, 0, 0, 0, 0, 0, 0, 0, 0, 0, 0, 0, 0, 0, 0, 0, 0, 0, 0, 0, 
0, 0.92375, 0.92625, 0.92479, 0.91987, 0.91958, 0.92351, 0.92439, 
0.93172, 0.92659, 0.92601, 0.92759, 0.91608, 0.92369, 0.92482, 
0.91396, 0.91858, 0.92025, 0.9244, 0.92514, 0.92386, 0.92306, 
0.92653, 0.5446, 0.5608, 0.7, 0.6942, 1.0199, 1.2495, 1.3137, 
1.379, 1.2883, 1.8193, 2.086, 499.4, 476.6, 538.9, 516.1, 678.6, 
752, 778.3, 771, 724.3, 919.6, 998, 1800, 1146, 693, 1320, 662, 
2156, 909, 585, 618, 1216, 1238, 7, 36, 341, 75, 257, 1, 46, 
471, 56, 115, 480, 100, 100, 100, 100, 100, 100, 100, 100, 100, 
100, 100, 2500, 2500, 2500, 2500, 2500, 2500, 2500, 2500, 2500, 
2500, 2500, 21869.99, 24604.446, 28801.15, 28749.117, 37388.158, 
40193.918, 44844.362, 46333.362, 47862.682, 61864.0719999999, 
69442.613, 0.6507, 1.96091, 2.45816, 2.35208, 2.71369, 2.56726, 
1.22065, 1.24246, 1.73094, 1.04913, 1.57609, -2.64379, -3.88174, 
-3.04048, -3.77516, -2.53584, -3.34591, -2.51077, -3.27266, -2.18227, 
-2.32729, -2.5706, 0, 0, 0, 0, 0, 0, 0, 0, 0, 0, 0, 0, 0, 0, 
0, 0, 0, 0, 0, 0, 0, 0, 0.92166, 0.9237, 0.92247, 0.91771, 0.9176, 
0.9221, 0.92264, 0.92885, 0.92619, 0.92527, 0.9262, 0.91607, 
0.92114, 0.9184, 0.91665, 0.9156, 0.92165, 0.9244, 0.92473, 0.92619, 
0.92416, 0.92654, 0.5613, 0.5266, 0.7103, 0.7149, 1.0702, 0.9862, 
1.2906, 1.242, 1.7731, 1.8092, 1.8796, 508.5, 452.8, 556.6, 523.5, 
693.4, 632.1, 770.7, 712.9, 915.2, 922.2, 915.4, 2201, 1224, 
2360, 1259, 2450, 111, 2123, 574, 267, 743, 2107, 1, 1, 1, 1, 
1, 2, 1, 2, 1, 1, 1, 100, 100, 100, 100, 100, 100, 100, 100, 
100, 100, 100, 2500, 2500, 2500, 2500, 2500, 2500, 2500, 2500, 
2500, 2500, 2500, 25762.325, 31811.177, 35809.502, 40139.948, 
46190.726, 55608.5930000001, 57565.768, 62151.5669999999, 72005.1640000001, 
80337.123, 88984.115, 1, 1, 1, 1, 1, 1, 1, 1, 1, 1, 1, 0.02778, 
0.02778, 0.02778, 0.02778, 0.02778, 0.02778, 0.02778, 0.02778, 
0.02778, 0.02778, 0.02778, 0, 0, 0, 0, 0, 0, 0, 0, 0, 0, 0, 0, 
0, 0, 0, 0, 0, 0, 0, 0, 0, 0, 0.89788, 0.89636, 0.8957, 0.89293, 
0.89209, 0.89832, 0.90034, 0.89963, 0.9017, 0.90279, 0.90103, 
0.89299, 0.897, 0.89685, 0.89671, 0.89409, 0.89648, 0.89729, 
0.90086, 0.90211, 0.90167, 0.90278, 0.4449, 0.5255, 0.6184, 0.6723, 
0.759, 0.8605, 0.9999, 1.0767, 1.1878, 1.2639, 1.3984, 435.3, 
473.8, 515.4, 544.4, 584.8, 618.8, 652, 683.6, 718.4, 747.5, 
778.5, 1, 1, 1, 1, 1, 1, 1, 1, 1, 1, 1, 1, 1, 1, 1, 1, 1, 1, 
1, 1, 1, 1, 1, 1, 1, 1, 1, 1, 1, 1, 1, 1, 1, 1, 1, 1, 1, 1, 1, 
1, 1, 1, 1, 1, 8.426, 9.27, 10.28, 10.826, 11.894, 13.079, 14.564, 
14.284, 16.638, 17.292, 19.107), .Dim = c(11L, 40L), .Dimnames = list(
    NULL, c("Sampling", "PSO.cost", "PSO.gamma", "PSO.data.balancing", 
    "PSO.feature.selection", "PSO.valid.acc", "PSO.test.acc", 
    "PSO.train.time", "PSO.n.support.vectors", "PSO.index", "PSO.n.solutions", 
    "PSO.generations", "PSO.n.evaluations", "PSO.cpu.time", "RS.cost", 
    "RS.gamma", "RS.data.balancing", "RS.feature.selection", 
    "RS.valid.acc", "RS.test.acc", "RS.train.time", "RS.n.support.vectors", 
    "RS.index", "RS.n.solutions", "RS.generations", "RS.n.evaluations", 
    "RS.cpu.time", "DF.cost", "DF.gamma", "DF.data.balancing", 
    "DF.feature.selection", "DF.valid.acc", "DF.test.acc", "DF.train.time", 
    "DF.n.support.vectors", "DF.index", "DF.n.solutions", "DF.generations", 
    "DF.n.evaluations", "DF.cpu.time")))
