full <-
structure(c(50, 55, 60, 65, 70, 75, 80, 85, 90, 95, 100, 0.44083, 
1.38456, 2.60228, 1.14135, 1.80757, 2.43334, 1.75644, 1.58945, 
1.41411, 2.18197, 1.01434, -2.7681, -2.08879, -2.59867, -2.59855, 
-2.09457, -3.36468, -2.08542, -2.31388, -1.91657, -1.85903, -1.68636, 
0, 0, 0, 0, 0, 0, 0, 0, 0, 0, 0, 0, 0, 0, 0, 0, 0, 0, 0, 0, 0, 
0, 0.91751, 0.91674, 0.91376, 0.91662, 0.91211, 0.92073, 0.92396, 
0.92149, 0.92308, 0.92601, 0.92656, 0.91401, 0.91419, 0.91143, 
0.91018, 0.91014, 0.91605, 0.91871, 0.91899, 0.9227, 0.92123, 
0.92516, 0.5531, 0.7669, 0.7796, 0.9038, 1.1933, 0.9509, 1.4814, 
1.4829, 1.8555, 2.0945, 2.3906, 514.6, 629.2, 607.4, 637.8, 768, 
624.4, 846.6, 844.1, 954.3, 1023.6, 1113.7, 982, 1290, 647, 2149, 
790, 1155, 832, 2131, 616, 812, 1796, 254, 148, 900, 462, 259, 
237, 330, 41, 88, 170, 8, 100, 100, 100, 100, 100, 100, 100, 
100, 100, 100, 100, 2500, 2500, 2500, 2500, 2500, 2500, 2500, 
2500, 2500, 2500, 2500, 21834.696, 26973.71, 28680.74, 33626.125, 
39199.81, 35336.689, 46636.788, 46968.6310000001, 55220.1089999999, 
65722.575, 67782.058, 1.10608, 1.56759, 2.92659, 1.26716, 2.06515, 
2.54639, 1.3613, 1.47746, 1.14172, 2.09541, 0.68309, -3.26481, 
-2.3902, -2.54381, -2.31582, -2.7239, -3.43939, -2.08479, -2.35592, 
-2.35842, -1.77746, -2.13669, 0, 0, 0, 0, 0, 0, 0, 0, 0, 0, 0, 
0, 0, 0, 0, 0, 0, 0, 0, 0, 0, 0, 0.9168, 0.91356, 0.91144, 0.91501, 
0.91162, 0.91793, 0.92308, 0.92067, 0.92231, 0.92564, 0.92516, 
0.91329, 0.91294, 0.90852, 0.91125, 0.91065, 0.91698, 0.91915, 
0.91899, 0.92348, 0.92123, 0.92551, 0.4911, 0.7283, 0.8212, 0.9794, 
0.9946, 0.9355, 1.4127, 1.4713, 1.6047, 2.1262, 2.0551, 475.2, 
592.9, 616.6, 680.4, 672.3, 615.7, 842.9, 836.9, 863.7, 1044.5, 
992.6, 1759, 2447, 2443, 571, 2357, 2184, 2218, 1098, 2418, 2314, 
1313, 1, 1, 1, 1, 1, 1, 1, 1, 1, 1, 2, 100, 100, 100, 100, 100, 
100, 100, 100, 100, 100, 100, 2500, 2500, 2500, 2500, 2500, 2500, 
2500, 2500, 2500, 2500, 2500, 25560.264, 28628.008, 33695.628, 
39338.256, 45049.906, 47543.574, 50870.008, 57086.899, 72853.905, 
72505.138, 76698.7659999999, 1, 1, 1, 1, 1, 1, 1, 1, 1, 1, 1, 
0.02778, 0.02778, 0.02778, 0.02778, 0.02778, 0.02778, 0.02778, 
0.02778, 0.02778, 0.02778, 0.02778, 0, 0, 0, 0, 0, 0, 0, 0, 0, 
0, 0, 0, 0, 0, 0, 0, 0, 0, 0, 0, 0, 0, 0.8972, 0.89386, 0.89276, 
0.89511, 0.89468, 0.89554, 0.90034, 0.89843, 0.90055, 0.8984, 
0.90415, 0.8958, 0.89766, 0.89278, 0.8978, 0.89816, 0.89692, 
0.89773, 0.90008, 0.8986, 0.90062, 0.901, 0.4187, 0.5086, 0.606, 
0.6723, 0.7747, 0.8549, 0.9342, 1.0289, 1.132, 1.2434, 1.3599, 
442, 479.2, 511.2, 545, 584.8, 614.4, 648.2, 680.2, 709.6, 744.1, 
779.7, 1, 1, 1, 1, 1, 1, 1, 1, 1, 1, 1, 1, 1, 1, 1, 1, 1, 1, 
1, 1, 1, 1, 1, 1, 1, 1, 1, 1, 1, 1, 1, 1, 1, 1, 1, 1, 1, 1, 1, 
1, 1, 1, 1, 1, 7.219, 8.112, 10.111, 9.94, 11.175, 12.125, 12.999, 
13.951, 16.003, 16.274, 17.612), .Dim = c(11L, 40L), .Dimnames = list(
    NULL, c("Sampling", "PSO.cost", "PSO.gamma", "PSO.data.balancing", 
    "PSO.feature.selection", "PSO.valid.acc", "PSO.test.acc", 
    "PSO.train.time", "PSO.n.support.vectors", "PSO.index", "PSO.n.solutions", 
    "PSO.generations", "PSO.n.evaluations", "PSO.cpu.time", "RS.cost", 
    "RS.gamma", "RS.data.balancing", "RS.feature.selection", 
    "RS.valid.acc", "RS.test.acc", "RS.train.time", "RS.n.support.vectors", 
    "RS.index", "RS.n.solutions", "RS.generations", "RS.n.evaluations", 
    "RS.cpu.time", "DF.cost", "DF.gamma", "DF.data.balancing", 
    "DF.feature.selection", "DF.valid.acc", "DF.test.acc", "DF.train.time", 
    "DF.n.support.vectors", "DF.index", "DF.n.solutions", "DF.generations", 
    "DF.n.evaluations", "DF.cpu.time")))
