full <-
structure(c(50, 55, 60, 65, 70, 75, 80, 85, 90, 95, 100, 2.7358, 
2.9751, 0.17936, 1.17206, 0.97842, 1.00685, 1.90304, 2.767, 3.05583, 
1.28316, 0.52654, -4.16037, -4.40941, -2.89913, -3.15827, -2.86199, 
-3.55285, -2.67665, -4.02389, -3.3308, -2.55499, -2.14538, 0, 
0, 0, 0, 0, 0, 0, 0, 0, 0, 0, 0, 0, 0, 0, 0, 0, 0, 0, 0, 0, 0, 
0.92511, 0.93066, 0.92483, 0.92415, 0.93009, 0.92826, 0.92746, 
0.92516, 0.92734, 0.92711, 0.92514, 0.91744, 0.92303, 0.92655, 
0.92305, 0.9241, 0.92778, 0.92091, 0.92106, 0.92618, 0.92455, 
0.92269, 0.4035, 0.4448, 0.6776, 0.745, 0.8923, 0.8557, 1.1615, 
0.9502, 1.2313, 1.6628, 1.9793, 399.9, 421.5, 570.1, 592.8, 650.8, 
622.9, 747.6, 632.1, 729.4, 884.5, 996.7, 986, 257, 957, 2079, 
727, 986, 1300, 1094, 352, 1423, 872, 40, 771, 304, 14, 304, 
267, 42, 121, 154, 49, 48, 100, 100, 100, 100, 100, 100, 100, 
100, 100, 100, 100, 2500, 2500, 2500, 2500, 2500, 2500, 2500, 
2500, 2500, 2500, 2500, 19000.24, 20784, 25952.166, 28297.815, 
32325.282, 31413.858, 38663.915, 37119.272, 49970.6730000001, 
53569.816, 61516.375, 2.73848, 3.42304, 0.24197, 1.28672, 1.01896, 
2.95658, 1.87653, 2.68593, 0.88011, 1.39282, 1.14772, -4.04758, 
-4.71925, -2.92163, -3.24553, -2.51805, -4.12281, -2.56699, -3.90754, 
-2.18745, -2.58106, -2.59679, 0, 0, 0, 0, 0, 0, 0, 0, 0, 0, 0, 
0, 0, 0, 0, 0, 0, 0, 0, 0, 0, 0, 0.92371, 0.92812, 0.92425, 0.92253, 
0.92909, 0.92593, 0.92658, 0.92433, 0.92657, 0.92601, 0.92374, 
0.91744, 0.92302, 0.92655, 0.92306, 0.92411, 0.92777, 0.92135, 
0.92065, 0.92658, 0.92455, 0.92374, 0.4239, 0.4304, 0.6634, 0.7247, 
0.9545, 0.7926, 1.1801, 1.0068, 1.5895, 1.6043, 1.6679, 406.4, 
404.4, 568, 582.2, 696.7, 566, 764.8, 641.6, 910.5, 880.9, 908.9, 
1336, 103, 2333, 897, 2012, 718, 1134, 318, 1771, 1335, 1760, 
1, 1, 1, 2, 1, 1, 1, 3, 1, 1, 2, 100, 100, 100, 100, 100, 100, 
100, 100, 100, 100, 100, 2500, 2500, 2500, 2500, 2500, 2500, 
2500, 2500, 2500, 2500, 2500, 24972.177, 29012.445, 31876.404, 
36457.091, 40364.921, 46919.807, 52828.85, 60004.1, 65559.048, 
73148.905, 77553.5129999999, 1, 1, 1, 1, 1, 1, 1, 1, 1, 1, 1, 
0.02778, 0.02778, 0.02778, 0.02778, 0.02778, 0.02778, 0.02778, 
0.02778, 0.02778, 0.02778, 0.02778, 0, 0, 0, 0, 0, 0, 0, 0, 0, 
0, 0, 0, 0, 0, 0, 0, 0, 0, 0, 0, 0, 0, 0.89715, 0.90389, 0.90152, 
0.89993, 0.90313, 0.90215, 0.90604, 0.90253, 0.90406, 0.90135, 
0.90379, 0.89923, 0.90135, 0.90267, 0.90263, 0.90412, 0.90354, 
0.90343, 0.90171, 0.90561, 0.90283, 0.90239, 0.3946, 0.4761, 
0.5488, 0.6335, 0.6835, 0.7843, 0.8799, 0.9522, 1.0755, 1.1796, 
1.2947, 433.5, 469.4, 504.9, 546.8, 576.9, 611.8, 646.5, 683.1, 
715.5, 747.8, 780.4, 1, 1, 1, 1, 1, 1, 1, 1, 1, 1, 1, 1, 1, 1, 
1, 1, 1, 1, 1, 1, 1, 1, 1, 1, 1, 1, 1, 1, 1, 1, 1, 1, 1, 1, 1, 
1, 1, 1, 1, 1, 1, 1, 1, 1, 7.288, 8.04, 8.676, 9.663, 10.144, 
11.496, 12.462, 13.386, 14.729, 15.703, 16.924), .Dim = c(11L, 
40L), .Dimnames = list(NULL, c("Sampling", "PSO.cost", "PSO.gamma", 
"PSO.data.balancing", "PSO.feature.selection", "PSO.valid.acc", 
"PSO.test.acc", "PSO.train.time", "PSO.n.support.vectors", "PSO.index", 
"PSO.n.solutions", "PSO.generations", "PSO.n.evaluations", "PSO.cpu.time", 
"RS.cost", "RS.gamma", "RS.data.balancing", "RS.feature.selection", 
"RS.valid.acc", "RS.test.acc", "RS.train.time", "RS.n.support.vectors", 
"RS.index", "RS.n.solutions", "RS.generations", "RS.n.evaluations", 
"RS.cpu.time", "DF.cost", "DF.gamma", "DF.data.balancing", "DF.feature.selection", 
"DF.valid.acc", "DF.test.acc", "DF.train.time", "DF.n.support.vectors", 
"DF.index", "DF.n.solutions", "DF.generations", "DF.n.evaluations", 
"DF.cpu.time")))
