full <-
structure(c(50, 55, 60, 65, 70, 75, 80, 85, 90, 95, 100, 1.55135, 
1.48051, 1.64388, 3.17113, 1.70672, 1.14541, 2.49449, 2.86342, 
2.18872, 1.63031, 1.63625, -2.89892, -2.73339, -2.4735, -3.02749, 
-3.06254, -2.40559, -3.75376, -3.69076, -3.26288, -2.86754, -2.36407, 
0, 0, 0, 0, 0, 0, 0, 0, 0, 0, 0, 0, 0, 0, 0, 0, 0, 0, 0, 0, 0, 
0, 0.91547, 0.93007, 0.9242, 0.92634, 0.92959, 0.92868, 0.93092, 
0.93012, 0.92927, 0.92677, 0.9304, 0.90985, 0.92435, 0.92009, 
0.91986, 0.92258, 0.92773, 0.93356, 0.926, 0.9281, 0.92236, 0.92655, 
0.396, 0.4776, 0.619, 0.6039, 0.6812, 0.9234, 0.7442, 0.816, 
0.9871, 1.2569, 1.5641, 508.4, 559.1, 626.3, 600.4, 628.3, 737.7, 
624.5, 655.9, 723.8, 817.7, 955, 1549, 678, 612, 1083, 1432, 
730, 408, 326, 1200, 766, 814, 1, 589, 398, 95, 15, 355, 219, 
663, 87, 563, 685, 100, 100, 100, 100, 100, 100, 100, 100, 100, 
100, 100, 2500, 2500, 2500, 2500, 2500, 2500, 2500, 2500, 2500, 
2500, 2500, 19762.862, 21704.726, 25330.754, 22851.353, 26006.126, 
32715.108, 29562.847, 31608.609, 37007.18, 42230.4530000001, 
48547.191, 1.52495, 1.16587, 1.16791, 2.04113, 1.63652, 1.20199, 
2.48544, 2.79125, 1.69517, 0.36435, 1.77781, -2.90947, -2.45917, 
-2.22532, -2.71699, -3.24039, -2.43322, -3.75954, -3.66135, -2.99566, 
-2.37389, -2.72223, 0, 0, 0, 0, 0, 0, 0, 0, 0, 0, 0, 0, 0, 0, 
0, 0, 0, 0, 0, 0, 0, 0, 0.91338, 0.92816, 0.92245, 0.92525, 0.92809, 
0.92821, 0.93048, 0.93012, 0.92889, 0.92493, 0.929, 0.90985, 
0.92371, 0.9195, 0.92042, 0.92108, 0.9282, 0.93356, 0.92518, 
0.92733, 0.92236, 0.92444, 0.3979, 0.5227, 0.6573, 0.6551, 0.6596, 
0.9169, 0.7343, 0.8293, 1.0525, 1.4509, 1.3994, 507.6, 589.5, 
658.9, 634.4, 607.1, 732.8, 624, 660.7, 757.7, 906.3, 878, 517, 
699, 1734, 495, 53, 215, 284, 1157, 620, 289, 635, 1, 3, 1, 1, 
1, 1, 1, 1, 1, 2, 1, 100, 100, 100, 100, 100, 100, 100, 100, 
100, 100, 100, 2500, 2500, 2500, 2500, 2500, 2500, 2500, 2500, 
2500, 2500, 2500, 23399.22, 25180.766, 28153.289, 29930.86, 34660.564, 
38301.762, 40636.121, 46511.661, 50482.389, 54164.2999999999, 
57539.265, 1, 1, 1, 1, 1, 1, 1, 1, 1, 1, 1, 0.02778, 0.02778, 
0.02778, 0.02778, 0.02778, 0.02778, 0.02778, 0.02778, 0.02778, 
0.02778, 0.02778, 0, 0, 0, 0, 0, 0, 0, 0, 0, 0, 0, 0, 0, 0, 0, 
0, 0, 0, 0, 0, 0, 0, 0.88677, 0.89767, 0.89212, 0.89783, 0.89761, 
0.90442, 0.90646, 0.90499, 0.9056, 0.90173, 0.90275, 0.88325, 
0.89322, 0.88978, 0.89835, 0.8971, 0.90255, 0.90779, 0.90418, 
0.90366, 0.90026, 0.90064, 0.3075, 0.36, 0.4248, 0.485, 0.5638, 
0.6277, 0.6983, 0.7955, 0.8817, 1.0017, 1.0691, 455.3, 483.7, 
516.4, 549, 582.2, 607.3, 643.7, 681.8, 710, 745.6, 779.5, 1, 
1, 1, 1, 1, 1, 1, 1, 1, 1, 1, 1, 1, 1, 1, 1, 1, 1, 1, 1, 1, 1, 
1, 1, 1, 1, 1, 1, 1, 1, 1, 1, 1, 1, 1, 1, 1, 1, 1, 1, 1, 1, 1, 
1, 6.93, 7.093, 7.023, 7.648, 8.993, 9.817, 9.947, 11.781, 12.237, 
13.277, 14.09), .Dim = c(11L, 40L), .Dimnames = list(NULL, c("Sampling", 
"PSO.cost", "PSO.gamma", "PSO.data.balancing", "PSO.feature.selection", 
"PSO.valid.acc", "PSO.test.acc", "PSO.train.time", "PSO.n.support.vectors", 
"PSO.index", "PSO.n.solutions", "PSO.generations", "PSO.n.evaluations", 
"PSO.cpu.time", "RS.cost", "RS.gamma", "RS.data.balancing", "RS.feature.selection", 
"RS.valid.acc", "RS.test.acc", "RS.train.time", "RS.n.support.vectors", 
"RS.index", "RS.n.solutions", "RS.generations", "RS.n.evaluations", 
"RS.cpu.time", "DF.cost", "DF.gamma", "DF.data.balancing", "DF.feature.selection", 
"DF.valid.acc", "DF.test.acc", "DF.train.time", "DF.n.support.vectors", 
"DF.index", "DF.n.solutions", "DF.generations", "DF.n.evaluations", 
"DF.cpu.time")))
