full <-
structure(c(50, 55, 60, 65, 70, 75, 80, 85, 90, 95, 100, 1.6874, 
2.49013, 2.26694, 0.38898, 0.20094, 2.43822, 2.48762, 1.06324, 
1.81954, 1.71464, 0.49294, -2.74807, -2.48469, -2.25376, -2.6168, 
-2.57609, -3.3615, -3.80889, -2.63833, -2.16867, -2.4579, -2.46732, 
0, 0, 0, 0, 0, 0, 0, 0, 0, 0, 0, 0, 0, 0, 0, 0, 0, 0, 0, 0, 0, 
0, 0.91112, 0.91159, 0.91553, 0.91394, 0.92456, 0.91936, 0.92085, 
0.92141, 0.92581, 0.92823, 0.92795, 0.91119, 0.90586, 0.90914, 
0.91017, 0.91906, 0.91236, 0.91737, 0.91854, 0.92502, 0.92528, 
0.92059, 0.5789, 0.7371, 0.8599, 0.8917, 1.0442, 0.9612, 1.0086, 
1.3827, 1.7493, 1.7574, 1.176, 521.2, 595.8, 664.2, 649, 693.9, 
641.8, 626.3, 795, 919.7, 904.7, 931.1, 882, 1662, 582, 1764, 
1106, 1104, 1542, 737, 933, 904, 957, 12, 1, 375, 12, 311, 153, 
12, 509, 295, 434, 221, 100, 100, 100, 100, 100, 100, 100, 100, 
100, 100, 100, 2500, 2500, 2500, 2500, 2500, 2500, 2500, 2500, 
2500, 2500, 2500, 27076.389, 31961.503, 34181.901, 31921.697, 
37945.008, 34975.647, 40400.516, 47055.86, 57487.5630000001, 
57221.3809999999, 58921.286, 1.33925, 2.5477, 2.37048, 0.80038, 
0.25202, 2.12889, 2.54326, 1.44472, 1.47444, 2.01153, 0.49653, 
-2.41914, -1.9422, -2.2327, -3.18322, -2.30111, -2.82511, -4.02039, 
-2.5329, -2.20689, -2.85131, -2.49091, 0, 0, 0, 0, 0, 0, 0, 0, 
0, 0, 0, 0, 0, 0, 0, 0, 0, 0, 0, 0, 0, 0, 0.90906, 0.90967, 0.91379, 
0.91286, 0.92357, 0.91936, 0.91955, 0.91977, 0.92501, 0.92713, 
0.9276, 0.91189, 0.90332, 0.90972, 0.91232, 0.92056, 0.91468, 
0.91825, 0.9173, 0.92463, 0.92455, 0.92094, 0.4071, 0.8499, 0.577, 
0.7986, 1.1219, 1.0996, 0.9695, 1.4194, 1.7189, 1.5611, 1.8042, 
551.2, 673.9, 669, 596.3, 728.5, 703, 609.9, 812.3, 911.9, 832.6, 
927.5, 835, 1381, 311, 260, 2132, 1220, 480, 12, 1534, 304, 2335, 
2, 1, 1, 1, 1, 1, 2, 2, 1, 1, 1, 100, 100, 100, 100, 100, 100, 
100, 100, 100, 100, 100, 2500, 2500, 2500, 2500, 2500, 2500, 
2500, 2500, 2500, 2500, 2500, 27053.657, 32556.525, 29323.771, 
38509.447, 44074.412, 48353.886, 55686.005, 58742.3250000001, 
63530.215, 66027.787, 73845.415, 1, 1, 1, 1, 1, 1, 1, 1, 1, 1, 
1, 0.02778, 0.02778, 0.02778, 0.02778, 0.02778, 0.02778, 0.02778, 
0.02778, 0.02778, 0.02778, 0.02778, 0, 0, 0, 0, 0, 0, 0, 0, 0, 
0, 0, 0, 0, 0, 0, 0, 0, 0, 0, 0, 0, 0, 0.88181, 0.88488, 0.89106, 
0.89885, 0.89907, 0.89558, 0.90034, 0.90208, 0.90171, 0.90137, 
0.89995, 0.8825, 0.88613, 0.88989, 0.89563, 0.90257, 0.89651, 
0.90383, 0.90208, 0.90131, 0.90062, 0.90274, 0.2948, 0.5225, 
0.6019, 0.668, 0.768, 0.8637, 0.9527, 1.0462, 1.1423, 1.2372, 
1.3615, 450.7, 490.9, 526.4, 553.4, 584.7, 617.7, 645.2, 678.7, 
709.2, 744.1, 778.9, 1, 1, 1, 1, 1, 1, 1, 1, 1, 1, 1, 1, 1, 1, 
1, 1, 1, 1, 1, 1, 1, 1, 1, 1, 1, 1, 1, 1, 1, 1, 1, 1, 1, 1, 1, 
1, 1, 1, 1, 1, 1, 1, 1, 1, 6.549, 9.544, 9.272, 9.866, 10.968, 
12.965, 13.966, 14.596, 15.799, 15.814, 18.245), .Dim = c(11L, 
40L), .Dimnames = list(NULL, c("Sampling", "PSO.cost", "PSO.gamma", 
"PSO.data.balancing", "PSO.feature.selection", "PSO.valid.acc", 
"PSO.test.acc", "PSO.train.time", "PSO.n.support.vectors", "PSO.index", 
"PSO.n.solutions", "PSO.generations", "PSO.n.evaluations", "PSO.cpu.time", 
"RS.cost", "RS.gamma", "RS.data.balancing", "RS.feature.selection", 
"RS.valid.acc", "RS.test.acc", "RS.train.time", "RS.n.support.vectors", 
"RS.index", "RS.n.solutions", "RS.generations", "RS.n.evaluations", 
"RS.cpu.time", "DF.cost", "DF.gamma", "DF.data.balancing", "DF.feature.selection", 
"DF.valid.acc", "DF.test.acc", "DF.train.time", "DF.n.support.vectors", 
"DF.index", "DF.n.solutions", "DF.generations", "DF.n.evaluations", 
"DF.cpu.time")))
