full <-
structure(c(50, 55, 60, 65, 70, 75, 80, 85, 90, 95, 100, 1.09773, 
1.93138, 2.81594, 0.74901, 2.27789, 1.6685, 0.55617, 2.62372, 
2.49869, 1.73305, 0.49358, -2.60141, -3.8831, -4.33987, -2.17366, 
-3.20745, -2.2479, -2.29297, -3.05256, -2.49535, -3.35531, -2.33218, 
0, 0, 0, 0, 0, 0, 0, 0, 0, 0, 0, 0, 0, 0, 0, 0, 0, 0, 0, 0, 0, 
0, 0.91542, 0.91487, 0.91903, 0.91826, 0.92158, 0.91935, 0.92176, 
0.92762, 0.92421, 0.92786, 0.9269, 0.90906, 0.91042, 0.92075, 
0.91396, 0.91706, 0.91703, 0.92, 0.92227, 0.92189, 0.92197, 0.92341, 
0.593, 0.5426, 0.5903, 1.0357, 0.8956, 1.2824, 1.3605, 1.2458, 
1.6117, 1.4669, 2.0063, 536.2, 474.3, 479, 707.9, 623, 780.6, 
803.4, 725.2, 865, 756.5, 959.7, 719, 529, 789, 1076, 836, 1049, 
1825, 2373, 705, 437, 687, 302, 233, 206, 194, 269, 53, 27, 27, 
117, 196, 314, 100, 100, 100, 100, 100, 100, 100, 100, 100, 100, 
100, 2500, 2500, 2500, 2500, 2500, 2500, 2500, 2500, 2500, 2500, 
2500, 23439.395, 22888.855, 27733.617, 38990.159, 35677.741, 
39826.302, 48040.179, 48093.301, 57134.196, 55737.058, 70397.861, 
1.0634, 2.05296, 2.7018, 2.05675, 4.85272, 3.30014, 0.77687, 
2.51659, 3.16309, 1.38945, 0.6257, -2.96372, -4.08945, -4.3808, 
-2.20157, -2.52496, -4.36714, -3.06553, -2.87787, -2.7583, -3.126, 
-1.95802, 0, 0, 0, 0, 0, 0, 0, 0, 0, 0, 0, 0, 0, 0, 0, 0, 0, 
0, 0, 0, 0, 0, 0.9147, 0.9123, 0.91786, 0.91771, 0.92006, 0.91934, 
0.92045, 0.92638, 0.92267, 0.92711, 0.92585, 0.90836, 0.91044, 
0.92074, 0.91664, 0.91456, 0.91842, 0.91696, 0.92146, 0.92073, 
0.92197, 0.9234, 0.5538, 0.5242, 0.5994, 1.0347, 1.0603, 0.7802, 
1.1356, 1.3359, 1.5874, 1.5112, 2.2272, 503, 461.6, 476.8, 709.4, 
708.5, 552.6, 705.3, 753.1, 819.3, 787.5, 1037.6, 1778, 865, 
255, 1444, 1444, 580, 41, 2474, 1906, 1701, 327, 1, 2, 1, 1, 
1, 1, 1, 2, 1, 1, 1, 100, 100, 100, 100, 100, 100, 100, 100, 
100, 100, 100, 2500, 2500, 2500, 2500, 2500, 2500, 2500, 2500, 
2500, 2500, 2500, 26743.516, 33449.754, 38085.413, 46298.269, 
43651.251, 47031.251, 51815.088, 69947.2119999999, 85774.6140000001, 
92493.49, 86955.056, 1, 1, 1, 1, 1, 1, 1, 1, 1, 1, 1, 0.02778, 
0.02778, 0.02778, 0.02778, 0.02778, 0.02778, 0.02778, 0.02778, 
0.02778, 0.02778, 0.02778, 0, 0, 0, 0, 0, 0, 0, 0, 0, 0, 0, 0, 
0, 0, 0, 0, 0, 0, 0, 0, 0, 0, 0.88958, 0.88938, 0.89513, 0.89725, 
0.8951, 0.89837, 0.89993, 0.90091, 0.89663, 0.90062, 0.89963, 
0.88808, 0.89129, 0.89571, 0.89726, 0.8941, 0.89883, 0.89906, 
0.89926, 0.89663, 0.90135, 0.89997, 0.4574, 0.5395, 0.6355, 0.6883, 
0.7831, 0.8429, 0.9706, 1.075, 1.1793, 1.2469, 1.4139, 453.1, 
494.6, 532.7, 562.6, 591.5, 620.3, 652.8, 688.2, 723.3, 745.4, 
778.8, 1, 1, 1, 1, 1, 1, 1, 1, 1, 1, 1, 1, 1, 1, 1, 1, 1, 1, 
1, 1, 1, 1, 1, 1, 1, 1, 1, 1, 1, 1, 1, 1, 1, 1, 1, 1, 1, 1, 1, 
1, 1, 1, 1, 1, 8.064, 10.085, 11.106, 11.932, 11.402, 12.035, 
13.406, 15.685, 17.268, 18.21, 19.555), .Dim = c(11L, 40L), .Dimnames = list(
    NULL, c("Sampling", "PSO.cost", "PSO.gamma", "PSO.data.balancing", 
    "PSO.feature.selection", "PSO.valid.acc", "PSO.test.acc", 
    "PSO.train.time", "PSO.n.support.vectors", "PSO.index", "PSO.n.solutions", 
    "PSO.generations", "PSO.n.evaluations", "PSO.cpu.time", "RS.cost", 
    "RS.gamma", "RS.data.balancing", "RS.feature.selection", 
    "RS.valid.acc", "RS.test.acc", "RS.train.time", "RS.n.support.vectors", 
    "RS.index", "RS.n.solutions", "RS.generations", "RS.n.evaluations", 
    "RS.cpu.time", "DF.cost", "DF.gamma", "DF.data.balancing", 
    "DF.feature.selection", "DF.valid.acc", "DF.test.acc", "DF.train.time", 
    "DF.n.support.vectors", "DF.index", "DF.n.solutions", "DF.generations", 
    "DF.n.evaluations", "DF.cpu.time")))
