full <-
structure(c(50, 55, 60, 65, 70, 75, 80, 85, 90, 95, 100, 1.87554, 
1.88376, 0.9971, 1.17185, 0.76216, 2.13324, 0.93016, 0.77969, 
2.48779, 1.39496, 1.90735, -3.49421, -3.51182, -2.72519, -2.76288, 
-2.45458, -3.12383, -2.36041, -2.50177, -2.02923, -2.39212, -2.31612, 
0, 0, 0, 0, 0, 0, 0, 0, 0, 0, 0, 0, 0, 0, 0, 0, 0, 0, 0, 0, 0, 
0, 0.92511, 0.92758, 0.92946, 0.92688, 0.92458, 0.92589, 0.92441, 
0.92802, 0.92811, 0.92491, 0.92727, 0.9216, 0.92695, 0.92421, 
0.92579, 0.92256, 0.91841, 0.92265, 0.92186, 0.92151, 0.92197, 
0.92272, 0.482, 0.5684, 0.7689, 0.8775, 1.0716, 1.0044, 1.4009, 
1.4195, 1.9138, 1.8286, 2.0103, 471.6, 489.6, 606.3, 633.2, 719.8, 
648.7, 805.4, 809.9, 961.5, 914.8, 967.3, 1270, 828, 615, 1569, 
1408, 511, 574, 880, 712, 592, 1283, 17, 105, 529, 73, 10, 576, 
255, 127, 220, 49, 194, 100, 100, 100, 100, 100, 100, 100, 100, 
100, 100, 100, 2500, 2500, 2500, 2500, 2500, 2500, 2500, 2500, 
2500, 2500, 2500, 21054.712, 22470.936, 28755.429, 29540.75, 
39314.509, 39164.136, 49379.528, 48982.3959999999, 63509.8890000001, 
64182.7560000001, 65343.6850000001, 1.58139, 1.7143, 1.20615, 
1.04881, 0.73437, 2.03866, 1.1765, 0.69343, 2.42374, 2.78673, 
3.06288, -2.81003, -3.39955, -2.74788, -2.78293, -2.60527, -3.10808, 
-2.37691, -2.49227, -2.12384, -2.36054, -3.38262, 0, 0, 0, 0, 
0, 0, 0, 0, 0, 0, 0, 0, 0, 0, 0, 0, 0, 0, 0, 0, 0, 0, 0.92369, 
0.92629, 0.92888, 0.92581, 0.92358, 0.92542, 0.92397, 0.92719, 
0.92655, 0.92417, 0.92587, 0.92229, 0.92758, 0.92421, 0.92525, 
0.92156, 0.91795, 0.92178, 0.92186, 0.92151, 0.91976, 0.92237, 
0.5644, 0.5632, 0.7387, 0.8294, 1.0461, 1.0037, 1.4121, 1.4129, 
1.8595, 1.8756, 1.4893, 527.5, 498.2, 603.6, 631.3, 695.8, 651.1, 
803.6, 812.8, 941.6, 932, 781.1, 2390, 1691, 1137, 186, 986, 
1553, 15, 919, 1581, 1813, 1463, 1, 1, 1, 1, 1, 2, 1, 1, 1, 2, 
2, 100, 100, 100, 100, 100, 100, 100, 100, 100, 100, 100, 2500, 
2500, 2500, 2500, 2500, 2500, 2500, 2500, 2500, 2500, 2500, 26590.152, 
29531.014, 32850.037, 39010.927, 51812.4779999999, 58030.4, 62703.782, 
68725.862, 72146.401, 85801.8320000001, 75418.6319999999, 1, 
1, 1, 1, 1, 1, 1, 1, 1, 1, 1, 0.02778, 0.02778, 0.02778, 0.02778, 
0.02778, 0.02778, 0.02778, 0.02778, 0.02778, 0.02778, 0.02778, 
0, 0, 0, 0, 0, 0, 0, 0, 0, 0, 0, 0, 0, 0, 0, 0, 0, 0, 0, 0, 0, 
0, 0.89641, 0.89963, 0.8986, 0.89997, 0.89858, 0.90164, 0.89862, 
0.9054, 0.90247, 0.89879, 0.89823, 0.89781, 0.90025, 0.90093, 
0.89515, 0.90157, 0.90163, 0.90255, 0.90499, 0.90286, 0.89768, 
0.89858, 0.4581, 0.5082, 0.584, 0.6737, 0.7681, 0.8773, 0.9668, 
1.0577, 1.1782, 1.3055, 1.3622, 464, 485.7, 524.8, 557.7, 589.2, 
617.2, 656.3, 681.6, 714.6, 750.7, 777.4, 1, 1, 1, 1, 1, 1, 1, 
1, 1, 1, 1, 1, 1, 1, 1, 1, 1, 1, 1, 1, 1, 1, 1, 1, 1, 1, 1, 1, 
1, 1, 1, 1, 1, 1, 1, 1, 1, 1, 1, 1, 1, 1, 1, 1, 7.763, 8.34, 
9.103, 11.049, 12.213, 13.422, 14.689, 15.541, 16.639, 18.457, 
17.602), .Dim = c(11L, 40L), .Dimnames = list(NULL, c("Sampling", 
"PSO.cost", "PSO.gamma", "PSO.data.balancing", "PSO.feature.selection", 
"PSO.valid.acc", "PSO.test.acc", "PSO.train.time", "PSO.n.support.vectors", 
"PSO.index", "PSO.n.solutions", "PSO.generations", "PSO.n.evaluations", 
"PSO.cpu.time", "RS.cost", "RS.gamma", "RS.data.balancing", "RS.feature.selection", 
"RS.valid.acc", "RS.test.acc", "RS.train.time", "RS.n.support.vectors", 
"RS.index", "RS.n.solutions", "RS.generations", "RS.n.evaluations", 
"RS.cpu.time", "DF.cost", "DF.gamma", "DF.data.balancing", "DF.feature.selection", 
"DF.valid.acc", "DF.test.acc", "DF.train.time", "DF.n.support.vectors", 
"DF.index", "DF.n.solutions", "DF.generations", "DF.n.evaluations", 
"DF.cpu.time")))
