full <-
structure(c(50, 55, 60, 65, 70, 75, 80, 85, 90, 95, 100, 1.54568, 
1.80067, 2.71153, 0.61061, 1.16541, 1.62381, 2.38892, 1.04207, 
1.2197, 2.33644, 1.89668, -2.64504, -3.41204, -3.56624, -2.25438, 
-3.13494, -2.71492, -3.76069, -2.60251, -2.03927, -2.64511, -2.70314, 
0, 0, 0, 0, 0, 0, 0, 0, 0, 0, 0, 0, 0, 0, 0, 0, 0, 0, 0, 0, 0, 
0, 0.9196, 0.91285, 0.91839, 0.91769, 0.92557, 0.92592, 0.92484, 
0.92682, 0.92696, 0.92748, 0.92934, 0.91329, 0.90968, 0.91552, 
0.91232, 0.92007, 0.92217, 0.92308, 0.92312, 0.92346, 0.92491, 
0.92655, 0.6084, 0.5809, 0.6748, 0.9828, 0.9101, 1.0931, 0.9781, 
1.3982, 1.8088, 1.6303, 1.7412, 538, 509.8, 526.8, 698, 630.6, 
704.1, 627.4, 796.5, 939.7, 857, 886, 706, 860, 460, 600, 1161, 
1188, 778, 1369, 1810, 1643, 696, 85, 144, 319, 152, 322, 41, 
320, 12, 65, 171, 501, 100, 100, 100, 100, 100, 100, 100, 100, 
100, 100, 100, 2500, 2500, 2500, 2500, 2500, 2500, 2500, 2500, 
2500, 2500, 2500, 26304.545, 25485.327, 26131.924, 37452.581, 
30195.595, 37315.311, 38395.884, 45505.71, 56267.306, 52421.1429999999, 
54368.623, 1.27918, 4.04223, 2.59686, 1.43907, 1.19163, 1.95732, 
2.67217, 1.47882, 2.31314, 2.38553, 1.98499, -2.56954, -4.24307, 
-3.39583, -2.04675, -3.1253, -2.76985, -3.81955, -2.86102, -2.45569, 
-2.60582, -2.73845, 0, 0, 0, 0, 0, 0, 0, 0, 0, 0, 0, 0, 0, 0, 
0, 0, 0, 0, 0, 0, 0, 0, 0.9182, 0.91156, 0.91606, 0.91715, 0.92557, 
0.92452, 0.9244, 0.92475, 0.92577, 0.92675, 0.92864, 0.9133, 
0.90393, 0.91668, 0.91284, 0.92006, 0.92264, 0.92265, 0.92477, 
0.92384, 0.92566, 0.9262, 0.6267, 0.4989, 0.674, 1.058, 0.8971, 
1.0978, 0.9687, 1.3083, 1.59, 1.6563, 1.7203, 545.2, 448.7, 541.1, 
735.6, 632.2, 695.9, 619.8, 762.1, 860.9, 864.3, 879.8, 2443, 
1401, 1530, 1069, 2035, 134, 223, 768, 1244, 46, 539, 2, 1, 1, 
1, 1, 1, 1, 2, 1, 1, 1, 100, 100, 100, 100, 100, 100, 100, 100, 
100, 100, 100, 2500, 2500, 2500, 2500, 2500, 2500, 2500, 2500, 
2500, 2500, 2500, 29594.127, 31473.933, 36434.477, 37974.313, 
44365.497, 49583.005, 51424.754, 52992.0360000001, 62945.6730000001, 
66292.9990000001, 71487.752, 1, 1, 1, 1, 1, 1, 1, 1, 1, 1, 1, 
0.02778, 0.02778, 0.02778, 0.02778, 0.02778, 0.02778, 0.02778, 
0.02778, 0.02778, 0.02778, 0.02778, 0, 0, 0, 0, 0, 0, 0, 0, 0, 
0, 0, 0, 0, 0, 0, 0, 0, 0, 0, 0, 0, 0, 0.89088, 0.88492, 0.89512, 
0.89722, 0.90113, 0.89933, 0.89993, 0.89972, 0.90171, 0.90209, 
0.90172, 0.88879, 0.89065, 0.88929, 0.89619, 0.90062, 0.89745, 
0.90125, 0.90012, 0.89744, 0.90171, 0.90137, 0.4564, 0.5402, 
0.5929, 0.4341, 0.7722, 0.8674, 0.9597, 1.0348, 1.1558, 1.2444, 
1.3845, 453.6, 489.9, 519.4, 552.7, 581.9, 615.5, 651.3, 679.4, 
711, 741.7, 780.8, 1, 1, 1, 1, 1, 1, 1, 1, 1, 1, 1, 1, 1, 1, 
1, 1, 1, 1, 1, 1, 1, 1, 1, 1, 1, 1, 1, 1, 1, 1, 1, 1, 1, 1, 1, 
1, 1, 1, 1, 1, 1, 1, 1, 1, 8.891, 9.611, 10.272, 6.887, 11.923, 
13.007, 14.021, 13.841, 15.92, 16.004, 18.452), .Dim = c(11L, 
40L), .Dimnames = list(NULL, c("Sampling", "PSO.cost", "PSO.gamma", 
"PSO.data.balancing", "PSO.feature.selection", "PSO.valid.acc", 
"PSO.test.acc", "PSO.train.time", "PSO.n.support.vectors", "PSO.index", 
"PSO.n.solutions", "PSO.generations", "PSO.n.evaluations", "PSO.cpu.time", 
"RS.cost", "RS.gamma", "RS.data.balancing", "RS.feature.selection", 
"RS.valid.acc", "RS.test.acc", "RS.train.time", "RS.n.support.vectors", 
"RS.index", "RS.n.solutions", "RS.generations", "RS.n.evaluations", 
"RS.cpu.time", "DF.cost", "DF.gamma", "DF.data.balancing", "DF.feature.selection", 
"DF.valid.acc", "DF.test.acc", "DF.train.time", "DF.n.support.vectors", 
"DF.index", "DF.n.solutions", "DF.generations", "DF.n.evaluations", 
"DF.cpu.time")))
