full <-
structure(c(50, 55, 60, 65, 70, 75, 80, 85, 90, 95, 100, 2.59596, 
2.08931, 1.4517, 3.57446, 2.87975, 2.14762, 1.36389, 0.95633, 
1.79052, 0.79635, 1.67846, -2.86225, -2.64344, -2.25639, -3.21404, 
-2.58145, -2.2251, -2.69826, -1.919, -2.43541, -2.4314, -2.37398, 
0, 0, 0, 0, 0, 0, 0, 0, 0, 0, 0, 0, 0, 0, 0, 0, 0, 0, 0, 0, 0, 
0, 0.92656, 0.9256, 0.92192, 0.92685, 0.92059, 0.92356, 0.92698, 
0.92719, 0.92852, 0.9264, 0.92795, 0.92167, 0.92051, 0.91434, 
0.92039, 0.91609, 0.91751, 0.92, 0.9276, 0.92347, 0.9253, 0.92619, 
0.5524, 0.6849, 0.8945, 0.7941, 1.075, 0.8326, 1.2138, 1.7042, 
1.5977, 1.7735, 1.9248, 525.2, 584.8, 666.7, 594.2, 724.3, 806.5, 
755.4, 926.7, 865.9, 904.7, 957, 358, 677, 1235, 1110, 1936, 
895, 2468, 1028, 2074, 871, 543, 779, 414, 242, 344, 11, 485, 
1, 306, 16, 3, 704, 100, 100, 100, 100, 100, 100, 100, 100, 100, 
100, 100, 2500, 2500, 2500, 2500, 2500, 2500, 2500, 2500, 2500, 
2500, 2500, 23189.427, 27059.334, 31219.003, 32091.767, 38022.105, 
36130.438, 42953.702, 49418.589, 51480.968, 57797.9480000001, 
58566.277, 2.18529, 2.1346, 1.16365, 2.78899, 2.57325, 2.50345, 
3.20784, 1.08556, 3.52402, 1.3903, 1.91698, -2.26455, -2.7144, 
-2.26126, -3.25315, -2.70209, -2.25859, -2.60716, -2.02302, -2.96031, 
-2.32057, -2.62629, 0, 0, 0, 0, 0, 0, 0, 0, 0, 0, 0, 0, 0, 0, 
0, 0, 0, 0, 0, 0, 0, 0, 0.92444, 0.92497, 0.92017, 0.92471, 0.91809, 
0.9217, 0.92437, 0.92637, 0.92735, 0.92529, 0.92725, 0.91955, 
0.91987, 0.9155, 0.92094, 0.91958, 0.91565, 0.9178, 0.92801, 
0.92115, 0.92088, 0.92305, 0.6538, 0.6892, 0.8845, 0.783, 1.041, 
1.2984, 1.2859, 1.6422, 1.3994, 1.7933, 1.8044, 585.7, 577.4, 
666.3, 591.2, 701.3, 805.3, 781.7, 907.2, 778.3, 927.8, 907.4, 
2248, 1836, 1757, 301, 911, 32, 101, 619, 792, 2471, 2351, 1, 
1, 1, 1, 1, 2, 1, 1, 1, 1, 1, 100, 100, 100, 100, 100, 100, 100, 
100, 100, 100, 100, 2500, 2500, 2500, 2500, 2500, 2500, 2500, 
2500, 2500, 2500, 2500, 24960.123, 29540.955, 36405.463, 40461.954, 
45198.57, 46754.594, 53777.852, 49586.123, 61249.4010000001, 
68949.3639999999, 72429.409, 1, 1, 1, 1, 1, 1, 1, 1, 1, 1, 1, 
0.02778, 0.02778, 0.02778, 0.02778, 0.02778, 0.02778, 0.02778, 
0.02778, 0.02778, 0.02778, 0.02778, 0, 0, 0, 0, 0, 0, 0, 0, 0, 
0, 0, 0, 0, 0, 0, 0, 0, 0, 0, 0, 0, 0, 0.88037, 0.88874, 0.89102, 
0.89785, 0.89359, 0.89189, 0.89684, 0.89716, 0.90366, 0.90173, 
0.90064, 0.88529, 0.89128, 0.89102, 0.89516, 0.8936, 0.8919, 
0.90077, 0.89675, 0.90211, 0.90062, 0.89819, 0.4353, 0.511, 0.6027, 
0.6662, 0.7733, 0.8618, 0.9411, 0.66, 1.1354, 1.2771, 1.3694, 
436.5, 474.2, 512.4, 541.3, 585.9, 622.2, 651.6, 676.4, 713.1, 
748.3, 779.2, 1, 1, 1, 1, 1, 1, 1, 1, 1, 1, 1, 1, 1, 1, 1, 1, 
1, 1, 1, 1, 1, 1, 1, 1, 1, 1, 1, 1, 1, 1, 1, 1, 1, 1, 1, 1, 1, 
1, 1, 1, 1, 1, 1, 1, 8.876, 8.286, 10.303, 10.892, 12.017, 12.065, 
12.822, 9.843, 15.483, 16.47, 17.387), .Dim = c(11L, 40L), .Dimnames = list(
    NULL, c("Sampling", "PSO.cost", "PSO.gamma", "PSO.data.balancing", 
    "PSO.feature.selection", "PSO.valid.acc", "PSO.test.acc", 
    "PSO.train.time", "PSO.n.support.vectors", "PSO.index", "PSO.n.solutions", 
    "PSO.generations", "PSO.n.evaluations", "PSO.cpu.time", "RS.cost", 
    "RS.gamma", "RS.data.balancing", "RS.feature.selection", 
    "RS.valid.acc", "RS.test.acc", "RS.train.time", "RS.n.support.vectors", 
    "RS.index", "RS.n.solutions", "RS.generations", "RS.n.evaluations", 
    "RS.cpu.time", "DF.cost", "DF.gamma", "DF.data.balancing", 
    "DF.feature.selection", "DF.valid.acc", "DF.test.acc", "DF.train.time", 
    "DF.n.support.vectors", "DF.index", "DF.n.solutions", "DF.generations", 
    "DF.n.evaluations", "DF.cpu.time")))
