full <-
structure(c(50, 55, 60, 65, 70, 75, 80, 85, 90, 95, 100, 2.31506, 
1.43037, 3.28131, 1.7558, 1.28726, 1.71599, 0.99673, 1.07957, 
1.10444, 1.67226, 1.8607, -2.00795, -2.43411, -2.77378, -2.31315, 
-2.6041, -2.53815, -2.75998, -2.27677, -2.31923, -2.30109, -2.47288, 
0, 0, 0, 0, 0, 0, 0, 0, 0, 0, 0, 0, 0, 0, 0, 0, 0, 0, 0, 0, 0, 
0, 0.92586, 0.9212, 0.92139, 0.9231, 0.92254, 0.92681, 0.92002, 
0.92515, 0.92574, 0.92751, 0.92863, 0.91744, 0.9199, 0.91617, 
0.92201, 0.92104, 0.92356, 0.92046, 0.92227, 0.91993, 0.92418, 
0.92373, 0.6897, 0.6788, 0.7072, 0.9043, 0.9518, 1.0865, 1.0857, 
1.4116, 1.6036, 1.7321, 1.8171, 583.5, 582.4, 588.3, 691.6, 686.2, 
736.8, 733.5, 849.3, 879.8, 928.5, 936.1, 1139, 2192, 1086, 514, 
410, 1008, 406, 1019, 596, 1075, 834, 439, 110, 115, 418, 223, 
318, 249, 68, 579, 16, 312, 100, 100, 100, 100, 100, 100, 100, 
100, 100, 100, 100, 2500, 2500, 2500, 2500, 2500, 2500, 2500, 
2500, 2500, 2500, 2500, 24366.242, 24528.369, 26146.257, 31924.309, 
33941.061, 35896.3, 39266.446, 47381.659, 51154.821, 55136.732, 
61032.5730000001, 2.01157, 1.39645, 3.32214, 1.58595, 1.41575, 
1.68219, 0.51558, 1.21717, 1.29137, 1.86217, 1.81058, -2.07371, 
-2.33512, -2.75482, -2.22188, -2.90091, -2.5326, -2.45639, -2.31955, 
-2.44039, -3.16517, -2.48067, 0, 0, 0, 0, 0, 0, 0, 0, 0, 0, 0, 
0, 0, 0, 0, 0, 0, 0, 0, 0, 0, 0, 0.92515, 0.9212, 0.92022, 0.92149, 
0.92154, 0.92588, 0.91914, 0.9235, 0.92457, 0.92639, 0.92793, 
0.91743, 0.91926, 0.91676, 0.92093, 0.92003, 0.92403, 0.92002, 
0.92227, 0.91954, 0.92234, 0.92408, 0.6447, 0.6892, 0.6881, 0.934, 
0.8855, 1.0904, 1.2201, 1.443, 1.5286, 1.3792, 1.7932, 576.6, 
595.6, 591.6, 705.3, 648.8, 737.9, 780.9, 843.3, 859.1, 779.4, 
933.8, 900, 1271, 1556, 2245, 2022, 1333, 1357, 1876, 1026, 1504, 
1041, 1, 1, 1, 1, 2, 1, 1, 2, 1, 2, 1, 100, 100, 100, 100, 100, 
100, 100, 100, 100, 100, 100, 2500, 2500, 2500, 2500, 2500, 2500, 
2500, 2500, 2500, 2500, 2500, 25525.514, 28636.012, 32864.364, 
36780.903, 42558.209, 47599.336, 54352.324, 58935.093, 65890.838, 
70159.338, 75551.395, 1, 1, 1, 1, 1, 1, 1, 1, 1, 1, 1, 0.02778, 
0.02778, 0.02778, 0.02778, 0.02778, 0.02778, 0.02778, 0.02778, 
0.02778, 0.02778, 0.02778, 0, 0, 0, 0, 0, 0, 0, 0, 0, 0, 0, 0, 
0, 0, 0, 0, 0, 0, 0, 0, 0, 0, 0.90551, 0.90337, 0.89802, 0.90108, 
0.90205, 0.89606, 0.89903, 0.89801, 0.9028, 0.89915, 0.90101, 
0.9027, 0.9008, 0.89632, 0.89678, 0.89855, 0.89562, 0.9034, 0.90089, 
0.89778, 0.90025, 0.89996, 0.4022, 0.4852, 0.5446, 0.6194, 0.7109, 
0.787, 0.875, 0.9805, 1.0565, 1.178, 1.2837, 430.8, 478.1, 514.4, 
548.5, 580.9, 614.1, 643.3, 675.8, 714.1, 742.1, 779.7, 1, 1, 
1, 1, 1, 1, 1, 1, 1, 1, 1, 1, 1, 1, 1, 1, 1, 1, 1, 1, 1, 1, 1, 
1, 1, 1, 1, 1, 1, 1, 1, 1, 1, 1, 1, 1, 1, 1, 1, 1, 1, 1, 1, 1, 
7.006, 8.261, 8.841, 9.451, 10.516, 11.353, 12.429, 13.668, 14.508, 
16.017, 16.449), .Dim = c(11L, 40L), .Dimnames = list(NULL, c("Sampling", 
"PSO.cost", "PSO.gamma", "PSO.data.balancing", "PSO.feature.selection", 
"PSO.valid.acc", "PSO.test.acc", "PSO.train.time", "PSO.n.support.vectors", 
"PSO.index", "PSO.n.solutions", "PSO.generations", "PSO.n.evaluations", 
"PSO.cpu.time", "RS.cost", "RS.gamma", "RS.data.balancing", "RS.feature.selection", 
"RS.valid.acc", "RS.test.acc", "RS.train.time", "RS.n.support.vectors", 
"RS.index", "RS.n.solutions", "RS.generations", "RS.n.evaluations", 
"RS.cpu.time", "DF.cost", "DF.gamma", "DF.data.balancing", "DF.feature.selection", 
"DF.valid.acc", "DF.test.acc", "DF.train.time", "DF.n.support.vectors", 
"DF.index", "DF.n.solutions", "DF.generations", "DF.n.evaluations", 
"DF.cpu.time")))
