full <-
structure(c(50, 55, 60, 65, 70, 75, 80, 85, 90, 95, 100, 2.00049, 
1.62241, 1.6977, 1.98476, 2.73064, 2.2491, 1.28365, 1.68567, 
1.93566, 1.76739, 1.16705, -2.63976, -2.23407, -2.37184, -2.45605, 
-3.0253, -3.01067, -2.18704, -2.8097, -2.28533, -2.94941, -2.40938, 
0, 0, 0, 0, 0, 0, 0, 0, 0, 0, 0, 0, 0, 0, 0, 0, 0, 0, 0, 0, 0, 
0, 0.92723, 0.9275, 0.9289, 0.92792, 0.92557, 0.92676, 0.92483, 
0.92392, 0.92584, 0.92821, 0.92692, 0.92372, 0.92621, 0.92654, 
0.92359, 0.92057, 0.92491, 0.92351, 0.91982, 0.92041, 0.92857, 
0.92307, 0.5315, 0.7188, 0.8079, 0.9267, 0.8867, 0.9947, 1.437, 
1.3127, 1.7208, 1.5443, 1.9216, 478.1, 568.4, 600.3, 643, 620.1, 
655.6, 802.5, 758.4, 897.4, 810.3, 942.3, 726, 2032, 961, 1860, 
529, 980, 1360, 740, 1159, 722, 1066, 134, 21, 398, 62, 90, 261, 
99, 238, 222, 405, 225, 100, 100, 100, 100, 100, 100, 100, 100, 
100, 100, 100, 2500, 2500, 2500, 2500, 2500, 2500, 2500, 2500, 
2500, 2500, 2500, 22811.611, 26686.315, 29477.658, 31575.302, 
35513.593, 37614.73, 49068.698, 43421.2910000001, 55485.795, 
50903.321, 62295.495, 1.87399, 1.88283, 2.23926, 2.34427, 1.61967, 
2.82804, 1.24691, 1.62749, 2.20582, 1.77364, 1.1599, -2.40955, 
-2.48059, -2.75992, -2.97818, -2.3595, -3.39506, -2.17139, -2.88589, 
-2.39338, -3.07453, -2.4924, 0, 0, 0, 0, 0, 0, 0, 0, 0, 0, 0, 
0, 0, 0, 0, 0, 0, 0, 0, 0, 0, 0, 0.92656, 0.92558, 0.92715, 0.92523, 
0.92357, 0.9249, 0.92395, 0.92309, 0.9239, 0.9271, 0.92552, 0.92374, 
0.92367, 0.92304, 0.92251, 0.92307, 0.92398, 0.92351, 0.92064, 
0.92195, 0.92747, 0.92377, 0.5605, 0.6626, 0.7462, 0.8088, 1.0516, 
0.9422, 1.4198, 1.2799, 1.6581, 1.5272, 1.8746, 500.1, 539, 558.9, 
586.9, 696.7, 612.4, 805.7, 749.9, 877.4, 794, 925.2, 1554, 1194, 
617, 1459, 681, 2481, 274, 774, 226, 1380, 1938, 1, 1, 1, 1, 
4, 1, 1, 1, 2, 2, 1, 100, 100, 100, 100, 100, 100, 100, 100, 
100, 100, 100, 2500, 2500, 2500, 2500, 2500, 2500, 2500, 2500, 
2500, 2500, 2500, 25655.246, 29622.233, 34553.595, 39010.928, 
49601.187, 57497.148, 56709.2450000001, 60205.581, 68253.926, 
75075.4480000001, 76723.6880000001, 1, 1, 1, 1, 1, 1, 1, 1, 1, 
1, 1, 0.02778, 0.02778, 0.02778, 0.02778, 0.02778, 0.02778, 0.02778, 
0.02778, 0.02778, 0.02778, 0.02778, 0, 0, 0, 0, 0, 0, 0, 0, 0, 
0, 0, 0, 0, 0, 0, 0, 0, 0, 0, 0, 0, 0, 0.89856, 0.89384, 0.89335, 
0.89773, 0.89909, 0.90019, 0.90081, 0.90048, 0.899, 0.90209, 
0.8972, 0.90137, 0.89955, 0.89628, 0.89395, 0.89959, 0.90066, 
0.90303, 0.89842, 0.90016, 0.90244, 0.89965, 0.4189, 0.4992, 
0.5876, 0.6479, 0.74, 0.8548, 0.9365, 1.0556, 1.1746, 1.2794, 
1.3891, 430.4, 466.3, 504.8, 539.7, 573.6, 607.8, 637.3, 681.1, 
714.2, 748, 778.6, 1, 1, 1, 1, 1, 1, 1, 1, 1, 1, 1, 1, 1, 1, 
1, 1, 1, 1, 1, 1, 1, 1, 1, 1, 1, 1, 1, 1, 1, 1, 1, 1, 1, 1, 1, 
1, 1, 1, 1, 1, 1, 1, 1, 1, 7.399, 8.171, 9.151, 10.684, 11.852, 
13.248, 12.908, 14.186, 15.428, 16.74, 17.918), .Dim = c(11L, 
40L), .Dimnames = list(NULL, c("Sampling", "PSO.cost", "PSO.gamma", 
"PSO.data.balancing", "PSO.feature.selection", "PSO.valid.acc", 
"PSO.test.acc", "PSO.train.time", "PSO.n.support.vectors", "PSO.index", 
"PSO.n.solutions", "PSO.generations", "PSO.n.evaluations", "PSO.cpu.time", 
"RS.cost", "RS.gamma", "RS.data.balancing", "RS.feature.selection", 
"RS.valid.acc", "RS.test.acc", "RS.train.time", "RS.n.support.vectors", 
"RS.index", "RS.n.solutions", "RS.generations", "RS.n.evaluations", 
"RS.cpu.time", "DF.cost", "DF.gamma", "DF.data.balancing", "DF.feature.selection", 
"DF.valid.acc", "DF.test.acc", "DF.train.time", "DF.n.support.vectors", 
"DF.index", "DF.n.solutions", "DF.generations", "DF.n.evaluations", 
"DF.cpu.time")))
