full <-
structure(c(50, 55, 60, 65, 70, 75, 80, 85, 90, 95, 100, 2.54178, 
1.67403, 2.14503, 1.9562, 1.39526, 1.25664, 2.65435, 2.35261, 
0.64998, 1.40662, 3.04061, -2.39127, -2.74891, -3.5953, -2.88319, 
-2.88581, -3.18629, -3.72973, -2.29932, -2.18642, -2.55316, -3.04269, 
0, 0, 0, 0, 0, 0, 0, 0, 0, 0, 0, 0, 0, 0, 0, 0, 0, 0, 0, 0, 0, 
0, 0.91049, 0.91673, 0.92129, 0.9226, 0.92009, 0.91747, 0.91827, 
0.92105, 0.92463, 0.92455, 0.92863, 0.90418, 0.91165, 0.91432, 
0.92096, 0.91808, 0.91139, 0.91476, 0.92187, 0.92152, 0.9227, 
0.92374, 0.6782, 0.6788, 0.6631, 0.8412, 0.6411, 1.0188, 1.0003, 
1.521, 1.6926, 1.0853, 1.6168, 574.2, 566.9, 529.4, 620.2, 654.8, 
669.8, 646.4, 860.2, 911.1, 892.8, 829.2, 637, 642, 544, 1045, 
800, 1466, 539, 1196, 976, 898, 884, 74, 108, 158, 291, 494, 
75, 66, 295, 248, 292, 163, 100, 100, 100, 100, 100, 100, 100, 
100, 100, 100, 100, 2500, 2500, 2500, 2500, 2500, 2500, 2500, 
2500, 2500, 2500, 2500, 26542.415, 25315.348, 25613.829, 32032.553, 
28807.812, 36364.1690000001, 38208.156, 48051.5989999999, 52864.194, 
51209.7849999999, 55413.343, 0.87454, 1.37955, 0.72894, 2.02022, 
1.09409, 1.38389, 2.3671, 1.79054, 0.61168, 0.51256, 3.30471, 
-2.95527, -2.77033, -3.31643, -2.77805, -2.8845, -2.8638, -3.04348, 
-2.31184, -1.95594, -2.04643, -2.94, 0, 0, 0, 0, 0, 0, 0, 0, 
0, 0, 0, 0, 0, 0, 0, 0, 0, 0, 0, 0, 0, 0, 0.90976, 0.91482, 0.9184, 
0.92153, 0.91659, 0.9156, 0.91695, 0.92063, 0.92269, 0.92308, 
0.92723, 0.90694, 0.91419, 0.91315, 0.9215, 0.91957, 0.91325, 
0.91651, 0.92145, 0.92268, 0.9205, 0.92094, 0.5686, 0.6782, 0.6924, 
0.5527, 0.9503, 1.0731, 1.1524, 1.5158, 1.8281, 1.988, 1.6433, 
513.8, 565, 565.1, 634, 656.1, 701, 713.2, 854.5, 960.5, 991.1, 
846, 1473, 418, 2169, 1247, 2148, 1638, 1786, 2263, 1929, 2030, 
2109, 1, 1, 1, 1, 2, 1, 3, 1, 1, 2, 2, 100, 100, 100, 100, 100, 
100, 100, 100, 100, 100, 100, 2500, 2500, 2500, 2500, 2500, 2500, 
2500, 2500, 2500, 2500, 2500, 28361.804, 30146.567, 32709.872, 
33131.905, 40135.337, 48152.41, 52144.818, 57814.272, 60692.85, 
63589.5399999999, 72331.436, 1, 1, 1, 1, 1, 1, 1, 1, 1, 1, 1, 
0.02778, 0.02778, 0.02778, 0.02778, 0.02778, 0.02778, 0.02778, 
0.02778, 0.02778, 0.02778, 0.02778, 0, 0, 0, 0, 0, 0, 0, 0, 0, 
0, 0, 0, 0, 0, 0, 0, 0, 0, 0, 0, 0, 0, 0.88808, 0.89573, 0.89159, 
0.8973, 0.89459, 0.89369, 0.89467, 0.89675, 0.89783, 0.89841, 
0.90099, 0.88669, 0.89256, 0.89568, 0.89946, 0.89908, 0.89137, 
0.89467, 0.89674, 0.89938, 0.89805, 0.90029, 0.4579, 0.524, 0.6152, 
0.6992, 0.7694, 0.8726, 0.9616, 1.0371, 1.1441, 1.266, 1.3667, 
449.2, 483.8, 525.5, 558, 588.5, 629.4, 662.5, 689.6, 721.7, 
757.9, 780.8, 1, 1, 1, 1, 1, 1, 1, 1, 1, 1, 1, 1, 1, 1, 1, 1, 
1, 1, 1, 1, 1, 1, 1, 1, 1, 1, 1, 1, 1, 1, 1, 1, 1, 1, 1, 1, 1, 
1, 1, 1, 1, 1, 1, 1, 8.998, 8.488, 10.594, 11.346, 11.092, 13.078, 
13.092, 13.605, 14.907, 17.309, 17.422), .Dim = c(11L, 40L), .Dimnames = list(
    NULL, c("Sampling", "PSO.cost", "PSO.gamma", "PSO.data.balancing", 
    "PSO.feature.selection", "PSO.valid.acc", "PSO.test.acc", 
    "PSO.train.time", "PSO.n.support.vectors", "PSO.index", "PSO.n.solutions", 
    "PSO.generations", "PSO.n.evaluations", "PSO.cpu.time", "RS.cost", 
    "RS.gamma", "RS.data.balancing", "RS.feature.selection", 
    "RS.valid.acc", "RS.test.acc", "RS.train.time", "RS.n.support.vectors", 
    "RS.index", "RS.n.solutions", "RS.generations", "RS.n.evaluations", 
    "RS.cpu.time", "DF.cost", "DF.gamma", "DF.data.balancing", 
    "DF.feature.selection", "DF.valid.acc", "DF.test.acc", "DF.train.time", 
    "DF.n.support.vectors", "DF.index", "DF.n.solutions", "DF.generations", 
    "DF.n.evaluations", "DF.cpu.time")))
