full <-
structure(c(50, 55, 60, 65, 70, 75, 80, 85, 90, 95, 100, 2.94335, 
2.93902, 1.7664, 2.17013, 1.40295, 3.08947, 1.43688, 1.11889, 
1.65177, 1.98995, 1.45759, -2.79659, -2.11346, -2.39783, -1.82442, 
-2.23719, -2.91327, -2.92354, -2.46077, -2.36213, -2.88055, -2.55467, 
0, 0, 0, 0, 0, 0, 0, 0, 0, 0, 0, 0, 0, 0, 0, 0, 0, 0, 0, 0, 0, 
0, 0.92174, 0.91802, 0.92073, 0.91718, 0.91707, 0.917, 0.92008, 
0.92719, 0.92424, 0.92529, 0.92689, 0.92381, 0.91168, 0.9155, 
0.90857, 0.90957, 0.91422, 0.91611, 0.92223, 0.91803, 0.92199, 
0.92339, 0.5872, 0.8268, 0.8295, 1.1715, 1.1478, 1.0762, 1.1891, 
1.4751, 1.6636, 1.5932, 1.8698, 520.2, 649.7, 644.7, 787.4, 747.8, 
689.6, 719.4, 829.1, 890.1, 818.7, 913.9, 783, 1086, 2047, 606, 
1984, 505, 838, 892, 929, 835, 854, 299, 245, 20, 208, 6, 406, 
114, 392, 446, 197, 186, 100, 100, 100, 100, 100, 100, 100, 100, 
100, 100, 100, 2500, 2500, 2500, 2500, 2500, 2500, 2500, 2500, 
2500, 2500, 2500, 23335.812, 28015.801, 30239.603, 36608.026, 
39564.566, 36357.638, 42024.008, 48816.5870000001, 55044.3609999999, 
57413.51, 62831.963, 1.90781, 2.49239, 1.10373, 0.60652, 1.23845, 
3.10729, 1.49726, 1.22263, 2.45273, 1.85572, 1.35325, -2.09778, 
-2.22875, -1.92504, -1.93133, -2.51489, -2.91941, -2.92952, -2.35284, 
-2.81133, -2.84351, -2.47122, 0, 0, 0, 0, 0, 0, 0, 0, 0, 0, 0, 
0, 0, 0, 0, 0, 0, 0, 0, 0, 0, 0, 0.91894, 0.91613, 0.91898, 0.91558, 
0.91607, 0.917, 0.91877, 0.92512, 0.92269, 0.92382, 0.92654, 
0.92176, 0.91295, 0.91665, 0.91073, 0.91008, 0.91422, 0.91612, 
0.92429, 0.9188, 0.92162, 0.92444, 0.7129, 0.7452, 0.9894, 1.0641, 
1.0191, 1.0681, 1.1959, 1.5388, 1.4464, 1.5616, 1.8772, 599.2, 
631.1, 710.3, 754.6, 702.5, 688.7, 718.2, 849.2, 807.9, 824.5, 
932.1, 699, 1688, 934, 2242, 2066, 1334, 504, 506, 1131, 554, 
1194, 1, 1, 1, 1, 1, 1, 2, 1, 1, 1, 1, 100, 100, 100, 100, 100, 
100, 100, 100, 100, 100, 100, 2500, 2500, 2500, 2500, 2500, 2500, 
2500, 2500, 2500, 2500, 2500, 26320.715, 28573.045, 33941.316, 
38338.19, 42787.276, 48647.209, 52735.762, 61688.35, 66197.9160000001, 
74822.684, 77142.27, 1, 1, 1, 1, 1, 1, 1, 1, 1, 1, 1, 0.02778, 
0.02778, 0.02778, 0.02778, 0.02778, 0.02778, 0.02778, 0.02778, 
0.02778, 0.02778, 0.02778, 0, 0, 0, 0, 0, 0, 0, 0, 0, 0, 0, 0, 
0, 0, 0, 0, 0, 0, 0, 0, 0, 0, 0.89094, 0.89701, 0.88922, 0.89403, 
0.89161, 0.89746, 0.89605, 0.89918, 0.899, 0.89988, 0.90241, 
0.89095, 0.89385, 0.89156, 0.89242, 0.89761, 0.8942, 0.89648, 
0.90083, 0.90093, 0.89951, 0.89786, 0.443, 0.495, 0.5674, 0.6723, 
0.7398, 0.8678, 0.9632, 1.0825, 1.2029, 1.2867, 1.3491, 440.2, 
474.4, 509.6, 553.7, 587.4, 622.5, 659.9, 688.5, 722.1, 749, 
778.8, 1, 1, 1, 1, 1, 1, 1, 1, 1, 1, 1, 1, 1, 1, 1, 1, 1, 1, 
1, 1, 1, 1, 1, 1, 1, 1, 1, 1, 1, 1, 1, 1, 1, 1, 1, 1, 1, 1, 1, 
1, 1, 1, 1, 1, 7.441, 8.003, 8.742, 10.817, 10.769, 12.135, 13.161, 
15.334, 16.615, 17.397, 18.076), .Dim = c(11L, 40L), .Dimnames = list(
    NULL, c("Sampling", "PSO.cost", "PSO.gamma", "PSO.data.balancing", 
    "PSO.feature.selection", "PSO.valid.acc", "PSO.test.acc", 
    "PSO.train.time", "PSO.n.support.vectors", "PSO.index", "PSO.n.solutions", 
    "PSO.generations", "PSO.n.evaluations", "PSO.cpu.time", "RS.cost", 
    "RS.gamma", "RS.data.balancing", "RS.feature.selection", 
    "RS.valid.acc", "RS.test.acc", "RS.train.time", "RS.n.support.vectors", 
    "RS.index", "RS.n.solutions", "RS.generations", "RS.n.evaluations", 
    "RS.cpu.time", "DF.cost", "DF.gamma", "DF.data.balancing", 
    "DF.feature.selection", "DF.valid.acc", "DF.test.acc", "DF.train.time", 
    "DF.n.support.vectors", "DF.index", "DF.n.solutions", "DF.generations", 
    "DF.n.evaluations", "DF.cpu.time")))
