full <-
structure(c(50, 55, 60, 65, 70, 75, 80, 85, 90, 95, 100, 4.3388, 
4.5834, 1.56056, 2.34783, 1.85927, 3.04432, 4.26112, 1.49622, 
2.41845, 1.56423, 1.40265, -3.08402, -3.67993, -1.7684, -2.24604, 
-2.52384, -4.34476, -4.61288, -2.46823, -2.81895, -2.84714, -2.76578, 
0, 0, 0, 0, 0, 0, 0, 0, 0, 0, 0, 0, 0, 0, 0, 0, 0, 0, 0, 0, 0, 
0, 0.91468, 0.91486, 0.91843, 0.922, 0.92207, 0.92023, 0.92047, 
0.92676, 0.92736, 0.92601, 0.9276, 0.90559, 0.90919, 0.91492, 
0.9172, 0.91859, 0.91464, 0.91478, 0.92056, 0.91998, 0.92418, 
0.92411, 0.5267, 0.5709, 1.0381, 1.0509, 1.0709, 0.7882, 0.8517, 
1.455, 1.4873, 1.6209, 1.7849, 483.6, 462, 737.4, 706.8, 687.4, 
543.9, 546.5, 810.7, 783.5, 823.3, 871.9, 166, 747, 550, 1254, 
551, 1113, 1268, 1562, 1210, 807, 1450, 314, 400, 340, 90, 632, 
33, 73, 67, 198, 85, 27, 100, 100, 100, 100, 100, 100, 100, 100, 
100, 100, 100, 2500, 2500, 2500, 2500, 2500, 2500, 2500, 2500, 
2500, 2500, 2500, 24107.752, 24412.695, 35653.337, 35802.2, 39131.954, 
32708.023, 37079.555, 49004.982, 56974.383, 55102.1040000001, 
62847.309, 4.32976, 5.18813, 1.5776, 1.74421, 1.69287, 2.77414, 
4.29476, 2.31978, 2.2063, 1.40527, 1.39172, -3.07875, -3.77287, 
-1.84289, -2.66101, -2.41495, -3.88586, -4.51426, -2.40496, -2.84243, 
-2.78694, -2.95603, 0, 0, 0, 0, 0, 0, 0, 0, 0, 0, 0, 0, 0, 0, 
0, 0, 0, 0, 0, 0, 0, 0, 0.91468, 0.91425, 0.91726, 0.92092, 0.92158, 
0.9193, 0.91915, 0.92512, 0.9262, 0.92528, 0.92655, 0.90559, 
0.90728, 0.91667, 0.91772, 0.91909, 0.9165, 0.91566, 0.92304, 
0.9196, 0.92417, 0.92412, 0.5336, 0.5632, 1.0222, 0.9037, 1.0676, 
0.8627, 0.8487, 1.439, 1.4544, 1.6391, 1.7328, 483.7, 456.1, 
723.6, 639.2, 704.3, 575.7, 554.3, 824.7, 777.9, 833.9, 840.4, 
962, 827, 878, 1964, 80, 2478, 463, 124, 533, 1730, 437, 1, 1, 
1, 1, 1, 1, 1, 1, 2, 1, 2, 100, 100, 100, 100, 100, 100, 100, 
100, 100, 100, 100, 2500, 2500, 2500, 2500, 2500, 2500, 2500, 
2500, 2500, 2500, 2500, 27855.899, 31368.145, 36204.548, 42630.206, 
49054.857, 54678.654, 55552.599, 60976.2389999999, 79019.936, 
82596.73, 90428.5909999999, 1, 1, 1, 1, 1, 1, 1, 1, 1, 1, 1, 
0.02778, 0.02778, 0.02778, 0.02778, 0.02778, 0.02778, 0.02778, 
0.02778, 0.02778, 0.02778, 0.02778, 0, 0, 0, 0, 0, 0, 0, 0, 0, 
0, 0, 0, 0, 0, 0, 0, 0, 0, 0, 0, 0, 0, 0.88951, 0.89643, 0.89573, 
0.89514, 0.89607, 0.89829, 0.89728, 0.90208, 0.90093, 0.90062, 
0.90139, 0.89577, 0.89579, 0.89573, 0.89944, 0.89809, 0.90063, 
0.89947, 0.90043, 0.90055, 0.90208, 0.89753, 0.4193, 0.511, 0.6287, 
0.6783, 0.7593, 0.8453, 0.9539, 1.0568, 1.1777, 1.2793, 1.4293, 
425.7, 467, 504.4, 539.6, 576.4, 606.5, 641.1, 673.2, 702.4, 
739.4, 779.6, 1, 1, 1, 1, 1, 1, 1, 1, 1, 1, 1, 1, 1, 1, 1, 1, 
1, 1, 1, 1, 1, 1, 1, 1, 1, 1, 1, 1, 1, 1, 1, 1, 1, 1, 1, 1, 1, 
1, 1, 1, 1, 1, 1, 1, 7.723, 8.866, 10.399, 10.79, 11.749, 12.927, 
13.504, 14.603, 16.585, 17.465, 18.801), .Dim = c(11L, 40L), .Dimnames = list(
    NULL, c("Sampling", "PSO.cost", "PSO.gamma", "PSO.data.balancing", 
    "PSO.feature.selection", "PSO.valid.acc", "PSO.test.acc", 
    "PSO.train.time", "PSO.n.support.vectors", "PSO.index", "PSO.n.solutions", 
    "PSO.generations", "PSO.n.evaluations", "PSO.cpu.time", "RS.cost", 
    "RS.gamma", "RS.data.balancing", "RS.feature.selection", 
    "RS.valid.acc", "RS.test.acc", "RS.train.time", "RS.n.support.vectors", 
    "RS.index", "RS.n.solutions", "RS.generations", "RS.n.evaluations", 
    "RS.cpu.time", "DF.cost", "DF.gamma", "DF.data.balancing", 
    "DF.feature.selection", "DF.valid.acc", "DF.test.acc", "DF.train.time", 
    "DF.n.support.vectors", "DF.index", "DF.n.solutions", "DF.generations", 
    "DF.n.evaluations", "DF.cpu.time")))
