full <-
structure(c(1, 1, 1, 1, 1, 1, 1, 1, 1, 1, 1, 2, 2, 2, 2, 2, 2, 
2, 2, 2, 2, 2, 3, 3, 3, 3, 3, 3, 3, 3, 3, 3, 3, 4, 4, 4, 4, 4, 
4, 4, 4, 4, 4, 4, 5, 5, 5, 5, 5, 5, 5, 5, 5, 5, 5, 6, 6, 6, 6, 
6, 6, 6, 6, 6, 6, 6, 7, 7, 7, 7, 7, 7, 7, 7, 7, 7, 7, 8, 8, 8, 
8, 8, 8, 8, 8, 8, 8, 8, 9, 9, 9, 9, 9, 9, 9, 9, 9, 9, 9, 10, 
10, 10, 10, 10, 10, 10, 10, 10, 10, 10, 11, 11, 11, 11, 11, 11, 
11, 11, 11, 11, 11, 12, 12, 12, 12, 12, 12, 12, 12, 12, 12, 12, 
13, 13, 13, 13, 13, 13, 13, 13, 13, 13, 13, 14, 14, 14, 14, 14, 
14, 14, 14, 14, 14, 14, 15, 15, 15, 15, 15, 15, 15, 15, 15, 15, 
15, 16, 16, 16, 16, 16, 16, 16, 16, 16, 16, 16, 17, 17, 17, 17, 
17, 17, 17, 17, 17, 17, 17, 18, 18, 18, 18, 18, 18, 18, 18, 18, 
18, 18, 19, 19, 19, 19, 19, 19, 19, 19, 19, 19, 19, 20, 20, 20, 
20, 20, 20, 20, 20, 20, 20, 20, 21, 21, 21, 21, 21, 21, 21, 21, 
21, 21, 21, 22, 22, 22, 22, 22, 22, 22, 22, 22, 22, 22, 23, 23, 
23, 23, 23, 23, 23, 23, 23, 23, 23, 24, 24, 24, 24, 24, 24, 24, 
24, 24, 24, 24, 25, 25, 25, 25, 25, 25, 25, 25, 25, 25, 25, 26, 
26, 26, 26, 26, 26, 26, 26, 26, 26, 26, 27, 27, 27, 27, 27, 27, 
27, 27, 27, 27, 27, 28, 28, 28, 28, 28, 28, 28, 28, 28, 28, 28, 
29, 29, 29, 29, 29, 29, 29, 29, 29, 29, 29, 30, 30, 30, 30, 30, 
30, 30, 30, 30, 30, 30, 50, 55, 60, 65, 70, 75, 80, 85, 90, 95, 
100, 50, 55, 60, 65, 70, 75, 80, 85, 90, 95, 100, 50, 55, 60, 
65, 70, 75, 80, 85, 90, 95, 100, 50, 55, 60, 65, 70, 75, 80, 
85, 90, 95, 100, 50, 55, 60, 65, 70, 75, 80, 85, 90, 95, 100, 
50, 55, 60, 65, 70, 75, 80, 85, 90, 95, 100, 50, 55, 60, 65, 
70, 75, 80, 85, 90, 95, 100, 50, 55, 60, 65, 70, 75, 80, 85, 
90, 95, 100, 50, 55, 60, 65, 70, 75, 80, 85, 90, 95, 100, 50, 
55, 60, 65, 70, 75, 80, 85, 90, 95, 100, 50, 55, 60, 65, 70, 
75, 80, 85, 90, 95, 100, 50, 55, 60, 65, 70, 75, 80, 85, 90, 
95, 100, 50, 55, 60, 65, 70, 75, 80, 85, 90, 95, 100, 50, 55, 
60, 65, 70, 75, 80, 85, 90, 95, 100, 50, 55, 60, 65, 70, 75, 
80, 85, 90, 95, 100, 50, 55, 60, 65, 70, 75, 80, 85, 90, 95, 
100, 50, 55, 60, 65, 70, 75, 80, 85, 90, 95, 100, 50, 55, 60, 
65, 70, 75, 80, 85, 90, 95, 100, 50, 55, 60, 65, 70, 75, 80, 
85, 90, 95, 100, 50, 55, 60, 65, 70, 75, 80, 85, 90, 95, 100, 
50, 55, 60, 65, 70, 75, 80, 85, 90, 95, 100, 50, 55, 60, 65, 
70, 75, 80, 85, 90, 95, 100, 50, 55, 60, 65, 70, 75, 80, 85, 
90, 95, 100, 50, 55, 60, 65, 70, 75, 80, 85, 90, 95, 100, 50, 
55, 60, 65, 70, 75, 80, 85, 90, 95, 100, 50, 55, 60, 65, 70, 
75, 80, 85, 90, 95, 100, 50, 55, 60, 65, 70, 75, 80, 85, 90, 
95, 100, 50, 55, 60, 65, 70, 75, 80, 85, 90, 95, 100, 50, 55, 
60, 65, 70, 75, 80, 85, 90, 95, 100, 50, 55, 60, 65, 70, 75, 
80, 85, 90, 95, 100, 14.67565, 14.02067, 15, 15, 15, 13.22432, 
13.11955, 14.97025, 14.97081, 12.89599, 13.45369, 3.80987, 15, 
14.02241, 15, 12.41085, 15, 12.96913, 15, 13.0372, 13.70095, 
12.60759, 15, 14.95522, 13.73097, 15, 14.54936, 15, 15, 13.93868, 
9.23303, 11.31344, 15, 13.9992, 15, 13.97166, 14.11707, 10.92568, 
14.16334, 10.70275, 15, 13.16078, 15, 15, 14.09793, 14.5984, 
14.26842, 15, 14.93419, 15, 15, 15, 14.10191, 15, 13.87913, 10.70586, 
15, 15, 15, 15, 10.72582, 15, 13.0833, 14.09466, 12.23722, 15, 
13.43397, 9.27371, 6.2328, 13.75805, 14.77565, 13.04958, 14.96514, 
15, 14.71706, 13.89342, 14.69904, 13.05828, 15, 15, 11.6766, 
13.37857, 9.27645, 15, 15, 15, 15, 15, 12.84281, 15, 13.5967, 
15, 15, 14.68113, 13.64718, 12.82294, 14.74509, 13.58372, 14.37454, 
15, 6.72126, 15, 13.90353, 13.39204, 14.99528, 15, 15, 15, 14.67779, 
9.0421, 13.26465, 3.19299, 13.68657, 15, 13.03705, 14.45362, 
14.7155, 12.37098, 14.98525, 12.93468, 15, 14.50263, 13.08678, 
10.50431, 12.14063, 14.27675, 15, 8.56602, 14.08301, 14.90816, 
11.36577, 15, 3.98799, 14.19239, 10.63154, 14.96543, 13.98995, 
12.6592, 14.90496, 8.4393, 14.23681, 15, 12.26516, 15, 15, 14.53001, 
14.67117, 14.94836, 15, 15, 15, 15, 13.35876, 15, 11.62109, 15, 
14.60083, 14.11843, 15, 15, 15, 15, 15, 14.07949, 12.80698, 14.62834, 
15, 15, 14.65957, 13.54892, 13.30352, 15, 15, 15, 15, 12.19915, 
13.88893, 14.50843, 15, 14.27763, 14.45766, 14.17788, 10.88346, 
12.51498, 11.5384, 15, 14.55472, 15, 15, 14.78906, 15, 15, 15, 
13.6641, 15, 14.52045, 11.66807, 15, 13.98497, 12.79497, 15, 
15, 11.05626, 14.67693, 10.83567, 15, 15, 12.64195, 15, 11.81256, 
8.96412, 12.97782, 15, 15, 9.45364, 13.80557, 14.26999, 12.11, 
15, 15, 10.41129, 15, 13.50701, 15, 8.7123, 15, 10.12281, 13.70136, 
15, 12.62526, 14.56724, 6.85234, 11.34541, 14.4741, 13.40407, 
14.92394, 13.33231, 15, 15, 15, 15, 10.70825, 8.08627, 10.72906, 
9.00962, 15, 7.46748, 12.3914, 5.06791, 9.90459, 13.68539, 14.99048, 
15, 14.83774, 7.84238, 13.18209, 15, 14.55789, 12.3711, 15, 15, 
14.22209, 15, 14.57317, 15, 15, 15, 15, 13.9989, 15, 13.48496, 
15, 14.23055, 15, 12.33812, 9.90414, 9.68342, 11.24244, 15, 14.90033, 
12.40729, 14.52701, 14.96363, 14.97491, 15, 12.83589, 15, 14.49977, 
10.43811, 15, 15, 13.61384, 15, 13.17924, 13.10216, 15, 15, 7.39359, 
12.32462, 15, 15, 15, 13.99773, 15, 14.88689, 12.37768, 15, 14.67809, 
14.88966, 11.14876, 10.84253, 11.84207, 15, 15, 10.93486, 12.81916, 
15, 15, 15, 15, 2.16851, 15, 10.9245, 12.19652, 15, 15, 14.58641, 
15, 15, 12.17337, -11.55015, -9.12114, -10.33663, -10.04912, 
-10.41696, -8.76685, -8.97048, -10.60024, -9.94485, -8.43521, 
-9.0858, -4.69706, -7.69838, -10.23281, -11.39318, -13.11374, 
-10.20906, -10.09337, -10.22097, -13.40348, -10.01857, -9.67817, 
-10.68552, -9.96304, -9.6797, -12.28693, -10.16406, -10.87925, 
-10.14022, -10.33511, -6.03929, -8.05265, -11.08343, -8.40526, 
-9.89025, -9.86272, -11.05126, -7.22401, -9.06979, -7.48972, 
-10.66862, -8.77786, -10.45026, -9.79474, -7.3771, -10.25302, 
-10.08665, -10.58188, -11.21526, -11.68959, -12.60122, -8.41814, 
-10.4418, -8.47033, -8.61915, -7.22404, -9.122, -9.0529, -8.60467, 
-11.51866, -8.7568, -11.84164, -9.87703, -10.3642, -10.98616, 
-10.85981, -14.89196, -8.06898, -7.18357, -7.82361, -10.51991, 
-8.9234, -9.31896, -10.65273, -10.87465, -9.91323, -10.35142, 
-9.83438, -7.5894, -9.15642, -8.70619, -9.76957, -7.7435, -11.44941, 
-11.0365, -10.08708, -10.38906, -10.42153, -7.28283, -9.39162, 
-9.89586, -8.97258, -9.9413, -8.47966, -8.69549, -8.53193, -10.8215, 
-9.92237, -10.34166, -10.0038, -7.11016, -7.83479, -8.11396, 
-11.52029, -9.44537, -8.52164, -9.85393, -9.36657, -10.96626, 
-6.28051, -0.48842, -0.59962, -9.07122, -9.14617, -7.62201, -9.99649, 
-7.04323, -8.57353, -8.6311, -9.7454, -10.45898, -9.42922, -9.77154, 
-7.13109, -8.24935, -9.7784, -10.16493, -7.71308, -8.96287, -9.9044, 
-7.21207, -11.54038, -4.74907, -10.44516, -7.63323, -10.75049, 
-9.80343, -7.52615, -8.33388, -6.09383, -12.51882, -11.71074, 
-7.0436, -9.19848, -10.66648, -6.00455, -9.87226, -11.22783, 
-8.02919, -10.65135, -7.80853, -11.1701, -9.42534, -10.43429, 
-6.53332, -12.73685, -9.53255, -9.73891, -11.27752, -9.79781, 
-12.10726, -10.60651, -10.47654, -9.73166, -9.00999, -8.71086, 
-10.02552, -9.64228, -10.61044, -9.8828, -9.24226, -11.89739, 
-10.67465, -12.98887, -11.7721, -9.11195, -7.93787, -8.6227, 
-8.88028, -11.12929, -8.75154, -9.18249, -7.65464, -9.27963, 
-8.40092, -10.65052, -9.01395, -10.31933, -11.09248, -10.94766, 
-10.05571, -9.81671, -10.93147, -9.04982, -11.15805, -10.14091, 
-7.63179, -11.16267, -9.80051, -7.78997, -11.20312, -9.93314, 
-6.80479, -9.39098, -7.0654, -10.51839, -10.19669, -8.71636, 
-11.04907, -10.26804, -9.47049, -9.09417, -10.70644, -10.73114, 
-5.51913, -9.70526, -9.1065, -8.79171, -9.97622, -10.24361, -4.49294, 
-10.35525, -6.58099, -8.00044, -8.24659, -9.29844, -10.90015, 
-9.50286, -11.00637, -8.65927, -10.0792, -6.80813, -11.21096, 
-8.65704, -8.98557, -11.19162, -9.07812, -10.95157, -10.88949, 
-10.67345, -11.13732, -7.42637, -7.8648, -5.96192, -3.42847, 
-11.82157, -5.43203, -9.33408, -4.39475, -6.96719, -11.74264, 
-10.77323, -10.58698, -11.72444, -6.17524, -10.55584, -14.05866, 
-9.47281, -9.31396, -11.17505, -10.88563, -12.02897, -11.15945, 
-10.4657, -8.16844, -10.47192, -11.63893, -10.2619, -10.36232, 
