full <-
structure(c(50, 55, 60, 65, 70, 75, 80, 85, 90, 95, 100, 8.43258, 
10.54911, 6.80984, 14.579, 13.91711, 0.85051, 3.36894, 9.5022, 
12.49479, 14.79141, 12.69717, -9.73613, -13.5967, -8.11009, -7.72159, 
-7.41841, -3.58927, -4.88608, -12.58103, -7.88454, -8.95935, 
-8.18197, 0, 0, 0, 0, 0, 0, 0, 0, 0, 0, 0, 0, 0, 0, 0, 0, 0, 
0, 0, 0, 0, 0, 0.85875, 0.85025, 0.8717, 0.87236, 0.85037, 0.85898, 
0.84772, 0.85698, 0.87684, 0.86632, 0.87742, 0.83292, 0.83223, 
0.84009, 0.83259, 0.82225, 0.84177, 0.85605, 0.84957, 0.87314, 
0.8631, 0.86129, 0.0121, 0.0134, 0.0152, 0.0572, 0.0504, 0.0175, 
0.0172, 0.019, 0.0303, 0.0579, 0.0361, 54.5, 68.2, 62.2, 51.1, 
58.7, 92.8, 81.9, 102.6, 68.9, 73.4, 77, 93, 28, 1659, 147, 682, 
2297, 460, 467, 168, 529, 10, 144, 69, 8, 486, 118, 1, 20, 5, 
537, 49, 972, 100, 100, 100, 100, 100, 100, 100, 100, 100, 100, 
100, 2500, 2500, 2500, 2500, 2500, 2500, 2500, 2500, 2500, 2500, 
2500, 6291.209, 6643.382, 6671.117, 7631.9, 8252.548, 7643.44099999999, 
7747.492, 8007.76699999999, 7731.039, 8129.47500000001, 8312.06100000002, 
9.47594, 3.64284, 1.17972, 14.56764, 14.28163, 0.24104, 3.53569, 
0.92321, 3.48649, 14.58144, 12.98305, -10.75864, -5.54661, -1.9946, 
-7.69635, -7.60613, -0.90235, -5.17457, -1.91928, -4.68024, -9.01091, 
-8.37654, 0, 0, 0, 0, 0, 0, 0, 0, 0, 0, 0, 0, 0, 0, 0, 0, 0, 
0, 0, 0, 0, 0, 0.85875, 0.85547, 0.86649, 0.87236, 0.85037, 0.85483, 
0.84787, 0.86866, 0.88016, 0.86632, 0.87742, 0.83917, 0.82014, 
0.86064, 0.83259, 0.82225, 0.8376, 0.85156, 0.8537, 0.85935, 
0.8631, 0.86452, 0.0126, 0.0131, 0.0141, 0.0576, 0.0513, 0.0205, 
0.0182, 0.0192, 0.0187, 0.0543, 0.0356, 54.2, 61.9, 76.2, 51, 
58.3, 121.3, 83.1, 102.5, 86, 73.3, 77.2, 81, 2343, 276, 4, 411, 
1824, 1630, 1519, 406, 1068, 326, 14, 1, 5, 1, 1, 1, 1, 2, 3, 
5, 15, 100, 100, 100, 100, 100, 100, 100, 100, 100, 100, 100, 
2500, 2500, 2500, 2500, 2500, 2500, 2500, 2500, 2500, 2500, 2500, 
6577.885, 6704.801, 6721.269, 7629.355, 7676.95300000001, 7680.777, 
7765.844, 7681.467, 7824.94099999999, 8187.62599999999, 8335.799, 
1, 1, 1, 1, 1, 1, 1, 1, 1, 1, 1, 0.16667, 0.16667, 0.16667, 0.16667, 
0.16667, 0.16667, 0.16667, 0.16667, 0.16667, 0.16667, 0.16667, 
0, 0, 0, 0, 0, 0, 0, 0, 0, 0, 0, 0, 0, 0, 0, 0, 0, 0, 0, 0, 0, 
0, 0.81292, 0.83881, 0.83345, 0.83209, 0.81768, 0.84555, 0.83203, 
0.83875, 0.85182, 0.85276, 0.86129, 0.82625, 0.82149, 0.83845, 
0.85162, 0.81768, 0.82852, 0.83987, 0.85014, 0.86292, 0.84954, 
0.84839, 0.0133, 0.0132, 0.0148, 0.0161, 0.0177, 0.0173, 0.0172, 
0.0194, 0.021, 0.0222, 0.0215, 69.6, 74.9, 78.8, 84, 93.4, 97.6, 
99, 106.6, 108.5, 113.8, 116.4, 1, 1, 1, 1, 1, 1, 1, 1, 1, 1, 
1, 1, 1, 1, 1, 1, 1, 1, 1, 1, 1, 1, 1, 1, 1, 1, 1, 1, 1, 1, 1, 
1, 1, 1, 1, 1, 1, 1, 1, 1, 1, 1, 1, 1, 2.666, 2.615, 2.853, 3.123, 
3.114, 2.999, 2.915, 2.984, 3.172, 3.268, 3.1), .Dim = c(11L, 
40L), .Dimnames = list(NULL, c("Sampling", "PSO.cost", "PSO.gamma", 
"PSO.data.balancing", "PSO.feature.selection", "PSO.valid.acc", 
"PSO.test.acc", "PSO.train.time", "PSO.n.support.vectors", "PSO.index", 
"PSO.n.solutions", "PSO.generations", "PSO.n.evaluations", "PSO.cpu.time", 
"RS.cost", "RS.gamma", "RS.data.balancing", "RS.feature.selection", 
"RS.valid.acc", "RS.test.acc", "RS.train.time", "RS.n.support.vectors", 
"RS.index", "RS.n.solutions", "RS.generations", "RS.n.evaluations", 
"RS.cpu.time", "DF.cost", "DF.gamma", "DF.data.balancing", "DF.feature.selection", 
"DF.valid.acc", "DF.test.acc", "DF.train.time", "DF.n.support.vectors", 
"DF.index", "DF.n.solutions", "DF.generations", "DF.n.evaluations", 
"DF.cpu.time")))
