full <-
structure(c(50, 55, 60, 65, 70, 75, 80, 85, 90, 95, 100, -0.57584, 
15, -1.87815, 7.75638, 11.76733, 6.97728, 13.09404, 15, 13.45555, 
5.8679, 11.63945, -3.74574, -10.61007, -3.36551, -11.33866, -13.98752, 
-5.80185, -9.88666, -10.50152, -8.53866, -10.34625, -7.29158, 
0, 0, 0, 0, 0, 0, 0, 0, 0, 0, 0, 0, 0, 0, 0, 0, 0, 0, 0, 0, 0, 
0, 0.85782, 0.85915, 0.87825, 0.88135, 0.87633, 0.87228, 0.85744, 
0.8726, 0.86918, 0.87276, 0.87742, 0.83902, 0.8415, 0.85161, 
0.83754, 0.82157, 0.85978, 0.85744, 0.85394, 0.85872, 0.84264, 
0.84839, 0.0126, 0.0179, 0.0149, 0.0146, 0.0155, 0.0162, 0.0209, 
0.0297, 0.0372, 0.023, 0.033, 73.8, 44.3, 96, 81.1, 76, 61.9, 
65.9, 69.4, 74.7, 129.4, 77.4, 925, 135, 244, 123, 217, 99, 106, 
123, 190, 546, 334, 342, 370, 186, 115, 163, 347, 559, 318, 353, 
102, 148, 100, 100, 100, 100, 100, 100, 100, 100, 100, 100, 100, 
2500, 2500, 2500, 2500, 2500, 2500, 2500, 2500, 2500, 2500, 2500, 
6470.494, 6663.106, 6740.324, 6765.52, 6796.017, 6820.90399999999, 
7048.209, 7217.811, 8984.94899999999, 8175.21900000001, 8107.26300000001, 
3.81968, 14.53497, -1.48378, 9.36286, 11.88976, 3.70942, 10.84, 
12.92889, 9.18284, 7.09753, 10.78418, -4.53498, -10.17538, -2.76303, 
-12.77205, -14.07032, 0.3123, -8.72962, -9.34231, -6.57071, -11.52457, 
-6.66403, 0, 0, 0, 0, 0, 0, 0, 0, 0, 0, 0, 0, 0, 0, 0, 0, 0, 
0, 0, 0, 0, 0, 0.85787, 0.85915, 0.87795, 0.88135, 0.87633, 0.87645, 
0.85744, 0.8689, 0.86918, 0.86943, 0.87419, 0.83787, 0.84739, 
0.86743, 0.85207, 0.82157, 0.85145, 0.85744, 0.85765, 0.85884, 
0.84264, 0.84516, 0.0123, 0.0192, 0.0149, 0.0148, 0.0159, 0.0211, 
0.0186, 0.0238, 0.0255, 0.0227, 0.0298, 49.4, 45.1, 90.6, 79.5, 
75.6, 138.6, 66.9, 69.9, 76.3, 129, 76.6, 1086, 85, 365, 254, 
623, 1265, 112, 25, 163, 366, 118, 1, 10, 3, 6, 1, 2, 37, 15, 
3, 4, 10, 100, 100, 100, 100, 100, 100, 100, 100, 100, 100, 100, 
2500, 2500, 2500, 2500, 2500, 2500, 2500, 2500, 2500, 2500, 2500, 
6518.364, 6737.462, 6833.29599999999, 6879.369, 6919.66499999999, 
7077.386, 7109.818, 7253.11500000001, 9585.37199999999, 7818.57399999999, 
7761.51000000001, 1, 1, 1, 1, 1, 1, 1, 1, 1, 1, 1, 0.16667, 0.16667, 
0.16667, 0.16667, 0.16667, 0.16667, 0.16667, 0.16667, 0.16667, 
0.16667, 0.16667, 0, 0, 0, 0, 0, 0, 0, 0, 0, 0, 0, 0, 0, 0, 0, 
0, 0, 0, 0, 0, 0, 0, 0.8324, 0.8415, 0.83465, 0.85712, 0.83977, 
0.83877, 0.83695, 0.83157, 0.83459, 0.83931, 0.84839, 0.83824, 
0.85915, 0.85658, 0.86259, 0.83936, 0.84728, 0.83309, 0.84652, 
0.82386, 0.84943, 0.85161, 0.0126, 0.0134, 0.0138, 0.0146, 0.0156, 
0.0159, 0.0173, 0.0187, 0.0223, 0.0208, 0.0223, 69.6, 73, 74.9, 
80.4, 86.4, 89.4, 100.7, 108.1, 110.5, 113.7, 115.7, 1, 1, 1, 
1, 1, 1, 1, 1, 1, 1, 1, 1, 1, 1, 1, 1, 1, 1, 1, 1, 1, 1, 1, 1, 
1, 1, 1, 1, 1, 1, 1, 1, 1, 1, 1, 1, 1, 1, 1, 1, 1, 1, 1, 1, 2.527, 
2.651, 2.627, 2.641, 2.689, 2.728, 2.773, 2.899, 3.858, 2.939, 
3.011), .Dim = c(11L, 40L), .Dimnames = list(NULL, c("Sampling", 
"PSO.cost", "PSO.gamma", "PSO.data.balancing", "PSO.feature.selection", 
"PSO.valid.acc", "PSO.test.acc", "PSO.train.time", "PSO.n.support.vectors", 
"PSO.index", "PSO.n.solutions", "PSO.generations", "PSO.n.evaluations", 
"PSO.cpu.time", "RS.cost", "RS.gamma", "RS.data.balancing", "RS.feature.selection", 
"RS.valid.acc", "RS.test.acc", "RS.train.time", "RS.n.support.vectors", 
"RS.index", "RS.n.solutions", "RS.generations", "RS.n.evaluations", 
"RS.cpu.time", "DF.cost", "DF.gamma", "DF.data.balancing", "DF.feature.selection", 
"DF.valid.acc", "DF.test.acc", "DF.train.time", "DF.n.support.vectors", 
"DF.index", "DF.n.solutions", "DF.generations", "DF.n.evaluations", 
"DF.cpu.time")))
