full <-
structure(c(50, 55, 60, 65, 70, 75, 80, 85, 90, 95, 100, 15, 
4.07847, 14.95478, 13.43173, 7.98781, 14.77267, 10.73339, 2.41846, 
-0.33237, 8.76014, 5.5954, -8.04315, -4.92826, -13.88013, -15, 
-5.86038, -14.17244, -12.22445, -7.11761, -3.88709, -6.30971, 
-4.5128, 0, 0, 0, 0, 0, 0, 0, 0, 0, 0, 0, 0, 0, 0, 0, 0, 0, 0, 
0, 0, 0, 0, 0.8725, 0.87651, 0.85643, 0.87238, 0.87691, 0.86775, 
0.8726, 0.87318, 0.86216, 0.86857, 0.86774, 0.8075, 0.84771, 
0.84006, 0.85762, 0.85872, 0.8337, 0.86829, 0.83586, 0.84121, 
0.85845, 0.85484, 0.04, 0.0137, 0.0151, 0.0152, 0.0173, 0.0176, 
0.0173, 0.0196, 0.0224, 0.0238, 0.0227, 38.4, 56.4, 51.7, 72.5, 
55, 66.4, 84, 118.3, 120.4, 74.6, 82.5, 164, 1741, 602, 1325, 
102, 131, 145, 1450, 1797, 17, 187, 472, 28, 6, 35, 151, 770, 
17, 19, 4, 403, 90, 100, 100, 100, 100, 100, 100, 100, 100, 100, 
100, 100, 2500, 2500, 2500, 2500, 2500, 2500, 2500, 2500, 2500, 
2500, 2500, 7686.03, 7503.276, 7490.476, 7560.088, 7648.601, 
7579.878, 7651.00900000001, 8049.97, 9197.94000000002, 9771.038, 
9835.83600000001, 13.78454, 2.27559, 10.49345, 11.59809, 5.65035, 
3.72803, 14.12416, 12.30407, -0.02206, 7.35486, 5.17147, -7.52335, 
-4.00748, -14.64847, -8.56986, -4.73404, -7.06903, -14.04249, 
-7.49719, -2.74127, -5.92439, -4.12409, 0, 0, 0, 0, 0, 0, 0, 
0, 0, 0, 0, 0, 0, 0, 0, 0, 0, 0, 0, 0, 0, 0, 0.8725, 0.87096, 
0.85556, 0.8719, 0.87669, 0.87156, 0.87245, 0.86934, 0.86191, 
0.86857, 0.86774, 0.82667, 0.85396, 0.8348, 0.84238, 0.86781, 
0.82917, 0.86413, 0.84284, 0.84418, 0.86189, 0.85484, 0.0267, 
0.0138, 0.0145, 0.0188, 0.0159, 0.0186, 0.0194, 0.0269, 0.0217, 
0.0225, 0.0236, 38.6, 62.2, 85.5, 53.9, 58.8, 96.7, 73.3, 64.7, 
109.5, 76, 83.5, 709, 1033, 1354, 41, 237, 567, 1571, 14, 175, 
779, 97, 1, 1, 3, 6, 2, 5, 2, 3, 2, 10, 6, 100, 100, 100, 100, 
100, 100, 100, 100, 100, 100, 100, 2500, 2500, 2500, 2500, 2500, 
2500, 2500, 2500, 2500, 2500, 2500, 7222.24, 7429.537, 7516.361, 
7695.197, 7757.606, 7717.141, 7761.817, 7916.94499999999, 9865.038, 
9978.375, 9190.253, 1, 1, 1, 1, 1, 1, 1, 1, 1, 1, 1, 0.16667, 
0.16667, 0.16667, 0.16667, 0.16667, 0.16667, 0.16667, 0.16667, 
0.16667, 0.16667, 0.16667, 0, 0, 0, 0, 0, 0, 0, 0, 0, 0, 0, 0, 
0, 0, 0, 0, 0, 0, 0, 0, 0, 0, 0.84583, 0.82553, 0.81784, 0.83238, 
0.83968, 0.83297, 0.84426, 0.84697, 0.85834, 0.84577, 0.83871, 
0.83333, 0.84289, 0.82368, 0.81262, 0.8343, 0.82446, 0.84059, 
0.84669, 0.84775, 0.85166, 0.85161, 0.0132, 0.0135, 0.0154, 0.0187, 
0.0158, 0.0191, 0.0192, 0.0199, 0.0223, 0.0234, 0.022, 65.1, 
72.6, 78.2, 85.8, 87.5, 94.7, 97.8, 102.8, 109.5, 109.3, 115.3, 
1, 1, 1, 1, 1, 1, 1, 1, 1, 1, 1, 1, 1, 1, 1, 1, 1, 1, 1, 1, 1, 
1, 1, 1, 1, 1, 1, 1, 1, 1, 1, 1, 1, 1, 1, 1, 1, 1, 1, 1, 1, 1, 
1, 1, 2.857, 2.813, 2.953, 3.067, 3.005, 3.056, 3.037, 3.046, 
3.96, 4.022, 3.012), .Dim = c(11L, 40L), .Dimnames = list(NULL, 
    c("Sampling", "PSO.cost", "PSO.gamma", "PSO.data.balancing", 
    "PSO.feature.selection", "PSO.valid.acc", "PSO.test.acc", 
    "PSO.train.time", "PSO.n.support.vectors", "PSO.index", "PSO.n.solutions", 
    "PSO.generations", "PSO.n.evaluations", "PSO.cpu.time", "RS.cost", 
    "RS.gamma", "RS.data.balancing", "RS.feature.selection", 
    "RS.valid.acc", "RS.test.acc", "RS.train.time", "RS.n.support.vectors", 
    "RS.index", "RS.n.solutions", "RS.generations", "RS.n.evaluations", 
    "RS.cpu.time", "DF.cost", "DF.gamma", "DF.data.balancing", 
    "DF.feature.selection", "DF.valid.acc", "DF.test.acc", "DF.train.time", 
    "DF.n.support.vectors", "DF.index", "DF.n.solutions", "DF.generations", 
    "DF.n.evaluations", "DF.cpu.time")))
