full <-
structure(c(50, 55, 60, 65, 70, 75, 80, 85, 90, 95, 100, 8.12458, 
5.11579, 0.99278, 3.88628, 4.28563, 10.16807, 15, 9.10478, 11.56511, 
10.7946, 4.0627, -6.34213, -7.19693, -4.56662, -5.38856, -6.04174, 
-9.02052, -11.86106, -11.96624, -7.80888, -8.20038, -5.86385, 
0, 0, 0, 0, 0, 0, 0, 0, 0, 0, 0, 0, 0, 0, 0, 0, 0, 0, 0, 0, 0, 
0, 0.86542, 0.88427, 0.90409, 0.88667, 0.87137, 0.87772, 0.86455, 
0.85794, 0.86193, 0.87287, 0.87419, 0.85958, 0.87247, 0.86667, 
0.87167, 0.84801, 0.86919, 0.86486, 0.82774, 0.85121, 0.86609, 
0.84839, 0.0125, 0.0141, 0.0146, 0.0146, 0.0154, 0.0159, 0.0218, 
0.0182, 0.0248, 0.0225, 0.0208, 39.5, 60.6, 73.2, 63, 74.4, 63.4, 
66.1, 102.6, 72.8, 78.5, 99.7, 166, 287, 977, 207, 475, 816, 
389, 2307, 2064, 119, 1236, 97, 199, 146, 74, 145, 84, 690, 1, 
2, 294, 55, 100, 100, 100, 100, 100, 100, 100, 100, 100, 100, 
100, 2500, 2500, 2500, 2500, 2500, 2500, 2500, 2500, 2500, 2500, 
2500, 7007.266, 6658.287, 6710.522, 7672.872, 7651.745, 7682.962, 
7701.895, 7558.91499999999, 8477.167, 7548.614, 8339.32399999999, 
14.62796, 4.56399, 1.17308, 11.08011, 5.86848, 12.80592, 14.43142, 
11.3488, 10.87699, 12.37917, 12.1724, -9.79751, -6.87092, -4.68595, 
-9.76702, -7.18554, -9.02264, -11.57099, -14.18094, -6.0007, 
-8.32596, -9.27332, 0, 0, 0, 0, 0, 0, 0, 0, 0, 0, 0, 0, 0, 0, 
0, 0, 0, 0, 0, 0, 0, 0, 0.86542, 0.88427, 0.90409, 0.8869, 0.87137, 
0.87752, 0.86455, 0.85423, 0.86154, 0.87287, 0.87097, 0.83917, 
0.86658, 0.86667, 0.86214, 0.85711, 0.86085, 0.86486, 0.83144, 
0.82632, 0.86276, 0.85806, 0.0164, 0.0136, 0.0137, 0.0158, 0.0168, 
0.023, 0.0214, 0.0193, 0.039, 0.029, 0.0269, 38, 60.9, 72.7, 
53, 72.5, 59, 66.3, 102.5, 74.3, 76.3, 79.3, 258, 922, 2323, 
81, 2403, 2144, 59, 1324, 341, 285, 73, 4, 1, 1, 3, 1, 1, 2, 
1, 2, 16, 15, 100, 100, 100, 100, 100, 100, 100, 100, 100, 100, 
100, 2500, 2500, 2500, 2500, 2500, 2500, 2500, 2500, 2500, 2500, 
2500, 6820.978, 6627.403, 7458.302, 7612.09, 7725.87200000001, 
7661.72300000001, 7575.10799999999, 7735.788, 7958.57399999999, 
7273.53199999998, 8300.92799999999, 1, 1, 1, 1, 1, 1, 1, 1, 1, 
1, 1, 0.16667, 0.16667, 0.16667, 0.16667, 0.16667, 0.16667, 0.16667, 
0.16667, 0.16667, 0.16667, 0.16667, 0, 0, 0, 0, 0, 0, 0, 0, 0, 
0, 0, 0, 0, 0, 0, 0, 0, 0, 0, 0, 0, 0, 0.85083, 0.86005, 0.87719, 
0.87119, 0.85793, 0.85669, 0.84436, 0.8464, 0.84737, 0.84943, 
0.85161, 0.84458, 0.85519, 0.87193, 0.86619, 0.83477, 0.84401, 
0.85268, 0.84612, 0.85106, 0.85287, 0.85806, 0.0135, 0.0129, 
0.0149, 0.0152, 0.0166, 0.0171, 0.0181, 0.0188, 0.0212, 0.0216, 
0.0213, 61.7, 65.8, 69.3, 74.4, 86.2, 91.6, 98.2, 101.9, 109.6, 
114.5, 116.9, 1, 1, 1, 1, 1, 1, 1, 1, 1, 1, 1, 1, 1, 1, 1, 1, 
1, 1, 1, 1, 1, 1, 1, 1, 1, 1, 1, 1, 1, 1, 1, 1, 1, 1, 1, 1, 1, 
1, 1, 1, 1, 1, 1, 1, 2.744, 2.557, 3.027, 3.048, 2.959, 3.07, 
2.949, 3.04, 3.016, 2.783, 3.095), .Dim = c(11L, 40L), .Dimnames = list(
    NULL, c("Sampling", "PSO.cost", "PSO.gamma", "PSO.data.balancing", 
    "PSO.feature.selection", "PSO.valid.acc", "PSO.test.acc", 
    "PSO.train.time", "PSO.n.support.vectors", "PSO.index", "PSO.n.solutions", 
    "PSO.generations", "PSO.n.evaluations", "PSO.cpu.time", "RS.cost", 
    "RS.gamma", "RS.data.balancing", "RS.feature.selection", 
    "RS.valid.acc", "RS.test.acc", "RS.train.time", "RS.n.support.vectors", 
    "RS.index", "RS.n.solutions", "RS.generations", "RS.n.evaluations", 
    "RS.cpu.time", "DF.cost", "DF.gamma", "DF.data.balancing", 
    "DF.feature.selection", "DF.valid.acc", "DF.test.acc", "DF.train.time", 
    "DF.n.support.vectors", "DF.index", "DF.n.solutions", "DF.generations", 
    "DF.n.evaluations", "DF.cpu.time")))
