full <-
structure(c(50, 55, 60, 65, 70, 75, 80, 85, 90, 95, 100, 13.4252, 
7.12836, 3.50781, 15, 4.62918, 5.03636, -0.11618, -0.16193, 13.14912, 
8.39714, 2.71339, -14.79996, -11.94014, -6.90694, -8.70152, -8.1247, 
-8.55523, -1.51446, -0.97842, -7.63269, -5.02654, -6.5584, 0, 
0, 0, 0, 0, 0, 0, 0, 0, 0, 0, 0, 0, 0, 0, 0, 0, 0, 0, 0, 0, 0, 
0.8775, 0.8531, 0.88705, 0.894, 0.89935, 0.88582, 0.88008, 0.87664, 
0.89421, 0.87347, 0.88065, 0.85833, 0.82435, 0.88678, 0.87345, 
0.89502, 0.87749, 0.86005, 0.86909, 0.88362, 0.86025, 0.86774, 
0.0132, 0.0145, 0.0142, 0.0402, 0.0153, 0.0167, 0.0183, 0.0211, 
0.044, 0.0237, 0.0225, 50, 75.3, 69.7, 44.4, 79.6, 85.2, 102.9, 
125, 64.7, 74.5, 123.3, 15, 607, 1233, 113, 936, 205, 42, 1383, 
642, 413, 753, 921, 24, 48, 294, 62, 276, 406, 48, 45, 212, 77, 
100, 100, 100, 100, 100, 100, 100, 100, 100, 100, 100, 2500, 
2500, 2500, 2500, 2500, 2500, 2500, 2500, 2500, 2500, 2500, 6994.018, 
7003.599, 7179.434, 7669.38099999999, 7157.291, 7048.436, 7144.70300000001, 
6949.30100000001, 7471.747, 7177.76400000001, 7373.54299999998, 
13.34003, 5.79517, 3.78024, 12.94617, 4.66536, 5.7556, -0.15197, 
-0.77369, 9.23063, 7.75628, 3.61349, -14.54046, -10.61846, -7.09265, 
-7.92091, -8.1839, -9.3478, -1.80463, -1.50238, -6.7502, -4.81738, 
-7.17668, 0, 0, 0, 0, 0, 0, 0, 0, 0, 0, 0, 0, 0, 0, 0, 0, 0, 
0, 0, 0, 0, 0, 0.8775, 0.8531, 0.88149, 0.894, 0.89481, 0.88582, 
0.88008, 0.87279, 0.89409, 0.87347, 0.87742, 0.85833, 0.82435, 
0.88178, 0.86868, 0.89502, 0.88203, 0.8679, 0.8614, 0.87291, 
0.86025, 0.85484, 0.0127, 0.0143, 0.0146, 0.0242, 0.0158, 0.0162, 
0.0185, 0.0188, 0.0206, 0.022, 0.0223, 49.6, 75.3, 69.4, 43.6, 
79.6, 85.2, 99.1, 116.4, 67.5, 75.3, 121.4, 26, 1735, 85, 519, 
1638, 274, 801, 724, 1446, 1, 1665, 17, 1, 5, 2, 1, 6, 1, 2, 
2, 5, 2, 100, 100, 100, 100, 100, 100, 100, 100, 100, 100, 100, 
2500, 2500, 2500, 2500, 2500, 2500, 2500, 2500, 2500, 2500, 2500, 
7056.713, 7149.301, 7330.781, 7291.434, 7380.033, 7161.428, 7026.39, 
7092.224, 7233.841, 7299.704, 7325.30800000002, 1, 1, 1, 1, 1, 
1, 1, 1, 1, 1, 1, 0.16667, 0.16667, 0.16667, 0.16667, 0.16667, 
0.16667, 0.16667, 0.16667, 0.16667, 0.16667, 0.16667, 0, 0, 0, 
0, 0, 0, 0, 0, 0, 0, 0, 0, 0, 0, 0, 0, 0, 0, 0, 0, 0, 0, 0.8375, 
0.81814, 0.85626, 0.86392, 0.86299, 0.86006, 0.86774, 0.8651, 
0.86576, 0.85625, 0.85161, 0.84417, 0.84138, 0.84573, 0.85845, 
0.86299, 0.8684, 0.8599, 0.85769, 0.85862, 0.83357, 0.84839, 
0.013, 0.0139, 0.0139, 0.0156, 0.0154, 0.0162, 0.0168, 0.0177, 
0.0186, 0.0208, 0.0206, 62.8, 67.8, 70.7, 74.1, 79.2, 84.4, 87.5, 
93.1, 101.5, 110.6, 115.6, 1, 1, 1, 1, 1, 1, 1, 1, 1, 1, 1, 1, 
1, 1, 1, 1, 1, 1, 1, 1, 1, 1, 1, 1, 1, 1, 1, 1, 1, 1, 1, 1, 1, 
1, 1, 1, 1, 1, 1, 1, 1, 1, 1, 1, 2.773, 2.768, 2.765, 2.947, 
2.907, 2.779, 2.67, 2.7, 2.689, 2.818, 2.728), .Dim = c(11L, 
40L), .Dimnames = list(NULL, c("Sampling", "PSO.cost", "PSO.gamma", 
"PSO.data.balancing", "PSO.feature.selection", "PSO.valid.acc", 
"PSO.test.acc", "PSO.train.time", "PSO.n.support.vectors", "PSO.index", 
"PSO.n.solutions", "PSO.generations", "PSO.n.evaluations", "PSO.cpu.time", 
"RS.cost", "RS.gamma", "RS.data.balancing", "RS.feature.selection", 
"RS.valid.acc", "RS.test.acc", "RS.train.time", "RS.n.support.vectors", 
"RS.index", "RS.n.solutions", "RS.generations", "RS.n.evaluations", 
"RS.cpu.time", "DF.cost", "DF.gamma", "DF.data.balancing", "DF.feature.selection", 
"DF.valid.acc", "DF.test.acc", "DF.train.time", "DF.n.support.vectors", 
"DF.index", "DF.n.solutions", "DF.generations", "DF.n.evaluations", 
"DF.cpu.time")))
