full <-
structure(c(50, 55, 60, 65, 70, 75, 80, 85, 90, 95, 100, 6.06189, 
1.93224, 12.07124, 10.38063, 3.33081, 10.05014, 3.71698, 0.47432, 
2.7694, 11.19215, 6.10943, -5.0061, -4.66271, -15, -5.70964, 
-6.599, -5.58742, -6.65981, -3.79815, -7.02661, -7.59804, -5.41849, 
0, 0, 0, 0, 0, 0, 0, 0, 0, 0, 0, 0, 0, 0, 0, 0, 0, 0, 0, 0, 0, 
0, 0.8848, 0.88807, 0.87298, 0.86162, 0.86414, 0.86775, 0.86892, 
0.87618, 0.86537, 0.86641, 0.86774, 0.86444, 0.87075, 0.85076, 
0.83733, 0.85089, 0.84239, 0.85277, 0.85367, 0.84751, 0.86641, 
0.85806, 0.0122, 0.0131, 0.0146, 0.019, 0.0151, 0.0205, 0.0157, 
0.0168, 0.0189, 0.0259, 0.0189, 40.4, 59.5, 66.7, 52.2, 80.8, 
57.8, 89.9, 94.2, 112.2, 76.5, 82, 1691, 1958, 288, 12, 178, 
713, 1974, 1377, 1047, 223, 400, 12, 5, 49, 152, 350, 88, 16, 
73, 6, 157, 262, 100, 100, 100, 100, 100, 100, 100, 100, 100, 
100, 100, 2500, 2500, 2500, 2500, 2500, 2500, 2500, 2500, 2500, 
2500, 2500, 6496.025, 6649.474, 5949.503, 6387.373, 6437.13499999999, 
6628.497, 6236.723, 6362.31299999999, 6458.64600000001, 6708.65699999999, 
6259.523, 1.43783, 1.80555, 0.48591, -1.96399, 3.29769, 12.68226, 
3.67706, 0.27864, 7.80006, 9.14983, 1.3747, -3.79005, -4.62849, 
-2.36485, -2.06164, -6.39747, -6.59865, -6.62188, -3.66674, -12.1318, 
-6.50422, -1.2721, 0, 0, 0, 0, 0, 0, 0, 0, 0, 0, 0, 0, 0, 0, 
0, 0, 0, 0, 0, 0, 0, 0, 0.88444, 0.88807, 0.88266, 0.86683, 0.86414, 
0.86757, 0.86892, 0.87618, 0.86204, 0.86641, 0.87097, 0.8586, 
0.87075, 0.86681, 0.84254, 0.85068, 0.84674, 0.85277, 0.84997, 
0.83346, 0.86641, 0.86774, 0.0117, 0.0127, 0.0118, 0.0149, 0.0145, 
0.0409, 0.0162, 0.0179, 0.0192, 0.0215, 0.0222, 55.1, 60, 64.6, 
103.3, 79.3, 58.2, 89.7, 95.8, 114.6, 76.4, 124.4, 2183, 382, 
704, 249, 219, 610, 417, 928, 391, 55, 1898, 1, 1, 2, 1, 3, 4, 
1, 2, 1, 7, 1, 100, 100, 100, 100, 100, 100, 100, 100, 100, 100, 
100, 2500, 2500, 2500, 2500, 2500, 2500, 2500, 2500, 2500, 2500, 
2500, 6614.879, 6725.296, 5883.79, 6390.299, 6399.021, 6314.211, 
6409.928, 6636.755, 6672.098, 6658.00600000001, 6316.416, 1, 
1, 1, 1, 1, 1, 1, 1, 1, 1, 1, 0.16667, 0.16667, 0.16667, 0.16667, 
0.16667, 0.16667, 0.16667, 0.16667, 0.16667, 0.16667, 0.16667, 
0, 0, 0, 0, 0, 0, 0, 0, 0, 0, 0, 0, 0, 0, 0, 0, 0, 0, 0, 0, 0, 
0, 0.85194, 0.8652, 0.86213, 0.83683, 0.85008, 0.85145, 0.83692, 
0.85381, 0.84764, 0.83639, 0.85161, 0.85782, 0.8652, 0.86681, 
0.84683, 0.85526, 0.83388, 0.83677, 0.85381, 0.84037, 0.8434, 
0.85484, 0.0129, 0.0132, 0.0128, 0.0148, 0.0144, 0.0158, 0.0162, 
0.017, 0.0186, 0.0193, 0.0196, 61.6, 63.6, 68.6, 78.5, 83.7, 
87, 92.7, 96.2, 100.8, 111.3, 115.9, 1, 1, 1, 1, 1, 1, 1, 1, 
1, 1, 1, 1, 1, 1, 1, 1, 1, 1, 1, 1, 1, 1, 1, 1, 1, 1, 1, 1, 1, 
1, 1, 1, 1, 1, 1, 1, 1, 1, 1, 1, 1, 1, 1, 1, 2.631, 2.582, 2.387, 
2.645, 2.429, 2.528, 2.494, 2.513, 2.625, 2.489, 2.424), .Dim = c(11L, 
40L), .Dimnames = list(NULL, c("Sampling", "PSO.cost", "PSO.gamma", 
"PSO.data.balancing", "PSO.feature.selection", "PSO.valid.acc", 
"PSO.test.acc", "PSO.train.time", "PSO.n.support.vectors", "PSO.index", 
"PSO.n.solutions", "PSO.generations", "PSO.n.evaluations", "PSO.cpu.time", 
"RS.cost", "RS.gamma", "RS.data.balancing", "RS.feature.selection", 
"RS.valid.acc", "RS.test.acc", "RS.train.time", "RS.n.support.vectors", 
"RS.index", "RS.n.solutions", "RS.generations", "RS.n.evaluations", 
"RS.cpu.time", "DF.cost", "DF.gamma", "DF.data.balancing", "DF.feature.selection", 
"DF.valid.acc", "DF.test.acc", "DF.train.time", "DF.n.support.vectors", 
"DF.index", "DF.n.solutions", "DF.generations", "DF.n.evaluations", 
"DF.cpu.time")))
