full <-
structure(c(50, 55, 60, 65, 70, 75, 80, 85, 90, 95, 100, 12.87, 
5.74325, 4.78653, 11.91888, 4.38754, 11.4743, 0.87146, 9.70297, 
1.5533, 4.83127, 8.29441, -9.13564, -7.91049, -7.0216, -15, -6.16093, 
-14.03404, -1.0461, -6.92735, -2.9199, -5.53116, -10.43298, 0, 
0, 0, 0, 0, 0, 0, 0, 0, 0, 0, 0, 0, 0, 0, 0, 0, 0, 0, 0, 0, 0, 
0.87292, 0.89424, 0.89173, 0.88143, 0.86706, 0.86791, 0.88062, 
0.86923, 0.85911, 0.86017, 0.85484, 0.86708, 0.87136, 0.87035, 
0.8719, 0.85756, 0.84182, 0.86062, 0.83932, 0.85554, 0.85695, 
0.84194, 0.0136, 0.0129, 0.014, 0.0147, 0.0155, 0.0189, 0.0217, 
0.0239, 0.0196, 0.021, 0.0232, 33.4, 56.9, 63.2, 75, 71.1, 84.6, 
116.4, 71, 94.3, 86.2, 104.7, 120, 391, 2241, 82, 100, 825, 435, 
320, 588, 979, 146, 317, 291, 3, 115, 361, 34, 794, 219, 133, 
85, 101, 100, 100, 100, 100, 100, 100, 100, 100, 100, 100, 100, 
2500, 2500, 2500, 2500, 2500, 2500, 2500, 2500, 2500, 2500, 2500, 
6989.722, 6957.638, 7136.843, 7305.20800000001, 7328.692, 9757.535, 
9661.995, 9386.037, 9577.57300000002, 9537.353, 9582.965, 12.48434, 
5.42361, 4.37125, 11.73612, 3.99567, 0.36528, 0.48958, 8.19205, 
5.92894, 4.70116, 3.93319, -8.22867, -7.63939, -6.6499, -14.7655, 
-5.99103, -2.48318, -0.97082, -6.47428, -10.31102, -5.53244, 
-6.65203, 0, 0, 0, 0, 0, 0, 0, 0, 0, 0, 0, 0, 0, 0, 0, 0, 0, 
0, 0, 0, 0, 0, 0.87292, 0.89424, 0.88673, 0.88143, 0.86706, 0.86791, 
0.88062, 0.86553, 0.86244, 0.86017, 0.85161, 0.84083, 0.87761, 
0.87035, 0.87667, 0.85756, 0.8547, 0.85277, 0.85043, 0.85567, 
0.85373, 0.85484, 0.0144, 0.0134, 0.014, 0.0149, 0.0188, 0.0185, 
0.0224, 0.0215, 0.0215, 0.0209, 0.0226, 32.6, 57.4, 62.9, 74.5, 
73.1, 88, 121.8, 72.5, 119.1, 87.2, 110.4, 933, 1574, 1471, 618, 
1718, 1615, 83, 121, 785, 152, 53, 4, 1, 1, 3, 1, 4, 1, 11, 2, 
3, 15, 100, 100, 100, 100, 100, 100, 100, 100, 100, 100, 100, 
2500, 2500, 2500, 2500, 2500, 2500, 2500, 2500, 2500, 2500, 2500, 
7004.421, 7258.249, 7155.792, 7424.73699999999, 8256.31600000001, 
9804.939, 9663.673, 9520.605, 9634.53200000001, 9750.50399999999, 
9928.81200000001, 1, 1, 1, 1, 1, 1, 1, 1, 1, 1, 1, 0.16667, 0.16667, 
0.16667, 0.16667, 0.16667, 0.16667, 0.16667, 0.16667, 0.16667, 
0.16667, 0.16667, 0, 0, 0, 0, 0, 0, 0, 0, 0, 0, 0, 0, 0, 0, 0, 
0, 0, 0, 0, 0, 0, 0, 0.84042, 0.87165, 0.83482, 0.84238, 0.83438, 
0.84617, 0.85662, 0.8359, 0.84483, 0.83727, 0.83548, 0.85917, 
0.87132, 0.8662, 0.84738, 0.83873, 0.84165, 0.85262, 0.84316, 
0.84483, 0.83727, 0.83226, 0.0128, 0.0131, 0.0143, 0.0153, 0.017, 
0.0198, 0.0208, 0.0205, 0.0203, 0.0218, 0.0222, 61.6, 65.4, 71.3, 
75.8, 83.1, 90.5, 97.1, 106.4, 108.8, 114, 115.7, 1, 1, 1, 1, 
1, 1, 1, 1, 1, 1, 1, 1, 1, 1, 1, 1, 1, 1, 1, 1, 1, 1, 1, 1, 1, 
1, 1, 1, 1, 1, 1, 1, 1, 1, 1, 1, 1, 1, 1, 1, 1, 1, 1, 1, 2.843, 
2.776, 2.798, 2.986, 3.616, 3.912, 3.914, 3.8, 3.488, 3.645, 
3.544), .Dim = c(11L, 40L), .Dimnames = list(NULL, c("Sampling", 
"PSO.cost", "PSO.gamma", "PSO.data.balancing", "PSO.feature.selection", 
"PSO.valid.acc", "PSO.test.acc", "PSO.train.time", "PSO.n.support.vectors", 
"PSO.index", "PSO.n.solutions", "PSO.generations", "PSO.n.evaluations", 
"PSO.cpu.time", "RS.cost", "RS.gamma", "RS.data.balancing", "RS.feature.selection", 
"RS.valid.acc", "RS.test.acc", "RS.train.time", "RS.n.support.vectors", 
"RS.index", "RS.n.solutions", "RS.generations", "RS.n.evaluations", 
"RS.cpu.time", "DF.cost", "DF.gamma", "DF.data.balancing", "DF.feature.selection", 
"DF.valid.acc", "DF.test.acc", "DF.train.time", "DF.n.support.vectors", 
"DF.index", "DF.n.solutions", "DF.generations", "DF.n.evaluations", 
"DF.cpu.time")))
