full <-
structure(c(50, 55, 60, 65, 70, 75, 80, 85, 90, 95, 100, 4.92539, 
9.98592, 9.37563, 10.60927, 10.71545, 12.54851, 1, 1.68775, 15, 
5.24574, 6.96301, -7.21038, -11.60443, -12.02374, -14.4185, -13.37895, 
-8.30909, 0.16667, -3.75066, -13.42771, -5.11706, -6.45077, 0, 
0, 0, 0, 0, 0, 0, 0, 0, 0, 0, 0, 0, 0, 0, 0, 0, 0, 0, 0, 0, 0, 
0.89542, 0.86699, 0.87749, 0.87143, 0.86205, 0.86699, 0.85288, 
0.85409, 0.86229, 0.87595, 0.87419, 0.84292, 0.84902, 0.84503, 
0.84214, 0.85274, 0.84199, 0.83238, 0.84667, 0.84813, 0.84928, 
0.85806, 0.0141, 0.0146, 0.014, 0.0154, 0.0178, 0.0255, 0.0175, 
0.0196, 0.0234, 0.0191, 0.0205, 64.6, 64.4, 79.7, 92.4, 89, 63.2, 
102.1, 94.1, 78, 83.2, 83.3, 2047, 518, 799, 383, 217, 523, 1, 
635, 126, 44, 2180, 9, 30, 42, 16, 101, 75, 26, 230, 315, 87, 
1, 100, 100, 100, 100, 100, 100, 100, 100, 100, 100, 100, 2500, 
2500, 2500, 2500, 2500, 2500, 2500, 2500, 2500, 2500, 2500, 6886.331, 
7015.501, 6835.886, 7137.178, 7593.153, 7960.375, 7822.215, 7591.90700000001, 
7594.07100000001, 7970.451, 7867.902, 5.38291, 10.85699, 11.12741, 
8.13555, 10.11352, 11.44853, 0.70768, 1.77642, 14.73899, 5.27981, 
0.53365, -7.64222, -12.47957, -13.77342, -11.93067, -12.76493, 
-7.71608, -2.80139, -3.62561, -12.6876, -5.18082, -0.31604, 0, 
0, 0, 0, 0, 0, 0, 0, 0, 0, 0, 0, 0, 0, 0, 0, 0, 0, 0, 0, 0, 0, 
0.89542, 0.86699, 0.87222, 0.87143, 0.86205, 0.86699, 0.85288, 
0.85039, 0.86229, 0.87595, 0.87419, 0.83625, 0.8549, 0.84503, 
0.84214, 0.85274, 0.84633, 0.83655, 0.84283, 0.84468, 0.84928, 
0.86452, 0.0136, 0.0137, 0.0143, 0.0155, 0.0166, 0.0242, 0.0185, 
0.0188, 0.023, 0.0193, 0.0271, 64.7, 64.4, 79.6, 92.2, 88.5, 
63.7, 94.9, 92.3, 77, 83.3, 163, 1396, 105, 1949, 916, 1882, 
838, 1722, 1531, 1338, 2312, 1233, 1, 3, 1, 1, 5, 1, 1, 1, 1, 
2, 1, 100, 100, 100, 100, 100, 100, 100, 100, 100, 100, 100, 
2500, 2500, 2500, 2500, 2500, 2500, 2500, 2500, 2500, 2500, 2500, 
6932.084, 7011.796, 7056.36599999999, 7261.554, 7813.054, 7737.77100000001, 
7682.72100000001, 7804.44099999999, 7737.965, 7702.307, 8330.88199999998, 
1, 1, 1, 1, 1, 1, 1, 1, 1, 1, 1, 0.16667, 0.16667, 0.16667, 0.16667, 
0.16667, 0.16667, 0.16667, 0.16667, 0.16667, 0.16667, 0.16667, 
0, 0, 0, 0, 0, 0, 0, 0, 0, 0, 0, 0, 0, 0, 0, 0, 0, 0, 0, 0, 0, 
0, 0.81167, 0.83203, 0.81345, 0.84714, 0.84448, 0.83346, 0.85288, 
0.82388, 0.84402, 0.84606, 0.84839, 0.81125, 0.82647, 0.82953, 
0.8519, 0.84404, 0.83417, 0.83238, 0.835, 0.83011, 0.85585, 0.86452, 
0.0128, 0.0141, 0.0146, 0.0159, 0.0165, 0.0183, 0.0183, 0.0182, 
0.02, 0.021, 0.0232, 72.6, 78.8, 85.6, 89.6, 94.1, 100.4, 102.1, 
104.9, 109.3, 113.7, 115.3, 1, 1, 1, 1, 1, 1, 1, 1, 1, 1, 1, 
1, 1, 1, 1, 1, 1, 1, 1, 1, 1, 1, 1, 1, 1, 1, 1, 1, 1, 1, 1, 1, 
1, 1, 1, 1, 1, 1, 1, 1, 1, 1, 1, 1, 2.678, 2.774, 2.802, 3.06, 
3.064, 3.006, 3.024, 3.065, 3.074, 3.154, 3.302), .Dim = c(11L, 
40L), .Dimnames = list(NULL, c("Sampling", "PSO.cost", "PSO.gamma", 
"PSO.data.balancing", "PSO.feature.selection", "PSO.valid.acc", 
"PSO.test.acc", "PSO.train.time", "PSO.n.support.vectors", "PSO.index", 
"PSO.n.solutions", "PSO.generations", "PSO.n.evaluations", "PSO.cpu.time", 
"RS.cost", "RS.gamma", "RS.data.balancing", "RS.feature.selection", 
"RS.valid.acc", "RS.test.acc", "RS.train.time", "RS.n.support.vectors", 
"RS.index", "RS.n.solutions", "RS.generations", "RS.n.evaluations", 
"RS.cpu.time", "DF.cost", "DF.gamma", "DF.data.balancing", "DF.feature.selection", 
"DF.valid.acc", "DF.test.acc", "DF.train.time", "DF.n.support.vectors", 
"DF.index", "DF.n.solutions", "DF.generations", "DF.n.evaluations", 
"DF.cpu.time")))
