full <-
structure(c(50, 55, 60, 65, 70, 75, 80, 85, 90, 95, 100, 4.30085, 
0.9763, 3.34958, 6.01341, 3.83778, 4.76139, 8.20119, 9.50121, 
14.63452, 10.11308, 7.30769, -4.6064, -0.23302, -4.89449, -4.04099, 
-4.21424, -5.56757, -4.49974, -5.43954, -8.31147, -5.24376, -6.3444, 
0, 0, 0, 0, 0, 0, 0, 0, 0, 0, 0, 0, 0, 0, 0, 0, 0, 0, 0, 0, 0, 
0, 0.89042, 0.89632, 0.9038, 0.90612, 0.89372, 0.88116, 0.8724, 
0.88405, 0.87917, 0.87625, 0.87742, 0.89708, 0.89011, 0.88216, 
0.87609, 0.89416, 0.8596, 0.82387, 0.86895, 0.87917, 0.84967, 
0.86129, 0.013, 0.0158, 0.0165, 0.0176, 0.0176, 0.0185, 0.0233, 
0.0254, 0.082, 0.0349, 0.0223, 43.3, 96.5, 59.4, 47.4, 59.7, 
71.9, 64.2, 65, 67.7, 74, 80.8, 55, 14, 38, 137, 112, 1190, 573, 
120, 508, 1132, 399, 394, 129, 355, 367, 415, 83, 127, 389, 285, 
54, 172, 100, 100, 100, 100, 100, 100, 100, 100, 100, 100, 100, 
2500, 2500, 2500, 2500, 2500, 2500, 2500, 2500, 2500, 2500, 2500, 
6885.989, 8163.706, 9901.293, 9825.783, 9681.897, 9651.06999999999, 
9400.94200000001, 9734.257, 10283.409, 9829.91400000002, 9451.82000000001, 
4.80211, -0.10813, 3.42355, 6.67834, 4.78074, 5.11332, 5.84719, 
9.42414, 14.48105, 10.38272, 5.92477, -5.79901, -2.98111, -5.10761, 
-4.51404, -4.69919, -6.11327, -4.78082, -5.36983, -8.22174, -5.33792, 
-5.02832, 0, 0, 0, 0, 0, 0, 0, 0, 0, 0, 0, 0, 0, 0, 0, 0, 0, 
0, 0, 0, 0, 0, 0.89042, 0.88484, 0.9038, 0.90135, 0.89372, 0.87699, 
0.8724, 0.88405, 0.87917, 0.87625, 0.87742, 0.87792, 0.87377, 
0.89327, 0.89085, 0.89394, 0.85109, 0.85254, 0.86524, 0.87917, 
0.84967, 0.85484, 0.0138, 0.0165, 0.0165, 0.0177, 0.0179, 0.0183, 
0.0203, 0.0254, 0.0703, 0.036, 0.0222, 48.3, 70.3, 60.2, 46, 
56.6, 73.9, 67.1, 64.8, 67.7, 74.1, 81.3, 319, 1856, 177, 157, 
272, 2050, 1073, 438, 828, 2421, 854, 15, 1, 5, 9, 2, 1, 1, 2, 
2, 1, 6, 100, 100, 100, 100, 100, 100, 100, 100, 100, 100, 100, 
2500, 2500, 2500, 2500, 2500, 2500, 2500, 2500, 2500, 2500, 2500, 
6874.383, 9888.108, 9887.893, 9762.03399999999, 9788.894, 9421.81, 
9863.679, 9619.677, 9573.29999999999, 9654.06099999999, 9507.897, 
1, 1, 1, 1, 1, 1, 1, 1, 1, 1, 1, 0.16667, 0.16667, 0.16667, 0.16667, 
0.16667, 0.16667, 0.16667, 0.16667, 0.16667, 0.16667, 0.16667, 
0, 0, 0, 0, 0, 0, 0, 0, 0, 0, 0, 0, 0, 0, 0, 0, 0, 0, 0, 0, 0, 
0, 0.85292, 0.86646, 0.8769, 0.87135, 0.87141, 0.83859, 0.84054, 
0.85726, 0.85393, 0.84968, 0.85161, 0.85333, 0.86789, 0.87164, 
0.87588, 0.86708, 0.83841, 0.83653, 0.8537, 0.86108, 0.84623, 
0.84516, 0.0128, 0.0159, 0.0174, 0.018, 0.0186, 0.0193, 0.0202, 
0.0207, 0.0215, 0.0229, 0.023, 62.4, 68.5, 71.8, 76.9, 83.9, 
94.1, 99.4, 101.7, 106.1, 110.9, 115.7, 1, 1, 1, 1, 1, 1, 1, 
1, 1, 1, 1, 1, 1, 1, 1, 1, 1, 1, 1, 1, 1, 1, 1, 1, 1, 1, 1, 1, 
1, 1, 1, 1, 1, 1, 1, 1, 1, 1, 1, 1, 1, 1, 1, 1, 2.649, 4.005, 
3.888, 3.902, 3.764, 3.77, 3.986, 3.727, 3.716, 3.779, 3.615), .Dim = c(11L, 
40L), .Dimnames = list(NULL, c("Sampling", "PSO.cost", "PSO.gamma", 
"PSO.data.balancing", "PSO.feature.selection", "PSO.valid.acc", 
"PSO.test.acc", "PSO.train.time", "PSO.n.support.vectors", "PSO.index", 
"PSO.n.solutions", "PSO.generations", "PSO.n.evaluations", "PSO.cpu.time", 
"RS.cost", "RS.gamma", "RS.data.balancing", "RS.feature.selection", 
"RS.valid.acc", "RS.test.acc", "RS.train.time", "RS.n.support.vectors", 
"RS.index", "RS.n.solutions", "RS.generations", "RS.n.evaluations", 
"RS.cpu.time", "DF.cost", "DF.gamma", "DF.data.balancing", "DF.feature.selection", 
"DF.valid.acc", "DF.test.acc", "DF.train.time", "DF.n.support.vectors", 
"DF.index", "DF.n.solutions", "DF.generations", "DF.n.evaluations", 
"DF.cpu.time")))
