full <-
structure(c(50, 55, 60, 65, 70, 75, 80, 85, 90, 95, 100, 9.31084, 
14.79668, 3.87239, 4.05642, 4.53857, 7.11803, 14.90421, 15, 7.54692, 
12.45648, 12.59367, -8.44456, -15, -7.33966, -8.05321, -8.56454, 
-7.55488, -7.79305, -8.71783, -5.90756, -10.76576, -8.09113, 
0, 0, 0, 0, 0, 0, 0, 0, 0, 0, 0, 0, 0, 0, 0, 0, 0, 0, 0, 0, 0, 
0, 0.86417, 0.8424, 0.85994, 0.85083, 0.85817, 0.8552, 0.86613, 
0.86866, 0.8553, 0.86238, 0.87419, 0.83833, 0.83064, 0.84971, 
0.85509, 0.84432, 0.83837, 0.86194, 0.86111, 0.8447, 0.8556, 
0.86774, 0.0122, 0.0133, 0.0144, 0.0157, 0.0159, 0.0154, 0.0832, 
0.0465, 0.0185, 0.0214, 0.0327, 44.2, 54.9, 79.3, 89.2, 97.5, 
71.6, 62.3, 63.9, 74.6, 80.3, 77.5, 389, 104, 620, 1407, 1663, 
3, 2221, 52, 1974, 18, 125, 245, 1013, 37, 20, 12, 553, 1, 778, 
20, 563, 190, 100, 100, 100, 100, 100, 100, 100, 100, 100, 100, 
100, 2500, 2500, 2500, 2500, 2500, 2500, 2500, 2500, 2500, 2500, 
2500, 6166.57, 6205.429, 6248.953, 6319.839, 6422.961, 6587.41599999999, 
7727.89199999999, 7161.20000000001, 6861.55099999999, 6690.469, 
6999.67600000001, 9.15432, 13.0255, 3.27335, 4.76601, 4.89787, 
8.12559, 3.05399, 13.66289, 7.15442, 14.98594, 12.0652, -8.24957, 
-4.73071, -6.77243, -8.70556, -8.9549, -9.43661, -4.25074, -8.21089, 
-5.95825, -7.91423, -7.90516, 0, 0, 0, 0, 0, 0, 0, 0, 0, 0, 0, 
0, 0, 0, 0, 0, 0, 0, 0, 0, 0, 0, 0.86417, 0.84792, 0.85994, 0.84583, 
0.85817, 0.85122, 0.86227, 0.86866, 0.85517, 0.86259, 0.87419, 
0.83833, 0.81434, 0.84444, 0.85009, 0.84432, 0.83837, 0.86195, 
0.86111, 0.84828, 0.84915, 0.86774, 0.0124, 0.0639, 0.0145, 0.0151, 
0.0157, 0.0159, 0.016, 0.04, 0.0184, 0.123, 0.03, 44.1, 45.1, 
79.3, 89, 97.7, 77.7, 78.7, 64.7, 75.9, 74.7, 77.6, 279, 423, 
1813, 1557, 48, 619, 2091, 229, 407, 2432, 84, 5, 3, 1, 1, 6, 
1, 1, 5, 1, 1, 7, 100, 100, 100, 100, 100, 100, 100, 100, 100, 
100, 100, 2500, 2500, 2500, 2500, 2500, 2500, 2500, 2500, 2500, 
2500, 2500, 6252.406, 6288.228, 6361.526, 6386.358, 6709.499, 
6771.61500000001, 6790.66800000001, 6794.74099999999, 6885.15800000001, 
6890.561, 7013.435, 1, 1, 1, 1, 1, 1, 1, 1, 1, 1, 1, 0.16667, 
0.16667, 0.16667, 0.16667, 0.16667, 0.16667, 0.16667, 0.16667, 
0.16667, 0.16667, 0.16667, 0, 0, 0, 0, 0, 0, 0, 0, 0, 0, 0, 0, 
0, 0, 0, 0, 0, 0, 0, 0, 0, 0, 0.84458, 0.81295, 0.83947, 0.8118, 
0.8255, 0.81319, 0.83409, 0.84231, 0.83411, 0.85593, 0.85484, 
0.83167, 0.82439, 0.84503, 0.82583, 0.83957, 0.81756, 0.83377, 
0.83462, 0.83042, 0.8357, 0.85484, 0.0126, 0.0139, 0.0138, 0.015, 
0.0153, 0.0166, 0.0171, 0.0178, 0.0199, 0.0202, 0.0216, 67.3, 
70.6, 75.6, 82.5, 89.9, 95.1, 98.5, 101.1, 108.3, 109.7, 114.8, 
1, 1, 1, 1, 1, 1, 1, 1, 1, 1, 1, 1, 1, 1, 1, 1, 1, 1, 1, 1, 1, 
1, 1, 1, 1, 1, 1, 1, 1, 1, 1, 1, 1, 1, 1, 1, 1, 1, 1, 1, 1, 1, 
1, 1, 2.485, 2.575, 2.545, 2.516, 2.614, 2.63, 2.657, 2.569, 
2.713, 2.65, 2.704), .Dim = c(11L, 40L), .Dimnames = list(NULL, 
    c("Sampling", "PSO.cost", "PSO.gamma", "PSO.data.balancing", 
    "PSO.feature.selection", "PSO.valid.acc", "PSO.test.acc", 
    "PSO.train.time", "PSO.n.support.vectors", "PSO.index", "PSO.n.solutions", 
    "PSO.generations", "PSO.n.evaluations", "PSO.cpu.time", "RS.cost", 
    "RS.gamma", "RS.data.balancing", "RS.feature.selection", 
    "RS.valid.acc", "RS.test.acc", "RS.train.time", "RS.n.support.vectors", 
    "RS.index", "RS.n.solutions", "RS.generations", "RS.n.evaluations", 
    "RS.cpu.time", "DF.cost", "DF.gamma", "DF.data.balancing", 
    "DF.feature.selection", "DF.valid.acc", "DF.test.acc", "DF.train.time", 
    "DF.n.support.vectors", "DF.index", "DF.n.solutions", "DF.generations", 
    "DF.n.evaluations", "DF.cpu.time")))
