full <-
structure(c(50, 55, 60, 65, 70, 75, 80, 85, 90, 95, 100, 6.92862, 
6.64739, 15, 3.48512, 3.23156, 11.2016, 7.18333, 4.30977, 4.69108, 
7.89162, 10.56148, -6.3302, -7.05934, -9.76463, -6.94841, -6.82544, 
-7.18911, -8.79313, -2.76657, -5.07589, -5.98214, -11.85182, 
0, 0, 0, 0, 0, 0, 0, 0, 0, 0, 0, 0, 0, 0, 0, 0, 0, 0, 0, 0, 0, 
0, 0.885, 0.8902, 0.86696, 0.8719, 0.85927, 0.87736, 0.87246, 
0.87635, 0.86207, 0.87281, 0.86129, 0.87167, 0.84926, 0.85029, 
0.86238, 0.83155, 0.86051, 0.86446, 0.8312, 0.86195, 0.84957, 
0.84839, 0.0128, 0.0135, 0.025, 0.0161, 0.0162, 0.0206, 0.0177, 
0.0183, 0.0197, 0.0215, 0.0218, 43, 53.2, 44.5, 86.4, 93.7, 56, 
84, 79.8, 83.1, 76.4, 97.5, 271, 1678, 839, 1820, 686, 417, 123, 
1330, 56, 1245, 114, 151, 26, 13, 3, 47, 123, 381, 116, 394, 
173, 102, 100, 100, 100, 100, 100, 100, 100, 100, 100, 100, 100, 
2500, 2500, 2500, 2500, 2500, 2500, 2500, 2500, 2500, 2500, 2500, 
6377.266, 6450.052, 6534.206, 6475.02, 6540.945, 6598.52099999999, 
6770.605, 6573.586, 6684.73300000001, 6567.765, 6649.15699999998, 
7.90716, 6.85667, 6.88191, 5.11926, 10.11174, 1.18923, 2.9312, 
4.24587, 5.76738, 7.48809, 9.54769, -6.74196, -7.30637, -7.60101, 
-5.59098, -9.70733, -2.68699, -5.12749, -2.75355, -5.76822, -6.04108, 
-11.93131, 0, 0, 0, 0, 0, 0, 0, 0, 0, 0, 0, 0, 0, 0, 0, 0, 0, 
0, 0, 0, 0, 0, 0.88458, 0.87908, 0.86667, 0.87167, 0.85821, 0.87736, 
0.87662, 0.87251, 0.86207, 0.86947, 0.86129, 0.87167, 0.84926, 
0.84561, 0.8619, 0.8489, 0.85634, 0.86462, 0.8312, 0.86195, 0.85301, 
0.83871, 0.013, 0.0142, 0.0146, 0.0152, 0.0163, 0.0169, 0.0177, 
0.0196, 0.0194, 0.0209, 0.0215, 41.4, 53.5, 59.8, 61.9, 63.1, 
84.3, 86.8, 80.3, 81.4, 77.2, 108.1, 274, 1336, 2159, 1532, 1102, 
24, 1781, 105, 827, 1031, 654, 2, 1, 1, 1, 1, 1, 1, 1, 3, 4, 
13, 100, 100, 100, 100, 100, 100, 100, 100, 100, 100, 100, 2500, 
2500, 2500, 2500, 2500, 2500, 2500, 2500, 2500, 2500, 2500, 6422.814, 
6482.903, 6529.006, 6570.454, 6571.979, 6564.895, 6602.22499999999, 
6712.52099999999, 6739.033, 6767.30200000001, 6923.894, 1, 1, 
1, 1, 1, 1, 1, 1, 1, 1, 1, 0.16667, 0.16667, 0.16667, 0.16667, 
0.16667, 0.16667, 0.16667, 0.16667, 0.16667, 0.16667, 0.16667, 
0, 0, 0, 0, 0, 0, 0, 0, 0, 0, 0, 0, 0, 0, 0, 0, 0, 0, 0, 0, 0, 
0, 0.865, 0.84833, 0.84006, 0.83762, 0.82765, 0.85199, 0.84477, 
0.83519, 0.83387, 0.83624, 0.84516, 0.85875, 0.85453, 0.83977, 
0.83786, 0.80923, 0.85199, 0.85677, 0.83504, 0.83374, 0.84957, 
0.84839, 0.0134, 0.014, 0.0149, 0.0158, 0.0166, 0.017, 0.0181, 
0.0182, 0.02, 0.0215, 0.0222, 64.5, 66.2, 73.5, 82.7, 88.9, 95, 
98.2, 107.4, 111.3, 113.1, 116, 1, 1, 1, 1, 1, 1, 1, 1, 1, 1, 
1, 1, 1, 1, 1, 1, 1, 1, 1, 1, 1, 1, 1, 1, 1, 1, 1, 1, 1, 1, 1, 
1, 1, 1, 1, 1, 1, 1, 1, 1, 1, 1, 1, 1, 2.583, 2.53, 2.561, 2.607, 
2.569, 2.497, 2.61, 2.429, 2.588, 2.631, 2.658), .Dim = c(11L, 
40L), .Dimnames = list(NULL, c("Sampling", "PSO.cost", "PSO.gamma", 
"PSO.data.balancing", "PSO.feature.selection", "PSO.valid.acc", 
"PSO.test.acc", "PSO.train.time", "PSO.n.support.vectors", "PSO.index", 
"PSO.n.solutions", "PSO.generations", "PSO.n.evaluations", "PSO.cpu.time", 
"RS.cost", "RS.gamma", "RS.data.balancing", "RS.feature.selection", 
"RS.valid.acc", "RS.test.acc", "RS.train.time", "RS.n.support.vectors", 
"RS.index", "RS.n.solutions", "RS.generations", "RS.n.evaluations", 
"RS.cpu.time", "DF.cost", "DF.gamma", "DF.data.balancing", "DF.feature.selection", 
"DF.valid.acc", "DF.test.acc", "DF.train.time", "DF.n.support.vectors", 
"DF.index", "DF.n.solutions", "DF.generations", "DF.n.evaluations", 
"DF.cpu.time")))
