full <-
structure(c(50, 55, 60, 65, 70, 75, 80, 85, 90, 95, 100, 3.09002, 
8.33117, 1.17369, -1.21682, 12.8502, 3.27578, 11.55325, 9.52765, 
7.3493, 10.20947, 3.59712, -4.85417, -13.01706, -3.44279, -1.86528, 
-14.45586, -7.01562, -15, -8.19434, -11.12496, -6.29255, -4.5766, 
0, 0, 0, 0, 0, 0, 0, 0, 0, 0, 0, 0, 0, 0, 0, 0, 0, 0, 0, 0, 0, 
0, 0.87814, 0.86691, 0.87215, 0.87738, 0.86922, 0.85996, 0.86145, 
0.85014, 0.86995, 0.87641, 0.86774, 0.8523, 0.84959, 0.85636, 
0.86762, 0.85969, 0.85562, 0.85792, 0.83504, 0.85579, 0.86596, 
0.85484, 0.0131, 0.014, 0.0147, 0.0171, 0.0156, 0.0168, 0.0185, 
0.0184, 0.0203, 0.0272, 0.0199, 48.6, 73, 60.9, 96.3, 68.8, 94.7, 
101, 73.4, 114.9, 74.1, 90.1, 260, 97, 403, 292, 629, 57, 368, 
857, 465, 382, 102, 312, 218, 189, 1035, 31, 207, 95, 21, 65, 
90, 609, 100, 100, 100, 100, 100, 100, 100, 100, 100, 100, 100, 
2500, 2500, 2500, 2500, 2500, 2500, 2500, 2500, 2500, 2500, 2500, 
6925.192, 7008.15, 7015.231, 7149.447, 7138.084, 7191.435, 7205.762, 
7547.391, 7512.101, 8251.79299999999, 7359.43100000001, 3.30752, 
-0.78561, 1.28361, -1.19586, 1.66258, 2.12339, -0.45576, 10.23255, 
6.57897, 14.26906, 3.91836, -4.99766, -2.51792, -4.3476, -1.88189, 
-4.22418, -5.17338, -3.22143, -9.36116, -10.37802, -8.10455, 
-4.99757, 0, 0, 0, 0, 0, 0, 0, 0, 0, 0, 0, 0, 0, 0, 0, 0, 0, 
0, 0, 0, 0, 0, 0.87814, 0.86761, 0.86689, 0.87738, 0.86902, 0.86413, 
0.86163, 0.84658, 0.86995, 0.87307, 0.86774, 0.8523, 0.86238, 
0.85574, 0.86762, 0.86446, 0.83822, 0.83392, 0.83875, 0.85222, 
0.86952, 0.85806, 0.0133, 0.0144, 0.0143, 0.0158, 0.0165, 0.0169, 
0.0182, 0.0182, 0.0204, 0.0594, 0.0206, 48, 74.5, 64.5, 96, 72.4, 
86.8, 103, 75.2, 115, 71.7, 91.1, 1724, 91, 901, 987, 1726, 944, 
2008, 1772, 394, 66, 266, 1, 5, 5, 1, 1, 1, 1, 1, 5, 16, 4, 100, 
100, 100, 100, 100, 100, 100, 100, 100, 100, 100, 2500, 2500, 
2500, 2500, 2500, 2500, 2500, 2500, 2500, 2500, 2500, 7030.973, 
7064.086, 7081.711, 7263.778, 7308.79300000001, 7385.181, 7301.431, 
7678.72900000001, 7638.37300000001, 7623.32499999998, 7685.196, 
1, 1, 1, 1, 1, 1, 1, 1, 1, 1, 1, 0.16667, 0.16667, 0.16667, 0.16667, 
0.16667, 0.16667, 0.16667, 0.16667, 0.16667, 0.16667, 0.16667, 
0, 0, 0, 0, 0, 0, 0, 0, 0, 0, 0, 0, 0, 0, 0, 0, 0, 0, 0, 0, 0, 
0, 0.85189, 0.85061, 0.85607, 0.84357, 0.85538, 0.83822, 0.84531, 
0.81239, 0.85493, 0.85585, 0.84839, 0.85855, 0.8565, 0.86133, 
0.84357, 0.85082, 0.83388, 0.8336, 0.81952, 0.84089, 0.84284, 
0.84516, 0.0134, 0.0138, 0.0142, 0.0152, 0.0172, 0.0169, 0.0169, 
0.019, 0.0196, 0.0205, 0.0207, 61.8, 67.3, 71, 78.7, 81.1, 90.2, 
95.7, 102.1, 107.4, 111.9, 115.8, 1, 1, 1, 1, 1, 1, 1, 1, 1, 
1, 1, 1, 1, 1, 1, 1, 1, 1, 1, 1, 1, 1, 1, 1, 1, 1, 1, 1, 1, 1, 
1, 1, 1, 1, 1, 1, 1, 1, 1, 1, 1, 1, 1, 1, 2.709, 2.791, 2.791, 
2.938, 2.939, 2.974, 2.787, 3.081, 2.905, 2.943, 2.853), .Dim = c(11L, 
40L), .Dimnames = list(NULL, c("Sampling", "PSO.cost", "PSO.gamma", 
"PSO.data.balancing", "PSO.feature.selection", "PSO.valid.acc", 
"PSO.test.acc", "PSO.train.time", "PSO.n.support.vectors", "PSO.index", 
"PSO.n.solutions", "PSO.generations", "PSO.n.evaluations", "PSO.cpu.time", 
"RS.cost", "RS.gamma", "RS.data.balancing", "RS.feature.selection", 
"RS.valid.acc", "RS.test.acc", "RS.train.time", "RS.n.support.vectors", 
"RS.index", "RS.n.solutions", "RS.generations", "RS.n.evaluations", 
"RS.cpu.time", "DF.cost", "DF.gamma", "DF.data.balancing", "DF.feature.selection", 
"DF.valid.acc", "DF.test.acc", "DF.train.time", "DF.n.support.vectors", 
"DF.index", "DF.n.solutions", "DF.generations", "DF.n.evaluations", 
"DF.cpu.time")))
