full <-
structure(c(50, 55, 60, 65, 70, 75, 80, 85, 90, 95, 100, 9.10354, 
3.90259, 12.57684, 11.34555, 7.86777, 15, 15, 8.19431, 9.21738, 
7.76029, 12.05958, -7.34638, -6.62251, -9.77769, -7.93528, -10.08829, 
-9.69831, -12.97063, -10.60215, -13.01458, -6.22738, -7.03554, 
0, 0, 0, 0, 0, 0, 0, 0, 0, 0, 0, 0, 0, 0, 0, 0, 0, 0, 0, 0, 0, 
0, 0.89125, 0.88329, 0.87105, 0.86688, 0.87662, 0.87372, 0.87546, 
0.8729, 0.86906, 0.8695, 0.87419, 0.89125, 0.86495, 0.87076, 
0.87188, 0.84935, 0.85669, 0.85562, 0.86194, 0.8518, 0.87284, 
0.86129, 0.0131, 0.0148, 0.0164, 0.0192, 0.0159, 0.0312, 0.0194, 
0.019, 0.0209, 0.0211, 0.0405, 39, 65.4, 49.7, 54.5, 80.5, 58.7, 
63.6, 93.9, 116.8, 78, 76.8, 170, 795, 42, 39, 224, 353, 987, 
623, 1175, 944, 1610, 382, 31, 593, 250, 103, 186, 13, 67, 40, 
42, 2, 100, 100, 100, 100, 100, 100, 100, 100, 100, 100, 100, 
2500, 2500, 2500, 2500, 2500, 2500, 2500, 2500, 2500, 2500, 2500, 
7262.897, 7288.19, 7342.319, 7665.205, 7531.73100000001, 8174.077, 
7487.004, 7475.71799999999, 7783.182, 8658.288, 7807.734, 9.8322, 
3.93475, 14.18508, 14.77923, 8.07381, 14.27583, -0.15157, 1.22988, 
9.64026, 9.32638, 13.06316, -7.94775, -6.6447, -10.17594, -9.81846, 
-7.74134, -8.6015, -4.11665, -1.45293, -13.44023, -6.27669, -9.50883, 
0, 0, 0, 0, 0, 0, 0, 0, 0, 0, 0, 0, 0, 0, 0, 0, 0, 0, 0, 0, 0, 
0, 0.89125, 0.88329, 0.87105, 0.86688, 0.87208, 0.86973, 0.87644, 
0.86949, 0.86906, 0.86628, 0.87097, 0.89125, 0.86495, 0.8655, 
0.87188, 0.86299, 0.85234, 0.8521, 0.85095, 0.8518, 0.86606, 
0.86452, 0.0133, 0.0138, 0.0201, 0.0274, 0.0167, 0.0377, 0.0189, 
0.0193, 0.022, 0.0253, 0.0282, 39.1, 65.1, 48.7, 53.6, 63.9, 
58, 105.8, 107, 116.8, 76.8, 79, 153, 2390, 21, 5, 235, 1304, 
746, 2352, 1347, 1003, 121, 4, 1, 29, 34, 5, 2, 1, 1, 1, 4, 22, 
100, 100, 100, 100, 100, 100, 100, 100, 100, 100, 100, 2500, 
2500, 2500, 2500, 2500, 2500, 2500, 2500, 2500, 2500, 2500, 7294.665, 
7342.843, 7368.66, 7560.317, 7700.17199999999, 7692.99000000001, 
7497.56700000001, 7606.28499999999, 7760.194, 8063.97200000001, 
7874.80599999998, 1, 1, 1, 1, 1, 1, 1, 1, 1, 1, 1, 0.16667, 0.16667, 
0.16667, 0.16667, 0.16667, 0.16667, 0.16667, 0.16667, 0.16667, 
0.16667, 0.16667, 0, 0, 0, 0, 0, 0, 0, 0, 0, 0, 0, 0, 0, 0, 0, 
0, 0, 0, 0, 0, 0, 0, 0.83917, 0.84865, 0.84971, 0.82759, 0.84026, 
0.82604, 0.85259, 0.83557, 0.85513, 0.83961, 0.85161, 0.82667, 
0.85421, 0.81228, 0.80307, 0.83571, 0.84723, 0.84844, 0.85438, 
0.84085, 0.84628, 0.83871, 0.0135, 0.0147, 0.0152, 0.0154, 0.0173, 
0.0166, 0.0168, 0.0192, 0.0202, 0.022, 0.0226, 64.8, 70.8, 82.7, 
88.7, 90.7, 92.1, 96.4, 102, 109.4, 112.6, 114.8, 1, 1, 1, 1, 
1, 1, 1, 1, 1, 1, 1, 1, 1, 1, 1, 1, 1, 1, 1, 1, 1, 1, 1, 1, 1, 
1, 1, 1, 1, 1, 1, 1, 1, 1, 1, 1, 1, 1, 1, 1, 1, 1, 1, 1, 2.987, 
3.065, 3.031, 2.894, 2.991, 2.899, 2.681, 3.028, 2.989, 3.207, 
3.032), .Dim = c(11L, 40L), .Dimnames = list(NULL, c("Sampling", 
"PSO.cost", "PSO.gamma", "PSO.data.balancing", "PSO.feature.selection", 
"PSO.valid.acc", "PSO.test.acc", "PSO.train.time", "PSO.n.support.vectors", 
"PSO.index", "PSO.n.solutions", "PSO.generations", "PSO.n.evaluations", 
"PSO.cpu.time", "RS.cost", "RS.gamma", "RS.data.balancing", "RS.feature.selection", 
"RS.valid.acc", "RS.test.acc", "RS.train.time", "RS.n.support.vectors", 
"RS.index", "RS.n.solutions", "RS.generations", "RS.n.evaluations", 
"RS.cpu.time", "DF.cost", "DF.gamma", "DF.data.balancing", "DF.feature.selection", 
"DF.valid.acc", "DF.test.acc", "DF.train.time", "DF.n.support.vectors", 
"DF.index", "DF.n.solutions", "DF.generations", "DF.n.evaluations", 
"DF.cpu.time")))
