full <-
structure(c(50, 55, 60, 65, 70, 75, 80, 85, 90, 95, 100, 15, 
12.09291, 9.05788, 12.20111, 11.81688, 3.29478, 6.79933, 11.31896, 
6.30754, 6.27334, -0.01425, -13.04358, -11.64579, -10.97439, 
-15, -8.18198, -4.0775, -6.05218, -14.46931, -5.58759, -5.37153, 
-2.04497, 0, 0, 0, 0, 0, 0, 0, 0, 0, 0, 0, 0, 0, 0, 0, 0, 0, 
0, 0, 0, 0, 0, 0.91625, 0.88325, 0.88743, 0.88688, 0.88158, 0.88551, 
0.88042, 0.89144, 0.87586, 0.86572, 0.87097, 0.90417, 0.87737, 
0.85556, 0.86283, 0.84498, 0.87264, 0.86809, 0.8913, 0.85825, 
0.85894, 0.84839, 0.0086, 0.0135, 0.014, 0.0151, 0.0122, 0.0159, 
0.016, 0.0182, 0.0194, 0.0198, 0.021, 40.4, 49.5, 64.6, 75.3, 
55.7, 71.7, 64.8, 101.6, 77.3, 79, 119.5, 557, 214, 311, 77, 
1119, 885, 116, 81, 592, 97, 2292, 490, 61, 102, 80, 56, 85, 
475, 114, 288, 365, 1, 100, 100, 100, 100, 100, 100, 100, 100, 
100, 100, 100, 2500, 2500, 2500, 2500, 2500, 2500, 2500, 2500, 
2500, 2500, 2500, 6046.224, 6610.662, 6709.758, 6721.75, 5772.625, 
8461.478, 8496.90800000001, 8359.958, 6839.088, 6905.66900000001, 
8247.902, 14.11729, 11.38519, 7.71369, 11.8193, 11.86172, 3.43378, 
7.04568, 11.34508, 5.61368, 6.64203, -0.04768, -12.35176, -11.99246, 
-9.66896, -14.62602, -8.45106, -4.14708, -6.34975, -14.4023, 
-5.23659, -5.47721, -1.36712, 0, 0, 0, 0, 0, 0, 0, 0, 0, 0, 0, 
0, 0, 0, 0, 0, 0, 0, 0, 0, 0, 0, 0.91625, 0.88325, 0.88743, 0.88688, 
0.87704, 0.88551, 0.88042, 0.89144, 0.87586, 0.86572, 0.86774, 
0.90417, 0.87737, 0.86082, 0.86283, 0.8636, 0.87264, 0.87209, 
0.88773, 0.85813, 0.85894, 0.85161, 0.0133, 0.0136, 0.0138, 0.0099, 
0.0177, 0.0155, 0.0175, 0.0188, 0.0184, 0.0206, 0.0234, 40.8, 
53.4, 64.5, 75.3, 55.9, 71.2, 65.3, 100.3, 78.4, 78.3, 133, 172, 
571, 1830, 1531, 77, 650, 56, 1390, 46, 1510, 2407, 8, 3, 1, 
1, 6, 1, 3, 1, 4, 6, 1, 100, 100, 100, 100, 100, 100, 100, 100, 
100, 100, 100, 2500, 2500, 2500, 2500, 2500, 2500, 2500, 2500, 
2500, 2500, 2500, 6572.869, 6644.705, 6720.201, 6565.38499999999, 
7679.662, 8495.213, 8055.61, 7353.197, 7032.598, 7200.36600000001, 
8655.226, 1, 1, 1, 1, 1, 1, 1, 1, 1, 1, 1, 0.16667, 0.16667, 
0.16667, 0.16667, 0.16667, 0.16667, 0.16667, 0.16667, 0.16667, 
0.16667, 0.16667, 0, 0, 0, 0, 0, 0, 0, 0, 0, 0, 0, 0, 0, 0, 0, 
0, 0, 0, 0, 0, 0, 0, 0.8575, 0.8663, 0.86111, 0.83731, 0.83093, 
0.85616, 0.84503, 0.85809, 0.85086, 0.85239, 0.85806, 0.8575, 
0.86042, 0.85058, 0.85733, 0.83093, 0.85634, 0.84904, 0.88032, 
0.84015, 0.85584, 0.83871, 0.0127, 0.0088, 0.0143, 0.0151, 0.0147, 
0.0167, 0.0173, 0.0188, 0.0199, 0.0204, 0.0219, 62.8, 69.9, 74.5, 
76.6, 85.5, 92.9, 94.2, 99.4, 106.3, 111.9, 115.9, 1, 1, 1, 1, 
1, 1, 1, 1, 1, 1, 1, 1, 1, 1, 1, 1, 1, 1, 1, 1, 1, 1, 1, 1, 1, 
1, 1, 1, 1, 1, 1, 1, 1, 1, 1, 1, 1, 1, 1, 1, 1, 1, 1, 1, 2.646, 
2.149, 2.643, 2.71, 3.171, 3.284, 3.288, 2.731, 2.768, 2.713, 
3.49), .Dim = c(11L, 40L), .Dimnames = list(NULL, c("Sampling", 
"PSO.cost", "PSO.gamma", "PSO.data.balancing", "PSO.feature.selection", 
"PSO.valid.acc", "PSO.test.acc", "PSO.train.time", "PSO.n.support.vectors", 
"PSO.index", "PSO.n.solutions", "PSO.generations", "PSO.n.evaluations", 
"PSO.cpu.time", "RS.cost", "RS.gamma", "RS.data.balancing", "RS.feature.selection", 
"RS.valid.acc", "RS.test.acc", "RS.train.time", "RS.n.support.vectors", 
"RS.index", "RS.n.solutions", "RS.generations", "RS.n.evaluations", 
"RS.cpu.time", "DF.cost", "DF.gamma", "DF.data.balancing", "DF.feature.selection", 
"DF.valid.acc", "DF.test.acc", "DF.train.time", "DF.n.support.vectors", 
"DF.index", "DF.n.solutions", "DF.generations", "DF.n.evaluations", 
"DF.cpu.time")))
