full <-
structure(c(50, 55, 60, 65, 70, 75, 80, 85, 90, 95, 100, 13.10053, 
14.0117, 6.48444, 4.10988, 9.60273, 9.51728, 15, 15, 14.13675, 
14.55419, 9.48554, -15, -14.2659, -7.28435, -6.94473, -11.83224, 
-12.95647, -11.85248, -13.34921, -7.68743, -9.25223, -6.60723, 
0, 0, 0, 0, 0, 0, 0, 0, 0, 0, 0, 0, 0, 0, 0, 0, 0, 0, 0, 0, 0, 
0, 0.88333, 0.86238, 0.87743, 0.8819, 0.88135, 0.87301, 0.86388, 
0.85777, 0.86918, 0.87251, 0.87097, 0.8575, 0.84575, 0.86746, 
0.84738, 0.86295, 0.86866, 0.85972, 0.85406, 0.84824, 0.85205, 
0.86129, 0.0135, 0.0142, 0.0148, 0.0187, 0.0188, 0.02, 0.0238, 
0.0214, 0.0778, 0.044, 0.0258, 60.8, 54.8, 59.8, 79.1, 79.2, 
94.6, 67.6, 73.3, 72, 75.1, 77.8, 512, 722, 404, 1915, 25, 585, 
111, 81, 2132, 584, 147, 53, 19, 277, 2, 226, 31, 503, 994, 1, 
38, 197, 100, 100, 100, 100, 100, 100, 100, 100, 100, 100, 100, 
2500, 2500, 2500, 2500, 2500, 2500, 2500, 2500, 2500, 2500, 2500, 
7117.784, 7143.424, 7654.994, 9745.009, 9881.76300000001, 9943.428, 
7331.186, 7256.356, 8083.95000000001, 7808.38399999999, 7613.06, 
12.58416, 10.96073, 6.67938, 4.30574, 12.09224, 10.19471, 13.91141, 
14.49162, 14.06981, 14.95501, 12.94715, -14.57112, -9.38296, 
-7.34508, -7.10661, -14.30367, -13.6431, -11.32227, -12.85282, 
-7.65129, -9.51156, -8.20158, 0, 0, 0, 0, 0, 0, 0, 0, 0, 0, 0, 
0, 0, 0, 0, 0, 0, 0, 0, 0, 0, 0, 0.88333, 0.85752, 0.87743, 0.8819, 
0.88135, 0.87301, 0.86388, 0.85777, 0.86918, 0.86906, 0.87097, 
0.85792, 0.83399, 0.86746, 0.84762, 0.86295, 0.86866, 0.85972, 
0.85021, 0.84824, 0.85205, 0.86452, 0.0141, 0.0153, 0.0162, 0.0185, 
0.0185, 0.0173, 0.0212, 0.0212, 0.0767, 0.0493, 0.0366, 61.4, 
48.6, 58.1, 78.5, 78.7, 94.7, 68, 73.3, 71.9, 75.4, 76, 828, 
1076, 1556, 2290, 240, 964, 2, 774, 203, 65, 76, 1, 1, 2, 1, 
17, 2, 7, 3, 1, 5, 5, 100, 100, 100, 100, 100, 100, 100, 100, 
100, 100, 100, 2500, 2500, 2500, 2500, 2500, 2500, 2500, 2500, 
2500, 2500, 2500, 7189.461, 7220.612, 9724.29, 9950.99, 10027.716, 
8237.478, 7413.00600000001, 7318.56, 7518.946, 7593.28899999999, 
7614.16, 1, 1, 1, 1, 1, 1, 1, 1, 1, 1, 1, 0.16667, 0.16667, 0.16667, 
0.16667, 0.16667, 0.16667, 0.16667, 0.16667, 0.16667, 0.16667, 
0.16667, 0, 0, 0, 0, 0, 0, 0, 0, 0, 0, 0, 0, 0, 0, 0, 0, 0, 0, 
0, 0, 0, 0, 0.81958, 0.83603, 0.85635, 0.84667, 0.85362, 0.84275, 
0.82882, 0.83486, 0.85514, 0.84537, 0.83871, 0.83875, 0.83636, 
0.86076, 0.86643, 0.85837, 0.85978, 0.82417, 0.81619, 0.84836, 
0.8456, 0.84194, 0.0142, 0.0143, 0.0173, 0.0179, 0.0184, 0.0175, 
0.0186, 0.0186, 0.0204, 0.0216, 0.0206, 72.3, 76.1, 78.3, 83.7, 
89.5, 94.7, 99.2, 104.5, 109.6, 112.9, 115, 1, 1, 1, 1, 1, 1, 
1, 1, 1, 1, 1, 1, 1, 1, 1, 1, 1, 1, 1, 1, 1, 1, 1, 1, 1, 1, 1, 
1, 1, 1, 1, 1, 1, 1, 1, 1, 1, 1, 1, 1, 1, 1, 1, 1, 2.873, 2.922, 
3.834, 3.945, 3.705, 2.867, 2.873, 2.774, 2.917, 3.018, 2.759
), .Dim = c(11L, 40L), .Dimnames = list(NULL, c("Sampling", "PSO.cost", 
"PSO.gamma", "PSO.data.balancing", "PSO.feature.selection", "PSO.valid.acc", 
"PSO.test.acc", "PSO.train.time", "PSO.n.support.vectors", "PSO.index", 
"PSO.n.solutions", "PSO.generations", "PSO.n.evaluations", "PSO.cpu.time", 
"RS.cost", "RS.gamma", "RS.data.balancing", "RS.feature.selection", 
"RS.valid.acc", "RS.test.acc", "RS.train.time", "RS.n.support.vectors", 
"RS.index", "RS.n.solutions", "RS.generations", "RS.n.evaluations", 
"RS.cpu.time", "DF.cost", "DF.gamma", "DF.data.balancing", "DF.feature.selection", 
"DF.valid.acc", "DF.test.acc", "DF.train.time", "DF.n.support.vectors", 
"DF.index", "DF.n.solutions", "DF.generations", "DF.n.evaluations", 
"DF.cpu.time")))
