full <-
structure(c(50, 55, 60, 65, 70, 75, 80, 85, 90, 95, 100, 13.88556, 
2.1719, 15, 9.19033, 12.01389, 14.14031, -1.13553, 8.89586, 6.64468, 
4.54092, 5.22239, -8.29556, -4.62665, -11.08793, -7.06537, -9.62993, 
-9.14996, -1.41928, -8.92897, -4.73971, -5.29591, -4.70682, 0, 
0, 0, 0, 0, 0, 0, 0, 0, 0, 0, 0, 0, 0, 0, 0, 0, 0, 0, 0, 0, 0, 
0.87083, 0.84101, 0.85023, 0.83786, 0.84556, 0.8429, 0.86406, 
0.86125, 0.88362, 0.88261, 0.87419, 0.85083, 0.80016, 0.82883, 
0.83286, 0.84101, 0.83022, 0.84804, 0.84644, 0.86219, 0.87273, 
0.86129, 0.0241, 0.0135, 0.02, 0.0155, 0.0176, 0.0302, 0.0192, 
0.0182, 0.0192, 0.0188, 0.0196, 41.3, 66.8, 53.2, 58, 63.5, 63.5, 
121.8, 78.4, 72.2, 83.9, 82.4, 97, 1447, 362, 116, 592, 397, 
1245, 578, 227, 2104, 183, 216, 4, 59, 154, 89, 28, 80, 267, 
205, 2, 230, 100, 100, 100, 100, 100, 100, 100, 100, 100, 100, 
100, 2500, 2500, 2500, 2500, 2500, 2500, 2500, 2500, 2500, 2500, 
2500, 7141.947, 7169.806, 7396.995, 6815.367, 7065.63, 7100.16499999999, 
7216.45700000001, 6969.042, 6931.29999999999, 7006.572, 6727.38400000002, 
13.02562, 0.55993, 9.65616, -1.37294, 1.64093, 14.08357, -1.03407, 
8.9815, 6.7606, 4.99592, 4.82003, -7.98632, -4.00597, -7.19153, 
-2.27723, -4.11813, -13.85604, -1.01813, -8.86987, -4.6021, -5.49155, 
-4.51237, 0, 0, 0, 0, 0, 0, 0, 0, 0, 0, 0, 0, 0, 0, 0, 0, 0, 
0, 0, 0, 0, 0, 0.87083, 0.83546, 0.8502, 0.84286, 0.84595, 0.84289, 
0.85606, 0.86125, 0.88362, 0.87928, 0.87097, 0.86417, 0.81193, 
0.83439, 0.83286, 0.81846, 0.8302, 0.84837, 0.84644, 0.86576, 
0.87606, 0.86129, 0.0192, 0.0135, 0.0156, 0.0162, 0.0159, 0.0169, 
0.0202, 0.0185, 0.0192, 0.0198, 0.0185, 41.6, 74.6, 53.1, 99.8, 
84, 72, 128.2, 77.9, 71.9, 81.7, 83.1, 36, 1015, 712, 2082, 1478, 
209, 446, 129, 685, 364, 812, 7, 1, 3, 1, 1, 8, 1, 6, 1, 2, 7, 
100, 100, 100, 100, 100, 100, 100, 100, 100, 100, 100, 2500, 
2500, 2500, 2500, 2500, 2500, 2500, 2500, 2500, 2500, 2500, 7211.774, 
7248.37, 7277.005, 6975.86700000001, 7119.174, 7139.022, 7107.507, 
7124.421, 7149.22899999999, 7025.851, 7042.48199999999, 1, 1, 
1, 1, 1, 1, 1, 1, 1, 1, 1, 0.16667, 0.16667, 0.16667, 0.16667, 
0.16667, 0.16667, 0.16667, 0.16667, 0.16667, 0.16667, 0.16667, 
0, 0, 0, 0, 0, 0, 0, 0, 0, 0, 0, 0, 0, 0, 0, 0, 0, 0, 0, 0, 0, 
0, 0.84458, 0.82958, 0.8186, 0.81286, 0.82736, 0.82131, 0.84356, 
0.82393, 0.8516, 0.8496, 0.86129, 0.85708, 0.81814, 0.8233, 0.83286, 
0.80874, 0.82549, 0.8479, 0.83875, 0.8516, 0.85938, 0.84194, 
0.0132, 0.014, 0.0143, 0.0151, 0.016, 0.0165, 0.0172, 0.0185, 
0.0196, 0.0194, 0.0216, 65.1, 73.9, 77.9, 84.2, 90.5, 92.8, 95.9, 
103.3, 105.9, 107.6, 116.5, 1, 1, 1, 1, 1, 1, 1, 1, 1, 1, 1, 
1, 1, 1, 1, 1, 1, 1, 1, 1, 1, 1, 1, 1, 1, 1, 1, 1, 1, 1, 1, 1, 
1, 1, 1, 1, 1, 1, 1, 1, 1, 1, 1, 1, 2.955, 2.808, 2.794, 2.467, 
2.796, 2.805, 2.656, 2.804, 2.717, 2.566, 2.733), .Dim = c(11L, 
40L), .Dimnames = list(NULL, c("Sampling", "PSO.cost", "PSO.gamma", 
"PSO.data.balancing", "PSO.feature.selection", "PSO.valid.acc", 
"PSO.test.acc", "PSO.train.time", "PSO.n.support.vectors", "PSO.index", 
"PSO.n.solutions", "PSO.generations", "PSO.n.evaluations", "PSO.cpu.time", 
"RS.cost", "RS.gamma", "RS.data.balancing", "RS.feature.selection", 
"RS.valid.acc", "RS.test.acc", "RS.train.time", "RS.n.support.vectors", 
"RS.index", "RS.n.solutions", "RS.generations", "RS.n.evaluations", 
"RS.cpu.time", "DF.cost", "DF.gamma", "DF.data.balancing", "DF.feature.selection", 
"DF.valid.acc", "DF.test.acc", "DF.train.time", "DF.n.support.vectors", 
"DF.index", "DF.n.solutions", "DF.generations", "DF.n.evaluations", 
"DF.cpu.time")))
