full <-
structure(c(50, 55, 60, 65, 70, 75, 80, 85, 90, 95, 100, 7.721, 
0.95782, 2.99676, 6.86465, 10.86803, 3.0532, 10.41788, 13.45416, 
6.62026, 14.18693, 7.52268, -6.15289, -5.02731, -7.69938, -5.12599, 
-7.48605, -7.99004, -10.0906, -10.92177, -5.58303, -8.74023, 
-6.50426, 0, 0, 0, 0, 0, 0, 0, 0, 0, 0, 0, 0, 0, 0, 0, 0, 0, 
0, 0, 0, 0, 0, 0.88292, 0.8596, 0.87164, 0.87238, 0.8674, 0.85199, 
0.86149, 0.86168, 0.87609, 0.87287, 0.87419, 0.87, 0.81287, 0.84503, 
0.84238, 0.8579, 0.83062, 0.84067, 0.85413, 0.85835, 0.86287, 
0.86774, 0.0127, 0.0142, 0.0156, 0.0152, 0.019, 0.018, 0.0184, 
0.0241, 0.0193, 0.041, 0.021, 39.5, 79.5, 89.7, 52.4, 56.1, 110.3, 
71.7, 70.8, 73.7, 73, 81.9, 377, 1734, 71, 347, 133, 706, 376, 
150, 509, 466, 114, 178, 29, 133, 67, 361, 38, 126, 100, 202, 
70, 324, 100, 100, 100, 100, 100, 100, 100, 100, 100, 100, 100, 
2500, 2500, 2500, 2500, 2500, 2500, 2500, 2500, 2500, 2500, 2500, 
6862.236, 7044.262, 7288.84, 7230.225, 7631.456, 8006.936, 7857.24099999999, 
7750.798, 7648.94499999999, 7979.37399999998, 7670.18199999997, 
5.61923, 0.8856, 5.91569, 9.2339, 13.86296, 3.40464, 9.72754, 
12.7797, 6.53315, 10.14073, 6.87052, -5.0997, -4.95387, -10.73556, 
-6.41154, -8.19692, -8.25187, -9.72939, -8.68348, -5.41653, -14.12648, 
-6.21862, 0, 0, 0, 0, 0, 0, 0, 0, 0, 0, 0, 0, 0, 0, 0, 0, 0, 
0, 0, 0, 0, 0, 0.88292, 0.8596, 0.87164, 0.87238, 0.8674, 0.85217, 
0.86149, 0.86154, 0.87252, 0.87287, 0.87419, 0.86375, 0.81287, 
0.85029, 0.85214, 0.83948, 0.82627, 0.83682, 0.85427, 0.85835, 
0.86621, 0.86774, 0.0132, 0.0142, 0.0149, 0.0161, 0.0308, 0.0183, 
0.0185, 0.026, 0.0196, 0.0218, 0.0209, 41.5, 79.6, 91.3, 50.6, 
55.7, 109.5, 72.6, 68.7, 73.2, 123.1, 83.1, 620, 1259, 4, 800, 
54, 989, 2357, 500, 384, 553, 731, 4, 1, 17, 2, 16, 1, 1, 8, 
3, 6, 1, 100, 100, 100, 100, 100, 100, 100, 100, 100, 100, 100, 
2500, 2500, 2500, 2500, 2500, 2500, 2500, 2500, 2500, 2500, 2500, 
7034.928, 7091.83, 7278.031, 7494.66, 7556.804, 7782.75200000001, 
7804.542, 7801.90400000001, 7805.944, 7996.652, 7929.14000000001, 
1, 1, 1, 1, 1, 1, 1, 1, 1, 1, 1, 0.16667, 0.16667, 0.16667, 0.16667, 
0.16667, 0.16667, 0.16667, 0.16667, 0.16667, 0.16667, 0.16667, 
0, 0, 0, 0, 0, 0, 0, 0, 0, 0, 0, 0, 0, 0, 0, 0, 0, 0, 0, 0, 0, 
0, 0.85125, 0.8527, 0.85614, 0.84262, 0.84879, 0.83043, 0.82962, 
0.84302, 0.83346, 0.85598, 0.84516, 0.83875, 0.84751, 0.85643, 
0.85714, 0.84402, 0.81341, 0.83699, 0.82806, 0.84788, 0.84931, 
0.85161, 0.0133, 0.0139, 0.0149, 0.0166, 0.0163, 0.0183, 0.0191, 
0.019, 0.0195, 0.0206, 0.0216, 69.7, 75.6, 79.5, 86.6, 91.5, 
96, 101, 106.5, 110.1, 112, 115.8, 1, 1, 1, 1, 1, 1, 1, 1, 1, 
1, 1, 1, 1, 1, 1, 1, 1, 1, 1, 1, 1, 1, 1, 1, 1, 1, 1, 1, 1, 1, 
1, 1, 1, 1, 1, 1, 1, 1, 1, 1, 1, 1, 1, 1, 2.829, 2.814, 2.899, 
2.935, 2.964, 3.173, 3.034, 3.004, 2.993, 3.099, 3.108), .Dim = c(11L, 
40L), .Dimnames = list(NULL, c("Sampling", "PSO.cost", "PSO.gamma", 
"PSO.data.balancing", "PSO.feature.selection", "PSO.valid.acc", 
"PSO.test.acc", "PSO.train.time", "PSO.n.support.vectors", "PSO.index", 
"PSO.n.solutions", "PSO.generations", "PSO.n.evaluations", "PSO.cpu.time", 
"RS.cost", "RS.gamma", "RS.data.balancing", "RS.feature.selection", 
"RS.valid.acc", "RS.test.acc", "RS.train.time", "RS.n.support.vectors", 
"RS.index", "RS.n.solutions", "RS.generations", "RS.n.evaluations", 
"RS.cpu.time", "DF.cost", "DF.gamma", "DF.data.balancing", "DF.feature.selection", 
"DF.valid.acc", "DF.test.acc", "DF.train.time", "DF.n.support.vectors", 
"DF.index", "DF.n.solutions", "DF.generations", "DF.n.evaluations", 
"DF.cpu.time")))
