full <-
structure(c(50, 55, 60, 65, 70, 75, 80, 85, 90, 95, 100, 4.32208, 
0.06329, 13.0671, 5.25117, 12.93645, 6.5383, 7.05974, 3.89391, 
4.0235, 6.96409, 6.37628, -5.61227, -2.2771, -7.78908, -8.37673, 
-7.11452, -10.26922, -6.03025, -6.7745, -7.94855, -10.39668, 
-10.24145, 0, 0, 0, 0, 0, 0, 0, 0, 0, 0, 0, 0, 0, 0, 0, 0, 0, 
0, 0, 0, 0, 0, 0.885, 0.88362, 0.88275, 0.87738, 0.88129, 0.87736, 
0.87646, 0.87647, 0.86589, 0.86989, 0.88065, 0.84625, 0.8656, 
0.86111, 0.86262, 0.86724, 0.85217, 0.84862, 0.85809, 0.85887, 
0.84989, 0.86452, 0.0129, 0.0135, 0.024, 0.0153, 0.0332, 0.0166, 
0.0175, 0.0196, 0.0195, 0.021, 0.0225, 51.2, 71.7, 41.3, 78.4, 
46, 94, 65, 96.5, 110.1, 114.5, 125, 70, 1114, 161, 72, 1617, 
555, 2201, 591, 450, 1781, 374, 36, 59, 535, 178, 7, 138, 3, 
62, 57, 2, 74, 100, 100, 100, 100, 100, 100, 100, 100, 100, 100, 
100, 2500, 2500, 2500, 2500, 2500, 2500, 2500, 2500, 2500, 2500, 
2500, 6370.346, 6540.454, 7030.047, 6842.451, 6844.611, 6943.689, 
6988.621, 7116.97899999999, 7626.084, 6951.63999999998, 6804.177, 
4.94284, 0.19437, 12.98728, 5.20081, 7.1605, 0.97444, 3.78792, 
5.81659, 4.18293, 5.58538, 5.36669, -5.97156, -2.34274, -8.03204, 
-7.49101, -8.57458, -3.97873, -6.535, -9.55211, -7.04468, -9.37076, 
-9.34191, 0, 0, 0, 0, 0, 0, 0, 0, 0, 0, 0, 0, 0, 0, 0, 0, 0, 
0, 0, 0, 0, 0, 0.87833, 0.87774, 0.88275, 0.87714, 0.88109, 0.88134, 
0.87631, 0.86934, 0.86576, 0.86977, 0.87742, 0.84625, 0.8656, 
0.86667, 0.86762, 0.86702, 0.84348, 0.86831, 0.85409, 0.85874, 
0.85989, 0.86129, 0.0123, 0.0141, 0.0217, 0.015, 0.0144, 0.0174, 
0.0179, 0.0187, 0.0186, 0.0223, 0.0221, 50.1, 69.4, 40.7, 71.2, 
67.3, 85.8, 90.1, 105, 99.5, 118, 126.4, 615, 12, 423, 1782, 
1914, 933, 531, 2433, 345, 1846, 334, 2, 5, 4, 1, 1, 1, 2, 1, 
2, 1, 4, 100, 100, 100, 100, 100, 100, 100, 100, 100, 100, 100, 
2500, 2500, 2500, 2500, 2500, 2500, 2500, 2500, 2500, 2500, 2500, 
6478.985, 6773.163, 6846.682, 6851.592, 6936.916, 7069.482, 7224.71299999999, 
7250.36, 7137.989, 7341.55899999998, 7085.73699999999, 1, 1, 
1, 1, 1, 1, 1, 1, 1, 1, 1, 0.16667, 0.16667, 0.16667, 0.16667, 
0.16667, 0.16667, 0.16667, 0.16667, 0.16667, 0.16667, 0.16667, 
0, 0, 0, 0, 0, 0, 0, 0, 0, 0, 0, 0, 0, 0, 0, 0, 0, 0, 0, 0, 0, 
0, 0.865, 0.87185, 0.85585, 0.85714, 0.86702, 0.86467, 0.85662, 
0.85038, 0.84101, 0.84977, 0.85484, 0.87208, 0.86597, 0.85614, 
0.85738, 0.87179, 0.84783, 0.85292, 0.85038, 0.8447, 0.84966, 
0.84194, 0.0126, 0.0142, 0.0148, 0.015, 0.015, 0.0163, 0.0182, 
0.0184, 0.019, 0.0198, 0.0205, 62.3, 70.9, 73.7, 77.9, 80.3, 
86.3, 91.6, 97, 101.1, 109.1, 115, 1, 1, 1, 1, 1, 1, 1, 1, 1, 
1, 1, 1, 1, 1, 1, 1, 1, 1, 1, 1, 1, 1, 1, 1, 1, 1, 1, 1, 1, 1, 
1, 1, 1, 1, 1, 1, 1, 1, 1, 1, 1, 1, 1, 1, 2.548, 2.826, 2.858, 
2.708, 2.579, 2.632, 2.818, 2.801, 2.703, 2.733, 2.675), .Dim = c(11L, 
40L), .Dimnames = list(NULL, c("Sampling", "PSO.cost", "PSO.gamma", 
"PSO.data.balancing", "PSO.feature.selection", "PSO.valid.acc", 
"PSO.test.acc", "PSO.train.time", "PSO.n.support.vectors", "PSO.index", 
"PSO.n.solutions", "PSO.generations", "PSO.n.evaluations", "PSO.cpu.time", 
"RS.cost", "RS.gamma", "RS.data.balancing", "RS.feature.selection", 
"RS.valid.acc", "RS.test.acc", "RS.train.time", "RS.n.support.vectors", 
"RS.index", "RS.n.solutions", "RS.generations", "RS.n.evaluations", 
"RS.cpu.time", "DF.cost", "DF.gamma", "DF.data.balancing", "DF.feature.selection", 
"DF.valid.acc", "DF.test.acc", "DF.train.time", "DF.n.support.vectors", 
"DF.index", "DF.n.solutions", "DF.generations", "DF.n.evaluations", 
"DF.cpu.time")))
