full <-
structure(c(50, 55, 60, 65, 70, 75, 80, 85, 90, 95, 100, 6.17697, 
12.3188, 7.90207, 11.06671, 12.78375, 6.5113, 0.15044, 4.9893, 
4.74607, 15, 7.3915, -8.49005, -8.52513, -6.16264, -9.9165, -7.1979, 
-5.63252, -2.7353, -5.4283, -5.28471, -9.31587, -7.37309, 0, 
0, 0, 0, 0, 0, 0, 0, 0, 0, 0, 0, 0, 0, 0, 0, 0, 0, 0, 0, 0, 0, 
0.87792, 0.90065, 0.87769, 0.86714, 0.8809, 0.87736, 0.87615, 
0.86974, 0.87262, 0.87261, 0.87742, 0.83875, 0.88301, 0.85108, 
0.86714, 0.86683, 0.8558, 0.84831, 0.85094, 0.85489, 0.86572, 
0.84839, 0.0123, 0.0194, 0.0145, 0.0155, 0.0305, 0.0166, 0.018, 
0.0184, 0.0187, 0.05, 0.0209, 60.8, 45.6, 53.1, 58, 52, 62.5, 
93.9, 79.9, 81.7, 74.1, 86.9, 177, 266, 3, 26, 602, 774, 831, 
209, 1079, 1837, 1635, 69, 170, 168, 344, 254, 30, 243, 349, 
2, 1, 8, 100, 100, 100, 100, 100, 100, 100, 100, 100, 100, 100, 
2500, 2500, 2500, 2500, 2500, 2500, 2500, 2500, 2500, 2500, 2500, 
6767.561, 6796.392, 7148.076, 7140.72500000001, 7711.418, 7345.45300000001, 
7425.08500000001, 7453.842, 7822.375, 7680.56599999999, 7509.307, 
7.17602, 11.91301, 6.59502, 14.50498, 14.49673, 13.74601, 0.38148, 
5.28063, 3.61489, 8.00371, 7.46663, -6.52587, -8.34429, -4.59069, 
-11.76329, -7.85363, -9.03348, -2.30534, -5.90268, -4.59995, 
-10.96941, -7.4525, 0, 0, 0, 0, 0, 0, 0, 0, 0, 0, 0, 0, 0, 0, 
0, 0, 0, 0, 0, 0, 0, 0, 0.8775, 0.90065, 0.87769, 0.86714, 0.87635, 
0.87319, 0.86846, 0.86974, 0.87288, 0.86917, 0.87419, 0.8775, 
0.88301, 0.85579, 0.86714, 0.86248, 0.86014, 0.84431, 0.85094, 
0.85476, 0.8625, 0.85161, 0.0127, 0.0174, 0.0138, 0.0189, 0.0462, 
0.0277, 0.0177, 0.0179, 0.0186, 0.0205, 0.0208, 47.7, 45.6, 52.8, 
54.8, 51.7, 58.7, 92.7, 81.5, 84, 111.2, 87, 855, 1400, 138, 
310, 63, 1450, 327, 813, 530, 891, 1400, 1, 1, 13, 8, 11, 3, 
1, 2, 1, 1, 2, 100, 100, 100, 100, 100, 100, 100, 100, 100, 100, 
100, 2500, 2500, 2500, 2500, 2500, 2500, 2500, 2500, 2500, 2500, 
2500, 6777.873, 6879.328, 7139.472, 7268.92099999999, 7279.83500000001, 
7413.37100000001, 7592.257, 7618.421, 7518.23900000002, 7600.136, 
7701.22, 1, 1, 1, 1, 1, 1, 1, 1, 1, 1, 1, 0.16667, 0.16667, 0.16667, 
0.16667, 0.16667, 0.16667, 0.16667, 0.16667, 0.16667, 0.16667, 
0.16667, 0, 0, 0, 0, 0, 0, 0, 0, 0, 0, 0, 0, 0, 0, 0, 0, 0, 0, 
0, 0, 0, 0, 0.85833, 0.84739, 0.82942, 0.81714, 0.83025, 0.85181, 
0.86815, 0.8585, 0.8513, 0.85271, 0.84516, 0.81917, 0.85327, 
0.81249, 0.8319, 0.83973, 0.84764, 0.85231, 0.83955, 0.84096, 
0.86271, 0.83871, 0.0129, 0.0143, 0.0145, 0.0167, 0.0166, 0.0171, 
0.0178, 0.0187, 0.0194, 0.0207, 0.0213, 64.7, 72, 79.9, 82.3, 
86, 90.2, 95.6, 103.1, 105.7, 113, 115.5, 1, 1, 1, 1, 1, 1, 1, 
1, 1, 1, 1, 1, 1, 1, 1, 1, 1, 1, 1, 1, 1, 1, 1, 1, 1, 1, 1, 1, 
1, 1, 1, 1, 1, 1, 1, 1, 1, 1, 1, 1, 1, 1, 1, 1, 2.768, 2.825, 
2.74, 2.927, 2.847, 2.934, 2.833, 2.951, 2.917, 2.901, 2.943), .Dim = c(11L, 
40L), .Dimnames = list(NULL, c("Sampling", "PSO.cost", "PSO.gamma", 
"PSO.data.balancing", "PSO.feature.selection", "PSO.valid.acc", 
"PSO.test.acc", "PSO.train.time", "PSO.n.support.vectors", "PSO.index", 
"PSO.n.solutions", "PSO.generations", "PSO.n.evaluations", "PSO.cpu.time", 
"RS.cost", "RS.gamma", "RS.data.balancing", "RS.feature.selection", 
"RS.valid.acc", "RS.test.acc", "RS.train.time", "RS.n.support.vectors", 
"RS.index", "RS.n.solutions", "RS.generations", "RS.n.evaluations", 
"RS.cpu.time", "DF.cost", "DF.gamma", "DF.data.balancing", "DF.feature.selection", 
"DF.valid.acc", "DF.test.acc", "DF.train.time", "DF.n.support.vectors", 
"DF.index", "DF.n.solutions", "DF.generations", "DF.n.evaluations", 
"DF.cpu.time")))
