full <-
structure(c(50, 55, 60, 65, 70, 75, 80, 85, 90, 95, 100, 3.05566, 
4.68203, 5.37699, 2.77865, 12.8706, 10.61586, 4.34505, 8.13412, 
12.9195, 3.42507, 6.17856, -3.70092, -7.4848, -8.91166, -6.34355, 
-11.60312, -8.20913, -5.16585, -6.54837, -11.35897, -2.93776, 
-5.59753, 0, 0, 0, 0, 0, 0, 0, 0, 0, 0, 0, 0, 0, 0, 0, 0, 0, 
0, 0, 0, 0, 0, 0.90324, 0.89632, 0.89401, 0.89238, 0.87226, 0.87336, 
0.89286, 0.88535, 0.87596, 0.87329, 0.87419, 0.87699, 0.87725, 
0.88789, 0.86762, 0.86315, 0.86501, 0.88083, 0.88494, 0.86192, 
0.85006, 0.86774, 0.0141, 0.0144, 0.0147, 0.0153, 0.0163, 0.019, 
0.0158, 0.0177, 0.0201, 0.0192, 0.0207, 42.5, 61.4, 70.9, 77.7, 
57, 58.1, 68.7, 65.5, 74.2, 86, 82.7, 74, 438, 285, 828, 731, 
994, 1377, 405, 120, 1073, 542, 377, 148, 37, 88, 232, 29, 18, 
59, 243, 3, 108, 100, 100, 100, 100, 100, 100, 100, 100, 100, 
100, 100, 2500, 2500, 2500, 2500, 2500, 2500, 2500, 2500, 2500, 
2500, 2500, 6958.412, 6797.054, 6933.705, 6969.955, 7076.137, 
7095.25099999999, 7078.307, 7204.05899999999, 7143.54800000001, 
6813.27099999999, 6887.174, 3.08055, 4.86639, 5.94165, 2.07977, 
13.87867, 8.47648, 2.73921, 13.67608, 11.4835, 3.45047, 6.11928, 
-3.73386, -7.70041, -9.48745, -5.74342, -12.24668, -7.32355, 
-3.98684, -9.10516, -10.57386, -7.95577, -5.57561, 0, 0, 0, 0, 
0, 0, 0, 0, 0, 0, 0, 0, 0, 0, 0, 0, 0, 0, 0, 0, 0, 0, 0.90324, 
0.89632, 0.88874, 0.88738, 0.87226, 0.87317, 0.88901, 0.88522, 
0.87596, 0.87251, 0.87419, 0.87699, 0.87794, 0.87734, 0.86238, 
0.8586, 0.86501, 0.87283, 0.88151, 0.86192, 0.86606, 0.86774, 
0.0126, 0.015, 0.016, 0.0155, 0.018, 0.0171, 0.0166, 0.0283, 
0.02, 0.0225, 0.0199, 42.7, 62.1, 71.4, 77.8, 56.5, 60, 72.3, 
62.7, 75.8, 128.1, 82.7, 908, 1134, 734, 82, 823, 470, 1811, 
507, 1135, 46, 227, 2, 2, 2, 3, 4, 12, 1, 9, 3, 1, 1, 100, 100, 
100, 100, 100, 100, 100, 100, 100, 100, 100, 2500, 2500, 2500, 
2500, 2500, 2500, 2500, 2500, 2500, 2500, 2500, 6916.149, 6758.921, 
7013.723, 7167.912, 7132.23099999999, 7428.499, 7225.208, 7144.501, 
7232.39499999999, 7224.49400000001, 7132.63800000001, 1, 1, 1, 
1, 1, 1, 1, 1, 1, 1, 1, 0.16667, 0.16667, 0.16667, 0.16667, 0.16667, 
0.16667, 0.16667, 0.16667, 0.16667, 0.16667, 0.16667, 0, 0, 0, 
0, 0, 0, 0, 0, 0, 0, 0, 0, 0, 0, 0, 0, 0, 0, 0, 0, 0, 0, 0.8962, 
0.87725, 0.86129, 0.85738, 0.84477, 0.84448, 0.86467, 0.85857, 
0.85145, 0.84617, 0.86129, 0.86953, 0.8835, 0.86184, 0.87214, 
0.85388, 0.84466, 0.86067, 0.85501, 0.84776, 0.85628, 0.85161, 
0.0137, 0.0137, 0.0147, 0.0158, 0.0171, 0.0167, 0.0169, 0.0183, 
0.02, 0.0209, 0.0213, 56.8, 63.3, 67.1, 72.8, 84, 89.1, 91.5, 
96, 105.2, 111.1, 116, 1, 1, 1, 1, 1, 1, 1, 1, 1, 1, 1, 1, 1, 
1, 1, 1, 1, 1, 1, 1, 1, 1, 1, 1, 1, 1, 1, 1, 1, 1, 1, 1, 1, 1, 
1, 1, 1, 1, 1, 1, 1, 1, 1, 1, 2.815, 2.72, 2.714, 2.852, 2.813, 
2.912, 2.577, 2.661, 2.765, 2.749, 2.751), .Dim = c(11L, 40L), .Dimnames = list(
    NULL, c("Sampling", "PSO.cost", "PSO.gamma", "PSO.data.balancing", 
    "PSO.feature.selection", "PSO.valid.acc", "PSO.test.acc", 
    "PSO.train.time", "PSO.n.support.vectors", "PSO.index", "PSO.n.solutions", 
    "PSO.generations", "PSO.n.evaluations", "PSO.cpu.time", "RS.cost", 
    "RS.gamma", "RS.data.balancing", "RS.feature.selection", 
    "RS.valid.acc", "RS.test.acc", "RS.train.time", "RS.n.support.vectors", 
    "RS.index", "RS.n.solutions", "RS.generations", "RS.n.evaluations", 
    "RS.cpu.time", "DF.cost", "DF.gamma", "DF.data.balancing", 
    "DF.feature.selection", "DF.valid.acc", "DF.test.acc", "DF.train.time", 
    "DF.n.support.vectors", "DF.index", "DF.n.solutions", "DF.generations", 
    "DF.n.evaluations", "DF.cpu.time")))
