full <-
structure(c(50, 55, 60, 65, 70, 75, 80, 85, 90, 95, 100, 3.66109, 
4.55114, -0.40564, 9.36862, 1.27093, 7.51025, 4.60172, 15, 5.52672, 
2.93547, 9.66503, -7.18718, -4.09936, -3.66961, -8.96107, -4.5032, 
-11.18735, -6.02539, -7.98443, -9.11676, -7.35679, -5.78532, 
0, 0, 0, 0, 0, 0, 0, 0, 0, 0, 0, 0, 0, 0, 0, 0, 0, 0, 0, 0, 0, 
0, 0.85792, 0.87034, 0.87105, 0.87143, 0.88542, 0.85906, 0.86492, 
0.86092, 0.87241, 0.87352, 0.86774, 0.84375, 0.8357, 0.86053, 
0.8419, 0.86248, 0.84185, 0.84908, 0.83781, 0.8548, 0.8633, 0.85806, 
0.0133, 0.0139, 0.0139, 0.0153, 0.0163, 0.017, 0.0166, 0.0956, 
0.0206, 0.0207, 0.0272, 67.5, 53.9, 83.6, 60.7, 84.6, 93.5, 78.8, 
67.4, 112.5, 125, 77.2, 675, 1212, 998, 429, 1450, 1044, 1036, 
97, 1208, 333, 498, 267, 50, 44, 134, 12, 18, 112, 553, 18, 48, 
272, 100, 100, 100, 100, 100, 100, 100, 100, 100, 100, 100, 2500, 
2500, 2500, 2500, 2500, 2500, 2500, 2500, 2500, 2500, 2500, 6918.83, 
6980.487, 6800.647, 6809.368, 6903.712, 6914.136, 6979.00300000001, 
8345.22899999999, 7040.06, 7169.15800000001, 7439.503, 3.76957, 
4.04886, 3.30674, 5.03833, 1.18965, 1.81221, 4.55038, 2.22314, 
7.76393, 10.81116, 9.85515, -7.36699, -3.52998, -6.04257, -5.58769, 
-2.74364, -5.83655, -5.98685, -1.2407, -11.26174, -14.07599, 
-6.30202, 0, 0, 0, 0, 0, 0, 0, 0, 0, 0, 0, 0, 0, 0, 0, 0, 0, 
0, 0, 0, 0, 0, 0.85792, 0.86479, 0.86579, 0.86167, 0.88172, 0.85507, 
0.86492, 0.86122, 0.86897, 0.87297, 0.86452, 0.84375, 0.82982, 
0.84444, 0.85667, 0.84944, 0.84185, 0.84108, 0.82759, 0.8548, 
0.85941, 0.85806, 0.0133, 0.0138, 0.0137, 0.0152, 0.016, 0.0164, 
0.0166, 0.0208, 0.0196, 0.021, 0.0259, 68.2, 55.7, 70.7, 63.1, 
79.5, 96.5, 79, 109.4, 111.9, 113.7, 76.5, 389, 425, 1444, 77, 
1752, 290, 40, 736, 464, 897, 251, 2, 2, 1, 40, 1, 4, 1, 1, 3, 
1, 9, 100, 100, 100, 100, 100, 100, 100, 100, 100, 100, 100, 
2500, 2500, 2500, 2500, 2500, 2500, 2500, 2500, 2500, 2500, 2500, 
6978.566, 7073.291, 6848.663, 7003.051, 7030.957, 7077.71399999999, 
7224.977, 7290.592, 7400.342, 7474.614, 7466.70800000001, 1, 
1, 1, 1, 1, 1, 1, 1, 1, 1, 1, 0.16667, 0.16667, 0.16667, 0.16667, 
0.16667, 0.16667, 0.16667, 0.16667, 0.16667, 0.16667, 0.16667, 
0, 0, 0, 0, 0, 0, 0, 0, 0, 0, 0, 0, 0, 0, 0, 0, 0, 0, 0, 0, 0, 
0, 0.83125, 0.84681, 0.84444, 0.83643, 0.84924, 0.82536, 0.84908, 
0.85011, 0.85456, 0.85329, 0.84516, 0.83792, 0.83538, 0.85, 0.8169, 
0.84922, 0.82138, 0.83308, 0.84981, 0.84754, 0.84629, 0.84194, 
0.013, 0.014, 0.015, 0.0157, 0.0154, 0.0174, 0.0175, 0.0184, 
0.0194, 0.0204, 0.0219, 71.2, 75, 79.1, 83.2, 88.6, 92.2, 97.8, 
108, 110.3, 112.1, 115.8, 1, 1, 1, 1, 1, 1, 1, 1, 1, 1, 1, 1, 
1, 1, 1, 1, 1, 1, 1, 1, 1, 1, 1, 1, 1, 1, 1, 1, 1, 1, 1, 1, 1, 
1, 1, 1, 1, 1, 1, 1, 1, 1, 1, 1, 2.703, 2.782, 2.763, 2.846, 
2.641, 2.794, 2.743, 2.627, 2.802, 2.853, 2.764), .Dim = c(11L, 
40L), .Dimnames = list(NULL, c("Sampling", "PSO.cost", "PSO.gamma", 
"PSO.data.balancing", "PSO.feature.selection", "PSO.valid.acc", 
"PSO.test.acc", "PSO.train.time", "PSO.n.support.vectors", "PSO.index", 
"PSO.n.solutions", "PSO.generations", "PSO.n.evaluations", "PSO.cpu.time", 
"RS.cost", "RS.gamma", "RS.data.balancing", "RS.feature.selection", 
"RS.valid.acc", "RS.test.acc", "RS.train.time", "RS.n.support.vectors", 
"RS.index", "RS.n.solutions", "RS.generations", "RS.n.evaluations", 
"RS.cpu.time", "DF.cost", "DF.gamma", "DF.data.balancing", "DF.feature.selection", 
"DF.valid.acc", "DF.test.acc", "DF.train.time", "DF.n.support.vectors", 
"DF.index", "DF.n.solutions", "DF.generations", "DF.n.evaluations", 
"DF.cpu.time")))
