full <-
structure(c(50, 55, 60, 65, 70, 75, 80, 85, 90, 95, 100, 5.33302, 
15, 6.22805, 12.40407, 3.93878, 11.15232, 6.37286, 10.29993, 
4.6676, 4.5501, 14.96554, -6.73649, -15, -7.69192, -11.54652, 
-4.78228, -9.32832, -5.37739, -9.95292, -4.19521, -8.9314, -8.86601, 
0, 0, 0, 0, 0, 0, 0, 0, 0, 0, 0, 0, 0, 0, 0, 0, 0, 0, 0, 0, 0, 
0, 0.8778, 0.8752, 0.87749, 0.85828, 0.86639, 0.85109, 0.86858, 
0.8535, 0.86613, 0.86602, 0.86774, 0.85732, 0.84645, 0.86637, 
0.83447, 0.83849, 0.83877, 0.86058, 0.84269, 0.85554, 0.8559, 
0.85161, 0.013, 0.0123, 0.0142, 0.0167, 0.0161, 0.019, 0.0182, 
0.0193, 0.0184, 0.0223, 0.0668, 55.3, 52.2, 65.9, 61.9, 72.3, 
69.6, 72.7, 80.3, 80.2, 128.4, 76.1, 169, 54, 980, 3, 801, 116, 
46, 919, 39, 2000, 2036, 166, 1681, 76, 126, 71, 493, 536, 134, 
90, 2, 3, 100, 100, 100, 100, 100, 100, 100, 100, 100, 100, 100, 
2500, 2500, 2500, 2500, 2500, 2500, 2500, 2500, 2500, 2500, 2500, 
6552.332, 6356.477, 8253.728, 8388.06400000001, 8083.24200000001, 
6947.633, 6687.458, 6865.548, 6972.73699999999, 8140.542, 8966.114, 
5.01467, 14.71259, 6.38371, 13.17991, 3.7361, 13.34536, 7.01219, 
4.38119, 4.66514, 6.85135, 14.10332, -6.4146, -14.68792, -7.5949, 
-12.11235, -4.32014, -10.54386, -5.62662, -5.1132, -4.12877, 
-11.20584, -8.58037, 0, 0, 0, 0, 0, 0, 0, 0, 0, 0, 0, 0, 0, 0, 
0, 0, 0, 0, 0, 0, 0, 0, 0.8778, 0.8752, 0.87222, 0.85828, 0.86185, 
0.85109, 0.86858, 0.84981, 0.86613, 0.86257, 0.86452, 0.86357, 
0.84645, 0.86667, 0.844, 0.84325, 0.83877, 0.86458, 0.8387, 0.85899, 
0.85923, 0.84839, 0.0133, 0.0136, 0.0146, 0.0166, 0.0159, 0.0206, 
0.0183, 0.0119, 0.0193, 0.02, 0.0481, 55, 52, 64.3, 61.6, 70.8, 
68.7, 71.8, 84.2, 80.8, 127.7, 76.5, 1233, 1948, 743, 113, 2065, 
163, 860, 1700, 1962, 1885, 440, 1, 1, 2, 8, 1, 5, 7, 1, 1, 1, 
5, 100, 100, 100, 100, 100, 100, 100, 100, 100, 100, 100, 2500, 
2500, 2500, 2500, 2500, 2500, 2500, 2500, 2500, 2500, 2500, 6444.35, 
7070.553, 8413.614, 8433.313, 7966.84999999999, 6075.89200000001, 
6731.84999999999, 6661.452, 7867.921, 8410.269, 8572.826, 1, 
1, 1, 1, 1, 1, 1, 1, 1, 1, 1, 0.16667, 0.16667, 0.16667, 0.16667, 
0.16667, 0.16667, 0.16667, 0.16667, 0.16667, 0.16667, 0.16667, 
0, 0, 0, 0, 0, 0, 0, 0, 0, 0, 0, 0, 0, 0, 0, 0, 0, 0, 0, 0, 0, 
0, 0.84488, 0.84122, 0.84386, 0.83421, 0.83889, 0.82156, 0.82809, 
0.82019, 0.84126, 0.84602, 0.84194, 0.84446, 0.84089, 0.83333, 
0.83873, 0.83952, 0.8087, 0.82409, 0.82005, 0.84126, 0.84268, 
0.84839, 0.0122, 0.0135, 0.0147, 0.0158, 0.0168, 0.0184, 0.0185, 
0.0185, 0.0192, 0.0198, 0.021, 67.9, 72.5, 79.3, 87.4, 92.9, 
99.6, 103.8, 108, 110.1, 113, 115.8, 1, 1, 1, 1, 1, 1, 1, 1, 
1, 1, 1, 1, 1, 1, 1, 1, 1, 1, 1, 1, 1, 1, 1, 1, 1, 1, 1, 1, 1, 
1, 1, 1, 1, 1, 1, 1, 1, 1, 1, 1, 1, 1, 1, 1, 2.429, 3.256, 3.392, 
3.345, 2.717, 2.723, 2.695, 2.606, 3.172, 3.168, 3.193), .Dim = c(11L, 
40L), .Dimnames = list(NULL, c("Sampling", "PSO.cost", "PSO.gamma", 
"PSO.data.balancing", "PSO.feature.selection", "PSO.valid.acc", 
"PSO.test.acc", "PSO.train.time", "PSO.n.support.vectors", "PSO.index", 
"PSO.n.solutions", "PSO.generations", "PSO.n.evaluations", "PSO.cpu.time", 
"RS.cost", "RS.gamma", "RS.data.balancing", "RS.feature.selection", 
"RS.valid.acc", "RS.test.acc", "RS.train.time", "RS.n.support.vectors", 
"RS.index", "RS.n.solutions", "RS.generations", "RS.n.evaluations", 
"RS.cpu.time", "DF.cost", "DF.gamma", "DF.data.balancing", "DF.feature.selection", 
"DF.valid.acc", "DF.test.acc", "DF.train.time", "DF.n.support.vectors", 
"DF.index", "DF.n.solutions", "DF.generations", "DF.n.evaluations", 
"DF.cpu.time")))
