full <-
structure(c(50, 55, 60, 65, 70, 75, 80, 85, 90, 95, 100, 7.78801, 
10.38705, 3.46132, 4.85733, 8.94785, 8.49399, 14.38462, -0.45569, 
-0.26654, 8.01533, 2.88731, -5.75242, -13.63384, -7.14457, -8.56668, 
-6.16689, -6.67808, -7.48896, -1.92149, -0.66531, -12.17514, 
-4.0392, 0, 0, 0, 0, 0, 0, 0, 0, 0, 0, 0, 0, 0, 0, 0, 0, 0, 0, 
0, 0, 0, 0, 0.85157, 0.84269, 0.8286, 0.83585, 0.8542, 0.84239, 
0.85658, 0.86194, 0.86946, 0.86344, 0.87097, 0.81199, 0.82014, 
0.81778, 0.81585, 0.82628, 0.83388, 0.84026, 0.83942, 0.8447, 
0.86667, 0.85484, 0.0135, 0.0144, 0.0152, 0.0165, 0.018, 0.018, 
0.0842, 0.02, 0.0238, 0.0217, 0.0209, 51.3, 75.2, 86.7, 94.2, 
61.8, 70.5, 69.8, 115.2, 146, 121.9, 92.6, 1039, 22, 1866, 22, 
558, 189, 2293, 460, 636, 1507, 2316, 94, 234, 41, 156, 284, 
131, 1, 408, 242, 33, 1, 100, 100, 100, 100, 100, 100, 100, 100, 
100, 100, 100, 2500, 2500, 2500, 2500, 2500, 2500, 2500, 2500, 
2500, 2500, 2500, 6826.817, 6901.756, 6937.833, 6953.00799999999, 
7073.016, 7075.51300000001, 7539.549, 7247.478, 7630.075, 7522.72099999999, 
7633.56400000001, 7.27436, 8.07544, 2.47748, 3.5803, 2.11411, 
2.15819, 3.30577, -0.45484, -0.51019, 7.23816, 2.64898, -5.66671, 
-11.2323, -6.26527, -7.4211, -5.83961, -6.37583, -7.17232, -2.11532, 
-0.80074, -11.41382, -3.9028, 0, 0, 0, 0, 0, 0, 0, 0, 0, 0, 0, 
0, 0, 0, 0, 0, 0, 0, 0, 0, 0, 0, 0.84532, 0.84269, 0.8286, 0.83585, 
0.8542, 0.84257, 0.85287, 0.86194, 0.86589, 0.86344, 0.86774, 
0.80615, 0.82569, 0.81193, 0.81585, 0.81762, 0.80453, 0.84487, 
0.83942, 0.84113, 0.86667, 0.85484, 0.0138, 0.0139, 0.0155, 0.0168, 
0.0167, 0.0179, 0.0187, 0.0194, 0.0238, 0.0222, 0.0198, 51.5, 
75.2, 87.3, 95.1, 95.5, 108.3, 108.1, 114.1, 144.3, 122.1, 93.9, 
965, 176, 214, 52, 1522, 900, 24, 1409, 1234, 1340, 535, 2, 19, 
3, 11, 1, 1, 2, 1, 1, 1, 1, 100, 100, 100, 100, 100, 100, 100, 
100, 100, 100, 100, 2500, 2500, 2500, 2500, 2500, 2500, 2500, 
2500, 2500, 2500, 2500, 6861.059, 6964.334, 7022.567, 7074.773, 
7148.378, 7220.277, 7465.192, 7354.005, 7738.307, 7676.22500000001, 
7788.89500000002, 1, 1, 1, 1, 1, 1, 1, 1, 1, 1, 1, 0.16667, 0.16667, 
0.16667, 0.16667, 0.16667, 0.16667, 0.16667, 0.16667, 0.16667, 
0.16667, 0.16667, 0, 0, 0, 0, 0, 0, 0, 0, 0, 0, 0, 0, 0, 0, 0, 
0, 0, 0, 0, 0, 0, 0, 0.7948, 0.80699, 0.81304, 0.80657, 0.83084, 
0.8212, 0.83672, 0.85083, 0.8553, 0.83687, 0.85161, 0.80064, 
0.81908, 0.80749, 0.79657, 0.83993, 0.81721, 0.8244, 0.83602, 
0.85172, 0.82964, 0.86774, 0.013, 0.0148, 0.0158, 0.0158, 0.0163, 
0.0177, 0.0185, 0.0184, 0.0206, 0.0212, 0.0211, 73.2, 77.9, 87.1, 
91.3, 92.7, 99.3, 103.1, 105, 106.9, 108.9, 115.6, 1, 1, 1, 1, 
1, 1, 1, 1, 1, 1, 1, 1, 1, 1, 1, 1, 1, 1, 1, 1, 1, 1, 1, 1, 1, 
1, 1, 1, 1, 1, 1, 1, 1, 1, 1, 1, 1, 1, 1, 1, 1, 1, 1, 1, 2.73, 
2.802, 2.864, 2.798, 2.74, 2.869, 2.875, 2.84, 3.027, 2.978, 
2.977), .Dim = c(11L, 40L), .Dimnames = list(NULL, c("Sampling", 
"PSO.cost", "PSO.gamma", "PSO.data.balancing", "PSO.feature.selection", 
"PSO.valid.acc", "PSO.test.acc", "PSO.train.time", "PSO.n.support.vectors", 
"PSO.index", "PSO.n.solutions", "PSO.generations", "PSO.n.evaluations", 
"PSO.cpu.time", "RS.cost", "RS.gamma", "RS.data.balancing", "RS.feature.selection", 
"RS.valid.acc", "RS.test.acc", "RS.train.time", "RS.n.support.vectors", 
"RS.index", "RS.n.solutions", "RS.generations", "RS.n.evaluations", 
"RS.cpu.time", "DF.cost", "DF.gamma", "DF.data.balancing", "DF.feature.selection", 
"DF.valid.acc", "DF.test.acc", "DF.train.time", "DF.n.support.vectors", 
"DF.index", "DF.n.solutions", "DF.generations", "DF.n.evaluations", 
"DF.cpu.time")))
