full <-
structure(c(50, 55, 60, 65, 70, 75, 80, 85, 90, 95, 100, 14.9949, 
13.70625, 6.40595, 4.23663, 7.8869, 15, 9.59471, 10.85745, 6.41596, 
10.82491, 4.76537, -12.25781, -12.34266, -9.10267, -8.15974, 
-8.97968, -11.03089, -11.71055, -10.77161, -9.58568, -8.06925, 
-8.89203, 0, 0, 0, 0, 0, 0, 0, 0, 0, 0, 0, 0, 0, 0, 0, 0, 0, 
0, 0, 0, 0, 0, 0.87235, 0.86593, 0.89211, 0.87004, 0.87704, 0.88442, 
0.87246, 0.87265, 0.8734, 0.87303, 0.87097, 0.86527, 0.8424, 
0.86082, 0.85977, 0.86297, 0.86757, 0.86046, 0.84658, 0.85936, 
0.85279, 0.85484, 0.0092, 0.0091, 0.0094, 0.0097, 0.0101, 0.0151, 
0.0117, 0.0118, 0.0134, 0.0163, 0.0147, 40.9, 47.3, 70.2, 82.3, 
64.5, 55, 86.6, 77.3, 110.2, 76.6, 128.3, 444, 63, 241, 77, 926, 
917, 1419, 397, 2089, 62, 2091, 144, 586, 227, 52, 58, 16, 8, 
262, 1, 316, 1, 100, 100, 100, 100, 100, 100, 100, 100, 100, 
100, 100, 2500, 2500, 2500, 2500, 2500, 2500, 2500, 2500, 2500, 
2500, 2500, 6591.753, 6618.167, 6588.602, 6608.53, 6618.097, 
6703.442, 6689.827, 6672.68700000001, 6706.05900000001, 7193.682, 
6414.266, 9.41428, 8.59798, 6.34426, 5.21982, 8.68459, 10.41543, 
9.74078, 10.31711, 6.39727, 13.54909, 4.8567, -9.92843, -9.41271, 
-9.02877, -5.56723, -9.66452, -8.7812, -11.76954, -10.71137, 
-9.56232, -9.59358, -8.99214, 0, 0, 0, 0, 0, 0, 0, 0, 0, 0, 0, 
0, 0, 0, 0, 0, 0, 0, 0, 0, 0, 0, 0.87277, 0.86626, 0.89211, 0.87554, 
0.87704, 0.88025, 0.87246, 0.86895, 0.8734, 0.87303, 0.86774, 
0.85277, 0.83685, 0.86082, 0.87075, 0.86297, 0.86757, 0.85646, 
0.85028, 0.85936, 0.85279, 0.85161, 0.008, 0.0083, 0.0094, 0.0094, 
0.0099, 0.0108, 0.0112, 0.0121, 0.0134, 0.0206, 0.0146, 49.1, 
54.4, 70.2, 56.1, 63.4, 56.8, 86.3, 79.7, 110.1, 75.6, 128.5, 
1210, 318, 1855, 219, 1255, 13, 494, 2, 1321, 217, 456, 1, 1, 
1, 2, 1, 18, 1, 21, 1, 13, 6, 100, 100, 100, 100, 100, 100, 100, 
100, 100, 100, 100, 2500, 2500, 2500, 2500, 2500, 2500, 2500, 
2500, 2500, 2500, 2500, 6616.515, 6634.576, 6653.245, 6684.992, 
6726.359, 6696.799, 6703.503, 6880.43299999999, 7048.22, 7272.628, 
6649.63700000002, 1, 1, 1, 1, 1, 1, 1, 1, 1, 1, 1, 0.16667, 0.16667, 
0.16667, 0.16667, 0.16667, 0.16667, 0.16667, 0.16667, 0.16667, 
0.16667, 0.16667, 0, 0, 0, 0, 0, 0, 0, 0, 0, 0, 0, 0, 0, 0, 0, 
0, 0, 0, 0, 0, 0, 0, 0.84022, 0.83681, 0.83363, 0.83573, 0.85842, 
0.85906, 0.84031, 0.85043, 0.84495, 0.85003, 0.84839, 0.84105, 
0.84236, 0.86608, 0.84049, 0.85366, 0.85924, 0.83631, 0.84687, 
0.84495, 0.85314, 0.85161, 0.0081, 0.0088, 0.0091, 0.0102, 0.0105, 
0.0108, 0.0117, 0.0122, 0.0137, 0.0139, 0.014, 65.7, 72.4, 79.1, 
80.9, 85.4, 88.2, 97.1, 104, 110, 112.7, 115.2, 1, 1, 1, 1, 1, 
1, 1, 1, 1, 1, 1, 1, 1, 1, 1, 1, 1, 1, 1, 1, 1, 1, 1, 1, 1, 1, 
1, 1, 1, 1, 1, 1, 1, 1, 1, 1, 1, 1, 1, 1, 1, 1, 1, 1, 2.625, 
2.608, 2.641, 2.661, 2.583, 2.543, 2.636, 2.704, 2.778, 2.628, 
2.579), .Dim = c(11L, 40L), .Dimnames = list(NULL, c("Sampling", 
"PSO.cost", "PSO.gamma", "PSO.data.balancing", "PSO.feature.selection", 
"PSO.valid.acc", "PSO.test.acc", "PSO.train.time", "PSO.n.support.vectors", 
"PSO.index", "PSO.n.solutions", "PSO.generations", "PSO.n.evaluations", 
"PSO.cpu.time", "RS.cost", "RS.gamma", "RS.data.balancing", "RS.feature.selection", 
"RS.valid.acc", "RS.test.acc", "RS.train.time", "RS.n.support.vectors", 
"RS.index", "RS.n.solutions", "RS.generations", "RS.n.evaluations", 
"RS.cpu.time", "DF.cost", "DF.gamma", "DF.data.balancing", "DF.feature.selection", 
"DF.valid.acc", "DF.test.acc", "DF.train.time", "DF.n.support.vectors", 
"DF.index", "DF.n.solutions", "DF.generations", "DF.n.evaluations", 
"DF.cpu.time")))
