full <-
structure(c(50, 55, 60, 65, 70, 75, 80, 85, 90, 95, 100, 15, 
12.83768, 10.10761, 5.88423, 6.70543, 7.95262, 3.43259, 3.17703, 
2.04613, 12.02724, 11.12821, -13.51288, -10.35271, -6.21784, 
-8.89186, -10.42759, -6.38967, -8.00586, -6.99558, -6.55353, 
-11.77587, -7.31993, 0, 0, 0, 0, 0, 0, 0, 0, 0, 0, 0, 0, 0, 0, 
0, 0, 0, 0, 0, 0, 0, 0, 0.85286, 0.8719, 0.85088, 0.8569, 0.84969, 
0.86841, 0.86431, 0.86465, 0.85489, 0.856, 0.87419, 0.83369, 
0.86013, 0.81228, 0.84214, 0.84991, 0.85573, 0.84046, 0.83487, 
0.84073, 0.84265, 0.86452, 0.015, 0.0144, 0.0167, 0.0145, 0.0164, 
0.0163, 0.0205, 0.0201, 0.0219, 0.0224, 0.0286, 47.5, 48.2, 52.6, 
86.3, 100.4, 65.7, 116.3, 113.4, 126.3, 86.5, 76.7, 107, 347, 
30, 181, 1021, 400, 799, 79, 215, 866, 101, 1020, 196, 288, 303, 
18, 102, 63, 185, 78, 264, 186, 100, 100, 100, 100, 100, 100, 
100, 100, 100, 100, 100, 2500, 2500, 2500, 2500, 2500, 2500, 
2500, 2500, 2500, 2500, 2500, 7423.231, 7275.493, 6665.882, 6400.042, 
6494.321, 5800.383, 8139.88099999999, 8782.24000000001, 9326.598, 
8903.87900000002, 9196.20800000001, 13.53515, 13.85997, 7.28414, 
6.94255, 3.05097, 10.63298, 5.52049, 0.75452, 14.18138, 12.06853, 
11.48645, -11.26099, -11.12042, -4.97368, -9.46616, -3.81753, 
-7.7561, -9.20325, -4.91076, -8.72881, -11.7846, -7.5119, 0, 
0, 0, 0, 0, 0, 0, 0, 0, 0, 0, 0, 0, 0, 0, 0, 0, 0, 0, 0, 0, 0, 
0.85286, 0.8719, 0.85088, 0.85214, 0.8536, 0.86841, 0.86415, 
0.86465, 0.85453, 0.856, 0.87419, 0.83369, 0.85425, 0.81784, 
0.81762, 0.83521, 0.85535, 0.85231, 0.82718, 0.84453, 0.84265, 
0.86129, 0.0154, 0.0148, 0.0141, 0.0148, 0.0153, 0.0185, 0.02, 
0.0205, 0.0445, 0.022, 0.0307, 46.5, 48.1, 53.9, 82.8, 75.9, 
63.8, 107.7, 116, 75, 86.8, 76.5, 6, 1738, 313, 455, 2206, 410, 
1915, 2435, 48, 1703, 2198, 19, 1, 13, 4, 1, 2, 1, 1, 17, 2, 
1, 100, 100, 100, 100, 100, 100, 100, 100, 100, 100, 100, 2500, 
2500, 2500, 2500, 2500, 2500, 2500, 2500, 2500, 2500, 2500, 8499.654, 
6667.324, 6495.745, 6564.34800000001, 6608.96199999999, 6694.25600000001, 
7552.296, 9016.02200000001, 9044.51400000001, 9046.20199999999, 
9314.39300000001, 1, 1, 1, 1, 1, 1, 1, 1, 1, 1, 1, 0.16667, 0.16667, 
0.16667, 0.16667, 0.16667, 0.16667, 0.16667, 0.16667, 0.16667, 
0.16667, 0.16667, 0, 0, 0, 0, 0, 0, 0, 0, 0, 0, 0, 0, 0, 0, 0, 
0, 0, 0, 0, 0, 0, 0, 0.82661, 0.84869, 0.81842, 0.8119, 0.82155, 
0.8385, 0.85215, 0.83514, 0.82644, 0.82875, 0.86129, 0.81274, 
0.84281, 0.81784, 0.8219, 0.83519, 0.84249, 0.85246, 0.82759, 
0.82656, 0.84544, 0.84516, 0.0133, 0.0133, 0.0134, 0.015, 0.0154, 
0.0164, 0.0183, 0.0202, 0.0209, 0.0217, 0.0231, 69.9, 75.2, 82, 
87.3, 95.7, 95.3, 99.8, 107, 111.8, 112.6, 117.1, 1, 1, 1, 1, 
1, 1, 1, 1, 1, 1, 1, 1, 1, 1, 1, 1, 1, 1, 1, 1, 1, 1, 1, 1, 1, 
1, 1, 1, 1, 1, 1, 1, 1, 1, 1, 1, 1, 1, 1, 1, 1, 1, 1, 1, 3.232, 
2.629, 2.51, 2.61, 2.578, 2.623, 3.348, 3.477, 3.465, 3.5, 3.552
), .Dim = c(11L, 40L), .Dimnames = list(NULL, c("Sampling", "PSO.cost", 
"PSO.gamma", "PSO.data.balancing", "PSO.feature.selection", "PSO.valid.acc", 
"PSO.test.acc", "PSO.train.time", "PSO.n.support.vectors", "PSO.index", 
"PSO.n.solutions", "PSO.generations", "PSO.n.evaluations", "PSO.cpu.time", 
"RS.cost", "RS.gamma", "RS.data.balancing", "RS.feature.selection", 
"RS.valid.acc", "RS.test.acc", "RS.train.time", "RS.n.support.vectors", 
"RS.index", "RS.n.solutions", "RS.generations", "RS.n.evaluations", 
"RS.cpu.time", "DF.cost", "DF.gamma", "DF.data.balancing", "DF.feature.selection", 
"DF.valid.acc", "DF.test.acc", "DF.train.time", "DF.n.support.vectors", 
"DF.index", "DF.n.solutions", "DF.generations", "DF.n.evaluations", 
"DF.cpu.time")))
