full <-
structure(c(50, 55, 60, 65, 70, 75, 80, 85, 90, 95, 100, 4.98204, 
6.09575, 0.40932, 0.62583, 13.84735, 3.20415, 3.80481, 4.89555, 
2.92141, 14.1787, 9.93927, -7.68803, -5.01991, -3.50637, -2.78332, 
-12.11583, -6.95717, -6.14745, -5.09117, -4.04893, -8.52596, 
-6.41004, 0, 0, 0, 0, 0, 0, 0, 0, 0, 0, 0, 0, 0, 0, 0, 0, 0, 
0, 0, 0, 0, 0, 0.89083, 0.88917, 0.89298, 0.88238, 0.86754, 0.86812, 
0.87631, 0.87664, 0.8585, 0.88621, 0.87419, 0.87167, 0.87672, 
0.86579, 0.85786, 0.8541, 0.83406, 0.85631, 0.85812, 0.84076, 
0.86954, 0.85806, 0.013, 0.0135, 0.0141, 0.0157, 0.0176, 0.0176, 
0.0175, 0.0184, 0.0197, 0.0428, 0.0257, 63.1, 48.1, 74.6, 77.9, 
60.8, 101.7, 91.1, 76.6, 88, 73.7, 76.7, 1314, 1308, 860, 157, 
240, 168, 1168, 852, 410, 128, 514, 7, 9, 42, 70, 389, 58, 31, 
108, 132, 194, 79, 100, 100, 100, 100, 100, 100, 100, 100, 100, 
100, 100, 2500, 2500, 2500, 2500, 2500, 2500, 2500, 2500, 2500, 
2500, 2500, 6891.118, 7068.945, 7088.277, 7222.209, 7093.691, 
7249.162, 7382.954, 7401.027, 7435.54500000001, 8052.094, 7598.571, 
5.09258, 10.6454, 1.34173, 0.95422, 1.74648, 5.57437, 3.78811, 
2.90258, 4.11683, 14.8697, 14.263, -7.80368, -10.77015, -4.20006, 
-2.53519, -4.73586, -9.26, -6.01289, -4.10368, -3.93619, -8.85538, 
-9.16532, 0, 0, 0, 0, 0, 0, 0, 0, 0, 0, 0, 0, 0, 0, 0, 0, 0, 
0, 0, 0, 0, 0, 0.88458, 0.88913, 0.89269, 0.88214, 0.87169, 0.86395, 
0.87631, 0.87279, 0.85493, 0.88621, 0.87097, 0.87167, 0.86038, 
0.87661, 0.85786, 0.85369, 0.84257, 0.86031, 0.86538, 0.84076, 
0.86954, 0.86129, 0.0135, 0.0134, 0.0145, 0.0152, 0.0155, 0.0175, 
0.0177, 0.0192, 0.0191, 0.0526, 0.0422, 63.1, 53.8, 70.9, 75.8, 
83.8, 102, 90.6, 84.6, 80.7, 73.7, 77.2, 133, 37, 1438, 1348, 
119, 1727, 768, 283, 93, 244, 74, 9, 2, 1, 2, 1, 1, 4, 9, 4, 
2, 19, 100, 100, 100, 100, 100, 100, 100, 100, 100, 100, 100, 
2500, 2500, 2500, 2500, 2500, 2500, 2500, 2500, 2500, 2500, 2500, 
7118.615, 7171.85, 7168.308, 7118.239, 7244.67000000001, 7396.28300000001, 
7527.01800000001, 7575.83099999999, 7569.86499999999, 7627.41699999999, 
7380.98800000001, 1, 1, 1, 1, 1, 1, 1, 1, 1, 1, 1, 0.16667, 0.16667, 
0.16667, 0.16667, 0.16667, 0.16667, 0.16667, 0.16667, 0.16667, 
0.16667, 0.16667, 0, 0, 0, 0, 0, 0, 0, 0, 0, 0, 0, 0, 0, 0, 0, 
0, 0, 0, 0, 0, 0, 0, 0.85792, 0.87741, 0.87135, 0.86786, 0.85308, 
0.83351, 0.84046, 0.84274, 0.84778, 0.84276, 0.85806, 0.86417, 
0.87708, 0.86053, 0.8581, 0.84003, 0.85054, 0.83646, 0.83917, 
0.83744, 0.83609, 0.84194, 0.0138, 0.0145, 0.0148, 0.0154, 0.0153, 
0.0174, 0.0192, 0.0195, 0.0197, 0.02, 0.0225, 69.2, 73.7, 77.2, 
83.3, 89.7, 97.6, 101.8, 105.2, 110.9, 112.9, 115.9, 1, 1, 1, 
1, 1, 1, 1, 1, 1, 1, 1, 1, 1, 1, 1, 1, 1, 1, 1, 1, 1, 1, 1, 1, 
1, 1, 1, 1, 1, 1, 1, 1, 1, 1, 1, 1, 1, 1, 1, 1, 1, 1, 1, 1, 2.86, 
2.829, 2.859, 2.82, 2.676, 2.828, 2.938, 2.989, 2.896, 2.892, 
2.934), .Dim = c(11L, 40L), .Dimnames = list(NULL, c("Sampling", 
"PSO.cost", "PSO.gamma", "PSO.data.balancing", "PSO.feature.selection", 
"PSO.valid.acc", "PSO.test.acc", "PSO.train.time", "PSO.n.support.vectors", 
"PSO.index", "PSO.n.solutions", "PSO.generations", "PSO.n.evaluations", 
"PSO.cpu.time", "RS.cost", "RS.gamma", "RS.data.balancing", "RS.feature.selection", 
"RS.valid.acc", "RS.test.acc", "RS.train.time", "RS.n.support.vectors", 
"RS.index", "RS.n.solutions", "RS.generations", "RS.n.evaluations", 
"RS.cpu.time", "DF.cost", "DF.gamma", "DF.data.balancing", "DF.feature.selection", 
"DF.valid.acc", "DF.test.acc", "DF.train.time", "DF.n.support.vectors", 
"DF.index", "DF.n.solutions", "DF.generations", "DF.n.evaluations", 
"DF.cpu.time")))
