full <-
structure(c(50, 55, 60, 65, 70, 75, 80, 85, 90, 95, 100, 3.33357, 
8.79023, 6.84225, 11.89459, 4.97338, 7.78258, 6.58156, 13.84242, 
14.06911, 4.43888, 15, -5.45984, -5.85102, -5.99938, -10.39449, 
-3.33245, -5.217, -5.92832, -9.11863, -8.3936, -4.32781, -8.38205, 
0, 0, 0, 0, 0, 0, 0, 0, 0, 0, 0, 0, 0, 0, 0, 0, 0, 0, 0, 0, 0, 
0, 0.92917, 0.90719, 0.92018, 0.90685, 0.90837, 0.90688, 0.90076, 
0.88048, 0.87964, 0.88004, 0.86452, 0.8775, 0.88954, 0.89912, 
0.89162, 0.88995, 0.88986, 0.89276, 0.85783, 0.86216, 0.84969, 
0.83548, 0.0078, 0.0089, 0.0087, 0.0099, 0.0102, 0.0118, 0.0108, 
0.0233, 0.0346, 0.013, 0.0648, 55.5, 38.1, 44, 47.4, 58.7, 53.5, 
63.4, 65.3, 67.4, 82.1, 75.9, 814, 74, 334, 538, 1189, 8, 26, 
201, 204, 616, 218, 65, 250, 242, 58, 37, 141, 409, 332, 75, 
153, 214, 100, 100, 100, 100, 100, 100, 100, 100, 100, 100, 100, 
2500, 2500, 2500, 2500, 2500, 2500, 2500, 2500, 2500, 2500, 2500, 
5884.675, 5924.887, 6613.686, 6634.3, 6661.001, 6652.04499999999, 
6646.939, 7048.29800000001, 7323.44499999999, 6714.76000000001, 
10335.404, 3.39825, 10.19959, 8.55853, 1.51104, 7.25864, 7.78215, 
7.46425, 14.14999, 13.05682, 6.04223, 12.6854, -5.49536, -6.74059, 
-6.82573, -3.85743, -5.06773, -5.15806, -5.52188, -8.49669, -7.94564, 
-4.90356, -7.87157, 0, 0, 0, 0, 0, 0, 0, 0, 0, 0, 0, 0, 0, 0, 
0, 0, 0, 0, 0, 0, 0, 0, 0.92292, 0.90719, 0.91491, 0.90662, 0.90402, 
0.90688, 0.90076, 0.88048, 0.87964, 0.87993, 0.86452, 0.8775, 
0.90065, 0.89912, 0.89185, 0.8856, 0.88986, 0.89276, 0.86154, 
0.8656, 0.85636, 0.83548, 0.0079, 0.0097, 0.0097, 0.0096, 0.0104, 
0.0112, 0.0115, 0.0308, 0.0281, 0.0136, 0.0328, 55.4, 37.5, 42.1, 
70.8, 52.7, 53.3, 59.6, 64.6, 67.8, 78.3, 77.2, 57, 71, 1024, 
254, 159, 1011, 1244, 763, 1000, 678, 644, 5, 12, 7, 13, 10, 
1, 1, 4, 2, 1, 4, 100, 100, 100, 100, 100, 100, 100, 100, 100, 
100, 100, 2500, 2500, 2500, 2500, 2500, 2500, 2500, 2500, 2500, 
2500, 2500, 5878.536, 6530.076, 6663.957, 6693.05, 6715.288, 
6710.443, 6802.18399999999, 6819.412, 6876.39, 6899.87299999999, 
10147.518, 1, 1, 1, 1, 1, 1, 1, 1, 1, 1, 1, 0.16667, 0.16667, 
0.16667, 0.16667, 0.16667, 0.16667, 0.16667, 0.16667, 0.16667, 
0.16667, 0.16667, 0, 0, 0, 0, 0, 0, 0, 0, 0, 0, 0, 0, 0, 0, 0, 
0, 0, 0, 0, 0, 0, 0, 0.88375, 0.8598, 0.88275, 0.88209, 0.87214, 
0.8683, 0.86505, 0.85798, 0.86548, 0.84313, 0.84516, 0.85708, 
0.85948, 0.89854, 0.88209, 0.86325, 0.85978, 0.8649, 0.87279, 
0.85834, 0.84658, 0.85484, 0.008, 0.009, 0.0092, 0.0101, 0.0107, 
0.011, 0.0116, 0.0126, 0.0127, 0.014, 0.016, 63.7, 72.5, 75.4, 
79, 86, 89.3, 96.7, 101.7, 106.1, 112.1, 115.9, 1, 1, 1, 1, 1, 
1, 1, 1, 1, 1, 1, 1, 1, 1, 1, 1, 1, 1, 1, 1, 1, 1, 1, 1, 1, 1, 
1, 1, 1, 1, 1, 1, 1, 1, 1, 1, 1, 1, 1, 1, 1, 1, 1, 1, 2.273, 
2.626, 2.672, 2.586, 2.654, 2.664, 2.647, 2.641, 2.687, 2.652, 
3.741), .Dim = c(11L, 40L), .Dimnames = list(NULL, c("Sampling", 
"PSO.cost", "PSO.gamma", "PSO.data.balancing", "PSO.feature.selection", 
"PSO.valid.acc", "PSO.test.acc", "PSO.train.time", "PSO.n.support.vectors", 
"PSO.index", "PSO.n.solutions", "PSO.generations", "PSO.n.evaluations", 
"PSO.cpu.time", "RS.cost", "RS.gamma", "RS.data.balancing", "RS.feature.selection", 
"RS.valid.acc", "RS.test.acc", "RS.train.time", "RS.n.support.vectors", 
"RS.index", "RS.n.solutions", "RS.generations", "RS.n.evaluations", 
"RS.cpu.time", "DF.cost", "DF.gamma", "DF.data.balancing", "DF.feature.selection", 
"DF.valid.acc", "DF.test.acc", "DF.train.time", "DF.n.support.vectors", 
"DF.index", "DF.n.solutions", "DF.generations", "DF.n.evaluations", 
"DF.cpu.time")))
