full <-
structure(c(50, 55, 60, 65, 70, 75, 80, 85, 90, 95, 100, 6.67936, 
9.92284, 7.01161, 14.40586, 6.14042, 8.76626, 10.82254, 6.17301, 
6.91832, 11.40669, 4.6716, -8.74602, -10.00685, -6.10414, -10.47396, 
-6.85096, -12.84186, -14.85689, -7.55857, -10.9117, -8.36387, 
-5.49985, 0, 0, 0, 0, 0, 0, 0, 0, 0, 0, 0, 0, 0, 0, 0, 0, 0, 
0, 0, 0, 0, 0, 0.89689, 0.88852, 0.87623, 0.88667, 0.87706, 0.87293, 
0.87621, 0.87382, 0.86237, 0.86963, 0.87742, 0.86397, 0.87087, 
0.87567, 0.88167, 0.87251, 0.87293, 0.86405, 0.88124, 0.83685, 
0.85618, 0.86452, 0.0124, 0.0138, 0.0144, 0.0208, 0.0157, 0.017, 
0.019, 0.0181, 0.0195, 0.0254, 0.0199, 53.7, 51.1, 52.9, 51.2, 
65.4, 98.4, 104.1, 82.9, 120.1, 78.1, 90.5, 179, 1518, 351, 106, 
1679, 1003, 420, 204, 218, 6, 446, 147, 14, 330, 86, 17, 7, 28, 
190, 101, 462, 171, 100, 100, 100, 100, 100, 100, 100, 100, 100, 
100, 100, 2500, 2500, 2500, 2500, 2500, 2500, 2500, 2500, 2500, 
2500, 2500, 6982.508, 6843.082, 6903.737, 7147.397, 7147.951, 
7238.51700000001, 7330.83100000001, 7281.035, 7124.587, 7414.78300000001, 
7350.799, 7.26425, 10.03507, 2.96993, 13.31035, 4.35472, 5.0268, 
2.68084, 6.52549, 9.78097, 12.14979, 4.76841, -9.17332, -10.01903, 
-3.6802, -9.91576, -6.64178, -9.07376, -6.88554, -7.84565, -13.44067, 
-8.70443, -5.52149, 0, 0, 0, 0, 0, 0, 0, 0, 0, 0, 0, 0, 0, 0, 
0, 0, 0, 0, 0, 0, 0, 0, 0.89689, 0.88852, 0.87623, 0.88667, 0.87706, 
0.86859, 0.87221, 0.87382, 0.86237, 0.86963, 0.87742, 0.86397, 
0.87676, 0.87041, 0.87667, 0.85411, 0.88145, 0.85637, 0.87354, 
0.83697, 0.85963, 0.86774, 0.0127, 0.0134, 0.0135, 0.0188, 0.0166, 
0.0172, 0.0188, 0.0174, 0.02, 0.0265, 0.0191, 51.8, 50.5, 60.5, 
51.2, 76.4, 98.2, 105.5, 82.7, 116.1, 77.6, 89.8, 464, 95, 1064, 
868, 656, 15, 1342, 56, 54, 147, 1903, 3, 2, 2, 2, 3, 48, 2, 
3, 8, 10, 1, 100, 100, 100, 100, 100, 100, 100, 100, 100, 100, 
100, 2500, 2500, 2500, 2500, 2500, 2500, 2500, 2500, 2500, 2500, 
2500, 6983.484, 6897.322, 6961.561, 7131.757, 7336.569, 7472.995, 
7471.084, 7337.499, 7240.84400000001, 7424.97500000001, 7278.092, 
1, 1, 1, 1, 1, 1, 1, 1, 1, 1, 1, 0.16667, 0.16667, 0.16667, 0.16667, 
0.16667, 0.16667, 0.16667, 0.16667, 0.16667, 0.16667, 0.16667, 
0, 0, 0, 0, 0, 0, 0, 0, 0, 0, 0, 0, 0, 0, 0, 0, 0, 0, 0, 0, 0, 
0, 0.8311, 0.82377, 0.83351, 0.8469, 0.8355, 0.82129, 0.84021, 
0.8329, 0.85521, 0.83985, 0.86129, 0.84402, 0.82994, 0.83851, 
0.87143, 0.84459, 0.83399, 0.85236, 0.82879, 0.83391, 0.83629, 
0.85484, 0.0123, 0.0131, 0.0143, 0.0148, 0.0167, 0.0162, 0.0186, 
0.018, 0.0197, 0.0206, 0.0209, 66.7, 75.8, 81.3, 82.5, 88.4, 
93.3, 100.4, 104.5, 110.6, 115.5, 115.6, 1, 1, 1, 1, 1, 1, 1, 
1, 1, 1, 1, 1, 1, 1, 1, 1, 1, 1, 1, 1, 1, 1, 1, 1, 1, 1, 1, 1, 
1, 1, 1, 1, 1, 1, 1, 1, 1, 1, 1, 1, 1, 1, 1, 1, 2.608, 2.734, 
2.731, 2.751, 2.986, 2.816, 2.864, 2.736, 2.946, 2.805, 2.794
), .Dim = c(11L, 40L), .Dimnames = list(NULL, c("Sampling", "PSO.cost", 
"PSO.gamma", "PSO.data.balancing", "PSO.feature.selection", "PSO.valid.acc", 
"PSO.test.acc", "PSO.train.time", "PSO.n.support.vectors", "PSO.index", 
"PSO.n.solutions", "PSO.generations", "PSO.n.evaluations", "PSO.cpu.time", 
"RS.cost", "RS.gamma", "RS.data.balancing", "RS.feature.selection", 
"RS.valid.acc", "RS.test.acc", "RS.train.time", "RS.n.support.vectors", 
"RS.index", "RS.n.solutions", "RS.generations", "RS.n.evaluations", 
"RS.cpu.time", "DF.cost", "DF.gamma", "DF.data.balancing", "DF.feature.selection", 
"DF.valid.acc", "DF.test.acc", "DF.train.time", "DF.n.support.vectors", 
"DF.index", "DF.n.solutions", "DF.generations", "DF.n.evaluations", 
"DF.cpu.time")))
