full <-
structure(c(50, 55, 60, 65, 70, 75, 80, 85, 90, 95, 100, 12.21155, 
8.67082, 15, 7.08885, 6.42197, 2.21773, 2.40263, 15, 6.62233, 
12.88801, 11.45612, -15, -10.64087, -7.98504, -5.60812, -3.7583, 
-5.78452, -6.6405, -8.81943, -5.78083, -7.30659, -10.19154, 0, 
0, 0, 0, 0, 0, 0, 0, 0, 0, 0, 0, 0, 0, 0, 0, 0, 0, 0, 0, 0, 0, 
0.8775, 0.85507, 0.83889, 0.8469, 0.84957, 0.85507, 0.85662, 
0.85798, 0.86557, 0.85621, 0.86774, 0.8575, 0.83215, 0.82222, 
0.83214, 0.80368, 0.83822, 0.83662, 0.84687, 0.85164, 0.84287, 
0.85161, 0.0122, 0.0144, 0.0633, 0.0149, 0.0179, 0.0169, 0.0186, 
0.0694, 0.0197, 0.0455, 0.0224, 70.3, 71.2, 53.7, 64.2, 70.4, 
102.2, 112.5, 71, 78.9, 75.4, 82.4, 198, 552, 287, 75, 62, 227, 
981, 451, 386, 208, 121, 118, 50, 7, 818, 121, 113, 29, 433, 
401, 210, 317, 100, 100, 100, 100, 100, 100, 100, 100, 100, 100, 
100, 2500, 2500, 2500, 2500, 2500, 2500, 2500, 2500, 2500, 2500, 
2500, 6297.191, 6396.213, 6593.199, 6362.864, 6659.281, 6426.61399999999, 
6573.55500000001, 7191.648, 6394.408, 7459.894, 6672.71300000002, 
11.2677, 8.49234, -0.9924, 5.81367, 7.44002, 0.46105, 1.58494, 
-0.20721, 7.06562, -0.21598, 12.61437, -14.02911, -10.45699, 
-2.23196, -8.70539, -4.16354, -4.40295, -5.77644, -0.35746, -6.11841, 
-0.86535, -10.7902, 0, 0, 0, 0, 0, 0, 0, 0, 0, 0, 0, 0, 0, 0, 
0, 0, 0, 0, 0, 0, 0, 0, 0.8775, 0.85507, 0.83392, 0.85143, 0.84957, 
0.85507, 0.85262, 0.85798, 0.86557, 0.85966, 0.86774, 0.85083, 
0.83215, 0.84474, 0.82238, 0.79459, 0.83388, 0.83277, 0.83191, 
0.85509, 0.84299, 0.85161, 0.0134, 0.0133, 0.015, 0.0165, 0.0182, 
0.0172, 0.0174, 0.0225, 0.0199, 0.0237, 0.0217, 70, 71, 95.8, 
88.1, 68.1, 105.1, 111.3, 150.3, 78.5, 146.3, 81.9, 1457, 1509, 
609, 2388, 230, 424, 351, 76, 787, 470, 36, 2, 1, 1, 1, 3, 3, 
2, 3, 1, 1, 11, 100, 100, 100, 100, 100, 100, 100, 100, 100, 
100, 100, 2500, 2500, 2500, 2500, 2500, 2500, 2500, 2500, 2500, 
2500, 2500, 6359.233, 6423.97, 6484.431, 6523.337, 6555.891, 
6623.652, 6634.50900000001, 6719.15100000001, 6786.13400000001, 
6898.61399999999, 6754.48799999998, 1, 1, 1, 1, 1, 1, 1, 1, 1, 
1, 1, 0.16667, 0.16667, 0.16667, 0.16667, 0.16667, 0.16667, 0.16667, 
0.16667, 0.16667, 0.16667, 0.16667, 0, 0, 0, 0, 0, 0, 0, 0, 0, 
0, 0, 0, 0, 0, 0, 0, 0, 0, 0, 0, 0, 0, 0.83917, 0.81977, 0.82281, 
0.82738, 0.83117, 0.84221, 0.81692, 0.84316, 0.84437, 0.83609, 
0.84839, 0.84, 0.8326, 0.83889, 0.83214, 0.84048, 0.83822, 0.82492, 
0.83205, 0.83735, 0.83954, 0.84516, 0.0125, 0.0135, 0.0147, 0.0153, 
0.0158, 0.017, 0.017, 0.0181, 0.0198, 0.0201, 0.0204, 72.1, 80, 
85.4, 91.1, 96.1, 100.8, 101, 105.5, 110.9, 114.4, 115.2, 1, 
1, 1, 1, 1, 1, 1, 1, 1, 1, 1, 1, 1, 1, 1, 1, 1, 1, 1, 1, 1, 1, 
1, 1, 1, 1, 1, 1, 1, 1, 1, 1, 1, 1, 1, 1, 1, 1, 1, 1, 1, 1, 1, 
1, 2.463, 2.453, 2.517, 2.48, 2.527, 2.578, 2.44, 2.474, 2.659, 
2.594, 2.54), .Dim = c(11L, 40L), .Dimnames = list(NULL, c("Sampling", 
"PSO.cost", "PSO.gamma", "PSO.data.balancing", "PSO.feature.selection", 
"PSO.valid.acc", "PSO.test.acc", "PSO.train.time", "PSO.n.support.vectors", 
"PSO.index", "PSO.n.solutions", "PSO.generations", "PSO.n.evaluations", 
"PSO.cpu.time", "RS.cost", "RS.gamma", "RS.data.balancing", "RS.feature.selection", 
"RS.valid.acc", "RS.test.acc", "RS.train.time", "RS.n.support.vectors", 
"RS.index", "RS.n.solutions", "RS.generations", "RS.n.evaluations", 
"RS.cpu.time", "DF.cost", "DF.gamma", "DF.data.balancing", "DF.feature.selection", 
"DF.valid.acc", "DF.test.acc", "DF.train.time", "DF.n.support.vectors", 
"DF.index", "DF.n.solutions", "DF.generations", "DF.n.evaluations", 
"DF.cpu.time")))
