full <-
structure(c(50, 55, 60, 65, 70, 75, 80, 85, 90, 95, 100, 3.44977, 
5.29208, 8.75819, 6.91194, 10.2008, 12.25502, 6.61315, 4.36734, 
7.24141, 8.69774, 10.5104, -3.75234, -4.99362, -6.70975, -5.93925, 
-6.2971, -8.46102, -5.71275, -4.05727, -6.10804, -5.56978, -9.02353, 
0, 0, 0, 0, 0, 0, 0, 0, 0, 0, 0, 0, 0, 0, 0, 0, 0, 0, 0, 0, 0, 
0, 0.91037, 0.9183, 0.91901, 0.93095, 0.92251, 0.91122, 0.90937, 
0.89103, 0.89433, 0.87654, 0.86774, 0.89662, 0.90098, 0.92456, 
0.92119, 0.90866, 0.90252, 0.89768, 0.86866, 0.89778, 0.8533, 
0.85161, 0.0075, 0.0081, 0.0089, 0.009, 0.0127, 0.0146, 0.0105, 
0.011, 0.0119, 0.0153, 0.0147, 43.7, 41.8, 40.1, 42.8, 46.4, 
52, 58.2, 65.4, 67.1, 72.9, 82.2, 76, 54, 235, 465, 863, 805, 
301, 520, 483, 136, 75, 217, 283, 208, 47, 56, 142, 15, 54, 238, 
217, 313, 100, 100, 100, 100, 100, 100, 100, 100, 100, 100, 100, 
2500, 2500, 2500, 2500, 2500, 2500, 2500, 2500, 2500, 2500, 2500, 
5697.963, 5841.275, 5927.902, 5995.386, 6178.874, 6163.452, 6086.776, 
6039.348, 6048.909, 6138.95699999999, 6152.435, 3.60828, 6.64549, 
7.76288, 5.73976, 10.41518, 12.68546, 14.13484, 4.38015, 9.67113, 
8.53547, 11.39892, -3.84381, -5.18695, -6.33852, -5.44814, -6.44492, 
-8.6926, -9.42852, -4.07189, -7.49413, -5.60803, -9.33878, 0, 
0, 0, 0, 0, 0, 0, 0, 0, 0, 0, 0, 0, 0, 0, 0, 0, 0, 0, 0, 0, 0, 
0.91037, 0.9183, 0.91901, 0.92619, 0.92251, 0.91122, 0.90922, 
0.89103, 0.89089, 0.87654, 0.86774, 0.89662, 0.90065, 0.91374, 
0.92119, 0.90866, 0.90252, 0.89783, 0.86866, 0.88732, 0.8533, 
0.85161, 0.0079, 0.0086, 0.0088, 0.0088, 0.0134, 0.016, 0.0203, 
0.011, 0.0133, 0.015, 0.0156, 43, 38.6, 40.9, 45.8, 46.2, 52.3, 
53.9, 65.4, 66.4, 72.5, 80.9, 124, 20, 374, 121, 798, 2231, 348, 
279, 17, 1412, 3, 10, 34, 3, 33, 1, 1, 8, 2, 10, 3, 10, 100, 
100, 100, 100, 100, 100, 100, 100, 100, 100, 100, 2500, 2500, 
2500, 2500, 2500, 2500, 2500, 2500, 2500, 2500, 2500, 5828.097, 
5845.693, 5959.539, 5985.309, 6014.324, 6082.392, 6079.60399999999, 
6144.916, 6196.21699999999, 6283.356, 6302.65199999999, 1, 1, 
1, 1, 1, 1, 1, 1, 1, 1, 1, 0.16667, 0.16667, 0.16667, 0.16667, 
0.16667, 0.16667, 0.16667, 0.16667, 0.16667, 0.16667, 0.16667, 
0, 0, 0, 0, 0, 0, 0, 0, 0, 0, 0, 0, 0, 0, 0, 0, 0, 0, 0, 0, 0, 
0, 0.87703, 0.88301, 0.88216, 0.89595, 0.8816, 0.87279, 0.88135, 
0.87236, 0.86268, 0.85631, 0.83548, 0.86532, 0.87712, 0.89269, 
0.89619, 0.88593, 0.87658, 0.87765, 0.86866, 0.86268, 0.8632, 
0.84516, 0.0081, 0.0085, 0.0093, 0.0097, 0.0102, 0.0107, 0.0113, 
0.0121, 0.0125, 0.0134, 0.0141, 65.8, 69.9, 75.3, 78.1, 83.7, 
89.3, 94.3, 98.6, 100.4, 109.2, 115.9, 1, 1, 1, 1, 1, 1, 1, 1, 
1, 1, 1, 1, 1, 1, 1, 1, 1, 1, 1, 1, 1, 1, 1, 1, 1, 1, 1, 1, 1, 
1, 1, 1, 1, 1, 1, 1, 1, 1, 1, 1, 1, 1, 1, 1, 2.354, 2.348, 2.335, 
2.372, 2.383, 2.372, 2.381, 2.373, 2.388, 2.396, 2.426), .Dim = c(11L, 
40L), .Dimnames = list(NULL, c("Sampling", "PSO.cost", "PSO.gamma", 
"PSO.data.balancing", "PSO.feature.selection", "PSO.valid.acc", 
"PSO.test.acc", "PSO.train.time", "PSO.n.support.vectors", "PSO.index", 
"PSO.n.solutions", "PSO.generations", "PSO.n.evaluations", "PSO.cpu.time", 
"RS.cost", "RS.gamma", "RS.data.balancing", "RS.feature.selection", 
"RS.valid.acc", "RS.test.acc", "RS.train.time", "RS.n.support.vectors", 
"RS.index", "RS.n.solutions", "RS.generations", "RS.n.evaluations", 
"RS.cpu.time", "DF.cost", "DF.gamma", "DF.data.balancing", "DF.feature.selection", 
"DF.valid.acc", "DF.test.acc", "DF.train.time", "DF.n.support.vectors", 
"DF.index", "DF.n.solutions", "DF.generations", "DF.n.evaluations", 
"DF.cpu.time")))
