full <-
structure(c(50, 55, 60, 65, 70, 75, 80, 85, 90, 95, 100, 6.44451, 
3.2786, 1.46711, -0.27418, 0.54446, 5.44192, 4.08309, 11.92347, 
5.76975, 0.31651, 1.31684, -6.64419, -6.60283, -5.21208, -3.57152, 
-1.5092, -6.32624, -8.51723, -9.22157, -6.2164, -1.27295, -2.79479, 
0, 0, 0, 0, 0, 0, 0, 0, 0, 0, 0, 0, 0, 0, 0, 0, 0, 0, 0, 0, 0, 
0, 0.48679, 0.5, 0.55, 0.50357, 0.44676, 0.43859, 0.42402, 0.44917, 
0.46937, 0.44091, 0.47325, 0.43417, 0.43274, 0.51012, 0.42429, 
0.41998, 0.35275, 0.37068, 0.35023, 0.35951, 0.3803, 0.42214, 
0.0153, 0.0142, 0.0144, 0.0147, 0.0153, 0.017, 0.0163, 0.0292, 
0.0195, 0.0187, 0.0195, 46.6, 52.5, 57.7, 63.8, 68.8, 69.4, 75.4, 
78, 83.3, 92.8, 97.5, 874, 803, 826, 1603, 1239, 841, 2353, 356, 
1031, 1249, 1223, 57, 95, 79, 89, 32, 37, 2, 117, 58, 107, 18, 
100, 100, 100, 100, 100, 100, 100, 100, 100, 100, 100, 2500, 
2500, 2500, 2500, 2500, 2500, 2500, 2500, 2500, 2500, 2500, 7217.821, 
7255.353, 7232.653, 7129.943, 7128.12, 7171.19500000001, 7268.99000000001, 
7445.03999999999, 7292.394, 7292.46399999999, 7325.399, 2.47226, 
3.81362, 7.37391, -0.29615, 4.72949, 5.12362, 0.0617, 11.46473, 
3.48796, 0.3896, 1.37557, -5.3303, -7.16977, -11.55213, -3.56392, 
-0.44526, -6.08731, -3.96797, -9.17364, -5.31377, -1.19331, -3.01587, 
0, 0, 0, 0, 0, 0, 0, 0, 0, 0, 0, 0, 0, 0, 0, 0, 0, 0, 0, 0, 0, 
0, 0.46988, 0.5, 0.53512, 0.48929, 0.4345, 0.42859, 0.42838, 
0.44083, 0.46057, 0.43182, 0.46276, 0.45845, 0.4619, 0.46012, 
0.41429, 0.41089, 0.36386, 0.40866, 0.36856, 0.40371, 0.38864, 
0.40472, 0.0143, 0.0144, 0.0148, 0.0157, 0.0161, 0.0165, 0.0165, 
0.0273, 0.0178, 0.0186, 0.0187, 47.4, 52.2, 56.9, 63.8, 68.8, 
69.5, 77.6, 77.7, 83.8, 92.8, 97.1, 480, 1820, 102, 1970, 5, 
2061, 749, 309, 1202, 2376, 588, 2, 1, 16, 1, 141, 1, 1, 5, 1, 
1, 2, 100, 100, 100, 100, 100, 100, 100, 100, 100, 100, 100, 
2500, 2500, 2500, 2500, 2500, 2500, 2500, 2500, 2500, 2500, 2500, 
7232.223, 7269.189, 7108.667, 7097.574, 7116.06600000001, 7243.24099999999, 
7258.799, 7299.27800000001, 7305.94100000001, 7334.321, 7368.288, 
1, 1, 1, 1, 1, 1, 1, 1, 1, 1, 1, 0.08333, 0.08333, 0.08333, 0.08333, 
0.08333, 0.08333, 0.08333, 0.08333, 0.08333, 0.08333, 0.08333, 
0, 0, 0, 0, 0, 0, 0, 0, 0, 0, 0, 0, 0, 0, 0, 0, 0, 0, 0, 0, 0, 
0, 0.38345, 0.41012, 0.45417, 0.45429, 0.38978, 0.35247, 0.41727, 
0.40106, 0.40351, 0.3803, 0.41899, 0.42274, 0.42024, 0.44167, 
0.43929, 0.4068, 0.3747, 0.36755, 0.40773, 0.41094, 0.39621, 
0.41704, 0.0142, 0.0143, 0.0147, 0.0148, 0.0153, 0.0162, 0.0157, 
0.0171, 0.0176, 0.018, 0.0185, 49.4, 54.3, 58.8, 63.7, 68.3, 
72.8, 77.8, 82.9, 87.2, 91.8, 97.1, 1, 1, 1, 1, 1, 1, 1, 1, 1, 
1, 1, 1, 1, 1, 1, 1, 1, 1, 1, 1, 1, 1, 1, 1, 1, 1, 1, 1, 1, 1, 
1, 1, 1, 1, 1, 1, 1, 1, 1, 1, 1, 1, 1, 1, 2.928, 2.914, 2.845, 
2.793, 2.791, 2.911, 2.756, 2.926, 2.91, 2.92, 2.932), .Dim = c(11L, 
40L), .Dimnames = list(NULL, c("Sampling", "PSO.cost", "PSO.gamma", 
"PSO.data.balancing", "PSO.feature.selection", "PSO.valid.acc", 
"PSO.test.acc", "PSO.train.time", "PSO.n.support.vectors", "PSO.index", 
"PSO.n.solutions", "PSO.generations", "PSO.n.evaluations", "PSO.cpu.time", 
"RS.cost", "RS.gamma", "RS.data.balancing", "RS.feature.selection", 
"RS.valid.acc", "RS.test.acc", "RS.train.time", "RS.n.support.vectors", 
"RS.index", "RS.n.solutions", "RS.generations", "RS.n.evaluations", 
"RS.cpu.time", "DF.cost", "DF.gamma", "DF.data.balancing", "DF.feature.selection", 
"DF.valid.acc", "DF.test.acc", "DF.train.time", "DF.n.support.vectors", 
"DF.index", "DF.n.solutions", "DF.generations", "DF.n.evaluations", 
"DF.cpu.time")))
