full <-
structure(c(50, 55, 60, 65, 70, 75, 80, 85, 90, 95, 100, 0.79346, 
6.35833, 3.12382, 0.5457, 0.98085, 0.60923, 1.07753, 12.12069, 
2.19621, 3.72189, 14.67514, -2.37063, -0.46441, 0.18634, -1.38414, 
-2.84651, -3.58317, -2.67572, -10.66006, -3.78272, -3.27933, 
-15, 0, 0, 0, 0, 0, 0, 0, 0, 0, 0, 0, 0, 0, 0, 0, 0, 0, 0, 0, 
0, 0, 0, 0.49286, 0.46131, 0.45381, 0.46409, 0.47033, 0.49669, 
0.47518, 0.47091, 0.46929, 0.4645, 0.45316, 0.47619, 0.46071, 
0.45381, 0.40913, 0.41132, 0.46462, 0.44705, 0.43636, 0.41202, 
0.41696, 0.39675, 0.0147, 0.0145, 0.0143, 0.0139, 0.0143, 0.015, 
0.0158, 0.0231, 0.018, 0.0188, 0.024, 49.6, 54.4, 59.2, 64, 68.7, 
73.3, 78.3, 76.9, 87.4, 91.5, 90.7, 2133, 118, 102, 2143, 1202, 
2455, 1572, 619, 2197, 953, 164, 2, 1220, 855, 1, 61, 1, 23, 
52, 6, 64, 720, 100, 100, 100, 100, 100, 100, 100, 100, 100, 
100, 100, 2500, 2500, 2500, 2500, 2500, 2500, 2500, 2500, 2500, 
2500, 2500, 6620.258, 6395.969, 6414.424, 6297.02, 6316.358, 
6257.547, 6280.36899999999, 6591.05200000001, 6686.53700000001, 
6534.79299999999, 6421.45299999999, 0.79702, 14.57511, 10.46824, 
0.42999, 1.04155, 5.65462, 1.32874, 12.1883, 2.10021, 3.48472, 
11.90665, -3.08139, -0.42571, -7.81833, -1.40951, -2.85011, -6.52956, 
-2.95332, -10.89701, -3.7327, -3.14828, -12.10133, 0, 0, 0, 0, 
0, 0, 0, 0, 0, 0, 0, 0, 0, 0, 0, 0, 0, 0, 0, 0, 0, 0, 0.47619, 
0.46131, 0.45925, 0.46409, 0.45922, 0.48323, 0.45795, 0.46182, 
0.46929, 0.46283, 0.44777, 0.42619, 0.46071, 0.36639, 0.42163, 
0.41132, 0.42982, 0.42962, 0.43636, 0.41202, 0.41632, 0.38906, 
0.0135, 0.0144, 0.0181, 0.0139, 0.0159, 0.0147, 0.0159, 0.0238, 
0.0185, 0.0178, 0.0209, 49.6, 54.4, 53.3, 64, 68.7, 70.1, 78.3, 
76.5, 87.4, 91.6, 90.8, 4, 292, 1507, 2326, 456, 1230, 1734, 
153, 2202, 519, 1352, 11, 14, 2, 1, 5, 1, 1, 6, 1, 1, 1, 100, 
100, 100, 100, 100, 100, 100, 100, 100, 100, 100, 2500, 2500, 
2500, 2500, 2500, 2500, 2500, 2500, 2500, 2500, 2500, 6630.75, 
6365.679, 6303.801, 6324.734, 6281.843, 6294.48700000001, 6233.77, 
6469.38799999999, 6710.18000000001, 6336.288, 6220.67300000001, 
1, 1, 1, 1, 1, 1, 1, 1, 1, 1, 1, 0.08333, 0.08333, 0.08333, 0.08333, 
0.08333, 0.08333, 0.08333, 0.08333, 0.08333, 0.08333, 0.08333, 
0, 0, 0, 0, 0, 0, 0, 0, 0, 0, 0, 0, 0, 0, 0, 0, 0, 0, 0, 0, 0, 
0, 0.44286, 0.39167, 0.40746, 0.36548, 0.38632, 0.40538, 0.38657, 
0.37545, 0.38777, 0.41207, 0.43789, 0.38952, 0.40655, 0.38329, 
0.3748, 0.35751, 0.41649, 0.40212, 0.40932, 0.43186, 0.40745, 
0.41853, 0.0136, 0.0136, 0.0133, 0.0134, 0.0136, 0.0143, 0.015, 
0.0168, 0.0191, 0.0182, 0.0171, 49.6, 54.3, 59.2, 63.9, 68.8, 
73.4, 78.2, 83.1, 87.7, 91.8, 97.5, 1, 1, 1, 1, 1, 1, 1, 1, 1, 
1, 1, 1, 1, 1, 1, 1, 1, 1, 1, 1, 1, 1, 1, 1, 1, 1, 1, 1, 1, 1, 
1, 1, 1, 1, 1, 1, 1, 1, 1, 1, 1, 1, 1, 1, 2.699, 2.667, 2.469, 
2.415, 2.373, 2.43, 2.49, 2.606, 2.81, 2.616, 2.431), .Dim = c(11L, 
40L), .Dimnames = list(NULL, c("Sampling", "PSO.cost", "PSO.gamma", 
"PSO.data.balancing", "PSO.feature.selection", "PSO.valid.acc", 
"PSO.test.acc", "PSO.train.time", "PSO.n.support.vectors", "PSO.index", 
"PSO.n.solutions", "PSO.generations", "PSO.n.evaluations", "PSO.cpu.time", 
"RS.cost", "RS.gamma", "RS.data.balancing", "RS.feature.selection", 
"RS.valid.acc", "RS.test.acc", "RS.train.time", "RS.n.support.vectors", 
"RS.index", "RS.n.solutions", "RS.generations", "RS.n.evaluations", 
"RS.cpu.time", "DF.cost", "DF.gamma", "DF.data.balancing", "DF.feature.selection", 
"DF.valid.acc", "DF.test.acc", "DF.train.time", "DF.n.support.vectors", 
"DF.index", "DF.n.solutions", "DF.generations", "DF.n.evaluations", 
"DF.cpu.time")))
