full <-
structure(c(50, 55, 60, 65, 70, 75, 80, 85, 90, 95, 100, 15, 
8.61964, 5.23923, 0.68427, 11.44328, 0.03979, -0.21958, 6.47477, 
7.33508, 5.941, -0.14354, -14.69819, -12.4721, 0.05122, -1.47429, 
-11.38867, -1.07495, -3.20624, -1.66527, -1.10753, -11.61885, 
-3.69348, 0, 0, 0, 0, 0, 0, 0, 0, 0, 0, 0, 0, 0, 0, 0, 0, 0, 
0, 0, 0, 0, 0, 0.48417, 0.49821, 0.43631, 0.49, 0.49861, 0.49601, 
0.53212, 0.47061, 0.44687, 0.42063, 0.44222, 0.39357, 0.37107, 
0.42202, 0.48067, 0.29722, 0.46696, 0.48899, 0.44227, 0.43056, 
0.36533, 0.42388, 0.0167, 0.0151, 0.0159, 0.0158, 0.0183, 0.0165, 
0.0174, 0.0188, 0.0197, 0.0198, 0.019, 45.4, 52.6, 59.2, 64, 
62.1, 73.6, 78, 83.2, 88, 90.6, 97.5, 2269, 204, 36, 885, 1012, 
2107, 1171, 198, 111, 1717, 382, 2, 83, 1221, 269, 80, 1, 53, 
838, 1432, 4, 41, 100, 100, 100, 100, 100, 100, 100, 100, 100, 
100, 100, 2500, 2500, 2500, 2500, 2500, 2500, 2500, 2500, 2500, 
2500, 2500, 8347.403, 8343.616, 8472.039, 8450.979, 8411.42599999999, 
8412.394, 8401.33899999999, 8408.473, 8396.486, 8535.948, 8396.80800000002, 
14.71236, 10.51333, 14.79102, 8.72175, 10.95104, -0.18525, -0.07366, 
0.09281, -0.30113, -0.65777, 11.55112, -13.28058, -14.43387, 
-0.02305, -1.6412, -11.0016, -1.61346, -2.68908, -2.88275, -2.54986, 
-3.89709, -12.26295, 0, 0, 0, 0, 0, 0, 0, 0, 0, 0, 0, 0, 0, 0, 
0, 0, 0, 0, 0, 0, 0, 0, 0.47845, 0.49821, 0.43631, 0.48889, 0.49861, 
0.48351, 0.52101, 0.48894, 0.46076, 0.42094, 0.4261, 0.41024, 
0.37107, 0.40536, 0.4279, 0.30833, 0.44017, 0.46192, 0.43354, 
0.44444, 0.3712, 0.39366, 0.0177, 0.0152, 0.0153, 0.016, 0.0172, 
0.0172, 0.0173, 0.0175, 0.0188, 0.0193, 0.0233, 44.2, 52.5, 59.2, 
64, 62.1, 73.6, 78.1, 82.8, 88, 92.3, 91.5, 1503, 637, 21, 143, 
650, 1604, 1687, 1026, 74, 1978, 2446, 2, 4, 30, 33, 1, 1, 2, 
3, 2, 1, 1, 100, 100, 100, 100, 100, 100, 100, 100, 100, 100, 
100, 2500, 2500, 2500, 2500, 2500, 2500, 2500, 2500, 2500, 2500, 
2500, 8332.631, 8350.526, 8436.942, 8418.20799999999, 8407.33199999999, 
8402.38400000001, 8422.27, 8439.11, 8422.95999999999, 8469.70299999998, 
8411.06600000002, 1, 1, 1, 1, 1, 1, 1, 1, 1, 1, 1, 0.08333, 0.08333, 
0.08333, 0.08333, 0.08333, 0.08333, 0.08333, 0.08333, 0.08333, 
0.08333, 0.08333, 0, 0, 0, 0, 0, 0, 0, 0, 0, 0, 0, 0, 0, 0, 0, 
0, 0, 0, 0, 0, 0, 0, 0.35869, 0.40202, 0.36726, 0.39754, 0.42778, 
0.38589, 0.48101, 0.45152, 0.38495, 0.38992, 0.40952, 0.42774, 
0.37726, 0.3506, 0.38821, 0.35833, 0.42517, 0.42768, 0.42354, 
0.39788, 0.41029, 0.40722, 0.0147, 0.0149, 0.0157, 0.0158, 0.019, 
0.0179, 0.0184, 0.0176, 0.0195, 0.0181, 0.0189, 49.2, 54.3, 58.7, 
63.2, 68.1, 72.9, 77.8, 82.5, 87.8, 92.3, 97.4, 1, 1, 1, 1, 1, 
1, 1, 1, 1, 1, 1, 1, 1, 1, 1, 1, 1, 1, 1, 1, 1, 1, 1, 1, 1, 1, 
1, 1, 1, 1, 1, 1, 1, 1, 1, 1, 1, 1, 1, 1, 1, 1, 1, 1, 3.323, 
3.348, 3.37, 3.349, 3.359, 3.347, 3.352, 3.349, 3.468, 3.354, 
3.308), .Dim = c(11L, 40L), .Dimnames = list(NULL, c("Sampling", 
"PSO.cost", "PSO.gamma", "PSO.data.balancing", "PSO.feature.selection", 
"PSO.valid.acc", "PSO.test.acc", "PSO.train.time", "PSO.n.support.vectors", 
"PSO.index", "PSO.n.solutions", "PSO.generations", "PSO.n.evaluations", 
"PSO.cpu.time", "RS.cost", "RS.gamma", "RS.data.balancing", "RS.feature.selection", 
"RS.valid.acc", "RS.test.acc", "RS.train.time", "RS.n.support.vectors", 
"RS.index", "RS.n.solutions", "RS.generations", "RS.n.evaluations", 
"RS.cpu.time", "DF.cost", "DF.gamma", "DF.data.balancing", "DF.feature.selection", 
"DF.valid.acc", "DF.test.acc", "DF.train.time", "DF.n.support.vectors", 
"DF.index", "DF.n.solutions", "DF.generations", "DF.n.evaluations", 
"DF.cpu.time")))
