full <-
structure(c(50, 55, 60, 65, 70, 75, 80, 85, 90, 95, 100, 6.17444, 
11.90926, 3.30746, 1.02618, 13.24618, 8.32144, 1.47941, 0.87084, 
11.15568, 0.2273, 11.72926, -7.10981, -15, -1.63333, -4.08657, 
-10.6374, -1.79109, -3.25701, -2.96183, -1.08009, -1.58372, -10.21031, 
0, 0, 0, 0, 0, 0, 0, 0, 0, 0, 0, 0, 0, 0, 0, 0, 0, 0, 0, 0, 0, 
0, 0.55619, 0.55893, 0.48698, 0.46825, 0.54385, 0.4999, 0.53265, 
0.50977, 0.47294, 0.48203, 0.46812, 0.51702, 0.4875, 0.4456, 
0.45575, 0.39417, 0.44745, 0.49432, 0.50005, 0.42937, 0.45767, 
0.40915, 0.0126, 0.0119, 0.013, 0.0131, 0.0236, 0.0143, 0.016, 
0.0171, 0.0182, 0.0178, 0.0274, 46.3, 51.5, 59.2, 62.7, 60.6, 
73.6, 76.2, 82, 88, 92.7, 92, 72, 1121, 84, 2235, 360, 33, 338, 
1480, 355, 481, 2009, 810, 35, 995, 4, 65, 1125, 745, 62, 701, 
85, 2, 100, 100, 100, 100, 100, 100, 100, 100, 100, 100, 100, 
2500, 2500, 2500, 2500, 2500, 2500, 2500, 2500, 2500, 2500, 2500, 
5919.885, 5935.502, 5936.386, 5900.82799999999, 6139.175, 6140.561, 
6251.515, 6408.72899999999, 6349.40400000001, 6204.49000000001, 
6357.323, 7.31303, 9.02695, 1.8043, 0.08817, 13.9806, 9.60203, 
1.6086, 1.62684, 1.59577, 0.40342, 11.01372, -7.56507, -12.13529, 
-4.46089, -5.5526, -11.02416, -1.76635, -3.443, -3.07737, -3.5516, 
-1.46426, -9.87984, 0, 0, 0, 0, 0, 0, 0, 0, 0, 0, 0, 0, 0, 0, 
0, 0, 0, 0, 0, 0, 0, 0, 0.57286, 0.55893, 0.51123, 0.45575, 0.54385, 
0.4999, 0.52356, 0.48755, 0.48601, 0.47434, 0.4521, 0.55131, 
0.4875, 0.47056, 0.42103, 0.38167, 0.43633, 0.50432, 0.48172, 
0.47972, 0.44089, 0.40915, 0.0126, 0.0121, 0.0125, 0.0129, 0.0241, 
0.0148, 0.0148, 0.0168, 0.0162, 0.0173, 0.0259, 45.4, 51.5, 58.1, 
63.2, 60.3, 73.6, 76.2, 81.8, 86.3, 92.8, 92.4, 2166, 354, 560, 
596, 2079, 43, 2493, 1771, 1014, 1207, 2337, 1, 1, 2, 1, 1, 18, 
1, 1, 1, 2, 1, 100, 100, 100, 100, 100, 100, 100, 100, 100, 100, 
100, 2500, 2500, 2500, 2500, 2500, 2500, 2500, 2500, 2500, 2500, 
2500, 5968.944, 5887.564, 5898.299, 6088.141, 6065.462, 6245.97199999999, 
6174.023, 6397.34999999999, 6166.607, 6179.30499999999, 6207.16100000001, 
1, 1, 1, 1, 1, 1, 1, 1, 1, 1, 1, 0.08333, 0.08333, 0.08333, 0.08333, 
0.08333, 0.08333, 0.08333, 0.08333, 0.08333, 0.08333, 0.08333, 
0, 0, 0, 0, 0, 0, 0, 0, 0, 0, 0, 0, 0, 0, 0, 0, 0, 0, 0, 0, 0, 
0, 0.49452, 0.45893, 0.41837, 0.40218, 0.46821, 0.45204, 0.46773, 
0.4222, 0.39839, 0.4225, 0.39983, 0.51548, 0.44464, 0.42909, 
0.41786, 0.45964, 0.45176, 0.47932, 0.43144, 0.39888, 0.4339, 
0.44033, 0.0117, 0.0123, 0.0144, 0.0149, 0.0136, 0.0143, 0.015, 
0.0158, 0.0153, 0.0164, 0.018, 49.2, 54, 59.1, 63.7, 67.8, 73, 
76.9, 82.4, 87.3, 91.5, 97.4, 1, 1, 1, 1, 1, 1, 1, 1, 1, 1, 1, 
1, 1, 1, 1, 1, 1, 1, 1, 1, 1, 1, 1, 1, 1, 1, 1, 1, 1, 1, 1, 1, 
1, 1, 1, 1, 1, 1, 1, 1, 1, 1, 1, 1, 2.308, 2.317, 2.514, 2.499, 
2.312, 2.355, 2.447, 2.387, 2.351, 2.404, 2.567), .Dim = c(11L, 
40L), .Dimnames = list(NULL, c("Sampling", "PSO.cost", "PSO.gamma", 
"PSO.data.balancing", "PSO.feature.selection", "PSO.valid.acc", 
"PSO.test.acc", "PSO.train.time", "PSO.n.support.vectors", "PSO.index", 
"PSO.n.solutions", "PSO.generations", "PSO.n.evaluations", "PSO.cpu.time", 
"RS.cost", "RS.gamma", "RS.data.balancing", "RS.feature.selection", 
"RS.valid.acc", "RS.test.acc", "RS.train.time", "RS.n.support.vectors", 
"RS.index", "RS.n.solutions", "RS.generations", "RS.n.evaluations", 
"RS.cpu.time", "DF.cost", "DF.gamma", "DF.data.balancing", "DF.feature.selection", 
"DF.valid.acc", "DF.test.acc", "DF.train.time", "DF.n.support.vectors", 
"DF.index", "DF.n.solutions", "DF.generations", "DF.n.evaluations", 
"DF.cpu.time")))
