full <-
structure(c(50, 55, 60, 65, 70, 75, 80, 85, 90, 95, 100, 0.88567, 
7.5956, 0.72727, 2.44379, 1.4134, 1.34512, 0.49842, 3.05243, 
0.23497, 11.43822, 14.3945, -2.87645, -10.4125, -2.6844, -4.78811, 
-5.79131, -3.18019, -1.96315, -7.69239, -4.36178, -10.53671, 
-11.05176, 0, 0, 0, 0, 0, 0, 0, 0, 0, 0, 0, 0, 0, 0, 0, 0, 0, 
0, 0, 0, 0, 0, 0.50917, 0.53274, 0.47865, 0.45258, 0.49379, 0.47952, 
0.46578, 0.47258, 0.47833, 0.42916, 0.48846, 0.47917, 0.43929, 
0.44968, 0.35, 0.41561, 0.43071, 0.38621, 0.39439, 0.44682, 0.33434, 
0.37654, 0.0136, 0.0134, 0.0171, 0.016, 0.0157, 0.0185, 0.0178, 
0.0177, 0.0178, 0.0247, 0.0495, 48.8, 51.1, 58.6, 62.8, 66.7, 
71.3, 78.3, 80.1, 86.8, 85.3, 90.8, 2291, 130, 763, 20, 1606, 
75, 508, 210, 972, 1200, 442, 4, 89, 90, 518, 27, 84, 55, 38, 
41, 55, 241, 100, 100, 100, 100, 100, 100, 100, 100, 100, 100, 
100, 2500, 2500, 2500, 2500, 2500, 2500, 2500, 2500, 2500, 2500, 
2500, 8177.653, 8323.636, 8450.805, 8416.252, 8376.91500000001, 
8390.379, 8318.36500000001, 8248.90300000001, 8285.59400000001, 
8366.152, 8875.42700000003, 0.99111, 9.61416, 1.19433, 2.06578, 
1.24945, 1.24692, 0.59068, 0.47587, 0.23132, 6.28181, 5.783, 
-2.91532, -12.43276, -2.81609, -4.78643, -5.55711, -3.09205, 
-1.91416, -5.22576, -4.37275, -7.90393, -7.63478, 0, 0, 0, 0, 
0, 0, 0, 0, 0, 0, 0, 0, 0, 0, 0, 0, 0, 0, 0, 0, 0, 0, 0.48083, 
0.53274, 0.46575, 0.45258, 0.4722, 0.46841, 0.45745, 0.47146, 
0.47833, 0.42714, 0.48179, 0.47917, 0.43929, 0.46397, 0.34821, 
0.41561, 0.42301, 0.38419, 0.40273, 0.44682, 0.33778, 0.44333, 
0.0138, 0.0158, 0.0153, 0.016, 0.0165, 0.0168, 0.0179, 0.0174, 
0.0172, 0.0197, 0.02, 48.8, 51, 58.4, 62.7, 66.8, 71.5, 78.3, 
81.7, 86.8, 87, 92.9, 934, 328, 1806, 124, 92, 1231, 2394, 891, 
986, 1193, 950, 1, 3, 1, 2, 1, 1, 1, 1, 1, 1, 2, 100, 100, 100, 
100, 100, 100, 100, 100, 100, 100, 100, 2500, 2500, 2500, 2500, 
2500, 2500, 2500, 2500, 2500, 2500, 2500, 8150, 8454.992, 8432.955, 
8387.60400000001, 8354.09300000001, 8347.912, 8317.098, 8301.974, 
8349.709, 8354.43299999999, 8372.13099999999, 1, 1, 1, 1, 1, 
1, 1, 1, 1, 1, 1, 0.08333, 0.08333, 0.08333, 0.08333, 0.08333, 
0.08333, 0.08333, 0.08333, 0.08333, 0.08333, 0.08333, 0, 0, 0, 
0, 0, 0, 0, 0, 0, 0, 0, 0, 0, 0, 0, 0, 0, 0, 0, 0, 0, 0, 0.41278, 
0.48571, 0.39611, 0.41329, 0.44113, 0.44417, 0.41308, 0.44, 0.4303, 
0.3951, 0.43141, 0.41278, 0.48512, 0.45361, 0.42401, 0.45061, 
0.43396, 0.39455, 0.44924, 0.43697, 0.32669, 0.42372, 0.014, 
0.0145, 0.0172, 0.0151, 0.0168, 0.0166, 0.0162, 0.0174, 0.0183, 
0.0182, 0.0191, 48.8, 54.2, 58.6, 63.6, 68, 72.4, 77, 82.4, 86.6, 
91.8, 97.3, 1, 1, 1, 1, 1, 1, 1, 1, 1, 1, 1, 1, 1, 1, 1, 1, 1, 
1, 1, 1, 1, 1, 1, 1, 1, 1, 1, 1, 1, 1, 1, 1, 1, 1, 1, 1, 1, 1, 
1, 1, 1, 1, 1, 1, 3.351, 3.362, 3.382, 3.357, 3.323, 3.34, 3.304, 
3.208, 3.336, 3.316, 3.346), .Dim = c(11L, 40L), .Dimnames = list(
    NULL, c("Sampling", "PSO.cost", "PSO.gamma", "PSO.data.balancing", 
    "PSO.feature.selection", "PSO.valid.acc", "PSO.test.acc", 
    "PSO.train.time", "PSO.n.support.vectors", "PSO.index", "PSO.n.solutions", 
    "PSO.generations", "PSO.n.evaluations", "PSO.cpu.time", "RS.cost", 
    "RS.gamma", "RS.data.balancing", "RS.feature.selection", 
    "RS.valid.acc", "RS.test.acc", "RS.train.time", "RS.n.support.vectors", 
    "RS.index", "RS.n.solutions", "RS.generations", "RS.n.evaluations", 
    "RS.cpu.time", "DF.cost", "DF.gamma", "DF.data.balancing", 
    "DF.feature.selection", "DF.valid.acc", "DF.test.acc", "DF.train.time", 
    "DF.n.support.vectors", "DF.index", "DF.n.solutions", "DF.generations", 
    "DF.n.evaluations", "DF.cpu.time")))
