full <-
structure(c(50, 55, 60, 65, 70, 75, 80, 85, 90, 95, 100, 0.07156, 
13.47339, 1.51633, 9.19119, 9.21394, 1.22801, 2.68889, 4.74655, 
9.60177, -0.05597, 9.8801, -4.39704, -12.73493, -1.80351, -4.49223, 
-10.95879, -2.82581, -5.93955, -4.78892, -9.91817, -2.783, -10.61505, 
0, 0, 0, 0, 0, 0, 0, 0, 0, 0, 0, 0, 0, 0, 0, 0, 0, 0, 0, 0, 0, 
0, 0.55778, 0.51417, 0.47738, 0.4631, 0.49802, 0.52437, 0.51163, 
0.47727, 0.4697, 0.45358, 0.44177, 0.53778, 0.39536, 0.42321, 
0.40198, 0.44496, 0.50437, 0.40032, 0.44833, 0.40924, 0.41141, 
0.3763, 0.0139, 0.0159, 0.0152, 0.015, 0.0152, 0.0156, 0.0169, 
0.0172, 0.0193, 0.018, 0.0207, 49, 46, 59.2, 60, 61.2, 72.7, 
75.9, 78.6, 83.3, 92.1, 91.9, 1068, 125, 410, 7, 103, 472, 386, 
623, 260, 1034, 267, 141, 507, 55, 1447, 102, 686, 238, 393, 
216, 74, 132, 100, 100, 100, 100, 100, 100, 100, 100, 100, 100, 
100, 2500, 2500, 2500, 2500, 2500, 2500, 2500, 2500, 2500, 2500, 
2500, 6517.031, 6705.765, 6861.659, 6739.12300000001, 6754.786, 
6705.87999999999, 6732.738, 6763.63900000001, 6853.74900000001, 
6866.08499999999, 6777.99400000001, -0.00241, 7.68241, 1.65179, 
13.842, 9.37979, 1.16121, 3.99248, 4.81517, 7.97293, 1.1355, 
9.41379, -4.19912, -13.26832, -1.79684, -4.75314, -11.07474, 
-2.7249, -6.78948, -4.85718, -9.30847, -2.88714, -10.35006, 0, 
0, 0, 0, 0, 0, 0, 0, 0, 0, 0, 0, 0, 0, 0, 0, 0, 0, 0, 0, 0, 0, 
0.55778, 0.51893, 0.47738, 0.4631, 0.49802, 0.51437, 0.51072, 
0.47727, 0.47152, 0.45142, 0.44177, 0.52349, 0.49393, 0.42321, 
0.38948, 0.43385, 0.50437, 0.42941, 0.44833, 0.41015, 0.41986, 
0.37694, 0.0129, 0.0138, 0.0147, 0.0154, 0.0152, 0.0162, 0.0158, 
0.0179, 0.0179, 0.0181, 0.02, 49, 52.6, 59.2, 59.8, 61.3, 72.8, 
75.4, 78.5, 83.5, 91.7, 91.9, 2467, 107, 1342, 86, 9, 763, 947, 
2226, 637, 1396, 203, 1, 2, 1, 80, 8, 2, 3, 1, 1, 1, 1, 100, 
100, 100, 100, 100, 100, 100, 100, 100, 100, 100, 2500, 2500, 
2500, 2500, 2500, 2500, 2500, 2500, 2500, 2500, 2500, 6520.575, 
6817.488, 6837.334, 6691.95, 6733.80100000001, 6710.656, 6762.61099999999, 
6798.175, 6864.255, 6853.766, 6669.46899999998, 1, 1, 1, 1, 1, 
1, 1, 1, 1, 1, 1, 0.08333, 0.08333, 0.08333, 0.08333, 0.08333, 
0.08333, 0.08333, 0.08333, 0.08333, 0.08333, 0.08333, 0, 0, 0, 
0, 0, 0, 0, 0, 0, 0, 0, 0, 0, 0, 0, 0, 0, 0, 0, 0, 0, 0, 0.54349, 
0.45607, 0.39048, 0.39643, 0.47607, 0.48687, 0.48961, 0.40894, 
0.40106, 0.43449, 0.35768, 0.52349, 0.4269, 0.39226, 0.39782, 
0.49175, 0.49187, 0.43825, 0.44672, 0.38197, 0.38629, 0.37575, 
0.0135, 0.0142, 0.0146, 0.0149, 0.0156, 0.016, 0.0162, 0.0174, 
0.0174, 0.0177, 0.0178, 49.1, 54.2, 58.5, 63.5, 68.4, 73.3, 77.2, 
82.8, 87.7, 91.8, 97.6, 1, 1, 1, 1, 1, 1, 1, 1, 1, 1, 1, 1, 1, 
1, 1, 1, 1, 1, 1, 1, 1, 1, 1, 1, 1, 1, 1, 1, 1, 1, 1, 1, 1, 1, 
1, 1, 1, 1, 1, 1, 1, 1, 1, 1, 2.63, 2.725, 2.679, 2.719, 2.796, 
2.595, 2.593, 2.759, 2.714, 2.671, 2.619), .Dim = c(11L, 40L), .Dimnames = list(
    NULL, c("Sampling", "PSO.cost", "PSO.gamma", "PSO.data.balancing", 
    "PSO.feature.selection", "PSO.valid.acc", "PSO.test.acc", 
    "PSO.train.time", "PSO.n.support.vectors", "PSO.index", "PSO.n.solutions", 
    "PSO.generations", "PSO.n.evaluations", "PSO.cpu.time", "RS.cost", 
    "RS.gamma", "RS.data.balancing", "RS.feature.selection", 
    "RS.valid.acc", "RS.test.acc", "RS.train.time", "RS.n.support.vectors", 
    "RS.index", "RS.n.solutions", "RS.generations", "RS.n.evaluations", 
    "RS.cpu.time", "DF.cost", "DF.gamma", "DF.data.balancing", 
    "DF.feature.selection", "DF.valid.acc", "DF.test.acc", "DF.train.time", 
    "DF.n.support.vectors", "DF.index", "DF.n.solutions", "DF.generations", 
    "DF.n.evaluations", "DF.cpu.time")))
