full <-
structure(c(50, 55, 60, 65, 70, 75, 80, 85, 90, 95, 100, 7.62524, 
-0.22116, 3.93033, 2.89638, 11.97425, 1.55768, 0.78373, 6.76639, 
-0.15421, 0.19782, 2.75241, -7.28973, -4.64585, -5.54642, -4.88746, 
-5.02636, -4.18313, -3.1178, -8.06863, -3.31221, -4.52946, -8.96431, 
0, 0, 0, 0, 0, 0, 0, 0, 0, 0, 0, 0, 0, 0, 0, 0, 0, 0, 0, 0, 0, 
0, 0.47321, 0.47163, 0.48929, 0.49921, 0.51135, 0.44896, 0.46841, 
0.48566, 0.44939, 0.49073, 0.44784, 0.40381, 0.37528, 0.50357, 
0.44504, 0.42333, 0.43174, 0.4248, 0.41914, 0.37394, 0.43998, 
0.3803, 0.0146, 0.0137, 0.0155, 0.0152, 0.0164, 0.0158, 0.0174, 
0.0207, 0.0177, 0.0181, 0.0188, 45.7, 54.1, 57.1, 63.2, 65, 72.2, 
78.1, 77, 87.6, 91, 96.6, 528, 2084, 266, 490, 71, 1026, 739, 
472, 612, 870, 482, 137, 12, 283, 353, 1420, 113, 22, 359, 38, 
33, 42, 100, 100, 100, 100, 100, 100, 100, 100, 100, 100, 100, 
2500, 2500, 2500, 2500, 2500, 2500, 2500, 2500, 2500, 2500, 2500, 
7125.412, 7094.996, 7104.935, 7066.628, 7300.568, 7468.21800000001, 
7511.90800000001, 7611.36300000001, 7630.69899999999, 7669.37099999998, 
7643.24599999998, -0.06831, 4.51688, 3.39383, 2.85525, 3.65611, 
1.23188, 0.72286, 5.20392, 5.27652, 2.84334, 3.74816, -3.97512, 
-6.29941, -5.15956, -5.03866, -5.5343, -3.68679, -3.03039, -6.78082, 
-1.51591, -6.34296, -10.00199, 0, 0, 0, 0, 0, 0, 0, 0, 0, 0, 
0, 0, 0, 0, 0, 0, 0, 0, 0, 0, 0, 0, 0.48238, 0.44262, 0.47679, 
0.4756, 0.51317, 0.43785, 0.45841, 0.48475, 0.44697, 0.48407, 
0.44784, 0.47048, 0.38948, 0.48929, 0.47421, 0.42766, 0.43376, 
0.43591, 0.41838, 0.40136, 0.41513, 0.38939, 0.015, 0.0147, 0.015, 
0.0152, 0.0165, 0.0161, 0.0172, 0.0174, 0.0178, 0.0176, 0.0203, 
48.5, 52.8, 57.7, 63.1, 66.9, 72.5, 78.1, 78.3, 88, 88.6, 96.5, 
1234, 664, 1477, 1210, 832, 630, 1741, 375, 631, 1266, 280, 1, 
1, 1, 1, 1, 2, 1, 2, 2, 1, 2, 100, 100, 100, 100, 100, 100, 100, 
100, 100, 100, 100, 2500, 2500, 2500, 2500, 2500, 2500, 2500, 
2500, 2500, 2500, 2500, 7068.01, 7113.769, 7103.388, 7106.792, 
7319.232, 7518.591, 7565.69499999999, 7638.967, 7642.09, 7667.28900000002, 
7683.16, 1, 1, 1, 1, 1, 1, 1, 1, 1, 1, 1, 0.08333, 0.08333, 0.08333, 
0.08333, 0.08333, 0.08333, 0.08333, 0.08333, 0.08333, 0.08333, 
0.08333, 0, 0, 0, 0, 0, 0, 0, 0, 0, 0, 0, 0, 0, 0, 0, 0, 0, 0, 
0, 0, 0, 0, 0.45321, 0.38456, 0.32202, 0.42869, 0.41921, 0.42987, 
0.39376, 0.44116, 0.42121, 0.47407, 0.38322, 0.46214, 0.40139, 
0.38155, 0.43492, 0.40905, 0.41987, 0.40821, 0.42318, 0.37227, 
0.45509, 0.39347, 0.0132, 0.0143, 0.0151, 0.0152, 0.0157, 0.0163, 
0.019, 0.0165, 0.0178, 0.0192, 0.0192, 48.7, 54.1, 58.7, 63.9, 
68.3, 73.2, 77.6, 82.8, 87.5, 91.4, 97.2, 1, 1, 1, 1, 1, 1, 1, 
1, 1, 1, 1, 1, 1, 1, 1, 1, 1, 1, 1, 1, 1, 1, 1, 1, 1, 1, 1, 1, 
1, 1, 1, 1, 1, 1, 1, 1, 1, 1, 1, 1, 1, 1, 1, 1, 2.792, 2.903, 
2.82, 2.896, 2.906, 3.014, 3.03, 3.044, 3.031, 3.09, 3.049), .Dim = c(11L, 
40L), .Dimnames = list(NULL, c("Sampling", "PSO.cost", "PSO.gamma", 
"PSO.data.balancing", "PSO.feature.selection", "PSO.valid.acc", 
"PSO.test.acc", "PSO.train.time", "PSO.n.support.vectors", "PSO.index", 
"PSO.n.solutions", "PSO.generations", "PSO.n.evaluations", "PSO.cpu.time", 
"RS.cost", "RS.gamma", "RS.data.balancing", "RS.feature.selection", 
"RS.valid.acc", "RS.test.acc", "RS.train.time", "RS.n.support.vectors", 
"RS.index", "RS.n.solutions", "RS.generations", "RS.n.evaluations", 
"RS.cpu.time", "DF.cost", "DF.gamma", "DF.data.balancing", "DF.feature.selection", 
"DF.valid.acc", "DF.test.acc", "DF.train.time", "DF.n.support.vectors", 
"DF.index", "DF.n.solutions", "DF.generations", "DF.n.evaluations", 
"DF.cpu.time")))
