full <-
structure(c(50, 55, 60, 65, 70, 75, 80, 85, 90, 95, 100, 0.81748, 
6.24412, 5.15179, 0.35173, 3.64111, 9.08805, 1.50755, 12.41605, 
3.55069, 0.23035, 11.82308, -2.00744, -6.45147, -6.98982, -3.39992, 
-3.7598, -6.42848, -5.90094, -12.75134, -4.31028, -1.39173, -12.115, 
0, 0, 0, 0, 0, 0, 0, 0, 0, 0, 0, 0, 0, 0, 0, 0, 0, 0, 0, 0, 0, 
0, 0.52373, 0.46016, 0.46806, 0.47163, 0.51825, 0.48043, 0.45931, 
0.45636, 0.43333, 0.42009, 0.45577, 0.49933, 0.43413, 0.39187, 
0.42413, 0.40635, 0.39753, 0.42392, 0.38136, 0.36091, 0.39638, 
0.40542, 0.015, 0.0152, 0.0147, 0.0139, 0.0149, 0.0183, 0.0161, 
0.0208, 0.0207, 0.0187, 0.024, 49.6, 51.3, 55.9, 63.5, 65.6, 
64.2, 77.2, 77, 84.7, 92.7, 91.3, 1700, 841, 1674, 646, 950, 
115, 1169, 446, 2309, 1229, 708, 18, 61, 24, 95, 103, 408, 26, 
383, 1, 7, 116, 100, 100, 100, 100, 100, 100, 100, 100, 100, 
100, 100, 2500, 2500, 2500, 2500, 2500, 2500, 2500, 2500, 2500, 
2500, 2500, 6773.469, 6876.598, 6832.527, 6832.855, 6837.077, 
6829.41900000001, 6826.77799999999, 7142.29000000001, 7162.98300000001, 
7272.00099999999, 7449.413, 3.76032, 5.1057, 1.04699, 1.28813, 
3.69129, 1.15674, 1.22787, 6.80747, 7.36729, 9.02467, -0.08304, 
-4.80215, -5.94598, -2.64772, -3.83667, -3.72061, -3.16989, -2.54542, 
-7.19885, -8.29446, -1.15925, -2.63017, 0, 0, 0, 0, 0, 0, 0, 
0, 0, 0, 0, 0, 0, 0, 0, 0, 0, 0, 0, 0, 0, 0, 0.52194, 0.44766, 
0.4621, 0.47163, 0.50714, 0.48614, 0.46488, 0.46657, 0.42682, 
0.41252, 0.44848, 0.46599, 0.37484, 0.41488, 0.39556, 0.40635, 
0.43614, 0.42563, 0.42136, 0.37364, 0.38804, 0.43258, 0.014, 
0.0144, 0.0139, 0.0147, 0.0161, 0.0158, 0.0179, 0.0182, 0.0191, 
0.0197, 0.0194, 47.2, 51.6, 58.4, 62.6, 66, 72.2, 78.2, 77, 82.4, 
92.8, 97.5, 609, 461, 2104, 1971, 982, 752, 250, 2000, 1917, 
113, 572, 3, 1, 3, 1, 1, 1, 2, 1, 1, 9, 1, 100, 100, 100, 100, 
100, 100, 100, 100, 100, 100, 100, 2500, 2500, 2500, 2500, 2500, 
2500, 2500, 2500, 2500, 2500, 2500, 6702.275, 6834.513, 6740.709, 
6824.756, 6824.649, 6876.13, 6978.382, 6988.03599999999, 7095.85800000001, 
7210.20300000001, 7323.64800000002, 1, 1, 1, 1, 1, 1, 1, 1, 1, 
1, 1, 0.08333, 0.08333, 0.08333, 0.08333, 0.08333, 0.08333, 0.08333, 
0.08333, 0.08333, 0.08333, 0.08333, 0, 0, 0, 0, 0, 0, 0, 0, 0, 
0, 0, 0, 0, 0, 0, 0, 0, 0, 0, 0, 0, 0, 0.37254, 0.30976, 0.40159, 
0.42302, 0.35246, 0.45412, 0.42431, 0.40894, 0.33273, 0.35202, 
0.43182, 0.41659, 0.30881, 0.35794, 0.4273, 0.31317, 0.43301, 
0.41079, 0.40581, 0.38106, 0.34065, 0.42209, 0.0134, 0.0139, 
0.0138, 0.0143, 0.0157, 0.0156, 0.0157, 0.0171, 0.018, 0.0183, 
0.0196, 48.6, 54, 58.8, 63.4, 68.2, 73, 78, 82.6, 86.9, 91.9, 
97.1, 1, 1, 1, 1, 1, 1, 1, 1, 1, 1, 1, 1, 1, 1, 1, 1, 1, 1, 1, 
1, 1, 1, 1, 1, 1, 1, 1, 1, 1, 1, 1, 1, 1, 1, 1, 1, 1, 1, 1, 1, 
1, 1, 1, 1, 2.723, 2.705, 2.559, 2.736, 2.84, 2.694, 2.819, 2.859, 
2.813, 2.846, 2.943), .Dim = c(11L, 40L), .Dimnames = list(NULL, 
    c("Sampling", "PSO.cost", "PSO.gamma", "PSO.data.balancing", 
    "PSO.feature.selection", "PSO.valid.acc", "PSO.test.acc", 
    "PSO.train.time", "PSO.n.support.vectors", "PSO.index", "PSO.n.solutions", 
    "PSO.generations", "PSO.n.evaluations", "PSO.cpu.time", "RS.cost", 
    "RS.gamma", "RS.data.balancing", "RS.feature.selection", 
    "RS.valid.acc", "RS.test.acc", "RS.train.time", "RS.n.support.vectors", 
    "RS.index", "RS.n.solutions", "RS.generations", "RS.n.evaluations", 
    "RS.cpu.time", "DF.cost", "DF.gamma", "DF.data.balancing", 
    "DF.feature.selection", "DF.valid.acc", "DF.test.acc", "DF.train.time", 
    "DF.n.support.vectors", "DF.index", "DF.n.solutions", "DF.generations", 
    "DF.n.evaluations", "DF.cpu.time")))
