full <-
structure(c(50, 55, 60, 65, 70, 75, 80, 85, 90, 95, 100, 0.30622, 
3.4394, 0.1228, 0.02131, 0.33309, -0.16672, 0.29183, 0.70952, 
4.66434, 5.26107, 6.99073, -2.13858, -9.32834, -1.5896, -1.90727, 
-1.4963, -2.0552, -0.86321, -2.24749, -8.99201, -9.19924, -1.36766, 
0, 0, 0, 0, 0, 0, 0, 0, 0, 0, 0, 0, 0, 0, 0, 0, 0, 0, 0, 0, 0, 
0, 0.4731, 0.44369, 0.46607, 0.45635, 0.50505, 0.49139, 0.45551, 
0.47374, 0.44939, 0.4616, 0.46282, 0.43893, 0.35607, 0.46052, 
0.42956, 0.44874, 0.47091, 0.3928, 0.43737, 0.3847, 0.38193, 
0.41538, 0.0132, 0.0132, 0.014, 0.0147, 0.0151, 0.0155, 0.0164, 
0.0159, 0.0168, 0.0164, 0.0184, 49.6, 53.9, 59.2, 64, 68.8, 73.6, 
78.4, 83, 84.4, 88.6, 98.4, 759, 719, 1420, 1576, 637, 1079, 
1184, 1956, 517, 513, 38, 60, 80, 4, 30, 255, 48, 22, 2, 49, 
94, 1183, 100, 100, 100, 100, 100, 100, 100, 100, 100, 100, 100, 
2500, 2500, 2500, 2500, 2500, 2500, 2500, 2500, 2500, 2500, 2500, 
6436.559, 6468.903, 6470.752, 6432.889, 6455.144, 6431.38, 6244.30100000001, 
6225.83, 6412.126, 6430.038, 6564.29699999999, 0.33093, 2.12951, 
0.14676, 0.26055, 10.21745, -0.37004, 1.25274, 0.9727, 4.34225, 
5.76296, 8.82576, -3.41548, -7.99609, -1.69466, -1.67076, -1.45275, 
-2.70401, -6.07738, -2.5153, -8.66118, -9.73015, -1.37088, 0, 
0, 0, 0, 0, 0, 0, 0, 0, 0, 0, 0, 0, 0, 0, 0, 0, 0, 0, 0, 0, 0, 
0.4481, 0.44369, 0.45595, 0.44206, 0.49394, 0.47624, 0.45662, 
0.46667, 0.44939, 0.4616, 0.46282, 0.40702, 0.35607, 0.46052, 
0.41706, 0.43763, 0.46437, 0.38371, 0.43939, 0.3847, 0.38193, 
0.41538, 0.014, 0.0136, 0.0142, 0.0145, 0.0154, 0.0145, 0.0166, 
0.0165, 0.0173, 0.0182, 0.0185, 49.5, 54.2, 59.2, 64, 68.8, 73.5, 
76.3, 82.9, 84.1, 88.6, 98.4, 2496, 173, 369, 771, 188, 1249, 
2171, 628, 1309, 718, 487, 1, 6, 2, 1, 7, 2, 1, 1, 1, 1, 4, 100, 
100, 100, 100, 100, 100, 100, 100, 100, 100, 100, 2500, 2500, 
2500, 2500, 2500, 2500, 2500, 2500, 2500, 2500, 2500, 6476.739, 
6492.379, 6425.748, 6450.677, 6461.747, 6383.276, 6345.27099999999, 
6393.155, 6621.401, 6639.201, 6556.97399999999, 1, 1, 1, 1, 1, 
1, 1, 1, 1, 1, 1, 0.08333, 0.08333, 0.08333, 0.08333, 0.08333, 
0.08333, 0.08333, 0.08333, 0.08333, 0.08333, 0.08333, 0, 0, 0, 
0, 0, 0, 0, 0, 0, 0, 0, 0, 0, 0, 0, 0, 0, 0, 0, 0, 0, 0, 0.39952, 
0.3852, 0.37361, 0.32381, 0.43283, 0.46965, 0.3826, 0.41586, 
0.37303, 0.41981, 0.3891, 0.39512, 0.38341, 0.38849, 0.34782, 
0.40013, 0.42258, 0.4228, 0.42737, 0.39212, 0.41212, 0.39744, 
0.0138, 0.0134, 0.0139, 0.014, 0.0157, 0.0157, 0.0147, 0.0153, 
0.0164, 0.0165, 0.0189, 49.5, 54.4, 59, 64, 68.3, 73.1, 78.2, 
82.3, 87.8, 92.3, 97.3, 1, 1, 1, 1, 1, 1, 1, 1, 1, 1, 1, 1, 1, 
1, 1, 1, 1, 1, 1, 1, 1, 1, 1, 1, 1, 1, 1, 1, 1, 1, 1, 1, 1, 1, 
1, 1, 1, 1, 1, 1, 1, 1, 1, 1, 2.571, 2.587, 2.562, 2.591, 2.622, 
2.545, 2.422, 2.426, 2.6, 2.456, 2.661), .Dim = c(11L, 40L), .Dimnames = list(
    NULL, c("Sampling", "PSO.cost", "PSO.gamma", "PSO.data.balancing", 
    "PSO.feature.selection", "PSO.valid.acc", "PSO.test.acc", 
    "PSO.train.time", "PSO.n.support.vectors", "PSO.index", "PSO.n.solutions", 
    "PSO.generations", "PSO.n.evaluations", "PSO.cpu.time", "RS.cost", 
    "RS.gamma", "RS.data.balancing", "RS.feature.selection", 
    "RS.valid.acc", "RS.test.acc", "RS.train.time", "RS.n.support.vectors", 
    "RS.index", "RS.n.solutions", "RS.generations", "RS.n.evaluations", 
    "RS.cpu.time", "DF.cost", "DF.gamma", "DF.data.balancing", 
    "DF.feature.selection", "DF.valid.acc", "DF.test.acc", "DF.train.time", 
    "DF.n.support.vectors", "DF.index", "DF.n.solutions", "DF.generations", 
    "DF.n.evaluations", "DF.cpu.time")))
