full <-
structure(c(50, 55, 60, 65, 70, 75, 80, 85, 90, 95, 100, 4.12813, 
0.21594, 15, 0.22608, 9.0612, 0.96475, 0.2538, -0.59239, 1.44892, 
0.15709, -0.04984, -1.17733, -1.97189, -7.42708, -4.28503, -10.00517, 
-5.05514, -3.64058, -3.14564, -6.27251, -4.00424, -4.28547, 0, 
0, 0, 0, 0, 0, 0, 0, 0, 0, 0, 0, 0, 0, 0, 0, 0, 0, 0, 0, 0, 0, 
0.44929, 0.45, 0.4627, 0.43948, 0.47214, 0.51282, 0.48803, 0.42535, 
0.45318, 0.48392, 0.47348, 0.37488, 0.45917, 0.36944, 0.39544, 
0.33925, 0.52823, 0.42144, 0.39682, 0.42652, 0.41617, 0.43426, 
0.0136, 0.0142, 0.0168, 0.0158, 0.0165, 0.0161, 0.0169, 0.0164, 
0.0165, 0.017, 0.0187, 49.6, 54.4, 55, 63.6, 64, 72.8, 78, 83.2, 
85.8, 91.1, 97, 49, 1467, 250, 596, 88, 165, 336, 1402, 1553, 
1962, 786, 1180, 19, 1301, 82, 649, 518, 186, 130, 20, 1, 126, 
100, 100, 100, 100, 100, 100, 100, 100, 100, 100, 100, 2500, 
2500, 2500, 2500, 2500, 2500, 2500, 2500, 2500, 2500, 2500, 6681.35, 
6754.47, 6910.069, 6886.844, 6841.17099999999, 6882.296, 6874.93500000001, 
7104.746, 7102.51400000001, 7276.083, 7355.709, 1.76495, 0.49942, 
10.92366, 0.22358, 8.85374, 1.03891, 0.32936, -0.3606, 0.7011, 
-0.22975, 0.20862, -4.50677, -1.79182, -7.44595, -4.15008, -9.88146, 
-5.10188, -3.64853, -3.6369, -4.9772, -3.17852, -4.48792, 0, 
0, 0, 0, 0, 0, 0, 0, 0, 0, 0, 0, 0, 0, 0, 0, 0, 0, 0, 0, 0, 0, 
0.4556, 0.46429, 0.4627, 0.42837, 0.47214, 0.51282, 0.47803, 
0.41626, 0.45268, 0.47714, 0.46514, 0.38238, 0.46095, 0.36944, 
0.39544, 0.35175, 0.52823, 0.43192, 0.40515, 0.40798, 0.4331, 
0.43481, 0.0161, 0.0141, 0.0176, 0.015, 0.017, 0.0156, 0.0166, 
0.0175, 0.0173, 0.018, 0.0187, 49.3, 54.4, 55, 63.6, 64.1, 72.9, 
78.1, 83.1, 86.7, 92.2, 97.1, 518, 1519, 1117, 1271, 35, 1911, 
76, 1629, 1757, 191, 2446, 1, 1, 5, 2, 6, 1, 1, 1, 1, 2, 1, 100, 
100, 100, 100, 100, 100, 100, 100, 100, 100, 100, 2500, 2500, 
2500, 2500, 2500, 2500, 2500, 2500, 2500, 2500, 2500, 6599.094, 
6777.863, 6836.982, 6964.274, 6934.688, 6907.005, 6963.34199999999, 
7193.508, 7155.17499999999, 7214.93000000002, 7360.47700000001, 
1, 1, 1, 1, 1, 1, 1, 1, 1, 1, 1, 0.08333, 0.08333, 0.08333, 0.08333, 
0.08333, 0.08333, 0.08333, 0.08333, 0.08333, 0.08333, 0.08333, 
0, 0, 0, 0, 0, 0, 0, 0, 0, 0, 0, 0, 0, 0, 0, 0, 0, 0, 0, 0, 0, 
0, 0.38464, 0.35464, 0.39345, 0.39048, 0.43536, 0.48012, 0.42374, 
0.40535, 0.41414, 0.47623, 0.44921, 0.41381, 0.34357, 0.33512, 
0.38115, 0.47187, 0.4858, 0.40783, 0.42702, 0.39409, 0.45406, 
0.39878, 0.0141, 0.0141, 0.0141, 0.0147, 0.016, 0.0159, 0.0173, 
0.0174, 0.0171, 0.019, 0.0187, 49.5, 54.3, 59.1, 64, 68.6, 73.5, 
78.4, 83.1, 87.8, 91.7, 97.4, 1, 1, 1, 1, 1, 1, 1, 1, 1, 1, 1, 
1, 1, 1, 1, 1, 1, 1, 1, 1, 1, 1, 1, 1, 1, 1, 1, 1, 1, 1, 1, 1, 
1, 1, 1, 1, 1, 1, 1, 1, 1, 1, 1, 1, 2.766, 2.76, 2.678, 2.733, 
2.742, 2.747, 2.884, 2.902, 2.872, 2.907, 2.881), .Dim = c(11L, 
40L), .Dimnames = list(NULL, c("Sampling", "PSO.cost", "PSO.gamma", 
"PSO.data.balancing", "PSO.feature.selection", "PSO.valid.acc", 
"PSO.test.acc", "PSO.train.time", "PSO.n.support.vectors", "PSO.index", 
"PSO.n.solutions", "PSO.generations", "PSO.n.evaluations", "PSO.cpu.time", 
"RS.cost", "RS.gamma", "RS.data.balancing", "RS.feature.selection", 
"RS.valid.acc", "RS.test.acc", "RS.train.time", "RS.n.support.vectors", 
"RS.index", "RS.n.solutions", "RS.generations", "RS.n.evaluations", 
"RS.cpu.time", "DF.cost", "DF.gamma", "DF.data.balancing", "DF.feature.selection", 
"DF.valid.acc", "DF.test.acc", "DF.train.time", "DF.n.support.vectors", 
"DF.index", "DF.n.solutions", "DF.generations", "DF.n.evaluations", 
"DF.cpu.time")))
