full <-
structure(c(50, 55, 60, 65, 70, 75, 80, 85, 90, 95, 100, 2.54457, 
8.63367, 7.56251, 15, 10.81672, -0.09977, 15, 8.95892, 0.52941, 
4.558, -0.37606, -1.01011, -0.71934, -0.56766, -10.29275, -0.63045, 
-2.94435, 0.20826, -0.7751, -0.93562, -0.54879, -2.63697, 0, 
0, 0, 0, 0, 0, 0, 0, 0, 0, 0, 0, 0, 0, 0, 0, 0, 0, 0, 0, 0, 0, 
0.51063, 0.52464, 0.49187, 0.45726, 0.47028, 0.49027, 0.44152, 
0.42722, 0.47585, 0.45021, 0.4495, 0.47952, 0.51036, 0.49187, 
0.36492, 0.45778, 0.41331, 0.42811, 0.40737, 0.45149, 0.43343, 
0.39128, 0.0142, 0.0153, 0.0151, 0.0282, 0.016, 0.0159, 0.0173, 
0.0171, 0.0197, 0.0194, 0.0199, 49.6, 54.4, 59.2, 57, 68.8, 73, 
78.4, 83.2, 88, 92.8, 97.8, 55, 45, 33, 176, 90, 1647, 42, 102, 
2056, 357, 1134, 1396, 1578, 1301, 431, 1141, 85, 997, 773, 14, 
52, 44, 100, 100, 100, 100, 100, 100, 100, 100, 100, 100, 100, 
2500, 2500, 2500, 2500, 2500, 2500, 2500, 2500, 2500, 2500, 2500, 
6723.751, 6806.023, 6708.992, 6564.792, 6674.586, 6680.079, 6474.35799999999, 
6483.37300000001, 6502.946, 6660.462, 6847.147, 0.67472, 1.68179, 
3.04374, 0.41492, 1.16839, -0.08741, 14.17832, 3.26619, 0.18789, 
1.08371, -0.32443, -3.19946, -0.70591, -6.99109, -1.55484, -0.71966, 
-3.40951, 0.18032, -1.69224, -1.60243, -6.57391, -2.73618, 0, 
0, 0, 0, 0, 0, 0, 0, 0, 0, 0, 0, 0, 0, 0, 0, 0, 0, 0, 0, 0, 0, 
0.54159, 0.52464, 0.50575, 0.46004, 0.47028, 0.48166, 0.44152, 
0.43409, 0.46688, 0.44483, 0.4495, 0.50492, 0.51036, 0.45933, 
0.43643, 0.43099, 0.40422, 0.42811, 0.35828, 0.47521, 0.39983, 
0.39128, 0.0138, 0.0147, 0.0148, 0.0157, 0.0158, 0.0158, 0.0164, 
0.0169, 0.0167, 0.0185, 0.0191, 49.3, 54.4, 56.8, 64, 68.8, 73.1, 
78.4, 83.2, 88, 90.1, 97.7, 126, 172, 1131, 1716, 143, 1280, 
247, 1627, 692, 873, 559, 2, 46, 1, 1, 18, 1, 38, 1, 1, 1, 1, 
100, 100, 100, 100, 100, 100, 100, 100, 100, 100, 100, 2500, 
2500, 2500, 2500, 2500, 2500, 2500, 2500, 2500, 2500, 2500, 6760.084, 
6670.598, 6376.712, 6544.933, 6689.958, 6702.34899999999, 6485.92199999999, 
6607.84699999999, 6533.04800000001, 6689.80900000001, 7102.70200000002, 
1, 1, 1, 1, 1, 1, 1, 1, 1, 1, 1, 0.08333, 0.08333, 0.08333, 0.08333, 
0.08333, 0.08333, 0.08333, 0.08333, 0.08333, 0.08333, 0.08333, 
0, 0, 0, 0, 0, 0, 0, 0, 0, 0, 0, 0, 0, 0, 0, 0, 0, 0, 0, 0, 0, 
0, 0.4627, 0.47524, 0.4379, 0.38853, 0.3781, 0.44487, 0.40174, 
0.3796, 0.42245, 0.4124, 0.39723, 0.46702, 0.47524, 0.46746, 
0.42532, 0.40167, 0.3897, 0.41333, 0.39424, 0.41858, 0.40789, 
0.41779, 0.0133, 0.0145, 0.0138, 0.0147, 0.0154, 0.0163, 0.0159, 
0.0158, 0.0174, 0.0185, 0.0184, 49.1, 53.5, 58.5, 63, 67.8, 73.2, 
77, 82.2, 86.6, 91.5, 97.1, 1, 1, 1, 1, 1, 1, 1, 1, 1, 1, 1, 
1, 1, 1, 1, 1, 1, 1, 1, 1, 1, 1, 1, 1, 1, 1, 1, 1, 1, 1, 1, 1, 
1, 1, 1, 1, 1, 1, 1, 1, 1, 1, 1, 1, 2.702, 2.785, 2.516, 2.669, 
2.629, 2.684, 2.497, 2.484, 2.651, 2.681, 2.632), .Dim = c(11L, 
40L), .Dimnames = list(NULL, c("Sampling", "PSO.cost", "PSO.gamma", 
"PSO.data.balancing", "PSO.feature.selection", "PSO.valid.acc", 
"PSO.test.acc", "PSO.train.time", "PSO.n.support.vectors", "PSO.index", 
"PSO.n.solutions", "PSO.generations", "PSO.n.evaluations", "PSO.cpu.time", 
"RS.cost", "RS.gamma", "RS.data.balancing", "RS.feature.selection", 
"RS.valid.acc", "RS.test.acc", "RS.train.time", "RS.n.support.vectors", 
"RS.index", "RS.n.solutions", "RS.generations", "RS.n.evaluations", 
"RS.cpu.time", "DF.cost", "DF.gamma", "DF.data.balancing", "DF.feature.selection", 
"DF.valid.acc", "DF.test.acc", "DF.train.time", "DF.n.support.vectors", 
"DF.index", "DF.n.solutions", "DF.generations", "DF.n.evaluations", 
"DF.cpu.time")))
