full <-
structure(c(50, 55, 60, 65, 70, 75, 80, 85, 90, 95, 100, 3.61914, 
8.0638, 12.62386, 9.08371, 3.48474, 2.98256, 4.78996, 0.50638, 
3.91509, -0.48571, 9.00079, -7.63998, -1.31111, -14.5056, -0.47228, 
-1.07957, -1.61125, -9.37722, -1.55729, -6.13152, -3.10257, -15, 
0, 0, 0, 0, 0, 0, 0, 0, 0, 0, 0, 0, 0, 0, 0, 0, 0, 0, 0, 0, 0, 
0, 0.4644, 0.4381, 0.46905, 0.44516, 0.48952, 0.4675, 0.47121, 
0.4574, 0.44788, 0.45967, 0.44333, 0.43226, 0.42381, 0.38909, 
0.40405, 0.46952, 0.45861, 0.43212, 0.46455, 0.36773, 0.43316, 
0.41962, 0.0127, 0.0148, 0.0165, 0.0161, 0.0159, 0.0159, 0.0163, 
0.0183, 0.0179, 0.0183, 0.0188, 48.8, 54.4, 55.3, 64, 68.8, 73.6, 
76.5, 83.2, 84.2, 92, 95.7, 646, 85, 248, 25, 354, 69, 1215, 
1139, 1289, 2101, 1138, 183, 747, 260, 1240, 123, 157, 11, 54, 
50, 7, 41, 100, 100, 100, 100, 100, 100, 100, 100, 100, 100, 
100, 2500, 2500, 2500, 2500, 2500, 2500, 2500, 2500, 2500, 2500, 
2500, 6917.659, 7274.612, 7254.196, 7136.792, 7046.39000000001, 
7208.06300000001, 7297.84199999999, 7211.41800000001, 7204.12699999999, 
7310.738, 7294.019, 3.65073, -0.38284, 11.35757, 0.56773, 9.20356, 
7.8703, 6.4419, 11.2647, 3.71891, -0.02275, 0.60434, -7.60004, 
-1.59896, -13.0899, -0.58015, -1.08353, -1.634, -10.0573, -1.51626, 
-5.91766, -2.91176, -6.28586, 0, 0, 0, 0, 0, 0, 0, 0, 0, 0, 0, 
0, 0, 0, 0, 0, 0, 0, 0, 0, 0, 0, 0.4644, 0.45238, 0.46905, 0.44516, 
0.48952, 0.4675, 0.46232, 0.44831, 0.43879, 0.45058, 0.435, 0.4031, 
0.42381, 0.3623, 0.40405, 0.46952, 0.45861, 0.40212, 0.45455, 
0.37682, 0.42331, 0.41962, 0.0145, 0.0152, 0.0157, 0.0151, 0.0172, 
0.0155, 0.0173, 0.0181, 0.0179, 0.0186, 0.0186, 48.7, 54.4, 55.3, 
64, 68.8, 73.6, 76.1, 83.2, 84, 92.1, 96.3, 185, 1390, 132, 1, 
877, 627, 68, 111, 451, 1450, 699, 8, 1, 10, 64, 3, 3, 19, 5, 
1, 2, 4, 100, 100, 100, 100, 100, 100, 100, 100, 100, 100, 100, 
2500, 2500, 2500, 2500, 2500, 2500, 2500, 2500, 2500, 2500, 2500, 
7108.995, 7285.295, 7243.766, 7006.009, 7101.218, 7210.81299999999, 
7282.81299999999, 7335.19100000001, 7209.28700000001, 7285.465, 
7225.49800000002, 1, 1, 1, 1, 1, 1, 1, 1, 1, 1, 1, 0.08333, 0.08333, 
0.08333, 0.08333, 0.08333, 0.08333, 0.08333, 0.08333, 0.08333, 
0.08333, 0.08333, 0, 0, 0, 0, 0, 0, 0, 0, 0, 0, 0, 0, 0, 0, 0, 
0, 0, 0, 0, 0, 0, 0, 0.3781, 0.39286, 0.41032, 0.3546, 0.42091, 
0.39056, 0.42303, 0.3877, 0.40242, 0.40664, 0.36154, 0.41405, 
0.38095, 0.38909, 0.36683, 0.40048, 0.40028, 0.39172, 0.40664, 
0.41152, 0.40664, 0.39128, 0.0134, 0.0155, 0.0158, 0.0157, 0.0149, 
0.0167, 0.0163, 0.0162, 0.0178, 0.0189, 0.0199, 49.5, 54.2, 58.7, 
63.5, 67.2, 71.5, 77.3, 82.4, 86.7, 91.6, 97.3, 1, 1, 1, 1, 1, 
1, 1, 1, 1, 1, 1, 1, 1, 1, 1, 1, 1, 1, 1, 1, 1, 1, 1, 1, 1, 1, 
1, 1, 1, 1, 1, 1, 1, 1, 1, 1, 1, 1, 1, 1, 1, 1, 1, 1, 2.839, 
2.921, 2.933, 2.876, 2.824, 2.947, 2.865, 2.734, 2.918, 2.98, 
3), .Dim = c(11L, 40L), .Dimnames = list(NULL, c("Sampling", 
"PSO.cost", "PSO.gamma", "PSO.data.balancing", "PSO.feature.selection", 
"PSO.valid.acc", "PSO.test.acc", "PSO.train.time", "PSO.n.support.vectors", 
"PSO.index", "PSO.n.solutions", "PSO.generations", "PSO.n.evaluations", 
"PSO.cpu.time", "RS.cost", "RS.gamma", "RS.data.balancing", "RS.feature.selection", 
"RS.valid.acc", "RS.test.acc", "RS.train.time", "RS.n.support.vectors", 
"RS.index", "RS.n.solutions", "RS.generations", "RS.n.evaluations", 
"RS.cpu.time", "DF.cost", "DF.gamma", "DF.data.balancing", "DF.feature.selection", 
"DF.valid.acc", "DF.test.acc", "DF.train.time", "DF.n.support.vectors", 
"DF.index", "DF.n.solutions", "DF.generations", "DF.n.evaluations", 
"DF.cpu.time")))
