full <-
structure(c(50, 55, 60, 65, 70, 75, 80, 85, 90, 95, 100, 11.13995, 
-0.01961, 12.03999, 0.15958, -0.08123, 4.20673, 9.00729, 6.31988, 
-0.12305, 3.67061, 0.52477, -1.17968, -1.0856, -1.15705, -2.6731, 
-2.50704, -1.35279, -10.32537, -8.14332, -3.0503, -7.68031, -1.27287, 
0, 0, 0, 0, 0, 0, 0, 0, 0, 0, 0, 0, 0, 0, 0, 0, 0, 0, 0, 0, 0, 
0, 0.51667, 0.48083, 0.47619, 0.48222, 0.54655, 0.52657, 0.51359, 
0.49015, 0.48184, 0.43461, 0.45851, 0.50417, 0.415, 0.4494, 0.47972, 
0.47683, 0.47184, 0.45505, 0.44023, 0.43824, 0.39159, 0.43339, 
0.0147, 0.0148, 0.0144, 0.0151, 0.0164, 0.0175, 0.019, 0.0182, 
0.0184, 0.0185, 0.019, 49.6, 54.4, 59.2, 63.9, 68.6, 73.6, 72.1, 
77.6, 87.4, 89.3, 98.4, 174, 2016, 90, 753, 551, 156, 707, 1338, 
1110, 1299, 1598, 1206, 3, 1177, 105, 722, 1089, 164, 53, 233, 
22, 19, 100, 100, 100, 100, 100, 100, 100, 100, 100, 100, 100, 
2500, 2500, 2500, 2500, 2500, 2500, 2500, 2500, 2500, 2500, 2500, 
8011.835, 8094.821, 8382.311, 8432.13600000001, 8401.40000000001, 
8428.682, 8430.353, 8348.145, 8294.125, 8346.073, 8327.655, 12.86269, 
-0.16788, 8.19571, 0.24273, -0.00622, 6.68919, 9.20852, 7.5855, 
-0.16176, -0.7084, 4.98156, -1.1832, -1.52234, -1.22958, -2.60046, 
-2.54004, -1.43324, -10.44853, -8.72716, -3.10231, -3.94695, 
-1.27848, 0, 0, 0, 0, 0, 0, 0, 0, 0, 0, 0, 0, 0, 0, 0, 0, 0, 
0, 0, 0, 0, 0, 0.51667, 0.48083, 0.47619, 0.48222, 0.53226, 0.52657, 
0.51359, 0.47689, 0.48184, 0.43446, 0.45711, 0.50417, 0.45167, 
0.4494, 0.47972, 0.48544, 0.47184, 0.45505, 0.43205, 0.43824, 
0.36976, 0.42366, 0.0145, 0.0137, 0.014, 0.0153, 0.0178, 0.0168, 
0.0192, 0.0179, 0.0177, 0.0187, 0.0196, 49.6, 54.4, 59.2, 63.9, 
68.6, 73.6, 72.2, 77.2, 87.4, 92, 98.4, 85, 1673, 13, 2479, 1476, 
35, 532, 1779, 821, 1374, 41, 19, 2, 13, 1, 1, 23, 1, 1, 1, 1, 
6, 100, 100, 100, 100, 100, 100, 100, 100, 100, 100, 100, 2500, 
2500, 2500, 2500, 2500, 2500, 2500, 2500, 2500, 2500, 2500, 8027.619, 
8188.009, 8480.293, 8433.66, 8409.572, 8378.22, 8372.61600000001, 
8313.07599999999, 8316.87300000002, 8377.76500000001, 8368.13299999997, 
1, 1, 1, 1, 1, 1, 1, 1, 1, 1, 1, 0.08333, 0.08333, 0.08333, 0.08333, 
0.08333, 0.08333, 0.08333, 0.08333, 0.08333, 0.08333, 0.08333, 
0, 0, 0, 0, 0, 0, 0, 0, 0, 0, 0, 0, 0, 0, 0, 0, 0, 0, 0, 0, 0, 
0, 0.4375, 0.41183, 0.40476, 0.44611, 0.49321, 0.46997, 0.46899, 
0.45939, 0.44763, 0.41489, 0.38805, 0.47083, 0.45266, 0.43155, 
0.44333, 0.51294, 0.47247, 0.49303, 0.45439, 0.42055, 0.41452, 
0.39779, 0.013, 0.015, 0.0151, 0.0152, 0.016, 0.0162, 0.0168, 
0.0179, 0.0186, 0.0185, 0.0184, 49.4, 54.3, 58.5, 63.6, 68.4, 
72.8, 78, 82.8, 87.5, 91.4, 97.1, 1, 1, 1, 1, 1, 1, 1, 1, 1, 
1, 1, 1, 1, 1, 1, 1, 1, 1, 1, 1, 1, 1, 1, 1, 1, 1, 1, 1, 1, 1, 
1, 1, 1, 1, 1, 1, 1, 1, 1, 1, 1, 1, 1, 1, 2.908, 3.346, 3.357, 
3.319, 3.333, 3.323, 3.322, 3.314, 3.252, 3.288, 3.302), .Dim = c(11L, 
40L), .Dimnames = list(NULL, c("Sampling", "PSO.cost", "PSO.gamma", 
"PSO.data.balancing", "PSO.feature.selection", "PSO.valid.acc", 
"PSO.test.acc", "PSO.train.time", "PSO.n.support.vectors", "PSO.index", 
"PSO.n.solutions", "PSO.generations", "PSO.n.evaluations", "PSO.cpu.time", 
"RS.cost", "RS.gamma", "RS.data.balancing", "RS.feature.selection", 
"RS.valid.acc", "RS.test.acc", "RS.train.time", "RS.n.support.vectors", 
"RS.index", "RS.n.solutions", "RS.generations", "RS.n.evaluations", 
"RS.cpu.time", "DF.cost", "DF.gamma", "DF.data.balancing", "DF.feature.selection", 
"DF.valid.acc", "DF.test.acc", "DF.train.time", "DF.n.support.vectors", 
"DF.index", "DF.n.solutions", "DF.generations", "DF.n.evaluations", 
"DF.cpu.time")))
