full <-
structure(c(50, 55, 60, 65, 70, 75, 80, 85, 90, 95, 100, 11.35474, 
3.13163, 14.38373, 1.24453, 10.55524, 0.18975, 7.15282, 1, 0.72514, 
0.93297, 0.0058, -1.92845, -0.13489, 0.00464, -1.96067, -0.05456, 
-1.75698, -1.6252, 0.08333, -1.53222, -2.34359, -4.73537, 0, 
0, 0, 0, 0, 0, 0, 0, 0, 0, 0, 0, 0, 0, 0, 0, 0, 0, 0, 0, 0, 0, 
0.44048, 0.50655, 0.47897, 0.48504, 0.44369, 0.47333, 0.47778, 
0.47278, 0.45627, 0.47348, 0.45717, 0.45476, 0.50655, 0.47897, 
0.45825, 0.44119, 0.46361, 0.43778, 0.42535, 0.45552, 0.46515, 
0.37197, 0.0149, 0.0148, 0.0172, 0.0173, 0.0184, 0.0181, 0.0188, 
0.0189, 0.0197, 0.019, 0.0202, 49.6, 54.4, 59.2, 64, 68.8, 73.6, 
78.4, 82.1, 88, 92.3, 96.5, 195, 53, 11, 353, 20, 832, 109, 1, 
981, 787, 1368, 190, 1419, 1366, 268, 1074, 29, 1117, 1, 27, 
309, 36, 100, 100, 100, 100, 100, 100, 100, 100, 100, 100, 100, 
2500, 2500, 2500, 2500, 2500, 2500, 2500, 2500, 2500, 2500, 2500, 
7888.552, 8517.993, 8470.014, 8781.267, 8921.952, 8929.981, 8950.60400000001, 
8820.86300000001, 8354.70800000001, 8144.47900000002, 8345.29200000002, 
0.0936, 6.94213, 13.81284, 4.59082, 13.09186, 0.27817, 4.74167, 
0.10022, 0.89048, 0.82497, 0.05045, -1.60476, -0.01819, 0.20763, 
-1.86886, -9.20006, -1.69427, -1.62773, -3.16048, -1.76738, -2.27174, 
-4.7796, 0, 0, 0, 0, 0, 0, 0, 0, 0, 0, 0, 0, 0, 0, 0, 0, 0, 0, 
0, 0, 0, 0, 0.44048, 0.50655, 0.47897, 0.47254, 0.44698, 0.46222, 
0.47778, 0.46444, 0.45552, 0.45682, 0.44808, 0.43476, 0.50655, 
0.46786, 0.44575, 0.37694, 0.45111, 0.43778, 0.41717, 0.43671, 
0.45682, 0.37197, 0.014, 0.0151, 0.0165, 0.0176, 0.0305, 0.0182, 
0.0188, 0.0189, 0.0196, 0.0186, 0.0192, 49.6, 54.4, 59.2, 64, 
65, 73.6, 78.4, 82.1, 88, 92.4, 96.5, 248, 4, 5, 30, 657, 1627, 
548, 992, 2497, 194, 1583, 8, 54, 51, 40, 3, 1, 8, 1, 1, 1, 1, 
100, 100, 100, 100, 100, 100, 100, 100, 100, 100, 100, 2500, 
2500, 2500, 2500, 2500, 2500, 2500, 2500, 2500, 2500, 2500, 8453.393, 
8502.019, 8751.558, 8903.717, 8931.686, 8961.068, 8815.37699999999, 
8865.29699999999, 8264.63800000001, 8295.80299999999, 8317.228, 
1, 1, 1, 1, 1, 1, 1, 1, 1, 1, 1, 0.08333, 0.08333, 0.08333, 0.08333, 
0.08333, 0.08333, 0.08333, 0.08333, 0.08333, 0.08333, 0.08333, 
0, 0, 0, 0, 0, 0, 0, 0, 0, 0, 0, 0, 0, 0, 0, 0, 0, 0, 0, 0, 0, 
0, 0.33, 0.37917, 0.41052, 0.38563, 0.42187, 0.3775, 0.42889, 
0.47278, 0.39394, 0.42273, 0.40897, 0.37619, 0.3631, 0.39802, 
0.38742, 0.44258, 0.37861, 0.39667, 0.42535, 0.39531, 0.4303, 
0.4067, 0.0157, 0.015, 0.0167, 0.0168, 0.0172, 0.0178, 0.0185, 
0.0186, 0.0179, 0.0196, 0.0202, 49.6, 54.4, 59.2, 63.8, 68.6, 
73.6, 78, 82.1, 86.5, 91.6, 96.7, 1, 1, 1, 1, 1, 1, 1, 1, 1, 
1, 1, 1, 1, 1, 1, 1, 1, 1, 1, 1, 1, 1, 1, 1, 1, 1, 1, 1, 1, 1, 
1, 1, 1, 1, 1, 1, 1, 1, 1, 1, 1, 1, 1, 1, 3.532, 3.4, 3.555, 
3.56, 3.58, 3.562, 3.517, 3.496, 3.303, 3.434, 3.425), .Dim = c(11L, 
40L), .Dimnames = list(NULL, c("Sampling", "PSO.cost", "PSO.gamma", 
"PSO.data.balancing", "PSO.feature.selection", "PSO.valid.acc", 
"PSO.test.acc", "PSO.train.time", "PSO.n.support.vectors", "PSO.index", 
"PSO.n.solutions", "PSO.generations", "PSO.n.evaluations", "PSO.cpu.time", 
"RS.cost", "RS.gamma", "RS.data.balancing", "RS.feature.selection", 
"RS.valid.acc", "RS.test.acc", "RS.train.time", "RS.n.support.vectors", 
"RS.index", "RS.n.solutions", "RS.generations", "RS.n.evaluations", 
"RS.cpu.time", "DF.cost", "DF.gamma", "DF.data.balancing", "DF.feature.selection", 
"DF.valid.acc", "DF.test.acc", "DF.train.time", "DF.n.support.vectors", 
"DF.index", "DF.n.solutions", "DF.generations", "DF.n.evaluations", 
"DF.cpu.time")))
