full <-
structure(c(50, 55, 60, 65, 70, 75, 80, 85, 90, 95, 100, 5.21818, 
6.78801, 0.99934, 0.09035, 1.76955, 5.01869, 6.33645, 0.14177, 
1.03234, -0.1653, -0.08122, -5.71541, -1.16318, -5.3332, -2.68547, 
-3.0247, -7.94567, -8.82293, -1.52053, -1.85182, -2.40269, -2.6202, 
0, 0, 0, 0, 0, 0, 0, 0, 0, 0, 0, 0, 0, 0, 0, 0, 0, 0, 0, 0, 0, 
0, 0.5106, 0.475, 0.5169, 0.475, 0.49976, 0.47768, 0.47485, 0.47091, 
0.46985, 0.48585, 0.44638, 0.44143, 0.45417, 0.47623, 0.44167, 
0.43964, 0.35636, 0.4002, 0.44455, 0.42172, 0.45767, 0.43988, 
0.0131, 0.0143, 0.0144, 0.0135, 0.0147, 0.0144, 0.0153, 0.0168, 
0.0176, 0.0176, 0.0183, 47.4, 54.4, 58.5, 63.1, 67.9, 71.7, 74.9, 
83, 88, 92, 97.2, 499, 485, 860, 146, 116, 114, 1540, 1001, 660, 
1465, 466, 89, 580, 56, 778, 618, 106, 12, 79, 322, 28, 150, 
100, 100, 100, 100, 100, 100, 100, 100, 100, 100, 100, 2500, 
2500, 2500, 2500, 2500, 2500, 2500, 2500, 2500, 2500, 2500, 6169.317, 
6207.583, 6223.626, 6017.709, 6397.152, 6408.36700000001, 6478.23299999999, 
6586.569, 6552.35400000001, 6519.038, 6567.808, 4.23651, 14.31355, 
0.38055, 11.25453, 1.76481, 0.98454, 7.39258, 0.15067, 1.07127, 
-0.28103, 14.90405, -5.0265, -1.13266, -4.33685, -9.15409, -3.07867, 
-3.90203, -8.73404, -1.92545, -1.87039, -3.38707, -13.36133, 
0, 0, 0, 0, 0, 0, 0, 0, 0, 0, 0, 0, 0, 0, 0, 0, 0, 0, 0, 0, 0, 
0, 0.49631, 0.475, 0.51024, 0.4754, 0.49976, 0.48018, 0.47172, 
0.46091, 0.46152, 0.47918, 0.43997, 0.41857, 0.45417, 0.47147, 
0.38373, 0.43964, 0.43295, 0.40222, 0.46182, 0.42172, 0.42407, 
0.40597, 0.0132, 0.0139, 0.0125, 0.0178, 0.0143, 0.0145, 0.0166, 
0.0163, 0.0173, 0.0167, 0.0386, 48.7, 54.4, 58.6, 57.1, 67.8, 
72.7, 73.9, 82.8, 88, 92.3, 90.2, 1186, 246, 1346, 1010, 422, 
207, 1844, 1869, 2150, 612, 242, 1, 17, 1, 1, 1, 2, 1, 1, 1, 
1, 1, 100, 100, 100, 100, 100, 100, 100, 100, 100, 100, 100, 
2500, 2500, 2500, 2500, 2500, 2500, 2500, 2500, 2500, 2500, 2500, 
6186.846, 6242.5, 6121.319, 6332.298, 6420.519, 6432.269, 6568.639, 
6610.85399999999, 6521.549, 6540.291, 6586.22500000001, 1, 1, 
1, 1, 1, 1, 1, 1, 1, 1, 1, 0.08333, 0.08333, 0.08333, 0.08333, 
0.08333, 0.08333, 0.08333, 0.08333, 0.08333, 0.08333, 0.08333, 
0, 0, 0, 0, 0, 0, 0, 0, 0, 0, 0, 0, 0, 0, 0, 0, 0, 0, 0, 0, 0, 
0, 0.45369, 0.39881, 0.46401, 0.43889, 0.42298, 0.44545, 0.40626, 
0.40364, 0.38429, 0.44267, 0.39883, 0.4194, 0.4256, 0.42861, 
0.48095, 0.42437, 0.43907, 0.44556, 0.41545, 0.40157, 0.43176, 
0.40783, 0.0119, 0.0124, 0.0131, 0.0143, 0.0142, 0.0151, 0.0158, 
0.0165, 0.0163, 0.0167, 0.0173, 49.6, 54.2, 58.7, 63, 68.6, 73.2, 
77.4, 82.5, 86.6, 92.1, 96.7, 1, 1, 1, 1, 1, 1, 1, 1, 1, 1, 1, 
1, 1, 1, 1, 1, 1, 1, 1, 1, 1, 1, 1, 1, 1, 1, 1, 1, 1, 1, 1, 1, 
1, 1, 1, 1, 1, 1, 1, 1, 1, 1, 1, 1, 2.368, 2.349, 2.373, 2.549, 
2.544, 2.557, 2.626, 2.649, 2.601, 2.6, 2.591), .Dim = c(11L, 
40L), .Dimnames = list(NULL, c("Sampling", "PSO.cost", "PSO.gamma", 
"PSO.data.balancing", "PSO.feature.selection", "PSO.valid.acc", 
"PSO.test.acc", "PSO.train.time", "PSO.n.support.vectors", "PSO.index", 
"PSO.n.solutions", "PSO.generations", "PSO.n.evaluations", "PSO.cpu.time", 
"RS.cost", "RS.gamma", "RS.data.balancing", "RS.feature.selection", 
"RS.valid.acc", "RS.test.acc", "RS.train.time", "RS.n.support.vectors", 
"RS.index", "RS.n.solutions", "RS.generations", "RS.n.evaluations", 
"RS.cpu.time", "DF.cost", "DF.gamma", "DF.data.balancing", "DF.feature.selection", 
"DF.valid.acc", "DF.test.acc", "DF.train.time", "DF.n.support.vectors", 
"DF.index", "DF.n.solutions", "DF.generations", "DF.n.evaluations", 
"DF.cpu.time")))
