full <-
structure(c(50, 55, 60, 65, 70, 75, 80, 85, 90, 95, 100, 6.0576, 
-0.04668, 1.9867, 1.07783, 6.63948, -0.48542, 0.82575, 1.79778, 
-0.83107, 1.17661, 10.04448, -8.13823, -3.25954, -4.93514, -3.72413, 
-9.43164, -4.55818, -3.11545, -3.74536, -4.16395, -2.32831, -9.77568, 
0, 0, 0, 0, 0, 0, 0, 0, 0, 0, 0, 0, 0, 0, 0, 0, 0, 0, 0, 0, 0, 
0, 0.50988, 0.5506, 0.54702, 0.52996, 0.5099, 0.48476, 0.47172, 
0.515, 0.46993, 0.49286, 0.47191, 0.43036, 0.46131, 0.43909, 
0.46032, 0.39069, 0.43365, 0.41444, 0.4148, 0.44037, 0.45865, 
0.45256, 0.0156, 0.015, 0.0149, 0.016, 0.0172, 0.0175, 0.0167, 
0.0176, 0.0187, 0.0184, 0.0235, 47, 54.3, 57.6, 63, 65.2, 73.4, 
77.8, 82.5, 87.2, 92.1, 91.8, 518, 475, 351, 453, 1021, 578, 
1185, 804, 555, 1276, 280, 346, 522, 231, 778, 26, 306, 94, 134, 
64, 51, 118, 100, 100, 100, 100, 100, 100, 100, 100, 100, 100, 
100, 2500, 2500, 2500, 2500, 2500, 2500, 2500, 2500, 2500, 2500, 
2500, 8401.344, 8331.836, 8359.88499999999, 8350.797, 8362.659, 
8321.465, 8336.167, 8285.969, 8407.80499999999, 8427.06200000001, 
8638.53899999999, -1.13449, 0.30392, 1.54052, 1.21783, 3.6626, 
-0.7417, 0.89259, 1.28174, -0.68875, 1.00729, 9.54499, -3.45237, 
-2.76877, -4.67912, -3.54457, -6.58492, -5.46378, -3.22637, -3.27061, 
-4.47069, -2.20712, -9.65961, 0, 0, 0, 0, 0, 0, 0, 0, 0, 0, 0, 
0, 0, 0, 0, 0, 0, 0, 0, 0, 0, 0, 0.5156, 0.5381, 0.53274, 0.51746, 
0.50851, 0.47159, 0.46061, 0.49848, 0.45993, 0.47607, 0.47191, 
0.42893, 0.45298, 0.44226, 0.44671, 0.39701, 0.42798, 0.42556, 
0.42758, 0.44037, 0.46376, 0.45321, 0.0149, 0.0153, 0.0155, 0.0155, 
0.0164, 0.0163, 0.018, 0.0179, 0.0168, 0.0207, 0.0228, 49.6, 
54.3, 58, 62.9, 66.1, 73.3, 77.5, 82.6, 86.7, 92.4, 91.7, 129, 
91, 1258, 42, 934, 394, 897, 1419, 529, 826, 1391, 2, 2, 1, 3, 
1, 5, 1, 1, 1, 1, 1, 100, 100, 100, 100, 100, 100, 100, 100, 
100, 100, 100, 2500, 2500, 2500, 2500, 2500, 2500, 2500, 2500, 
2500, 2500, 2500, 8308.412, 8342.272, 8340.392, 8382.24400000001, 
8345.258, 8342.66899999999, 8291.501, 8356.89, 8429.60500000001, 
8415.348, 8351.927, 1, 1, 1, 1, 1, 1, 1, 1, 1, 1, 1, 0.08333, 
0.08333, 0.08333, 0.08333, 0.08333, 0.08333, 0.08333, 0.08333, 
0.08333, 0.08333, 0.08333, 0, 0, 0, 0, 0, 0, 0, 0, 0, 0, 0, 0, 
0, 0, 0, 0, 0, 0, 0, 0, 0, 0, 0.37881, 0.53393, 0.48829, 0.47849, 
0.45649, 0.40508, 0.3598, 0.45884, 0.43481, 0.4302, 0.40361, 
0.41464, 0.43214, 0.49147, 0.46778, 0.39879, 0.40937, 0.39313, 
0.43793, 0.3835, 0.42186, 0.42156, 0.0151, 0.0151, 0.0152, 0.0171, 
0.016, 0.0158, 0.0168, 0.0176, 0.019, 0.0201, 0.0189, 49.6, 54.1, 
59, 63.4, 68.3, 73.3, 77.9, 82.4, 87.5, 92, 97.6, 1, 1, 1, 1, 
1, 1, 1, 1, 1, 1, 1, 1, 1, 1, 1, 1, 1, 1, 1, 1, 1, 1, 1, 1, 1, 
1, 1, 1, 1, 1, 1, 1, 1, 1, 1, 1, 1, 1, 1, 1, 1, 1, 1, 1, 3.233, 
3.33, 3.303, 3.34, 3.293, 3.303, 3.316, 3.315, 3.37, 3.327, 3.312
), .Dim = c(11L, 40L), .Dimnames = list(NULL, c("Sampling", "PSO.cost", 
"PSO.gamma", "PSO.data.balancing", "PSO.feature.selection", "PSO.valid.acc", 
"PSO.test.acc", "PSO.train.time", "PSO.n.support.vectors", "PSO.index", 
"PSO.n.solutions", "PSO.generations", "PSO.n.evaluations", "PSO.cpu.time", 
"RS.cost", "RS.gamma", "RS.data.balancing", "RS.feature.selection", 
"RS.valid.acc", "RS.test.acc", "RS.train.time", "RS.n.support.vectors", 
"RS.index", "RS.n.solutions", "RS.generations", "RS.n.evaluations", 
"RS.cpu.time", "DF.cost", "DF.gamma", "DF.data.balancing", "DF.feature.selection", 
"DF.valid.acc", "DF.test.acc", "DF.train.time", "DF.n.support.vectors", 
"DF.index", "DF.n.solutions", "DF.generations", "DF.n.evaluations", 
"DF.cpu.time")))
