full <-
structure(c(50, 55, 60, 65, 70, 75, 80, 85, 90, 95, 100, 1.07026, 
4.48401, 6.83559, 0.40619, 0.86345, -0.38751, 10.75488, 15, -0.12422, 
7.35083, 8.07554, -6.94571, -8.8627, -3.82775, -3.82145, -1.89908, 
-2.72945, 0.23964, -0.97461, -2.71413, -9.93132, -13.04616, 0, 
0, 0, 0, 0, 0, 0, 0, 0, 0, 0, 0, 0, 0, 0, 0, 0, 0, 0, 0, 0, 0, 
0.41643, 0.43607, 0.42917, 0.44504, 0.45802, 0.455, 0.43523, 
0.44515, 0.48848, 0.44828, 0.44606, 0.37643, 0.4475, 0.30119, 
0.42897, 0.42262, 0.40306, 0.43523, 0.42217, 0.42439, 0.41494, 
0.40106, 0.0163, 0.0147, 0.0161, 0.0178, 0.0169, 0.0176, 0.0174, 
0.0187, 0.0181, 0.0182, 0.0197, 49.3, 53.7, 58.6, 64, 68.8, 73, 
78.4, 83.2, 87.5, 87.7, 94.8, 475, 355, 515, 1257, 926, 1507, 
13, 63, 967, 524, 395, 19, 88, 425, 212, 43, 18, 1309, 1111, 
57, 66, 92, 100, 100, 100, 100, 100, 100, 100, 100, 100, 100, 
100, 2500, 2500, 2500, 2500, 2500, 2500, 2500, 2500, 2500, 2500, 
2500, 8212.235, 8333.895, 8468.556, 8416.23, 8432.719, 8370.711, 
8412.08900000001, 8414.47499999999, 8409.64200000002, 8474.66199999998, 
8346.91199999998, 4.11884, 3.37155, 11.032, 0.4143, 0.80725, 
-0.23542, 6.30278, 12.64286, -0.24002, 6.78704, 4.41225, -10.24866, 
-7.71778, -3.82605, -4.23247, -1.8602, -2.03193, 0.24637, -1.0014, 
-3.21854, -8.93558, -9.40881, 0, 0, 0, 0, 0, 0, 0, 0, 0, 0, 0, 
0, 0, 0, 0, 0, 0, 0, 0, 0, 0, 0, 0.41643, 0.43607, 0.41488, 0.43075, 
0.45802, 0.445, 0.43523, 0.44515, 0.48591, 0.44828, 0.45375, 
0.3431, 0.46179, 0.30119, 0.43075, 0.43262, 0.40306, 0.43523, 
0.42217, 0.42348, 0.43085, 0.40106, 0.0142, 0.0145, 0.0144, 0.0155, 
0.0168, 0.0174, 0.0189, 0.0178, 0.0181, 0.0191, 0.0191, 49, 53.7, 
58.6, 64, 68.8, 73.6, 78.4, 83.2, 87.7, 87.9, 95, 2063, 1210, 
309, 2416, 2159, 1238, 83, 14, 1906, 887, 6, 1, 2, 13, 1, 1, 
1, 45, 11, 1, 1, 1, 100, 100, 100, 100, 100, 100, 100, 100, 100, 
100, 100, 2500, 2500, 2500, 2500, 2500, 2500, 2500, 2500, 2500, 
2500, 2500, 8196.962, 8452.767, 8426.818, 8404.35000000001, 8406.99200000001, 
8433.493, 8415.442, 8431.82299999999, 8414.459, 8400.41800000001, 
8360.92000000001, 1, 1, 1, 1, 1, 1, 1, 1, 1, 1, 1, 0.08333, 0.08333, 
0.08333, 0.08333, 0.08333, 0.08333, 0.08333, 0.08333, 0.08333, 
0.08333, 0.08333, 0, 0, 0, 0, 0, 0, 0, 0, 0, 0, 0, 0, 0, 0, 0, 
0, 0, 0, 0, 0, 0, 0, 0.33036, 0.38762, 0.33869, 0.38968, 0.39468, 
0.35944, 0.38641, 0.39288, 0.46758, 0.40252, 0.37665, 0.3556, 
0.37833, 0.30952, 0.42579, 0.40786, 0.38444, 0.41753, 0.39975, 
0.44091, 0.38703, 0.4302, 0.014, 0.014, 0.0153, 0.0163, 0.0162, 
0.0155, 0.0166, 0.0161, 0.0179, 0.0178, 0.0198, 49.5, 54.4, 59.2, 
64, 67.8, 73.1, 77.6, 82.5, 87.5, 91.4, 97.2, 1, 1, 1, 1, 1, 
1, 1, 1, 1, 1, 1, 1, 1, 1, 1, 1, 1, 1, 1, 1, 1, 1, 1, 1, 1, 1, 
1, 1, 1, 1, 1, 1, 1, 1, 1, 1, 1, 1, 1, 1, 1, 1, 1, 1, 3.235, 
3.384, 3.344, 3.338, 3.344, 3.36, 3.335, 3.318, 3.335, 3.361, 
3.328), .Dim = c(11L, 40L), .Dimnames = list(NULL, c("Sampling", 
"PSO.cost", "PSO.gamma", "PSO.data.balancing", "PSO.feature.selection", 
"PSO.valid.acc", "PSO.test.acc", "PSO.train.time", "PSO.n.support.vectors", 
"PSO.index", "PSO.n.solutions", "PSO.generations", "PSO.n.evaluations", 
"PSO.cpu.time", "RS.cost", "RS.gamma", "RS.data.balancing", "RS.feature.selection", 
"RS.valid.acc", "RS.test.acc", "RS.train.time", "RS.n.support.vectors", 
"RS.index", "RS.n.solutions", "RS.generations", "RS.n.evaluations", 
"RS.cpu.time", "DF.cost", "DF.gamma", "DF.data.balancing", "DF.feature.selection", 
"DF.valid.acc", "DF.test.acc", "DF.train.time", "DF.n.support.vectors", 
"DF.index", "DF.n.solutions", "DF.generations", "DF.n.evaluations", 
"DF.cpu.time")))
