full <-
structure(c(50, 55, 60, 65, 70, 75, 80, 85, 90, 95, 100, 3.05889, 
12.25009, 0.68863, 0.65275, 0.13542, 3.22323, 11.53224, 12.45376, 
11.45859, 10.79028, 7.20592, -6.60356, -11.04728, -1.28529, -1.78457, 
-1.68479, -1.46175, -4.61712, -6.71501, -12.63004, -1.11506, 
-1.36807, 0, 0, 0, 0, 0, 0, 0, 0, 0, 0, 0, 0, 0, 0, 0, 0, 0, 
0, 0, 0, 0, 0, 0.5, 0.5198, 0.51825, 0.50119, 0.49303, 0.47028, 
0.47192, 0.4703, 0.43848, 0.44021, 0.43149, 0.40821, 0.3269, 
0.49048, 0.48869, 0.48212, 0.44917, 0.33694, 0.35955, 0.30773, 
0.40536, 0.39868, 0.0143, 0.0184, 0.0155, 0.0172, 0.0165, 0.0168, 
0.0185, 0.0243, 0.0215, 0.0201, 0.0195, 48.2, 50.4, 59.2, 64, 
68.8, 73.6, 75.3, 76.5, 83, 92.8, 98.4, 1897, 327, 524, 1345, 
2094, 275, 27, 197, 2319, 273, 162, 2, 188, 362, 254, 15, 595, 
1007, 1054, 3, 324, 139, 100, 100, 100, 100, 100, 100, 100, 100, 
100, 100, 100, 2500, 2500, 2500, 2500, 2500, 2500, 2500, 2500, 
2500, 2500, 2500, 8416.621, 8355.619, 8440.098, 8422.783, 8372.037, 
8337.283, 8428.09, 8502.179, 8431.71899999998, 8304.70299999998, 
8405.50399999999, 2.61999, 11.86101, 0.56899, 0.9502, 1.95246, 
8.85625, 12.77175, 14.94481, 1.22928, 7.5411, 6.45709, -4.07759, 
-10.89734, -1.30858, -1.82855, -3.46575, -1.46271, -4.63299, 
-6.66542, -3.33355, -0.98104, -1.31612, 0, 0, 0, 0, 0, 0, 0, 
0, 0, 0, 0, 0, 0, 0, 0, 0, 0, 0, 0, 0, 0, 0, 0.49345, 0.5198, 
0.51825, 0.4998, 0.4958, 0.47028, 0.47192, 0.4703, 0.42364, 0.44021, 
0.43149, 0.39726, 0.3469, 0.49048, 0.46369, 0.45494, 0.44917, 
0.33694, 0.35955, 0.38773, 0.40536, 0.39868, 0.0143, 0.0178, 
0.0155, 0.0169, 0.0155, 0.0174, 0.0185, 0.0213, 0.0184, 0.0197, 
0.0213, 48.4, 50.4, 59.2, 64, 67.9, 73.6, 75.3, 76.6, 86.9, 92.8, 
98.4, 420, 2471, 874, 275, 1302, 1671, 93, 194, 1658, 473, 168, 
2, 1, 1, 1, 1, 1, 9, 21, 1, 5, 6, 100, 100, 100, 100, 100, 100, 
100, 100, 100, 100, 100, 2500, 2500, 2500, 2500, 2500, 2500, 
2500, 2500, 2500, 2500, 2500, 8332.808, 8420.494, 8434.76100000001, 
8393.23999999999, 8337.96799999999, 8402.864, 8426.371, 8424.587, 
8343.70700000002, 8337.33100000001, 8322.68599999999, 1, 1, 1, 
1, 1, 1, 1, 1, 1, 1, 1, 0.08333, 0.08333, 0.08333, 0.08333, 0.08333, 
0.08333, 0.08333, 0.08333, 0.08333, 0.08333, 0.08333, 0, 0, 0, 
0, 0, 0, 0, 0, 0, 0, 0, 0, 0, 0, 0, 0, 0, 0, 0, 0, 0, 0, 0.38893, 
0.47647, 0.45437, 0.42063, 0.42782, 0.36944, 0.38985, 0.40662, 
0.40364, 0.37331, 0.38253, 0.41905, 0.43202, 0.45536, 0.41746, 
0.44672, 0.39056, 0.37965, 0.41995, 0.37015, 0.38252, 0.36295, 
0.0151, 0.0152, 0.0152, 0.0158, 0.0157, 0.0183, 0.0175, 0.0176, 
0.018, 0.0187, 0.018, 49.4, 54.2, 58.9, 63.3, 68.3, 73.1, 77.9, 
82.4, 87.3, 91.9, 96.9, 1, 1, 1, 1, 1, 1, 1, 1, 1, 1, 1, 1, 1, 
1, 1, 1, 1, 1, 1, 1, 1, 1, 1, 1, 1, 1, 1, 1, 1, 1, 1, 1, 1, 1, 
1, 1, 1, 1, 1, 1, 1, 1, 1, 1, 3.372, 3.354, 3.378, 3.328, 3.339, 
3.355, 3.329, 3.356, 3.305, 3.312, 3.314), .Dim = c(11L, 40L), .Dimnames = list(
    NULL, c("Sampling", "PSO.cost", "PSO.gamma", "PSO.data.balancing", 
    "PSO.feature.selection", "PSO.valid.acc", "PSO.test.acc", 
    "PSO.train.time", "PSO.n.support.vectors", "PSO.index", "PSO.n.solutions", 
    "PSO.generations", "PSO.n.evaluations", "PSO.cpu.time", "RS.cost", 
    "RS.gamma", "RS.data.balancing", "RS.feature.selection", 
    "RS.valid.acc", "RS.test.acc", "RS.train.time", "RS.n.support.vectors", 
    "RS.index", "RS.n.solutions", "RS.generations", "RS.n.evaluations", 
    "RS.cpu.time", "DF.cost", "DF.gamma", "DF.data.balancing", 
    "DF.feature.selection", "DF.valid.acc", "DF.test.acc", "DF.train.time", 
    "DF.n.support.vectors", "DF.index", "DF.n.solutions", "DF.generations", 
    "DF.n.evaluations", "DF.cpu.time")))
