full <-
structure(c(50, 55, 60, 65, 70, 75, 80, 85, 90, 95, 100, 15, 
8.16646, 0.42277, 13.83121, 12.18208, 8.01689, 4.92502, 5.01116, 
0.95557, 0.72496, 7.9055, -11.52692, 1.8344, -6.04578, -0.72643, 
-0.07572, -9.6808, -0.72711, -7.87998, -1.63946, -1.05593, -0.05075, 
0, 0, 0, 0, 0, 0, 0, 0, 0, 0, 0, 0, 0, 0, 0, 0, 0, 0, 0, 0, 0, 
0, 0.41286, 0.42155, 0.4244, 0.4246, 0.4319, 0.4899, 0.43657, 
0.44859, 0.47364, 0.48328, 0.43205, 0.26524, 0.42155, 0.41012, 
0.42738, 0.4319, 0.41386, 0.42023, 0.37861, 0.42045, 0.45676, 
0.43205, 0.0233, 0.0155, 0.0159, 0.0164, 0.0172, 0.0165, 0.018, 
0.0176, 0.0196, 0.0184, 0.0202, 45.6, 54.4, 57.5, 64, 68.8, 69.5, 
78.4, 78.9, 88, 92.8, 98.4, 2472, 3, 306, 713, 11, 900, 9, 241, 
463, 1626, 37, 1, 1794, 65, 24, 1043, 39, 1266, 377, 164, 46, 
999, 100, 100, 100, 100, 100, 100, 100, 100, 100, 100, 100, 2500, 
2500, 2500, 2500, 2500, 2500, 2500, 2500, 2500, 2500, 2500, 8399.863, 
8406.369, 8458.633, 8413.058, 8426.69, 8421.74799999999, 8399.15800000001, 
8395.124, 8402.364, 8428.84700000001, 8308.09700000001, 14.08277, 
0.99031, 3.23565, 11.85073, 7.2777, 6.46919, 10.009, 5.51344, 
0.17944, 1.0901, 4.45713, -10.53322, -13.83219, -9.12213, -0.72655, 
-0.09513, -8.48617, -9.63873, -8.34971, -1.57312, -5.157, -0.04158, 
0, 0, 0, 0, 0, 0, 0, 0, 0, 0, 0, 0, 0, 0, 0, 0, 0, 0, 0, 0, 0, 
0, 0.42143, 0.42155, 0.4119, 0.4246, 0.4319, 0.4874, 0.44745, 
0.44859, 0.47273, 0.48464, 0.43205, 0.21762, 0.42155, 0.41012, 
0.42738, 0.4319, 0.39303, 0.42364, 0.38881, 0.42879, 0.43979, 
0.43205, 0.023, 0.0155, 0.0159, 0.0158, 0.0153, 0.0169, 0.0206, 
0.0186, 0.0177, 0.0184, 0.0205, 46, 53.4, 57.9, 64, 68.8, 69.9, 
72.9, 78.8, 87.8, 90.3, 98.4, 2415, 2, 1132, 716, 91, 590, 853, 
23, 196, 205, 65, 1, 948, 3, 1, 15, 1, 5, 4, 1, 2, 7, 100, 100, 
100, 100, 100, 100, 100, 100, 100, 100, 100, 2500, 2500, 2500, 
2500, 2500, 2500, 2500, 2500, 2500, 2500, 2500, 8321.255, 8434.286, 
8435.073, 8391.888, 8409.53, 8391.417, 8425.923, 8394.996, 8431.33199999999, 
8393.19899999999, 8391.45799999998, 1, 1, 1, 1, 1, 1, 1, 1, 1, 
1, 1, 0.08333, 0.08333, 0.08333, 0.08333, 0.08333, 0.08333, 0.08333, 
0.08333, 0.08333, 0.08333, 0.08333, 0, 0, 0, 0, 0, 0, 0, 0, 0, 
0, 0, 0, 0, 0, 0, 0, 0, 0, 0, 0, 0, 0, 0.33143, 0.37377, 0.32738, 
0.33948, 0.3629, 0.42609, 0.40955, 0.3902, 0.42939, 0.45043, 
0.37372, 0.32571, 0.37377, 0.31131, 0.36171, 0.38147, 0.46331, 
0.40864, 0.39588, 0.41045, 0.42376, 0.38141, 0.0144, 0.0149, 
0.0155, 0.0148, 0.0161, 0.017, 0.0185, 0.0181, 0.0184, 0.0188, 
0.0193, 49.5, 54.3, 58.8, 63.4, 68.5, 73.1, 77.5, 82.5, 86.8, 
92, 97.2, 1, 1, 1, 1, 1, 1, 1, 1, 1, 1, 1, 1, 1, 1, 1, 1, 1, 
1, 1, 1, 1, 1, 1, 1, 1, 1, 1, 1, 1, 1, 1, 1, 1, 1, 1, 1, 1, 1, 
1, 1, 1, 1, 1, 1, 3.317, 3.374, 3.349, 3.35, 3.335, 3.34, 3.367, 
3.348, 3.329, 3.382, 3.289), .Dim = c(11L, 40L), .Dimnames = list(
    NULL, c("Sampling", "PSO.cost", "PSO.gamma", "PSO.data.balancing", 
    "PSO.feature.selection", "PSO.valid.acc", "PSO.test.acc", 
    "PSO.train.time", "PSO.n.support.vectors", "PSO.index", "PSO.n.solutions", 
    "PSO.generations", "PSO.n.evaluations", "PSO.cpu.time", "RS.cost", 
    "RS.gamma", "RS.data.balancing", "RS.feature.selection", 
    "RS.valid.acc", "RS.test.acc", "RS.train.time", "RS.n.support.vectors", 
    "RS.index", "RS.n.solutions", "RS.generations", "RS.n.evaluations", 
    "RS.cpu.time", "DF.cost", "DF.gamma", "DF.data.balancing", 
    "DF.feature.selection", "DF.valid.acc", "DF.test.acc", "DF.train.time", 
    "DF.n.support.vectors", "DF.index", "DF.n.solutions", "DF.generations", 
    "DF.n.evaluations", "DF.cpu.time")))
