full <-
structure(c(50, 55, 60, 65, 70, 75, 80, 85, 90, 95, 100, 8.07329, 
3.53857, 0.25127, 15, 8.54712, 1.84299, 0.12957, 2.691, 0.80669, 
0.99473, 5.17537, -1.6543, -4.92024, -2.68591, -14.09448, -9.34677, 
-3.4931, -1.32177, -0.12549, -1.42733, -2.70506, -1.4687, 0, 
0, 0, 0, 0, 0, 0, 0, 0, 0, 0, 0, 0, 0, 0, 0, 0, 0, 0, 0, 0, 0, 
0.53905, 0.53821, 0.50278, 0.53234, 0.50381, 0.515, 0.44354, 
0.43253, 0.46879, 0.49182, 0.43543, 0.49048, 0.43464, 0.46071, 
0.4369, 0.39853, 0.48917, 0.40902, 0.43253, 0.44122, 0.45374, 
0.40198, 0.0138, 0.0142, 0.0154, 0.019, 0.0179, 0.0156, 0.0158, 
0.0187, 0.0194, 0.0186, 0.0191, 49.6, 52.4, 58.9, 56.3, 64.1, 
72.8, 78.4, 83.2, 88, 92.4, 98.4, 193, 733, 1499, 897, 147, 164, 
979, 2, 691, 1234, 3, 434, 137, 27, 78, 292, 524, 40, 1648, 211, 
34, 1162, 100, 100, 100, 100, 100, 100, 100, 100, 100, 100, 100, 
2500, 2500, 2500, 2500, 2500, 2500, 2500, 2500, 2500, 2500, 2500, 
7321.684, 7344.759, 7383.638, 7461.276, 7303.242, 6932.076, 6839.558, 
7086.41099999999, 7019.79699999999, 7167.04299999999, 7161.24400000001, 
0.87977, 2.86728, -0.55821, 0.16136, 8.40601, 1.86372, -0.24815, 
14.13642, 14.81896, 1.50561, 11.56919, -2.2909, -4.61981, -3.07849, 
-3.1224, -9.28008, -3.43042, -2.48406, -0.06918, -1.48047, -2.51559, 
-1.42521, 0, 0, 0, 0, 0, 0, 0, 0, 0, 0, 0, 0, 0, 0, 0, 0, 0, 
0, 0, 0, 0, 0, 0.55238, 0.5156, 0.49226, 0.53591, 0.50381, 0.515, 
0.45088, 0.43253, 0.45879, 0.47488, 0.43543, 0.41857, 0.42214, 
0.44881, 0.5127, 0.39853, 0.49028, 0.40131, 0.43253, 0.44955, 
0.46746, 0.39365, 0.0146, 0.0148, 0.0151, 0.0159, 0.0171, 0.0158, 
0.0157, 0.0185, 0.0171, 0.0185, 0.0191, 49.5, 53.1, 58.9, 63.6, 
64.3, 72.8, 78, 83.2, 88, 92.4, 98.4, 63, 270, 1117, 1856, 329, 
1533, 1656, 101, 451, 1893, 416, 1, 1, 1, 1, 1, 1, 1, 35, 16, 
1, 16, 100, 100, 100, 100, 100, 100, 100, 100, 100, 100, 100, 
2500, 2500, 2500, 2500, 2500, 2500, 2500, 2500, 2500, 2500, 2500, 
7316.154, 7365.026, 7405.97399999999, 7418.891, 7200.20599999999, 
6963.94399999999, 6990.79399999999, 7087.132, 7042.947, 7136.06200000001, 
7134.66, 1, 1, 1, 1, 1, 1, 1, 1, 1, 1, 1, 0.08333, 0.08333, 0.08333, 
0.08333, 0.08333, 0.08333, 0.08333, 0.08333, 0.08333, 0.08333, 
0.08333, 0, 0, 0, 0, 0, 0, 0, 0, 0, 0, 0, 0, 0, 0, 0, 0, 0, 0, 
0, 0, 0, 0, 0.4819, 0.46952, 0.4631, 0.51409, 0.46798, 0.46917, 
0.42131, 0.3499, 0.41839, 0.42571, 0.36084, 0.45619, 0.47036, 
0.44643, 0.52659, 0.50091, 0.46056, 0.38222, 0.37899, 0.4435, 
0.43707, 0.40262, 0.0147, 0.0137, 0.0154, 0.0158, 0.0159, 0.0148, 
0.0177, 0.0161, 0.0168, 0.0171, 0.0195, 49.1, 53.9, 58.5, 63.5, 
68.5, 72.9, 77.6, 82.7, 87.4, 92.1, 97.6, 1, 1, 1, 1, 1, 1, 1, 
1, 1, 1, 1, 1, 1, 1, 1, 1, 1, 1, 1, 1, 1, 1, 1, 1, 1, 1, 1, 1, 
1, 1, 1, 1, 1, 1, 1, 1, 1, 1, 1, 1, 1, 1, 1, 1, 2.906, 2.922, 
2.945, 2.971, 2.858, 2.636, 2.943, 2.697, 2.73, 2.745, 2.954), .Dim = c(11L, 
40L), .Dimnames = list(NULL, c("Sampling", "PSO.cost", "PSO.gamma", 
"PSO.data.balancing", "PSO.feature.selection", "PSO.valid.acc", 
"PSO.test.acc", "PSO.train.time", "PSO.n.support.vectors", "PSO.index", 
"PSO.n.solutions", "PSO.generations", "PSO.n.evaluations", "PSO.cpu.time", 
"RS.cost", "RS.gamma", "RS.data.balancing", "RS.feature.selection", 
"RS.valid.acc", "RS.test.acc", "RS.train.time", "RS.n.support.vectors", 
"RS.index", "RS.n.solutions", "RS.generations", "RS.n.evaluations", 
"RS.cpu.time", "DF.cost", "DF.gamma", "DF.data.balancing", "DF.feature.selection", 
"DF.valid.acc", "DF.test.acc", "DF.train.time", "DF.n.support.vectors", 
"DF.index", "DF.n.solutions", "DF.generations", "DF.n.evaluations", 
"DF.cpu.time")))
