full <-
structure(c(50, 55, 60, 65, 70, 75, 80, 85, 90, 95, 100, 1.94784, 
8.73055, -1.81308, 8.0404, -0.24206, 1.17485, -0.6567, 0.1085, 
10.72285, -0.07577, 10.07669, -4.62805, -15, -4.18741, -10.97661, 
-3.52268, -5.45706, -2.52317, -3.3169, -6.62176, -1.91877, 0.16333, 
0, 0, 0, 0, 0, 0, 0, 0, 0, 0, 0, 0, 0, 0, 0, 0, 0, 0, 0, 0, 0, 
0, 0.41762, 0.41774, 0.38274, 0.43369, 0.45687, 0.43859, 0.43227, 
0.43333, 0.43091, 0.46865, 0.44367, 0.30667, 0.39774, 0.38274, 
0.35405, 0.39853, 0.40268, 0.40866, 0.41444, 0.31136, 0.40664, 
0.42598, 0.0136, 0.0138, 0.0151, 0.0156, 0.0157, 0.017, 0.0182, 
0.0189, 0.0256, 0.0199, 0.0215, 49.1, 53.4, 58.4, 62.3, 68.5, 
72.8, 78.3, 82.6, 79, 92.7, 98.4, 1080, 276, 3, 60, 2293, 707, 
339, 169, 90, 2205, 36, 41, 101, 1751, 377, 1, 379, 118, 136, 
199, 2, 1031, 100, 100, 100, 100, 100, 100, 100, 100, 100, 100, 
100, 2500, 2500, 2500, 2500, 2500, 2500, 2500, 2500, 2500, 2500, 
2500, 6248.751, 8425.878, 8393.868, 8408.16, 8858.984, 8872.98, 
8900.53600000001, 9077.80899999999, 9172.103, 9144.85199999998, 
9174.29300000001, 3.92209, 3.75458, 11.69346, 9.61771, 0.00935, 
1.26274, -1.0337, 0.1984, 14.96801, -0.12633, 9.24111, -5.06255, 
-10.0532, -9.81575, -12.59485, -3.45159, -5.51412, -3.62633, 
-3.38025, -6.69884, -2.14882, -8.56847, 0, 0, 0, 0, 0, 0, 0, 
0, 0, 0, 0, 0, 0, 0, 0, 0, 0, 0, 0, 0, 0, 0, 0.40333, 0.41774, 
0.39048, 0.43369, 0.45575, 0.42747, 0.42005, 0.42333, 0.43091, 
0.45122, 0.45, 0.31762, 0.39774, 0.37758, 0.35405, 0.42103, 0.41268, 
0.40664, 0.42444, 0.30227, 0.39971, 0.36731, 0.0151, 0.0138, 
0.0192, 0.0149, 0.0161, 0.017, 0.0179, 0.0191, 0.0257, 0.0196, 
0.0253, 48.4, 53.5, 56, 62.4, 68.6, 72.8, 78.1, 82.5, 79, 92.7, 
91.9, 1727, 752, 1305, 42, 2133, 1285, 34, 158, 558, 1063, 2057, 
1, 3, 2, 23, 1, 1, 2, 3, 9, 1, 1, 100, 100, 100, 100, 100, 100, 
100, 100, 100, 100, 100, 2500, 2500, 2500, 2500, 2500, 2500, 
2500, 2500, 2500, 2500, 2500, 7738.14, 8191.865, 8342.54700000001, 
8625.198, 8885.24500000001, 8933.02499999999, 8936.959, 9111.59199999999, 
9141.35999999999, 9164.03600000002, 9223.52600000001, 1, 1, 1, 
1, 1, 1, 1, 1, 1, 1, 1, 0.08333, 0.08333, 0.08333, 0.08333, 0.08333, 
0.08333, 0.08333, 0.08333, 0.08333, 0.08333, 0.08333, 0, 0, 0, 
0, 0, 0, 0, 0, 0, 0, 0, 0, 0, 0, 0, 0, 0, 0, 0, 0, 0, 0, 0.32095, 
0.28905, 0.32956, 0.33444, 0.45575, 0.35351, 0.32263, 0.41333, 
0.37455, 0.38153, 0.41145, 0.28667, 0.32595, 0.31528, 0.33833, 
0.42103, 0.38518, 0.37457, 0.43354, 0.40455, 0.39062, 0.38606, 
0.0133, 0.0141, 0.0157, 0.0158, 0.0162, 0.0174, 0.0176, 0.0176, 
0.0196, 0.0204, 0.0201, 49.6, 53.9, 58.4, 63.9, 68.5, 73.1, 78, 
82.7, 87.8, 92, 96.9, 1, 1, 1, 1, 1, 1, 1, 1, 1, 1, 1, 1, 1, 
1, 1, 1, 1, 1, 1, 1, 1, 1, 1, 1, 1, 1, 1, 1, 1, 1, 1, 1, 1, 1, 
1, 1, 1, 1, 1, 1, 1, 1, 1, 1, 3.188, 3.226, 3.499, 3.492, 3.55, 
3.548, 3.609, 3.598, 3.628, 3.692, 3.664), .Dim = c(11L, 40L), .Dimnames = list(
    NULL, c("Sampling", "PSO.cost", "PSO.gamma", "PSO.data.balancing", 
    "PSO.feature.selection", "PSO.valid.acc", "PSO.test.acc", 
    "PSO.train.time", "PSO.n.support.vectors", "PSO.index", "PSO.n.solutions", 
    "PSO.generations", "PSO.n.evaluations", "PSO.cpu.time", "RS.cost", 
    "RS.gamma", "RS.data.balancing", "RS.feature.selection", 
    "RS.valid.acc", "RS.test.acc", "RS.train.time", "RS.n.support.vectors", 
    "RS.index", "RS.n.solutions", "RS.generations", "RS.n.evaluations", 
    "RS.cpu.time", "DF.cost", "DF.gamma", "DF.data.balancing", 
    "DF.feature.selection", "DF.valid.acc", "DF.test.acc", "DF.train.time", 
    "DF.n.support.vectors", "DF.index", "DF.n.solutions", "DF.generations", 
    "DF.n.evaluations", "DF.cpu.time")))
