full <-
structure(c(50, 55, 60, 65, 70, 75, 80, 85, 90, 95, 100, -0.05187, 
0.04062, 1.16528, 5.70779, 1.24792, 0.69748, 3.04845, 4.01225, 
0.46631, -0.38705, 0.77665, -3.87957, -4.46277, -2.54134, 0.07584, 
-3.35589, -6.7435, -9.84657, -10.08764, -1.39095, -2.90276, -1.84984, 
0, 0, 0, 0, 0, 0, 0, 0, 0, 0, 0, 0, 0, 0, 0, 0, 0, 0, 0, 0, 0, 
0, 0.45714, 0.43571, 0.45476, 0.43881, 0.50278, 0.47369, 0.45061, 
0.45769, 0.46873, 0.45079, 0.4721, 0.42952, 0.38893, 0.40655, 
0.43881, 0.47639, 0.44237, 0.43152, 0.45769, 0.40984, 0.39889, 
0.41752, 0.013, 0.0132, 0.0175, 0.0153, 0.0159, 0.0176, 0.017, 
0.0164, 0.0211, 0.018, 0.0211, 49.4, 53.3, 58.8, 64, 67.8, 70.9, 
75, 80.3, 87.9, 91.9, 98.2, 129, 646, 986, 24, 1399, 268, 140, 
452, 2112, 1065, 1216, 314, 109, 118, 1108, 152, 101, 81, 26, 
11, 40, 286, 100, 100, 100, 100, 100, 100, 100, 100, 100, 100, 
100, 2500, 2500, 2500, 2500, 2500, 2500, 2500, 2500, 2500, 2500, 
2500, 6877.057, 7087.783, 7126.381, 7136.94, 7236.183, 7411.501, 
7522.82500000001, 7591.806, 7652.897, 7655.00699999998, 7668.427, 
-0.25184, 0.07023, 1.10041, 0.93816, 1.25313, 3.29496, 3.04042, 
2.24598, 6.72558, -0.0703, 1.48327, -3.54189, -4.50594, -2.64562, 
-2.79371, -3.05951, -9.55794, -9.84079, -8.20921, -9.73639, -2.58651, 
-2.90768, 0, 0, 0, 0, 0, 0, 0, 0, 0, 0, 0, 0, 0, 0, 0, 0, 0, 
0, 0, 0, 0, 0, 0.45714, 0.43571, 0.44226, 0.44806, 0.47917, 0.46258, 
0.45061, 0.45769, 0.44871, 0.44386, 0.45304, 0.42952, 0.38893, 
0.41905, 0.43873, 0.4875, 0.45348, 0.43152, 0.46881, 0.4292, 
0.40594, 0.41585, 0.0137, 0.0154, 0.0149, 0.0152, 0.0163, 0.016, 
0.0164, 0.0171, 0.0175, 0.019, 0.02, 49.3, 53.4, 58.6, 63.1, 
68, 70.6, 75, 80.5, 82.2, 91.9, 96.9, 457, 448, 362, 1085, 2408, 
289, 87, 238, 111, 646, 631, 3, 1, 2, 2, 1, 2, 4, 6, 2, 1, 1, 
100, 100, 100, 100, 100, 100, 100, 100, 100, 100, 100, 2500, 
2500, 2500, 2500, 2500, 2500, 2500, 2500, 2500, 2500, 2500, 7096.966, 
7120.033, 7136.682, 7111.275, 7347.95499999999, 7545.527, 7562.428, 
7587.318, 7643.71400000001, 7691.94500000001, 7702.03, 1, 1, 
1, 1, 1, 1, 1, 1, 1, 1, 1, 0.08333, 0.08333, 0.08333, 0.08333, 
0.08333, 0.08333, 0.08333, 0.08333, 0.08333, 0.08333, 0.08333, 
0, 0, 0, 0, 0, 0, 0, 0, 0, 0, 0, 0, 0, 0, 0, 0, 0, 0, 0, 0, 0, 
0, 0.40952, 0.34214, 0.39226, 0.37937, 0.43056, 0.41535, 0.38091, 
0.40174, 0.38225, 0.40196, 0.38854, 0.42952, 0.36393, 0.41488, 
0.40615, 0.43194, 0.41333, 0.34667, 0.41334, 0.36976, 0.40169, 
0.42235, 0.0132, 0.015, 0.0146, 0.0155, 0.0155, 0.016, 0.0162, 
0.0173, 0.0179, 0.017, 0.0193, 49.4, 53.6, 58.5, 62.9, 68, 72.9, 
77, 82, 87.3, 91.2, 97.2, 1, 1, 1, 1, 1, 1, 1, 1, 1, 1, 1, 1, 
1, 1, 1, 1, 1, 1, 1, 1, 1, 1, 1, 1, 1, 1, 1, 1, 1, 1, 1, 1, 1, 
1, 1, 1, 1, 1, 1, 1, 1, 1, 1, 1, 2.824, 2.852, 2.831, 2.881, 
2.928, 3.01, 3.004, 3.047, 3.039, 3.053, 3.058), .Dim = c(11L, 
40L), .Dimnames = list(NULL, c("Sampling", "PSO.cost", "PSO.gamma", 
"PSO.data.balancing", "PSO.feature.selection", "PSO.valid.acc", 
"PSO.test.acc", "PSO.train.time", "PSO.n.support.vectors", "PSO.index", 
"PSO.n.solutions", "PSO.generations", "PSO.n.evaluations", "PSO.cpu.time", 
"RS.cost", "RS.gamma", "RS.data.balancing", "RS.feature.selection", 
"RS.valid.acc", "RS.test.acc", "RS.train.time", "RS.n.support.vectors", 
"RS.index", "RS.n.solutions", "RS.generations", "RS.n.evaluations", 
"RS.cpu.time", "DF.cost", "DF.gamma", "DF.data.balancing", "DF.feature.selection", 
"DF.valid.acc", "DF.test.acc", "DF.train.time", "DF.n.support.vectors", 
"DF.index", "DF.n.solutions", "DF.generations", "DF.n.evaluations", 
"DF.cpu.time")))
