full <-
structure(c(50, 55, 60, 65, 70, 75, 80, 85, 90, 95, 100, 11.23955, 
0.07046, 0.99111, 0.12666, -0.15343, 0.41389, 0.09256, 0.39285, 
3.05825, 0.23995, 1.1216, -5.24877, -0.64868, -2.39562, -1.44497, 
-1.94853, -1.71757, -2.49735, -2.94801, -4.28285, -3.55441, -2.60613, 
0, 0, 0, 0, 0, 0, 0, 0, 0, 0, 0, 0, 0, 0, 0, 0, 0, 0, 0, 0, 0, 
0, 0.36429, 0.37679, 0.42937, 0.4283, 0.46926, 0.5041, 0.51818, 
0.49586, 0.445, 0.42394, 0.43467, 0.36952, 0.30774, 0.33333, 
0.44259, 0.42026, 0.47826, 0.48394, 0.45434, 0.37753, 0.39076, 
0.40816, 0.014, 0.0133, 0.0142, 0.0139, 0.0151, 0.0151, 0.0151, 
0.016, 0.0173, 0.0167, 0.0185, 47.2, 54.4, 58.9, 64, 68.8, 73.6, 
78.2, 82.8, 85.6, 91.3, 97.6, 284, 821, 760, 479, 1469, 532, 
930, 850, 766, 906, 170, 920, 106, 173, 137, 129, 230, 119, 596, 
65, 90, 78, 100, 100, 100, 100, 100, 100, 100, 100, 100, 100, 
100, 2500, 2500, 2500, 2500, 2500, 2500, 2500, 2500, 2500, 2500, 
2500, 6289.99, 6297.349, 6296.489, 6298.89, 6310.6, 6330.447, 
6310.462, 6428.44099999999, 6487.56000000001, 6421.788, 6484.336, 
11.49093, -0.33828, 0.97711, 0.10939, -0.08969, 0.2165, 0.34932, 
-0.08784, 3.01759, 0.27982, 1.40771, -5.23923, -1.57336, -2.37125, 
-1.41178, -1.9138, -1.55974, -2.46229, -2.11523, -4.19021, -2.84248, 
-2.82552, 0, 0, 0, 0, 0, 0, 0, 0, 0, 0, 0, 0, 0, 0, 0, 0, 0, 
0, 0, 0, 0, 0, 0.36429, 0.3625, 0.4127, 0.4283, 0.45815, 0.4941, 
0.50596, 0.48071, 0.445, 0.41485, 0.43531, 0.36952, 0.30417, 
0.33333, 0.4408, 0.42026, 0.50188, 0.47485, 0.43232, 0.36919, 
0.39152, 0.4074, 0.0131, 0.013, 0.0144, 0.014, 0.0153, 0.0154, 
0.0156, 0.0165, 0.0171, 0.0176, 0.0179, 47.3, 54.4, 58.9, 64, 
68.8, 73.6, 78.1, 83.2, 85.8, 91.8, 97.4, 127, 2239, 916, 209, 
1104, 1375, 24, 1879, 1306, 128, 696, 4, 1, 1, 3, 1, 2, 4, 1, 
1, 2, 1, 100, 100, 100, 100, 100, 100, 100, 100, 100, 100, 100, 
2500, 2500, 2500, 2500, 2500, 2500, 2500, 2500, 2500, 2500, 2500, 
6289.544, 6302.194, 6321.752, 6334.561, 6309.90100000001, 6344.075, 
6362.461, 6495.65700000001, 6507.04699999999, 6453.86899999999, 
6480.16099999999, 1, 1, 1, 1, 1, 1, 1, 1, 1, 1, 1, 0.08333, 0.08333, 
0.08333, 0.08333, 0.08333, 0.08333, 0.08333, 0.08333, 0.08333, 
0.08333, 0.08333, 0, 0, 0, 0, 0, 0, 0, 0, 0, 0, 0, 0, 0, 0, 0, 
0, 0, 0, 0, 0, 0, 0, 0.26857, 0.2756, 0.34107, 0.32132, 0.3901, 
0.41108, 0.43374, 0.41636, 0.39369, 0.39742, 0.38392, 0.19476, 
0.25655, 0.33988, 0.3783, 0.37505, 0.39636, 0.42061, 0.46253, 
0.41646, 0.39076, 0.40688, 0.0131, 0.0132, 0.0138, 0.0141, 0.0144, 
0.0152, 0.0154, 0.0163, 0.0173, 0.0171, 0.0179, 49.6, 54.2, 58.8, 
63.7, 68.2, 73, 77.6, 82.9, 87.5, 91.3, 97.3, 1, 1, 1, 1, 1, 
1, 1, 1, 1, 1, 1, 1, 1, 1, 1, 1, 1, 1, 1, 1, 1, 1, 1, 1, 1, 1, 
1, 1, 1, 1, 1, 1, 1, 1, 1, 1, 1, 1, 1, 1, 1, 1, 1, 1, 2.501, 
2.527, 2.519, 2.518, 2.536, 2.549, 2.546, 2.581, 2.592, 2.593, 
2.598), .Dim = c(11L, 40L), .Dimnames = list(NULL, c("Sampling", 
"PSO.cost", "PSO.gamma", "PSO.data.balancing", "PSO.feature.selection", 
"PSO.valid.acc", "PSO.test.acc", "PSO.train.time", "PSO.n.support.vectors", 
"PSO.index", "PSO.n.solutions", "PSO.generations", "PSO.n.evaluations", 
"PSO.cpu.time", "RS.cost", "RS.gamma", "RS.data.balancing", "RS.feature.selection", 
"RS.valid.acc", "RS.test.acc", "RS.train.time", "RS.n.support.vectors", 
"RS.index", "RS.n.solutions", "RS.generations", "RS.n.evaluations", 
"RS.cpu.time", "DF.cost", "DF.gamma", "DF.data.balancing", "DF.feature.selection", 
"DF.valid.acc", "DF.test.acc", "DF.train.time", "DF.n.support.vectors", 
"DF.index", "DF.n.solutions", "DF.generations", "DF.n.evaluations", 
"DF.cpu.time")))
