full <-
structure(c(50, 55, 60, 65, 70, 75, 80, 85, 90, 95, 100, -0.69198, 
-0.58484, 11.47436, -0.64586, 11.99081, 1.26572, -1.0112, -1.26111, 
-0.6994, 0.80154, 14.19084, -4.05761, -3.73612, -1.33178, -4.35077, 
-7.64863, -1.33184, -3.94921, -4.51822, -3.03809, -1.22793, -12.9613, 
0, 0, 0, 0, 0, 0, 0, 0, 0, 0, 0, 0, 0, 0, 0, 0, 0, 0, 0, 0, 0, 
0, 0.51619, 0.47738, 0.4129, 0.41508, 0.3927, 0.4147, 0.42801, 
0.42381, 0.45687, 0.45649, 0.45099, 0.4519, 0.4131, 0.38135, 
0.36468, 0.36433, 0.44081, 0.41273, 0.42318, 0.42778, 0.44225, 
0.36253, 0.0135, 0.0158, 0.0153, 0.0155, 0.0235, 0.0184, 0.0172, 
0.0169, 0.0165, 0.0192, 0.0298, 49.6, 54.3, 59.2, 63.7, 61.9, 
73.6, 77.1, 82, 87.2, 92.8, 90.5, 419, 472, 265, 1651, 170, 35, 
362, 358, 2096, 1877, 459, 269, 118, 728, 12, 1162, 618, 97, 
68, 4, 15, 179, 100, 100, 100, 100, 100, 100, 100, 100, 100, 
100, 100, 2500, 2500, 2500, 2500, 2500, 2500, 2500, 2500, 2500, 
2500, 2500, 7944.012, 8181.909, 8391.385, 8439.22300000001, 8535.48699999999, 
8432.042, 8342.32000000001, 8398.209, 8425.21400000001, 8437.86199999999, 
8571.41800000001, -0.22116, -0.51552, -0.42532, -0.55869, 11.95449, 
11.54411, 7.68868, -0.80252, -0.7519, -0.503, 13.22144, -4.02025, 
-3.95863, -2.91959, -4.76252, -7.50997, -1.30289, -14.01766, 
-4.19445, -2.83283, -4.77794, -12.38706, 0, 0, 0, 0, 0, 0, 0, 
0, 0, 0, 0, 0, 0, 0, 0, 0, 0, 0, 0, 0, 0, 0, 0.5019, 0.46488, 
0.41706, 0.40258, 0.3927, 0.4147, 0.42725, 0.43139, 0.45687, 
0.45418, 0.45099, 0.4519, 0.42976, 0.35635, 0.36607, 0.36433, 
0.44081, 0.38162, 0.39389, 0.41869, 0.40316, 0.36253, 0.0142, 
0.0139, 0.0153, 0.0149, 0.0235, 0.0168, 0.0163, 0.0175, 0.0174, 
0.0198, 0.0286, 49.5, 54.3, 58.8, 63.8, 62.1, 73.6, 76.3, 82.1, 
87.4, 90.7, 90.7, 261, 99, 1541, 1213, 4, 457, 610, 524, 482, 
1426, 1021, 3, 8, 2, 1, 18, 7, 1, 2, 2, 1, 1, 100, 100, 100, 
100, 100, 100, 100, 100, 100, 100, 100, 2500, 2500, 2500, 2500, 
2500, 2500, 2500, 2500, 2500, 2500, 2500, 8055.847, 8309, 8464.955, 
8448.716, 8413.084, 8432.984, 8423.015, 8428.07699999999, 8383.046, 
8456.74300000002, 8408.90999999997, 1, 1, 1, 1, 1, 1, 1, 1, 1, 
1, 1, 0.08333, 0.08333, 0.08333, 0.08333, 0.08333, 0.08333, 0.08333, 
0.08333, 0.08333, 0.08333, 0.08333, 0, 0, 0, 0, 0, 0, 0, 0, 0, 
0, 0, 0, 0, 0, 0, 0, 0, 0, 0, 0, 0, 0, 0.45429, 0.39821, 0.34901, 
0.2875, 0.32091, 0.3524, 0.39654, 0.3748, 0.40869, 0.42213, 0.37984, 
0.42095, 0.41488, 0.3375, 0.27143, 0.29647, 0.35192, 0.35904, 
0.40333, 0.40111, 0.39713, 0.41125, 0.0147, 0.0138, 0.0144, 0.0155, 
0.0178, 0.0164, 0.0167, 0.018, 0.0186, 0.0176, 0.0189, 49.3, 
54.3, 58.9, 63.8, 68.4, 71.9, 76.8, 82.3, 86.8, 91.8, 97.5, 1, 
1, 1, 1, 1, 1, 1, 1, 1, 1, 1, 1, 1, 1, 1, 1, 1, 1, 1, 1, 1, 1, 
1, 1, 1, 1, 1, 1, 1, 1, 1, 1, 1, 1, 1, 1, 1, 1, 1, 1, 1, 1, 1, 
1, 3.2, 3.257, 3.367, 3.36, 3.346, 3.343, 3.296, 3.343, 3.302, 
3.363, 3.332), .Dim = c(11L, 40L), .Dimnames = list(NULL, c("Sampling", 
"PSO.cost", "PSO.gamma", "PSO.data.balancing", "PSO.feature.selection", 
"PSO.valid.acc", "PSO.test.acc", "PSO.train.time", "PSO.n.support.vectors", 
"PSO.index", "PSO.n.solutions", "PSO.generations", "PSO.n.evaluations", 
"PSO.cpu.time", "RS.cost", "RS.gamma", "RS.data.balancing", "RS.feature.selection", 
"RS.valid.acc", "RS.test.acc", "RS.train.time", "RS.n.support.vectors", 
"RS.index", "RS.n.solutions", "RS.generations", "RS.n.evaluations", 
"RS.cpu.time", "DF.cost", "DF.gamma", "DF.data.balancing", "DF.feature.selection", 
"DF.valid.acc", "DF.test.acc", "DF.train.time", "DF.n.support.vectors", 
"DF.index", "DF.n.solutions", "DF.generations", "DF.n.evaluations", 
"DF.cpu.time")))
