full <-
structure(c(50, 55, 60, 65, 70, 75, 80, 85, 90, 95, 100, -0.34995, 
-0.39707, -0.52697, 0.88629, 0.51452, 0.60187, 10.95937, 0.48343, 
0.67213, 0.89658, 2.23289, -3.56335, -2.99799, -2.86493, -2.17797, 
-1.71806, -1.45468, -1.28828, -1.44441, -3.69289, -2.56475, -1.58933, 
0, 0, 0, 0, 0, 0, 0, 0, 0, 0, 0, 0, 0, 0, 0, 0, 0, 0, 0, 0, 0, 
0, 0.54048, 0.51357, 0.48929, 0.50595, 0.50659, 0.46712, 0.49442, 
0.46424, 0.43288, 0.48409, 0.46678, 0.49702, 0.46893, 0.45179, 
0.42837, 0.49298, 0.44284, 0.46604, 0.45606, 0.34712, 0.44167, 
0.42488, 0.0133, 0.0143, 0.0142, 0.0157, 0.0155, 0.0164, 0.0162, 
0.0184, 0.0183, 0.019, 0.0208, 49.5, 54.4, 59.2, 63.9, 68.8, 
73.5, 78.4, 83.1, 85.8, 91.7, 98.4, 675, 461, 1175, 340, 1239, 
567, 49, 354, 2402, 918, 73, 538, 585, 153, 451, 44, 680, 136, 
621, 1, 301, 1272, 100, 100, 100, 100, 100, 100, 100, 100, 100, 
100, 100, 2500, 2500, 2500, 2500, 2500, 2500, 2500, 2500, 2500, 
2500, 2500, 6857.938, 7081.747, 7088.939, 7121.932, 7121.35200000001, 
7348.357, 7599.34899999999, 7572.693, 7598.372, 7646.55300000001, 
7674.74599999998, -0.38447, -0.18871, -0.49484, -0.37533, 0.40069, 
0.98333, 1.00218, 0.78756, 0.98668, 0.77919, 1.11606, -3.48316, 
-4.02306, -2.83522, -3.22206, -1.87503, -3.46014, -5.50538, -1.23466, 
-4.42037, -2.22, -2.65465, 0, 0, 0, 0, 0, 0, 0, 0, 0, 0, 0, 0, 
0, 0, 0, 0, 0, 0, 0, 0, 0, 0, 0.54048, 0.49512, 0.48929, 0.49821, 
0.49409, 0.47485, 0.50096, 0.46424, 0.43273, 0.45833, 0.4683, 
0.51369, 0.41798, 0.45179, 0.45714, 0.44964, 0.48053, 0.44194, 
0.45606, 0.36545, 0.43258, 0.44808, 0.0135, 0.0133, 0.015, 0.014, 
0.0147, 0.0167, 0.0169, 0.0176, 0.0183, 0.0191, 0.0194, 49.5, 
54.2, 59.2, 63.5, 68.8, 72.2, 75.9, 83.2, 85.1, 92.4, 96.9, 466, 
249, 1126, 1744, 706, 2126, 661, 2078, 1430, 900, 234, 1, 3, 
1, 1, 3, 1, 1, 1, 1, 2, 1, 100, 100, 100, 100, 100, 100, 100, 
100, 100, 100, 100, 2500, 2500, 2500, 2500, 2500, 2500, 2500, 
2500, 2500, 2500, 2500, 7001.903, 7062.371, 7120.107, 7171.169, 
7184.55100000001, 7370.36599999999, 7579.917, 7617.641, 7660.36299999998, 
7665.89199999999, 7710.46300000002, 1, 1, 1, 1, 1, 1, 1, 1, 1, 
1, 1, 0.08333, 0.08333, 0.08333, 0.08333, 0.08333, 0.08333, 0.08333, 
0.08333, 0.08333, 0.08333, 0.08333, 0, 0, 0, 0, 0, 0, 0, 0, 0, 
0, 0, 0, 0, 0, 0, 0, 0, 0, 0, 0, 0, 0, 0.50202, 0.48083, 0.40595, 
0.46488, 0.44242, 0.43898, 0.46937, 0.42515, 0.41106, 0.45833, 
0.44744, 0.50952, 0.43464, 0.46012, 0.44603, 0.41742, 0.45966, 
0.46985, 0.41682, 0.39364, 0.42348, 0.43834, 0.0133, 0.0133, 
0.0151, 0.0152, 0.0164, 0.0154, 0.0167, 0.0172, 0.0184, 0.0184, 
0.0185, 49.5, 54.2, 59.1, 63.6, 67.7, 72.4, 76.8, 80.9, 86, 91.5, 
97, 1, 1, 1, 1, 1, 1, 1, 1, 1, 1, 1, 1, 1, 1, 1, 1, 1, 1, 1, 
1, 1, 1, 1, 1, 1, 1, 1, 1, 1, 1, 1, 1, 1, 1, 1, 1, 1, 1, 1, 1, 
1, 1, 1, 1, 2.732, 2.86, 2.846, 2.865, 2.962, 2.942, 3.006, 3.053, 
3.08, 3.014, 3.046), .Dim = c(11L, 40L), .Dimnames = list(NULL, 
    c("Sampling", "PSO.cost", "PSO.gamma", "PSO.data.balancing", 
    "PSO.feature.selection", "PSO.valid.acc", "PSO.test.acc", 
    "PSO.train.time", "PSO.n.support.vectors", "PSO.index", "PSO.n.solutions", 
    "PSO.generations", "PSO.n.evaluations", "PSO.cpu.time", "RS.cost", 
    "RS.gamma", "RS.data.balancing", "RS.feature.selection", 
    "RS.valid.acc", "RS.test.acc", "RS.train.time", "RS.n.support.vectors", 
    "RS.index", "RS.n.solutions", "RS.generations", "RS.n.evaluations", 
    "RS.cpu.time", "DF.cost", "DF.gamma", "DF.data.balancing", 
    "DF.feature.selection", "DF.valid.acc", "DF.test.acc", "DF.train.time", 
    "DF.n.support.vectors", "DF.index", "DF.n.solutions", "DF.generations", 
    "DF.n.evaluations", "DF.cpu.time")))
