full <-
structure(c(50, 55, 60, 65, 70, 75, 80, 85, 90, 95, 100, 1.54527, 
1.21792, 1.06493, 8.73295, 1.16215, 0.64685, 4.89096, 0.20564, 
9.11904, 2.16761, 0.37789, -3.01588, -2.68912, -2.57424, -0.35541, 
-2.27823, -2.02842, -0.71626, -2.5552, -9.73548, -4.53846, -1.34812, 
0, 0, 0, 0, 0, 0, 0, 0, 0, 0, 0, 0, 0, 0, 0, 0, 0, 0, 0, 0, 0, 
0, 0.53238, 0.5744, 0.50992, 0.47798, 0.5077, 0.52371, 0.47563, 
0.45465, 0.44758, 0.47913, 0.43581, 0.47048, 0.55774, 0.45357, 
0.46548, 0.4927, 0.49351, 0.45313, 0.40828, 0.35197, 0.41862, 
0.42045, 0.0137, 0.0136, 0.0139, 0.015, 0.0151, 0.0157, 0.0164, 
0.0167, 0.0196, 0.0182, 0.0192, 49.1, 54, 59.1, 64, 68.7, 73.6, 
78.4, 82.9, 82.7, 90.2, 98.3, 1650, 263, 299, 151, 853, 670, 
60, 669, 1028, 457, 200, 20, 691, 614, 637, 257, 151, 1258, 74, 
111, 69, 97, 100, 100, 100, 100, 100, 100, 100, 100, 100, 100, 
100, 2500, 2500, 2500, 2500, 2500, 2500, 2500, 2500, 2500, 2500, 
2500, 6389.963, 6428.717, 6455.615, 6413.29599999999, 6474.922, 
6477.97, 6507.35000000001, 6489.27099999999, 6594.939, 6624.584, 
6704.22100000001, 1.54102, 0.98186, 3.28357, 0.47796, 1.00006, 
0.19605, 12.58546, 2.51832, 9.49219, 4.09019, 12.20282, -3.01987, 
-2.29154, -4.65167, -2.64908, -2.23966, -1.90509, -0.77474, -3.23266, 
-10.0632, -5.7549, 0.08741, 0, 0, 0, 0, 0, 0, 0, 0, 0, 0, 0, 
0, 0, 0, 0, 0, 0, 0, 0, 0, 0, 0, 0.53238, 0.5619, 0.5006, 0.47798, 
0.49659, 0.51462, 0.47563, 0.4397, 0.43924, 0.47682, 0.42867, 
0.47048, 0.52917, 0.39266, 0.44048, 0.48159, 0.50601, 0.45404, 
0.40424, 0.36197, 0.42261, 0.42867, 0.0129, 0.0139, 0.0135, 0.0144, 
0.015, 0.0161, 0.0166, 0.0168, 0.0203, 0.018, 0.0207, 49.1, 54.2, 
57.5, 63.6, 68.7, 73.6, 78.4, 81.6, 82.5, 87.9, 98.4, 1123, 2351, 
1808, 618, 457, 841, 70, 1898, 62, 1208, 194, 1, 1, 1, 3, 1, 
1, 10, 2, 1, 1, 27, 100, 100, 100, 100, 100, 100, 100, 100, 100, 
100, 100, 2500, 2500, 2500, 2500, 2500, 2500, 2500, 2500, 2500, 
2500, 2500, 6437.532, 6417.389, 6437.524, 6445.457, 6449.791, 
6503.908, 6543.478, 6514.712, 6629.792, 6707.928, 6747.49300000002, 
1, 1, 1, 1, 1, 1, 1, 1, 1, 1, 1, 0.08333, 0.08333, 0.08333, 0.08333, 
0.08333, 0.08333, 0.08333, 0.08333, 0.08333, 0.08333, 0.08333, 
0, 0, 0, 0, 0, 0, 0, 0, 0, 0, 0, 0, 0, 0, 0, 0, 0, 0, 0, 0, 0, 
0, 0.43238, 0.42798, 0.41429, 0.42798, 0.44397, 0.45712, 0.4371, 
0.40556, 0.4003, 0.43928, 0.38744, 0.42143, 0.48571, 0.40357, 
0.45298, 0.43258, 0.43581, 0.43091, 0.40737, 0.38773, 0.43696, 
0.38927, 0.0134, 0.0139, 0.0136, 0.0147, 0.0149, 0.0155, 0.0161, 
0.0165, 0.0174, 0.0172, 0.0181, 49, 54.1, 58.9, 63.5, 68.3, 73.3, 
77.7, 82.3, 87.8, 91.9, 97.3, 1, 1, 1, 1, 1, 1, 1, 1, 1, 1, 1, 
1, 1, 1, 1, 1, 1, 1, 1, 1, 1, 1, 1, 1, 1, 1, 1, 1, 1, 1, 1, 1, 
1, 1, 1, 1, 1, 1, 1, 1, 1, 1, 1, 1, 2.593, 2.618, 2.534, 2.593, 
2.593, 2.579, 2.598, 2.599, 2.68, 2.644, 2.684), .Dim = c(11L, 
40L), .Dimnames = list(NULL, c("Sampling", "PSO.cost", "PSO.gamma", 
"PSO.data.balancing", "PSO.feature.selection", "PSO.valid.acc", 
"PSO.test.acc", "PSO.train.time", "PSO.n.support.vectors", "PSO.index", 
"PSO.n.solutions", "PSO.generations", "PSO.n.evaluations", "PSO.cpu.time", 
"RS.cost", "RS.gamma", "RS.data.balancing", "RS.feature.selection", 
"RS.valid.acc", "RS.test.acc", "RS.train.time", "RS.n.support.vectors", 
"RS.index", "RS.n.solutions", "RS.generations", "RS.n.evaluations", 
"RS.cpu.time", "DF.cost", "DF.gamma", "DF.data.balancing", "DF.feature.selection", 
"DF.valid.acc", "DF.test.acc", "DF.train.time", "DF.n.support.vectors", 
"DF.index", "DF.n.solutions", "DF.generations", "DF.n.evaluations", 
"DF.cpu.time")))
