full <-
structure(c(50, 55, 60, 65, 70, 75, 80, 85, 90, 95, 100, 6.36241, 
2.77763, 10.84322, 0.36604, 13.61442, 0.96111, 4.5416, 0.85525, 
10.568, 0.76125, 1, -2.00486, -3.22616, -15, -1.77467, -12.4965, 
-3.23164, -6.99038, -3.32935, -12.72687, -5.52502, 0.08333, 0, 
0, 0, 0, 0, 0, 0, 0, 0, 0, 0, 0, 0, 0, 0, 0, 0, 0, 0, 0, 0, 0, 
0.51718, 0.46885, 0.4752, 0.46032, 0.46063, 0.48129, 0.45859, 
0.45255, 0.47154, 0.43172, 0.43149, 0.45052, 0.39345, 0.35159, 
0.46349, 0.35786, 0.43434, 0.42434, 0.41346, 0.4372, 0.39536, 
0.40885, 0.0147, 0.0147, 0.0161, 0.0164, 0.0229, 0.0171, 0.0172, 
0.0179, 0.0173, 0.0178, 0.0184, 49.5, 54, 54.5, 63.9, 60.9, 73.1, 
75.2, 82.4, 83.5, 91, 97.1, 202, 1204, 357, 1178, 275, 555, 118, 
798, 1286, 1807, 1, 876, 26, 81, 38, 355, 127, 130, 27, 71, 1, 
1, 100, 100, 100, 100, 100, 100, 100, 100, 100, 100, 100, 2500, 
2500, 2500, 2500, 2500, 2500, 2500, 2500, 2500, 2500, 2500, 8174.758, 
8305.4, 8341.424, 8394.733, 8500.69200000001, 8323.894, 8406.192, 
8387.79800000001, 8337.723, 8396.80299999999, 8386.10500000001, 
5.79321, 2.89108, 4.64138, 6.6712, 13.78636, 1.20672, 3.48043, 
0.86062, 11.31427, 1.29172, -0.11847, -2.01347, -3.10999, -8.80414, 
-6.47959, -12.58945, -3.60021, -6.30624, -3.37964, -13.55519, 
-2.3945, -3.22189, 0, 0, 0, 0, 0, 0, 0, 0, 0, 0, 0, 0, 0, 0, 
0, 0, 0, 0, 0, 0, 0, 0, 0.51718, 0.46885, 0.4752, 0.45714, 0.46063, 
0.46311, 0.45859, 0.45255, 0.46321, 0.43649, 0.43724, 0.45052, 
0.39345, 0.35159, 0.39206, 0.35786, 0.45657, 0.43253, 0.41346, 
0.4372, 0.39179, 0.38298, 0.015, 0.0162, 0.0154, 0.017, 0.0218, 
0.0161, 0.0169, 0.0174, 0.0186, 0.0185, 0.0192, 49.5, 53.9, 54.8, 
61.1, 61, 73, 75.8, 82.4, 83.5, 91.8, 97.2, 472, 1871, 721, 1945, 
1977, 344, 612, 1294, 860, 573, 2247, 4, 1, 3, 1, 1, 1, 2, 1, 
1, 1, 1, 100, 100, 100, 100, 100, 100, 100, 100, 100, 100, 100, 
2500, 2500, 2500, 2500, 2500, 2500, 2500, 2500, 2500, 2500, 2500, 
8127.09, 8345.045, 8363.244, 8414.63099999999, 8361.939, 8369.82000000001, 
8424.40399999999, 8424.897, 8448.19900000002, 8450.62400000001, 
8371.027, 1, 1, 1, 1, 1, 1, 1, 1, 1, 1, 1, 0.08333, 0.08333, 
0.08333, 0.08333, 0.08333, 0.08333, 0.08333, 0.08333, 0.08333, 
0.08333, 0.08333, 0, 0, 0, 0, 0, 0, 0, 0, 0, 0, 0, 0, 0, 0, 0, 
0, 0, 0, 0, 0, 0, 0, 0.4744, 0.40952, 0.40575, 0.3877, 0.35679, 
0.41636, 0.42343, 0.41179, 0.41849, 0.39134, 0.43149, 0.46607, 
0.37163, 0.40714, 0.41448, 0.38464, 0.43859, 0.44566, 0.39604, 
0.43015, 0.38767, 0.40885, 0.0125, 0.0155, 0.0156, 0.0154, 0.016, 
0.0169, 0.0166, 0.0184, 0.0177, 0.0182, 0.0186, 49.6, 54, 58.3, 
63.4, 68.3, 73.1, 77.8, 82.7, 87.6, 92.1, 97.1, 1, 1, 1, 1, 1, 
1, 1, 1, 1, 1, 1, 1, 1, 1, 1, 1, 1, 1, 1, 1, 1, 1, 1, 1, 1, 1, 
1, 1, 1, 1, 1, 1, 1, 1, 1, 1, 1, 1, 1, 1, 1, 1, 1, 1, 3.2, 3.309, 
3.306, 3.334, 3.368, 3.312, 3.345, 3.327, 3.336, 3.285, 3.277
), .Dim = c(11L, 40L), .Dimnames = list(NULL, c("Sampling", "PSO.cost", 
"PSO.gamma", "PSO.data.balancing", "PSO.feature.selection", "PSO.valid.acc", 
"PSO.test.acc", "PSO.train.time", "PSO.n.support.vectors", "PSO.index", 
"PSO.n.solutions", "PSO.generations", "PSO.n.evaluations", "PSO.cpu.time", 
"RS.cost", "RS.gamma", "RS.data.balancing", "RS.feature.selection", 
"RS.valid.acc", "RS.test.acc", "RS.train.time", "RS.n.support.vectors", 
"RS.index", "RS.n.solutions", "RS.generations", "RS.n.evaluations", 
"RS.cpu.time", "DF.cost", "DF.gamma", "DF.data.balancing", "DF.feature.selection", 
"DF.valid.acc", "DF.test.acc", "DF.train.time", "DF.n.support.vectors", 
"DF.index", "DF.n.solutions", "DF.generations", "DF.n.evaluations", 
"DF.cpu.time")))
