full <-
structure(c(50, 55, 60, 65, 70, 75, 80, 85, 90, 95, 100, 3.69066, 
5.3478, 5.75394, 9.89561, 6.96699, 15, 10.53474, 15, 4.33253, 
1.00002, 15, -1.33451, -6.39198, -0.02294, -0.14332, 0.08267, 
0.10399, -12.32464, 0.18392, 0.0486, -2.53648, -12.01748, 0, 
0, 0, 0, 0, 0, 0, 0, 0, 0, 0, 0, 0, 0, 0, 0, 0, 0, 0, 0, 0, 0, 
0.46667, 0.47127, 0.40714, 0.41647, 0.43157, 0.43417, 0.45856, 
0.40462, 0.42788, 0.47122, 0.45076, 0.4381, 0.35183, 0.39464, 
0.3998, 0.43157, 0.43417, 0.35995, 0.39538, 0.42788, 0.40895, 
0.39079, 0.0156, 0.0139, 0.015, 0.0181, 0.0158, 0.0179, 0.0185, 
0.0184, 0.0201, 0.02, 0.0491, 49.6, 51.4, 59.2, 64, 68.8, 73.6, 
75.3, 83.2, 88, 91.7, 91.3, 56, 1255, 52, 79, 56, 46, 106, 101, 
10, 2127, 1629, 1305, 35, 1470, 1289, 1158, 1479, 128, 1286, 
1389, 2, 25, 100, 100, 100, 100, 100, 100, 100, 100, 100, 100, 
100, 2500, 2500, 2500, 2500, 2500, 2500, 2500, 2500, 2500, 2500, 
2500, 8261.493, 8164.158, 8475.861, 8461.055, 8427.841, 8423.022, 
8416.46799999999, 8401.374, 8423.28, 8412.17500000002, 8699.03200000001, 
13.04138, 8.3846, -0.34383, 12.48148, 2.15168, -0.28361, 10.2073, 
-0.66035, 12.3018, 0.95084, 11.11162, -1.23304, -9.27235, -1.17644, 
-0.11099, 0.1737, -2.555, -12.0326, -1.79004, 0.08427, -2.40123, 
-11.53391, 0, 0, 0, 0, 0, 0, 0, 0, 0, 0, 0, 0, 0, 0, 0, 0, 0, 
0, 0, 0, 0, 0, 0.46667, 0.45639, 0.41964, 0.41647, 0.43157, 0.445, 
0.45856, 0.40788, 0.42788, 0.45304, 0.44027, 0.42381, 0.35639, 
0.40714, 0.3998, 0.43157, 0.43278, 0.35995, 0.37705, 0.42788, 
0.40895, 0.3831, 0.0148, 0.0152, 0.0156, 0.0162, 0.0159, 0.0159, 
0.0184, 0.0174, 0.0189, 0.0204, 0.0231, 49.6, 50.8, 59.2, 64, 
68.8, 72.3, 75.3, 83.1, 88, 91.8, 91.2, 88, 148, 2485, 15, 280, 
969, 282, 164, 52, 2499, 50, 34, 3, 1, 63, 27, 1, 2, 2, 49, 1, 
3, 100, 100, 100, 100, 100, 100, 100, 100, 100, 100, 100, 2500, 
2500, 2500, 2500, 2500, 2500, 2500, 2500, 2500, 2500, 2500, 8086.422, 
8306.138, 8438.69, 8415.023, 8404.66099999999, 8410.698, 8418.58100000001, 
8421.308, 8388.08900000001, 8479.55299999999, 8412.446, 1, 1, 
1, 1, 1, 1, 1, 1, 1, 1, 1, 0.08333, 0.08333, 0.08333, 0.08333, 
0.08333, 0.08333, 0.08333, 0.08333, 0.08333, 0.08333, 0.08333, 
0, 0, 0, 0, 0, 0, 0, 0, 0, 0, 0, 0, 0, 0, 0, 0, 0, 0, 0, 0, 0, 
0, 0.36, 0.38544, 0.30774, 0.32857, 0.33898, 0.33444, 0.33864, 
0.35545, 0.365, 0.42547, 0.41451, 0.35619, 0.38103, 0.33869, 
0.35913, 0.37549, 0.37694, 0.36793, 0.31727, 0.35576, 0.41047, 
0.41667, 0.0131, 0.0145, 0.0162, 0.0155, 0.0165, 0.0157, 0.0175, 
0.0169, 0.0189, 0.0183, 0.0186, 48.7, 53, 58.5, 63, 68.1, 71.6, 
77.4, 81.7, 86.4, 91.9, 97.1, 1, 1, 1, 1, 1, 1, 1, 1, 1, 1, 1, 
1, 1, 1, 1, 1, 1, 1, 1, 1, 1, 1, 1, 1, 1, 1, 1, 1, 1, 1, 1, 1, 
1, 1, 1, 1, 1, 1, 1, 1, 1, 1, 1, 1, 3.181, 3.323, 3.334, 3.333, 
3.366, 3.341, 3.352, 3.372, 3.347, 3.345, 3.319), .Dim = c(11L, 
40L), .Dimnames = list(NULL, c("Sampling", "PSO.cost", "PSO.gamma", 
"PSO.data.balancing", "PSO.feature.selection", "PSO.valid.acc", 
"PSO.test.acc", "PSO.train.time", "PSO.n.support.vectors", "PSO.index", 
"PSO.n.solutions", "PSO.generations", "PSO.n.evaluations", "PSO.cpu.time", 
"RS.cost", "RS.gamma", "RS.data.balancing", "RS.feature.selection", 
"RS.valid.acc", "RS.test.acc", "RS.train.time", "RS.n.support.vectors", 
"RS.index", "RS.n.solutions", "RS.generations", "RS.n.evaluations", 
"RS.cpu.time", "DF.cost", "DF.gamma", "DF.data.balancing", "DF.feature.selection", 
"DF.valid.acc", "DF.test.acc", "DF.train.time", "DF.n.support.vectors", 
"DF.index", "DF.n.solutions", "DF.generations", "DF.n.evaluations", 
"DF.cpu.time")))
