full <-
structure(c(50, 55, 60, 65, 70, 75, 80, 85, 90, 95, 100, 6.52167, 
5.7698, 7.27658, 8.2803, 0.74728, -0.40818, 7.4426, 4.90184, 
0.49631, 1.31609, 14.3365, -11.3223, -8.72374, -13.88529, -9.96437, 
-6.33277, -3.96598, -12.96712, -0.03011, -1.53861, -3.66046, 
-12.75795, 0, 0, 0, 0, 0, 0, 0, 0, 0, 0, 0, 0, 0, 0, 0, 0, 0, 
0, 0, 0, 0, 0, 0.39048, 0.40298, 0.3656, 0.45218, 0.39833, 0.42644, 
0.43227, 0.43328, 0.45535, 0.48398, 0.47898, 0.39048, 0.32619, 
0.31452, 0.4244, 0.38583, 0.3945, 0.38707, 0.43328, 0.39801, 
0.36864, 0.4021, 0.0129, 0.0127, 0.0133, 0.0146, 0.0144, 0.0148, 
0.0154, 0.017, 0.0169, 0.0176, 0.0318, 49.1, 52.3, 59.2, 60.7, 
68.3, 73.2, 76.1, 83.2, 88, 91.1, 90.1, 72, 149, 1588, 1414, 
196, 954, 400, 382, 2365, 1015, 1193, 127, 241, 6, 19, 70, 267, 
64, 507, 3, 47, 7, 100, 100, 100, 100, 100, 100, 100, 100, 100, 
100, 100, 2500, 2500, 2500, 2500, 2500, 2500, 2500, 2500, 2500, 
2500, 2500, 6173.147, 6179.247, 6053.593, 6047.212, 6032.898, 
6150.77, 6164.731, 6151.255, 6166.163, 6308.19899999999, 6672.28999999999, 
4.0777, 6.69549, 3.44357, 9.58995, 0.23288, -0.27818, 9.14755, 
3.30652, 0.61103, 8.68038, 13.44115, -8.78852, -9.43943, -10.02274, 
-11.31238, -6.38075, -5.02784, -14.68359, -0.02031, -1.54202, 
-10.2759, -11.95049, 0, 0, 0, 0, 0, 0, 0, 0, 0, 0, 0, 0, 0, 0, 
0, 0, 0, 0, 0, 0, 0, 0, 0.39048, 0.40298, 0.3656, 0.44107, 0.39667, 
0.41394, 0.43227, 0.43328, 0.44625, 0.47818, 0.46231, 0.37381, 
0.32619, 0.31452, 0.42302, 0.38417, 0.39235, 0.38707, 0.42419, 
0.41681, 0.3968, 0.39496, 0.0128, 0.0133, 0.0134, 0.0143, 0.0137, 
0.0145, 0.0151, 0.017, 0.0173, 0.0185, 0.0293, 49, 52.2, 59.1, 
60.6, 68.4, 73, 76.1, 83.2, 88, 86.2, 90.7, 235, 478, 636, 85, 
405, 1191, 1522, 942, 569, 1560, 2496, 14, 4, 1, 3, 3, 2, 1, 
1, 2, 1, 1, 100, 100, 100, 100, 100, 100, 100, 100, 100, 100, 
100, 2500, 2500, 2500, 2500, 2500, 2500, 2500, 2500, 2500, 2500, 
2500, 6195.876, 6064.466, 6060.645, 6055.66, 6138.637, 6158.85800000001, 
6175.79000000001, 6186.71299999999, 6293.45599999999, 6349.689, 
6515.97400000002, 1, 1, 1, 1, 1, 1, 1, 1, 1, 1, 1, 0.08333, 0.08333, 
0.08333, 0.08333, 0.08333, 0.08333, 0.08333, 0.08333, 0.08333, 
0.08333, 0.08333, 0, 0, 0, 0, 0, 0, 0, 0, 0, 0, 0, 0, 0, 0, 0, 
0, 0, 0, 0, 0, 0, 0, 0.36786, 0.29762, 0.31024, 0.35675, 0.35111, 
0.32489, 0.37596, 0.36586, 0.38772, 0.45048, 0.38577, 0.34524, 
0.35298, 0.28595, 0.36111, 0.37306, 0.37592, 0.34841, 0.37657, 
0.36672, 0.44119, 0.40579, 0.0122, 0.0131, 0.0136, 0.0139, 0.0146, 
0.015, 0.0154, 0.0162, 0.0169, 0.0176, 0.0184, 49.6, 54.1, 59.2, 
63.7, 68.2, 73.1, 77.3, 82, 86.6, 91.7, 97.5, 1, 1, 1, 1, 1, 
1, 1, 1, 1, 1, 1, 1, 1, 1, 1, 1, 1, 1, 1, 1, 1, 1, 1, 1, 1, 1, 
1, 1, 1, 1, 1, 1, 1, 1, 1, 1, 1, 1, 1, 1, 1, 1, 1, 1, 2.387, 
2.411, 2.403, 2.421, 2.468, 2.431, 2.454, 2.475, 2.513, 2.537, 
2.622), .Dim = c(11L, 40L), .Dimnames = list(NULL, c("Sampling", 
"PSO.cost", "PSO.gamma", "PSO.data.balancing", "PSO.feature.selection", 
"PSO.valid.acc", "PSO.test.acc", "PSO.train.time", "PSO.n.support.vectors", 
"PSO.index", "PSO.n.solutions", "PSO.generations", "PSO.n.evaluations", 
"PSO.cpu.time", "RS.cost", "RS.gamma", "RS.data.balancing", "RS.feature.selection", 
"RS.valid.acc", "RS.test.acc", "RS.train.time", "RS.n.support.vectors", 
"RS.index", "RS.n.solutions", "RS.generations", "RS.n.evaluations", 
"RS.cpu.time", "DF.cost", "DF.gamma", "DF.data.balancing", "DF.feature.selection", 
"DF.valid.acc", "DF.test.acc", "DF.train.time", "DF.n.support.vectors", 
"DF.index", "DF.n.solutions", "DF.generations", "DF.n.evaluations", 
"DF.cpu.time")))
