full <-
structure(c(50, 55, 60, 65, 70, 75, 80, 85, 90, 95, 100, 3.37988, 
0.54914, 1.42308, 0.55996, 3.92894, 4.68826, 2.41431, 5.19972, 
9.03469, 1.53495, 2.74259, -1.48006, -1.53858, -7.0065, -5.60736, 
-9.22644, -7.53344, 0.60353, 0.22981, 0.04861, -6.05273, -1.49311, 
0, 0, 0, 0, 0, 0, 0, 0, 0, 0, 0, 0, 0, 0, 0, 0, 0, 0, 0, 0, 0, 
0, 0.46036, 0.48405, 0.43194, 0.40278, 0.45139, 0.42952, 0.4068, 
0.43505, 0.42046, 0.46057, 0.45064, 0.44274, 0.45905, 0.40099, 
0.33492, 0.41667, 0.3723, 0.4068, 0.42596, 0.42955, 0.41121, 
0.41524, 0.0126, 0.0137, 0.0128, 0.014, 0.0135, 0.0142, 0.0158, 
0.0157, 0.0169, 0.0157, 0.0181, 49.6, 54.4, 56.5, 62.5, 67, 71.1, 
78.4, 83.2, 88, 90.4, 98.4, 311, 1791, 1517, 108, 612, 284, 5, 
23, 37, 1308, 466, 695, 39, 15, 48, 64, 92, 1331, 1371, 1286, 
21, 666, 100, 100, 100, 100, 100, 100, 100, 100, 100, 100, 100, 
2500, 2500, 2500, 2500, 2500, 2500, 2500, 2500, 2500, 2500, 2500, 
6158.691, 6109.574, 6139.783, 6381.194, 6114.264, 6113.11599999999, 
6196.227, 6222.289, 6229.871, 6193.23, 6164.788, 0.00731, 0.63867, 
-0.09278, 10.10217, 3.45588, 4.5365, 0.71226, 10.79256, 7.57252, 
7.73897, 11.99791, -2.90151, -1.32558, -4.73653, -8.65802, -8.77299, 
-7.40127, -2.06305, 0.12227, 0.41569, -9.71125, -1.49379, 0, 
0, 0, 0, 0, 0, 0, 0, 0, 0, 0, 0, 0, 0, 0, 0, 0, 0, 0, 0, 0, 0, 
0.46179, 0.47155, 0.43016, 0.42917, 0.45139, 0.42952, 0.42335, 
0.43505, 0.42046, 0.45375, 0.45064, 0.4594, 0.44655, 0.41349, 
0.26845, 0.41667, 0.36119, 0.36478, 0.42596, 0.42955, 0.41399, 
0.41524, 0.0128, 0.0137, 0.0133, 0.0177, 0.0134, 0.014, 0.0149, 
0.0176, 0.0184, 0.0168, 0.0188, 49.2, 54.4, 57.3, 59.3, 67, 71.1, 
78.3, 83.2, 88, 87.3, 98.4, 1282, 1565, 14, 1359, 326, 1010, 
2007, 28, 4, 128, 226, 1, 1, 5, 1, 5, 1, 1, 76, 75, 3, 5, 100, 
100, 100, 100, 100, 100, 100, 100, 100, 100, 100, 2500, 2500, 
2500, 2500, 2500, 2500, 2500, 2500, 2500, 2500, 2500, 6158.372, 
6126.35, 6214.529, 6459.477, 6122.917, 6152.14600000001, 6221.387, 
6353.048, 6208.395, 6155.859, 6266.07100000001, 1, 1, 1, 1, 1, 
1, 1, 1, 1, 1, 1, 0.08333, 0.08333, 0.08333, 0.08333, 0.08333, 
0.08333, 0.08333, 0.08333, 0.08333, 0.08333, 0.08333, 0, 0, 0, 
0, 0, 0, 0, 0, 0, 0, 0, 0, 0, 0, 0, 0, 0, 0, 0, 0, 0, 0, 0.4394, 
0.44321, 0.39226, 0.32381, 0.38778, 0.33008, 0.31003, 0.37429, 
0.34068, 0.41537, 0.38138, 0.44512, 0.45, 0.37877, 0.29702, 0.38028, 
0.33925, 0.35043, 0.35611, 0.34598, 0.38267, 0.39123, 0.0129, 
0.013, 0.0134, 0.0138, 0.0137, 0.0151, 0.0146, 0.0161, 0.0171, 
0.0165, 0.0197, 49.1, 53.1, 58, 63.1, 67.7, 72.9, 77.6, 82.4, 
87.5, 92.1, 97, 1, 1, 1, 1, 1, 1, 1, 1, 1, 1, 1, 1, 1, 1, 1, 
1, 1, 1, 1, 1, 1, 1, 1, 1, 1, 1, 1, 1, 1, 1, 1, 1, 1, 1, 1, 1, 
1, 1, 1, 1, 1, 1, 1, 1, 2.436, 2.438, 2.547, 2.559, 2.387, 2.523, 
2.414, 2.529, 2.584, 2.49, 2.653), .Dim = c(11L, 40L), .Dimnames = list(
    NULL, c("Sampling", "PSO.cost", "PSO.gamma", "PSO.data.balancing", 
    "PSO.feature.selection", "PSO.valid.acc", "PSO.test.acc", 
    "PSO.train.time", "PSO.n.support.vectors", "PSO.index", "PSO.n.solutions", 
    "PSO.generations", "PSO.n.evaluations", "PSO.cpu.time", "RS.cost", 
    "RS.gamma", "RS.data.balancing", "RS.feature.selection", 
    "RS.valid.acc", "RS.test.acc", "RS.train.time", "RS.n.support.vectors", 
    "RS.index", "RS.n.solutions", "RS.generations", "RS.n.evaluations", 
    "RS.cpu.time", "DF.cost", "DF.gamma", "DF.data.balancing", 
    "DF.feature.selection", "DF.valid.acc", "DF.test.acc", "DF.train.time", 
    "DF.n.support.vectors", "DF.index", "DF.n.solutions", "DF.generations", 
    "DF.n.evaluations", "DF.cpu.time")))
