full <-
structure(c(50, 55, 60, 65, 70, 75, 80, 85, 90, 95, 100, 14.68384, 
15, 15, 4.06455, 5.09113, 11.8137, 10.72749, 9.99168, 10.86648, 
13.64535, 12.05291, -10.67563, -14.43068, -13.1178, -7.09109, 
-6.95546, -11.40282, -14.7894, -13.16669, -13.38254, -15, -11.17945, 
0, 0, 0, 0, 0, 0, 0, 0, 0, 0, 0, 0, 0, 0, 0, 0, 0, 0, 0, 0, 0, 
0, 0.76022, 0.76394, 0.78499, 0.77538, 0.76975, 0.77469, 0.7776, 
0.77541, 0.78009, 0.76629, 0.765, 0.72225, 0.74754, 0.76154, 
0.76, 0.75838, 0.7546, 0.76507, 0.76584, 0.77119, 0.76631, 0.744, 
0.5477, 0.1846, 0.2723, 0.1621, 0.2033, 0.2714, 0.2291, 0.2548, 
0.2855, 0.3332, 0.52, 219.7, 222.8, 240.9, 298.3, 313.3, 307.3, 
356, 367.2, 376.2, 399.2, 426.2, 1199, 180, 659, 1035, 1579, 
721, 1489, 1200, 827, 1001, 1137, 5, 223, 6, 32, 3, 89, 5, 3, 
4, 15, 38, 100, 100, 100, 100, 100, 100, 100, 100, 100, 100, 
100, 2500, 2500, 2500, 2500, 2500, 2500, 2500, 2500, 2500, 2500, 
2500, 13410.332, 11981.3, 13194.872, 12237.732, 14884.042, 14584.788, 
14066.599, 15301.582, 15531.354, 16314.002, 23840.073, 14.61295, 
14.56227, 13.0466, 3.58693, 3.9589, 14.94365, 7.09304, 9.01602, 
6.30606, 7.62181, 11.54331, -10.61001, -13.82769, -12.07479, 
-6.88589, -6.85641, -12.96602, -10.69256, -12.26526, -9.29993, 
-10.52175, -10.90469, 0, 0, 0, 0, 0, 0, 0, 0, 0, 0, 0, 0, 0, 
0, 0, 0, 0, 0, 0, 0, 0, 0, 0.75818, 0.76394, 0.78332, 0.77231, 
0.7683, 0.77469, 0.77757, 0.77304, 0.78008, 0.76522, 0.765, 0.72225, 
0.74576, 0.7599, 0.76615, 0.76271, 0.75461, 0.7638, 0.76584, 
0.77453, 0.76526, 0.743, 0.5419, 0.192, 0.2005, 0.1728, 0.1935, 
0.413, 0.2214, 0.2538, 0.2816, 0.3312, 0.482, 220.2, 223, 242.8, 
301.6, 317.4, 303.1, 351.7, 367.7, 386.7, 416.4, 426.5, 639, 
630, 119, 294, 1038, 1150, 861, 2329, 1435, 1835, 2289, 1, 1, 
2, 1, 1, 1, 1, 1, 1, 1, 1, 100, 100, 100, 100, 100, 100, 100, 
100, 100, 100, 100, 2500, 2500, 2500, 2500, 2500, 2500, 2500, 
2500, 2500, 2500, 2500, 11333.824, 11811.214, 12730.137, 13779.588, 
14468.203, 15361.852, 16294.664, 17062.775, 18270.147, 20210.855, 
21158.261, 1, 1, 1, 1, 1, 1, 1, 1, 1, 1, 1, 0.05, 0.05, 0.05, 
0.05, 0.05, 0.05, 0.05, 0.05, 0.05, 0.05, 0.05, 0, 0, 0, 0, 0, 
0, 0, 0, 0, 0, 0, 0, 0, 0, 0, 0, 0, 0, 0, 0, 0, 0, 0.74194, 0.75091, 
0.75657, 0.75231, 0.75699, 0.75598, 0.76249, 0.76584, 0.76339, 
0.74315, 0.747, 0.73606, 0.75438, 0.7599, 0.75231, 0.75422, 0.75198, 
0.76627, 0.76709, 0.76229, 0.74318, 0.749, 0.1163, 0.1333, 0.1608, 
0.1827, 0.2048, 0.2344, 0.2558, 0.2731, 0.3158, 0.3473, 0.3944, 
269, 286.1, 312.3, 342.2, 362.5, 385.7, 411.2, 434.7, 459.5, 
489.8, 517.7, 1, 1, 1, 1, 1, 1, 1, 1, 1, 1, 1, 1, 1, 1, 1, 1, 
1, 1, 1, 1, 1, 1, 1, 1, 1, 1, 1, 1, 1, 1, 1, 1, 1, 1, 1, 1, 1, 
1, 1, 1, 1, 1, 1, 1, 4.259, 4.144, 4.584, 5.44, 5.083, 5.371, 
5.529, 5.63, 6.26, 6.758, 7.166), .Dim = c(11L, 40L), .Dimnames = list(
    NULL, c("Sampling", "PSO.cost", "PSO.gamma", "PSO.data.balancing", 
    "PSO.feature.selection", "PSO.valid.acc", "PSO.test.acc", 
    "PSO.train.time", "PSO.n.support.vectors", "PSO.index", "PSO.n.solutions", 
    "PSO.generations", "PSO.n.evaluations", "PSO.cpu.time", "RS.cost", 
    "RS.gamma", "RS.data.balancing", "RS.feature.selection", 
    "RS.valid.acc", "RS.test.acc", "RS.train.time", "RS.n.support.vectors", 
    "RS.index", "RS.n.solutions", "RS.generations", "RS.n.evaluations", 
    "RS.cpu.time", "DF.cost", "DF.gamma", "DF.data.balancing", 
    "DF.feature.selection", "DF.valid.acc", "DF.test.acc", "DF.train.time", 
    "DF.n.support.vectors", "DF.index", "DF.n.solutions", "DF.generations", 
    "DF.n.evaluations", "DF.cpu.time")))
