full <-
structure(c(50, 55, 60, 65, 70, 75, 80, 85, 90, 95, 100, 15, 
3.77864, 13.29239, 0.91349, 5.68309, 8.18279, 0.02254, -0.31786, 
9.25841, 8.62473, 11.10688, -12.80592, -6.25366, -11.36405, -4.73564, 
-7.53332, -10.63333, -3.05965, -4.02525, -9.62253, -10.24436, 
-15, 0, 0, 0, 0, 0, 0, 0, 0, 0, 0, 0, 0, 0, 0, 0, 0, 0, 0, 0, 
0, 0, 0, 0.76415, 0.76551, 0.78009, 0.76489, 0.7786, 0.76279, 
0.75993, 0.75526, 0.77456, 0.76316, 0.763, 0.7365, 0.74193, 0.76833, 
0.74785, 0.7585, 0.76013, 0.75617, 0.74467, 0.77008, 0.74421, 
0.76, 0.2216, 0.1286, 0.2781, 0.1694, 0.1849, 0.2089, 0.2716, 
0.2674, 0.3261, 0.3134, 0.3343, 204.5, 262.2, 252.7, 330.5, 307, 
329.7, 479, 448, 385.8, 410.5, 452.2, 1443, 1196, 761, 1647, 
916, 1188, 1633, 2362, 442, 729, 70, 4, 12, 127, 7, 245, 132, 
32, 1, 71, 145, 74, 100, 100, 100, 100, 100, 100, 100, 100, 100, 
100, 100, 2500, 2500, 2500, 2500, 2500, 2500, 2500, 2500, 2500, 
2500, 2500, 12826.616, 11979.56, 15086.884, 13050.132, 13108.431, 
14112.597, 15580.82, 17424.598, 17145.047, 16054.7450000001, 
16882.025, 14.69296, 12.07243, 14.91425, 2.11613, 5.60576, 6.65656, 
3.36818, 8.55302, 9.38945, 2.05637, 10.75659, -12.65751, -10.38976, 
-12.18421, -5.67593, -7.48517, -9.48958, -7.33411, -10.01878, 
-9.72715, -5.90207, -14.57176, 0, 0, 0, 0, 0, 0, 0, 0, 0, 0, 
0, 0, 0, 0, 0, 0, 0, 0, 0, 0, 0, 0, 0.75611, 0.76372, 0.78009, 
0.76179, 0.77716, 0.76144, 0.75866, 0.75519, 0.77343, 0.76526, 
0.762, 0.73846, 0.74018, 0.77167, 0.75561, 0.75707, 0.75476, 
0.74613, 0.75988, 0.76784, 0.75789, 0.759, 0.2115, 0.2286, 0.3731, 
0.1594, 0.1867, 0.1971, 0.2312, 0.2595, 0.3319, 0.3149, 0.3299, 
204.7, 235.2, 251.7, 314.7, 307.5, 336.3, 371.6, 365.3, 385.7, 
454.4, 450.7, 1536, 1468, 956, 2381, 860, 1204, 1632, 856, 554, 
1130, 730, 2, 1, 1, 1, 1, 1, 1, 1, 1, 1, 7, 100, 100, 100, 100, 
100, 100, 100, 100, 100, 100, 100, 2500, 2500, 2500, 2500, 2500, 
2500, 2500, 2500, 2500, 2500, 2500, 11537.23, 12504.906, 12853.915, 
13509.302, 14862.171, 15500.439, 16582.5, 17520.428, 18232.975, 
19280.451, 21321.314, 1, 1, 1, 1, 1, 1, 1, 1, 1, 1, 1, 0.05, 
0.05, 0.05, 0.05, 0.05, 0.05, 0.05, 0.05, 0.05, 0.05, 0.05, 0, 
0, 0, 0, 0, 0, 0, 0, 0, 0, 0, 0, 0, 0, 0, 0, 0, 0, 0, 0, 0, 0, 
0.7241, 0.73645, 0.73158, 0.75097, 0.75995, 0.7467, 0.74234, 
0.7517, 0.74341, 0.74526, 0.743, 0.74582, 0.73823, 0.7283, 0.73535, 
0.7414, 0.75737, 0.75356, 0.7423, 0.74452, 0.76105, 0.758, 0.1163, 
0.1359, 0.1551, 0.1677, 0.1918, 0.2204, 0.241, 0.2626, 0.2995, 
0.3288, 0.3587, 268.9, 295.6, 320.8, 340.1, 365.6, 391.6, 410, 
437.9, 465.1, 492.3, 516.1, 1, 1, 1, 1, 1, 1, 1, 1, 1, 1, 1, 
1, 1, 1, 1, 1, 1, 1, 1, 1, 1, 1, 1, 1, 1, 1, 1, 1, 1, 1, 1, 1, 
1, 1, 1, 1, 1, 1, 1, 1, 1, 1, 1, 1, 4.287, 4.67, 4.587, 4.908, 
5.194, 5.48, 5.615, 5.939, 5.987, 6.278, 6.873), .Dim = c(11L, 
40L), .Dimnames = list(NULL, c("Sampling", "PSO.cost", "PSO.gamma", 
"PSO.data.balancing", "PSO.feature.selection", "PSO.valid.acc", 
"PSO.test.acc", "PSO.train.time", "PSO.n.support.vectors", "PSO.index", 
"PSO.n.solutions", "PSO.generations", "PSO.n.evaluations", "PSO.cpu.time", 
"RS.cost", "RS.gamma", "RS.data.balancing", "RS.feature.selection", 
"RS.valid.acc", "RS.test.acc", "RS.train.time", "RS.n.support.vectors", 
"RS.index", "RS.n.solutions", "RS.generations", "RS.n.evaluations", 
"RS.cpu.time", "DF.cost", "DF.gamma", "DF.data.balancing", "DF.feature.selection", 
"DF.valid.acc", "DF.test.acc", "DF.train.time", "DF.n.support.vectors", 
"DF.index", "DF.n.solutions", "DF.generations", "DF.n.evaluations", 
"DF.cpu.time")))
