full <-
structure(c(50, 55, 60, 65, 70, 75, 80, 85, 90, 95, 100, 15, 
4.70365, 2.53223, 9.75511, 1.65342, 2.78093, 13.6729, 3.37132, 
2.8145, 3.06549, 12.02341, -11.13013, -6.66796, -6.07097, -9.02356, 
-4.37078, -6.10983, -12.52295, -6.83646, -6.6584, -6.55382, -14.09635, 
0, 0, 0, 0, 0, 0, 0, 0, 0, 0, 0, 0, 0, 0, 0, 0, 0, 0, 0, 0, 0, 
0, 0.77812, 0.78545, 0.77165, 0.78321, 0.78987, 0.77487, 0.78375, 
0.76941, 0.77227, 0.7589, 0.761, 0.73604, 0.77636, 0.7599, 0.77862, 
0.77418, 0.76017, 0.755, 0.76706, 0.76554, 0.74621, 0.75, 0.4599, 
0.1316, 0.147, 0.2321, 0.2051, 0.2144, 0.3667, 0.2582, 0.3005, 
0.3341, 0.3655, 208.4, 245.7, 282.6, 275.8, 359.8, 349.5, 323.7, 
387.2, 420.8, 441.8, 431.5, 2195, 1099, 878, 1597, 366, 1333, 
1803, 1074, 1458, 1861, 84, 1, 50, 200, 2, 132, 72, 2, 21, 58, 
59, 10, 100, 100, 100, 100, 100, 100, 100, 100, 100, 100, 100, 
2500, 2500, 2500, 2500, 2500, 2500, 2500, 2500, 2500, 2500, 2500, 
13796.687, 10807.597, 11148.001, 13102.567, 12668.853, 13201.518, 
17418.316, 14743.072, 17440.521, 17808.181, 17817.293, 14.37427, 
4.70786, 8.22009, 9.03261, 1.10055, 13.76814, 13.94296, 7.08721, 
2.41967, 11.15211, 2.04237, -10.84406, -6.65909, -9.44485, -8.62733, 
-4.48713, -14.46421, -12.63493, -9.20707, -6.18827, -10.33429, 
-6.48675, 0, 0, 0, 0, 0, 0, 0, 0, 0, 0, 0, 0, 0, 0, 0, 0, 0, 
0, 0, 0, 0, 0, 0.77416, 0.78364, 0.7699, 0.77859, 0.78279, 0.77206, 
0.7825, 0.76706, 0.77004, 0.75685, 0.762, 0.73808, 0.77636, 0.74143, 
0.77402, 0.77422, 0.76943, 0.75375, 0.75412, 0.7622, 0.74423, 
0.75, 0.3976, 0.1294, 0.1597, 0.2181, 0.2079, 0.2387, 0.3769, 
0.2667, 0.3062, 0.4763, 0.3717, 209, 245.9, 253.5, 276.7, 355.2, 
308.4, 323.9, 367.3, 424.3, 409.5, 477.1, 648, 145, 231, 1949, 
1535, 1325, 842, 2410, 787, 2497, 1026, 1, 1, 1, 1, 1, 1, 1, 
1, 4, 1, 1, 100, 100, 100, 100, 100, 100, 100, 100, 100, 100, 
100, 2500, 2500, 2500, 2500, 2500, 2500, 2500, 2500, 2500, 2500, 
2500, 11173.372, 11639.95, 12349.543, 13333.133, 14107.035, 15097.054, 
16117.861, 17256.678, 18409.655, 20294.722, 21387.275, 1, 1, 
1, 1, 1, 1, 1, 1, 1, 1, 1, 0.05, 0.05, 0.05, 0.05, 0.05, 0.05, 
0.05, 0.05, 0.05, 0.05, 0.05, 0, 0, 0, 0, 0, 0, 0, 0, 0, 0, 0, 
0, 0, 0, 0, 0, 0, 0, 0, 0, 0, 0, 0.73992, 0.75818, 0.75676, 0.75083, 
0.76997, 0.76015, 0.74625, 0.74824, 0.7567, 0.73788, 0.744, 0.72776, 
0.75091, 0.75343, 0.75696, 0.75428, 0.75347, 0.76125, 0.74824, 
0.75883, 0.74312, 0.753, 0.116, 0.1384, 0.1619, 0.1803, 0.2013, 
0.2307, 0.2595, 0.276, 0.3171, 0.358, 0.3835, 267, 290.1, 311.9, 
339, 363.8, 388.6, 416.2, 435.1, 466, 493.7, 516.9, 1, 1, 1, 
1, 1, 1, 1, 1, 1, 1, 1, 1, 1, 1, 1, 1, 1, 1, 1, 1, 1, 1, 1, 1, 
1, 1, 1, 1, 1, 1, 1, 1, 1, 1, 1, 1, 1, 1, 1, 1, 1, 1, 1, 1, 4.084, 
4.237, 4.558, 4.779, 4.856, 5.267, 5.56, 5.84, 6.175, 6.853, 
6.876), .Dim = c(11L, 40L), .Dimnames = list(NULL, c("Sampling", 
"PSO.cost", "PSO.gamma", "PSO.data.balancing", "PSO.feature.selection", 
"PSO.valid.acc", "PSO.test.acc", "PSO.train.time", "PSO.n.support.vectors", 
"PSO.index", "PSO.n.solutions", "PSO.generations", "PSO.n.evaluations", 
"PSO.cpu.time", "RS.cost", "RS.gamma", "RS.data.balancing", "RS.feature.selection", 
"RS.valid.acc", "RS.test.acc", "RS.train.time", "RS.n.support.vectors", 
"RS.index", "RS.n.solutions", "RS.generations", "RS.n.evaluations", 
"RS.cpu.time", "DF.cost", "DF.gamma", "DF.data.balancing", "DF.feature.selection", 
"DF.valid.acc", "DF.test.acc", "DF.train.time", "DF.n.support.vectors", 
"DF.index", "DF.n.solutions", "DF.generations", "DF.n.evaluations", 
"DF.cpu.time")))
