full <-
structure(c(50, 55, 60, 65, 70, 75, 80, 85, 90, 95, 100, 4.79967, 
1.69249, 1.76903, 2.33074, 9.93753, 2.1262, 4.42708, 12.78335, 
7.76281, 4.54543, 6.92044, -6.91499, -5.00043, -5.31222, -6.59322, 
-10.07161, -5.52313, -6.91274, -14.4235, -10.56057, -7.83847, 
-9.49211, 0, 0, 0, 0, 0, 0, 0, 0, 0, 0, 0, 0, 0, 0, 0, 0, 0, 
0, 0, 0, 0, 0, 0.76998, 0.77303, 0.77663, 0.7737, 0.77291, 0.77341, 
0.77117, 0.76585, 0.76778, 0.77375, 0.764, 0.76602, 0.76384, 
0.75668, 0.7445, 0.76575, 0.75604, 0.76491, 0.75403, 0.75444, 
0.76537, 0.763, 0.1187, 0.1403, 0.1656, 0.1789, 0.2366, 0.233, 
0.2469, 0.2805, 0.292, 0.345, 0.3749, 238.5, 287.1, 307, 322.9, 
302, 363.3, 363.2, 361.8, 393.6, 433.5, 442.4, 967, 2109, 1663, 
1762, 1729, 323, 751, 1987, 1924, 830, 1210, 26, 4, 8, 3, 6, 
178, 66, 2, 18, 176, 61, 100, 100, 100, 100, 100, 100, 100, 100, 
100, 100, 100, 2500, 2500, 2500, 2500, 2500, 2500, 2500, 2500, 
2500, 2500, 2500, 11824.136, 12079.443, 17551.509, 18265.957, 
19257.178, 19648.71, 20462.571, 22887.393, 22048.127, 21815.002, 
23174.813, 4.54613, 1.74361, 3.98371, 4.71169, 0.90207, 3.24776, 
14.61927, 14.28549, 8.26921, 4.82234, 7.86751, -6.80285, -5.03481, 
-6.62414, -8.16935, -4.08418, -5.96989, -12.67995, -13.37602, 
-10.94809, -8.28931, -9.8593, 0, 0, 0, 0, 0, 0, 0, 0, 0, 0, 0, 
0, 0, 0, 0, 0, 0, 0, 0, 0, 0, 0, 0.76598, 0.77303, 0.77168, 0.77222, 
0.77426, 0.76809, 0.77375, 0.76473, 0.76444, 0.77163, 0.761, 
0.76398, 0.76384, 0.75499, 0.75065, 0.76142, 0.75069, 0.76003, 
0.75412, 0.74889, 0.76011, 0.762, 0.1169, 0.1415, 0.1649, 0.1779, 
0.2186, 0.2279, 0.4651, 0.3939, 0.2901, 0.3413, 0.3822, 238.8, 
286.3, 290.2, 306.9, 375.5, 353.3, 333, 351.9, 392.4, 432.1, 
438.3, 819, 620, 835, 1790, 1967, 922, 1846, 2345, 653, 1978, 
554, 1, 2, 2, 1, 1, 1, 1, 1, 1, 1, 1, 100, 100, 100, 100, 100, 
100, 100, 100, 100, 100, 100, 2500, 2500, 2500, 2500, 2500, 2500, 
2500, 2500, 2500, 2500, 2500, 12238.785, 13321.244, 18785.722, 
19636.809, 20528.035, 21582.345, 22141.407, 23287.361, 24855.88, 
26099.804, 27415.347, 1, 1, 1, 1, 1, 1, 1, 1, 1, 1, 1, 0.05, 
0.05, 0.05, 0.05, 0.05, 0.05, 0.05, 0.05, 0.05, 0.05, 0.05, 0, 
0, 0, 0, 0, 0, 0, 0, 0, 0, 0, 0, 0, 0, 0, 0, 0, 0, 0, 0, 0, 0, 
0.74394, 0.74562, 0.73829, 0.75214, 0.74282, 0.73733, 0.75864, 
0.75286, 0.74333, 0.74421, 0.748, 0.73394, 0.74202, 0.74996, 
0.74296, 0.75001, 0.7413, 0.76364, 0.74228, 0.74556, 0.74953, 
0.746, 0.1206, 0.1424, 0.1698, 0.1913, 0.2108, 0.2378, 0.2647, 
0.2922, 0.3243, 0.3774, 0.4106, 276.4, 301, 329.4, 348.6, 370.8, 
394.9, 416.1, 441.5, 463.4, 491.5, 513.6, 1, 1, 1, 1, 1, 1, 1, 
1, 1, 1, 1, 1, 1, 1, 1, 1, 1, 1, 1, 1, 1, 1, 1, 1, 1, 1, 1, 1, 
1, 1, 1, 1, 1, 1, 1, 1, 1, 1, 1, 1, 1, 1, 1, 1, 4.566, 5.082, 
7.072, 6.908, 6.877, 7.638, 8.361, 8.436, 9.033, 9.035, 9.641
), .Dim = c(11L, 40L), .Dimnames = list(NULL, c("Sampling", "PSO.cost", 
"PSO.gamma", "PSO.data.balancing", "PSO.feature.selection", "PSO.valid.acc", 
"PSO.test.acc", "PSO.train.time", "PSO.n.support.vectors", "PSO.index", 
"PSO.n.solutions", "PSO.generations", "PSO.n.evaluations", "PSO.cpu.time", 
"RS.cost", "RS.gamma", "RS.data.balancing", "RS.feature.selection", 
"RS.valid.acc", "RS.test.acc", "RS.train.time", "RS.n.support.vectors", 
"RS.index", "RS.n.solutions", "RS.generations", "RS.n.evaluations", 
"RS.cpu.time", "DF.cost", "DF.gamma", "DF.data.balancing", "DF.feature.selection", 
"DF.valid.acc", "DF.test.acc", "DF.train.time", "DF.n.support.vectors", 
"DF.index", "DF.n.solutions", "DF.generations", "DF.n.evaluations", 
"DF.cpu.time")))
