full <-
structure(c(50, 55, 60, 65, 70, 75, 80, 85, 90, 95, 100, 2.41631, 
13.23143, 0.54022, 10.33804, 0.36628, 2.14718, 6.48853, 2.12041, 
1.36571, 0.73962, 1.35434, -2.94773, -13.79955, -2.37689, -14.58335, 
-3.30218, -3.40767, -8.89047, -4.4121, -5.18546, -3.80254, -5.11644, 
0, 0, 0, 0, 0, 0, 0, 0, 0, 0, 0, 0, 0, 0, 0, 0, 0, 0, 0, 0, 0, 
0, 0.7417, 0.75632, 0.75179, 0.75839, 0.78445, 0.76116, 0.77004, 
0.77888, 0.76428, 0.77583, 0.769, 0.75978, 0.75261, 0.73185, 
0.73995, 0.7571, 0.75056, 0.75377, 0.76119, 0.75101, 0.76533, 
0.766, 0.1527, 0.1394, 0.2154, 0.1681, 0.2318, 0.2926, 0.2401, 
0.2988, 0.3117, 0.3663, 0.3841, 336.7, 225.8, 434.7, 305.3, 419.8, 
447.6, 353.6, 430.1, 443.7, 507.5, 488.7, 703, 1443, 2145, 1724, 
2020, 1858, 1214, 869, 1698, 1044, 1269, 72, 2, 30, 1, 30, 45, 
86, 104, 16, 234, 62, 100, 100, 100, 100, 100, 100, 100, 100, 
100, 100, 100, 2500, 2500, 2500, 2500, 2500, 2500, 2500, 2500, 
2500, 2500, 2500, 11109.272, 12061.455, 13226.203, 14227.019, 
14094.884, 14728.717, 14289.745, 15649.593, 16937.143, 17910.704, 
17988.834, 2.54528, 3.81121, 0.79492, 4.06827, 0.87083, 2.02009, 
2.00574, 2.44507, 2.02195, 0.98196, 1.69424, -2.95513, -4.86266, 
-2.16265, -6.09419, -3.45705, -3.43352, -5.1405, -4.74142, -5.56806, 
-3.841, -5.36137, 0, 0, 0, 0, 0, 0, 0, 0, 0, 0, 0, 0, 0, 0, 0, 
0, 0, 0, 0, 0, 0, 0, 0.7417, 0.75314, 0.74679, 0.76473, 0.7816, 
0.75717, 0.77006, 0.77304, 0.76102, 0.77265, 0.767, 0.75578, 
0.74216, 0.72849, 0.73375, 0.77004, 0.75195, 0.76629, 0.76469, 
0.75315, 0.76533, 0.762, 0.1483, 0.1495, 0.2167, 0.174, 0.2304, 
0.2924, 0.2516, 0.2879, 0.3103, 0.3711, 0.3615, 336, 275.5, 453.3, 
303.7, 408.6, 444.7, 389.1, 419.4, 434.4, 504.2, 481.8, 1422, 
542, 515, 2201, 940, 2202, 664, 2411, 1533, 488, 2109, 1, 1, 
2, 1, 1, 1, 1, 1, 1, 2, 1, 100, 100, 100, 100, 100, 100, 100, 
100, 100, 100, 100, 2500, 2500, 2500, 2500, 2500, 2500, 2500, 
2500, 2500, 2500, 2500, 11364.7, 12068.681, 12996.847, 13905.322, 
14670.283, 15736.958, 16692.966, 17598.44, 19287.636, 20311.21, 
21678.835, 1, 1, 1, 1, 1, 1, 1, 1, 1, 1, 1, 0.05, 0.05, 0.05, 
0.05, 0.05, 0.05, 0.05, 0.05, 0.05, 0.05, 0.05, 0, 0, 0, 0, 0, 
0, 0, 0, 0, 0, 0, 0, 0, 0, 0, 0, 0, 0, 0, 0, 0, 0, 0.72178, 0.73479, 
0.71998, 0.74767, 0.76449, 0.73459, 0.75004, 0.75193, 0.74876, 
0.75475, 0.75, 0.73774, 0.72573, 0.72846, 0.7431, 0.75153, 0.74517, 
0.74999, 0.75424, 0.75888, 0.7569, 0.753, 0.1234, 0.1366, 0.1546, 
0.1796, 0.2218, 0.2287, 0.2652, 0.2933, 0.3201, 0.3686, 0.3788, 
278.3, 297.9, 321.4, 350.1, 372.3, 394.8, 420, 443.1, 472, 488.2, 
516, 1, 1, 1, 1, 1, 1, 1, 1, 1, 1, 1, 1, 1, 1, 1, 1, 1, 1, 1, 
1, 1, 1, 1, 1, 1, 1, 1, 1, 1, 1, 1, 1, 1, 1, 1, 1, 1, 1, 1, 1, 
1, 1, 1, 1, 4.205, 4.452, 4.651, 4.881, 5.441, 5.511, 5.76, 6.268, 
6.427, 6.912, 6.994), .Dim = c(11L, 40L), .Dimnames = list(NULL, 
    c("Sampling", "PSO.cost", "PSO.gamma", "PSO.data.balancing", 
    "PSO.feature.selection", "PSO.valid.acc", "PSO.test.acc", 
    "PSO.train.time", "PSO.n.support.vectors", "PSO.index", "PSO.n.solutions", 
    "PSO.generations", "PSO.n.evaluations", "PSO.cpu.time", "RS.cost", 
    "RS.gamma", "RS.data.balancing", "RS.feature.selection", 
    "RS.valid.acc", "RS.test.acc", "RS.train.time", "RS.n.support.vectors", 
    "RS.index", "RS.n.solutions", "RS.generations", "RS.n.evaluations", 
    "RS.cpu.time", "DF.cost", "DF.gamma", "DF.data.balancing", 
    "DF.feature.selection", "DF.valid.acc", "DF.test.acc", "DF.train.time", 
    "DF.n.support.vectors", "DF.index", "DF.n.solutions", "DF.generations", 
    "DF.n.evaluations", "DF.cpu.time")))
