full <-
structure(c(50, 55, 60, 65, 70, 75, 80, 85, 90, 95, 100, 9.70054, 
2.93922, 0.82964, 5.31724, 14.97125, 1.53152, 9.11866, 7.9567, 
2.95791, 6.50966, 3.60332, -15, -6.64434, -4.23987, -8.07081, 
-14.23072, -3.95393, -10.79104, -9.86615, -5.6503, -9.62255, 
-7.41447, 0, 0, 0, 0, 0, 0, 0, 0, 0, 0, 0, 0, 0, 0, 0, 0, 0, 
0, 0, 0, 0, 0, 0.72828, 0.7691, 0.75333, 0.74782, 0.75996, 0.75873, 
0.74635, 0.75537, 0.76343, 0.77376, 0.764, 0.71624, 0.73656, 
0.74333, 0.73087, 0.73712, 0.74932, 0.7452, 0.75412, 0.73894, 
0.76633, 0.754, 0.1113, 0.1293, 0.1616, 0.1731, 0.2836, 0.2515, 
0.2506, 0.2776, 0.3136, 0.3252, 0.3589, 252.4, 268.4, 325.2, 
303.8, 294.1, 414.2, 359, 381.4, 433.1, 431.7, 463.1, 281, 739, 
672, 1327, 1580, 2018, 533, 1054, 1188, 575, 53, 102, 182, 322, 
37, 1, 15, 235, 84, 23, 13, 43, 100, 100, 100, 100, 100, 100, 
100, 100, 100, 100, 100, 2500, 2500, 2500, 2500, 2500, 2500, 
2500, 2500, 2500, 2500, 2500, 10588.61, 11036.175, 11845.971, 
12570.583, 14333.498, 14337.208, 14369.962, 15650.686, 16898.787, 
16826.799, 24277.689, 7.9801, 1.9793, 1.2747, 1.27476, 13.15667, 
1.88346, 9.00182, 13.05616, 2.93729, 8.97436, 14.75046, -13.25934, 
-6.10098, -4.68134, -4.39243, -13.16761, -4.40644, -10.71844, 
-14.45714, -5.69123, -12.01801, -12.78917, 0, 0, 0, 0, 0, 0, 
0, 0, 0, 0, 0, 0, 0, 0, 0, 0, 0, 0, 0, 0, 0, 0, 0.72631, 0.76549, 
0.75, 0.7478, 0.75431, 0.7574, 0.7451, 0.75303, 0.76009, 0.77271, 
0.762, 0.7182, 0.74545, 0.74167, 0.74001, 0.73716, 0.75734, 0.7452, 
0.75178, 0.74006, 0.75796, 0.758, 0.1118, 0.1362, 0.1601, 0.1816, 
0.2298, 0.2362, 0.2518, 0.2814, 0.3082, 0.3185, 0.6873, 252.1, 
274.6, 314.6, 348.2, 296, 395.7, 359.5, 371.7, 432.9, 427.9, 
421.8, 2031, 18, 1041, 537, 1127, 2488, 1878, 1328, 1873, 597, 
1263, 1, 2, 2, 1, 1, 1, 1, 2, 1, 1, 1, 100, 100, 100, 100, 100, 
100, 100, 100, 100, 100, 100, 2500, 2500, 2500, 2500, 2500, 2500, 
2500, 2500, 2500, 2500, 2500, 11541.784, 12127.107, 12918.319, 
13495.438, 14546.204, 15376.645, 16320.615, 17817.485, 18960.519, 
20340.571, 21603.744, 1, 1, 1, 1, 1, 1, 1, 1, 1, 1, 1, 0.05, 
0.05, 0.05, 0.05, 0.05, 0.05, 0.05, 0.05, 0.05, 0.05, 0.05, 0, 
0, 0, 0, 0, 0, 0, 0, 0, 0, 0, 0, 0, 0, 0, 0, 0, 0, 0, 0, 0, 0, 
0.70819, 0.73825, 0.72, 0.7401, 0.73133, 0.74003, 0.73737, 0.73412, 
0.74891, 0.74733, 0.756, 0.72812, 0.73074, 0.73667, 0.73847, 
0.72992, 0.72799, 0.72985, 0.73765, 0.74338, 0.75469, 0.753, 
0.1198, 0.1429, 0.162, 0.1864, 0.2074, 0.2337, 0.2588, 0.2853, 
0.3131, 0.3543, 0.3804, 278.6, 300.4, 323.6, 349.9, 370.1, 396, 
425.1, 448.6, 471.3, 497.1, 513.6, 1, 1, 1, 1, 1, 1, 1, 1, 1, 
1, 1, 1, 1, 1, 1, 1, 1, 1, 1, 1, 1, 1, 1, 1, 1, 1, 1, 1, 1, 1, 
1, 1, 1, 1, 1, 1, 1, 1, 1, 1, 1, 1, 1, 1, 4.358, 4.358, 4.608, 
4.812, 5.029, 5.391, 5.7, 6.069, 6.22, 6.757, 6.932), .Dim = c(11L, 
40L), .Dimnames = list(NULL, c("Sampling", "PSO.cost", "PSO.gamma", 
"PSO.data.balancing", "PSO.feature.selection", "PSO.valid.acc", 
"PSO.test.acc", "PSO.train.time", "PSO.n.support.vectors", "PSO.index", 
"PSO.n.solutions", "PSO.generations", "PSO.n.evaluations", "PSO.cpu.time", 
"RS.cost", "RS.gamma", "RS.data.balancing", "RS.feature.selection", 
"RS.valid.acc", "RS.test.acc", "RS.train.time", "RS.n.support.vectors", 
"RS.index", "RS.n.solutions", "RS.generations", "RS.n.evaluations", 
"RS.cpu.time", "DF.cost", "DF.gamma", "DF.data.balancing", "DF.feature.selection", 
"DF.valid.acc", "DF.test.acc", "DF.train.time", "DF.n.support.vectors", 
"DF.index", "DF.n.solutions", "DF.generations", "DF.n.evaluations", 
"DF.cpu.time")))
