full <-
structure(c(50, 55, 60, 65, 70, 75, 80, 85, 90, 95, 100, 9.61635, 
6.502, 0.18007, 6.0769, 5.47112, 11.83133, 8.81522, 10.49786, 
11.48387, 7.89009, 7.3706, -12.59543, -6.99958, -4.67738, -9.38385, 
-9.52664, -9.37171, -8.17983, -11.98936, -12.49306, -10.37719, 
-9.07179, 0, 0, 0, 0, 0, 0, 0, 0, 0, 0, 0, 0, 0, 0, 0, 0, 0, 
0, 0, 0, 0, 0, 0.74462, 0.76023, 0.75651, 0.76009, 0.75273, 0.74811, 
0.77131, 0.76593, 0.76551, 0.7737, 0.765, 0.71873, 0.75455, 0.74668, 
0.76165, 0.75289, 0.72812, 0.73765, 0.753, 0.73554, 0.76524, 
0.757, 0.1134, 0.1476, 0.1602, 0.1649, 0.187, 0.5299, 0.3248, 
0.2722, 0.3157, 0.3242, 0.3691, 226.8, 239.6, 314.1, 292, 325.7, 
314, 336.5, 360.3, 384.8, 413.9, 435.4, 188, 2065, 974, 408, 
1164, 1805, 690, 615, 500, 724, 584, 81, 14, 66, 71, 11, 13, 
37, 78, 64, 111, 75, 100, 100, 100, 100, 100, 100, 100, 100, 
100, 100, 100, 2500, 2500, 2500, 2500, 2500, 2500, 2500, 2500, 
2500, 2500, 2500, 10829.412, 11705.852, 12143.433, 12518.39, 
12831.912, 16947.532, 18158.273, 16236.984, 15694.308, 16259.5, 
19140.052, 10.45982, 0.77884, -0.00076, 5.31707, 6.17152, 0.40044, 
5.03808, 9.18813, 11.57346, 5.9567, 3.59978, -13.38383, -5.39416, 
-4.50906, -8.89815, -10.27746, -3.48183, -6.27287, -11.05478, 
-12.50476, -9.37161, -6.68309, 0, 0, 0, 0, 0, 0, 0, 0, 0, 0, 
0, 0, 0, 0, 0, 0, 0, 0, 0, 0, 0, 0, 0.74462, 0.7603, 0.75318, 
0.76006, 0.74983, 0.74675, 0.77015, 0.76355, 0.7644, 0.77262, 
0.765, 0.72077, 0.74393, 0.74501, 0.75244, 0.75432, 0.75336, 
0.73388, 0.75419, 0.73554, 0.76102, 0.769, 0.1097, 0.1338, 0.1613, 
0.1667, 0.1919, 0.2554, 0.2566, 0.2675, 0.3262, 0.3147, 0.3544, 
226, 279.6, 318.1, 296.2, 325.9, 433.2, 356.4, 364.5, 384.3, 
427.4, 460.4, 2087, 1007, 2006, 573, 329, 2011, 131, 1031, 383, 
1811, 437, 2, 1, 1, 1, 2, 1, 1, 1, 1, 1, 1, 100, 100, 100, 100, 
100, 100, 100, 100, 100, 100, 100, 2500, 2500, 2500, 2500, 2500, 
2500, 2500, 2500, 2500, 2500, 2500, 11351.062, 12005.955, 12869.241, 
13724.883, 14431.67, 15594.191, 16155.031, 17099.993, 18419.066, 
19631.527, 21042.672, 1, 1, 1, 1, 1, 1, 1, 1, 1, 1, 1, 0.05, 
0.05, 0.05, 0.05, 0.05, 0.05, 0.05, 0.05, 0.05, 0.05, 0.05, 0, 
0, 0, 0, 0, 0, 0, 0, 0, 0, 0, 0, 0, 0, 0, 0, 0, 0, 0, 0, 0, 0, 
0.73626, 0.74565, 0.74821, 0.74617, 0.73025, 0.73599, 0.75131, 
0.73408, 0.73441, 0.7599, 0.76, 0.74046, 0.73838, 0.74829, 0.75855, 
0.73164, 0.73064, 0.72637, 0.73648, 0.73107, 0.75782, 0.764, 
0.1217, 0.1406, 0.1597, 0.1855, 0.2109, 0.237, 0.2596, 0.2839, 
0.3166, 0.3496, 0.391, 279, 295.3, 322.1, 350, 374.4, 400.2, 
418.8, 445.9, 471.3, 488.8, 517.8, 1, 1, 1, 1, 1, 1, 1, 1, 1, 
1, 1, 1, 1, 1, 1, 1, 1, 1, 1, 1, 1, 1, 1, 1, 1, 1, 1, 1, 1, 1, 
1, 1, 1, 1, 1, 1, 1, 1, 1, 1, 1, 1, 1, 1, 4.21, 4.442, 4.675, 
5.053, 5.252, 5.336, 5.588, 5.795, 6.112, 6.612, 7.016), .Dim = c(11L, 
40L), .Dimnames = list(NULL, c("Sampling", "PSO.cost", "PSO.gamma", 
"PSO.data.balancing", "PSO.feature.selection", "PSO.valid.acc", 
"PSO.test.acc", "PSO.train.time", "PSO.n.support.vectors", "PSO.index", 
"PSO.n.solutions", "PSO.generations", "PSO.n.evaluations", "PSO.cpu.time", 
"RS.cost", "RS.gamma", "RS.data.balancing", "RS.feature.selection", 
"RS.valid.acc", "RS.test.acc", "RS.train.time", "RS.n.support.vectors", 
"RS.index", "RS.n.solutions", "RS.generations", "RS.n.evaluations", 
"RS.cpu.time", "DF.cost", "DF.gamma", "DF.data.balancing", "DF.feature.selection", 
"DF.valid.acc", "DF.test.acc", "DF.train.time", "DF.n.support.vectors", 
"DF.index", "DF.n.solutions", "DF.generations", "DF.n.evaluations", 
"DF.cpu.time")))
