full <-
structure(c(50, 55, 60, 65, 70, 75, 80, 85, 90, 95, 100, 3.20638, 
11.14232, 2.69425, 6.06698, 3.5239, 3.61101, 0.74246, 4.79154, 
10.69838, 3.82482, 5.89972, -7.3504, -10.01878, -6.10185, -8.39529, 
-5.95236, -6.68289, -3.51113, -8.46303, -9.93555, -6.4111, -8.4656, 
0, 0, 0, 0, 0, 0, 0, 0, 0, 0, 0, 0, 0, 0, 0, 0, 0, 0, 0, 0, 0, 
0, 0.76024, 0.77083, 0.77684, 0.78026, 0.77714, 0.78792, 0.77748, 
0.75774, 0.76675, 0.7695, 0.763, 0.76008, 0.7583, 0.74011, 0.76471, 
0.76857, 0.75587, 0.77121, 0.7589, 0.75448, 0.7516, 0.759, 0.1085, 
0.1958, 0.1469, 0.1635, 0.189, 0.2015, 0.268, 0.2535, 0.4155, 
0.3169, 0.3574, 241.9, 245.1, 284.8, 288.9, 328.1, 344, 452.4, 
387, 388.9, 435.5, 444.3, 1153, 1110, 1296, 2112, 2236, 686, 
2313, 1610, 1526, 386, 628, 56, 68, 237, 1, 1, 117, 5, 35, 17, 
105, 80, 100, 100, 100, 100, 100, 100, 100, 100, 100, 100, 100, 
2500, 2500, 2500, 2500, 2500, 2500, 2500, 2500, 2500, 2500, 2500, 
9998.424, 12248.051, 10743.377, 11236.854, 12236.77, 12502.532, 
14296.079, 14837.492, 20148.903, 16189.803, 19611.695, 3.43444, 
13.66455, 2.8503, 5.25043, 2.8139, 6.05118, 0.78828, 10.75232, 
11.64013, 4.15259, 5.97029, -6.82678, -11.38282, -6.3558, -7.92024, 
-5.67754, -8.2499, -3.57042, -8.64769, -10.4387, -6.69595, -8.57111, 
0, 0, 0, 0, 0, 0, 0, 0, 0, 0, 0, 0, 0, 0, 0, 0, 0, 0, 0, 0, 0, 
0, 0.76012, 0.76527, 0.77187, 0.77565, 0.77429, 0.78263, 0.77498, 
0.75515, 0.76674, 0.76844, 0.763, 0.75404, 0.75281, 0.7467, 0.76777, 
0.76714, 0.76926, 0.76996, 0.7306, 0.75559, 0.75265, 0.758, 0.1054, 
0.2891, 0.1402, 0.1646, 0.1867, 0.2085, 0.2677, 0.5473, 0.448, 
0.3199, 0.3514, 239, 241.7, 282.2, 291.7, 333.2, 329.4, 447.9, 
359.1, 388.1, 434.2, 443.5, 2308, 2146, 976, 1807, 1259, 2280, 
357, 407, 273, 612, 1562, 1, 1, 1, 1, 2, 1, 1, 1, 1, 1, 1, 100, 
100, 100, 100, 100, 100, 100, 100, 100, 100, 100, 2500, 2500, 
2500, 2500, 2500, 2500, 2500, 2500, 2500, 2500, 2500, 10678.881, 
11512.413, 11969.259, 12754.149, 13519.457, 14390.142, 15386.188, 
16416.816, 17673.299, 19924.381, 23060.148, 1, 1, 1, 1, 1, 1, 
1, 1, 1, 1, 1, 0.05, 0.05, 0.05, 0.05, 0.05, 0.05, 0.05, 0.05, 
0.05, 0.05, 0.05, 0, 0, 0, 0, 0, 0, 0, 0, 0, 0, 0, 0, 0, 0, 0, 
0, 0, 0, 0, 0, 0, 0, 0.74239, 0.72923, 0.75017, 0.74313, 0.75714, 
0.74918, 0.74634, 0.73771, 0.74135, 0.75365, 0.752, 0.73648, 
0.73638, 0.74678, 0.74154, 0.75857, 0.74255, 0.7501, 0.75068, 
0.74461, 0.7432, 0.746, 0.1175, 0.1333, 0.154, 0.1746, 0.2004, 
0.2232, 0.2472, 0.2797, 0.3035, 0.354, 0.3846, 273.2, 299.3, 
315.6, 341.3, 366, 391.1, 421.5, 443.2, 467.7, 493.6, 515.8, 
1, 1, 1, 1, 1, 1, 1, 1, 1, 1, 1, 1, 1, 1, 1, 1, 1, 1, 1, 1, 1, 
1, 1, 1, 1, 1, 1, 1, 1, 1, 1, 1, 1, 1, 1, 1, 1, 1, 1, 1, 1, 1, 
1, 1, 3.977, 4.098, 4.33, 4.512, 4.731, 5.072, 5.315, 5.704, 
5.872, 7.2, 7.706), .Dim = c(11L, 40L), .Dimnames = list(NULL, 
    c("Sampling", "PSO.cost", "PSO.gamma", "PSO.data.balancing", 
    "PSO.feature.selection", "PSO.valid.acc", "PSO.test.acc", 
    "PSO.train.time", "PSO.n.support.vectors", "PSO.index", "PSO.n.solutions", 
    "PSO.generations", "PSO.n.evaluations", "PSO.cpu.time", "RS.cost", 
    "RS.gamma", "RS.data.balancing", "RS.feature.selection", 
    "RS.valid.acc", "RS.test.acc", "RS.train.time", "RS.n.support.vectors", 
    "RS.index", "RS.n.solutions", "RS.generations", "RS.n.evaluations", 
    "RS.cpu.time", "DF.cost", "DF.gamma", "DF.data.balancing", 
    "DF.feature.selection", "DF.valid.acc", "DF.test.acc", "DF.train.time", 
    "DF.n.support.vectors", "DF.index", "DF.n.solutions", "DF.generations", 
    "DF.n.evaluations", "DF.cpu.time")))
