full <-
structure(c(50, 55, 60, 65, 70, 75, 80, 85, 90, 95, 100, 9.03743, 
5.37051, 14.61707, 4.04221, 13.12433, 6.90312, 13.06648, 8.1573, 
3.95467, 1.09428, 2.24222, -9.95434, -8.51782, -14.90686, -7.88406, 
-12.04006, -8.81896, -14.24506, -11.47201, -7.05206, -5.19493, 
-4.84534, 0, 0, 0, 0, 0, 0, 0, 0, 0, 0, 0, 0, 0, 0, 0, 0, 0, 
0, 0, 0, 0, 0, 0.76798, 0.7545, 0.7682, 0.74615, 0.76139, 0.76954, 
0.75873, 0.77057, 0.76338, 0.77159, 0.771, 0.76198, 0.74904, 
0.73833, 0.74, 0.74133, 0.74419, 0.74487, 0.7705, 0.74343, 0.76633, 
0.755, 0.1123, 0.1228, 0.1693, 0.1636, 0.276, 0.2188, 0.2616, 
0.2615, 0.3009, 0.3425, 0.3801, 209.5, 249.8, 252.4, 307.2, 291.5, 
333.2, 341.3, 378.5, 413.1, 471.9, 487.1, 985, 1180, 955, 98, 
606, 776, 1321, 970, 1183, 1934, 1528, 12, 118, 19, 59, 49, 101, 
9, 16, 13, 3, 35, 100, 100, 100, 100, 100, 100, 100, 100, 100, 
100, 100, 2500, 2500, 2500, 2500, 2500, 2500, 2500, 2500, 2500, 
2500, 2500, 10227.22, 10106.534, 11620.21, 11752.355, 14275.45, 
13464.879, 14110.001, 14068.666, 15085.585, 20199.551, 19797.71, 
7.3498, 4.44202, 10.57162, 3.80782, 12.76494, 6.85849, 11.41752, 
7.57706, 3.91394, 2.41827, 2.06436, -8.1084, -7.80904, -10.93591, 
-7.62975, -11.8871, -8.7867, -12.86924, -10.94933, -7.61082, 
-5.68489, -4.88759, 0, 0, 0, 0, 0, 0, 0, 0, 0, 0, 0, 0, 0, 0, 
0, 0, 0, 0, 0, 0, 0, 0, 0.76598, 0.75083, 0.76492, 0.74769, 0.75996, 
0.76689, 0.75746, 0.7682, 0.75897, 0.76941, 0.768, 0.73202, 0.75086, 
0.7417, 0.73846, 0.74135, 0.74419, 0.74363, 0.77049, 0.74898, 
0.7674, 0.754, 0.1163, 0.1229, 0.166, 0.1646, 0.261, 0.2155, 
0.2515, 0.2614, 0.2979, 0.3352, 0.3724, 216.9, 253.6, 256.4, 
308.2, 292.5, 333.3, 343.5, 379.3, 413.4, 455.4, 487, 1239, 2473, 
1562, 561, 1639, 846, 2190, 2268, 1120, 1396, 1722, 1, 1, 1, 
1, 1, 1, 1, 1, 1, 1, 1, 100, 100, 100, 100, 100, 100, 100, 100, 
100, 100, 100, 2500, 2500, 2500, 2500, 2500, 2500, 2500, 2500, 
2500, 2500, 2500, 10323.886, 11298.413, 12173.456, 12894.669, 
13772.933, 14830.749, 16134.091, 17103.273, 18380.828, 21669.793, 
22877.198, 1, 1, 1, 1, 1, 1, 1, 1, 1, 1, 1, 0.05, 0.05, 0.05, 
0.05, 0.05, 0.05, 0.05, 0.05, 0.05, 0.05, 0.05, 0, 0, 0, 0, 0, 
0, 0, 0, 0, 0, 0, 0, 0, 0, 0, 0, 0, 0, 0, 0, 0, 0, 0.7559, 0.738, 
0.72691, 0.72615, 0.7201, 0.73613, 0.73374, 0.74831, 0.75002, 
0.75152, 0.749, 0.74594, 0.74174, 0.72191, 0.72, 0.72851, 0.72815, 
0.73755, 0.74833, 0.74447, 0.75687, 0.757, 0.1106, 0.1346, 0.1559, 
0.1788, 0.201, 0.2377, 0.2621, 0.2888, 0.3243, 0.3551, 0.377, 
265.1, 295.2, 324.1, 348.7, 365.8, 398.3, 420.6, 441.8, 466.9, 
497.3, 514.2, 1, 1, 1, 1, 1, 1, 1, 1, 1, 1, 1, 1, 1, 1, 1, 1, 
1, 1, 1, 1, 1, 1, 1, 1, 1, 1, 1, 1, 1, 1, 1, 1, 1, 1, 1, 1, 1, 
1, 1, 1, 1, 1, 1, 1, 3.86, 4.118, 4.147, 4.564, 4.874, 5.179, 
5.466, 5.747, 7.035, 7.39, 7.656), .Dim = c(11L, 40L), .Dimnames = list(
    NULL, c("Sampling", "PSO.cost", "PSO.gamma", "PSO.data.balancing", 
    "PSO.feature.selection", "PSO.valid.acc", "PSO.test.acc", 
    "PSO.train.time", "PSO.n.support.vectors", "PSO.index", "PSO.n.solutions", 
    "PSO.generations", "PSO.n.evaluations", "PSO.cpu.time", "RS.cost", 
    "RS.gamma", "RS.data.balancing", "RS.feature.selection", 
    "RS.valid.acc", "RS.test.acc", "RS.train.time", "RS.n.support.vectors", 
    "RS.index", "RS.n.solutions", "RS.generations", "RS.n.evaluations", 
    "RS.cpu.time", "DF.cost", "DF.gamma", "DF.data.balancing", 
    "DF.feature.selection", "DF.valid.acc", "DF.test.acc", "DF.train.time", 
    "DF.n.support.vectors", "DF.index", "DF.n.solutions", "DF.generations", 
    "DF.n.evaluations", "DF.cpu.time")))
