full <-
structure(c(50, 55, 60, 65, 70, 75, 80, 85, 90, 95, 100, 14.0787, 
0.53756, 1.56261, 1.27112, 6.11872, 0.46273, 3.1993, 10.67232, 
9.29191, 8.3654, 15, -15, -3.52608, -4.50309, -4.17151, -7.61747, 
-4.6379, -7.24383, -13.9796, -12.32424, -8.65767, -13.04503, 
0, 0, 0, 0, 0, 0, 0, 0, 0, 0, 0, 0, 0, 0, 0, 0, 0, 0, 0, 0, 0, 
0, 0.752, 0.75291, 0.77, 0.7645, 0.77995, 0.76931, 0.775, 0.7612, 
0.77119, 0.76316, 0.756, 0.736, 0.72554, 0.76333, 0.74627, 0.77703, 
0.75731, 0.76375, 0.73884, 0.74335, 0.75263, 0.75, 0.1161, 0.1511, 
0.174, 0.2021, 0.2091, 0.233, 0.2434, 0.2656, 0.298, 0.3943, 
0.6722, 215.5, 329.7, 314.7, 351.5, 315.5, 380.4, 374.4, 380, 
399.2, 413.9, 421, 234, 1719, 2160, 793, 1160, 1946, 1557, 582, 
1557, 1690, 2033, 300, 47, 4, 163, 19, 13, 34, 237, 18, 18, 1, 
100, 100, 100, 100, 100, 100, 100, 100, 100, 100, 100, 2500, 
2500, 2500, 2500, 2500, 2500, 2500, 2500, 2500, 2500, 2500, 11082.353, 
12746.646, 17180.89, 19034.312, 19332.688, 21494.081, 17953.731, 
15465.071, 16210.562, 23749.642, 24613.583, 13.63787, 0.59296, 
2.1656, 0.6989, 6.64823, 0.30133, 9.74603, 14.99928, 2.5299, 
10.89893, 1.70724, -14.34127, -3.53234, -4.96286, -3.93002, -7.9184, 
-4.37429, -13.16512, -11.92878, -5.89755, -10.23235, -6.30706, 
0, 0, 0, 0, 0, 0, 0, 0, 0, 0, 0, 0, 0, 0, 0, 0, 0, 0, 0, 0, 0, 
0, 0.748, 0.75109, 0.775, 0.76142, 0.77709, 0.76664, 0.77, 0.76132, 
0.77232, 0.76105, 0.753, 0.74, 0.72735, 0.76, 0.74769, 0.7756, 
0.75599, 0.7475, 0.75067, 0.75227, 0.75789, 0.745, 0.1225, 0.1637, 
0.1681, 0.2005, 0.2145, 0.2318, 0.2374, 0.8149, 0.2998, 0.4434, 
0.3586, 214.5, 329.4, 304.5, 361.5, 312.3, 387.6, 358.5, 363.8, 
427.4, 408.9, 479.8, 1090, 1236, 1873, 1307, 795, 1809, 1201, 
1393, 1151, 738, 385, 2, 1, 1, 1, 3, 1, 3, 1, 1, 6, 1, 100, 100, 
100, 100, 100, 100, 100, 100, 100, 100, 100, 2500, 2500, 2500, 
2500, 2500, 2500, 2500, 2500, 2500, 2500, 2500, 11771.785, 15307.293, 
18674.699, 19875.641, 20981.261, 20948.316, 16812.722, 17847.445, 
19313.941, 20062.702, 21400.279, 1, 1, 1, 1, 1, 1, 1, 1, 1, 1, 
1, 0.05, 0.05, 0.05, 0.05, 0.05, 0.05, 0.05, 0.05, 0.05, 0.05, 
0.05, 0, 0, 0, 0, 0, 0, 0, 0, 0, 0, 0, 0, 0, 0, 0, 0, 0, 0, 0, 
0, 0, 0, 0.728, 0.73466, 0.745, 0.74014, 0.74287, 0.75871, 0.745, 
0.74819, 0.75127, 0.74526, 0.742, 0.722, 0.72018, 0.74833, 0.74161, 
0.7443, 0.75738, 0.75, 0.7447, 0.75228, 0.74842, 0.742, 0.1168, 
0.1528, 0.1727, 0.186, 0.2122, 0.237, 0.2555, 0.293, 0.3303, 
0.3507, 0.3779, 274, 301.6, 321.9, 346.9, 366.6, 389, 415.3, 
444.4, 466.2, 488.9, 515.3, 1, 1, 1, 1, 1, 1, 1, 1, 1, 1, 1, 
1, 1, 1, 1, 1, 1, 1, 1, 1, 1, 1, 1, 1, 1, 1, 1, 1, 1, 1, 1, 1, 
1, 1, 1, 1, 1, 1, 1, 1, 1, 1, 1, 1, 4.43, 6.419, 6.958, 6.991, 
7.891, 8.051, 5.761, 6.103, 6.681, 6.726, 7.155), .Dim = c(11L, 
40L), .Dimnames = list(NULL, c("Sampling", "PSO.cost", "PSO.gamma", 
"PSO.data.balancing", "PSO.feature.selection", "PSO.valid.acc", 
"PSO.test.acc", "PSO.train.time", "PSO.n.support.vectors", "PSO.index", 
"PSO.n.solutions", "PSO.generations", "PSO.n.evaluations", "PSO.cpu.time", 
"RS.cost", "RS.gamma", "RS.data.balancing", "RS.feature.selection", 
"RS.valid.acc", "RS.test.acc", "RS.train.time", "RS.n.support.vectors", 
"RS.index", "RS.n.solutions", "RS.generations", "RS.n.evaluations", 
"RS.cpu.time", "DF.cost", "DF.gamma", "DF.data.balancing", "DF.feature.selection", 
"DF.valid.acc", "DF.test.acc", "DF.train.time", "DF.n.support.vectors", 
"DF.index", "DF.n.solutions", "DF.generations", "DF.n.evaluations", 
"DF.cpu.time")))
