full <-
structure(c(50, 55, 60, 65, 70, 75, 80, 85, 90, 95, 100, 8.1496, 
8.05324, 3.75692, 5.28078, 14.44879, 1.07596, 4.25662, 2.10318, 
6.87317, 8.07638, 4.456, -11.7148, -8.71128, -6.83518, -9.31012, 
-14.77216, -4.52116, -7.1409, -6.01396, -10.31425, -13.08191, 
-8.524, 0, 0, 0, 0, 0, 0, 0, 0, 0, 0, 0, 0, 0, 0, 0, 0, 0, 0, 
0, 0, 0, 0, 0.7618, 0.75067, 0.76158, 0.7706, 0.77586, 0.78139, 
0.78125, 0.77648, 0.76564, 0.76626, 0.769, 0.75196, 0.73269, 
0.75505, 0.76123, 0.76433, 0.76537, 0.77128, 0.76002, 0.75678, 
0.75475, 0.75, 0.1066, 0.1456, 0.154, 0.1698, 0.2195, 0.2311, 
0.2327, 0.2708, 0.2757, 0.3133, 0.3482, 226.3, 236.7, 281.2, 
296.9, 276.1, 378.9, 360.9, 399.4, 397.3, 443.2, 459.9, 2498, 
832, 467, 1691, 1264, 2264, 1844, 1864, 1961, 259, 1403, 1, 159, 
136, 13, 7, 1, 34, 9, 2, 51, 20, 100, 100, 100, 100, 100, 100, 
100, 100, 100, 100, 100, 2500, 2500, 2500, 2500, 2500, 2500, 
2500, 2500, 2500, 2500, 2500, 11962.197, 13041.365, 12974.973, 
13529.987, 14785.382, 14931.596, 15608.392, 20623.314, 16134.96, 
17325.878, 19609.0710000001, 4.2647, 7.52027, 4.23942, 5.34648, 
12.62304, 2.01146, 4.49658, 0.94121, 5.31796, 4.91727, 4.92705, 
-8.11387, -8.4897, -6.6059, -9.43588, -13.15819, -4.70529, -7.5734, 
-5.13195, -9.56053, -9.62691, -9.02736, 0, 0, 0, 0, 0, 0, 0, 
0, 0, 0, 0, 0, 0, 0, 0, 0, 0, 0, 0, 0, 0, 0, 0.7598, 0.75061, 
0.75817, 0.76907, 0.77588, 0.77606, 0.77627, 0.77298, 0.76451, 
0.76625, 0.766, 0.73604, 0.7272, 0.75333, 0.75505, 0.76296, 0.76142, 
0.76753, 0.75887, 0.76012, 0.75791, 0.753, 0.1112, 0.1413, 0.1563, 
0.1679, 0.2094, 0.222, 0.2305, 0.2681, 0.279, 0.3135, 0.3622, 
231.2, 237.6, 279, 298.1, 278, 369.1, 362, 413.8, 408.9, 441.1, 
458.6, 1516, 764, 175, 401, 97, 2380, 896, 2031, 1447, 395, 193, 
2, 1, 1, 2, 3, 1, 1, 1, 1, 1, 3, 100, 100, 100, 100, 100, 100, 
100, 100, 100, 100, 100, 2500, 2500, 2500, 2500, 2500, 2500, 
2500, 2500, 2500, 2500, 2500, 12815.372, 13531.204, 14246.677, 
15004.99, 16153.035, 16655.084, 18623.986, 18557.858, 19250.132, 
20747.02, 22626.198, 1, 1, 1, 1, 1, 1, 1, 1, 1, 1, 1, 0.05, 0.05, 
0.05, 0.05, 0.05, 0.05, 0.05, 0.05, 0.05, 0.05, 0.05, 0, 0, 0, 
0, 0, 0, 0, 0, 0, 0, 0, 0, 0, 0, 0, 0, 0, 0, 0, 0, 0, 0, 0.742, 
0.71639, 0.73672, 0.73062, 0.753, 0.74274, 0.7513, 0.75529, 0.75008, 
0.74946, 0.752, 0.72788, 0.70181, 0.73177, 0.73062, 0.75143, 
0.74939, 0.74633, 0.75179, 0.74901, 0.75476, 0.759, 0.1209, 0.1422, 
0.1669, 0.1809, 0.2117, 0.2248, 0.2685, 0.2743, 0.3072, 0.344, 
0.3791, 267.8, 298.5, 323.5, 342.7, 362.2, 389.2, 415.8, 436.4, 
462, 490.4, 518.7, 1, 1, 1, 1, 1, 1, 1, 1, 1, 1, 1, 1, 1, 1, 
1, 1, 1, 1, 1, 1, 1, 1, 1, 1, 1, 1, 1, 1, 1, 1, 1, 1, 1, 1, 1, 
1, 1, 1, 1, 1, 1, 1, 1, 1, 4.74, 4.97, 5.35, 5.451, 5.776, 5.787, 
8.368, 6.096, 6.544, 6.968, 7.481), .Dim = c(11L, 40L), .Dimnames = list(
    NULL, c("Sampling", "PSO.cost", "PSO.gamma", "PSO.data.balancing", 
    "PSO.feature.selection", "PSO.valid.acc", "PSO.test.acc", 
    "PSO.train.time", "PSO.n.support.vectors", "PSO.index", "PSO.n.solutions", 
    "PSO.generations", "PSO.n.evaluations", "PSO.cpu.time", "RS.cost", 
    "RS.gamma", "RS.data.balancing", "RS.feature.selection", 
    "RS.valid.acc", "RS.test.acc", "RS.train.time", "RS.n.support.vectors", 
    "RS.index", "RS.n.solutions", "RS.generations", "RS.n.evaluations", 
    "RS.cpu.time", "DF.cost", "DF.gamma", "DF.data.balancing", 
    "DF.feature.selection", "DF.valid.acc", "DF.test.acc", "DF.train.time", 
    "DF.n.support.vectors", "DF.index", "DF.n.solutions", "DF.generations", 
    "DF.n.evaluations", "DF.cpu.time")))
