full <-
structure(c(50, 55, 60, 65, 70, 75, 80, 85, 90, 95, 100, 8.43668, 
5.64228, 7.76489, 11.15338, 8.91166, 3.75902, 1.05319, 3.04654, 
1.54968, 3.40484, 4.99761, -10.55804, -8.40236, -9.80861, -14.92802, 
-11.62882, -8.04154, -5.2952, -7.48656, -4.84841, -7.65566, -8.08868, 
0, 0, 0, 0, 0, 0, 0, 0, 0, 0, 0, 0, 0, 0, 0, 0, 0, 0, 0, 0, 0, 
0, 0.72827, 0.7473, 0.76185, 0.76006, 0.75121, 0.75214, 0.7663, 
0.77304, 0.76, 0.76425, 0.77, 0.72027, 0.73282, 0.73685, 0.73535, 
0.73417, 0.74398, 0.74877, 0.74357, 0.75, 0.75479, 0.768, 0.1084, 
0.1274, 0.1539, 0.1631, 0.1982, 0.2084, 0.1678, 0.2597, 0.3057, 
0.3335, 0.349, 228.6, 256, 270.1, 301.7, 311.6, 347.5, 391.1, 
396.4, 439.6, 444.2, 450.8, 1115, 155, 1433, 353, 537, 1455, 
546, 1249, 2223, 624, 1234, 85, 98, 26, 17, 135, 17, 162, 34, 
2, 172, 160, 100, 100, 100, 100, 100, 100, 100, 100, 100, 100, 
100, 2500, 2500, 2500, 2500, 2500, 2500, 2500, 2500, 2500, 2500, 
2500, 10196.369, 11375.479, 10583.191, 12622.204, 14024.615, 
14998.433, 12654.735, 16004.16, 17043.876, 17530.013, 15888.54, 
8.38295, 11.54866, 1.39286, 7.93768, 8.99482, 2.95774, 1.26061, 
3.62266, 10.77019, 3.78812, 4.61241, -9.17667, -14.58712, -4.08144, 
-11.72144, -11.57247, -5.29053, -5.53435, -7.73548, -10.98922, 
-7.82748, -7.99856, 0, 0, 0, 0, 0, 0, 0, 0, 0, 0, 0, 0, 0, 0, 
0, 0, 0, 0, 0, 0, 0, 0, 0.72447, 0.7473, 0.76215, 0.75854, 0.74983, 
0.75339, 0.76378, 0.76951, 0.75667, 0.76215, 0.768, 0.71419, 
0.7309, 0.75024, 0.73688, 0.7356, 0.73601, 0.74505, 0.74475, 
0.75111, 0.75479, 0.759, 0.1207, 0.1238, 0.169, 0.1606, 0.1803, 
0.2261, 0.237, 0.257, 0.3453, 0.322, 0.3543, 227.6, 250.6, 330.8, 
302.4, 310.8, 359.8, 388.9, 392.6, 381.4, 440.5, 455.1, 744, 
262, 1499, 856, 2363, 2035, 896, 2396, 422, 477, 984, 1, 1, 1, 
1, 1, 1, 1, 1, 4, 1, 1, 100, 100, 100, 100, 100, 100, 100, 100, 
100, 100, 100, 2500, 2500, 2500, 2500, 2500, 2500, 2500, 2500, 
2500, 2500, 2500, 11851.772, 11164.722, 14107.609, 13639.825, 
15240.162, 16940.962, 15628.745, 18545.171, 19944.697, 19166.549, 
21380.368, 1, 1, 1, 1, 1, 1, 1, 1, 1, 1, 1, 0.05, 0.05, 0.05, 
0.05, 0.05, 0.05, 0.05, 0.05, 0.05, 0.05, 0.05, 0, 0, 0, 0, 0, 
0, 0, 0, 0, 0, 0, 0, 0, 0, 0, 0, 0, 0, 0, 0, 0, 0, 0.70023, 0.7146, 
0.7319, 0.73071, 0.7256, 0.72938, 0.75, 0.73773, 0.75222, 0.74955, 
0.751, 0.70015, 0.72191, 0.74182, 0.71842, 0.72858, 0.73068, 
0.74489, 0.74244, 0.74556, 0.74637, 0.751, 0.1236, 0.096, 0.163, 
0.1804, 0.196, 0.2303, 0.2528, 0.2831, 0.2208, 0.2436, 0.3744, 
279.9, 300.2, 327, 350.2, 372.8, 393.3, 415.1, 441.2, 466.6, 
493, 514.3, 1, 1, 1, 1, 1, 1, 1, 1, 1, 1, 1, 1, 1, 1, 1, 1, 1, 
1, 1, 1, 1, 1, 1, 1, 1, 1, 1, 1, 1, 1, 1, 1, 1, 1, 1, 1, 1, 1, 
1, 1, 1, 1, 1, 1, 4.647, 3.691, 5.168, 5.428, 4.853, 6.02, 6.219, 
6.506, 5.051, 4.679, 6.627), .Dim = c(11L, 40L), .Dimnames = list(
    NULL, c("Sampling", "PSO.cost", "PSO.gamma", "PSO.data.balancing", 
    "PSO.feature.selection", "PSO.valid.acc", "PSO.test.acc", 
    "PSO.train.time", "PSO.n.support.vectors", "PSO.index", "PSO.n.solutions", 
    "PSO.generations", "PSO.n.evaluations", "PSO.cpu.time", "RS.cost", 
    "RS.gamma", "RS.data.balancing", "RS.feature.selection", 
    "RS.valid.acc", "RS.test.acc", "RS.train.time", "RS.n.support.vectors", 
    "RS.index", "RS.n.solutions", "RS.generations", "RS.n.evaluations", 
    "RS.cpu.time", "DF.cost", "DF.gamma", "DF.data.balancing", 
    "DF.feature.selection", "DF.valid.acc", "DF.test.acc", "DF.train.time", 
    "DF.n.support.vectors", "DF.index", "DF.n.solutions", "DF.generations", 
    "DF.n.evaluations", "DF.cpu.time")))
