full <-
structure(c(50, 55, 60, 65, 70, 75, 80, 85, 90, 95, 100, 6.53229, 
6.84089, 2.47822, 3.91896, 2.69156, 12.89673, 1.82677, 1.51851, 
2.16256, 14.80362, 3.38977, -10.17423, -10.94493, -5.74292, -8.19681, 
-4.87602, -13.23976, -3.89129, -3.52577, -5.94613, -13.17892, 
-7.16049, 0, 0, 0, 0, 0, 0, 0, 0, 0, 0, 0, 0, 0, 0, 0, 0, 0, 
0, 0, 0, 0, 0, 0.772, 0.74901, 0.74315, 0.74603, 0.74721, 0.75327, 
0.75366, 0.76009, 0.77433, 0.77049, 0.767, 0.754, 0.7384, 0.71479, 
0.72615, 0.73305, 0.73595, 0.73499, 0.74478, 0.75323, 0.76417, 
0.749, 0.1138, 0.1324, 0.1588, 0.1788, 0.2205, 0.2638, 0.282, 
0.3375, 0.3054, 0.5666, 0.3626, 240.4, 262.8, 301.7, 316.8, 359, 
331.5, 436.3, 488, 435.2, 402.3, 463.1, 268, 693, 1723, 1355, 
499, 1378, 1452, 1441, 1114, 2215, 1630, 212, 33, 16, 26, 58, 
9, 15, 47, 129, 1, 17, 100, 100, 100, 100, 100, 100, 100, 100, 
100, 100, 100, 2500, 2500, 2500, 2500, 2500, 2500, 2500, 2500, 
2500, 2500, 2500, 11852.031, 12616.128, 13359.482, 13950.309, 
14576.624, 15747.848, 16526.838, 17165.161, 16793.375, 23258.8959999999, 
18580.252, 6.9295, 6.37802, 2.01873, 0.19158, 1.08308, 12.70034, 
2.0164, 1.51744, 2.95292, 8.50399, 2.91024, -10.6609, -10.46963, 
-5.35406, -4.68103, -3.86298, -13.06637, -3.87435, -3.36994, 
-6.21848, -9.40025, -7.02185, 0, 0, 0, 0, 0, 0, 0, 0, 0, 0, 0, 
0, 0, 0, 0, 0, 0, 0, 0, 0, 0, 0, 0.77, 0.74901, 0.73979, 0.74601, 
0.74436, 0.75196, 0.74863, 0.75531, 0.77101, 0.76943, 0.764, 
0.748, 0.73833, 0.7214, 0.73072, 0.74289, 0.73729, 0.73621, 0.73891, 
0.75102, 0.76099, 0.754, 0.1161, 0.1296, 0.1615, 0.1922, 0.2269, 
0.2594, 0.2928, 0.3426, 0.3141, 0.3725, 0.3601, 240.6, 263.3, 
307.4, 350.4, 394.7, 331.3, 438.9, 499.9, 427.8, 414.2, 468.9, 
2, 1607, 2129, 272, 2236, 1191, 2292, 2356, 125, 162, 23, 2, 
1, 2, 1, 2, 1, 1, 1, 1, 2, 1, 100, 100, 100, 100, 100, 100, 100, 
100, 100, 100, 100, 2500, 2500, 2500, 2500, 2500, 2500, 2500, 
2500, 2500, 2500, 2500, 13064.462, 13695.717, 14655.973, 15065.62, 
16018.596, 16788.315, 17493.723, 18400.168, 20205.35, 21071.919, 
22468.525, 1, 1, 1, 1, 1, 1, 1, 1, 1, 1, 1, 0.05, 0.05, 0.05, 
0.05, 0.05, 0.05, 0.05, 0.05, 0.05, 0.05, 0.05, 0, 0, 0, 0, 0, 
0, 0, 0, 0, 0, 0, 0, 0, 0, 0, 0, 0, 0, 0, 0, 0, 0, 0.74, 0.71277, 
0.71659, 0.74291, 0.73007, 0.73731, 0.72371, 0.73183, 0.75328, 
0.75154, 0.75, 0.726, 0.71833, 0.72318, 0.7323, 0.73289, 0.73731, 
0.73247, 0.74941, 0.75439, 0.75467, 0.746, 0.1288, 0.1465, 0.1708, 
0.1897, 0.2143, 0.2456, 0.2693, 0.2847, 0.3351, 0.3581, 0.3984, 
282.2, 303.6, 335.3, 356.8, 378.6, 404.3, 422.6, 447.9, 475, 
494.1, 516.5, 1, 1, 1, 1, 1, 1, 1, 1, 1, 1, 1, 1, 1, 1, 1, 1, 
1, 1, 1, 1, 1, 1, 1, 1, 1, 1, 1, 1, 1, 1, 1, 1, 1, 1, 1, 1, 1, 
1, 1, 1, 1, 1, 1, 1, 5.008, 5.188, 5.054, 5.292, 5.597, 5.916, 
6.04, 6.252, 6.886, 7.255, 7.499), .Dim = c(11L, 40L), .Dimnames = list(
    NULL, c("Sampling", "PSO.cost", "PSO.gamma", "PSO.data.balancing", 
    "PSO.feature.selection", "PSO.valid.acc", "PSO.test.acc", 
    "PSO.train.time", "PSO.n.support.vectors", "PSO.index", "PSO.n.solutions", 
    "PSO.generations", "PSO.n.evaluations", "PSO.cpu.time", "RS.cost", 
    "RS.gamma", "RS.data.balancing", "RS.feature.selection", 
    "RS.valid.acc", "RS.test.acc", "RS.train.time", "RS.n.support.vectors", 
    "RS.index", "RS.n.solutions", "RS.generations", "RS.n.evaluations", 
    "RS.cpu.time", "DF.cost", "DF.gamma", "DF.data.balancing", 
    "DF.feature.selection", "DF.valid.acc", "DF.test.acc", "DF.train.time", 
    "DF.n.support.vectors", "DF.index", "DF.n.solutions", "DF.generations", 
    "DF.n.evaluations", "DF.cpu.time")))
