full <-
structure(c(50, 55, 60, 65, 70, 75, 80, 85, 90, 95, 100, 4.12325, 
13.85642, 14.31467, 7.11908, 10.45456, 12.95412, 3.80721, 14.81771, 
14.70413, 8.03442, 7.36394, -6.89204, -14.66791, -12.32536, -8.76895, 
-9.90921, -14.79654, -5.70472, -14.94048, -14.98429, -11.14656, 
-8.74294, 0, 0, 0, 0, 0, 0, 0, 0, 0, 0, 0, 0, 0, 0, 0, 0, 0, 
0, 0, 0, 0, 0, 0.72818, 0.73996, 0.75172, 0.75242, 0.75036, 0.75878, 
0.76248, 0.76467, 0.75771, 0.75471, 0.769, 0.71402, 0.71266, 
0.72161, 0.73706, 0.73887, 0.74675, 0.75376, 0.74933, 0.74999, 
0.74309, 0.757, 0.1154, 0.149, 0.2849, 0.1831, 0.2708, 0.2239, 
0.2675, 0.3356, 0.3667, 0.342, 0.3994, 242, 236.2, 256.3, 294, 
305, 329.4, 379.5, 354, 378.7, 427.7, 440.9, 723, 1514, 922, 
639, 120, 857, 2275, 1143, 2242, 1914, 874, 118, 2, 46, 143, 
43, 5, 7, 3, 1, 3, 47, 100, 100, 100, 100, 100, 100, 100, 100, 
100, 100, 100, 2500, 2500, 2500, 2500, 2500, 2500, 2500, 2500, 
2500, 2500, 2500, 12625.248, 12691.161, 15560.956, 14704.345, 
16956.686, 15414.769, 17940.498, 17864.23, 18908.247, 19542.082, 
20952.31, 4.67914, 12.16359, 12.38755, 7.27101, 2.90633, 12.54065, 
3.17491, 7.8991, 0.61749, 0.62785, 7.36263, -7.10253, -13.0794, 
-11.70467, -8.85793, -5.27481, -14.98249, -5.16505, -11.08341, 
-3.7534, -3.99392, -8.73109, 0, 0, 0, 0, 0, 0, 0, 0, 0, 0, 0, 
0, 0, 0, 0, 0, 0, 0, 0, 0, 0, 0, 0.72814, 0.73633, 0.74669, 0.75242, 
0.75309, 0.75745, 0.75752, 0.76228, 0.76331, 0.75365, 0.768, 
0.71802, 0.71084, 0.72322, 0.73706, 0.7445, 0.74682, 0.75254, 
0.76116, 0.75772, 0.74416, 0.757, 0.1195, 0.155, 0.2107, 0.1823, 
0.2198, 0.2297, 0.2694, 0.2671, 0.3427, 0.3707, 0.3863, 238.4, 
237.8, 256.3, 293.4, 350.2, 335.3, 390.2, 385.5, 488.2, 502.1, 
441.1, 267, 333, 1164, 1620, 2067, 251, 331, 1635, 736, 531, 
2196, 2, 1, 1, 1, 1, 1, 1, 1, 1, 4, 1, 100, 100, 100, 100, 100, 
100, 100, 100, 100, 100, 100, 2500, 2500, 2500, 2500, 2500, 2500, 
2500, 2500, 2500, 2500, 2500, 12619.11, 13440.06, 14270.254, 
15068.336, 16016.271, 17898.133, 18640.618, 19777.792, 20560.255, 
21709.307, 22834.949, 1, 1, 1, 1, 1, 1, 1, 1, 1, 1, 1, 0.05, 
0.05, 0.05, 0.05, 0.05, 0.05, 0.05, 0.05, 0.05, 0.05, 0.05, 0, 
0, 0, 0, 0, 0, 0, 0, 0, 0, 0, 0, 0, 0, 0, 0, 0, 0, 0, 0, 0, 0, 
0.70585, 0.70181, 0.72994, 0.72023, 0.71882, 0.72948, 0.72629, 
0.72823, 0.74996, 0.74214, 0.755, 0.68989, 0.69451, 0.72177, 
0.72314, 0.72303, 0.72552, 0.72374, 0.7459, 0.73994, 0.73685, 
0.756, 0.1259, 0.146, 0.165, 0.1903, 0.2273, 0.2525, 0.2698, 
0.2926, 0.3293, 0.3618, 0.3948, 278.8, 303.8, 328.4, 357.7, 384.1, 
408.1, 426.7, 450.1, 469.7, 495, 514.1, 1, 1, 1, 1, 1, 1, 1, 
1, 1, 1, 1, 1, 1, 1, 1, 1, 1, 1, 1, 1, 1, 1, 1, 1, 1, 1, 1, 1, 
1, 1, 1, 1, 1, 1, 1, 1, 1, 1, 1, 1, 1, 1, 1, 1, 4.772, 4.833, 
5.369, 5.499, 5.967, 6.372, 6.431, 6.82, 7.086, 7.25, 7.558), .Dim = c(11L, 
40L), .Dimnames = list(NULL, c("Sampling", "PSO.cost", "PSO.gamma", 
"PSO.data.balancing", "PSO.feature.selection", "PSO.valid.acc", 
"PSO.test.acc", "PSO.train.time", "PSO.n.support.vectors", "PSO.index", 
"PSO.n.solutions", "PSO.generations", "PSO.n.evaluations", "PSO.cpu.time", 
"RS.cost", "RS.gamma", "RS.data.balancing", "RS.feature.selection", 
"RS.valid.acc", "RS.test.acc", "RS.train.time", "RS.n.support.vectors", 
"RS.index", "RS.n.solutions", "RS.generations", "RS.n.evaluations", 
"RS.cpu.time", "DF.cost", "DF.gamma", "DF.data.balancing", "DF.feature.selection", 
"DF.valid.acc", "DF.test.acc", "DF.train.time", "DF.n.support.vectors", 
"DF.index", "DF.n.solutions", "DF.generations", "DF.n.evaluations", 
"DF.cpu.time")))
