full <-
structure(c(50, 55, 60, 65, 70, 75, 80, 85, 90, 95, 100, 11.45086, 
1.60958, 9.04183, 10.38509, 3.81565, 9.09929, 6.48413, 1.4578, 
0.37439, 1.32735, 2.47272, -14.50182, -5.27603, -10.77902, -12.42949, 
-7.32929, -10.83223, -8.89982, -5.24501, -4.63487, -4.98001, 
-6.40275, 0, 0, 0, 0, 0, 0, 0, 0, 0, 0, 0, 0, 0, 0, 0, 0, 0, 
0, 0, 0, 0, 0, 0.78, 0.77635, 0.767, 0.77984, 0.78282, 0.78264, 
0.76884, 0.76364, 0.76893, 0.77055, 0.768, 0.776, 0.75621, 0.7502, 
0.77066, 0.77147, 0.75866, 0.75629, 0.75772, 0.7578, 0.74635, 
0.763, 0.1051, 0.137, 0.1592, 0.1742, 0.1933, 0.2246, 0.2433, 
0.2755, 0.3123, 0.3434, 0.3706, 215.9, 272.7, 263.8, 277.2, 324.8, 
322.3, 355.9, 421.3, 459.2, 467.6, 474.1, 874, 1312, 779, 1091, 
841, 1187, 1977, 2116, 1207, 297, 1823, 59, 11, 128, 19, 30, 
39, 6, 2, 53, 388, 29, 100, 100, 100, 100, 100, 100, 100, 100, 
100, 100, 100, 2500, 2500, 2500, 2500, 2500, 2500, 2500, 2500, 
2500, 2500, 2500, 11072.533, 11692.454, 12311.036, 13590.302, 
14094.385, 14917.266, 15108.848, 16741.663, 16803.641, 16993.662, 
17701.533, 11.90648, 1.76511, 8.82298, 10.63784, 3.03382, 8.15375, 
8.56261, 6.15351, 0.18189, 2.55451, 2.15911, -14.95413, -5.18207, 
-10.52058, -12.72302, -6.48781, -10.58636, -13.13264, -8.80256, 
-3.82088, -6.06584, -5.05271, 0, 0, 0, 0, 0, 0, 0, 0, 0, 0, 0, 
0, 0, 0, 0, 0, 0, 0, 0, 0, 0, 0, 0.78, 0.77453, 0.76198, 0.77832, 
0.78, 0.77999, 0.7651, 0.76241, 0.76556, 0.76846, 0.764, 0.774, 
0.75082, 0.7552, 0.76912, 0.77717, 0.75603, 0.75752, 0.76014, 
0.75776, 0.75055, 0.757, 0.1098, 0.1338, 0.1634, 0.1736, 0.1964, 
0.2157, 0.2378, 0.2686, 0.3304, 0.3351, 0.3712, 216, 272.5, 264.4, 
277.6, 330.1, 327.2, 374.8, 386.6, 484.1, 447.8, 483.3, 2454, 
1477, 1480, 1271, 1234, 186, 39, 208, 1011, 1985, 1391, 1, 1, 
2, 1, 1, 1, 10, 1, 1, 1, 2, 100, 100, 100, 100, 100, 100, 100, 
100, 100, 100, 100, 2500, 2500, 2500, 2500, 2500, 2500, 2500, 
2500, 2500, 2500, 2500, 11844.343, 12725.842, 13618.583, 14755.356, 
15854.851, 16434.875, 17407.658, 18394.893, 19273.029, 20153.795, 
21422.213, 1, 1, 1, 1, 1, 1, 1, 1, 1, 1, 1, 0.05, 0.05, 0.05, 
0.05, 0.05, 0.05, 0.05, 0.05, 0.05, 0.05, 0.05, 0, 0, 0, 0, 0, 
0, 0, 0, 0, 0, 0, 0, 0, 0, 0, 0, 0, 0, 0, 0, 0, 0, 0.77, 0.73998, 
0.73336, 0.75842, 0.74721, 0.77469, 0.75007, 0.7495, 0.76218, 
0.75058, 0.753, 0.758, 0.73621, 0.74681, 0.75674, 0.75561, 0.75869, 
0.75255, 0.7424, 0.75556, 0.7432, 0.751, 0.1148, 0.1412, 0.1657, 
0.182, 0.2108, 0.233, 0.2601, 0.2831, 0.3195, 0.3556, 0.3779, 
257.3, 292, 321.2, 337.9, 365.5, 391.4, 417.3, 444.9, 467.6, 
492.9, 514.8, 1, 1, 1, 1, 1, 1, 1, 1, 1, 1, 1, 1, 1, 1, 1, 1, 
1, 1, 1, 1, 1, 1, 1, 1, 1, 1, 1, 1, 1, 1, 1, 1, 1, 1, 1, 1, 1, 
1, 1, 1, 1, 1, 1, 1, 4.479, 4.714, 5.012, 5.266, 5.765, 5.729, 
5.95, 6.113, 6.381, 6.826, 7.101), .Dim = c(11L, 40L), .Dimnames = list(
    NULL, c("Sampling", "PSO.cost", "PSO.gamma", "PSO.data.balancing", 
    "PSO.feature.selection", "PSO.valid.acc", "PSO.test.acc", 
    "PSO.train.time", "PSO.n.support.vectors", "PSO.index", "PSO.n.solutions", 
    "PSO.generations", "PSO.n.evaluations", "PSO.cpu.time", "RS.cost", 
    "RS.gamma", "RS.data.balancing", "RS.feature.selection", 
    "RS.valid.acc", "RS.test.acc", "RS.train.time", "RS.n.support.vectors", 
    "RS.index", "RS.n.solutions", "RS.generations", "RS.n.evaluations", 
    "RS.cpu.time", "DF.cost", "DF.gamma", "DF.data.balancing", 
    "DF.feature.selection", "DF.valid.acc", "DF.test.acc", "DF.train.time", 
    "DF.n.support.vectors", "DF.index", "DF.n.solutions", "DF.generations", 
    "DF.n.evaluations", "DF.cpu.time")))
