full <-
structure(c(50, 55, 60, 65, 70, 75, 80, 85, 90, 95, 100, 1.79093, 
2.15498, 11.41124, 1.83247, 9.14777, 8.20472, 8.85141, 7.15508, 
9.2101, 1.4632, 3.39228, -3.9604, -5.45314, -15, -4.92091, -3.83297, 
-11.05792, -11.22358, -10.90014, -11.94838, -3.33123, -6.95961, 
0, 0, 0, 0, 0, 0, 0, 0, 0, 0, 0, 0, 0, 0, 0, 0, 0, 0, 0, 0, 0, 
0, 0.7488, 0.77979, 0.75697, 0.73399, 0.74304, 0.74278, 0.74875, 
0.75176, 0.75108, 0.76423, 0.77, 0.7606, 0.75413, 0.74039, 0.72478, 
0.72308, 0.73351, 0.73117, 0.74348, 0.75445, 0.7505, 0.761, 0.1315, 
0.1343, 0.1481, 0.1889, 0.2807, 0.236, 0.2766, 0.2701, 0.3118, 
0.4486, 0.3752, 283, 278.4, 286, 339.6, 403.1, 352.9, 365.9, 
397.3, 404.9, 548.9, 461.7, 1288, 2209, 462, 149, 38, 1034, 1780, 
1939, 590, 1971, 967, 27, 1, 211, 49, 1134, 143, 20, 13, 27, 
8, 43, 100, 100, 100, 100, 100, 100, 100, 100, 100, 100, 100, 
2500, 2500, 2500, 2500, 2500, 2500, 2500, 2500, 2500, 2500, 2500, 
11875.864, 12638.031, 12895.795, 18948.105, 20274.019, 19723.069, 
20733.098, 20356.915, 23284.633, 24739.592, 24274.816, 0.23901, 
1.51694, 10.002, 0.44286, 5.13351, 9.30479, 8.60366, 6.52574, 
11.1915, 1.36234, 1.35343, -3.87717, -4.87316, -13.5937, -3.2071, 
-8.75266, -12.3516, -11.58217, -10.39818, -13.92261, -3.61149, 
-3.90008, 0, 0, 0, 0, 0, 0, 0, 0, 0, 0, 0, 0, 0, 0, 0, 0, 0, 
0, 0, 0, 0, 0, 0.7524, 0.77612, 0.75531, 0.7369, 0.75006, 0.74144, 
0.74377, 0.7494, 0.74887, 0.76002, 0.769, 0.72467, 0.74514, 0.74206, 
0.72312, 0.7429, 0.73479, 0.72994, 0.73522, 0.75445, 0.74841, 
0.758, 0.12, 0.1398, 0.1617, 0.2184, 0.2065, 0.2321, 0.2501, 
0.2773, 0.3074, 0.3937, 0.4178, 287, 288.3, 285.9, 400.8, 338.4, 
352.4, 370.9, 398.7, 404.1, 524.8, 526.3, 86, 1353, 1763, 2298, 
1238, 1924, 2153, 1130, 285, 1262, 1674, 1, 1, 1, 1, 3, 1, 1, 
2, 1, 1, 1, 100, 100, 100, 100, 100, 100, 100, 100, 100, 100, 
100, 2500, 2500, 2500, 2500, 2500, 2500, 2500, 2500, 2500, 2500, 
2500, 12375.782, 13703.053, 16821.648, 19603.535, 20856.301, 
21704.879, 22683.773, 23789.71, 24379.919, 25406.687, 27710.339, 
1, 1, 1, 1, 1, 1, 1, 1, 1, 1, 1, 0.05, 0.05, 0.05, 0.05, 0.05, 
0.05, 0.05, 0.05, 0.05, 0.05, 0.05, 0, 0, 0, 0, 0, 0, 0, 0, 0, 
0, 0, 0, 0, 0, 0, 0, 0, 0, 0, 0, 0, 0, 0.72027, 0.73783, 0.71533, 
0.71706, 0.73008, 0.72151, 0.71623, 0.71888, 0.73329, 0.74633, 
0.752, 0.71651, 0.73978, 0.72041, 0.70923, 0.73157, 0.72279, 
0.72131, 0.73176, 0.7455, 0.74953, 0.755, 0.1244, 0.1423, 0.1772, 
0.1982, 0.2263, 0.2495, 0.2703, 0.3014, 0.3432, 0.3541, 0.3999, 
279.2, 308.4, 330.6, 357.1, 383.8, 408.7, 432, 450.7, 474, 493.9, 
516.7, 1, 1, 1, 1, 1, 1, 1, 1, 1, 1, 1, 1, 1, 1, 1, 1, 1, 1, 
1, 1, 1, 1, 1, 1, 1, 1, 1, 1, 1, 1, 1, 1, 1, 1, 1, 1, 1, 1, 1, 
1, 1, 1, 1, 1, 4.657, 4.936, 7.116, 7.58, 7.366, 7.622, 7.876, 
8.354, 7.991, 9.245, 9.209), .Dim = c(11L, 40L), .Dimnames = list(
    NULL, c("Sampling", "PSO.cost", "PSO.gamma", "PSO.data.balancing", 
    "PSO.feature.selection", "PSO.valid.acc", "PSO.test.acc", 
    "PSO.train.time", "PSO.n.support.vectors", "PSO.index", "PSO.n.solutions", 
    "PSO.generations", "PSO.n.evaluations", "PSO.cpu.time", "RS.cost", 
    "RS.gamma", "RS.data.balancing", "RS.feature.selection", 
    "RS.valid.acc", "RS.test.acc", "RS.train.time", "RS.n.support.vectors", 
    "RS.index", "RS.n.solutions", "RS.generations", "RS.n.evaluations", 
    "RS.cpu.time", "DF.cost", "DF.gamma", "DF.data.balancing", 
    "DF.feature.selection", "DF.valid.acc", "DF.test.acc", "DF.train.time", 
    "DF.n.support.vectors", "DF.index", "DF.n.solutions", "DF.generations", 
    "DF.n.evaluations", "DF.cpu.time")))
