full <-
structure(c(50, 55, 60, 65, 70, 75, 80, 85, 90, 95, 100, 2.67255, 
3.58904, 1.53758, 0.82156, 0.35457, 8.78544, 4.86606, 14.61215, 
8.45584, 8.05853, 0.82211, -4.31951, -3.85172, -3.21846, -4.88521, 
-3.50416, -9.56737, -7.23325, -14.97223, -10.42021, -10.4617, 
-3.65677, 0, 0, 0, 0, 0, 0, 0, 0, 0, 0, 0, 0, 0, 0, 0, 0, 0, 
0, 0, 0, 0, 0, 0.76783, 0.77425, 0.79159, 0.76625, 0.77147, 0.756, 
0.76248, 0.76233, 0.77444, 0.76838, 0.772, 0.77403, 0.75074, 
0.7917, 0.75086, 0.75006, 0.74667, 0.74373, 0.74947, 0.74333, 
0.74939, 0.766, 0.1348, 0.1629, 0.1976, 0.1804, 0.2236, 0.2406, 
0.2432, 0.3136, 0.2999, 0.3213, 0.4124, 270.9, 312.6, 368.1, 
326.9, 402.3, 328.2, 367, 359.1, 390.9, 419.4, 540.5, 566, 929, 
1136, 2304, 473, 1584, 28, 793, 1023, 1065, 761, 116, 21, 30, 
1, 573, 6, 119, 3, 69, 86, 41, 100, 100, 100, 100, 100, 100, 
100, 100, 100, 100, 100, 2500, 2500, 2500, 2500, 2500, 2500, 
2500, 2500, 2500, 2500, 2500, 10585.961, 11997.111, 12418.839, 
11925.494, 13117.26, 13463.394, 13852.152, 16358.723, 15948.552, 
16920.437, 19288.237, 2.6772, 3.00019, 0.99205, 12.76408, 0.53654, 
0.78232, 4.56939, 2.03517, 8.5103, 8.19122, 0.90633, -4.36295, 
-3.63013, -4.54338, -11.58082, -3.68936, -4.01675, -7.0288, -4.04931, 
-10.43343, -10.7033, -3.98257, 0, 0, 0, 0, 0, 0, 0, 0, 0, 0, 
0, 0, 0, 0, 0, 0, 0, 0, 0, 0, 0, 0, 0.76191, 0.77237, 0.78498, 
0.76159, 0.76714, 0.76667, 0.76123, 0.76099, 0.77333, 0.76732, 
0.767, 0.77207, 0.75078, 0.77167, 0.74788, 0.74859, 0.75867, 
0.74121, 0.74822, 0.74667, 0.7515, 0.762, 0.1295, 0.1682, 0.152, 
0.2542, 0.2222, 0.2338, 0.244, 0.3095, 0.295, 0.3247, 0.4031, 
268.8, 326.9, 300.3, 269.7, 391.4, 399.1, 368.7, 450.6, 391.2, 
421.4, 522.4, 1294, 93, 1346, 1770, 170, 1143, 550, 2473, 1768, 
1828, 54, 1, 1, 1, 3, 1, 2, 1, 1, 1, 1, 3, 100, 100, 100, 100, 
100, 100, 100, 100, 100, 100, 100, 2500, 2500, 2500, 2500, 2500, 
2500, 2500, 2500, 2500, 2500, 2500, 10899.182, 12045.227, 12612.713, 
13209.673, 14265.132, 15008.364, 16297.18, 17561.807, 18840.01, 
20050.994, 21439.374, 1, 1, 1, 1, 1, 1, 1, 1, 1, 1, 1, 0.05, 
0.05, 0.05, 0.05, 0.05, 0.05, 0.05, 0.05, 0.05, 0.05, 0.05, 0, 
0, 0, 0, 0, 0, 0, 0, 0, 0, 0, 0, 0, 0, 0, 0, 0, 0, 0, 0, 0, 0, 
0.7339, 0.73629, 0.755, 0.75233, 0.75408, 0.74267, 0.74124, 0.75179, 
0.74556, 0.75052, 0.759, 0.71986, 0.72525, 0.75489, 0.75697, 
0.74712, 0.74267, 0.74373, 0.75415, 0.75111, 0.74313, 0.755, 
0.1168, 0.134, 0.1538, 0.1801, 0.2077, 0.2355, 0.2621, 0.2831, 
0.3172, 0.3501, 0.3871, 268.1, 288.9, 307.5, 340.6, 368, 393.2, 
417.9, 446.1, 469.4, 494.7, 517, 1, 1, 1, 1, 1, 1, 1, 1, 1, 1, 
1, 1, 1, 1, 1, 1, 1, 1, 1, 1, 1, 1, 1, 1, 1, 1, 1, 1, 1, 1, 1, 
1, 1, 1, 1, 1, 1, 1, 1, 1, 1, 1, 1, 1, 4.035, 4.427, 4.39, 4.628, 
5.015, 5.307, 5.66, 5.929, 6.367, 6.76, 7.213), .Dim = c(11L, 
40L), .Dimnames = list(NULL, c("Sampling", "PSO.cost", "PSO.gamma", 
"PSO.data.balancing", "PSO.feature.selection", "PSO.valid.acc", 
"PSO.test.acc", "PSO.train.time", "PSO.n.support.vectors", "PSO.index", 
"PSO.n.solutions", "PSO.generations", "PSO.n.evaluations", "PSO.cpu.time", 
"RS.cost", "RS.gamma", "RS.data.balancing", "RS.feature.selection", 
"RS.valid.acc", "RS.test.acc", "RS.train.time", "RS.n.support.vectors", 
"RS.index", "RS.n.solutions", "RS.generations", "RS.n.evaluations", 
"RS.cpu.time", "DF.cost", "DF.gamma", "DF.data.balancing", "DF.feature.selection", 
"DF.valid.acc", "DF.test.acc", "DF.train.time", "DF.n.support.vectors", 
"DF.index", "DF.n.solutions", "DF.generations", "DF.n.evaluations", 
"DF.cpu.time")))
