full <-
structure(c(50, 55, 60, 65, 70, 75, 80, 85, 90, 95, 100, 1.67158, 
6.17123, 2.82976, 6.6009, 1.41085, 1.09828, 0.5432, 4.28778, 
2.13865, 0.53097, 1.38184, -4.10783, -7.87154, -5.63709, -8.32407, 
-4.12163, -3.73673, -3.73582, -6.73895, -4.58992, -3.36314, -4.00664, 
0, 0, 0, 0, 0, 0, 0, 0, 0, 0, 0, 0, 0, 0, 0, 0, 0, 0, 0, 0, 0, 
0, 0.786, 0.77095, 0.77162, 0.78, 0.78272, 0.77878, 0.77875, 
0.77646, 0.76129, 0.77045, 0.765, 0.772, 0.75445, 0.75478, 0.76154, 
0.75974, 0.76932, 0.76875, 0.76703, 0.76236, 0.74937, 0.742, 
0.1274, 0.1342, 0.1583, 0.1781, 0.2103, 0.2546, 0.273, 0.2722, 
0.3177, 0.3848, 0.398, 275.8, 241.6, 281.1, 277.9, 362.2, 407.2, 
423.2, 381.4, 442.2, 538.6, 520.9, 671, 2360, 984, 335, 967, 
1424, 1175, 759, 2260, 2380, 2405, 67, 3, 137, 85, 218, 75, 254, 
107, 2, 4, 1, 100, 100, 100, 100, 100, 100, 100, 100, 100, 100, 
100, 2500, 2500, 2500, 2500, 2500, 2500, 2500, 2500, 2500, 2500, 
2500, 10778.87, 13730.442, 13939.934, 15871.274, 15774.822, 17196.4, 
17150.383, 17367.712, 19766.51, 21509.269, 21722.926, 1.68454, 
1.91819, 2.90314, 8.50286, 1.44118, 1.22331, 0.82566, 4.98901, 
2.52818, 0.52904, 1.52949, -4.10014, -3.7052, -5.6798, -8.15901, 
-4.11384, -3.90101, -3.28911, -7.17482, -4.65919, -3.96534, -4.26819, 
0, 0, 0, 0, 0, 0, 0, 0, 0, 0, 0, 0, 0, 0, 0, 0, 0, 0, 0, 0, 0, 
0, 0.782, 0.76939, 0.76828, 0.77846, 0.78127, 0.77478, 0.7725, 
0.77174, 0.76013, 0.7662, 0.764, 0.774, 0.75667, 0.75481, 0.76462, 
0.76261, 0.7653, 0.765, 0.7682, 0.75788, 0.75258, 0.74, 0.1272, 
0.1728, 0.1537, 0.2162, 0.2184, 0.2508, 0.2935, 0.2759, 0.331, 
0.3592, 0.3888, 275.8, 316.1, 279.9, 273.6, 362.5, 397.7, 456.7, 
377.5, 438.5, 500.6, 508.7, 2262, 1765, 1640, 1215, 1143, 132, 
308, 1275, 223, 974, 1010, 1, 1, 1, 1, 1, 1, 1, 1, 1, 2, 2, 100, 
100, 100, 100, 100, 100, 100, 100, 100, 100, 100, 2500, 2500, 
2500, 2500, 2500, 2500, 2500, 2500, 2500, 2500, 2500, 11416.55, 
14533.613, 15445.907, 16304.877, 16836.87, 17875.235, 18569.57, 
19797.579, 20745.296, 22696.814, 23346.137, 1, 1, 1, 1, 1, 1, 
1, 1, 1, 1, 1, 0.05, 0.05, 0.05, 0.05, 0.05, 0.05, 0.05, 0.05, 
0.05, 0.05, 0.05, 0, 0, 0, 0, 0, 0, 0, 0, 0, 0, 0, 0, 0, 0, 0, 
0, 0, 0, 0, 0, 0, 0, 0.742, 0.74919, 0.73486, 0.75538, 0.74418, 
0.75607, 0.7625, 0.74942, 0.75327, 0.76211, 0.745, 0.742, 0.74211, 
0.74, 0.75077, 0.74849, 0.76005, 0.76, 0.75411, 0.75005, 0.75262, 
0.751, 0.1216, 0.1476, 0.1631, 0.1841, 0.2109, 0.236, 0.2585, 
0.2865, 0.3225, 0.3699, 0.3911, 270.8, 291.2, 310.1, 329.5, 358.4, 
382.1, 403.8, 432, 462.7, 489.2, 514.4, 1, 1, 1, 1, 1, 1, 1, 
1, 1, 1, 1, 1, 1, 1, 1, 1, 1, 1, 1, 1, 1, 1, 1, 1, 1, 1, 1, 1, 
1, 1, 1, 1, 1, 1, 1, 1, 1, 1, 1, 1, 1, 1, 1, 1, 4.267, 5.406, 
5.592, 5.845, 6.075, 6.395, 6.471, 6.826, 7.127, 7.826, 7.99), .Dim = c(11L, 
40L), .Dimnames = list(NULL, c("Sampling", "PSO.cost", "PSO.gamma", 
"PSO.data.balancing", "PSO.feature.selection", "PSO.valid.acc", 
"PSO.test.acc", "PSO.train.time", "PSO.n.support.vectors", "PSO.index", 
"PSO.n.solutions", "PSO.generations", "PSO.n.evaluations", "PSO.cpu.time", 
"RS.cost", "RS.gamma", "RS.data.balancing", "RS.feature.selection", 
"RS.valid.acc", "RS.test.acc", "RS.train.time", "RS.n.support.vectors", 
"RS.index", "RS.n.solutions", "RS.generations", "RS.n.evaluations", 
"RS.cpu.time", "DF.cost", "DF.gamma", "DF.data.balancing", "DF.feature.selection", 
"DF.valid.acc", "DF.test.acc", "DF.train.time", "DF.n.support.vectors", 
"DF.index", "DF.n.solutions", "DF.generations", "DF.n.evaluations", 
"DF.cpu.time")))
