full <-
structure(c(50, 55, 60, 65, 70, 75, 80, 85, 90, 95, 100, 12.45455, 
7.30799, 10.4661, 13.63218, 9.57745, 8.65888, 3.15564, 5.41027, 
11.85902, 14.34718, 10.34407, -14.27143, -10.81835, -14.45025, 
-12.36256, -11.19815, -9.3472, -6.96123, -9.52884, -14.49361, 
-14.87873, -13.13817, 0, 0, 0, 0, 0, 0, 0, 0, 0, 0, 0, 0, 0, 
0, 0, 0, 0, 0, 0, 0, 0, 0, 0.74184, 0.75268, 0.7568, 0.75368, 
0.76992, 0.76, 0.76499, 0.76702, 0.76222, 0.76939, 0.759, 0.72179, 
0.758, 0.7385, 0.71867, 0.73853, 0.74133, 0.75005, 0.75876, 0.74889, 
0.74843, 0.745, 0.1189, 0.1276, 0.1421, 0.2595, 0.205, 0.2421, 
0.2308, 0.2615, 0.297, 0.3694, 0.3475, 227.3, 250, 275.4, 273.5, 
302.8, 328, 368.7, 391, 394.5, 397, 438.5, 585, 217, 277, 1933, 
671, 776, 1014, 1209, 69, 525, 955, 14, 53, 59, 1, 47, 26, 89, 
45, 72, 29, 54, 100, 100, 100, 100, 100, 100, 100, 100, 100, 
100, 100, 2500, 2500, 2500, 2500, 2500, 2500, 2500, 2500, 2500, 
2500, 2500, 11324.702, 11528.589, 11763.587, 13181.827, 13018.765, 
13931.175, 13742.549, 14465.81, 15652.441, 17895.663, 17579.783, 
11.44589, 7.38833, 3.67883, 12.6953, 9.39823, 14.99234, 2.98029, 
3.46234, 10.68175, 9.73012, 0.11648, -13.30663, -10.72497, -7.11508, 
-13.97999, -11.19339, -12.6967, -6.80851, -7.12415, -13.33035, 
-11.14583, -3.1415, 0, 0, 0, 0, 0, 0, 0, 0, 0, 0, 0, 0, 0, 0, 
0, 0, 0, 0, 0, 0, 0, 0, 0.73984, 0.75265, 0.75511, 0.74918, 0.76708, 
0.75733, 0.76374, 0.76585, 0.76111, 0.76833, 0.762, 0.71983, 
0.75618, 0.74342, 0.70799, 0.73853, 0.744, 0.75005, 0.75995, 
0.74667, 0.74944, 0.746, 0.116, 0.1226, 0.1482, 0.1757, 0.1929, 
0.4548, 0.2412, 0.2631, 0.2853, 0.3352, 0.422, 227.6, 248, 280.2, 
278, 303.9, 317.1, 369.8, 393.8, 395.2, 405.9, 583.1, 1402, 1342, 
718, 924, 1148, 74, 409, 1588, 1503, 1386, 2185, 1, 4, 3, 4, 
1, 4, 1, 1, 1, 1, 1, 100, 100, 100, 100, 100, 100, 100, 100, 
100, 100, 100, 2500, 2500, 2500, 2500, 2500, 2500, 2500, 2500, 
2500, 2500, 2500, 11855.931, 12429.405, 12669.569, 13471.012, 
14414.537, 15372.603, 16236.175, 17347.612, 18569.925, 19880.037, 
21276.591, 1, 1, 1, 1, 1, 1, 1, 1, 1, 1, 1, 0.05, 0.05, 0.05, 
0.05, 0.05, 0.05, 0.05, 0.05, 0.05, 0.05, 0.05, 0, 0, 0, 0, 0, 
0, 0, 0, 0, 0, 0, 0, 0, 0, 0, 0, 0, 0, 0, 0, 0, 0, 0.71779, 0.73466, 
0.73177, 0.72629, 0.73428, 0.73867, 0.74263, 0.73771, 0.74778, 
0.74832, 0.747, 0.71967, 0.72917, 0.74347, 0.72786, 0.74288, 
0.73867, 0.75885, 0.74002, 0.74778, 0.75573, 0.751, 0.1241, 0.1352, 
0.1605, 0.1827, 0.2097, 0.2292, 0.2574, 0.2881, 0.3126, 0.3547, 
0.3877, 277.7, 290.5, 316.1, 339.1, 367.9, 394.8, 411.3, 440.2, 
472.4, 492.1, 514.4, 1, 1, 1, 1, 1, 1, 1, 1, 1, 1, 1, 1, 1, 1, 
1, 1, 1, 1, 1, 1, 1, 1, 1, 1, 1, 1, 1, 1, 1, 1, 1, 1, 1, 1, 1, 
1, 1, 1, 1, 1, 1, 1, 1, 1, 4.38, 4.485, 4.582, 4.85, 5.053, 5.252, 
5.595, 6.024, 6.116, 6.597, 7.084), .Dim = c(11L, 40L), .Dimnames = list(
    NULL, c("Sampling", "PSO.cost", "PSO.gamma", "PSO.data.balancing", 
    "PSO.feature.selection", "PSO.valid.acc", "PSO.test.acc", 
    "PSO.train.time", "PSO.n.support.vectors", "PSO.index", "PSO.n.solutions", 
    "PSO.generations", "PSO.n.evaluations", "PSO.cpu.time", "RS.cost", 
    "RS.gamma", "RS.data.balancing", "RS.feature.selection", 
    "RS.valid.acc", "RS.test.acc", "RS.train.time", "RS.n.support.vectors", 
    "RS.index", "RS.n.solutions", "RS.generations", "RS.n.evaluations", 
    "RS.cpu.time", "DF.cost", "DF.gamma", "DF.data.balancing", 
    "DF.feature.selection", "DF.valid.acc", "DF.test.acc", "DF.train.time", 
    "DF.n.support.vectors", "DF.index", "DF.n.solutions", "DF.generations", 
    "DF.n.evaluations", "DF.cpu.time")))
