full <-
structure(c(50, 55, 60, 65, 70, 75, 80, 85, 90, 95, 100, 4.82247, 
10.90277, 11.1632, 12.03148, 8.45684, 12.25189, 4.9608, 7.60327, 
6.47295, 1.6421, 1.69588, -9.11425, -9.61759, -11.64883, -10.80977, 
-10.40823, -11.85979, -8.67863, -11.77974, -8.59729, -5.92909, 
-6.18363, 0, 0, 0, 0, 0, 0, 0, 0, 0, 0, 0, 0, 0, 0, 0, 0, 0, 
0, 0, 0, 0, 0, 0.7425, 0.75818, 0.76829, 0.77081, 0.78, 0.77483, 
0.76877, 0.76588, 0.76674, 0.75993, 0.763, 0.72634, 0.74545, 
0.73815, 0.75852, 0.76857, 0.76402, 0.75496, 0.74941, 0.77009, 
0.74839, 0.751, 0.1138, 0.2011, 0.1751, 0.2647, 0.1994, 0.2842, 
0.242, 0.2652, 0.3047, 0.3414, 0.3725, 243.8, 231.2, 253.1, 270.3, 
301.5, 311.5, 371.2, 396.4, 401.5, 466.4, 479.2, 1708, 727, 897, 
745, 606, 1511, 494, 1284, 1034, 1338, 1212, 5, 74, 61, 10, 32, 
8, 522, 17, 5, 54, 51, 100, 100, 100, 100, 100, 100, 100, 100, 
100, 100, 100, 2500, 2500, 2500, 2500, 2500, 2500, 2500, 2500, 
2500, 2500, 2500, 11050.322, 13868.93, 12942.432, 17296.769, 
15481.384, 16218.389, 14813.82, 15540.568, 16869.62, 20518.298, 
18629.698, 7.3283, 0.54201, 11.33199, 14.916, 6.03988, 11.55196, 
3.86901, 10.08233, 7.3084, 12.69939, 1.75242, -11.52593, -4.0153, 
-11.62653, -12.38935, -8.06951, -11.51045, -7.62892, -14.24386, 
-9.15646, -11.70623, -6.30615, 0, 0, 0, 0, 0, 0, 0, 0, 0, 0, 
0, 0, 0, 0, 0, 0, 0, 0, 0, 0, 0, 0, 0.74246, 0.76727, 0.76496, 
0.76931, 0.77714, 0.77216, 0.76502, 0.76471, 0.7645, 0.75679, 
0.76, 0.72634, 0.74545, 0.74646, 0.76162, 0.77143, 0.76277, 0.74876, 
0.74941, 0.76451, 0.75049, 0.753, 0.1134, 0.1488, 0.1771, 0.4146, 
0.2014, 0.2689, 0.2478, 0.2602, 0.3153, 0.4988, 0.3604, 241.2, 
307.7, 252.2, 266.8, 308.6, 311.9, 376.5, 395.9, 399.1, 413.9, 
478, 1685, 743, 132, 1633, 647, 1817, 1825, 1670, 1866, 1347, 
981, 1, 1, 1, 2, 6, 1, 3, 3, 1, 1, 1, 100, 100, 100, 100, 100, 
100, 100, 100, 100, 100, 100, 2500, 2500, 2500, 2500, 2500, 2500, 
2500, 2500, 2500, 2500, 2500, 11980.744, 12749.195, 13966.984, 
14978.996, 15641.71, 16368.274, 17503.607, 17892.209, 19476.566, 
21193.361, 21973.297, 1, 1, 1, 1, 1, 1, 1, 1, 1, 1, 1, 0.05, 
0.05, 0.05, 0.05, 0.05, 0.05, 0.05, 0.05, 0.05, 0.05, 0.05, 0, 
0, 0, 0, 0, 0, 0, 0, 0, 0, 0, 0, 0, 0, 0, 0, 0, 0, 0, 0, 0, 0, 
0.71626, 0.74545, 0.73001, 0.73857, 0.76, 0.74135, 0.74746, 0.73765, 
0.75789, 0.74523, 0.748, 0.7143, 0.73818, 0.72509, 0.75085, 0.75143, 
0.74398, 0.74129, 0.74471, 0.75679, 0.7463, 0.745, 0.1227, 0.1436, 
0.1686, 0.1854, 0.2124, 0.233, 0.2597, 0.286, 0.3301, 0.3609, 
0.384, 275.1, 299.8, 320.1, 343.9, 366, 390.9, 421.9, 446.3, 
473.1, 500.6, 513.6, 1, 1, 1, 1, 1, 1, 1, 1, 1, 1, 1, 1, 1, 1, 
1, 1, 1, 1, 1, 1, 1, 1, 1, 1, 1, 1, 1, 1, 1, 1, 1, 1, 1, 1, 1, 
1, 1, 1, 1, 1, 1, 1, 1, 1, 4.475, 4.664, 5.145, 5.278, 5.531, 
5.72, 5.879, 6.134, 6.473, 6.845, 7.249), .Dim = c(11L, 40L), .Dimnames = list(
    NULL, c("Sampling", "PSO.cost", "PSO.gamma", "PSO.data.balancing", 
    "PSO.feature.selection", "PSO.valid.acc", "PSO.test.acc", 
    "PSO.train.time", "PSO.n.support.vectors", "PSO.index", "PSO.n.solutions", 
    "PSO.generations", "PSO.n.evaluations", "PSO.cpu.time", "RS.cost", 
    "RS.gamma", "RS.data.balancing", "RS.feature.selection", 
    "RS.valid.acc", "RS.test.acc", "RS.train.time", "RS.n.support.vectors", 
    "RS.index", "RS.n.solutions", "RS.generations", "RS.n.evaluations", 
    "RS.cpu.time", "DF.cost", "DF.gamma", "DF.data.balancing", 
    "DF.feature.selection", "DF.valid.acc", "DF.test.acc", "DF.train.time", 
    "DF.n.support.vectors", "DF.index", "DF.n.solutions", "DF.generations", 
    "DF.n.evaluations", "DF.cpu.time")))
