full <-
structure(c(50, 55, 60, 65, 70, 75, 80, 85, 90, 95, 100, 9.77304, 
7.81562, 4.50717, 2.18095, 6.25015, 0.26042, 7.90679, 4.90875, 
12.25071, 4.42419, 5.51952, -14.99518, -12.57425, -8.68588, -6.45748, 
-10.33049, -4.06518, -11.19445, -7.69215, -14.96857, -7.45479, 
-7.53888, 0, 0, 0, 0, 0, 0, 0, 0, 0, 0, 0, 0, 0, 0, 0, 0, 0, 
0, 0, 0, 0, 0, 0.76978, 0.76015, 0.77017, 0.77519, 0.76995, 0.776, 
0.78125, 0.7695, 0.77006, 0.77473, 0.765, 0.74982, 0.74014, 0.75698, 
0.75516, 0.75701, 0.76133, 0.76, 0.76476, 0.75233, 0.75373, 0.752, 
0.1079, 0.1264, 0.1465, 0.1698, 0.1957, 0.2395, 0.2283, 0.2649, 
0.2934, 0.3261, 0.3716, 237.5, 253.5, 277.7, 313.6, 322, 398.8, 
354.3, 385.5, 386.5, 430.1, 448, 707, 589, 849, 2234, 994, 1489, 
881, 340, 776, 2358, 463, 53, 9, 20, 1, 62, 40, 14, 65, 19, 3, 
78, 100, 100, 100, 100, 100, 100, 100, 100, 100, 100, 100, 2500, 
2500, 2500, 2500, 2500, 2500, 2500, 2500, 2500, 2500, 2500, 10552.782, 
10885.058, 11287.72, 12450.392, 12566.334, 13717.073, 13532.082, 
14313.372, 15655.153, 16290.082, 18736.778, 2.86845, 9.30771, 
2.16497, 2.75575, 6.70327, 0.35815, 7.98761, 4.17994, 11.23709, 
4.49469, 5.41468, -7.86868, -13.96332, -6.3898, -7.10904, -10.81241, 
-4.1263, -11.66024, -7.31741, -13.89497, -7.49544, -7.41505, 
0, 0, 0, 0, 0, 0, 0, 0, 0, 0, 0, 0, 0, 0, 0, 0, 0, 0, 0, 0, 0, 
0, 0.76778, 0.75836, 0.7685, 0.77067, 0.76709, 0.77467, 0.78, 
0.76715, 0.76893, 0.77473, 0.764, 0.7459, 0.74011, 0.76036, 0.75978, 
0.75701, 0.76133, 0.765, 0.76242, 0.75454, 0.75268, 0.752, 0.1068, 
0.1283, 0.1477, 0.1693, 0.1866, 0.2362, 0.2357, 0.2667, 0.2905, 
0.3303, 0.3728, 237.9, 252.6, 288.5, 309.8, 321.4, 397.3, 357.8, 
388.8, 385.5, 429.5, 448.6, 1400, 74, 2192, 445, 2181, 1650, 
349, 2174, 1968, 2163, 662, 1, 1, 1, 1, 1, 1, 4, 1, 1, 1, 1, 
100, 100, 100, 100, 100, 100, 100, 100, 100, 100, 100, 2500, 
2500, 2500, 2500, 2500, 2500, 2500, 2500, 2500, 2500, 2500, 11566.265, 
12046.75, 12650.909, 13402.149, 14359.234, 15400.622, 16268.165, 
17383.495, 18829.665, 20187.091, 21660.191, 1, 1, 1, 1, 1, 1, 
1, 1, 1, 1, 1, 0.05, 0.05, 0.05, 0.05, 0.05, 0.05, 0.05, 0.05, 
0.05, 0.05, 0.05, 0, 0, 0, 0, 0, 0, 0, 0, 0, 0, 0, 0, 0, 0, 0, 
0, 0, 0, 0, 0, 0, 0, 0.74182, 0.74365, 0.7585, 0.76139, 0.75558, 
0.76267, 0.7675, 0.75537, 0.74659, 0.75896, 0.749, 0.7439, 0.74378, 
0.75856, 0.75521, 0.75417, 0.76133, 0.7625, 0.76125, 0.75669, 
0.7548, 0.754, 0.1149, 0.1324, 0.1615, 0.1883, 0.2114, 0.2353, 
0.2664, 0.2854, 0.3223, 0.3515, 0.3986, 264.4, 287.4, 321.6, 
344.2, 369.5, 390.9, 416.3, 442, 463.7, 487.2, 513.2, 1, 1, 1, 
1, 1, 1, 1, 1, 1, 1, 1, 1, 1, 1, 1, 1, 1, 1, 1, 1, 1, 1, 1, 1, 
1, 1, 1, 1, 1, 1, 1, 1, 1, 1, 1, 1, 1, 1, 1, 1, 1, 1, 1, 1, 4.221, 
4.247, 4.438, 4.856, 5.088, 5.306, 5.65, 5.812, 6.348, 6.643, 
7.512), .Dim = c(11L, 40L), .Dimnames = list(NULL, c("Sampling", 
"PSO.cost", "PSO.gamma", "PSO.data.balancing", "PSO.feature.selection", 
"PSO.valid.acc", "PSO.test.acc", "PSO.train.time", "PSO.n.support.vectors", 
"PSO.index", "PSO.n.solutions", "PSO.generations", "PSO.n.evaluations", 
"PSO.cpu.time", "RS.cost", "RS.gamma", "RS.data.balancing", "RS.feature.selection", 
"RS.valid.acc", "RS.test.acc", "RS.train.time", "RS.n.support.vectors", 
"RS.index", "RS.n.solutions", "RS.generations", "RS.n.evaluations", 
"RS.cpu.time", "DF.cost", "DF.gamma", "DF.data.balancing", "DF.feature.selection", 
"DF.valid.acc", "DF.test.acc", "DF.train.time", "DF.n.support.vectors", 
"DF.index", "DF.n.solutions", "DF.generations", "DF.n.evaluations", 
"DF.cpu.time")))
