full <-
structure(c(50, 55, 60, 65, 70, 75, 80, 85, 90, 95, 100, 9.63132, 
14.5137, 9.43747, 11.58231, 11.79473, 2.5068, 7.60294, 3.65182, 
1.58628, 5.47674, 0.92775, -8.98082, -15, -10.45983, -15, -13.52165, 
-6.97275, -10.9289, -7.64672, -5.37921, -8.97057, -3.54977, 0, 
0, 0, 0, 0, 0, 0, 0, 0, 0, 0, 0, 0, 0, 0, 0, 0, 0, 0, 0, 0, 0, 
0.77207, 0.78718, 0.78501, 0.78, 0.78581, 0.77466, 0.75797, 0.75879, 
0.76343, 0.7737, 0.77, 0.75198, 0.76896, 0.7601, 0.75846, 0.77173, 
0.75069, 0.75294, 0.74473, 0.75566, 0.76003, 0.767, 0.1531, 0.1514, 
0.1631, 0.1599, 0.1961, 0.2198, 0.229, 0.2639, 0.3114, 0.326, 
0.4241, 213.9, 226.6, 257.6, 293.5, 298.9, 358.4, 361.7, 399.1, 
437.2, 428.3, 551.6, 2288, 263, 2327, 484, 1210, 688, 2253, 114, 
1930, 1753, 1930, 1, 762, 3, 71, 19, 263, 1, 170, 3, 34, 1, 100, 
100, 100, 100, 100, 100, 100, 100, 100, 100, 100, 2500, 2500, 
2500, 2500, 2500, 2500, 2500, 2500, 2500, 2500, 2500, 12624.794, 
11449.274, 12239.15, 12482.981, 13061.599, 13561.133, 15228.69, 
18272.476, 16846.383, 17211.878, 18409.248, 9.82806, 14.01473, 
10.80206, 10.14885, 11.73231, 2.62878, 7.18727, 3.1338, 1.68095, 
5.9129, 3.08232, -9.07967, -14.75357, -10.99714, -13.49597, -13.45608, 
-7.07584, -10.34856, -7.1708, -5.40738, -9.26485, -6.69343, 0, 
0, 0, 0, 0, 0, 0, 0, 0, 0, 0, 0, 0, 0, 0, 0, 0, 0, 0, 0, 0, 0, 
0.77003, 0.78536, 0.78335, 0.77846, 0.78436, 0.77201, 0.76048, 
0.75879, 0.76122, 0.77054, 0.767, 0.75198, 0.76899, 0.76174, 
0.76, 0.77173, 0.75069, 0.75411, 0.74236, 0.75454, 0.76107, 0.763, 
0.1525, 0.1429, 0.1758, 0.1729, 0.1977, 0.216, 0.2399, 0.2657, 
0.3129, 0.3147, 0.376, 213.2, 227.8, 253, 293.4, 298.8, 357.9, 
359.5, 402.1, 436.2, 426.4, 465.9, 842, 734, 261, 1561, 787, 
739, 1412, 102, 466, 1438, 296, 2, 1, 3, 2, 1, 1, 2, 1, 1, 1, 
1, 100, 100, 100, 100, 100, 100, 100, 100, 100, 100, 100, 2500, 
2500, 2500, 2500, 2500, 2500, 2500, 2500, 2500, 2500, 2500, 11369.929, 
12102.362, 13158.326, 13879.819, 14884.984, 15844.199, 16793.008, 
18036.461, 19083.391, 20415.666, 21699.956, 1, 1, 1, 1, 1, 1, 
1, 1, 1, 1, 1, 0.05, 0.05, 0.05, 0.05, 0.05, 0.05, 0.05, 0.05, 
0.05, 0.05, 0.05, 0, 0, 0, 0, 0, 0, 0, 0, 0, 0, 0, 0, 0, 0, 0, 
0, 0, 0, 0, 0, 0, 0, 0.72813, 0.7435, 0.73996, 0.74769, 0.74007, 
0.75999, 0.7479, 0.74351, 0.75563, 0.75376, 0.75, 0.7363, 0.74724, 
0.73829, 0.73692, 0.74885, 0.7494, 0.74419, 0.73887, 0.7457, 
0.75055, 0.755, 0.1182, 0.136, 0.1614, 0.1786, 0.2065, 0.2356, 
0.2557, 0.2892, 0.328, 0.3506, 0.3911, 263.2, 290.9, 317.7, 345.9, 
365.9, 390.7, 420.1, 445, 466.1, 485, 516.1, 1, 1, 1, 1, 1, 1, 
1, 1, 1, 1, 1, 1, 1, 1, 1, 1, 1, 1, 1, 1, 1, 1, 1, 1, 1, 1, 1, 
1, 1, 1, 1, 1, 1, 1, 1, 1, 1, 1, 1, 1, 1, 1, 1, 1, 4.284, 4.417, 
4.657, 4.982, 5.209, 5.586, 5.713, 6.158, 6.568, 6.631, 7.148
), .Dim = c(11L, 40L), .Dimnames = list(NULL, c("Sampling", "PSO.cost", 
"PSO.gamma", "PSO.data.balancing", "PSO.feature.selection", "PSO.valid.acc", 
"PSO.test.acc", "PSO.train.time", "PSO.n.support.vectors", "PSO.index", 
"PSO.n.solutions", "PSO.generations", "PSO.n.evaluations", "PSO.cpu.time", 
"RS.cost", "RS.gamma", "RS.data.balancing", "RS.feature.selection", 
"RS.valid.acc", "RS.test.acc", "RS.train.time", "RS.n.support.vectors", 
"RS.index", "RS.n.solutions", "RS.generations", "RS.n.evaluations", 
"RS.cpu.time", "DF.cost", "DF.gamma", "DF.data.balancing", "DF.feature.selection", 
"DF.valid.acc", "DF.test.acc", "DF.train.time", "DF.n.support.vectors", 
"DF.index", "DF.n.solutions", "DF.generations", "DF.n.evaluations", 
"DF.cpu.time")))
