full <-
structure(c(50, 55, 60, 65, 70, 75, 80, 85, 90, 95, 100, 4.48995, 
8.25834, 12.46114, 5.04897, 1.51695, 6.81589, 5.00604, 5.95643, 
6.5536, 7.78545, 10.43096, -8.29354, -11.91781, -14.2773, -8.77476, 
-5.01576, -8.38727, -7.24365, -8.33812, -7.75942, -8.82855, -10.9771, 
0, 0, 0, 0, 0, 0, 0, 0, 0, 0, 0, 0, 0, 0, 0, 0, 0, 0, 0, 0, 0, 
0, 0.77023, 0.77091, 0.77329, 0.76921, 0.78448, 0.7839, 0.77757, 
0.7707, 0.76995, 0.77173, 0.758, 0.74382, 0.76, 0.77488, 0.75681, 
0.76305, 0.77325, 0.76256, 0.7613, 0.75998, 0.75904, 0.755, 0.1071, 
0.1259, 0.1489, 0.1647, 0.2121, 0.2577, 0.2631, 0.2672, 0.3183, 
0.3558, 0.4193, 232.4, 254.9, 253, 298.5, 356.2, 335.8, 359.9, 
381, 396.3, 403.9, 428.9, 1687, 1045, 448, 863, 1339, 638, 1269, 
1845, 1006, 767, 692, 40, 8, 1, 21, 33, 165, 70, 15, 198, 67, 
8, 100, 100, 100, 100, 100, 100, 100, 100, 100, 100, 100, 2500, 
2500, 2500, 2500, 2500, 2500, 2500, 2500, 2500, 2500, 2500, 10661.169, 
11220.282, 11806.991, 12398.236, 17300.335, 20879.425, 21192.623, 
16221.948, 16956.096, 18926.526, 19159.644, 4.41978, 9.53576, 
13.41292, 2.86902, 1.04512, 6.14264, 5.17925, 7.96557, 7.01841, 
0.30013, 11.12928, -8.11603, -13.18578, -14.96092, -6.49917, 
-4.6196, -8.04299, -7.3522, -9.51892, -8.08312, -4.31446, -11.31646, 
0, 0, 0, 0, 0, 0, 0, 0, 0, 0, 0, 0, 0, 0, 0, 0, 0, 0, 0, 0, 0, 
0, 0.76822, 0.77091, 0.77166, 0.76599, 0.78307, 0.78257, 0.77632, 
0.76951, 0.76882, 0.77166, 0.758, 0.74774, 0.76182, 0.77491, 
0.75678, 0.7616, 0.7759, 0.76256, 0.76021, 0.75776, 0.7663, 0.755, 
0.1072, 0.1247, 0.1547, 0.1698, 0.2089, 0.2504, 0.2697, 0.2733, 
0.3189, 0.3486, 0.4353, 231.5, 254.5, 251.6, 310.1, 367, 338.7, 
359.2, 373, 394.5, 482.7, 426.9, 2217, 233, 895, 1790, 670, 507, 
1581, 874, 470, 2200, 584, 1, 1, 3, 1, 1, 1, 1, 1, 1, 1, 1, 100, 
100, 100, 100, 100, 100, 100, 100, 100, 100, 100, 2500, 2500, 
2500, 2500, 2500, 2500, 2500, 2500, 2500, 2500, 2500, 11615.297, 
12457.814, 13250.107, 14108.357, 20419.078, 22626.521, 21121.01, 
17731.319, 19846.722, 20519.083, 21971.91, 1, 1, 1, 1, 1, 1, 
1, 1, 1, 1, 1, 0.05, 0.05, 0.05, 0.05, 0.05, 0.05, 0.05, 0.05, 
0.05, 0.05, 0.05, 0, 0, 0, 0, 0, 0, 0, 0, 0, 0, 0, 0, 0, 0, 0, 
0, 0, 0, 0, 0, 0, 0, 0.74046, 0.73273, 0.75674, 0.7475, 0.76589, 
0.74666, 0.75628, 0.74951, 0.76222, 0.76532, 0.745, 0.7541, 0.73818, 
0.7451, 0.75359, 0.76587, 0.74931, 0.76131, 0.75549, 0.76223, 
0.76318, 0.749, 0.1192, 0.1464, 0.1661, 0.1852, 0.2321, 0.2631, 
0.2626, 0.2851, 0.3263, 0.364, 0.3984, 274.1, 308.2, 330.7, 353, 
382.9, 407.3, 423.2, 452.7, 472, 485.1, 513.1, 1, 1, 1, 1, 1, 
1, 1, 1, 1, 1, 1, 1, 1, 1, 1, 1, 1, 1, 1, 1, 1, 1, 1, 1, 1, 1, 
1, 1, 1, 1, 1, 1, 1, 1, 1, 1, 1, 1, 1, 1, 1, 1, 1, 1, 4.374, 
4.56, 4.923, 4.99, 7.77, 8.371, 5.926, 6.161, 6.533, 6.991, 7.342
), .Dim = c(11L, 40L), .Dimnames = list(NULL, c("Sampling", "PSO.cost", 
"PSO.gamma", "PSO.data.balancing", "PSO.feature.selection", "PSO.valid.acc", 
"PSO.test.acc", "PSO.train.time", "PSO.n.support.vectors", "PSO.index", 
"PSO.n.solutions", "PSO.generations", "PSO.n.evaluations", "PSO.cpu.time", 
"RS.cost", "RS.gamma", "RS.data.balancing", "RS.feature.selection", 
"RS.valid.acc", "RS.test.acc", "RS.train.time", "RS.n.support.vectors", 
"RS.index", "RS.n.solutions", "RS.generations", "RS.n.evaluations", 
"RS.cpu.time", "DF.cost", "DF.gamma", "DF.data.balancing", "DF.feature.selection", 
"DF.valid.acc", "DF.test.acc", "DF.train.time", "DF.n.support.vectors", 
"DF.index", "DF.n.solutions", "DF.generations", "DF.n.evaluations", 
"DF.cpu.time")))
