full <-
structure(c(50, 55, 60, 65, 70, 75, 80, 85, 90, 95, 100, 14.96751, 
0.56777, 0.2295, 4.34266, 10.17267, 15, 10.99966, 13.76776, 6.09733, 
3.45154, 10.90299, -13.60931, -2.13602, -3.72399, -6.09167, -10.52655, 
-14.65462, -14.87163, -14.50226, -9.64303, -6.91804, -14.24685, 
0, 0, 0, 0, 0, 0, 0, 0, 0, 0, 0, 0, 0, 0, 0, 0, 0, 0, 0, 0, 0, 
0, 0.75844, 0.7601, 0.75824, 0.74169, 0.7499, 0.76262, 0.75124, 
0.75994, 0.76541, 0.77048, 0.764, 0.75852, 0.73639, 0.7516, 0.7247, 
0.73698, 0.74916, 0.74617, 0.74223, 0.74762, 0.76625, 0.76, 0.1803, 
0.1871, 0.1668, 0.182, 0.2289, 0.2967, 0.2381, 0.3028, 0.2924, 
0.3188, 0.352, 207.3, 417.3, 336.8, 306.6, 310.4, 322.7, 372.2, 
366.3, 407.9, 438.1, 444.1, 2207, 1363, 2391, 990, 2500, 366, 
1355, 1295, 1281, 1895, 1087, 1, 77, 2, 15, 1, 1, 1, 5, 45, 22, 
3, 100, 100, 100, 100, 100, 100, 100, 100, 100, 100, 100, 2500, 
2500, 2500, 2500, 2500, 2500, 2500, 2500, 2500, 2500, 2500, 11374.994, 
11972.848, 11732.715, 12951.856, 13239.453, 14632.239, 14191.289, 
15920.653, 15943.033, 16841.573, 17292.172, 14.55458, 12.69703, 
0.30166, 3.60717, 12.20566, 14.06288, 9.71243, 13.64709, 6.21886, 
3.05374, 0.79713, -13.59548, -2.11188, -4.04174, -7.16664, -14.02494, 
-14.14497, -13.183, -14.54167, -9.68347, -6.68629, -4.46591, 
0, 0, 0, 0, 0, 0, 0, 0, 0, 0, 0, 0, 0, 0, 0, 0, 0, 0, 0, 0, 0, 
0, 0.75444, 0.7566, 0.75324, 0.7416, 0.7471, 0.75993, 0.74877, 
0.75758, 0.7643, 0.76836, 0.763, 0.75852, 0.73454, 0.75157, 0.73241, 
0.73563, 0.74786, 0.74369, 0.7387, 0.74874, 0.76731, 0.765, 0.1623, 
0.1876, 0.1602, 0.1683, 0.2017, 0.2871, 0.2339, 0.297, 0.2914, 
0.3282, 0.3753, 207.5, 420.8, 324, 304.8, 309.1, 324.9, 368.1, 
367.3, 406.8, 443.2, 504.8, 352, 240, 833, 2443, 2434, 2445, 
694, 2176, 2448, 824, 2022, 1, 2, 2, 1, 1, 1, 4, 1, 1, 2, 1, 
100, 100, 100, 100, 100, 100, 100, 100, 100, 100, 100, 2500, 
2500, 2500, 2500, 2500, 2500, 2500, 2500, 2500, 2500, 2500, 10887.53, 
11506.738, 12453.457, 13325.505, 14140.275, 15441.204, 16549.689, 
17708.293, 18766.167, 19827.249, 21099.847, 1, 1, 1, 1, 1, 1, 
1, 1, 1, 1, 1, 0.05, 0.05, 0.05, 0.05, 0.05, 0.05, 0.05, 0.05, 
0.05, 0.05, 0.05, 0, 0, 0, 0, 0, 0, 0, 0, 0, 0, 0, 0, 0, 0, 0, 
0, 0, 0, 0, 0, 0, 0, 0.73404, 0.72912, 0.7316, 0.7216, 0.73567, 
0.72807, 0.73119, 0.72935, 0.73994, 0.74934, 0.753, 0.74184, 
0.73279, 0.72665, 0.72782, 0.73422, 0.73335, 0.73003, 0.73756, 
0.74211, 0.74835, 0.756, 0.118, 0.134, 0.1596, 0.1786, 0.2078, 
0.2396, 0.2644, 0.2891, 0.316, 0.3532, 0.3779, 267.9, 293.3, 
318.2, 340.6, 371, 396.9, 425.2, 450.1, 465.8, 492.4, 516.4, 
1, 1, 1, 1, 1, 1, 1, 1, 1, 1, 1, 1, 1, 1, 1, 1, 1, 1, 1, 1, 1, 
1, 1, 1, 1, 1, 1, 1, 1, 1, 1, 1, 1, 1, 1, 1, 1, 1, 1, 1, 1, 1, 
1, 1, 4.04, 4.147, 4.56, 4.667, 5.103, 5.354, 5.73, 5.914, 6.336, 
6.692, 6.739), .Dim = c(11L, 40L), .Dimnames = list(NULL, c("Sampling", 
"PSO.cost", "PSO.gamma", "PSO.data.balancing", "PSO.feature.selection", 
"PSO.valid.acc", "PSO.test.acc", "PSO.train.time", "PSO.n.support.vectors", 
"PSO.index", "PSO.n.solutions", "PSO.generations", "PSO.n.evaluations", 
"PSO.cpu.time", "RS.cost", "RS.gamma", "RS.data.balancing", "RS.feature.selection", 
"RS.valid.acc", "RS.test.acc", "RS.train.time", "RS.n.support.vectors", 
"RS.index", "RS.n.solutions", "RS.generations", "RS.n.evaluations", 
"RS.cpu.time", "DF.cost", "DF.gamma", "DF.data.balancing", "DF.feature.selection", 
"DF.valid.acc", "DF.test.acc", "DF.train.time", "DF.n.support.vectors", 
"DF.index", "DF.n.solutions", "DF.generations", "DF.n.evaluations", 
"DF.cpu.time")))
