full <-
structure(c(50, 55, 60, 65, 70, 75, 80, 85, 90, 95, 100, 1.95108, 
2.00936, 4.05457, 0.30933, 1.71704, 2.99142, 7.59364, 4.39618, 
1.64929, 1.643, 0.4645, -2.79726, -4.54662, -5.92561, -3.5279, 
-3.78985, -5.73512, -8.35058, -6.71955, -5.02083, -4.01066, -4.74794, 
0, 0, 0, 0, 0, 0, 0, 0, 0, 0, 0, 0, 0, 0, 0, 0, 0, 0, 0, 0, 0, 
0, 0.77197, 0.76931, 0.75697, 0.7631, 0.77012, 0.76803, 0.76639, 
0.76594, 0.77, 0.76726, 0.77, 0.75581, 0.7656, 0.75178, 0.76313, 
0.76159, 0.75597, 0.75755, 0.75408, 0.74778, 0.76942, 0.757, 
0.1556, 0.1453, 0.1671, 0.2006, 0.24, 0.2232, 0.2752, 0.2741, 
0.3104, 0.3822, 0.3871, 347.9, 293.3, 296.1, 378.5, 394.7, 360.1, 
355, 391.9, 448, 504.4, 506.3, 1425, 180, 2451, 1008, 1104, 1853, 
32, 1125, 1434, 1863, 275, 133, 250, 1, 45, 24, 3, 102, 82, 37, 
7, 59, 100, 100, 100, 100, 100, 100, 100, 100, 100, 100, 100, 
2500, 2500, 2500, 2500, 2500, 2500, 2500, 2500, 2500, 2500, 2500, 
11932.567, 11871.625, 12524.976, 12673.721, 13886.13, 14392.657, 
14963.007, 16401.625, 16109.303, 20279.986, 18349.424, 14.40631, 
1.30114, 3.87901, 1.87092, 2.19358, 2.12473, 9.04616, 5.30829, 
1.11713, 1.59807, 1.59044, -2.77903, -4.18036, -5.80416, -4.23282, 
-4.74828, -5.11224, -9.39286, -7.23225, -4.54262, -3.96621, -5.24703, 
0, 0, 0, 0, 0, 0, 0, 0, 0, 0, 0, 0, 0, 0, 0, 0, 0, 0, 0, 0, 0, 
0, 0.76993, 0.76567, 0.75356, 0.76296, 0.76596, 0.76532, 0.76511, 
0.76237, 0.76667, 0.76621, 0.769, 0.75581, 0.7656, 0.75172, 0.75692, 
0.76594, 0.74934, 0.75377, 0.75171, 0.74556, 0.76731, 0.76, 0.1543, 
0.1455, 0.1649, 0.1929, 0.214, 0.2299, 0.3028, 0.2763, 0.3257, 
0.3805, 0.375, 348.5, 302.8, 297.6, 350.4, 360.7, 371.1, 349.7, 
386.6, 462.3, 505.8, 486.7, 570, 186, 228, 1582, 105, 991, 183, 
1726, 1398, 995, 1474, 8, 1, 1, 1, 1, 1, 1, 1, 1, 1, 1, 100, 
100, 100, 100, 100, 100, 100, 100, 100, 100, 100, 2500, 2500, 
2500, 2500, 2500, 2500, 2500, 2500, 2500, 2500, 2500, 11972.568, 
12844.297, 12892.309, 14001.774, 14715.818, 15493.086, 16572.931, 
17712.332, 18790.881, 20177.511, 21480.798, 1, 1, 1, 1, 1, 1, 
1, 1, 1, 1, 1, 0.05, 0.05, 0.05, 0.05, 0.05, 0.05, 0.05, 0.05, 
0.05, 0.05, 0.05, 0, 0, 0, 0, 0, 0, 0, 0, 0, 0, 0, 0, 0, 0, 0, 
0, 0, 0, 0, 0, 0, 0, 0.73376, 0.74736, 0.72505, 0.7569, 0.74141, 
0.73862, 0.74369, 0.74819, 0.75444, 0.74096, 0.767, 0.7378, 0.7546, 
0.72344, 0.75077, 0.7399, 0.74531, 0.75872, 0.74706, 0.75333, 
0.74941, 0.757, 0.1235, 0.1437, 0.1639, 0.1927, 0.2098, 0.2356, 
0.2627, 0.2815, 0.321, 0.3606, 0.3824, 280.9, 304.9, 330.5, 352.5, 
377, 398.1, 425, 449.6, 477.4, 498.7, 517.2, 1, 1, 1, 1, 1, 1, 
1, 1, 1, 1, 1, 1, 1, 1, 1, 1, 1, 1, 1, 1, 1, 1, 1, 1, 1, 1, 1, 
1, 1, 1, 1, 1, 1, 1, 1, 1, 1, 1, 1, 1, 1, 1, 1, 1, 4.495, 4.88, 
4.597, 4.965, 5.247, 5.294, 5.671, 5.976, 6.324, 6.712, 7.041
), .Dim = c(11L, 40L), .Dimnames = list(NULL, c("Sampling", "PSO.cost", 
"PSO.gamma", "PSO.data.balancing", "PSO.feature.selection", "PSO.valid.acc", 
"PSO.test.acc", "PSO.train.time", "PSO.n.support.vectors", "PSO.index", 
"PSO.n.solutions", "PSO.generations", "PSO.n.evaluations", "PSO.cpu.time", 
"RS.cost", "RS.gamma", "RS.data.balancing", "RS.feature.selection", 
"RS.valid.acc", "RS.test.acc", "RS.train.time", "RS.n.support.vectors", 
"RS.index", "RS.n.solutions", "RS.generations", "RS.n.evaluations", 
"RS.cpu.time", "DF.cost", "DF.gamma", "DF.data.balancing", "DF.feature.selection", 
"DF.valid.acc", "DF.test.acc", "DF.train.time", "DF.n.support.vectors", 
"DF.index", "DF.n.solutions", "DF.generations", "DF.n.evaluations", 
"DF.cpu.time")))
