full <-
structure(c(50, 55, 60, 65, 70, 75, 80, 85, 90, 95, 100, 13.5944, 
14.64877, 10.10667, 4.35571, 14.45599, 6.23619, 4.50056, 3.50545, 
12.84715, 7.01307, 0.52198, -13.82667, -14.89713, -10.47164, 
-9.42996, -14.02236, -8.04609, -7.39034, -7.75972, -14.45542, 
-11.12103, -3.29509, 0, 0, 0, 0, 0, 0, 0, 0, 0, 0, 0, 0, 0, 0, 
0, 0, 0, 0, 0, 0, 0, 0, 0.77603, 0.77797, 0.77649, 0.7787, 0.78574, 
0.76944, 0.76881, 0.76478, 0.77785, 0.7674, 0.767, 0.76802, 0.75793, 
0.75154, 0.75247, 0.76996, 0.75872, 0.7539, 0.76359, 0.76779, 
0.75999, 0.755, 0.1383, 0.1592, 0.1718, 0.1726, 0.2557, 0.2352, 
0.2501, 0.2585, 0.3035, 0.3217, 0.4242, 208.8, 229.5, 250.5, 
315.6, 281.1, 335.7, 364.6, 387.6, 375.5, 433.4, 569.7, 1464, 
1179, 1879, 193, 420, 2214, 599, 1785, 353, 135, 1403, 1, 20, 
22, 76, 2, 1, 149, 9, 11, 109, 36, 100, 100, 100, 100, 100, 100, 
100, 100, 100, 100, 100, 2500, 2500, 2500, 2500, 2500, 2500, 
2500, 2500, 2500, 2500, 2500, 14265.08, 16928.253, 18131.124, 
17801.525, 20227.93, 20479.071, 19717.618, 21236.558, 20628.414, 
21629.112, 23959.165, 11.72388, 13.49659, 8.92766, 4.50476, 14.17741, 
7.33677, 4.47059, 3.44894, 11.74308, 7.06744, 0.38793, -12.17517, 
-14.2261, -9.7683, -9.58666, -13.80378, -8.45005, -7.46783, -7.58402, 
-13.39409, -11.25089, -3.2128, 0, 0, 0, 0, 0, 0, 0, 0, 0, 0, 
0, 0, 0, 0, 0, 0, 0, 0, 0, 0, 0, 0, 0.77395, 0.77797, 0.76813, 
0.7787, 0.78433, 0.76809, 0.76756, 0.76357, 0.77674, 0.7674, 
0.764, 0.77202, 0.77066, 0.75487, 0.75247, 0.76855, 0.756, 0.75765, 
0.76828, 0.76779, 0.76314, 0.751, 0.1307, 0.1469, 0.1654, 0.1718, 
0.2569, 0.2418, 0.2462, 0.2658, 0.3028, 0.3239, 0.4218, 210.7, 
232.7, 254.4, 315.5, 280.9, 332.2, 365.9, 386.9, 375.8, 434.1, 
576.6, 963, 379, 1033, 1053, 121, 245, 2022, 564, 960, 1427, 
1589, 1, 1, 2, 1, 1, 3, 3, 1, 1, 1, 1, 100, 100, 100, 100, 100, 
100, 100, 100, 100, 100, 100, 2500, 2500, 2500, 2500, 2500, 2500, 
2500, 2500, 2500, 2500, 2500, 17230.941, 17470.683, 18460.66, 
19306.08, 20506.461, 21044.64, 22048.861, 23255.222, 23534.192, 
25199.607, 26104.077, 1, 1, 1, 1, 1, 1, 1, 1, 1, 1, 1, 0.05, 
0.05, 0.05, 0.05, 0.05, 0.05, 0.05, 0.05, 0.05, 0.05, 0.05, 0, 
0, 0, 0, 0, 0, 0, 0, 0, 0, 0, 0, 0, 0, 0, 0, 0, 0, 0, 0, 0, 0, 
0.73806, 0.75271, 0.73976, 0.75711, 0.74139, 0.74551, 0.74754, 
0.75527, 0.75778, 0.7462, 0.752, 0.73826, 0.73641, 0.74487, 0.75086, 
0.75124, 0.74544, 0.74757, 0.75643, 0.74776, 0.75153, 0.749, 
0.1281, 0.1471, 0.1667, 0.1884, 0.2214, 0.2456, 0.2693, 0.2803, 
0.3179, 0.3476, 0.3845, 280.6, 303.5, 325.9, 347.8, 365.7, 399.2, 
422, 432.1, 461.4, 489.9, 516.6, 1, 1, 1, 1, 1, 1, 1, 1, 1, 1, 
1, 1, 1, 1, 1, 1, 1, 1, 1, 1, 1, 1, 1, 1, 1, 1, 1, 1, 1, 1, 1, 
1, 1, 1, 1, 1, 1, 1, 1, 1, 1, 1, 1, 1, 6.511, 6.769, 7.227, 7.259, 
7.937, 7.813, 8.408, 8.22, 8.233, 8.817, 9.232), .Dim = c(11L, 
40L), .Dimnames = list(NULL, c("Sampling", "PSO.cost", "PSO.gamma", 
"PSO.data.balancing", "PSO.feature.selection", "PSO.valid.acc", 
"PSO.test.acc", "PSO.train.time", "PSO.n.support.vectors", "PSO.index", 
"PSO.n.solutions", "PSO.generations", "PSO.n.evaluations", "PSO.cpu.time", 
"RS.cost", "RS.gamma", "RS.data.balancing", "RS.feature.selection", 
"RS.valid.acc", "RS.test.acc", "RS.train.time", "RS.n.support.vectors", 
"RS.index", "RS.n.solutions", "RS.generations", "RS.n.evaluations", 
"RS.cpu.time", "DF.cost", "DF.gamma", "DF.data.balancing", "DF.feature.selection", 
"DF.valid.acc", "DF.test.acc", "DF.train.time", "DF.n.support.vectors", 
"DF.index", "DF.n.solutions", "DF.generations", "DF.n.evaluations", 
"DF.cpu.time")))
