full <-
structure(c(50, 55, 60, 65, 70, 75, 80, 85, 90, 95, 100, 9.03288, 
1.46603, 4.48286, 6.25808, 7.55108, 5.48175, 1.19067, 5.6041, 
5.30745, 1.78225, 1.07069, -12.20213, -4.81777, -7.16053, -9.33957, 
-10.30744, -9.42623, -4.37926, -9.29703, -8.74942, -5.9413, -3.62647, 
0, 0, 0, 0, 0, 0, 0, 0, 0, 0, 0, 0, 0, 0, 0, 0, 0, 0, 0, 0, 0, 
0, 0.76, 0.76162, 0.77835, 0.76154, 0.75874, 0.75462, 0.76492, 
0.76354, 0.76209, 0.76328, 0.76, 0.756, 0.75637, 0.74493, 0.74154, 
0.74312, 0.73062, 0.75236, 0.74819, 0.75105, 0.74953, 0.755, 
0.1083, 0.1387, 0.1502, 0.176, 0.1941, 0.2189, 0.2732, 0.2644, 
0.291, 0.336, 0.4142, 224.7, 282.4, 277.3, 297.9, 320.2, 357.9, 
422.2, 394.5, 413.9, 466.6, 543, 467, 1147, 567, 1053, 977, 2003, 
1542, 1120, 1456, 984, 1858, 40, 17, 64, 42, 94, 4, 14, 69, 68, 
13, 3, 100, 100, 100, 100, 100, 100, 100, 100, 100, 100, 100, 
2500, 2500, 2500, 2500, 2500, 2500, 2500, 2500, 2500, 2500, 2500, 
10613.69, 10937.485, 11420.861, 12069.478, 12874.648, 13478.328, 
15149.049, 16351.227, 15911.766, 17109.389, 19392.885, 3.13332, 
8.12625, 4.41531, 6.2295, 8.02202, 5.11151, 0.93628, 5.78586, 
5.49695, 8.20277, 0.86464, -5.8361, -8.55298, -7.13284, -9.31754, 
-10.75273, -8.85414, -4.03805, -9.40175, -8.88576, -11.75699, 
-3.83074, 0, 0, 0, 0, 0, 0, 0, 0, 0, 0, 0, 0, 0, 0, 0, 0, 0, 
0, 0, 0, 0, 0, 0.758, 0.76149, 0.77668, 0.76154, 0.75586, 0.75325, 
0.76361, 0.76238, 0.76097, 0.76325, 0.759, 0.76, 0.73259, 0.7466, 
0.74308, 0.74165, 0.73331, 0.75738, 0.74703, 0.75107, 0.75269, 
0.761, 0.1126, 0.1464, 0.1532, 0.1654, 0.191, 0.2199, 0.2802, 
0.2628, 0.2978, 0.3247, 0.4054, 242.6, 239, 277.6, 298.2, 320, 
356.1, 434.7, 393.2, 413.1, 435.4, 528.2, 46, 492, 1625, 1083, 
1676, 145, 1660, 646, 1676, 354, 1287, 8, 2, 1, 1, 2, 1, 1, 3, 
1, 1, 2, 100, 100, 100, 100, 100, 100, 100, 100, 100, 100, 100, 
2500, 2500, 2500, 2500, 2500, 2500, 2500, 2500, 2500, 2500, 2500, 
11078.16, 11864.971, 13388.429, 13691.027, 14622.372, 15689.484, 
16530.733, 17518.618, 18791.122, 20231.661, 21285.275, 1, 1, 
1, 1, 1, 1, 1, 1, 1, 1, 1, 0.05, 0.05, 0.05, 0.05, 0.05, 0.05, 
0.05, 0.05, 0.05, 0.05, 0.05, 0, 0, 0, 0, 0, 0, 0, 0, 0, 0, 0, 
0, 0, 0, 0, 0, 0, 0, 0, 0, 0, 0, 0.734, 0.7526, 0.74176, 0.74462, 
0.73739, 0.72927, 0.73614, 0.74588, 0.74218, 0.74747, 0.749, 
0.726, 0.73259, 0.74835, 0.73846, 0.72733, 0.72399, 0.73736, 
0.74231, 0.74333, 0.74009, 0.755, 0.1192, 0.1351, 0.1641, 0.1841, 
0.2147, 0.2418, 0.2718, 0.2955, 0.3287, 0.3575, 0.3964, 269.5, 
294, 320.3, 349.3, 377.8, 406.5, 429.2, 448.9, 472.8, 500.8, 
517.2, 1, 1, 1, 1, 1, 1, 1, 1, 1, 1, 1, 1, 1, 1, 1, 1, 1, 1, 
1, 1, 1, 1, 1, 1, 1, 1, 1, 1, 1, 1, 1, 1, 1, 1, 1, 1, 1, 1, 1, 
1, 1, 1, 1, 1, 4.117, 4.384, 4.686, 4.902, 5.165, 5.412, 5.935, 
5.874, 6.231, 6.746, 7.306), .Dim = c(11L, 40L), .Dimnames = list(
    NULL, c("Sampling", "PSO.cost", "PSO.gamma", "PSO.data.balancing", 
    "PSO.feature.selection", "PSO.valid.acc", "PSO.test.acc", 
    "PSO.train.time", "PSO.n.support.vectors", "PSO.index", "PSO.n.solutions", 
    "PSO.generations", "PSO.n.evaluations", "PSO.cpu.time", "RS.cost", 
    "RS.gamma", "RS.data.balancing", "RS.feature.selection", 
    "RS.valid.acc", "RS.test.acc", "RS.train.time", "RS.n.support.vectors", 
    "RS.index", "RS.n.solutions", "RS.generations", "RS.n.evaluations", 
    "RS.cpu.time", "DF.cost", "DF.gamma", "DF.data.balancing", 
    "DF.feature.selection", "DF.valid.acc", "DF.test.acc", "DF.train.time", 
    "DF.n.support.vectors", "DF.index", "DF.n.solutions", "DF.generations", 
    "DF.n.evaluations", "DF.cpu.time")))
