full <-
structure(c(50, 55, 60, 65, 70, 75, 80, 85, 90, 95, 100, -0.00129, 
2.28315, 7.59025, 2.7717, 3.25097, 2.0173, 4.57781, 5.54178, 
6.88791, 8.77307, 4.11269, -4.65404, -6.46104, -13.22516, -7.4095, 
-7.27638, -5.64554, -7.37415, -8.57239, -11.26674, -12.14524, 
-8.12082, 0, 0, 0, 0, 0, 0, 0, 0, 0, 0, 0, 0, 0, 0, 0, 0, 0, 
0, 0, 0, 0, 0, 0.74006, 0.75451, 0.75515, 0.77677, 0.77444, 0.76933, 
0.76495, 0.76587, 0.76007, 0.76952, 0.764, 0.73002, 0.74542, 
0.75018, 0.76771, 0.75856, 0.75999, 0.76373, 0.75761, 0.75554, 
0.7611, 0.755, 0.1115, 0.1261, 0.1404, 0.1628, 0.1761, 0.1991, 
0.2214, 0.2645, 0.2815, 0.3075, 0.3365, 268, 270.3, 295.1, 310, 
325.5, 354.8, 361.8, 386.8, 420.4, 427.2, 461.9, 215, 1323, 101, 
650, 2478, 824, 576, 956, 1128, 2393, 224, 87, 49, 56, 238, 1, 
416, 213, 15, 29, 1, 28, 100, 100, 100, 100, 100, 100, 100, 100, 
100, 100, 100, 2500, 2500, 2500, 2500, 2500, 2500, 2500, 2500, 
2500, 2500, 2500, 10500.49, 10575.444, 10613.82, 11550.927, 13036.997, 
13166.789, 13843.571, 14747.277, 15515.248, 16068.664, 17343.41, 
5.47627, 2.46367, 6.17497, 2.69589, 4.2514, 2.0805, 4.64642, 
5.81668, 9.83595, 7.79938, 5.11148, -11.11636, -6.54257, -11.79117, 
-7.55216, -8.63489, -5.69063, -7.38128, -8.43289, -14.33651, 
-9.95747, -9.0125, 0, 0, 0, 0, 0, 0, 0, 0, 0, 0, 0, 0, 0, 0, 
0, 0, 0, 0, 0, 0, 0, 0, 0.7361, 0.75098, 0.75515, 0.77528, 0.77291, 
0.76933, 0.76368, 0.76464, 0.75788, 0.76851, 0.762, 0.7179, 0.74542, 
0.75018, 0.76468, 0.75142, 0.76266, 0.76249, 0.75876, 0.75335, 
0.76213, 0.758, 0.1069, 0.1256, 0.1434, 0.158, 0.1809, 0.2031, 
0.2221, 0.2712, 0.2747, 0.3182, 0.328, 252.1, 268.1, 295.4, 310.1, 
325.8, 354.1, 360.9, 384.3, 421.9, 418.3, 456.3, 1234, 1417, 
1148, 1076, 1367, 2203, 2276, 1537, 80, 19, 2249, 2, 1, 1, 1, 
1, 1, 1, 1, 2, 1, 1, 100, 100, 100, 100, 100, 100, 100, 100, 
100, 100, 100, 2500, 2500, 2500, 2500, 2500, 2500, 2500, 2500, 
2500, 2500, 2500, 10794.707, 11313.201, 12103.562, 13303.42, 
14257.733, 15186.911, 16138.366, 17491.352, 18503.994, 19373.407, 
20327.276, 1, 1, 1, 1, 1, 1, 1, 1, 1, 1, 1, 0.05, 0.05, 0.05, 
0.05, 0.05, 0.05, 0.05, 0.05, 0.05, 0.05, 0.05, 0, 0, 0, 0, 0, 
0, 0, 0, 0, 0, 0, 0, 0, 0, 0, 0, 0, 0, 0, 0, 0, 0, 0.73206, 0.73454, 
0.74015, 0.75542, 0.75148, 0.75471, 0.74994, 0.74703, 0.7456, 
0.75163, 0.751, 0.72398, 0.73266, 0.74521, 0.76008, 0.74722, 
0.74799, 0.73248, 0.75172, 0.75, 0.74953, 0.758, 0.1169, 0.1356, 
0.1495, 0.1702, 0.1992, 0.2102, 0.2393, 0.2742, 0.3045, 0.3269, 
0.3508, 272.7, 298.6, 322.5, 342.6, 369.7, 386.6, 413.7, 448.3, 
470, 494.6, 514.5, 1, 1, 1, 1, 1, 1, 1, 1, 1, 1, 1, 1, 1, 1, 
1, 1, 1, 1, 1, 1, 1, 1, 1, 1, 1, 1, 1, 1, 1, 1, 1, 1, 1, 1, 1, 
1, 1, 1, 1, 1, 1, 1, 1, 1, 3.934, 4.181, 4.373, 4.8, 5.122, 5.518, 
5.884, 5.955, 6.133, 6.387, 6.69), .Dim = c(11L, 40L), .Dimnames = list(
    NULL, c("Sampling", "PSO.cost", "PSO.gamma", "PSO.data.balancing", 
    "PSO.feature.selection", "PSO.valid.acc", "PSO.test.acc", 
    "PSO.train.time", "PSO.n.support.vectors", "PSO.index", "PSO.n.solutions", 
    "PSO.generations", "PSO.n.evaluations", "PSO.cpu.time", "RS.cost", 
    "RS.gamma", "RS.data.balancing", "RS.feature.selection", 
    "RS.valid.acc", "RS.test.acc", "RS.train.time", "RS.n.support.vectors", 
    "RS.index", "RS.n.solutions", "RS.generations", "RS.n.evaluations", 
    "RS.cpu.time", "DF.cost", "DF.gamma", "DF.data.balancing", 
    "DF.feature.selection", "DF.valid.acc", "DF.test.acc", "DF.train.time", 
    "DF.n.support.vectors", "DF.index", "DF.n.solutions", "DF.generations", 
    "DF.n.evaluations", "DF.cpu.time")))
