full <-
structure(c(50, 55, 60, 65, 70, 75, 80, 85, 90, 95, 100, 5.74989, 
13.29491, 4.12064, 14.97274, 10.87381, 2.1567, 7.28928, 8.26089, 
2.20989, 5.29415, 1.82105, -7.83615, -11.39524, -7.21656, -12.05914, 
-11.88787, -4.68888, -10.20232, -10.326, -6.56562, -8.74026, 
-3.80485, 0, 0, 0, 0, 0, 0, 0, 0, 0, 0, 0, 0, 0, 0, 0, 0, 0, 
0, 0, 0, 0, 0, 0.77818, 0.75459, 0.77992, 0.7707, 0.77148, 0.78267, 
0.76268, 0.76115, 0.76659, 0.76115, 0.766, 0.75002, 0.73281, 
0.76, 0.75695, 0.75999, 0.77467, 0.75134, 0.74583, 0.73884, 0.75585, 
0.748, 0.1063, 0.2319, 0.1466, 0.4841, 0.2021, 0.227, 0.2301, 
0.2552, 0.2943, 0.322, 0.416, 220.3, 227.4, 272.5, 273.1, 291.2, 
370.1, 347.9, 365.3, 422.4, 430.8, 537.9, 615, 1664, 1142, 707, 
1804, 799, 245, 932, 608, 1413, 1550, 162, 4, 28, 1, 48, 36, 
41, 3, 113, 27, 25, 100, 100, 100, 100, 100, 100, 100, 100, 100, 
100, 100, 2500, 2500, 2500, 2500, 2500, 2500, 2500, 2500, 2500, 
2500, 2500, 10597.38, 12428.121, 11704.839, 20391.266, 13224.625, 
14607.928, 13709.687, 14239.174, 16179.366, 17434.302, 18756.596, 
4.23172, 12.556, 5.65455, 0.75819, 11.24015, 2.49822, 8.12271, 
11.97835, 1.5924, 0.60186, 3.60585, -6.83589, -10.99027, -8.3065, 
-4.55412, -12.37608, -5.02438, -8.30647, -13.43211, -6.37135, 
-4.0686, -5.48874, 0, 0, 0, 0, 0, 0, 0, 0, 0, 0, 0, 0, 0, 0, 
0, 0, 0, 0, 0, 0, 0, 0, 0.77418, 0.75278, 0.77826, 0.7707, 0.77144, 
0.78, 0.76257, 0.75764, 0.76545, 0.75792, 0.76, 0.76206, 0.73648, 
0.75828, 0.76313, 0.76432, 0.77733, 0.73627, 0.7458, 0.73878, 
0.74952, 0.749, 0.1095, 0.2136, 0.1531, 0.1809, 0.1981, 0.2225, 
0.2781, 0.2692, 0.2997, 0.3625, 0.3841, 228.8, 228.8, 265, 334.4, 
291.2, 359.8, 341.1, 357.8, 430.1, 495.8, 467.5, 1814, 1270, 
407, 490, 2235, 625, 2375, 1329, 2145, 559, 245, 1, 1, 1, 1, 
1, 3, 1, 1, 1, 1, 4, 100, 100, 100, 100, 100, 100, 100, 100, 
100, 100, 100, 2500, 2500, 2500, 2500, 2500, 2500, 2500, 2500, 
2500, 2500, 2500, 11134.026, 11614.28, 12998.311, 13961.51, 14990.322, 
15461.898, 15990.455, 17175.715, 18661.848, 20091.197, 21152.7709999999, 
1, 1, 1, 1, 1, 1, 1, 1, 1, 1, 1, 0.05, 0.05, 0.05, 0.05, 0.05, 
0.05, 0.05, 0.05, 0.05, 0.05, 0.05, 0, 0, 0, 0, 0, 0, 0, 0, 0, 
0, 0, 0, 0, 0, 0, 0, 0, 0, 0, 0, 0, 0, 0.73398, 0.7256, 0.73495, 
0.74904, 0.73864, 0.76, 0.7488, 0.73167, 0.74762, 0.74323, 0.751, 
0.7381, 0.72004, 0.73997, 0.74007, 0.74144, 0.76, 0.7326, 0.73515, 
0.73879, 0.75373, 0.747, 0.1148, 0.138, 0.1578, 0.1845, 0.2041, 
0.2337, 0.256, 0.278, 0.3235, 0.3637, 0.3824, 261.5, 288.9, 310.5, 
342.5, 366.1, 389.2, 414.9, 441.7, 464.9, 492.8, 515.9, 1, 1, 
1, 1, 1, 1, 1, 1, 1, 1, 1, 1, 1, 1, 1, 1, 1, 1, 1, 1, 1, 1, 1, 
1, 1, 1, 1, 1, 1, 1, 1, 1, 1, 1, 1, 1, 1, 1, 1, 1, 1, 1, 1, 1, 
4.065, 4.126, 4.588, 5.028, 5.232, 5.396, 5.508, 5.886, 6.272, 
6.88, 7.024), .Dim = c(11L, 40L), .Dimnames = list(NULL, c("Sampling", 
"PSO.cost", "PSO.gamma", "PSO.data.balancing", "PSO.feature.selection", 
"PSO.valid.acc", "PSO.test.acc", "PSO.train.time", "PSO.n.support.vectors", 
"PSO.index", "PSO.n.solutions", "PSO.generations", "PSO.n.evaluations", 
"PSO.cpu.time", "RS.cost", "RS.gamma", "RS.data.balancing", "RS.feature.selection", 
"RS.valid.acc", "RS.test.acc", "RS.train.time", "RS.n.support.vectors", 
"RS.index", "RS.n.solutions", "RS.generations", "RS.n.evaluations", 
"RS.cpu.time", "DF.cost", "DF.gamma", "DF.data.balancing", "DF.feature.selection", 
"DF.valid.acc", "DF.test.acc", "DF.train.time", "DF.n.support.vectors", 
"DF.index", "DF.n.solutions", "DF.generations", "DF.n.evaluations", 
"DF.cpu.time")))
