full <-
structure(c(50, 55, 60, 65, 70, 75, 80, 85, 90, 95, 100, 5.90362, 
1.01096, 0.99823, 12.60323, 4.75846, 12.18654, 14.76536, 6.95329, 
1.26683, 1.09101, 1.10182, -5.04356, -4.15676, -4.72655, -12.61014, 
-7.36221, -14.99266, -14.62309, -10.40697, -5.19503, -4.04184, 
-4.43398, 0, 0, 0, 0, 0, 0, 0, 0, 0, 0, 0, 0, 0, 0, 0, 0, 0, 
0, 0, 0, 0, 0, 0.73594, 0.7417, 0.74501, 0.73555, 0.7444, 0.75052, 
0.76247, 0.76591, 0.77, 0.77368, 0.774, 0.70186, 0.729, 0.73829, 
0.73075, 0.72146, 0.73987, 0.7574, 0.76471, 0.75667, 0.76101, 
0.752, 0.1425, 0.1452, 0.1573, 0.2075, 0.1954, 0.2073, 0.3175, 
0.2532, 0.303, 0.3483, 0.3886, 250, 302.5, 313, 283.5, 326.1, 
330.9, 336.4, 385.9, 447.8, 499.3, 505.7, 781, 998, 585, 1781, 
599, 1901, 282, 1015, 859, 802, 1278, 147, 22, 120, 1, 36, 1, 
11, 49, 96, 161, 44, 100, 100, 100, 100, 100, 100, 100, 100, 
100, 100, 100, 2500, 2500, 2500, 2500, 2500, 2500, 2500, 2500, 
2500, 2500, 2500, 11085.793, 11324.361, 11631.093, 12907.658, 
13226.699, 13283.172, 15586.105, 14627.473, 16132.808, 17249.443, 
17416.3050000001, 14.19111, 1.17409, 1.33277, 1.36128, 5.14267, 
0.63838, 0.27686, 6.96561, 1.47231, 0.82595, 0.84703, -4.95082, 
-4.62082, -5.15125, -4.34081, -7.50511, -4.03369, -3.32676, -10.60301, 
-5.18833, -3.8468, -3.85518, 0, 0, 0, 0, 0, 0, 0, 0, 0, 0, 0, 
0, 0, 0, 0, 0, 0, 0, 0, 0, 0, 0, 0.73198, 0.7417, 0.74332, 0.74003, 
0.74578, 0.75181, 0.76115, 0.76469, 0.76778, 0.77052, 0.771, 
0.69386, 0.72352, 0.73495, 0.72604, 0.7186, 0.74522, 0.75117, 
0.76824, 0.75667, 0.76313, 0.755, 0.143, 0.1373, 0.1538, 0.1869, 
0.1967, 0.232, 0.2734, 0.253, 0.3026, 0.3507, 0.3976, 251, 288.6, 
305.1, 347.7, 323.9, 398.9, 463.1, 385, 445.8, 510.3, 530.7, 
735, 620, 2033, 983, 2308, 195, 1643, 494, 268, 2105, 1869, 8, 
1, 1, 1, 1, 1, 1, 1, 1, 1, 1, 100, 100, 100, 100, 100, 100, 100, 
100, 100, 100, 100, 2500, 2500, 2500, 2500, 2500, 2500, 2500, 
2500, 2500, 2500, 2500, 11331.056, 12008.028, 12716.386, 13870.543, 
14514.149, 15416.986, 16295.153, 17308.266, 18356.864, 19263.434, 
20169.513, 1, 1, 1, 1, 1, 1, 1, 1, 1, 1, 1, 0.05, 0.05, 0.05, 
0.05, 0.05, 0.05, 0.05, 0.05, 0.05, 0.05, 0.05, 0, 0, 0, 0, 0, 
0, 0, 0, 0, 0, 0, 0, 0, 0, 0, 0, 0, 0, 0, 0, 0, 0, 0.71002, 0.7182, 
0.72996, 0.723, 0.72715, 0.7292, 0.74254, 0.75768, 0.75222, 0.75901, 
0.753, 0.72006, 0.72537, 0.72331, 0.73077, 0.73287, 0.74262, 
0.74122, 0.76119, 0.75444, 0.75788, 0.754, 0.1188, 0.1414, 0.1632, 
0.1854, 0.2091, 0.2278, 0.2522, 0.2764, 0.3064, 0.3395, 0.3815, 
275.3, 298.5, 323.6, 353, 372.7, 392.5, 415.7, 442.8, 471.8, 
495.7, 515.3, 1, 1, 1, 1, 1, 1, 1, 1, 1, 1, 1, 1, 1, 1, 1, 1, 
1, 1, 1, 1, 1, 1, 1, 1, 1, 1, 1, 1, 1, 1, 1, 1, 1, 1, 1, 1, 1, 
1, 1, 1, 1, 1, 1, 1, 4.309, 4.425, 4.645, 4.878, 5.188, 5.346, 
5.699, 5.822, 6.02, 6.304, 6.944), .Dim = c(11L, 40L), .Dimnames = list(
    NULL, c("Sampling", "PSO.cost", "PSO.gamma", "PSO.data.balancing", 
    "PSO.feature.selection", "PSO.valid.acc", "PSO.test.acc", 
    "PSO.train.time", "PSO.n.support.vectors", "PSO.index", "PSO.n.solutions", 
    "PSO.generations", "PSO.n.evaluations", "PSO.cpu.time", "RS.cost", 
    "RS.gamma", "RS.data.balancing", "RS.feature.selection", 
    "RS.valid.acc", "RS.test.acc", "RS.train.time", "RS.n.support.vectors", 
    "RS.index", "RS.n.solutions", "RS.generations", "RS.n.evaluations", 
    "RS.cpu.time", "DF.cost", "DF.gamma", "DF.data.balancing", 
    "DF.feature.selection", "DF.valid.acc", "DF.test.acc", "DF.train.time", 
    "DF.n.support.vectors", "DF.index", "DF.n.solutions", "DF.generations", 
    "DF.n.evaluations", "DF.cpu.time")))
