full <-
structure(c(50, 55, 60, 65, 70, 75, 80, 85, 90, 95, 100, 13.4544, 
11.67449, 3.18967, 4.19389, 7.86762, 8.33891, 6.28354, 13.19264, 
9.36891, 6.75832, 4.40963, -4.66038, -14.56208, -5.04493, -4.60031, 
-9.55369, -10.68722, -7.24949, -11.26443, -10.03651, -7.76034, 
-6.07087, 0, 0, 0, 0, 0, 0, 0, 0, 0, 0, 0, 0, 0, 0, 0, 0, 0, 
0, 0, 0, 0, 0, 0.9934, 0.99139, 0.99291, 0.99125, 0.99056, 0.99117, 
0.99173, 0.99222, 0.99212, 0.99255, 0.99149, 0.99246, 0.98968, 
0.99213, 0.9898, 0.98853, 0.99054, 0.99113, 0.98777, 0.9895, 
0.98906, 0.99007, 0.2049, 0.1207, 0.2281, 0.2944, 0.1658, 0.1743, 
0.2176, 0.2207, 0.2215, 0.252, 0.3427, 202.1, 67, 202.4, 245.6, 
87.1, 81.7, 121.5, 85.5, 91.9, 121.6, 179.3, 34, 141, 344, 90, 
62, 114, 750, 106, 227, 1058, 1550, 1238, 970, 866, 820, 74, 
119, 144, 231, 552, 36, 83, 100, 100, 100, 100, 100, 100, 100, 
100, 100, 100, 100, 2500, 2500, 2500, 2500, 2500, 2500, 2500, 
2500, 2500, 2500, 2500, 11517.733, 9938.885, 13310.633, 14390.528, 
13502.595, 11731.502, 12502.204, 12029.989, 13118.349, 14013.023, 
15579.661, 13.93561, 11.83647, 2.95052, 3.61465, 4.67151, 5.92982, 
12.46215, 13.13823, 8.8613, 7.04301, 6.45132, -4.72607, -14.71676, 
-5.00756, -4.69612, -7.46785, -9.60878, -10.22493, -11.24343, 
-9.74937, -7.79345, -7.19673, 0, 0, 0, 0, 0, 0, 0, 0, 0, 0, 0, 
0, 0, 0, 0, 0, 0, 0, 0, 0, 0, 0, 0.9934, 0.99139, 0.99291, 0.99125, 
0.99055, 0.99118, 0.99173, 0.99222, 0.99212, 0.99205, 0.99102, 
0.99246, 0.98968, 0.99213, 0.9898, 0.98853, 0.98991, 0.98937, 
0.98777, 0.99002, 0.99055, 0.9896, 0.1848, 0.1223, 0.226, 0.2755, 
0.1734, 0.1749, 0.1973, 0.2183, 0.2233, 0.2585, 0.2921, 197.9, 
66.9, 205.6, 235.7, 114.3, 92.9, 89.2, 85.8, 95, 120.5, 136, 
110, 52, 2372, 1225, 90, 454, 943, 260, 599, 643, 42, 55, 18, 
1, 1, 29, 4, 8, 2, 3, 2, 22, 100, 100, 100, 100, 100, 100, 100, 
100, 100, 100, 100, 2500, 2500, 2500, 2500, 2500, 2500, 2500, 
2500, 2500, 2500, 2500, 15942.522, 17613.132, 19352.391, 21757.78, 
22926.769, 25564.521, 27935.457, 30661.617, 32240.728, 34825.015, 
37138.011, 1, 1, 1, 1, 1, 1, 1, 1, 1, 1, 1, 0.02857, 0.02857, 
0.02857, 0.02857, 0.02857, 0.02857, 0.02857, 0.02857, 0.02857, 
0.02857, 0.02857, 0, 0, 0, 0, 0, 0, 0, 0, 0, 0, 0, 0, 0, 0, 0, 
0, 0, 0, 0, 0, 0, 0, 0.98865, 0.98968, 0.98976, 0.98687, 0.98852, 
0.98867, 0.9888, 0.98778, 0.99054, 0.98906, 0.98913, 0.9896, 
0.98795, 0.99055, 0.9876, 0.98784, 0.98803, 0.98761, 0.98889, 
0.99002, 0.98956, 0.98865, 0.1795, 0.1973, 0.2291, 0.2547, 0.2731, 
0.3027, 0.3329, 0.3467, 0.3665, 0.3993, 0.4286, 176, 188.7, 197.6, 
204.7, 211.4, 215.5, 225.2, 222.7, 232.1, 239.9, 249.5, 1, 1, 
1, 1, 1, 1, 1, 1, 1, 1, 1, 1, 1, 1, 1, 1, 1, 1, 1, 1, 1, 1, 1, 
1, 1, 1, 1, 1, 1, 1, 1, 1, 1, 1, 1, 1, 1, 1, 1, 1, 1, 1, 1, 1, 
4.609, 4.593, 5.079, 5.295, 5.439, 5.824, 5.899, 6.098, 6.143, 
6.505, 6.786), .Dim = c(11L, 40L), .Dimnames = list(NULL, c("Sampling", 
"PSO.cost", "PSO.gamma", "PSO.data.balancing", "PSO.feature.selection", 
"PSO.valid.acc", "PSO.test.acc", "PSO.train.time", "PSO.n.support.vectors", 
"PSO.index", "PSO.n.solutions", "PSO.generations", "PSO.n.evaluations", 
"PSO.cpu.time", "RS.cost", "RS.gamma", "RS.data.balancing", "RS.feature.selection", 
"RS.valid.acc", "RS.test.acc", "RS.train.time", "RS.n.support.vectors", 
"RS.index", "RS.n.solutions", "RS.generations", "RS.n.evaluations", 
"RS.cpu.time", "DF.cost", "DF.gamma", "DF.data.balancing", "DF.feature.selection", 
"DF.valid.acc", "DF.test.acc", "DF.train.time", "DF.n.support.vectors", 
"DF.index", "DF.n.solutions", "DF.generations", "DF.n.evaluations", 
"DF.cpu.time")))
