full <-
structure(c(50, 55, 60, 65, 70, 75, 80, 85, 90, 95, 100, 13.50669, 
10.31383, 5.50862, 7.34987, 13.89696, 12.79553, 7.33578, 12.14452, 
7.03271, 3.1349, 5.59199, -14.8813, -6.11527, -8.83121, -11.59449, 
-13.82524, -15, -10.89951, -4.6787, -10.7165, -6.43847, -8.45788, 
0, 0, 0, 0, 0, 0, 0, 0, 0, 0, 0, 0, 0, 0, 0, 0, 0, 0, 0, 0, 0, 
0, 0.99246, 0.99228, 0.99292, 0.99054, 0.99122, 0.99246, 0.99112, 
0.9911, 0.99161, 0.99056, 0.99245, 0.98963, 0.98971, 0.99055, 
0.98834, 0.98919, 0.98932, 0.98877, 0.9911, 0.99056, 0.98957, 
0.99056, 0.1155, 0.1492, 0.1391, 0.1502, 0.1638, 0.1769, 0.1909, 
0.4088, 0.2166, 0.3006, 0.2746, 64.1, 130.9, 95.5, 88.3, 70, 
78.4, 94.8, 272.2, 99.4, 166.8, 123.3, 58, 67, 464, 245, 399, 
238, 510, 281, 158, 120, 466, 927, 1420, 38, 285, 170, 204, 132, 
203, 358, 727, 183, 100, 100, 100, 100, 100, 100, 100, 100, 100, 
100, 100, 2500, 2500, 2500, 2500, 2500, 2500, 2500, 2500, 2500, 
2500, 2500, 9441.828, 11050.678, 10094.795, 10658.408, 11230.512, 
11596.185, 11740.82, 17422.763, 13784.911, 15685.227, 13437.719, 
13.0481, 7.60261, 6.97456, 6.38944, 13.02305, 10.54843, 8.6157, 
3.08105, 7.08707, 3.23832, 5.18323, -14.63663, -8.85427, -9.7473, 
-10.44314, -13.02373, -12.294, -10.99487, -4.71333, -11.03385, 
-6.49206, -8.23124, 0, 0, 0, 0, 0, 0, 0, 0, 0, 0, 0, 0, 0, 0, 
0, 0, 0, 0, 0, 0, 0, 0, 0.99246, 0.99229, 0.99291, 0.99054, 0.99122, 
0.99246, 0.99112, 0.9911, 0.99161, 0.99056, 0.99245, 0.99057, 
0.98971, 0.99133, 0.98981, 0.99189, 0.98932, 0.98818, 0.9911, 
0.99056, 0.98907, 0.99056, 0.1142, 0.13, 0.1391, 0.1507, 0.1694, 
0.175, 0.1957, 0.4103, 0.2193, 0.3041, 0.2726, 65.2, 85.4, 87.7, 
88.7, 70.5, 80.5, 89.1, 272.7, 100.8, 164.6, 127.5, 68, 1174, 
652, 507, 831, 433, 38, 41, 673, 213, 1281, 24, 2, 5, 6, 7, 11, 
1, 2, 11, 2, 1, 100, 100, 100, 100, 100, 100, 100, 100, 100, 
100, 100, 2500, 2500, 2500, 2500, 2500, 2500, 2500, 2500, 2500, 
2500, 2500, 15785.355, 17689.923, 19137.658, 21513.291, 23858.753, 
25704.065, 27993.226, 29560.295, 32522.827, 35432.565, 38591.594, 
1, 1, 1, 1, 1, 1, 1, 1, 1, 1, 1, 0.02857, 0.02857, 0.02857, 0.02857, 
0.02857, 0.02857, 0.02857, 0.02857, 0.02857, 0.02857, 0.02857, 
0, 0, 0, 0, 0, 0, 0, 0, 0, 0, 0, 0, 0, 0, 0, 0, 0, 0, 0, 0, 0, 
0, 0.98397, 0.9897, 0.98744, 0.98908, 0.98784, 0.98678, 0.98758, 
0.98998, 0.99056, 0.98858, 0.98727, 0.98492, 0.98884, 0.98822, 
0.98908, 0.98717, 0.9874, 0.98639, 0.98944, 0.98951, 0.98858, 
0.98774, 0.18, 0.206, 0.2295, 0.2632, 0.2723, 0.3027, 0.333, 
0.3565, 0.3811, 0.4082, 0.4512, 179.6, 190.1, 198.2, 204.1, 212.3, 
219.4, 224.9, 231.7, 243.3, 246.4, 249.3, 1, 1, 1, 1, 1, 1, 1, 
1, 1, 1, 1, 1, 1, 1, 1, 1, 1, 1, 1, 1, 1, 1, 1, 1, 1, 1, 1, 1, 
1, 1, 1, 1, 1, 1, 1, 1, 1, 1, 1, 1, 1, 1, 1, 1, 4.342, 4.561, 
4.807, 5.295, 5.209, 5.618, 5.956, 6.131, 6.344, 6.556, 7.273
), .Dim = c(11L, 40L), .Dimnames = list(NULL, c("Sampling", "PSO.cost", 
"PSO.gamma", "PSO.data.balancing", "PSO.feature.selection", "PSO.valid.acc", 
"PSO.test.acc", "PSO.train.time", "PSO.n.support.vectors", "PSO.index", 
"PSO.n.solutions", "PSO.generations", "PSO.n.evaluations", "PSO.cpu.time", 
"RS.cost", "RS.gamma", "RS.data.balancing", "RS.feature.selection", 
"RS.valid.acc", "RS.test.acc", "RS.train.time", "RS.n.support.vectors", 
"RS.index", "RS.n.solutions", "RS.generations", "RS.n.evaluations", 
"RS.cpu.time", "DF.cost", "DF.gamma", "DF.data.balancing", "DF.feature.selection", 
"DF.valid.acc", "DF.test.acc", "DF.train.time", "DF.n.support.vectors", 
"DF.index", "DF.n.solutions", "DF.generations", "DF.n.evaluations", 
"DF.cpu.time")))
