full <-
structure(c(50, 55, 60, 65, 70, 75, 80, 85, 90, 95, 100, 5.30392, 
3.98103, 7.21959, 8.00763, 7.3719, 7.72671, 7.50264, 5.67208, 
7.3908, 5.85999, 7.03423, -6.97637, -7.11913, -8.40503, -9.31693, 
-8.35725, -8.45372, -8.90337, -6.56751, -7.13274, -6.96364, -8.93254, 
0, 0, 0, 0, 0, 0, 0, 0, 0, 0, 0, 0, 0, 0, 0, 0, 0, 0, 0, 0, 0, 
0, 0.99153, 0.99229, 0.99449, 0.99346, 0.99191, 0.99246, 0.9929, 
0.99333, 0.99109, 0.99155, 0.99244, 0.98871, 0.99143, 0.99212, 
0.99054, 0.99258, 0.99183, 0.99053, 0.99277, 0.98899, 0.99205, 
0.9896, 0.1201, 0.1376, 0.1357, 0.1425, 0.1662, 0.1772, 0.2023, 
0.242, 0.2414, 0.2571, 0.2643, 102.9, 106.6, 82.7, 79.2, 97, 
95, 99.2, 136.8, 125.9, 133.3, 113.4, 146, 208, 42, 729, 306, 
55, 1094, 345, 9, 281, 684, 561, 458, 502, 233, 108, 787, 53, 
661, 1273, 203, 195, 100, 100, 100, 100, 100, 100, 100, 100, 
100, 100, 100, 2500, 2500, 2500, 2500, 2500, 2500, 2500, 2500, 
2500, 2500, 2500, 9951.635, 11164.258, 10620.091, 10573.717, 
12783.138, 11581.172, 14222.651, 15611.31, 15707.994, 14656.172, 
14287.336, 5.0974, 3.63886, 7.28465, 13.02065, 4.84065, 7.51038, 
10.96191, 13.6969, 12.66862, 0.53171, 6.87827, -7.22276, -7.02726, 
-8.66749, -8.83275, -6.15858, -8.37636, -10.57344, -6.57379, 
-7.40773, -4.70684, -8.8622, 0, 0, 0, 0, 0, 0, 0, 0, 0, 0, 0, 
0, 0, 0, 0, 0, 0, 0, 0, 0, 0, 0, 0.99153, 0.99229, 0.99449, 0.99344, 
0.9919, 0.99246, 0.99232, 0.99277, 0.99109, 0.99156, 0.99244, 
0.98964, 0.99143, 0.99212, 0.99126, 0.99257, 0.99183, 0.98818, 
0.99277, 0.98899, 0.99056, 0.9896, 0.1151, 0.138, 0.1333, 0.1447, 
0.2045, 0.1778, 0.1971, 0.2339, 0.2434, 0.4762, 0.2675, 97.5, 
109.8, 80.6, 83, 144.6, 96.2, 83.8, 136.3, 121, 282.3, 114.4, 
1535, 876, 18, 227, 63, 545, 1970, 468, 78, 88, 6, 1, 27, 16, 
12, 22, 4, 1, 15, 44, 2, 1, 100, 100, 100, 100, 100, 100, 100, 
100, 100, 100, 100, 2500, 2500, 2500, 2500, 2500, 2500, 2500, 
2500, 2500, 2500, 2500, 15914.357, 18117.22, 19770.664, 21947.004, 
23842.328, 25415.289, 30435.349, 33641.474, 35624.936, 35483.713, 
38567.787, 1, 1, 1, 1, 1, 1, 1, 1, 1, 1, 1, 0.02857, 0.02857, 
0.02857, 0.02857, 0.02857, 0.02857, 0.02857, 0.02857, 0.02857, 
0.02857, 0.02857, 0, 0, 0, 0, 0, 0, 0, 0, 0, 0, 0, 0, 0, 0, 0, 
0, 0, 0, 0, 0, 0, 0, 0.98492, 0.98627, 0.98818, 0.98764, 0.98582, 
0.9868, 0.98879, 0.98777, 0.98794, 0.98957, 0.98725, 0.98493, 
0.98712, 0.98976, 0.98764, 0.98717, 0.98554, 0.98643, 0.98888, 
0.98847, 0.98907, 0.98677, 0.1811, 0.1999, 0.2206, 0.252, 0.2772, 
0.2962, 0.3246, 0.3453, 0.3735, 0.4152, 0.4325, 176.4, 188, 194.5, 
201.8, 207.8, 212.7, 218.1, 225.2, 233.7, 243, 251.1, 1, 1, 1, 
1, 1, 1, 1, 1, 1, 1, 1, 1, 1, 1, 1, 1, 1, 1, 1, 1, 1, 1, 1, 1, 
1, 1, 1, 1, 1, 1, 1, 1, 1, 1, 1, 1, 1, 1, 1, 1, 1, 1, 1, 1, 4.507, 
4.567, 4.764, 5.291, 5.564, 5.66, 6.839, 6.845, 7.391, 6.977, 
6.982), .Dim = c(11L, 40L), .Dimnames = list(NULL, c("Sampling", 
"PSO.cost", "PSO.gamma", "PSO.data.balancing", "PSO.feature.selection", 
"PSO.valid.acc", "PSO.test.acc", "PSO.train.time", "PSO.n.support.vectors", 
"PSO.index", "PSO.n.solutions", "PSO.generations", "PSO.n.evaluations", 
"PSO.cpu.time", "RS.cost", "RS.gamma", "RS.data.balancing", "RS.feature.selection", 
"RS.valid.acc", "RS.test.acc", "RS.train.time", "RS.n.support.vectors", 
"RS.index", "RS.n.solutions", "RS.generations", "RS.n.evaluations", 
"RS.cpu.time", "DF.cost", "DF.gamma", "DF.data.balancing", "DF.feature.selection", 
"DF.valid.acc", "DF.test.acc", "DF.train.time", "DF.n.support.vectors", 
"DF.index", "DF.n.solutions", "DF.generations", "DF.n.evaluations", 
"DF.cpu.time")))
