full <-
structure(c(50, 55, 60, 65, 70, 75, 80, 85, 90, 95, 100, 12.4085, 
12.82107, 7.13358, 6.8293, 5.603, 4.50428, 8.283, 4.87387, 3.22403, 
0.70512, 4.9567, -4.77227, -4.88583, -6.52293, -8.03592, -7.14557, 
-6.27658, -7.15459, -6.54621, -6.67837, -4.72645, -6.18752, 0, 
0, 0, 0, 0, 0, 0, 0, 0, 0, 0, 0, 0, 0, 0, 0, 0, 0, 0, 0, 0, 0, 
0.99147, 0.99227, 0.99134, 0.99273, 0.99258, 0.99244, 0.99115, 
0.9911, 0.99002, 0.99155, 0.99197, 0.99243, 0.99227, 0.98819, 
0.98983, 0.9919, 0.99056, 0.99173, 0.99055, 0.9895, 0.99056, 
0.99103, 0.1951, 0.2112, 0.1632, 0.1679, 0.1948, 0.2219, 0.2335, 
0.2579, 0.2648, 0.4829, 0.3341, 201.9, 199.8, 124.8, 107.9, 124.5, 
151.3, 130, 152.6, 156.8, 287.9, 170.3, 113, 39, 465, 160, 481, 
1048, 199, 590, 586, 277, 336, 526, 1121, 145, 835, 225, 30, 
186, 109, 418, 117, 1059, 100, 100, 100, 100, 100, 100, 100, 
100, 100, 100, 100, 2500, 2500, 2500, 2500, 2500, 2500, 2500, 
2500, 2500, 2500, 2500, 11802.673, 12457.384, 11606.519, 11231.911, 
12245.186, 13964.3, 12706.396, 13546.89, 14676.411, 18925.759, 
16328.921, 12.46168, 8.52929, 7.26537, 6.48048, 9.8176, 6.46533, 
8.53115, 7.77257, 2.62482, 0.69182, 5.42197, -4.78603, -9.61948, 
-6.84812, -7.5884, -9.6037, -5.8428, -6.81407, -8.31196, -5.85828, 
-4.81029, -6.5509, 0, 0, 0, 0, 0, 0, 0, 0, 0, 0, 0, 0, 0, 0, 
0, 0, 0, 0, 0, 0, 0, 0, 0.99147, 0.99228, 0.99055, 0.99273, 0.99191, 
0.99182, 0.99056, 0.99055, 0.99002, 0.99155, 0.9915, 0.99243, 
0.98884, 0.98976, 0.99055, 0.99055, 0.98994, 0.99055, 0.98944, 
0.98845, 0.99056, 0.9915, 0.1918, 0.1342, 0.1594, 0.1662, 0.1848, 
0.2408, 0.2234, 0.2266, 0.3162, 0.4653, 0.3117, 201, 85.8, 117.8, 
112.6, 96.9, 164.7, 137.8, 116.5, 191.5, 277.9, 154.4, 564, 1791, 
1892, 206, 708, 1096, 203, 282, 317, 113, 220, 5, 1, 1, 8, 4, 
1, 5, 2, 4, 2, 4, 100, 100, 100, 100, 100, 100, 100, 100, 100, 
100, 100, 2500, 2500, 2500, 2500, 2500, 2500, 2500, 2500, 2500, 
2500, 2500, 16218.777, 18315.761, 19513.949, 22226.215, 24082.51, 
25422.753, 27615.709, 29680.509, 33274.319, 35769.127, 39504.936, 
1, 1, 1, 1, 1, 1, 1, 1, 1, 1, 1, 0.02857, 0.02857, 0.02857, 0.02857, 
0.02857, 0.02857, 0.02857, 0.02857, 0.02857, 0.02857, 0.02857, 
0, 0, 0, 0, 0, 0, 0, 0, 0, 0, 0, 0, 0, 0, 0, 0, 0, 0, 0, 0, 0, 
0, 0.98581, 0.98711, 0.98661, 0.98617, 0.98786, 0.98804, 0.98699, 
0.98777, 0.98792, 0.98906, 0.98961, 0.98581, 0.98711, 0.98662, 
0.98545, 0.98785, 0.98804, 0.98758, 0.98777, 0.98688, 0.98956, 
0.98819, 0.177, 0.2056, 0.2348, 0.2529, 0.2832, 0.3016, 0.3367, 
0.3616, 0.3936, 0.4297, 0.4595, 179.5, 187.8, 196.9, 198.9, 211.3, 
215.8, 222.8, 234.7, 241.5, 247.1, 250.9, 1, 1, 1, 1, 1, 1, 1, 
1, 1, 1, 1, 1, 1, 1, 1, 1, 1, 1, 1, 1, 1, 1, 1, 1, 1, 1, 1, 1, 
1, 1, 1, 1, 1, 1, 1, 1, 1, 1, 1, 1, 1, 1, 1, 1, 4.392, 4.784, 
5.126, 5.234, 5.632, 5.636, 6.019, 6.285, 6.67, 7.093, 7.601), .Dim = c(11L, 
40L), .Dimnames = list(NULL, c("Sampling", "PSO.cost", "PSO.gamma", 
"PSO.data.balancing", "PSO.feature.selection", "PSO.valid.acc", 
"PSO.test.acc", "PSO.train.time", "PSO.n.support.vectors", "PSO.index", 
"PSO.n.solutions", "PSO.generations", "PSO.n.evaluations", "PSO.cpu.time", 
"RS.cost", "RS.gamma", "RS.data.balancing", "RS.feature.selection", 
"RS.valid.acc", "RS.test.acc", "RS.train.time", "RS.n.support.vectors", 
"RS.index", "RS.n.solutions", "RS.generations", "RS.n.evaluations", 
"RS.cpu.time", "DF.cost", "DF.gamma", "DF.data.balancing", "DF.feature.selection", 
"DF.valid.acc", "DF.test.acc", "DF.train.time", "DF.n.support.vectors", 
"DF.index", "DF.n.solutions", "DF.generations", "DF.n.evaluations", 
"DF.cpu.time")))
