full <-
structure(c(50, 55, 60, 65, 70, 75, 80, 85, 90, 95, 100, 13.4528, 
5.81266, 4.48319, 7.47054, 5.71201, 4.57021, 4.058, 4.49029, 
11.04179, 5.71531, 8.46775, -7.13881, -8.64483, -7.05526, -7.48527, 
-8.08959, -6.18025, -6.20144, -7.36013, -11.83696, -9.79858, 
-9.52431, 0, 0, 0, 0, 0, 0, 0, 0, 0, 0, 0, 0, 0, 0, 0, 0, 0, 
0, 0, 0, 0, 0, 0.99149, 0.99143, 0.99053, 0.99129, 0.99056, 0.99308, 
0.99174, 0.99223, 0.99056, 0.99055, 0.99196, 0.98867, 0.98972, 
0.98974, 0.99054, 0.98921, 0.98992, 0.98937, 0.98999, 0.98899, 
0.99055, 0.99006, 0.1294, 0.1339, 0.1506, 0.1701, 0.1791, 0.2258, 
0.2501, 0.236, 0.2324, 0.2421, 0.2729, 106.9, 93.1, 117.8, 115.6, 
112.7, 156, 157.2, 127.2, 90.9, 111.6, 107.3, 46, 248, 40, 46, 
247, 584, 210, 355, 128, 344, 47, 1312, 109, 802, 1057, 421, 
365, 538, 854, 389, 303, 139, 100, 100, 100, 100, 100, 100, 100, 
100, 100, 100, 100, 2500, 2500, 2500, 2500, 2500, 2500, 2500, 
2500, 2500, 2500, 2500, 9349.393, 10662.015, 10296.063, 10797.081, 
12270.156, 12712.291, 15903.222, 15732.489, 15382.083, 16661.558, 
17037.118, 8.65094, 6.87469, 6.8347, 8.76464, 5.81645, 4.61582, 
4.24648, 4.40979, 10.49949, 5.62557, 8.2045, -10.37121, -9.07218, 
-8.03445, -7.05435, -8.30184, -6.22321, -6.31877, -7.37702, -11.58221, 
-9.7736, -9.35287, 0, 0, 0, 0, 0, 0, 0, 0, 0, 0, 0, 0, 0, 0, 
0, 0, 0, 0, 0, 0, 0, 0, 0.99149, 0.99143, 0.99053, 0.99129, 0.98989, 
0.99245, 0.99115, 0.99223, 0.99056, 0.99055, 0.99196, 0.99149, 
0.98971, 0.98896, 0.99055, 0.98921, 0.98992, 0.98937, 0.99055, 
0.989, 0.99055, 0.99006, 0.1081, 0.1289, 0.1429, 0.1662, 0.1785, 
0.2226, 0.2487, 0.235, 0.2349, 0.2502, 0.2689, 71.1, 88.5, 100.3, 
122.5, 110.4, 153.2, 152.3, 126.9, 93.6, 112.2, 108.8, 108, 18, 
191, 8, 155, 93, 373, 440, 227, 289, 1976, 25, 6, 11, 47, 12, 
4, 9, 1, 16, 9, 1, 100, 100, 100, 100, 100, 100, 100, 100, 100, 
100, 100, 2500, 2500, 2500, 2500, 2500, 2500, 2500, 2500, 2500, 
2500, 2500, 15571.832, 17077.554, 18982.459, 21200.818, 23616.991, 
25531.301, 30505.73, 32689.202, 35667.536, 38168.898, 39120.464, 
1, 1, 1, 1, 1, 1, 1, 1, 1, 1, 1, 0.02857, 0.02857, 0.02857, 0.02857, 
0.02857, 0.02857, 0.02857, 0.02857, 0.02857, 0.02857, 0.02857, 
0, 0, 0, 0, 0, 0, 0, 0, 0, 0, 0, 0, 0, 0, 0, 0, 0, 0, 0, 0, 0, 
0, 0.98864, 0.98717, 0.9858, 0.9862, 0.98921, 0.99055, 0.98996, 
0.98943, 0.98898, 0.98956, 0.98867, 0.98864, 0.98716, 0.98896, 
0.98837, 0.98719, 0.98928, 0.98937, 0.98887, 0.98898, 0.99006, 
0.98819, 0.1717, 0.1989, 0.2129, 0.242, 0.2768, 0.2985, 0.3337, 
0.3585, 0.388, 0.4299, 0.4536, 177.9, 182.8, 189.3, 200.9, 213.4, 
221.1, 224.4, 232.9, 241.8, 244.6, 252.8, 1, 1, 1, 1, 1, 1, 1, 
1, 1, 1, 1, 1, 1, 1, 1, 1, 1, 1, 1, 1, 1, 1, 1, 1, 1, 1, 1, 1, 
1, 1, 1, 1, 1, 1, 1, 1, 1, 1, 1, 1, 1, 1, 1, 1, 4.115, 4.551, 
4.521, 4.894, 5.354, 5.529, 6.893, 7.106, 7.493, 7.942, 8.064
), .Dim = c(11L, 40L), .Dimnames = list(NULL, c("Sampling", "PSO.cost", 
"PSO.gamma", "PSO.data.balancing", "PSO.feature.selection", "PSO.valid.acc", 
"PSO.test.acc", "PSO.train.time", "PSO.n.support.vectors", "PSO.index", 
"PSO.n.solutions", "PSO.generations", "PSO.n.evaluations", "PSO.cpu.time", 
"RS.cost", "RS.gamma", "RS.data.balancing", "RS.feature.selection", 
"RS.valid.acc", "RS.test.acc", "RS.train.time", "RS.n.support.vectors", 
"RS.index", "RS.n.solutions", "RS.generations", "RS.n.evaluations", 
"RS.cpu.time", "DF.cost", "DF.gamma", "DF.data.balancing", "DF.feature.selection", 
"DF.valid.acc", "DF.test.acc", "DF.train.time", "DF.n.support.vectors", 
"DF.index", "DF.n.solutions", "DF.generations", "DF.n.evaluations", 
"DF.cpu.time")))
