full <-
structure(c(50, 55, 60, 65, 70, 75, 80, 85, 90, 95, 100, 4.44345, 
5.97217, 7.23733, 1.98652, 0.76499, 6.52184, 9.22874, 10.02965, 
6.85141, 4.94431, 7.78149, -6.26688, -7.26583, -7.95382, -5.72068, 
-4.7032, -8.55398, -10.12599, -10.49421, -8.84923, -6.35042, 
-10.43698, 0, 0, 0, 0, 0, 0, 0, 0, 0, 0, 0, 0, 0, 0, 0, 0, 0, 
0, 0, 0, 0, 0, 0.99147, 0.99053, 0.99136, 0.99056, 0.98923, 0.99056, 
0.99114, 0.99277, 0.99108, 0.99205, 0.99103, 0.99055, 0.98882, 
0.98898, 0.9891, 0.98856, 0.98742, 0.98996, 0.98998, 0.9874, 
0.99105, 0.99008, 0.1323, 0.1344, 0.1418, 0.2096, 0.3239, 0.1849, 
0.1919, 0.2201, 0.2314, 0.2821, 0.2609, 123, 104.3, 97.3, 170.1, 
246, 103.6, 88.5, 90.9, 106.9, 156.9, 104.6, 386, 453, 720, 466, 
629, 344, 398, 364, 275, 139, 1275, 285, 302, 191, 257, 139, 
672, 96, 58, 410, 544, 322, 100, 100, 100, 100, 100, 100, 100, 
100, 100, 100, 100, 2500, 2500, 2500, 2500, 2500, 2500, 2500, 
2500, 2500, 2500, 2500, 10399.067, 10577.509, 10815.831, 13297.817, 
17866.75, 12153.438, 13366.886, 14771.842, 12984.026, 15645.277, 
14367.389, 3.7405, 4.87584, 6.92656, 1.89341, 0.53393, 6.59146, 
8.98665, 7.4737, 6.14267, 8.32264, 8.91697, -5.52701, -7.30416, 
-7.73982, -5.61727, -5.12146, -8.57719, -10.11155, -8.62903, 
-9.05841, -7.79932, -11.07137, 0, 0, 0, 0, 0, 0, 0, 0, 0, 0, 
0, 0, 0, 0, 0, 0, 0, 0, 0, 0, 0, 0, 0.99053, 0.99052, 0.99135, 
0.99056, 0.98923, 0.99056, 0.99114, 0.99221, 0.99055, 0.99155, 
0.99103, 0.9896, 0.98967, 0.98898, 0.9891, 0.98788, 0.98742, 
0.99055, 0.9911, 0.98793, 0.98807, 0.99055, 0.1618, 0.1368, 0.1487, 
0.214, 0.2799, 0.1857, 0.1922, 0.2265, 0.2255, 0.2526, 0.2576, 
158.6, 107.6, 102.8, 176.9, 213.2, 102.7, 87.7, 106.7, 108, 113, 
99.6, 684, 142, 1871, 1386, 350, 542, 387, 1285, 1802, 1372, 
1038, 3, 3, 1, 1, 4, 5, 3, 16, 1, 24, 5, 100, 100, 100, 100, 
100, 100, 100, 100, 100, 100, 100, 2500, 2500, 2500, 2500, 2500, 
2500, 2500, 2500, 2500, 2500, 2500, 16345.448, 18062.804, 19808.031, 
22170.764, 24899.89, 26697.696, 28897.386, 32272.052, 32940.572, 
36291.072, 39644.597, 1, 1, 1, 1, 1, 1, 1, 1, 1, 1, 1, 0.02857, 
0.02857, 0.02857, 0.02857, 0.02857, 0.02857, 0.02857, 0.02857, 
0.02857, 0.02857, 0.02857, 0, 0, 0, 0, 0, 0, 0, 0, 0, 0, 0, 0, 
0, 0, 0, 0, 0, 0, 0, 0, 0, 0, 0.98296, 0.98622, 0.98268, 0.98692, 
0.98586, 0.98742, 0.98759, 0.98944, 0.98689, 0.98906, 0.98865, 
0.9839, 0.98622, 0.98425, 0.98765, 0.98855, 0.98679, 0.98937, 
0.98779, 0.98793, 0.98807, 0.98818, 0.1737, 0.2046, 0.2241, 0.2473, 
0.2806, 0.2999, 0.3328, 0.3708, 0.3756, 0.4215, 0.4507, 178.4, 
192.4, 201, 207.1, 212.6, 225.2, 230.8, 238.6, 241.1, 245.7, 
252.7, 1, 1, 1, 1, 1, 1, 1, 1, 1, 1, 1, 1, 1, 1, 1, 1, 1, 1, 
1, 1, 1, 1, 1, 1, 1, 1, 1, 1, 1, 1, 1, 1, 1, 1, 1, 1, 1, 1, 1, 
1, 1, 1, 1, 1, 4.347, 4.733, 4.866, 5.149, 5.611, 5.651, 6.794, 
6.616, 6.48, 7.061, 7.311), .Dim = c(11L, 40L), .Dimnames = list(
    NULL, c("Sampling", "PSO.cost", "PSO.gamma", "PSO.data.balancing", 
    "PSO.feature.selection", "PSO.valid.acc", "PSO.test.acc", 
    "PSO.train.time", "PSO.n.support.vectors", "PSO.index", "PSO.n.solutions", 
    "PSO.generations", "PSO.n.evaluations", "PSO.cpu.time", "RS.cost", 
    "RS.gamma", "RS.data.balancing", "RS.feature.selection", 
    "RS.valid.acc", "RS.test.acc", "RS.train.time", "RS.n.support.vectors", 
    "RS.index", "RS.n.solutions", "RS.generations", "RS.n.evaluations", 
    "RS.cpu.time", "DF.cost", "DF.gamma", "DF.data.balancing", 
    "DF.feature.selection", "DF.valid.acc", "DF.test.acc", "DF.train.time", 
    "DF.n.support.vectors", "DF.index", "DF.n.solutions", "DF.generations", 
    "DF.n.evaluations", "DF.cpu.time")))
