full <-
structure(c(50, 55, 60, 65, 70, 75, 80, 85, 90, 95, 100, 12.16196, 
10.05012, 9.05957, 6.46194, 5.2574, 4.88876, 6.7347, 11.78357, 
3.91836, 7.10823, 5.11529, -10.30156, -12.15168, -12.8297, -8.61572, 
-7.28766, -5.76802, -8.55018, -8.3335, -5.37238, -8.72321, -7.67561, 
0, 0, 0, 0, 0, 0, 0, 0, 0, 0, 0, 0, 0, 0, 0, 0, 0, 0, 0, 0, 0, 
0, 0.99243, 0.99397, 0.99135, 0.99274, 0.99192, 0.99182, 0.9941, 
0.99279, 0.99107, 0.99304, 0.99197, 0.99148, 0.99139, 0.98898, 
0.992, 0.99056, 0.98993, 0.99115, 0.98946, 0.98949, 0.99204, 
0.99103, 0.1237, 0.1281, 0.1402, 0.1578, 0.1791, 0.2383, 0.2011, 
0.2206, 0.3357, 0.251, 0.2806, 80.6, 74.9, 83, 103.1, 123.7, 
176.4, 111.2, 111.8, 218.2, 113.9, 135, 173, 70, 171, 323, 367, 
62, 169, 23, 551, 517, 199, 440, 532, 258, 376, 475, 1128, 290, 
1201, 261, 204, 206, 100, 100, 100, 100, 100, 100, 100, 100, 
100, 100, 100, 2500, 2500, 2500, 2500, 2500, 2500, 2500, 2500, 
2500, 2500, 2500, 10277.548, 9895.48, 10576.394, 11218.863, 11989.569, 
13052.825, 12243.339, 12732.723, 16077.388, 15643.13, 15425.071, 
12.14558, 11.28896, 9.47489, 7.14486, 5.18409, 5.02651, 6.7982, 
12.39566, 3.33753, 7.4017, 6.52415, -10.14126, -13.24674, -13.27634, 
-8.60219, -7.01627, -5.80377, -8.53018, -8.5505, -4.63415, -8.66621, 
-8.06358, 0, 0, 0, 0, 0, 0, 0, 0, 0, 0, 0, 0, 0, 0, 0, 0, 0, 
0, 0, 0, 0, 0, 0.99243, 0.99397, 0.99135, 0.99201, 0.99192, 0.99182, 
0.9941, 0.99279, 0.99055, 0.99254, 0.9915, 0.99055, 0.99054, 
0.98898, 0.99127, 0.99123, 0.98993, 0.99173, 0.98834, 0.99055, 
0.99155, 0.9915, 0.1222, 0.1249, 0.139, 0.1602, 0.1887, 0.2343, 
0.2013, 0.2182, 0.428, 0.2621, 0.2995, 81.2, 71.7, 82.8, 103.1, 
131.1, 174.1, 111.2, 109.8, 290.3, 113.2, 125.7, 1870, 95, 35, 
283, 1922, 649, 1022, 154, 458, 1916, 414, 51, 9, 7, 8, 5, 6, 
1, 21, 7, 19, 15, 100, 100, 100, 100, 100, 100, 100, 100, 100, 
100, 100, 2500, 2500, 2500, 2500, 2500, 2500, 2500, 2500, 2500, 
2500, 2500, 15907.354, 17107.26, 19202.7, 20951.733, 22517.121, 
24523.413, 26505.503, 29780.402, 32064.905, 35564.266, 36721.438, 
1, 1, 1, 1, 1, 1, 1, 1, 1, 1, 1, 0.02857, 0.02857, 0.02857, 0.02857, 
0.02857, 0.02857, 0.02857, 0.02857, 0.02857, 0.02857, 0.02857, 
0, 0, 0, 0, 0, 0, 0, 0, 0, 0, 0, 0, 0, 0, 0, 0, 0, 0, 0, 0, 0, 
0, 0.9858, 0.98967, 0.9882, 0.98619, 0.98785, 0.98741, 0.98818, 
0.98834, 0.98949, 0.99006, 0.98914, 0.9858, 0.98881, 0.98819, 
0.98692, 0.9892, 0.98803, 0.98996, 0.98723, 0.98897, 0.98907, 
0.98866, 0.1752, 0.1994, 0.2224, 0.2441, 0.2616, 0.2869, 0.3207, 
0.338, 0.3706, 0.4195, 0.4336, 182.5, 187.5, 197.3, 208.4, 211.5, 
219, 231.8, 230, 238.7, 248.3, 251.7, 1, 1, 1, 1, 1, 1, 1, 1, 
1, 1, 1, 1, 1, 1, 1, 1, 1, 1, 1, 1, 1, 1, 1, 1, 1, 1, 1, 1, 1, 
1, 1, 1, 1, 1, 1, 1, 1, 1, 1, 1, 1, 1, 1, 1, 4.448, 4.774, 4.912, 
5.193, 5.289, 5.449, 5.9, 6.096, 7.097, 7.44, 7.591), .Dim = c(11L, 
40L), .Dimnames = list(NULL, c("Sampling", "PSO.cost", "PSO.gamma", 
"PSO.data.balancing", "PSO.feature.selection", "PSO.valid.acc", 
"PSO.test.acc", "PSO.train.time", "PSO.n.support.vectors", "PSO.index", 
"PSO.n.solutions", "PSO.generations", "PSO.n.evaluations", "PSO.cpu.time", 
"RS.cost", "RS.gamma", "RS.data.balancing", "RS.feature.selection", 
"RS.valid.acc", "RS.test.acc", "RS.train.time", "RS.n.support.vectors", 
"RS.index", "RS.n.solutions", "RS.generations", "RS.n.evaluations", 
"RS.cpu.time", "DF.cost", "DF.gamma", "DF.data.balancing", "DF.feature.selection", 
"DF.valid.acc", "DF.test.acc", "DF.train.time", "DF.n.support.vectors", 
"DF.index", "DF.n.solutions", "DF.generations", "DF.n.evaluations", 
"DF.cpu.time")))
