full <-
structure(c(50, 55, 60, 65, 70, 75, 80, 85, 90, 95, 100, 8.69602, 
7.11724, 8.0661, 12.57279, 5.59293, 11.94254, 3.57808, 10.25657, 
5.95297, 5.7634, 6.59833, -11.94856, -10.55567, -10.75731, -15, 
-7.94831, -4.32869, -6.87249, -11.70303, -8.42392, -8.41892, 
-8.91592, 0, 0, 0, 0, 0, 0, 0, 0, 0, 0, 0, 0, 0, 0, 0, 0, 0, 
0, 0, 0, 0, 0, 0.99151, 0.99056, 0.9882, 0.99201, 0.99123, 0.98995, 
0.99233, 0.99166, 0.99055, 0.99106, 0.99243, 0.98962, 0.98885, 
0.98585, 0.98911, 0.99055, 0.98996, 0.99055, 0.98999, 0.98898, 
0.99007, 0.99243, 0.1087, 0.1279, 0.1355, 0.1603, 0.1834, 0.4082, 
0.2303, 0.2141, 0.2444, 0.2636, 0.2745, 69.3, 84, 79.1, 75.4, 
112.3, 300.8, 141.6, 86.5, 117.7, 122.9, 114.7, 86, 94, 193, 
1210, 272, 169, 41, 1220, 135, 308, 307, 314, 337, 182, 36, 164, 
1099, 539, 37, 347, 353, 143, 100, 100, 100, 100, 100, 100, 100, 
100, 100, 100, 100, 2500, 2500, 2500, 2500, 2500, 2500, 2500, 
2500, 2500, 2500, 2500, 9426.269, 9789.092, 10470.976, 13780.585, 
14149.448, 19684.924, 15297.954, 14931.497, 15698.981, 14175.248, 
14426.652, 9.91159, 7.2434, 2.01561, 12.10059, 6.09343, 11.60609, 
3.87289, 8.5341, 6.13794, 6.46619, 5.87117, -12.97417, -10.74598, 
-6.25224, -14.56497, -8.32447, -4.24363, -7.3627, -10.3145, -9.03451, 
-8.86993, -8.46456, 0, 0, 0, 0, 0, 0, 0, 0, 0, 0, 0, 0, 0, 0, 
0, 0, 0, 0, 0, 0, 0, 0, 0.99151, 0.99056, 0.98898, 0.99129, 0.99123, 
0.98995, 0.99173, 0.99111, 0.99003, 0.99106, 0.99243, 0.98962, 
0.98885, 0.98505, 0.98911, 0.98987, 0.98932, 0.98996, 0.99055, 
0.99055, 0.99057, 0.99243, 0.1075, 0.1293, 0.1773, 0.1629, 0.1791, 
0.4331, 0.2235, 0.2087, 0.2338, 0.2559, 0.2988, 67.2, 83.6, 145.1, 
75.5, 105.5, 314.6, 132.6, 90.9, 110.4, 117.1, 120.9, 40, 10, 
1920, 656, 720, 59, 420, 1542, 2436, 401, 897, 19, 31, 1, 10, 
5, 21, 2, 2, 1, 5, 1, 100, 100, 100, 100, 100, 100, 100, 100, 
100, 100, 100, 2500, 2500, 2500, 2500, 2500, 2500, 2500, 2500, 
2500, 2500, 2500, 15603.429, 17592.399, 19692.912, 24783.139, 
26089.009, 28684.56, 30168.343, 33062.531, 34630.913, 35659.506, 
38202.458, 1, 1, 1, 1, 1, 1, 1, 1, 1, 1, 1, 0.02857, 0.02857, 
0.02857, 0.02857, 0.02857, 0.02857, 0.02857, 0.02857, 0.02857, 
0.02857, 0.02857, 0, 0, 0, 0, 0, 0, 0, 0, 0, 0, 0, 0, 0, 0, 0, 
0, 0, 0, 0, 0, 0, 0, 0.98774, 0.98458, 0.98663, 0.98764, 0.98582, 
0.98681, 0.98996, 0.98779, 0.98688, 0.98758, 0.98771, 0.98677, 
0.98372, 0.98663, 0.98691, 0.98583, 0.98807, 0.99055, 0.98889, 
0.98793, 0.98758, 0.98866, 0.1767, 0.1979, 0.2223, 0.2609, 0.2808, 
0.3097, 0.3368, 0.3576, 0.3891, 0.4213, 0.4516, 178.8, 184, 192.5, 
202.4, 206.6, 215, 221, 228.4, 243.5, 245.3, 252.4, 1, 1, 1, 
1, 1, 1, 1, 1, 1, 1, 1, 1, 1, 1, 1, 1, 1, 1, 1, 1, 1, 1, 1, 1, 
1, 1, 1, 1, 1, 1, 1, 1, 1, 1, 1, 1, 1, 1, 1, 1, 1, 1, 1, 1, 4.305, 
4.507, 4.823, 6.302, 6.361, 6.801, 6.957, 7.188, 6.671, 6.979, 
7.315), .Dim = c(11L, 40L), .Dimnames = list(NULL, c("Sampling", 
"PSO.cost", "PSO.gamma", "PSO.data.balancing", "PSO.feature.selection", 
"PSO.valid.acc", "PSO.test.acc", "PSO.train.time", "PSO.n.support.vectors", 
"PSO.index", "PSO.n.solutions", "PSO.generations", "PSO.n.evaluations", 
"PSO.cpu.time", "RS.cost", "RS.gamma", "RS.data.balancing", "RS.feature.selection", 
"RS.valid.acc", "RS.test.acc", "RS.train.time", "RS.n.support.vectors", 
"RS.index", "RS.n.solutions", "RS.generations", "RS.n.evaluations", 
"RS.cpu.time", "DF.cost", "DF.gamma", "DF.data.balancing", "DF.feature.selection", 
"DF.valid.acc", "DF.test.acc", "DF.train.time", "DF.n.support.vectors", 
"DF.index", "DF.n.solutions", "DF.generations", "DF.n.evaluations", 
"DF.cpu.time")))
