full <-
structure(c(50, 55, 60, 65, 70, 75, 80, 85, 90, 95, 100, 5.01532, 
6.31722, 2.28287, 8.48093, 2.56852, 4.952, 4.49605, 5.03677, 
5.94635, 8.7586, 4.42062, -7.94262, -5.67261, -6.48369, -4.43136, 
-6.52319, -6.30364, -7.92182, -7.60361, -8.02655, -9.05472, -7.65341, 
0, 0, 0, 0, 0, 0, 0, 0, 0, 0, 0, 0, 0, 0, 0, 0, 0, 0, 0, 0, 0, 
0, 0.98864, 0.99052, 0.99056, 0.9891, 0.99122, 0.99306, 0.99056, 
0.99223, 0.99319, 0.99105, 0.99197, 0.98768, 0.98448, 0.98898, 
0.98983, 0.98987, 0.99243, 0.98879, 0.99111, 0.99162, 0.99005, 
0.99103, 0.1264, 0.1763, 0.1713, 0.3145, 0.2127, 0.2251, 0.2148, 
0.2272, 0.2406, 0.2454, 0.2845, 101.3, 158.5, 142.5, 270.2, 149.5, 
153.2, 124.9, 128.7, 123.3, 107.3, 137, 37, 540, 1117, 880, 687, 
458, 156, 46, 208, 509, 314, 674, 195, 55, 52, 187, 659, 49, 
144, 370, 75, 172, 100, 100, 100, 100, 100, 100, 100, 100, 100, 
100, 100, 2500, 2500, 2500, 2500, 2500, 2500, 2500, 2500, 2500, 
2500, 2500, 10009.446, 11351.284, 11439.593, 14837.317, 12681.901, 
12653.017, 12687.825, 19973.804, 13416.801, 15341.431, 14535.984, 
3.8052, 4.23935, 2.4947, 11.12426, 5.74714, 5.14858, 4.51876, 
4.79864, 5.5491, 8.92564, 6.24183, -7.16116, -5.70571, -6.26164, 
-4.44214, -8.84939, -6.61676, -7.89575, -7.46545, -7.82814, -9.31455, 
-8.75728, 0, 0, 0, 0, 0, 0, 0, 0, 0, 0, 0, 0, 0, 0, 0, 0, 0, 
0, 0, 0, 0, 0, 0.98864, 0.98966, 0.98978, 0.9891, 0.99054, 0.99306, 
0.99056, 0.99223, 0.99267, 0.99105, 0.99197, 0.9858, 0.98708, 
0.98741, 0.98983, 0.98785, 0.99243, 0.98819, 0.99111, 0.9911, 
0.99055, 0.9915, 0.1244, 0.1723, 0.1812, 0.3125, 0.1766, 0.2202, 
0.2121, 0.2264, 0.2482, 0.2456, 0.2675, 112, 158.1, 148.7, 268.1, 
105.4, 142.1, 126.2, 130.7, 128.2, 103.7, 118.4, 249, 372, 702, 
796, 764, 106, 2397, 1188, 1555, 137, 289, 4, 13, 4, 3, 8, 3, 
1, 3, 2, 2, 1, 100, 100, 100, 100, 100, 100, 100, 100, 100, 100, 
100, 2500, 2500, 2500, 2500, 2500, 2500, 2500, 2500, 2500, 2500, 
2500, 16095.563, 18391.949, 19411.934, 21992.764, 24104.776, 
25564.882, 28208.224, 31044.758, 33442.548, 35178.892, 37959.74, 
1, 1, 1, 1, 1, 1, 1, 1, 1, 1, 1, 0.02857, 0.02857, 0.02857, 0.02857, 
0.02857, 0.02857, 0.02857, 0.02857, 0.02857, 0.02857, 0.02857, 
0, 0, 0, 0, 0, 0, 0, 0, 0, 0, 0, 0, 0, 0, 0, 0, 0, 0, 0, 0, 0, 
0, 0.9811, 0.98538, 0.98741, 0.98618, 0.98851, 0.98801, 0.98583, 
0.99, 0.98794, 0.98757, 0.99056, 0.98297, 0.98538, 0.98662, 0.98619, 
0.98852, 0.98927, 0.98583, 0.99056, 0.98794, 0.98806, 0.98915, 
0.1824, 0.2048, 0.2347, 0.2469, 0.2791, 0.3096, 0.3274, 0.3633, 
0.3728, 0.4168, 0.452, 184.4, 190.8, 200.2, 204.6, 215.8, 222.1, 
231.5, 235.8, 236.1, 247.2, 251.5, 1, 1, 1, 1, 1, 1, 1, 1, 1, 
1, 1, 1, 1, 1, 1, 1, 1, 1, 1, 1, 1, 1, 1, 1, 1, 1, 1, 1, 1, 1, 
1, 1, 1, 1, 1, 1, 1, 1, 1, 1, 1, 1, 1, 1, 4.487, 4.689, 5.098, 
5.121, 5.547, 5.753, 5.857, 6.344, 6.339, 6.85, 7.262), .Dim = c(11L, 
40L), .Dimnames = list(NULL, c("Sampling", "PSO.cost", "PSO.gamma", 
"PSO.data.balancing", "PSO.feature.selection", "PSO.valid.acc", 
"PSO.test.acc", "PSO.train.time", "PSO.n.support.vectors", "PSO.index", 
"PSO.n.solutions", "PSO.generations", "PSO.n.evaluations", "PSO.cpu.time", 
"RS.cost", "RS.gamma", "RS.data.balancing", "RS.feature.selection", 
"RS.valid.acc", "RS.test.acc", "RS.train.time", "RS.n.support.vectors", 
"RS.index", "RS.n.solutions", "RS.generations", "RS.n.evaluations", 
"RS.cpu.time", "DF.cost", "DF.gamma", "DF.data.balancing", "DF.feature.selection", 
"DF.valid.acc", "DF.test.acc", "DF.train.time", "DF.n.support.vectors", 
"DF.index", "DF.n.solutions", "DF.generations", "DF.n.evaluations", 
"DF.cpu.time")))
