full <-
structure(c(50, 55, 60, 65, 70, 75, 80, 85, 90, 95, 100, 12.94969, 
7.47896, 8.24208, 10.55663, 9.12644, 7.29284, 5.67241, 3.42104, 
3.4033, 4.67926, 3.08944, -12.04516, -10.17991, -11.56338, -15, 
-10.15652, -10.41758, -8.31742, -7.0911, -7.67554, -7.81606, 
-6.3679, 0, 0, 0, 0, 0, 0, 0, 0, 0, 0, 0, 0, 0, 0, 0, 0, 0, 0, 
0, 0, 0, 0, 0.98771, 0.98799, 0.98818, 0.98908, 0.99057, 0.9912, 
0.99175, 0.98944, 0.99056, 0.99106, 0.98959, 0.98014, 0.98196, 
0.9866, 0.98763, 0.98583, 0.98994, 0.98998, 0.98888, 0.98951, 
0.99056, 0.98818, 0.1162, 0.1343, 0.1432, 0.1526, 0.17, 0.1781, 
0.203, 0.2467, 0.2564, 0.2661, 0.3332, 69.9, 82.5, 80.2, 85.4, 
83.5, 91.2, 111.9, 138.6, 138, 132.2, 173.5, 2081, 155, 408, 
189, 268, 247, 200, 29, 1289, 105, 1273, 3, 455, 107, 141, 552, 
273, 339, 876, 165, 297, 72, 100, 100, 100, 100, 100, 100, 100, 
100, 100, 100, 100, 2500, 2500, 2500, 2500, 2500, 2500, 2500, 
2500, 2500, 2500, 2500, 9572.059, 9933.008, 10723.128, 10627.726, 
11085.999, 11895.843, 12076.493, 13037.951, 14103.982, 15470.464, 
19442.04, 12.68182, 7.62126, 6.69838, 11.56049, 9.82814, 6.71886, 
5.9683, 4.6237, 4.06576, 4.34641, 0.92107, -11.8205, -9.93711, 
-9.93181, -13.67792, -11.25443, -10.73254, -8.88233, -7.76842, 
-8.00856, -7.72972, -4.54181, 0, 0, 0, 0, 0, 0, 0, 0, 0, 0, 0, 
0, 0, 0, 0, 0, 0, 0, 0, 0, 0, 0, 0.98677, 0.98713, 0.98818, 0.98908, 
0.9899, 0.99057, 0.99116, 0.98944, 0.99056, 0.99056, 0.98959, 
0.9792, 0.98282, 0.9866, 0.98328, 0.98718, 0.99057, 0.98998, 
0.98888, 0.98951, 0.98957, 0.98723, 0.1175, 0.1305, 0.1421, 0.1506, 
0.1698, 0.182, 0.1993, 0.2324, 0.2408, 0.2744, 0.5765, 70.2, 
83, 86.6, 74.4, 79.2, 95.8, 104.8, 123.6, 127.8, 134.5, 314.8, 
77, 1109, 1281, 733, 181, 42, 88, 182, 704, 1550, 2259, 2, 1, 
1, 7, 6, 16, 6, 12, 5, 7, 4, 100, 100, 100, 100, 100, 100, 100, 
100, 100, 100, 100, 2500, 2500, 2500, 2500, 2500, 2500, 2500, 
2500, 2500, 2500, 2500, 15872.379, 17857.854, 19366.251, 21865.28, 
23304.95, 25624.036, 28564.874, 30627.653, 33480.052, 35324.389, 
38942.907, 1, 1, 1, 1, 1, 1, 1, 1, 1, 1, 1, 0.02857, 0.02857, 
0.02857, 0.02857, 0.02857, 0.02857, 0.02857, 0.02857, 0.02857, 
0.02857, 0.02857, 0, 0, 0, 0, 0, 0, 0, 0, 0, 0, 0, 0, 0, 0, 0, 
0, 0, 0, 0, 0, 0, 0, 0.98391, 0.98371, 0.98503, 0.98762, 0.98785, 
0.98868, 0.98997, 0.98721, 0.98741, 0.98758, 0.9877, 0.982, 0.98283, 
0.98346, 0.98763, 0.98852, 0.98994, 0.98937, 0.98832, 0.98793, 
0.98907, 0.98724, 0.1788, 0.2105, 0.2259, 0.2579, 0.2737, 0.3027, 
0.3278, 0.3551, 0.3806, 0.4334, 0.4589, 182.2, 187.9, 195.1, 
199.5, 206.2, 218.2, 225.4, 226.7, 235.6, 245.2, 251.4, 1, 1, 
1, 1, 1, 1, 1, 1, 1, 1, 1, 1, 1, 1, 1, 1, 1, 1, 1, 1, 1, 1, 1, 
1, 1, 1, 1, 1, 1, 1, 1, 1, 1, 1, 1, 1, 1, 1, 1, 1, 1, 1, 1, 1, 
4.299, 4.772, 4.828, 5.298, 5.414, 5.546, 5.845, 6.221, 6.438, 
7.104, 7.36), .Dim = c(11L, 40L), .Dimnames = list(NULL, c("Sampling", 
"PSO.cost", "PSO.gamma", "PSO.data.balancing", "PSO.feature.selection", 
"PSO.valid.acc", "PSO.test.acc", "PSO.train.time", "PSO.n.support.vectors", 
"PSO.index", "PSO.n.solutions", "PSO.generations", "PSO.n.evaluations", 
"PSO.cpu.time", "RS.cost", "RS.gamma", "RS.data.balancing", "RS.feature.selection", 
"RS.valid.acc", "RS.test.acc", "RS.train.time", "RS.n.support.vectors", 
"RS.index", "RS.n.solutions", "RS.generations", "RS.n.evaluations", 
"RS.cpu.time", "DF.cost", "DF.gamma", "DF.data.balancing", "DF.feature.selection", 
"DF.valid.acc", "DF.test.acc", "DF.train.time", "DF.n.support.vectors", 
"DF.index", "DF.n.solutions", "DF.generations", "DF.n.evaluations", 
"DF.cpu.time")))
