full <-
structure(c(50, 55, 60, 65, 70, 75, 80, 85, 90, 95, 100, 9.4567, 
7.95085, 6.49911, 10.57633, 7.60002, 12.19673, 7.85565, 3.05676, 
10.39484, 6.61733, 5.99385, -11.48629, -11.73435, -9.10767, -11.33506, 
-11.38535, -14.78559, -10.35338, -6.60569, -14.17032, -8.50616, 
-8.33239, 0, 0, 0, 0, 0, 0, 0, 0, 0, 0, 0, 0, 0, 0, 0, 0, 0, 
0, 0, 0, 0, 0, 0.99151, 0.99228, 0.99056, 0.98983, 0.99324, 0.99244, 
0.99292, 0.99334, 0.99213, 0.99353, 0.9915, 0.9915, 0.99056, 
0.9874, 0.98838, 0.99189, 0.99119, 0.99115, 0.99223, 0.99108, 
0.99154, 0.99008, 0.1096, 0.1245, 0.1377, 0.1596, 0.1685, 0.1773, 
0.1807, 0.2449, 0.2171, 0.2356, 0.2814, 69.8, 76.7, 86.1, 74.2, 
86, 76.7, 88.7, 149.8, 92.2, 110, 124, 93, 35, 673, 429, 296, 
16, 318, 29, 159, 388, 297, 941, 262, 65, 208, 157, 1209, 635, 
866, 516, 251, 629, 100, 100, 100, 100, 100, 100, 100, 100, 100, 
100, 100, 2500, 2500, 2500, 2500, 2500, 2500, 2500, 2500, 2500, 
2500, 2500, 10365.955, 10735.74, 13167.212, 13327.461, 14158.099, 
13960.072, 12106.737, 13637.804, 12548.975, 15072.317, 16680.357, 
8.20811, 7.64469, 6.28436, 10.62225, 7.7089, 7.02715, 8.00768, 
3.21518, 9.96356, 5.32835, 5.77499, -11.04771, -11.58647, -8.94088, 
-11.32087, -11.14301, -10.26364, -10.48609, -6.77208, -13.82845, 
-7.73581, -8.2957, 0, 0, 0, 0, 0, 0, 0, 0, 0, 0, 0, 0, 0, 0, 
0, 0, 0, 0, 0, 0, 0, 0, 0.99151, 0.99228, 0.99056, 0.98983, 0.99324, 
0.99245, 0.99292, 0.99334, 0.99213, 0.99253, 0.9915, 0.99056, 
0.98971, 0.9874, 0.98838, 0.99256, 0.99057, 0.99055, 0.99223, 
0.99108, 0.99203, 0.99008, 0.109, 0.1225, 0.1432, 0.1528, 0.1715, 
0.1771, 0.1817, 0.2348, 0.2178, 0.2571, 0.2761, 73.1, 77.5, 88.4, 
74.1, 85.7, 87.7, 88.6, 142.9, 93.1, 121.7, 124.6, 42, 1298, 
46, 573, 702, 1007, 162, 171, 132, 2471, 211, 45, 3, 3, 2, 4, 
3, 3, 8, 38, 1, 2, 100, 100, 100, 100, 100, 100, 100, 100, 100, 
100, 100, 2500, 2500, 2500, 2500, 2500, 2500, 2500, 2500, 2500, 
2500, 2500, 16643.633, 19074.707, 22319.422, 24250.169, 26513.173, 
28792.819, 28141.774, 31834.126, 32137.1409999999, 39224.749, 
41956.034, 1, 1, 1, 1, 1, 1, 1, 1, 1, 1, 1, 0.02857, 0.02857, 
0.02857, 0.02857, 0.02857, 0.02857, 0.02857, 0.02857, 0.02857, 
0.02857, 0.02857, 0, 0, 0, 0, 0, 0, 0, 0, 0, 0, 0, 0, 0, 0, 0, 
0, 0, 0, 0, 0, 0, 0, 0.98866, 0.98712, 0.98741, 0.98548, 0.98786, 
0.98867, 0.98819, 0.99112, 0.99056, 0.98905, 0.98913, 0.98866, 
0.98798, 0.98661, 0.98692, 0.98852, 0.98866, 0.9882, 0.99056, 
0.99003, 0.99004, 0.98772, 0.1723, 0.2051, 0.2325, 0.2481, 0.2744, 
0.3016, 0.3153, 0.3618, 0.3704, 0.4284, 0.4405, 172.3, 179.6, 
189, 196.5, 205.8, 211, 220.3, 226.8, 237, 240.7, 251, 1, 1, 
1, 1, 1, 1, 1, 1, 1, 1, 1, 1, 1, 1, 1, 1, 1, 1, 1, 1, 1, 1, 1, 
1, 1, 1, 1, 1, 1, 1, 1, 1, 1, 1, 1, 1, 1, 1, 1, 1, 1, 1, 1, 1, 
4.64, 5.783, 6.1, 6.135, 6.318, 6.688, 5.97, 7.362, 6.342, 8.003, 
7.863), .Dim = c(11L, 40L), .Dimnames = list(NULL, c("Sampling", 
"PSO.cost", "PSO.gamma", "PSO.data.balancing", "PSO.feature.selection", 
"PSO.valid.acc", "PSO.test.acc", "PSO.train.time", "PSO.n.support.vectors", 
"PSO.index", "PSO.n.solutions", "PSO.generations", "PSO.n.evaluations", 
"PSO.cpu.time", "RS.cost", "RS.gamma", "RS.data.balancing", "RS.feature.selection", 
"RS.valid.acc", "RS.test.acc", "RS.train.time", "RS.n.support.vectors", 
"RS.index", "RS.n.solutions", "RS.generations", "RS.n.evaluations", 
"RS.cpu.time", "DF.cost", "DF.gamma", "DF.data.balancing", "DF.feature.selection", 
"DF.valid.acc", "DF.test.acc", "DF.train.time", "DF.n.support.vectors", 
"DF.index", "DF.n.solutions", "DF.generations", "DF.n.evaluations", 
"DF.cpu.time")))
