full <-
structure(c(50, 55, 60, 65, 70, 75, 80, 85, 90, 95, 100, 6.56318, 
4.91163, 3.46606, 8.23943, 4.6599, 13.69468, 10.90243, 4.14321, 
5.90187, 6.10313, 4.63398, -8.45071, -5.79746, -6.06385, -7.15745, 
-7.58191, -6.86839, -6.8664, -7.18668, -8.14835, -8.15531, -7.87276, 
0, 0, 0, 0, 0, 0, 0, 0, 0, 0, 0, 0, 0, 0, 0, 0, 0, 0, 0, 0, 0, 
0, 0.99148, 0.99227, 0.99132, 0.99346, 0.99125, 0.9937, 0.99351, 
0.99167, 0.99108, 0.99253, 0.99149, 0.98865, 0.99054, 0.98896, 
0.98982, 0.99056, 0.99308, 0.99173, 0.99111, 0.99108, 0.99106, 
0.99055, 0.1248, 0.1671, 0.1736, 0.1669, 0.1747, 0.201, 0.2213, 
0.2315, 0.2447, 0.2543, 0.2885, 95, 148.7, 145.4, 117.1, 116.5, 
131.3, 135.2, 136, 123.3, 126.6, 133.2, 261, 25, 484, 29, 541, 
27, 9, 1897, 174, 145, 648, 337, 1252, 65, 1468, 77, 1553, 1429, 
12, 479, 333, 71, 100, 100, 100, 100, 100, 100, 100, 100, 100, 
100, 100, 2500, 2500, 2500, 2500, 2500, 2500, 2500, 2500, 2500, 
2500, 2500, 10132.729, 11204.758, 11377.527, 11463.018, 12369.892, 
12434.568, 12842.532, 13535.921, 13787.441, 13923.4790000001, 
14350.181, 6.03461, 10.55137, 4.47277, 5.77018, 4.15574, 12.49985, 
11.37289, 4.49839, 5.40268, 5.46986, 5.92467, -7.87281, -6.05782, 
-7.72903, -6.72874, -7.47457, -6.49206, -6.49677, -7.49386, -7.89821, 
-7.89313, -8.40233, 0, 0, 0, 0, 0, 0, 0, 0, 0, 0, 0, 0, 0, 0, 
0, 0, 0, 0, 0, 0, 0, 0, 0.99054, 0.99227, 0.99132, 0.99346, 0.99125, 
0.9937, 0.99351, 0.99112, 0.99108, 0.99253, 0.99102, 0.98865, 
0.9914, 0.98974, 0.98983, 0.99123, 0.99308, 0.99173, 0.9911, 
0.99108, 0.99106, 0.99055, 0.1203, 0.1585, 0.1555, 0.1702, 0.1799, 
0.2069, 0.2305, 0.2275, 0.2452, 0.2643, 0.273, 101.2, 140.6, 
109.4, 128.2, 120.7, 141.5, 147.7, 130.6, 128.3, 129.9, 121.8, 
346, 10, 195, 5, 1337, 30, 28, 529, 680, 1632, 959, 9, 33, 2, 
65, 1, 51, 78, 5, 3, 1, 5, 100, 100, 100, 100, 100, 100, 100, 
100, 100, 100, 100, 2500, 2500, 2500, 2500, 2500, 2500, 2500, 
2500, 2500, 2500, 2500, 16320.404, 18143.921, 19925.896, 21539.754, 
24631.811, 26053.452, 28436.708, 30740.535, 34353.0319999999, 
35105.752, 37847.279, 1, 1, 1, 1, 1, 1, 1, 1, 1, 1, 1, 0.02857, 
0.02857, 0.02857, 0.02857, 0.02857, 0.02857, 0.02857, 0.02857, 
0.02857, 0.02857, 0.02857, 0, 0, 0, 0, 0, 0, 0, 0, 0, 0, 0, 0, 
0, 0, 0, 0, 0, 0, 0, 0, 0, 0, 0.98297, 0.98624, 0.9866, 0.98472, 
0.98651, 0.98613, 0.98819, 0.98722, 0.98793, 0.98907, 0.98818, 
0.98392, 0.98709, 0.98345, 0.98618, 0.9865, 0.98677, 0.98877, 
0.98722, 0.98741, 0.98956, 0.98866, 0.1775, 0.203, 0.2284, 0.25, 
0.2726, 0.2874, 0.3204, 0.3366, 0.387, 0.4141, 0.4412, 178, 185.9, 
194.8, 201.3, 208.5, 213.1, 221.2, 223, 237.2, 244.4, 252.3, 
1, 1, 1, 1, 1, 1, 1, 1, 1, 1, 1, 1, 1, 1, 1, 1, 1, 1, 1, 1, 1, 
1, 1, 1, 1, 1, 1, 1, 1, 1, 1, 1, 1, 1, 1, 1, 1, 1, 1, 1, 1, 1, 
1, 1, 4.447, 4.662, 5.032, 5.223, 5.512, 5.414, 6.021, 5.919, 
6.651, 6.894, 7.063), .Dim = c(11L, 40L), .Dimnames = list(NULL, 
    c("Sampling", "PSO.cost", "PSO.gamma", "PSO.data.balancing", 
    "PSO.feature.selection", "PSO.valid.acc", "PSO.test.acc", 
    "PSO.train.time", "PSO.n.support.vectors", "PSO.index", "PSO.n.solutions", 
    "PSO.generations", "PSO.n.evaluations", "PSO.cpu.time", "RS.cost", 
    "RS.gamma", "RS.data.balancing", "RS.feature.selection", 
    "RS.valid.acc", "RS.test.acc", "RS.train.time", "RS.n.support.vectors", 
    "RS.index", "RS.n.solutions", "RS.generations", "RS.n.evaluations", 
    "RS.cpu.time", "DF.cost", "DF.gamma", "DF.data.balancing", 
    "DF.feature.selection", "DF.valid.acc", "DF.test.acc", "DF.train.time", 
    "DF.n.support.vectors", "DF.index", "DF.n.solutions", "DF.generations", 
    "DF.n.evaluations", "DF.cpu.time")))
