full <-
structure(c(50, 55, 60, 65, 70, 75, 80, 85, 90, 95, 100, 3.56823, 
1.96709, 4.88311, 6.40665, 8.59743, 11.57382, 3.87666, 5.1561, 
5.33133, 8.3136, 4.35856, -7.79708, -6.93109, -8.11999, -10.63059, 
-12.96005, -8.88329, -7.87707, -6.37689, -8.16753, -8.03468, 
-7.83483, 0, 0, 0, 0, 0, 0, 0, 0, 0, 0, 0, 0, 0, 0, 0, 0, 0, 
0, 0, 0, 0, 0, 0.9915, 0.99227, 0.9937, 0.99419, 0.99459, 0.99622, 
0.99409, 0.99389, 0.99214, 0.99304, 0.99103, 0.9896, 0.99142, 
0.99213, 0.99201, 0.99392, 0.99181, 0.99232, 0.99166, 0.99004, 
0.99154, 0.99008, 0.1152, 0.1465, 0.138, 0.1493, 0.1609, 0.1641, 
0.1992, 0.2448, 0.2336, 0.2555, 0.2779, 93.8, 119.6, 96.6, 85.1, 
81.3, 90, 122.4, 157.1, 125, 122, 138.6, 473, 1584, 32, 221, 
400, 926, 594, 837, 417, 200, 672, 271, 11, 201, 307, 116, 224, 
326, 219, 267, 722, 73, 100, 100, 100, 100, 100, 100, 100, 100, 
100, 100, 100, 2500, 2500, 2500, 2500, 2500, 2500, 2500, 2500, 
2500, 2500, 2500, 9540.448, 10805.102, 10665.821, 10182.174, 
10837.926, 11048.613, 11331.19, 13068.984, 13042.376, 13607.148, 
14499.232, 3.56, 2.29819, 4.60974, 6.44846, 9.52289, 10.84395, 
6.37163, 5.03264, 4.61788, 8.20659, 4.5306, -7.77481, -7.26097, 
-8.02288, -10.71437, -13.86002, -8.34129, -9.80895, -6.47331, 
-8.38001, -7.89651, -7.93066, 0, 0, 0, 0, 0, 0, 0, 0, 0, 0, 0, 
0, 0, 0, 0, 0, 0, 0, 0, 0, 0, 0, 0.9915, 0.99227, 0.9937, 0.99419, 
0.99459, 0.99559, 0.99409, 0.99334, 0.99214, 0.99304, 0.99103, 
0.9896, 0.99142, 0.99213, 0.99201, 0.99392, 0.99181, 0.99114, 
0.99166, 0.99004, 0.99154, 0.99008, 0.115, 0.139, 0.1395, 0.1464, 
0.1603, 0.1659, 0.1858, 0.2433, 0.2365, 0.2609, 0.2779, 94.2, 
113.6, 98.9, 84.9, 80.1, 95.7, 97.9, 153.8, 126.7, 126, 135.8, 
564, 601, 70, 1759, 354, 2003, 1350, 1542, 342, 2345, 50, 2, 
3, 2, 3, 3, 1, 3, 2, 1, 1, 1, 100, 100, 100, 100, 100, 100, 100, 
100, 100, 100, 100, 2500, 2500, 2500, 2500, 2500, 2500, 2500, 
2500, 2500, 2500, 2500, 15549.812, 18173.369, 19197.553, 21374.882, 
23107.302, 24607.1, 27366.433, 29961.67, 32751.037, 35671.158, 
38499.3210000001, 1, 1, 1, 1, 1, 1, 1, 1, 1, 1, 1, 0.02857, 0.02857, 
0.02857, 0.02857, 0.02857, 0.02857, 0.02857, 0.02857, 0.02857, 
0.02857, 0.02857, 0, 0, 0, 0, 0, 0, 0, 0, 0, 0, 0, 0, 0, 0, 0, 
0, 0, 0, 0, 0, 0, 0, 0.98772, 0.98968, 0.98819, 0.98837, 0.98786, 
0.99118, 0.98996, 0.98778, 0.98689, 0.98806, 0.98818, 0.98677, 
0.98968, 0.98661, 0.9891, 0.98786, 0.99118, 0.99055, 0.98889, 
0.98794, 0.98905, 0.9896, 0.1717, 0.1906, 0.2162, 0.2385, 0.2508, 
0.2838, 0.304, 0.3267, 0.3549, 0.3982, 0.4385, 171.9, 180.9, 
191, 193.9, 196.5, 208.3, 214.6, 222, 230.8, 237.4, 250.5, 1, 
1, 1, 1, 1, 1, 1, 1, 1, 1, 1, 1, 1, 1, 1, 1, 1, 1, 1, 1, 1, 1, 
1, 1, 1, 1, 1, 1, 1, 1, 1, 1, 1, 1, 1, 1, 1, 1, 1, 1, 1, 1, 1, 
1, 4.268, 4.255, 4.698, 4.925, 4.901, 5.362, 5.516, 5.706, 6.029, 
6.753, 7.087), .Dim = c(11L, 40L), .Dimnames = list(NULL, c("Sampling", 
"PSO.cost", "PSO.gamma", "PSO.data.balancing", "PSO.feature.selection", 
"PSO.valid.acc", "PSO.test.acc", "PSO.train.time", "PSO.n.support.vectors", 
"PSO.index", "PSO.n.solutions", "PSO.generations", "PSO.n.evaluations", 
"PSO.cpu.time", "RS.cost", "RS.gamma", "RS.data.balancing", "RS.feature.selection", 
"RS.valid.acc", "RS.test.acc", "RS.train.time", "RS.n.support.vectors", 
"RS.index", "RS.n.solutions", "RS.generations", "RS.n.evaluations", 
"RS.cpu.time", "DF.cost", "DF.gamma", "DF.data.balancing", "DF.feature.selection", 
"DF.valid.acc", "DF.test.acc", "DF.train.time", "DF.n.support.vectors", 
"DF.index", "DF.n.solutions", "DF.generations", "DF.n.evaluations", 
"DF.cpu.time")))
