full <-
structure(c(50, 55, 60, 65, 70, 75, 80, 85, 90, 95, 100, 7.02114, 
5.41692, 7.00153, 7.30084, 12.58059, 2.86478, 6.14813, 6.10186, 
7.385, 4.85772, 6.04627, -8.48867, -9.44459, -8.7187, -11.07167, 
-13.61334, -6.73527, -7.68576, -8.23234, -9.04172, -7.44291, 
-4.38564, 0, 0, 0, 0, 0, 0, 0, 0, 0, 0, 0, 0, 0, 0, 0, 0, 0, 
0, 0, 0, 0, 0, 0.99057, 0.99141, 0.99213, 0.992, 0.99325, 0.99369, 
0.99231, 0.99445, 0.99266, 0.99206, 0.99149, 0.98868, 0.99054, 
0.99054, 0.99056, 0.99257, 0.99243, 0.99172, 0.99278, 0.99161, 
0.98956, 0.98913, 0.1151, 0.1236, 0.1346, 0.149, 0.1708, 0.2129, 
0.2012, 0.2202, 0.235, 0.2656, 0.5756, 88.4, 88.9, 91.4, 82.3, 
73, 135, 112.8, 113.8, 107.7, 136.5, 335.4, 1167, 453, 156, 426, 
455, 190, 100, 715, 418, 704, 104, 125, 195, 701, 709, 106, 265, 
907, 92, 317, 210, 855, 100, 100, 100, 100, 100, 100, 100, 100, 
100, 100, 100, 2500, 2500, 2500, 2500, 2500, 2500, 2500, 2500, 
2500, 2500, 2500, 9877.311, 10339.203, 10562.564, 13293.661, 
13914.629, 15089.315, 12070.056, 13243.961, 12717.513, 13942.053, 
24047.663, 7.35795, 5.2762, 6.85169, 7.24868, 11.04265, 2.66465, 
5.99867, 5.97534, 8.04654, 6.66629, 3.96826, -8.36051, -9.65234, 
-8.61233, -10.7208, -12.19264, -6.12677, -7.40935, -8.75119, 
-9.33035, -8.57144, -4.38018, 0, 0, 0, 0, 0, 0, 0, 0, 0, 0, 0, 
0, 0, 0, 0, 0, 0, 0, 0, 0, 0, 0, 0.99057, 0.99141, 0.99213, 0.992, 
0.99258, 0.99307, 0.99231, 0.9939, 0.99266, 0.99206, 0.99149, 
0.98774, 0.98968, 0.99054, 0.99128, 0.99121, 0.99117, 0.99112, 
0.99223, 0.99161, 0.99055, 0.9896, 0.1139, 0.1243, 0.1384, 0.1497, 
0.1714, 0.2262, 0.207, 0.2078, 0.2343, 0.2527, 0.5784, 88.3, 
87.8, 92.5, 80.1, 74.4, 156.6, 118.7, 104.7, 103.1, 115, 335.2, 
927, 744, 640, 1718, 1162, 1384, 116, 48, 1486, 479, 818, 1, 
2, 2, 2, 1, 9, 3, 12, 2, 5, 4, 100, 100, 100, 100, 100, 100, 
100, 100, 100, 100, 100, 2500, 2500, 2500, 2500, 2500, 2500, 
2500, 2500, 2500, 2500, 2500, 15692.19, 17714.255, 21448.394, 
24287.836, 26284.236, 26273.908, 28404.971, 30096.776, 33661.431, 
35773.7, 40685.087, 1, 1, 1, 1, 1, 1, 1, 1, 1, 1, 1, 0.02857, 
0.02857, 0.02857, 0.02857, 0.02857, 0.02857, 0.02857, 0.02857, 
0.02857, 0.02857, 0.02857, 0, 0, 0, 0, 0, 0, 0, 0, 0, 0, 0, 0, 
0, 0, 0, 0, 0, 0, 0, 0, 0, 0, 0.98299, 0.98454, 0.9866, 0.98546, 
0.98448, 0.98677, 0.98582, 0.98723, 0.98846, 0.98857, 0.98866, 
0.98205, 0.98454, 0.98739, 0.98472, 0.9838, 0.98614, 0.9864, 
0.9889, 0.98793, 0.98956, 0.98914, 0.1699, 0.1928, 0.2173, 0.2445, 
0.2716, 0.2933, 0.3162, 0.347, 0.3793, 0.444, 0.4514, 166.3, 
174.9, 180.8, 192.5, 198.5, 210, 216.8, 222.3, 235.1, 245.6, 
250.4, 1, 1, 1, 1, 1, 1, 1, 1, 1, 1, 1, 1, 1, 1, 1, 1, 1, 1, 
1, 1, 1, 1, 1, 1, 1, 1, 1, 1, 1, 1, 1, 1, 1, 1, 1, 1, 1, 1, 1, 
1, 1, 1, 1, 1, 4.425, 4.744, 5.827, 6.12, 6.309, 5.606, 5.798, 
6.163, 6.511, 7.22, 8.34), .Dim = c(11L, 40L), .Dimnames = list(
    NULL, c("Sampling", "PSO.cost", "PSO.gamma", "PSO.data.balancing", 
    "PSO.feature.selection", "PSO.valid.acc", "PSO.test.acc", 
    "PSO.train.time", "PSO.n.support.vectors", "PSO.index", "PSO.n.solutions", 
    "PSO.generations", "PSO.n.evaluations", "PSO.cpu.time", "RS.cost", 
    "RS.gamma", "RS.data.balancing", "RS.feature.selection", 
    "RS.valid.acc", "RS.test.acc", "RS.train.time", "RS.n.support.vectors", 
    "RS.index", "RS.n.solutions", "RS.generations", "RS.n.evaluations", 
    "RS.cpu.time", "DF.cost", "DF.gamma", "DF.data.balancing", 
    "DF.feature.selection", "DF.valid.acc", "DF.test.acc", "DF.train.time", 
    "DF.n.support.vectors", "DF.index", "DF.n.solutions", "DF.generations", 
    "DF.n.evaluations", "DF.cpu.time")))
