full <-
structure(c(50, 55, 60, 65, 70, 75, 80, 85, 90, 95, 100, 6.05843, 
9.2199, 2.71012, 6.539, 5.6087, 7.04955, 1.93306, 4.21329, 5.94691, 
7.69648, 8.00273, -8.5346, -11.38911, -7.17327, -9.01942, -10.12008, 
-8.00525, -6.44391, -7.11826, -8.43368, -8.3844, -9.42339, 0, 
0, 0, 0, 0, 0, 0, 0, 0, 0, 0, 0, 0, 0, 0, 0, 0, 0, 0, 0, 0, 0, 
0.99054, 0.99313, 0.99213, 0.99273, 0.99259, 0.99244, 0.99292, 
0.99276, 0.99162, 0.99255, 0.99148, 0.99054, 0.99143, 0.99054, 
0.99053, 0.99191, 0.99118, 0.99292, 0.98943, 0.99057, 0.99057, 
0.99101, 0.1174, 0.1256, 0.1562, 0.1522, 0.1728, 0.1921, 0.2473, 
0.2378, 0.2325, 0.2538, 0.2637, 87.4, 75.8, 125, 93.1, 102, 108.8, 
159.1, 136.6, 116.3, 114, 105.6, 377, 99, 15, 165, 10, 64, 139, 
1372, 490, 501, 983, 668, 231, 354, 685, 375, 813, 247, 22, 183, 
88, 124, 100, 100, 100, 100, 100, 100, 100, 100, 100, 100, 100, 
2500, 2500, 2500, 2500, 2500, 2500, 2500, 2500, 2500, 2500, 2500, 
9815.256, 10142.704, 11334.823, 11046.764, 12577.655, 12260.85, 
13483.807, 13135.67, 13513.163, 14856.262, 21087.565, 4.94631, 
9.38335, 1.99128, 7.05729, 5.0008, 5.6169, 1.50456, 4.54834, 
5.76071, 7.28825, 7.68709, -7.89998, -11.56045, -6.365, -9.30129, 
-9.60639, -6.8925, -6.01678, -6.27488, -7.83199, -8.23266, -9.28937, 
0, 0, 0, 0, 0, 0, 0, 0, 0, 0, 0, 0, 0, 0, 0, 0, 0, 0, 0, 0, 0, 
0, 0.99054, 0.99313, 0.99213, 0.99273, 0.99259, 0.99244, 0.99292, 
0.99221, 0.99161, 0.99206, 0.99148, 0.9896, 0.99143, 0.99133, 
0.99053, 0.99191, 0.99118, 0.99233, 0.98943, 0.99056, 0.99157, 
0.99054, 0.1165, 0.1284, 0.1712, 0.1584, 0.1694, 0.2024, 0.2564, 
0.2627, 0.2356, 0.2554, 0.2598, 94.3, 75.2, 146.9, 90.6, 102.4, 
130.5, 170, 161.3, 123.2, 116.9, 108.4, 79, 519, 114, 758, 12, 
97, 255, 193, 406, 2420, 2369, 8, 2, 9, 3, 60, 12, 1, 1, 11, 
1, 4, 100, 100, 100, 100, 100, 100, 100, 100, 100, 100, 100, 
2500, 2500, 2500, 2500, 2500, 2500, 2500, 2500, 2500, 2500, 2500, 
16449.314, 17964.764, 20171.036, 21861.256, 23393.239, 25540.004, 
27656.154, 30576.456, 32518.455, 36557.129, 38518.725, 1, 1, 
1, 1, 1, 1, 1, 1, 1, 1, 1, 0.02857, 0.02857, 0.02857, 0.02857, 
0.02857, 0.02857, 0.02857, 0.02857, 0.02857, 0.02857, 0.02857, 
0, 0, 0, 0, 0, 0, 0, 0, 0, 0, 0, 0, 0, 0, 0, 0, 0, 0, 0, 0, 0, 
0, 0.98396, 0.98544, 0.98743, 0.98908, 0.98989, 0.98677, 0.98938, 
0.98943, 0.98953, 0.98858, 0.98912, 0.98489, 0.98545, 0.98897, 
0.98908, 0.98922, 0.98677, 0.99056, 0.98942, 0.989, 0.98908, 
0.98959, 0.1758, 0.2005, 0.2256, 0.2495, 0.2762, 0.2947, 0.3281, 
0.3581, 0.3796, 0.4185, 0.4635, 178.5, 187.8, 196.3, 199.7, 209.2, 
215.3, 223.8, 231.1, 238.2, 244.2, 252, 1, 1, 1, 1, 1, 1, 1, 
1, 1, 1, 1, 1, 1, 1, 1, 1, 1, 1, 1, 1, 1, 1, 1, 1, 1, 1, 1, 1, 
1, 1, 1, 1, 1, 1, 1, 1, 1, 1, 1, 1, 1, 1, 1, 1, 4.562, 4.752, 
5.035, 5.274, 5.444, 5.652, 5.964, 6.425, 6.501, 6.977, 7.469
), .Dim = c(11L, 40L), .Dimnames = list(NULL, c("Sampling", "PSO.cost", 
"PSO.gamma", "PSO.data.balancing", "PSO.feature.selection", "PSO.valid.acc", 
"PSO.test.acc", "PSO.train.time", "PSO.n.support.vectors", "PSO.index", 
"PSO.n.solutions", "PSO.generations", "PSO.n.evaluations", "PSO.cpu.time", 
"RS.cost", "RS.gamma", "RS.data.balancing", "RS.feature.selection", 
"RS.valid.acc", "RS.test.acc", "RS.train.time", "RS.n.support.vectors", 
"RS.index", "RS.n.solutions", "RS.generations", "RS.n.evaluations", 
"RS.cpu.time", "DF.cost", "DF.gamma", "DF.data.balancing", "DF.feature.selection", 
"DF.valid.acc", "DF.test.acc", "DF.train.time", "DF.n.support.vectors", 
"DF.index", "DF.n.solutions", "DF.generations", "DF.n.evaluations", 
"DF.cpu.time")))
