full <-
structure(c(50, 55, 60, 65, 70, 75, 80, 85, 90, 95, 100, 4.66244, 
13.14587, 8.0184, 6.14815, 5.52698, 13.00983, 5.79336, 13.52864, 
9.89318, 6.63541, 7.93924, -7.71602, -15, -9.50645, -8.69361, 
-8.51112, -14.99994, -8.0849, -15, -10.6871, -9.05323, -8.28213, 
0, 0, 0, 0, 0, 0, 0, 0, 0, 0, 0, 0, 0, 0, 0, 0, 0, 0, 0, 0, 0, 
0, 0.98954, 0.98968, 0.98894, 0.99126, 0.99124, 0.98992, 0.99114, 
0.99111, 0.99161, 0.99204, 0.9915, 0.98766, 0.98711, 0.98895, 
0.9898, 0.98989, 0.98677, 0.98938, 0.99056, 0.99056, 0.99155, 
0.99008, 0.1268, 0.1202, 0.1352, 0.1514, 0.1609, 0.1721, 0.1993, 
0.1954, 0.2167, 0.2361, 0.2658, 102.1, 68, 82.9, 92.8, 99.8, 
75, 113.4, 78.2, 89.3, 107.8, 116.8, 180, 722, 1377, 47, 76, 
22, 971, 70, 93, 352, 37, 419, 42, 14, 717, 446, 290, 218, 524, 
684, 253, 794, 100, 100, 100, 100, 100, 100, 100, 100, 100, 100, 
100, 2500, 2500, 2500, 2500, 2500, 2500, 2500, 2500, 2500, 2500, 
2500, 10336.601, 10007.892, 10612.283, 10805.772, 11379.141, 
12678.027, 11643.478, 11819.739, 12532.954, 14535.827, 15617.933, 
5.22004, 12.07269, 4.84809, 5.68864, 5.69309, 7.76179, 5.79797, 
6.38202, 9.87657, 6.47649, 7.7932, -8.03297, -14.95757, -7.0708, 
-8.43468, -8.03951, -10.30527, -8.12997, -8.95556, -11.14221, 
-8.97059, -8.06149, 0, 0, 0, 0, 0, 0, 0, 0, 0, 0, 0, 0, 0, 0, 
0, 0, 0, 0, 0, 0, 0, 0, 0.98954, 0.98882, 0.98896, 0.99126, 0.99124, 
0.98992, 0.99114, 0.99167, 0.99161, 0.99204, 0.9915, 0.98766, 
0.98708, 0.98579, 0.99053, 0.98922, 0.98992, 0.98938, 0.99, 0.99004, 
0.99155, 0.99008, 0.1197, 0.1227, 0.1509, 0.148, 0.1672, 0.1699, 
0.1965, 0.219, 0.2121, 0.2439, 0.2695, 98, 71.4, 117.3, 97.7, 
104.7, 85.5, 112.5, 105.8, 86, 108.6, 118.8, 1068, 5, 2371, 2082, 
218, 43, 846, 152, 364, 710, 180, 2, 21, 1, 1, 12, 56, 2, 1, 
9, 2, 7, 100, 100, 100, 100, 100, 100, 100, 100, 100, 100, 100, 
2500, 2500, 2500, 2500, 2500, 2500, 2500, 2500, 2500, 2500, 2500, 
15862.296, 17464.329, 18858.998, 20635.739, 22816.199, 24768.504, 
26782.266, 28580.432, 31367.087, 36485.208, 37338.621, 1, 1, 
1, 1, 1, 1, 1, 1, 1, 1, 1, 0.02857, 0.02857, 0.02857, 0.02857, 
0.02857, 0.02857, 0.02857, 0.02857, 0.02857, 0.02857, 0.02857, 
0, 0, 0, 0, 0, 0, 0, 0, 0, 0, 0, 0, 0, 0, 0, 0, 0, 0, 0, 0, 0, 
0, 0.98107, 0.98541, 0.98501, 0.98689, 0.98854, 0.98866, 0.98701, 
0.98779, 0.98794, 0.98906, 0.98865, 0.98204, 0.9854, 0.985, 0.9869, 
0.98786, 0.98803, 0.98819, 0.98723, 0.98794, 0.98856, 0.98866, 
0.1763, 0.1979, 0.2178, 0.2371, 0.2603, 0.289, 0.3143, 0.3394, 
0.3649, 0.3934, 0.4335, 184.7, 192.1, 197.2, 200.7, 211.1, 217.1, 
223.5, 230.2, 231.7, 241.5, 250.7, 1, 1, 1, 1, 1, 1, 1, 1, 1, 
1, 1, 1, 1, 1, 1, 1, 1, 1, 1, 1, 1, 1, 1, 1, 1, 1, 1, 1, 1, 1, 
1, 1, 1, 1, 1, 1, 1, 1, 1, 1, 1, 1, 1, 1, 4.546, 4.655, 4.907, 
5.069, 5.324, 5.55, 5.752, 5.974, 6.883, 7.159, 7.56), .Dim = c(11L, 
40L), .Dimnames = list(NULL, c("Sampling", "PSO.cost", "PSO.gamma", 
"PSO.data.balancing", "PSO.feature.selection", "PSO.valid.acc", 
"PSO.test.acc", "PSO.train.time", "PSO.n.support.vectors", "PSO.index", 
"PSO.n.solutions", "PSO.generations", "PSO.n.evaluations", "PSO.cpu.time", 
"RS.cost", "RS.gamma", "RS.data.balancing", "RS.feature.selection", 
"RS.valid.acc", "RS.test.acc", "RS.train.time", "RS.n.support.vectors", 
"RS.index", "RS.n.solutions", "RS.generations", "RS.n.evaluations", 
"RS.cpu.time", "DF.cost", "DF.gamma", "DF.data.balancing", "DF.feature.selection", 
"DF.valid.acc", "DF.test.acc", "DF.train.time", "DF.n.support.vectors", 
"DF.index", "DF.n.solutions", "DF.generations", "DF.n.evaluations", 
"DF.cpu.time")))
