full <-
structure(c(50, 55, 60, 65, 70, 75, 80, 85, 90, 95, 100, 7.19982, 
1.46098, 6.6419, 5.36819, 1.44144, 4.39752, 5.87565, 5.50287, 
6.20582, 6.46166, 4.24373, -9.39869, -5.37667, -10.0248, -9.31243, 
-5.96778, -7.52805, -8.27423, -7.61248, -9.8922, -10.38086, -6.47284, 
0, 0, 0, 0, 0, 0, 0, 0, 0, 0, 0, 0, 0, 0, 0, 0, 0, 0, 0, 0, 0, 
0, 0.99621, 0.99483, 0.99528, 0.99418, 0.9919, 0.99182, 0.99292, 
0.99333, 0.99213, 0.99304, 0.99151, 0.99432, 0.99398, 0.99372, 
0.98983, 0.99189, 0.99057, 0.99055, 0.99166, 0.99108, 0.99255, 
0.99057, 0.1122, 0.1899, 0.1414, 0.1555, 0.2233, 0.2032, 0.1984, 
0.2255, 0.2287, 0.2399, 0.3196, 79.8, 172.6, 88.2, 97.2, 166.5, 
121.6, 112, 124, 106.1, 106.1, 170.2, 201, 539, 189, 166, 134, 
1003, 781, 189, 776, 57, 254, 500, 360, 137, 354, 693, 55, 55, 
571, 56, 417, 631, 100, 100, 100, 100, 100, 100, 100, 100, 100, 
100, 100, 2500, 2500, 2500, 2500, 2500, 2500, 2500, 2500, 2500, 
2500, 2500, 9303.492, 12103.733, 10644.334, 11097.688, 13632.45, 
14530.411, 11977.83, 13362.578, 12781.618, 12898.808, 15789.181, 
6.86699, 1.71297, 6.65111, 4.06111, 1.10278, 8.05699, 5.79675, 
5.50821, 6.44201, 6.81499, 4.39215, -9.06856, -5.56825, -10.01377, 
-8.91181, -5.42274, -11.37973, -8.24372, -7.86845, -10.28287, 
-10.6342, -6.52317, 0, 0, 0, 0, 0, 0, 0, 0, 0, 0, 0, 0, 0, 0, 
0, 0, 0, 0, 0, 0, 0, 0, 0.99621, 0.99483, 0.99528, 0.99345, 0.9919, 
0.99182, 0.99233, 0.99333, 0.99161, 0.99304, 0.99151, 0.99432, 
0.99398, 0.99372, 0.98983, 0.99189, 0.98994, 0.98996, 0.99166, 
0.99108, 0.99255, 0.99057, 0.1135, 0.1801, 0.1396, 0.1596, 0.2522, 
0.1876, 0.2111, 0.2194, 0.2222, 0.2365, 0.3317, 81.3, 166.7, 
88.2, 104.5, 193.2, 89.7, 111.5, 121.4, 102.8, 104.8, 168.2, 
493, 947, 2455, 706, 254, 1923, 1285, 189, 104, 666, 1357, 3, 
1, 1, 6, 7, 2, 1, 4, 16, 9, 2, 100, 100, 100, 100, 100, 100, 
100, 100, 100, 100, 100, 2500, 2500, 2500, 2500, 2500, 2500, 
2500, 2500, 2500, 2500, 2500, 16173.09, 17778.524, 19308.569, 
21944.327, 23763.952, 26972.352, 28938.366, 30652.27, 32659.332, 
35617.994, 40156.416, 1, 1, 1, 1, 1, 1, 1, 1, 1, 1, 1, 0.02857, 
0.02857, 0.02857, 0.02857, 0.02857, 0.02857, 0.02857, 0.02857, 
0.02857, 0.02857, 0.02857, 0, 0, 0, 0, 0, 0, 0, 0, 0, 0, 0, 0, 
0, 0, 0, 0, 0, 0, 0, 0, 0, 0, 0.99338, 0.99141, 0.99291, 0.99054, 
0.99122, 0.9893, 0.98996, 0.99, 0.98845, 0.99006, 0.98915, 0.99243, 
0.99226, 0.99134, 0.99055, 0.99054, 0.98867, 0.98996, 0.99, 0.98846, 
0.99006, 0.98962, 0.1815, 0.2077, 0.2241, 0.2544, 0.2749, 0.3112, 
0.3281, 0.3606, 0.3798, 0.4203, 0.4832, 178.7, 188.5, 197.7, 
205.7, 215, 220.4, 223, 228.3, 236.6, 240.3, 252.5, 1, 1, 1, 
1, 1, 1, 1, 1, 1, 1, 1, 1, 1, 1, 1, 1, 1, 1, 1, 1, 1, 1, 1, 1, 
1, 1, 1, 1, 1, 1, 1, 1, 1, 1, 1, 1, 1, 1, 1, 1, 1, 1, 1, 1, 4.5, 
4.793, 4.748, 5.209, 5.348, 5.842, 6.005, 6.349, 6.42, 6.974, 
7.755), .Dim = c(11L, 40L), .Dimnames = list(NULL, c("Sampling", 
"PSO.cost", "PSO.gamma", "PSO.data.balancing", "PSO.feature.selection", 
"PSO.valid.acc", "PSO.test.acc", "PSO.train.time", "PSO.n.support.vectors", 
"PSO.index", "PSO.n.solutions", "PSO.generations", "PSO.n.evaluations", 
"PSO.cpu.time", "RS.cost", "RS.gamma", "RS.data.balancing", "RS.feature.selection", 
"RS.valid.acc", "RS.test.acc", "RS.train.time", "RS.n.support.vectors", 
"RS.index", "RS.n.solutions", "RS.generations", "RS.n.evaluations", 
"RS.cpu.time", "DF.cost", "DF.gamma", "DF.data.balancing", "DF.feature.selection", 
"DF.valid.acc", "DF.test.acc", "DF.train.time", "DF.n.support.vectors", 
"DF.index", "DF.n.solutions", "DF.generations", "DF.n.evaluations", 
"DF.cpu.time")))
