full <-
structure(c(50, 55, 60, 65, 70, 75, 80, 85, 90, 95, 100, 2.09393, 
6.81726, 4.0095, 6.2739, 5.7366, 7.48034, 5.81942, 6.15948, 5.02354, 
7.82731, 5.46394, -6.28372, -7.76213, -5.74926, -7.37667, -8.20687, 
-9.16972, -8.37268, -5.96651, -8.05983, -10.03292, -9.48114, 
0, 0, 0, 0, 0, 0, 0, 0, 0, 0, 0, 0, 0, 0, 0, 0, 0, 0, 0, 0, 0, 
0, 0.98865, 0.99137, 0.99212, 0.99272, 0.99123, 0.99178, 0.99174, 
0.9911, 0.99055, 0.99156, 0.99244, 0.98675, 0.98878, 0.98976, 
0.99199, 0.98921, 0.99053, 0.98997, 0.98998, 0.99002, 0.99006, 
0.9915, 0.1453, 0.1274, 0.186, 0.1696, 0.1696, 0.1813, 0.1974, 
0.2812, 0.2427, 0.2421, 0.2652, 132.9, 94.1, 162.1, 111.4, 102.5, 
94.7, 109.4, 173.1, 123.6, 102.5, 118.9, 35, 465, 862, 213, 2483, 
152, 381, 1458, 763, 83, 715, 357, 747, 141, 663, 429, 261, 119, 
37, 41, 157, 89, 100, 100, 100, 100, 100, 100, 100, 100, 100, 
100, 100, 2500, 2500, 2500, 2500, 2500, 2500, 2500, 2500, 2500, 
2500, 2500, 10121.018, 9691.237, 10776.196, 10814.649, 11866.66, 
11676.983, 12111.276, 15021.892, 14988.511, 13618.072, 14009.283, 
2.37366, 7.66603, 3.89493, 6.03771, 3.54493, 7.46067, 5.09742, 
6.41473, 4.5851, 7.69515, 3.59902, -5.90126, -7.76408, -5.56676, 
-7.4367, -6.93657, -9.07925, -7.96042, -8.40983, -6.47034, -10.04923, 
-8.05625, 0, 0, 0, 0, 0, 0, 0, 0, 0, 0, 0, 0, 0, 0, 0, 0, 0, 
0, 0, 0, 0, 0, 0.98865, 0.99052, 0.99212, 0.99272, 0.99123, 0.99178, 
0.99115, 0.99109, 0.99003, 0.99156, 0.99197, 0.98676, 0.98878, 
0.98819, 0.99054, 0.98988, 0.99053, 0.98997, 0.99054, 0.98845, 
0.99006, 0.9915, 0.1422, 0.1313, 0.1969, 0.1614, 0.191, 0.1872, 
0.2035, 0.2194, 0.2829, 0.2453, 0.283, 143.9, 94.6, 173.5, 110.9, 
132.3, 96.8, 115.8, 114.7, 160.8, 103.4, 139.5, 45, 2048, 1714, 
849, 1498, 588, 1159, 752, 410, 1986, 70, 2, 2, 1, 2, 2, 2, 9, 
5, 5, 1, 2, 100, 100, 100, 100, 100, 100, 100, 100, 100, 100, 
100, 2500, 2500, 2500, 2500, 2500, 2500, 2500, 2500, 2500, 2500, 
2500, 15511.132, 17255.244, 19606.945, 21545.854, 23794.622, 
25684.468, 27896.482, 30415.381, 33332.902, 35772.276, 39381.537, 
1, 1, 1, 1, 1, 1, 1, 1, 1, 1, 1, 0.02857, 0.02857, 0.02857, 0.02857, 
0.02857, 0.02857, 0.02857, 0.02857, 0.02857, 0.02857, 0.02857, 
0, 0, 0, 0, 0, 0, 0, 0, 0, 0, 0, 0, 0, 0, 0, 0, 0, 0, 0, 0, 0, 
0, 0.98202, 0.981, 0.98425, 0.98545, 0.98584, 0.98611, 0.98878, 
0.98831, 0.98846, 0.98658, 0.98913, 0.98298, 0.981, 0.98346, 
0.98691, 0.98651, 0.98863, 0.98819, 0.98831, 0.98793, 0.98759, 
0.98865, 0.1795, 0.2033, 0.2305, 0.258, 0.2814, 0.3126, 0.3336, 
0.3632, 0.3865, 0.4139, 0.4436, 183.5, 190.3, 202.2, 210, 216.9, 
222.5, 223.9, 236.3, 242.1, 247.2, 251.3, 1, 1, 1, 1, 1, 1, 1, 
1, 1, 1, 1, 1, 1, 1, 1, 1, 1, 1, 1, 1, 1, 1, 1, 1, 1, 1, 1, 1, 
1, 1, 1, 1, 1, 1, 1, 1, 1, 1, 1, 1, 1, 1, 1, 1, 4.209, 4.496, 
4.914, 5.182, 5.562, 5.785, 6.038, 6.272, 6.601, 6.696, 7.13), .Dim = c(11L, 
40L), .Dimnames = list(NULL, c("Sampling", "PSO.cost", "PSO.gamma", 
"PSO.data.balancing", "PSO.feature.selection", "PSO.valid.acc", 
"PSO.test.acc", "PSO.train.time", "PSO.n.support.vectors", "PSO.index", 
"PSO.n.solutions", "PSO.generations", "PSO.n.evaluations", "PSO.cpu.time", 
"RS.cost", "RS.gamma", "RS.data.balancing", "RS.feature.selection", 
"RS.valid.acc", "RS.test.acc", "RS.train.time", "RS.n.support.vectors", 
"RS.index", "RS.n.solutions", "RS.generations", "RS.n.evaluations", 
"RS.cpu.time", "DF.cost", "DF.gamma", "DF.data.balancing", "DF.feature.selection", 
"DF.valid.acc", "DF.test.acc", "DF.train.time", "DF.n.support.vectors", 
"DF.index", "DF.n.solutions", "DF.generations", "DF.n.evaluations", 
"DF.cpu.time")))
