full <-
structure(c(50, 55, 60, 65, 70, 75, 80, 85, 90, 95, 100, 13.1261, 
1.32341, 2.5313, 3.39423, 6.47928, 6.96584, 6.75625, 2.69448, 
7.1216, 4.76497, 4.30853, -4.6959, -4.87675, -4.76861, -4.73503, 
-8.98221, -9.64163, -9.65778, -4.4856, -9.19251, -8.37451, -7.15687, 
0, 0, 0, 0, 0, 0, 0, 0, 0, 0, 0, 0, 0, 0, 0, 0, 0, 0, 0, 0, 0, 
0, 0.99149, 0.99228, 0.99213, 0.99129, 0.99258, 0.99246, 0.99233, 
0.99166, 0.99265, 0.99255, 0.9929, 0.99148, 0.99228, 0.99056, 
0.98983, 0.99056, 0.99184, 0.99055, 0.99056, 0.99107, 0.99255, 
0.99148, 0.2027, 0.2151, 0.2553, 0.2802, 0.1654, 0.1832, 0.1977, 
0.4367, 0.234, 0.2496, 0.3008, 217.6, 209, 232.5, 236, 96, 94.6, 
101.6, 302.4, 107.1, 122.4, 144.7, 127, 268, 951, 207, 176, 54, 
98, 480, 646, 176, 2092, 277, 790, 171, 763, 270, 321, 761, 672, 
50, 608, 1, 100, 100, 100, 100, 100, 100, 100, 100, 100, 100, 
100, 2500, 2500, 2500, 2500, 2500, 2500, 2500, 2500, 2500, 2500, 
2500, 11155.664, 12196.903, 13367.293, 15020.431, 12367.541, 
12012.91, 11929.456, 18858.63, 20185.426, 13735.009, 15333.63, 
14.06065, 1.37112, 2.83894, 2.81637, 4.67987, 7.87482, 6.24642, 
2.72418, 7.00351, 5.03835, 4.40262, -4.69756, -5.0083, -5.19583, 
-4.74448, -7.40614, -10.33824, -9.16062, -4.49484, -9.15158, 
-8.66297, -7.13854, 0, 0, 0, 0, 0, 0, 0, 0, 0, 0, 0, 0, 0, 0, 
0, 0, 0, 0, 0, 0, 0, 0, 0.99149, 0.99228, 0.99134, 0.99129, 0.99258, 
0.99246, 0.99233, 0.99166, 0.99265, 0.99255, 0.99243, 0.99148, 
0.99228, 0.98898, 0.99129, 0.99191, 0.99058, 0.99055, 0.99056, 
0.9916, 0.99255, 0.99101, 0.2066, 0.214, 0.2226, 0.2754, 0.1771, 
0.178, 0.1956, 0.4389, 0.229, 0.246, 0.3019, 217.3, 198, 198.3, 
236.6, 117, 90.9, 103.9, 300.8, 107.2, 118.3, 144.7, 112, 1119, 
1208, 177, 278, 255, 790, 1173, 290, 733, 1652, 3, 2, 10, 2, 
20, 18, 2, 1, 1, 3, 3, 100, 100, 100, 100, 100, 100, 100, 100, 
100, 100, 100, 2500, 2500, 2500, 2500, 2500, 2500, 2500, 2500, 
2500, 2500, 2500, 15777.981, 17775.99, 19726.116, 22018.333, 
24084.979, 25844.364, 27381.935, 29929.476, 33648.44, 35398.161, 
40118.599, 1, 1, 1, 1, 1, 1, 1, 1, 1, 1, 1, 0.02857, 0.02857, 
0.02857, 0.02857, 0.02857, 0.02857, 0.02857, 0.02857, 0.02857, 
0.02857, 0.02857, 0, 0, 0, 0, 0, 0, 0, 0, 0, 0, 0, 0, 0, 0, 0, 
0, 0, 0, 0, 0, 0, 0, 0.98676, 0.98537, 0.98898, 0.98912, 0.99123, 
0.99058, 0.98879, 0.98833, 0.98951, 0.99056, 0.99007, 0.98676, 
0.98624, 0.9874, 0.9884, 0.9892, 0.99121, 0.98937, 0.98835, 0.98951, 
0.99056, 0.98912, 0.1779, 0.2, 0.2309, 0.2629, 0.2802, 0.3131, 
0.3351, 0.3627, 0.382, 0.4123, 0.4481, 185, 190.4, 203.5, 208.5, 
217.5, 226.5, 231.1, 235.8, 237.9, 245.9, 253, 1, 1, 1, 1, 1, 
1, 1, 1, 1, 1, 1, 1, 1, 1, 1, 1, 1, 1, 1, 1, 1, 1, 1, 1, 1, 1, 
1, 1, 1, 1, 1, 1, 1, 1, 1, 1, 1, 1, 1, 1, 1, 1, 1, 1, 4.474, 
4.649, 5.107, 5.428, 5.478, 5.908, 6.183, 6.487, 6.683, 6.794, 
7.34), .Dim = c(11L, 40L), .Dimnames = list(NULL, c("Sampling", 
"PSO.cost", "PSO.gamma", "PSO.data.balancing", "PSO.feature.selection", 
"PSO.valid.acc", "PSO.test.acc", "PSO.train.time", "PSO.n.support.vectors", 
"PSO.index", "PSO.n.solutions", "PSO.generations", "PSO.n.evaluations", 
"PSO.cpu.time", "RS.cost", "RS.gamma", "RS.data.balancing", "RS.feature.selection", 
"RS.valid.acc", "RS.test.acc", "RS.train.time", "RS.n.support.vectors", 
"RS.index", "RS.n.solutions", "RS.generations", "RS.n.evaluations", 
"RS.cpu.time", "DF.cost", "DF.gamma", "DF.data.balancing", "DF.feature.selection", 
"DF.valid.acc", "DF.test.acc", "DF.train.time", "DF.n.support.vectors", 
"DF.index", "DF.n.solutions", "DF.generations", "DF.n.evaluations", 
"DF.cpu.time")))
