full <-
structure(c(50, 55, 60, 65, 70, 75, 80, 85, 90, 95, 100, 6.40865, 
4.4655, 3.27938, 8.57784, 13.81376, 5.67248, 6.56434, 5.53062, 
7.72112, 6.45042, 6.56969, -8.12127, -6.89573, -6.54082, -11.27344, 
-15, -8.33196, -8.56765, -8.62273, -9.32101, -8.08595, -8.42593, 
0, 0, 0, 0, 0, 0, 0, 0, 0, 0, 0, 0, 0, 0, 0, 0, 0, 0, 0, 0, 0, 
0, 0.99434, 0.99398, 0.9937, 0.98983, 0.99189, 0.98992, 0.99232, 
0.99277, 0.99161, 0.99154, 0.99291, 0.99434, 0.99398, 0.99291, 
0.9891, 0.98987, 0.98992, 0.98878, 0.9911, 0.99004, 0.99105, 
0.99149, 0.1131, 0.1378, 0.1591, 0.1448, 0.1544, 0.1976, 0.2157, 
0.2209, 0.2392, 0.2663, 0.2802, 87.6, 115.6, 132.7, 76.2, 69.7, 
110.8, 107.2, 116, 103.9, 122.2, 119.7, 82, 197, 153, 383, 58, 
89, 230, 116, 78, 166, 253, 728, 599, 769, 152, 225, 842, 138, 
361, 142, 554, 212, 100, 100, 100, 100, 100, 100, 100, 100, 100, 
100, 100, 2500, 2500, 2500, 2500, 2500, 2500, 2500, 2500, 2500, 
2500, 2500, 9019.131, 10463.524, 10621.308, 13248.234, 10626.529, 
14671.029, 14854.363, 15293.516, 16415.013, 17189.439, 15851.931, 
5.38079, 3.58592, 4.07774, 9.64337, 13.36892, 4.49578, 7.06127, 
5.70521, 6.70131, 6.81675, 5.11556, -8.16256, -5.88418, -6.84427, 
-12.27762, -14.98254, -7.49907, -8.88329, -8.47146, -8.69998, 
-8.10128, -7.72421, 0, 0, 0, 0, 0, 0, 0, 0, 0, 0, 0, 0, 0, 0, 
0, 0, 0, 0, 0, 0, 0, 0, 0.99434, 0.99398, 0.9937, 0.98983, 0.99189, 
0.98992, 0.99232, 0.99277, 0.99161, 0.99154, 0.99291, 0.99243, 
0.99226, 0.99291, 0.9891, 0.98851, 0.99055, 0.98878, 0.99055, 
0.99056, 0.99055, 0.99149, 0.1103, 0.1604, 0.1532, 0.1445, 0.1599, 
0.207, 0.2058, 0.2309, 0.242, 0.2776, 0.284, 88.3, 148, 123.7, 
72.6, 70.2, 124.8, 102.9, 115.7, 109.4, 122.4, 134.7, 1155, 44, 
112, 667, 852, 418, 20, 2314, 210, 909, 1166, 3, 14, 5, 9, 2, 
9, 1, 1, 3, 5, 6, 100, 100, 100, 100, 100, 100, 100, 100, 100, 
100, 100, 2500, 2500, 2500, 2500, 2500, 2500, 2500, 2500, 2500, 
2500, 2500, 15197.959, 16832.007, 18723.24, 21355.714, 22967.551, 
27770.97, 31030.415, 32669.568, 36195.464, 38249.469, 38151.248, 
1, 1, 1, 1, 1, 1, 1, 1, 1, 1, 1, 0.02857, 0.02857, 0.02857, 0.02857, 
0.02857, 0.02857, 0.02857, 0.02857, 0.02857, 0.02857, 0.02857, 
0, 0, 0, 0, 0, 0, 0, 0, 0, 0, 0, 0, 0, 0, 0, 0, 0, 0, 0, 0, 0, 
0, 0.98866, 0.98882, 0.99134, 0.98765, 0.98782, 0.98614, 0.98878, 
0.98666, 0.98794, 0.98956, 0.99007, 0.98771, 0.99055, 0.99054, 
0.98838, 0.9885, 0.98614, 0.98937, 0.9872, 0.98898, 0.98807, 
0.99007, 0.1695, 0.1903, 0.2134, 0.2346, 0.261, 0.2998, 0.3239, 
0.3694, 0.3897, 0.4332, 0.4409, 178, 184, 192.6, 196.6, 205.6, 
211.9, 218.2, 229.4, 237.2, 249.4, 251.2, 1, 1, 1, 1, 1, 1, 1, 
1, 1, 1, 1, 1, 1, 1, 1, 1, 1, 1, 1, 1, 1, 1, 1, 1, 1, 1, 1, 1, 
1, 1, 1, 1, 1, 1, 1, 1, 1, 1, 1, 1, 1, 1, 1, 1, 4.082, 4.252, 
4.526, 4.821, 5.133, 6.538, 7.057, 7.491, 7.698, 8.076, 7.024
), .Dim = c(11L, 40L), .Dimnames = list(NULL, c("Sampling", "PSO.cost", 
"PSO.gamma", "PSO.data.balancing", "PSO.feature.selection", "PSO.valid.acc", 
"PSO.test.acc", "PSO.train.time", "PSO.n.support.vectors", "PSO.index", 
"PSO.n.solutions", "PSO.generations", "PSO.n.evaluations", "PSO.cpu.time", 
"RS.cost", "RS.gamma", "RS.data.balancing", "RS.feature.selection", 
"RS.valid.acc", "RS.test.acc", "RS.train.time", "RS.n.support.vectors", 
"RS.index", "RS.n.solutions", "RS.generations", "RS.n.evaluations", 
"RS.cpu.time", "DF.cost", "DF.gamma", "DF.data.balancing", "DF.feature.selection", 
"DF.valid.acc", "DF.test.acc", "DF.train.time", "DF.n.support.vectors", 
"DF.index", "DF.n.solutions", "DF.generations", "DF.n.evaluations", 
"DF.cpu.time")))
