full <-
structure(c(50, 55, 60, 65, 70, 75, 80, 85, 90, 95, 100, 5.39424, 
8.61539, 1.93418, 2.07381, 0.9747, 1.59514, 4.5322, 5.83708, 
0.84384, 3.80407, 4.7889, -8.34888, -4.71059, -5.5921, -4.8377, 
-5.33845, -5.00362, -7.2801, -7.26921, -4.85486, -6.84622, -7.02758, 
0, 0, 0, 0, 0, 0, 0, 0, 0, 0, 0, 0, 0, 0, 0, 0, 0, 0, 0, 0, 0, 
0, 0.99245, 0.9906, 0.99058, 0.99057, 0.98855, 0.98867, 0.99057, 
0.99278, 0.99161, 0.99206, 0.99102, 0.98961, 0.99058, 0.98821, 
0.98838, 0.98788, 0.98742, 0.98819, 0.99111, 0.99005, 0.99057, 
0.9896, 0.1151, 0.2232, 0.2028, 0.2733, 0.2661, 0.3221, 0.2264, 
0.2409, 0.4301, 0.281, 0.2975, 93.5, 214.3, 173.4, 223.1, 201.8, 
236.9, 133.4, 133.1, 266.9, 151.5, 149.7, 967, 780, 202, 405, 
208, 1142, 538, 39, 396, 550, 159, 276, 110, 537, 651, 705, 143, 
130, 441, 205, 238, 622, 100, 100, 100, 100, 100, 100, 100, 100, 
100, 100, 100, 2500, 2500, 2500, 2500, 2500, 2500, 2500, 2500, 
2500, 2500, 2500, 10401.894, 13457.526, 12294.425, 14833.7, 16121.268, 
15659.078, 13199.529, 13349.007, 17557.765, 14926.223, 15718.551, 
5.3541, 4.36412, 2.03198, 2.34394, 0.67676, 2.64652, 4.68896, 
5.11157, 0.7989, 6.33094, 5.13932, -8.29521, -4.63513, -5.59472, 
-4.92148, -5.07532, -5.83021, -6.35797, -6.81753, -4.846, -8.90805, 
-7.18073, 0, 0, 0, 0, 0, 0, 0, 0, 0, 0, 0, 0, 0, 0, 0, 0, 0, 
0, 0, 0, 0, 0, 0.99151, 0.98974, 0.99058, 0.98984, 0.98855, 0.98805, 
0.99056, 0.99278, 0.99161, 0.99157, 0.99102, 0.98961, 0.99058, 
0.98821, 0.98838, 0.98788, 0.98553, 0.98995, 0.99111, 0.99005, 
0.99008, 0.98913, 0.1157, 0.2299, 0.2044, 0.2624, 0.2891, 0.252, 
0.2377, 0.2363, 0.4081, 0.2404, 0.2909, 94.3, 222.4, 173.4, 217, 
222.6, 181.8, 154.4, 142, 267.7, 114.4, 144.8, 1968, 264, 2101, 
28, 568, 323, 770, 1781, 2384, 431, 16, 1, 32, 1, 3, 3, 10, 3, 
1, 3, 4, 15, 100, 100, 100, 100, 100, 100, 100, 100, 100, 100, 
100, 2500, 2500, 2500, 2500, 2500, 2500, 2500, 2500, 2500, 2500, 
2500, 16091.6, 17732.629, 19695.857, 21635.757, 23821.932, 25826.821, 
28274.687, 30684.709, 32423.718, 35138.429, 37895.484, 1, 1, 
1, 1, 1, 1, 1, 1, 1, 1, 1, 0.02857, 0.02857, 0.02857, 0.02857, 
0.02857, 0.02857, 0.02857, 0.02857, 0.02857, 0.02857, 0.02857, 
0, 0, 0, 0, 0, 0, 0, 0, 0, 0, 0, 0, 0, 0, 0, 0, 0, 0, 0, 0, 0, 
0, 0.98677, 0.98973, 0.98979, 0.9891, 0.98788, 0.98741, 0.98818, 
0.98944, 0.98743, 0.98808, 0.98818, 0.98677, 0.98973, 0.98978, 
0.98764, 0.98721, 0.98742, 0.98818, 0.98833, 0.98847, 0.98808, 
0.98818, 0.1769, 0.2029, 0.2266, 0.2481, 0.2764, 0.3092, 0.3267, 
0.3489, 0.3682, 0.4296, 0.4356, 180.2, 188.1, 197.1, 202, 217.3, 
225.9, 233.1, 235.4, 237.5, 246.3, 252.7, 1, 1, 1, 1, 1, 1, 1, 
1, 1, 1, 1, 1, 1, 1, 1, 1, 1, 1, 1, 1, 1, 1, 1, 1, 1, 1, 1, 1, 
1, 1, 1, 1, 1, 1, 1, 1, 1, 1, 1, 1, 1, 1, 1, 1, 4.579, 4.798, 
4.902, 5.237, 5.384, 5.807, 5.806, 6.043, 6.241, 7.174, 6.981
), .Dim = c(11L, 40L), .Dimnames = list(NULL, c("Sampling", "PSO.cost", 
"PSO.gamma", "PSO.data.balancing", "PSO.feature.selection", "PSO.valid.acc", 
"PSO.test.acc", "PSO.train.time", "PSO.n.support.vectors", "PSO.index", 
"PSO.n.solutions", "PSO.generations", "PSO.n.evaluations", "PSO.cpu.time", 
"RS.cost", "RS.gamma", "RS.data.balancing", "RS.feature.selection", 
"RS.valid.acc", "RS.test.acc", "RS.train.time", "RS.n.support.vectors", 
"RS.index", "RS.n.solutions", "RS.generations", "RS.n.evaluations", 
"RS.cpu.time", "DF.cost", "DF.gamma", "DF.data.balancing", "DF.feature.selection", 
"DF.valid.acc", "DF.test.acc", "DF.train.time", "DF.n.support.vectors", 
"DF.index", "DF.n.solutions", "DF.generations", "DF.n.evaluations", 
"DF.cpu.time")))
