full <-
structure(c(50, 55, 60, 65, 70, 75, 80, 85, 90, 95, 100, 8.88483, 
8.40865, 0.63247, 5.57252, 9.46486, 2.29435, 2.63575, 7.03171, 
4.82474, 8.12372, 7.48019, -11.10356, -9.21968, -4.753, -8.18941, 
-10.25586, -5.5925, -7.24942, -9.57945, -8.37628, -9.74028, -10.72136, 
0, 0, 0, 0, 0, 0, 0, 0, 0, 0, 0, 0, 0, 0, 0, 0, 0, 0, 0, 0, 0, 
0, 0.99248, 0.99226, 0.99371, 0.99129, 0.99324, 0.99245, 0.99117, 
0.99167, 0.9916, 0.99254, 0.99148, 0.99059, 0.98968, 0.99214, 
0.9891, 0.99189, 0.99182, 0.98938, 0.99001, 0.99212, 0.98956, 
0.98912, 0.1221, 0.1364, 0.2425, 0.1574, 0.1693, 0.2517, 0.2135, 
0.2109, 0.2304, 0.2508, 0.2654, 72.4, 88.2, 221.1, 103.4, 86.1, 
179.8, 130.5, 98.6, 117.2, 101.2, 106.6, 105, 206, 255, 73, 490, 
912, 142, 113, 49, 145, 232, 52, 100, 766, 831, 197, 263, 355, 
514, 1442, 380, 627, 100, 100, 100, 100, 100, 100, 100, 100, 
100, 100, 100, 2500, 2500, 2500, 2500, 2500, 2500, 2500, 2500, 
2500, 2500, 2500, 10984.367, 10454.076, 13066.393, 10935.138, 
11249.32, 12620.175, 12563.158, 11969.707, 13118.177, 14882.778, 
17174.242, 6.24601, 8.44436, 0.69119, 6.1245, 8.34121, 2.05569, 
4.02794, 6.02411, 3.28064, 7.98935, 6.95557, -9.24817, -8.20483, 
-5.00117, -8.29066, -9.34686, -5.32449, -6.65071, -8.99801, -5.44341, 
-9.75996, -10.44896, 0, 0, 0, 0, 0, 0, 0, 0, 0, 0, 0, 0, 0, 0, 
0, 0, 0, 0, 0, 0, 0, 0, 0.99341, 0.99141, 0.99371, 0.99129, 0.99257, 
0.99245, 0.99117, 0.99167, 0.9916, 0.99254, 0.99148, 0.99246, 
0.98711, 0.99293, 0.98837, 0.99122, 0.99182, 0.99175, 0.99001, 
0.99003, 0.98956, 0.98912, 0.1127, 0.1325, 0.2217, 0.1605, 0.1731, 
0.266, 0.2256, 0.2137, 0.3287, 0.2444, 0.2934, 83.3, 98.5, 201.6, 
102.7, 92.3, 195.8, 141.1, 105.7, 204.7, 102, 108.6, 544, 157, 
950, 511, 162, 120, 287, 2038, 2419, 73, 477, 1, 8, 3, 3, 2, 
14, 6, 1, 3, 11, 5, 100, 100, 100, 100, 100, 100, 100, 100, 100, 
100, 100, 2500, 2500, 2500, 2500, 2500, 2500, 2500, 2500, 2500, 
2500, 2500, 16096.887, 17824.203, 19347.142, 20916.317, 23028.842, 
25168.875, 27701.633, 29019.787, 31924.27, 35616.493, 38868.872, 
1, 1, 1, 1, 1, 1, 1, 1, 1, 1, 1, 0.02857, 0.02857, 0.02857, 0.02857, 
0.02857, 0.02857, 0.02857, 0.02857, 0.02857, 0.02857, 0.02857, 
0, 0, 0, 0, 0, 0, 0, 0, 0, 0, 0, 0, 0, 0, 0, 0, 0, 0, 0, 0, 0, 
0, 0.98865, 0.98797, 0.98899, 0.98835, 0.99054, 0.98929, 0.98939, 
0.98945, 0.98951, 0.99006, 0.98771, 0.98863, 0.98625, 0.98978, 
0.98762, 0.99054, 0.98929, 0.98997, 0.98945, 0.99107, 0.98956, 
0.98772, 0.174, 0.1982, 0.2151, 0.2347, 0.2646, 0.2862, 0.3053, 
0.3344, 0.3697, 0.4144, 0.4297, 178.8, 187.4, 194.4, 200.3, 208.8, 
212.5, 217.7, 227.6, 234.8, 242.8, 249.9, 1, 1, 1, 1, 1, 1, 1, 
1, 1, 1, 1, 1, 1, 1, 1, 1, 1, 1, 1, 1, 1, 1, 1, 1, 1, 1, 1, 1, 
1, 1, 1, 1, 1, 1, 1, 1, 1, 1, 1, 1, 1, 1, 1, 1, 4.579, 4.631, 
4.839, 4.981, 5.395, 5.434, 5.521, 5.906, 7.01, 7.377, 7.546), .Dim = c(11L, 
40L), .Dimnames = list(NULL, c("Sampling", "PSO.cost", "PSO.gamma", 
"PSO.data.balancing", "PSO.feature.selection", "PSO.valid.acc", 
"PSO.test.acc", "PSO.train.time", "PSO.n.support.vectors", "PSO.index", 
"PSO.n.solutions", "PSO.generations", "PSO.n.evaluations", "PSO.cpu.time", 
"RS.cost", "RS.gamma", "RS.data.balancing", "RS.feature.selection", 
"RS.valid.acc", "RS.test.acc", "RS.train.time", "RS.n.support.vectors", 
"RS.index", "RS.n.solutions", "RS.generations", "RS.n.evaluations", 
"RS.cpu.time", "DF.cost", "DF.gamma", "DF.data.balancing", "DF.feature.selection", 
"DF.valid.acc", "DF.test.acc", "DF.train.time", "DF.n.support.vectors", 
"DF.index", "DF.n.solutions", "DF.generations", "DF.n.evaluations", 
"DF.cpu.time")))
