full <-
structure(c(50, 55, 60, 65, 70, 75, 80, 85, 90, 95, 100, 8.20851, 
1.00959, 4.65607, 1.49597, 0.47158, 2.08528, 12.4657, 7.68744, 
5.9469, 6.11686, 9.54125, -11.00553, -4.72683, -7.55058, -4.5654, 
-4.65519, -5.50738, -15, -8.27963, -8.99293, -8.85653, -4.5478, 
0, 0, 0, 0, 0, 0, 0, 0, 0, 0, 0, 0, 0, 0, 0, 0, 0, 0, 0, 0, 0, 
0, 0.98768, 0.98791, 0.98976, 0.99054, 0.98989, 0.99055, 0.98997, 
0.99166, 0.99054, 0.99155, 0.99149, 0.98578, 0.98531, 0.98898, 
0.99054, 0.99056, 0.98929, 0.98819, 0.98944, 0.98844, 0.99006, 
0.99008, 0.1168, 0.2173, 0.1408, 0.2894, 0.3151, 0.2644, 0.1955, 
0.2142, 0.2294, 0.2486, 0.5061, 78.6, 218.5, 108.9, 259.1, 265.3, 
199, 84.1, 110.5, 113.5, 114.3, 309.4, 303, 649, 155, 587, 311, 
1138, 385, 481, 434, 209, 37, 140, 198, 870, 472, 740, 126, 173, 
61, 255, 227, 1106, 100, 100, 100, 100, 100, 100, 100, 100, 100, 
100, 100, 2500, 2500, 2500, 2500, 2500, 2500, 2500, 2500, 2500, 
2500, 2500, 10563.055, 13229.876, 10645.007, 14765.675, 16088.311, 
15991.615, 11794.922, 17550.537, 12860.491, 19621.958, 22770.378, 
11.73446, 1.51896, 4.63548, 1.25207, 1.4428, 1.37455, 11.88106, 
4.22527, 8.15842, 6.15775, 6.26437, -14.46446, -4.54613, -7.38903, 
-4.42738, -4.53632, -4.51322, -14.44127, -5.09585, -9.52552, 
-8.74344, -7.18251, 0, 0, 0, 0, 0, 0, 0, 0, 0, 0, 0, 0, 0, 0, 
0, 0, 0, 0, 0, 0, 0, 0, 0.98674, 0.98705, 0.98976, 0.99054, 0.98921, 
0.99055, 0.98997, 0.99111, 0.99002, 0.99155, 0.9915, 0.98389, 
0.98444, 0.98976, 0.99054, 0.98921, 0.98992, 0.98819, 0.98945, 
0.98948, 0.99006, 0.99008, 0.1128, 0.2326, 0.1464, 0.3085, 0.3253, 
0.3555, 0.1872, 0.3395, 0.2226, 0.2494, 0.273, 74.7, 236, 112.3, 
275.9, 278.6, 283, 84.5, 238.2, 101.6, 115.2, 136.6, 1121, 509, 
580, 451, 104, 482, 2084, 115, 412, 569, 802, 3, 9, 6, 1, 18, 
5, 1, 29, 14, 3, 1, 100, 100, 100, 100, 100, 100, 100, 100, 100, 
100, 100, 2500, 2500, 2500, 2500, 2500, 2500, 2500, 2500, 2500, 
2500, 2500, 15532.048, 17444.805, 19017.068, 20786.566, 22075.542, 
24676.281, 26638.343, 28622.073, 32444.477, 36062.683, 36953.989, 
1, 1, 1, 1, 1, 1, 1, 1, 1, 1, 1, 0.02857, 0.02857, 0.02857, 0.02857, 
0.02857, 0.02857, 0.02857, 0.02857, 0.02857, 0.02857, 0.02857, 
0, 0, 0, 0, 0, 0, 0, 0, 0, 0, 0, 0, 0, 0, 0, 0, 0, 0, 0, 0, 0, 
0, 0.98296, 0.98444, 0.9874, 0.98546, 0.98854, 0.98866, 0.98878, 
0.98833, 0.98686, 0.98856, 0.98865, 0.98389, 0.9853, 0.98898, 
0.98619, 0.98921, 0.98866, 0.98701, 0.98833, 0.98845, 0.98757, 
0.98959, 0.1749, 0.194, 0.2178, 0.2397, 0.2725, 0.2988, 0.3151, 
0.3486, 0.3699, 0.4084, 0.4213, 185.3, 192.1, 202.3, 209.5, 222, 
224.4, 230.4, 236.3, 240.4, 246.5, 253.3, 1, 1, 1, 1, 1, 1, 1, 
1, 1, 1, 1, 1, 1, 1, 1, 1, 1, 1, 1, 1, 1, 1, 1, 1, 1, 1, 1, 1, 
1, 1, 1, 1, 1, 1, 1, 1, 1, 1, 1, 1, 1, 1, 1, 1, 4.524, 4.584, 
4.839, 5.111, 5.403, 5.614, 5.878, 6.152, 7.131, 7.26, 7.548), .Dim = c(11L, 
40L), .Dimnames = list(NULL, c("Sampling", "PSO.cost", "PSO.gamma", 
"PSO.data.balancing", "PSO.feature.selection", "PSO.valid.acc", 
"PSO.test.acc", "PSO.train.time", "PSO.n.support.vectors", "PSO.index", 
"PSO.n.solutions", "PSO.generations", "PSO.n.evaluations", "PSO.cpu.time", 
"RS.cost", "RS.gamma", "RS.data.balancing", "RS.feature.selection", 
"RS.valid.acc", "RS.test.acc", "RS.train.time", "RS.n.support.vectors", 
"RS.index", "RS.n.solutions", "RS.generations", "RS.n.evaluations", 
"RS.cpu.time", "DF.cost", "DF.gamma", "DF.data.balancing", "DF.feature.selection", 
"DF.valid.acc", "DF.test.acc", "DF.train.time", "DF.n.support.vectors", 
"DF.index", "DF.n.solutions", "DF.generations", "DF.n.evaluations", 
"DF.cpu.time")))
