full <-
structure(c(50, 55, 60, 65, 70, 75, 80, 85, 90, 95, 100, 6.96675, 
11.06844, 2.43492, 5.39001, 1.21883, 6.23725, 5.4272, 6.43763, 
7.5315, 6.14817, 2.69163, -9.50248, -13.01282, -5.56506, -7.59253, 
-5.66819, -9.74425, -7.84525, -9.1254, -11.56398, -8.91837, -4.54127, 
0, 0, 0, 0, 0, 0, 0, 0, 0, 0, 0, 0, 0, 0, 0, 0, 0, 0, 0, 0, 0, 
0, 0.99054, 0.98971, 0.99056, 0.992, 0.99256, 0.99307, 0.99231, 
0.99167, 0.99161, 0.99205, 0.99103, 0.98677, 0.98456, 0.98978, 
0.99054, 0.99188, 0.99118, 0.99232, 0.99056, 0.99161, 0.99106, 
0.99151, 0.1076, 0.1169, 0.1953, 0.1555, 0.2294, 0.1748, 0.2081, 
0.206, 0.2237, 0.2513, 0.563, 78.3, 67.5, 162.7, 105, 169.9, 
91.4, 113.6, 101.1, 99.5, 114, 315.6, 607, 2465, 533, 419, 125, 
668, 184, 220, 162, 702, 601, 59, 1, 700, 612, 726, 67, 1075, 
362, 388, 81, 189, 100, 100, 100, 100, 100, 100, 100, 100, 100, 
100, 100, 2500, 2500, 2500, 2500, 2500, 2500, 2500, 2500, 2500, 
2500, 2500, 9239.863, 12604.914, 12113.701, 10626.022, 12832.992, 
12133.479, 13848.632, 13887.566, 14336.27, 15723.02, 21944.321, 
7.20563, 10.489, 3.2705, 5.09233, 1.39969, 6.04182, 5.66488, 
5.14755, 9.38633, 5.90033, 3.0181, -9.64776, -12.60003, -5.36594, 
-7.14922, -5.63633, -9.50885, -7.79346, -9.09029, -13.18326, 
-8.7595, -4.56469, 0, 0, 0, 0, 0, 0, 0, 0, 0, 0, 0, 0, 0, 0, 
0, 0, 0, 0, 0, 0, 0, 0, 0.99054, 0.98971, 0.99056, 0.99128, 0.99256, 
0.99244, 0.99231, 0.99167, 0.99161, 0.99155, 0.99056, 0.98582, 
0.98628, 0.98978, 0.99054, 0.99188, 0.99118, 0.99232, 0.99001, 
0.99161, 0.99106, 0.99151, 0.1085, 0.1208, 0.1967, 0.1571, 0.2288, 
0.1797, 0.1964, 0.2063, 0.2194, 0.2537, 0.5541, 77.3, 68.2, 172.3, 
110.7, 170.4, 93, 112, 106.2, 94.2, 116.4, 311.7, 2256, 1150, 
963, 87, 104, 1666, 1412, 515, 548, 191, 1486, 1, 1, 1, 2, 4, 
5, 4, 2, 3, 1, 2, 100, 100, 100, 100, 100, 100, 100, 100, 100, 
100, 100, 2500, 2500, 2500, 2500, 2500, 2500, 2500, 2500, 2500, 
2500, 2500, 15350.141, 18318.435, 19296.183, 21060.233, 23004.106, 
26818.159, 29553.449, 32019.612, 34758.638, 38242.615, 41926.283, 
1, 1, 1, 1, 1, 1, 1, 1, 1, 1, 1, 0.02857, 0.02857, 0.02857, 0.02857, 
0.02857, 0.02857, 0.02857, 0.02857, 0.02857, 0.02857, 0.02857, 
0, 0, 0, 0, 0, 0, 0, 0, 0, 0, 0, 0, 0, 0, 0, 0, 0, 0, 0, 0, 0, 
0, 0.98676, 0.98799, 0.98662, 0.98765, 0.99054, 0.99056, 0.98877, 
0.98779, 0.98952, 0.98908, 0.9882, 0.9877, 0.98885, 0.98584, 
0.98909, 0.98918, 0.98866, 0.98699, 0.98779, 0.98952, 0.98957, 
0.98867, 0.1669, 0.2096, 0.2109, 0.239, 0.2736, 0.3022, 0.3268, 
0.3437, 0.3927, 0.4234, 0.4567, 176.7, 188.7, 189.7, 194.1, 202.3, 
211.1, 220.9, 226.8, 236.3, 241.1, 250.2, 1, 1, 1, 1, 1, 1, 1, 
1, 1, 1, 1, 1, 1, 1, 1, 1, 1, 1, 1, 1, 1, 1, 1, 1, 1, 1, 1, 1, 
1, 1, 1, 1, 1, 1, 1, 1, 1, 1, 1, 1, 1, 1, 1, 1, 4.067, 5.587, 
4.488, 4.934, 5.424, 6.536, 6.622, 6.647, 7.503, 7.775, 8.193
), .Dim = c(11L, 40L), .Dimnames = list(NULL, c("Sampling", "PSO.cost", 
"PSO.gamma", "PSO.data.balancing", "PSO.feature.selection", "PSO.valid.acc", 
"PSO.test.acc", "PSO.train.time", "PSO.n.support.vectors", "PSO.index", 
"PSO.n.solutions", "PSO.generations", "PSO.n.evaluations", "PSO.cpu.time", 
"RS.cost", "RS.gamma", "RS.data.balancing", "RS.feature.selection", 
"RS.valid.acc", "RS.test.acc", "RS.train.time", "RS.n.support.vectors", 
"RS.index", "RS.n.solutions", "RS.generations", "RS.n.evaluations", 
"RS.cpu.time", "DF.cost", "DF.gamma", "DF.data.balancing", "DF.feature.selection", 
"DF.valid.acc", "DF.test.acc", "DF.train.time", "DF.n.support.vectors", 
"DF.index", "DF.n.solutions", "DF.generations", "DF.n.evaluations", 
"DF.cpu.time")))
