full <-
structure(c(50, 55, 60, 65, 70, 75, 80, 85, 90, 95, 100, 3.50278, 
10.00792, 10.17921, 2.66634, 6.14353, 9.57235, 6.08071, 4.67073, 
6.58597, 5.17754, 5.25102, -10.67445, -14.13436, -15, -5.13018, 
-9.18798, -4.7154, -8.21477, -7.56002, -8.5995, -8.64224, -8.29743, 
0, 0, 0, 0, 0, 0, 0, 0, 0, 0, 0, 0, 0, 0, 0, 0, 0, 0, 0, 0, 0, 
0, 0.98584, 0.98622, 0.98661, 0.98909, 0.99124, 0.99245, 0.99114, 
0.99168, 0.99319, 0.99106, 0.99244, 0.98584, 0.98536, 0.98739, 
0.98765, 0.99057, 0.98993, 0.99114, 0.98833, 0.99004, 0.99006, 
0.99103, 0.1385, 0.1362, 0.1512, 0.2518, 0.1708, 0.3401, 0.2045, 
0.2228, 0.2393, 0.2542, 0.279, 110.5, 79.2, 86.2, 206.6, 95.3, 
251.6, 106.5, 124.7, 111, 121.9, 126.6, 12, 108, 136, 919, 19, 
156, 42, 317, 701, 6, 162, 1570, 593, 278, 498, 545, 837, 199, 
396, 259, 648, 353, 100, 100, 100, 100, 100, 100, 100, 100, 100, 
100, 100, 2500, 2500, 2500, 2500, 2500, 2500, 2500, 2500, 2500, 
2500, 2500, 11158.422, 10285.158, 10801.8, 13975.876, 11766.993, 
16576.758, 13986.227, 13271.748, 13611.681, 13318.844, 14558.261, 
4.37684, 10.3142, 9.31723, 0.23994, 6.21237, 3.783, 5.73394, 
5.03806, 6.63309, 5.5849, 6.94779, -11.68768, -14.43577, -14.25245, 
-5.10809, -9.95235, -4.71651, -7.97921, -7.6574, -8.61408, -8.904, 
-7.62098, 0, 0, 0, 0, 0, 0, 0, 0, 0, 0, 0, 0, 0, 0, 0, 0, 0, 
0, 0, 0, 0, 0, 0.98584, 0.98622, 0.98661, 0.98837, 0.99124, 0.99245, 
0.99114, 0.99112, 0.99319, 0.99106, 0.99197, 0.98584, 0.98536, 
0.98739, 0.98691, 0.98989, 0.98993, 0.99055, 0.98889, 0.99056, 
0.98956, 0.9915, 0.1444, 0.1354, 0.1493, 0.2628, 0.1657, 0.3457, 
0.2028, 0.2251, 0.236, 0.2519, 0.2857, 112.7, 79.1, 85.7, 209.2, 
92.6, 251.5, 111, 120.9, 110.4, 117.6, 126.6, 1, 52, 1877, 403, 
2, 289, 852, 1581, 1012, 684, 144, 264, 10, 1, 5, 15, 11, 2, 
3, 1, 3, 25, 100, 100, 100, 100, 100, 100, 100, 100, 100, 100, 
100, 2500, 2500, 2500, 2500, 2500, 2500, 2500, 2500, 2500, 2500, 
2500, 16369.924, 18458.503, 19700.199, 22069.972, 24509.594, 
26351.457, 28268.935, 30218.131, 33830.576, 35952.919, 39278.399, 
1, 1, 1, 1, 1, 1, 1, 1, 1, 1, 1, 0.02857, 0.02857, 0.02857, 0.02857, 
0.02857, 0.02857, 0.02857, 0.02857, 0.02857, 0.02857, 0.02857, 
0, 0, 0, 0, 0, 0, 0, 0, 0, 0, 0, 0, 0, 0, 0, 0, 0, 0, 0, 0, 0, 
0, 0.98301, 0.9819, 0.98503, 0.98619, 0.98921, 0.9893, 0.98937, 
0.98889, 0.989, 0.98855, 0.98818, 0.98395, 0.98104, 0.98582, 
0.98691, 0.98922, 0.98993, 0.98937, 0.98944, 0.98952, 0.98806, 
0.98724, 0.1827, 0.2166, 0.2312, 0.2573, 0.2887, 0.3032, 0.3305, 
0.3621, 0.3815, 0.4223, 0.455, 182.1, 194.7, 204.4, 208.4, 215.8, 
218.4, 229.2, 234.1, 240.1, 250.3, 251.7, 1, 1, 1, 1, 1, 1, 1, 
1, 1, 1, 1, 1, 1, 1, 1, 1, 1, 1, 1, 1, 1, 1, 1, 1, 1, 1, 1, 1, 
1, 1, 1, 1, 1, 1, 1, 1, 1, 1, 1, 1, 1, 1, 1, 1, 4.601, 4.964, 
4.878, 5.371, 5.673, 5.658, 5.89, 6.2, 6.359, 6.788, 7.259), .Dim = c(11L, 
40L), .Dimnames = list(NULL, c("Sampling", "PSO.cost", "PSO.gamma", 
"PSO.data.balancing", "PSO.feature.selection", "PSO.valid.acc", 
"PSO.test.acc", "PSO.train.time", "PSO.n.support.vectors", "PSO.index", 
"PSO.n.solutions", "PSO.generations", "PSO.n.evaluations", "PSO.cpu.time", 
"RS.cost", "RS.gamma", "RS.data.balancing", "RS.feature.selection", 
"RS.valid.acc", "RS.test.acc", "RS.train.time", "RS.n.support.vectors", 
"RS.index", "RS.n.solutions", "RS.generations", "RS.n.evaluations", 
"RS.cpu.time", "DF.cost", "DF.gamma", "DF.data.balancing", "DF.feature.selection", 
"DF.valid.acc", "DF.test.acc", "DF.train.time", "DF.n.support.vectors", 
"DF.index", "DF.n.solutions", "DF.generations", "DF.n.evaluations", 
"DF.cpu.time")))
