full <-
structure(c(50, 55, 60, 65, 70, 75, 80, 85, 90, 95, 100, 1.3068, 
4.28195, 2.85759, 5.27906, 5.64619, 3.93952, 1.88067, 5.91009, 
6.00225, 5.94681, 5.22647, -5.31782, -7.44468, -7.2215, -7.80389, 
-8.11886, -4.87759, -4.72416, -8.32797, -7.08408, -8.20446, -8.93668, 
0, 0, 0, 0, 0, 0, 0, 0, 0, 0, 0, 0, 0, 0, 0, 0, 0, 0, 0, 0, 0, 
0, 0.99151, 0.99313, 0.98974, 0.99129, 0.99055, 0.99118, 0.98935, 
0.99165, 0.99109, 0.99155, 0.99245, 0.99057, 0.99142, 0.98737, 
0.98984, 0.98852, 0.98992, 0.98935, 0.98832, 0.98846, 0.99006, 
0.99198, 0.1688, 0.1398, 0.1577, 0.1557, 0.1671, 0.3194, 0.3689, 
0.2241, 0.2532, 0.2595, 0.2659, 171.6, 110.7, 125.1, 108.3, 102.8, 
237.8, 257.5, 111.3, 127.5, 119, 125.3, 815, 204, 271, 13, 1523, 
330, 482, 660, 70, 490, 109, 338, 458, 792, 896, 14, 999, 469, 
189, 411, 469, 812, 100, 100, 100, 100, 100, 100, 100, 100, 100, 
100, 100, 2500, 2500, 2500, 2500, 2500, 2500, 2500, 2500, 2500, 
2500, 2500, 11516.963, 10650.87, 11604.246, 11273.343, 12197.888, 
15535.38, 18102.908, 15894.076, 15892.535, 16388.655, 13822.513, 
1.51142, 4.18206, 2.59815, 4.99447, 5.26294, 8.17572, 1.85903, 
5.65239, 6.16564, 6.17699, 4.03709, -5.15788, -7.35088, -7.161, 
-7.62378, -7.33501, -4.89747, -4.6778, -8.65616, -7.18084, -8.19517, 
-8.24702, 0, 0, 0, 0, 0, 0, 0, 0, 0, 0, 0, 0, 0, 0, 0, 0, 0, 
0, 0, 0, 0, 0, 0.99057, 0.99313, 0.98974, 0.99129, 0.98988, 0.99118, 
0.98935, 0.9911, 0.99109, 0.99105, 0.99245, 0.98961, 0.99142, 
0.98737, 0.99056, 0.98919, 0.98992, 0.98994, 0.98943, 0.98846, 
0.98956, 0.99056, 0.1776, 0.1417, 0.1571, 0.1585, 0.1793, 0.3172, 
0.375, 0.219, 0.2493, 0.2608, 0.2757, 179.8, 113.7, 126.6, 110.8, 
116.7, 235.9, 262.5, 108.9, 125.6, 117.8, 134.8, 4, 495, 1569, 
393, 2478, 523, 595, 1272, 844, 251, 762, 2, 1, 1, 14, 1, 5, 
1, 1, 5, 7, 2, 100, 100, 100, 100, 100, 100, 100, 100, 100, 100, 
100, 2500, 2500, 2500, 2500, 2500, 2500, 2500, 2500, 2500, 2500, 
2500, 16395.148, 17651.595, 19099.316, 21812.12, 23890.946, 26091.547, 
28298.929, 32597.601, 36294.026, 38524.434, 37664.633, 1, 1, 
1, 1, 1, 1, 1, 1, 1, 1, 1, 0.02857, 0.02857, 0.02857, 0.02857, 
0.02857, 0.02857, 0.02857, 0.02857, 0.02857, 0.02857, 0.02857, 
0, 0, 0, 0, 0, 0, 0, 0, 0, 0, 0, 0, 0, 0, 0, 0, 0, 0, 0, 0, 0, 
0, 0.9868, 0.98711, 0.98578, 0.98694, 0.98649, 0.98551, 0.987, 
0.98832, 0.98899, 0.98808, 0.98914, 0.98585, 0.98798, 0.9858, 
0.98694, 0.98717, 0.98676, 0.98994, 0.98776, 0.98951, 0.98808, 
0.98962, 0.1758, 0.1981, 0.2201, 0.2456, 0.2756, 0.2961, 0.3266, 
0.3648, 0.3939, 0.4224, 0.4326, 176.5, 187.3, 194.7, 202.5, 208.7, 
215.7, 224.3, 232.4, 238.8, 243.6, 250.2, 1, 1, 1, 1, 1, 1, 1, 
1, 1, 1, 1, 1, 1, 1, 1, 1, 1, 1, 1, 1, 1, 1, 1, 1, 1, 1, 1, 1, 
1, 1, 1, 1, 1, 1, 1, 1, 1, 1, 1, 1, 1, 1, 1, 1, 4.534, 4.747, 
4.972, 5.245, 5.453, 5.623, 5.925, 7.241, 7.553, 7.833, 6.865
), .Dim = c(11L, 40L), .Dimnames = list(NULL, c("Sampling", "PSO.cost", 
"PSO.gamma", "PSO.data.balancing", "PSO.feature.selection", "PSO.valid.acc", 
"PSO.test.acc", "PSO.train.time", "PSO.n.support.vectors", "PSO.index", 
"PSO.n.solutions", "PSO.generations", "PSO.n.evaluations", "PSO.cpu.time", 
"RS.cost", "RS.gamma", "RS.data.balancing", "RS.feature.selection", 
"RS.valid.acc", "RS.test.acc", "RS.train.time", "RS.n.support.vectors", 
"RS.index", "RS.n.solutions", "RS.generations", "RS.n.evaluations", 
"RS.cpu.time", "DF.cost", "DF.gamma", "DF.data.balancing", "DF.feature.selection", 
"DF.valid.acc", "DF.test.acc", "DF.train.time", "DF.n.support.vectors", 
"DF.index", "DF.n.solutions", "DF.generations", "DF.n.evaluations", 
"DF.cpu.time")))
