full <-
structure(c(50, 55, 60, 65, 70, 75, 80, 85, 90, 95, 100, 9.04059, 
4.15799, 0.94378, 3.19015, 7.67249, 4.36902, 8.40399, 4.68437, 
6.29751, 6.72379, 8.25354, -13.73814, -6.49211, -5.61272, -7.00946, 
-8.9637, -7.27369, -6.4322, -7.89186, -7.61528, -8.03617, -9.40021, 
0, 0, 0, 0, 0, 0, 0, 0, 0, 0, 0, 0, 0, 0, 0, 0, 0, 0, 0, 0, 0, 
0, 0.99437, 0.99313, 0.99449, 0.99564, 0.99459, 0.99372, 0.99528, 
0.995, 0.99267, 0.99256, 0.99196, 0.99245, 0.99227, 0.99449, 
0.99346, 0.9919, 0.99309, 0.99468, 0.99223, 0.99161, 0.99156, 
0.99102, 0.1098, 0.1358, 0.1827, 0.1496, 0.1502, 0.1869, 0.2115, 
0.209, 0.2229, 0.2432, 0.2652, 64.9, 115.2, 158.1, 113.9, 84.7, 
119.4, 137.6, 117.3, 120, 116.2, 107.3, 106, 100, 611, 564, 775, 
465, 7, 23, 328, 239, 229, 401, 555, 369, 163, 100, 671, 1651, 
1254, 308, 523, 800, 100, 100, 100, 100, 100, 100, 100, 100, 
100, 100, 100, 2500, 2500, 2500, 2500, 2500, 2500, 2500, 2500, 
2500, 2500, 2500, 10594.032, 11085.83, 11793.649, 12270.306, 
13017.26, 11765.776, 12196.324, 12314.665, 12899.796, 14659.899, 
15628.905, 7.5039, 3.70538, 1.10167, 3.09158, 7.38517, 4.62929, 
10.35527, 6.31683, 6.49772, 6.71498, 7.8521, -12.26841, -6.36157, 
-5.79273, -7.07668, -8.62002, -7.39853, -6.83586, -8.51368, -7.71168, 
-8.01094, -9.05594, 0, 0, 0, 0, 0, 0, 0, 0, 0, 0, 0, 0, 0, 0, 
0, 0, 0, 0, 0, 0, 0, 0, 0.99437, 0.99313, 0.99449, 0.99564, 0.99459, 
0.99372, 0.99528, 0.995, 0.99267, 0.99256, 0.99196, 0.99245, 
0.99227, 0.99449, 0.99346, 0.98988, 0.99309, 0.99468, 0.99444, 
0.99161, 0.99156, 0.9915, 0.1026, 0.1383, 0.1679, 0.1582, 0.1549, 
0.182, 0.1983, 0.2066, 0.2235, 0.2496, 0.2638, 66, 120.3, 147.8, 
112.6, 89.1, 116.2, 126.5, 108.6, 118.2, 117, 112.2, 114, 21, 
211, 1280, 1544, 870, 70, 47, 2252, 637, 428, 24, 62, 3, 2, 1, 
1, 29, 9, 1, 1, 2, 100, 100, 100, 100, 100, 100, 100, 100, 100, 
100, 100, 2500, 2500, 2500, 2500, 2500, 2500, 2500, 2500, 2500, 
2500, 2500, 15652.544, 17094.366, 18793.358, 20674.865, 22810.976, 
24844.329, 26880.675, 29071.911, 31059.63, 35507.714, 38110.28, 
1, 1, 1, 1, 1, 1, 1, 1, 1, 1, 1, 0.02857, 0.02857, 0.02857, 0.02857, 
0.02857, 0.02857, 0.02857, 0.02857, 0.02857, 0.02857, 0.02857, 
0, 0, 0, 0, 0, 0, 0, 0, 0, 0, 0, 0, 0, 0, 0, 0, 0, 0, 0, 0, 0, 
0, 0.99152, 0.99055, 0.99056, 0.99056, 0.99258, 0.99057, 0.99112, 
0.99166, 0.98847, 0.98907, 0.9896, 0.99057, 0.99141, 0.99055, 
0.98983, 0.99055, 0.99184, 0.99171, 0.99055, 0.98951, 0.98957, 
0.98866, 0.165, 0.1923, 0.2097, 0.2364, 0.257, 0.2729, 0.2996, 
0.3251, 0.3695, 0.3995, 0.4376, 170, 181, 186.3, 199.5, 203.4, 
211.6, 213.6, 220.2, 229.9, 243.3, 253.4, 1, 1, 1, 1, 1, 1, 1, 
1, 1, 1, 1, 1, 1, 1, 1, 1, 1, 1, 1, 1, 1, 1, 1, 1, 1, 1, 1, 1, 
1, 1, 1, 1, 1, 1, 1, 1, 1, 1, 1, 1, 1, 1, 1, 1, 4.407, 4.635, 
4.718, 5.015, 5.273, 5.301, 5.542, 5.845, 6.924, 7.18, 7.573), .Dim = c(11L, 
40L), .Dimnames = list(NULL, c("Sampling", "PSO.cost", "PSO.gamma", 
"PSO.data.balancing", "PSO.feature.selection", "PSO.valid.acc", 
"PSO.test.acc", "PSO.train.time", "PSO.n.support.vectors", "PSO.index", 
"PSO.n.solutions", "PSO.generations", "PSO.n.evaluations", "PSO.cpu.time", 
"RS.cost", "RS.gamma", "RS.data.balancing", "RS.feature.selection", 
"RS.valid.acc", "RS.test.acc", "RS.train.time", "RS.n.support.vectors", 
"RS.index", "RS.n.solutions", "RS.generations", "RS.n.evaluations", 
"RS.cpu.time", "DF.cost", "DF.gamma", "DF.data.balancing", "DF.feature.selection", 
"DF.valid.acc", "DF.test.acc", "DF.train.time", "DF.n.support.vectors", 
"DF.index", "DF.n.solutions", "DF.generations", "DF.n.evaluations", 
"DF.cpu.time")))
