full <-
structure(c(50, 55, 60, 65, 70, 75, 80, 85, 90, 95, 100, 7.66383, 
3.30347, 4.11247, 6.224, 12.02413, 4.74967, 1.38166, 1.44263, 
5.16168, 7.74422, 9.78723, -11.06091, -5.93817, -7.4861, -8.59708, 
-9.87352, -7.35462, -4.49297, -4.9336, -8.18001, -8.88588, -9.358, 
0, 0, 0, 0, 0, 0, 0, 0, 0, 0, 0, 0, 0, 0, 0, 0, 0, 0, 0, 0, 0, 
0, 0.99243, 0.99143, 0.99054, 0.99128, 0.98989, 0.9893, 0.98997, 
0.98999, 0.99108, 0.99055, 0.99197, 0.99055, 0.98884, 0.98974, 
0.9891, 0.98516, 0.98741, 0.98821, 0.98888, 0.99003, 0.99105, 
0.98819, 0.1056, 0.16, 0.1458, 0.1523, 0.1608, 0.1983, 0.4122, 
0.3775, 0.2357, 0.2461, 0.2532, 71.6, 143.9, 109.3, 100.3, 81, 
124.3, 295, 250.7, 123.1, 112.1, 102.2, 337, 51, 372, 478, 1187, 
1982, 301, 327, 195, 163, 180, 93, 108, 98, 265, 76, 3, 748, 
559, 904, 751, 109, 100, 100, 100, 100, 100, 100, 100, 100, 100, 
100, 100, 2500, 2500, 2500, 2500, 2500, 2500, 2500, 2500, 2500, 
2500, 2500, 9195.491, 10203.854, 11291.162, 10519.447, 13782.468, 
11685.869, 16915.623, 16991.037, 14237.711, 13677.699, 13696.971, 
4.93936, 2.90112, 11.71555, 6.58858, 13.7281, 4.96485, 3.11471, 
1.23973, 5.4094, 7.63612, 7.97913, -8.37648, -5.63606, -13.61134, 
-8.71336, -9.90512, -7.48017, -4.6333, -4.83641, -8.10578, -8.94332, 
-10.10533, 0, 0, 0, 0, 0, 0, 0, 0, 0, 0, 0, 0, 0, 0, 0, 0, 0, 
0, 0, 0, 0, 0, 0.99243, 0.99143, 0.98976, 0.99128, 0.98989, 0.9893, 
0.98997, 0.98999, 0.99108, 0.99055, 0.99197, 0.99054, 0.98883, 
0.98818, 0.9891, 0.98516, 0.98741, 0.98997, 0.98888, 0.99055, 
0.99055, 0.99008, 0.1069, 0.1676, 0.1351, 0.1538, 0.1607, 0.1957, 
0.3873, 0.386, 0.229, 0.241, 0.2533, 86.4, 156.8, 71.2, 98.2, 
80.5, 121.9, 277.6, 258.8, 122.4, 111.8, 104.6, 917, 1295, 77, 
2243, 1588, 288, 664, 1086, 41, 750, 1694, 7, 1, 21, 1, 1, 1, 
10, 3, 9, 1, 1, 100, 100, 100, 100, 100, 100, 100, 100, 100, 
100, 100, 2500, 2500, 2500, 2500, 2500, 2500, 2500, 2500, 2500, 
2500, 2500, 15691.122, 17353.742, 19063.281, 21193.643, 23319.851, 
25614.573, 28020.202, 30408.746, 32817.866, 34528.69, 37496.903, 
1, 1, 1, 1, 1, 1, 1, 1, 1, 1, 1, 0.02857, 0.02857, 0.02857, 0.02857, 
0.02857, 0.02857, 0.02857, 0.02857, 0.02857, 0.02857, 0.02857, 
0, 0, 0, 0, 0, 0, 0, 0, 0, 0, 0, 0, 0, 0, 0, 0, 0, 0, 0, 0, 0, 
0, 0.98773, 0.98885, 0.98817, 0.98618, 0.98582, 0.98804, 0.98643, 
0.98777, 0.98793, 0.98756, 0.98772, 0.98773, 0.98885, 0.98738, 
0.98545, 0.98716, 0.98678, 0.98879, 0.98777, 0.98898, 0.98806, 
0.98772, 0.1659, 0.1923, 0.2168, 0.2528, 0.2778, 0.31, 0.326, 
0.3546, 0.3862, 0.4152, 0.455, 171.4, 180.2, 193.7, 205.7, 216.4, 
226.4, 229.3, 235.4, 241.6, 248.6, 251.3, 1, 1, 1, 1, 1, 1, 1, 
1, 1, 1, 1, 1, 1, 1, 1, 1, 1, 1, 1, 1, 1, 1, 1, 1, 1, 1, 1, 1, 
1, 1, 1, 1, 1, 1, 1, 1, 1, 1, 1, 1, 1, 1, 1, 1, 4.098, 4.448, 
4.816, 5.139, 5.385, 5.734, 5.92, 6.184, 6.754, 6.807, 8.268), .Dim = c(11L, 
40L), .Dimnames = list(NULL, c("Sampling", "PSO.cost", "PSO.gamma", 
"PSO.data.balancing", "PSO.feature.selection", "PSO.valid.acc", 
"PSO.test.acc", "PSO.train.time", "PSO.n.support.vectors", "PSO.index", 
"PSO.n.solutions", "PSO.generations", "PSO.n.evaluations", "PSO.cpu.time", 
"RS.cost", "RS.gamma", "RS.data.balancing", "RS.feature.selection", 
"RS.valid.acc", "RS.test.acc", "RS.train.time", "RS.n.support.vectors", 
"RS.index", "RS.n.solutions", "RS.generations", "RS.n.evaluations", 
"RS.cpu.time", "DF.cost", "DF.gamma", "DF.data.balancing", "DF.feature.selection", 
"DF.valid.acc", "DF.test.acc", "DF.train.time", "DF.n.support.vectors", 
"DF.index", "DF.n.solutions", "DF.generations", "DF.n.evaluations", 
"DF.cpu.time")))
