full <-
structure(c(50, 55, 60, 65, 70, 75, 80, 85, 90, 95, 100, 15, 
3.65217, 6.99671, 4.92316, 10.0688, 8.89474, 6.85866, 9.69853, 
3.85463, 7.25914, 8.59606, -15, -5.24331, -9.37464, -6.41108, 
-5.07242, -12.54296, -11.14653, -10.66877, -6.50996, -7.8735, 
-10.95089, 0, 0, 0, 0, 0, 0, 0, 0, 0, 0, 0, 0, 0, 0, 0, 0, 0, 
0, 0, 0, 0, 0, 0.99339, 0.99228, 0.99213, 0.99563, 0.99259, 0.99182, 
0.99173, 0.99111, 0.99266, 0.99156, 0.99242, 0.9934, 0.99054, 
0.99134, 0.9942, 0.99125, 0.98929, 0.99114, 0.9878, 0.99003, 
0.99006, 0.99195, 0.1205, 0.1879, 0.145, 0.1798, 0.2528, 0.1705, 
0.1858, 0.2112, 0.2699, 0.2475, 0.2616, 60.9, 181.7, 93.8, 140.3, 
210.3, 86.6, 98.2, 92.9, 163.5, 121.3, 101.6, 94, 34, 925, 76, 
74, 1476, 483, 906, 580, 453, 54, 1044, 802, 292, 758, 1635, 
28, 115, 111, 86, 657, 960, 100, 100, 100, 100, 100, 100, 100, 
100, 100, 100, 100, 2500, 2500, 2500, 2500, 2500, 2500, 2500, 
2500, 2500, 2500, 2500, 10738.702, 12784.954, 10677.214, 11624.033, 
13766.517, 13352.705, 15364.348, 12544.144, 14041.28, 15427.724, 
15023.044, 13.56456, 9.53046, 7.54296, 5.07743, 11.79011, 9.26417, 
7.01298, 10.22228, 4.00878, 7.51603, 8.72475, -13.76411, -4.83318, 
-9.36536, -6.7548, -4.86576, -12.84142, -11.26843, -10.75417, 
-6.53595, -7.839, -11.37099, 0, 0, 0, 0, 0, 0, 0, 0, 0, 0, 0, 
0, 0, 0, 0, 0, 0, 0, 0, 0, 0, 0, 0.99339, 0.99228, 0.99213, 0.99563, 
0.99259, 0.99182, 0.99173, 0.99056, 0.99266, 0.99156, 0.99242, 
0.9934, 0.99141, 0.99055, 0.99419, 0.99057, 0.98992, 0.99114, 
0.98835, 0.98951, 0.99006, 0.99195, 0.1166, 0.2076, 0.1439, 0.1776, 
0.2755, 0.1704, 0.1832, 0.2085, 0.2665, 0.2558, 0.2771, 62.9, 
211.5, 92.4, 131.7, 229.3, 86.2, 97.1, 92.2, 161.5, 120.9, 99, 
109, 93, 2036, 191, 2, 952, 271, 261, 930, 2181, 1151, 26, 56, 
7, 6, 40, 1, 8, 2, 1, 1, 3, 100, 100, 100, 100, 100, 100, 100, 
100, 100, 100, 100, 2500, 2500, 2500, 2500, 2500, 2500, 2500, 
2500, 2500, 2500, 2500, 15594.101, 17185.059, 19001.531, 20765.219, 
22566.355, 25075.276, 26436.564, 28726.38, 31594.371, 35786.804, 
37963.515, 1, 1, 1, 1, 1, 1, 1, 1, 1, 1, 1, 0.02857, 0.02857, 
0.02857, 0.02857, 0.02857, 0.02857, 0.02857, 0.02857, 0.02857, 
0.02857, 0.02857, 0, 0, 0, 0, 0, 0, 0, 0, 0, 0, 0, 0, 0, 0, 0, 
0, 0, 0, 0, 0, 0, 0, 0.98863, 0.98625, 0.98583, 0.99128, 0.98718, 
0.98866, 0.99055, 0.98668, 0.98794, 0.98956, 0.98816, 0.98675, 
0.98538, 0.98583, 0.99056, 0.98653, 0.98739, 0.98937, 0.98723, 
0.98689, 0.98857, 0.98816, 0.1754, 0.1901, 0.2176, 0.2366, 0.2612, 
0.2832, 0.3157, 0.3328, 0.3573, 0.3997, 0.4283, 181.2, 187, 191.7, 
199.7, 207.3, 214.5, 225, 230.5, 231.9, 246, 252.1, 1, 1, 1, 
1, 1, 1, 1, 1, 1, 1, 1, 1, 1, 1, 1, 1, 1, 1, 1, 1, 1, 1, 1, 1, 
1, 1, 1, 1, 1, 1, 1, 1, 1, 1, 1, 1, 1, 1, 1, 1, 1, 1, 1, 1, 4.655, 
4.579, 4.9, 5.074, 5.322, 5.417, 5.812, 5.929, 6.823, 7.202, 
7.541), .Dim = c(11L, 40L), .Dimnames = list(NULL, c("Sampling", 
"PSO.cost", "PSO.gamma", "PSO.data.balancing", "PSO.feature.selection", 
"PSO.valid.acc", "PSO.test.acc", "PSO.train.time", "PSO.n.support.vectors", 
"PSO.index", "PSO.n.solutions", "PSO.generations", "PSO.n.evaluations", 
"PSO.cpu.time", "RS.cost", "RS.gamma", "RS.data.balancing", "RS.feature.selection", 
"RS.valid.acc", "RS.test.acc", "RS.train.time", "RS.n.support.vectors", 
"RS.index", "RS.n.solutions", "RS.generations", "RS.n.evaluations", 
"RS.cpu.time", "DF.cost", "DF.gamma", "DF.data.balancing", "DF.feature.selection", 
"DF.valid.acc", "DF.test.acc", "DF.train.time", "DF.n.support.vectors", 
"DF.index", "DF.n.solutions", "DF.generations", "DF.n.evaluations", 
"DF.cpu.time")))
