full <-
structure(c(50, 55, 60, 65, 70, 75, 80, 85, 90, 95, 100, 13.70696, 
10.21664, 12.34162, 13.31041, 8.5049, 11.14978, 7.46616, 4.50614, 
6.75225, 5.29691, 8.54927, -15, -12.3227, -14.81643, -14.01185, 
-9.97926, -11.64479, -8.78204, -7.89792, -8.16539, -8.12541, 
-9.76142, 0, 0, 0, 0, 0, 0, 0, 0, 0, 0, 0, 0, 0, 0, 0, 0, 0, 
0, 0, 0, 0, 0, 0.99433, 0.99227, 0.99449, 0.99636, 0.99527, 0.9937, 
0.99173, 0.99222, 0.99266, 0.99305, 0.99196, 0.99339, 0.99055, 
0.99527, 0.99492, 0.99392, 0.99118, 0.99055, 0.98944, 0.99213, 
0.99255, 0.99102, 0.1149, 0.1235, 0.1375, 0.147, 0.157, 0.1728, 
0.1994, 0.2182, 0.229, 0.2636, 0.2639, 62.3, 67.7, 69.1, 67.2, 
80.4, 73.9, 101.6, 122, 114.9, 123.5, 102.6, 83, 62, 338, 180, 
2454, 17, 207, 82, 133, 414, 438, 1283, 915, 172, 149, 2, 722, 
148, 588, 612, 252, 587, 100, 100, 100, 100, 100, 100, 100, 100, 
100, 100, 100, 2500, 2500, 2500, 2500, 2500, 2500, 2500, 2500, 
2500, 2500, 2500, 10569.704, 10509.301, 10894.36, 11115.65, 16051.092, 
11866.926, 13436.975, 13443.96, 13946.245, 14654.318, 14802.691, 
11.67001, 10.18897, 12.38144, 11.23269, 8.0167, 14.32736, 9.83923, 
5.14441, 6.46932, 11.59965, 7.96826, -12.75703, -11.9331, -14.82811, 
-11.64267, -9.82347, -14.83708, -9.97635, -9.05862, -8.058, -12.77139, 
-9.55567, 0, 0, 0, 0, 0, 0, 0, 0, 0, 0, 0, 0, 0, 0, 0, 0, 0, 
0, 0, 0, 0, 0, 0.99433, 0.99227, 0.99449, 0.99564, 0.9946, 0.9937, 
0.99173, 0.99222, 0.99266, 0.99306, 0.99149, 0.99244, 0.99229, 
0.99527, 0.99346, 0.9946, 0.9918, 0.98759, 0.98944, 0.99266, 
0.99206, 0.99054, 0.1104, 0.1269, 0.1367, 0.1507, 0.1566, 0.1745, 
0.1827, 0.2064, 0.2339, 0.2441, 0.2631, 65.2, 68.9, 69.2, 72.2, 
81.9, 69.3, 84.4, 108.5, 117, 86.3, 105, 300, 502, 2407, 294, 
1763, 472, 380, 246, 629, 1330, 76, 6, 9, 1, 10, 1, 5, 4, 13, 
4, 2, 4, 100, 100, 100, 100, 100, 100, 100, 100, 100, 100, 100, 
2500, 2500, 2500, 2500, 2500, 2500, 2500, 2500, 2500, 2500, 2500, 
16983.374, 18348.637, 20098.348, 22297.03, 23931.278, 26437.192, 
28660.843, 30677.456, 33550.067, 37077.194, 39816.025, 1, 1, 
1, 1, 1, 1, 1, 1, 1, 1, 1, 0.02857, 0.02857, 0.02857, 0.02857, 
0.02857, 0.02857, 0.02857, 0.02857, 0.02857, 0.02857, 0.02857, 
0, 0, 0, 0, 0, 0, 0, 0, 0, 0, 0, 0, 0, 0, 0, 0, 0, 0, 0, 0, 0, 
0, 0.98675, 0.98624, 0.98816, 0.99055, 0.99055, 0.99055, 0.98879, 
0.98889, 0.98951, 0.98958, 0.98818, 0.98675, 0.98624, 0.98975, 
0.98982, 0.99054, 0.99118, 0.98879, 0.98889, 0.98847, 0.98907, 
0.98818, 0.1754, 0.2052, 0.2229, 0.2466, 0.2753, 0.2981, 0.3282, 
0.3492, 0.3875, 0.4107, 0.4428, 176.8, 189.5, 192.8, 198.7, 204, 
212.4, 219.6, 228, 233.6, 243.3, 251.4, 1, 1, 1, 1, 1, 1, 1, 
1, 1, 1, 1, 1, 1, 1, 1, 1, 1, 1, 1, 1, 1, 1, 1, 1, 1, 1, 1, 1, 
1, 1, 1, 1, 1, 1, 1, 1, 1, 1, 1, 1, 1, 1, 1, 1, 4.767, 4.891, 
5.222, 5.487, 5.829, 6.024, 6.307, 6.489, 7.009, 7.116, 7.307
), .Dim = c(11L, 40L), .Dimnames = list(NULL, c("Sampling", "PSO.cost", 
"PSO.gamma", "PSO.data.balancing", "PSO.feature.selection", "PSO.valid.acc", 
"PSO.test.acc", "PSO.train.time", "PSO.n.support.vectors", "PSO.index", 
"PSO.n.solutions", "PSO.generations", "PSO.n.evaluations", "PSO.cpu.time", 
"RS.cost", "RS.gamma", "RS.data.balancing", "RS.feature.selection", 
"RS.valid.acc", "RS.test.acc", "RS.train.time", "RS.n.support.vectors", 
"RS.index", "RS.n.solutions", "RS.generations", "RS.n.evaluations", 
"RS.cpu.time", "DF.cost", "DF.gamma", "DF.data.balancing", "DF.feature.selection", 
"DF.valid.acc", "DF.test.acc", "DF.train.time", "DF.n.support.vectors", 
"DF.index", "DF.n.solutions", "DF.generations", "DF.n.evaluations", 
"DF.cpu.time")))
