full <-
structure(c(50, 55, 60, 65, 70, 75, 80, 85, 90, 95, 100, 7.62764, 
7.58688, 10.59296, 11.70007, 5.35914, 14.95238, 10.52591, 11.40078, 
7.28196, 7.4699, 14.41398, -7.36207, -7.31228, -7.91735, -7.28483, 
-5.30754, -8.73701, -9.9831, -10.78977, -6.82313, -6.28203, -9.45257, 
0, 0, 0, 0, 0, 0, 0, 0, 0, 0, 0, 0, 0, 0, 0, 0, 0, 0, 0, 0, 0, 
0, 0.67004, 0.65764, 0.65388, 0.66296, 0.68495, 0.68669, 0.7075, 
0.70101, 0.72687, 0.73592, 0.73295, 0.66075, 0.64489, 0.6541, 
0.66366, 0.68772, 0.68017, 0.69742, 0.69226, 0.71344, 0.72987, 
0.71611, 1.9549, 2.1339, 2.3052, 2.7058, 3.7508, 4.1521, 3.4672, 
4.0023, 4.4202, 4.9428, 5.2692, 618.2, 675.8, 729.1, 786.5, 851, 
891.8, 946.5, 995.9, 1057.1, 1108.8, 1140.2, 643, 1170, 2314, 
2094, 2269, 1179, 1077, 1772, 306, 1250, 876, 124, 52, 3, 1, 
1, 5, 15, 7, 334, 2, 76, 100, 100, 100, 100, 100, 100, 100, 100, 
100, 100, 100, 2500, 2500, 2500, 2500, 2500, 2500, 2500, 2500, 
2500, 2500, 2500, 58679.357, 64227.5, 67804.072, 78583.025, 98835.117, 
120789.645, 102102.901, 116678.896, 127111.426, 139041.831, 163028.17, 
6.99537, 8.20365, 14.2866, 8.99721, 5.48751, 13.80607, 10.51827, 
12.2973, 7.16254, 7.34516, 4.74467, -6.83299, -7.90329, -8.04537, 
-8.06494, -5.43221, -8.73809, -9.87786, -11.52512, -6.8601, -6.2932, 
-4.49999, 0, 0, 0, 0, 0, 0, 0, 0, 0, 0, 0, 0, 0, 0, 0, 0, 0, 
0, 0, 0, 0, 0, 0.66637, 0.65708, 0.65281, 0.66275, 0.68318, 0.68585, 
0.70363, 0.69893, 0.72406, 0.73521, 0.73337, 0.65571, 0.64045, 
0.65616, 0.67053, 0.68762, 0.68017, 0.69506, 0.68625, 0.71271, 
0.72647, 0.7196, 1.9161, 2.0798, 2.242, 2.5275, 3.5973, 3.0958, 
3.5117, 4.1732, 4.4973, 4.8684, 6.4594, 619.2, 674.5, 728.5, 
786.2, 850.7, 891.7, 946.3, 995.5, 1058.2, 1109, 1175.3, 577, 
1176, 792, 2046, 674, 2035, 653, 916, 1540, 803, 2060, 1, 1, 
4, 1, 1, 2, 1, 1, 1, 1, 1, 100, 100, 100, 100, 100, 100, 100, 
100, 100, 100, 100, 2500, 2500, 2500, 2500, 2500, 2500, 2500, 
2500, 2500, 2500, 2500, 59783.692, 66429.014, 72449.573, 81549.3639999999, 
113390.83, 111145.53, 112548.036, 130832.808, 136802.697, 149793.947, 
195780.593, 1, 1, 1, 1, 1, 1, 1, 1, 1, 1, 1, 0.01562, 0.01562, 
0.01562, 0.01562, 0.01562, 0.01562, 0.01562, 0.01562, 0.01562, 
0.01562, 0.01562, 0, 0, 0, 0, 0, 0, 0, 0, 0, 0, 0, 0, 0, 0, 0, 
0, 0, 0, 0, 0, 0, 0, 0.31611, 0.31529, 0.35332, 0.35109, 0.36001, 
0.37441, 0.40215, 0.40902, 0.43539, 0.44681, 0.46976, 0.31277, 
0.31386, 0.34525, 0.34777, 0.36176, 0.38011, 0.3982, 0.41453, 
0.42492, 0.45596, 0.45977, 1.947, 2.2219, 2.4789, 2.835, 3.9575, 
3.4914, 3.7447, 4.4521, 4.7427, 5.0938, 6.8265, 639.8, 703.3, 
766.5, 830.4, 892.8, 957.3, 1020.7, 1084, 1147.1, 1210.1, 1273.8, 
1, 1, 1, 1, 1, 1, 1, 1, 1, 1, 1, 1, 1, 1, 1, 1, 1, 1, 1, 1, 1, 
1, 1, 1, 1, 1, 1, 1, 1, 1, 1, 1, 1, 1, 1, 1, 1, 1, 1, 1, 1, 1, 
1, 1, 23.163, 26.19, 28.965, 32.969, 46.098, 39.998, 42.737, 
50.547, 53.99, 57.486, 77.747), .Dim = c(11L, 40L), .Dimnames = list(
    NULL, c("Sampling", "PSO.cost", "PSO.gamma", "PSO.data.balancing", 
    "PSO.feature.selection", "PSO.valid.acc", "PSO.test.acc", 
    "PSO.train.time", "PSO.n.support.vectors", "PSO.index", "PSO.n.solutions", 
    "PSO.generations", "PSO.n.evaluations", "PSO.cpu.time", "RS.cost", 
    "RS.gamma", "RS.data.balancing", "RS.feature.selection", 
    "RS.valid.acc", "RS.test.acc", "RS.train.time", "RS.n.support.vectors", 
    "RS.index", "RS.n.solutions", "RS.generations", "RS.n.evaluations", 
    "RS.cpu.time", "DF.cost", "DF.gamma", "DF.data.balancing", 
    "DF.feature.selection", "DF.valid.acc", "DF.test.acc", "DF.train.time", 
    "DF.n.support.vectors", "DF.index", "DF.n.solutions", "DF.generations", 
    "DF.n.evaluations", "DF.cpu.time")))
