full <-
structure(c(50, 55, 60, 65, 70, 75, 80, 85, 90, 95, 100, 14.87874, 
13.99548, 4.8185, 7.69414, 8.2856, 7.19727, 7.7158, 11.12161, 
13.82103, 9.12542, 6.13426, -14.96781, -12.44959, -4.25344, -6.14764, 
-7.75853, -4.87635, -7.14193, -9.90607, -6.8005, -8.16806, -5.25631, 
0, 0, 0, 0, 0, 0, 0, 0, 0, 0, 0, 0, 0, 0, 0, 0, 0, 0, 0, 0, 0, 
0, 0.66332, 0.65455, 0.66125, 0.68275, 0.70271, 0.71115, 0.72432, 
0.72361, 0.72256, 0.72294, 0.73082, 0.64705, 0.64368, 0.66236, 
0.66351, 0.67232, 0.68791, 0.70451, 0.71259, 0.71545, 0.71385, 
0.7196, 2.1323, 2.3002, 2.6536, 2.9387, 3.6828, 4.2475, 2.0875, 
4.6498, 5.9081, 5.7884, 6.4466, 612.4, 669.2, 739.6, 787.7, 844.2, 
908.4, 952.8, 997.2, 1054.9, 1101, 1169.7, 203, 2265, 2006, 379, 
788, 1884, 1036, 1583, 229, 645, 2195, 1445, 1, 2, 249, 212, 
4, 317, 80, 281, 255, 1, 100, 100, 100, 100, 100, 100, 100, 100, 
100, 100, 100, 2500, 2500, 2500, 2500, 2500, 2500, 2500, 2500, 
2500, 2500, 2500, 66954.294, 61806.9, 81936.857, 89882.5550000001, 
101180.93, 116897.096, 83654.2609999999, 127555.619, 125821.352, 
166763.688, 185516.368, 12.13524, 13.97458, 6.67109, 7.79476, 
8.49225, 7.02626, 8.9513, 11.31129, 12.8544, 8.67861, 5.79063, 
-12.28119, -12.79753, -4.20897, -6.25157, -7.91519, -4.73454, 
-7.13333, -10.0236, -6.55754, -7.7756, -5.22864, 0, 0, 0, 0, 
0, 0, 0, 0, 0, 0, 0, 0, 0, 0, 0, 0, 0, 0, 0, 0, 0, 0, 0.66443, 
0.65329, 0.6603, 0.68091, 0.69825, 0.70861, 0.72202, 0.72141, 
0.72187, 0.71834, 0.72777, 0.65331, 0.64136, 0.65815, 0.66174, 
0.67052, 0.68787, 0.69906, 0.71335, 0.71196, 0.70988, 0.71835, 
2.1568, 2.255, 2.7033, 2.9984, 3.2116, 3.9879, 3.7921, 4.405, 
6.228, 6.8307, 4.8542, 613.3, 668.8, 739.2, 787.2, 843.9, 908.9, 
951.3, 996.5, 1056, 1103.2, 1171.4, 908, 2212, 2101, 1778, 1749, 
1463, 643, 1475, 287, 1961, 1776, 2, 1, 1, 1, 1, 1, 1, 1, 3, 
1, 1, 100, 100, 100, 100, 100, 100, 100, 100, 100, 100, 100, 
2500, 2500, 2500, 2500, 2500, 2500, 2500, 2500, 2500, 2500, 2500, 
67699.41, 76697.891, 81475.856, 97550.9970000001, 101257.866, 
115824.285, 112192.955, 140102.281, 164664.917, 174604.189, 192510.463, 
1, 1, 1, 1, 1, 1, 1, 1, 1, 1, 1, 0.01562, 0.01562, 0.01562, 0.01562, 
0.01562, 0.01562, 0.01562, 0.01562, 0.01562, 0.01562, 0.01562, 
0, 0, 0, 0, 0, 0, 0, 0, 0, 0, 0, 0, 0, 0, 0, 0, 0, 0, 0, 0, 0, 
0, 0.31238, 0.3318, 0.36552, 0.39327, 0.39278, 0.4226, 0.43176, 
0.44313, 0.41553, 0.44136, 0.45295, 0.32102, 0.34637, 0.35185, 
0.3895, 0.39432, 0.41592, 0.42442, 0.44708, 0.43154, 0.44826, 
0.4564, 2.1151, 2.4708, 2.6152, 3.4577, 3.6976, 3.6355, 4.2718, 
5.7362, 5.1037, 5.6911, 8.3851, 639.6, 703.6, 767.6, 831.6, 895.6, 
959.2, 1022.5, 1085.3, 1148.4, 1212.9, 1273.9, 1, 1, 1, 1, 1, 
1, 1, 1, 1, 1, 1, 1, 1, 1, 1, 1, 1, 1, 1, 1, 1, 1, 1, 1, 1, 1, 
1, 1, 1, 1, 1, 1, 1, 1, 1, 1, 1, 1, 1, 1, 1, 1, 1, 1, 25.482, 
30.615, 31.957, 41.313, 44.015, 41.983, 48.913, 66.797, 57.929, 
64.902, 97.067), .Dim = c(11L, 40L), .Dimnames = list(NULL, c("Sampling", 
"PSO.cost", "PSO.gamma", "PSO.data.balancing", "PSO.feature.selection", 
"PSO.valid.acc", "PSO.test.acc", "PSO.train.time", "PSO.n.support.vectors", 
"PSO.index", "PSO.n.solutions", "PSO.generations", "PSO.n.evaluations", 
"PSO.cpu.time", "RS.cost", "RS.gamma", "RS.data.balancing", "RS.feature.selection", 
"RS.valid.acc", "RS.test.acc", "RS.train.time", "RS.n.support.vectors", 
"RS.index", "RS.n.solutions", "RS.generations", "RS.n.evaluations", 
"RS.cpu.time", "DF.cost", "DF.gamma", "DF.data.balancing", "DF.feature.selection", 
"DF.valid.acc", "DF.test.acc", "DF.train.time", "DF.n.support.vectors", 
"DF.index", "DF.n.solutions", "DF.generations", "DF.n.evaluations", 
"DF.cpu.time")))
