full <-
structure(c(50, 55, 60, 65, 70, 75, 80, 85, 90, 95, 100, 6.93709, 
10.21209, 9.32829, 7.15563, 4.7052, 7.50647, 7.60381, 8.6239, 
8.57583, 9.83007, 10.12858, -7.02675, -9.0893, -9.02844, -7.78639, 
-4.94921, -6.4719, -7.43711, -7.49944, -7.87089, -8.52916, -8.34057, 
0, 0, 0, 0, 0, 0, 0, 0, 0, 0, 0, 0, 0, 0, 0, 0, 0, 0, 0, 0, 0, 
0, 0.64176, 0.66671, 0.67977, 0.68463, 0.69428, 0.69515, 0.7147, 
0.71948, 0.71985, 0.71516, 0.72614, 0.61378, 0.65064, 0.66754, 
0.6617, 0.68808, 0.68139, 0.69235, 0.71654, 0.70408, 0.70846, 
0.71663, 1.983, 2.3098, 2.6851, 3.2027, 3.7245, 4.1147, 4.2324, 
4.3048, 5.3569, 5.7231, 5.646, 617.5, 672.2, 730.5, 787.8, 850, 
897.5, 947.6, 998.3, 1051.3, 1101.3, 1150.8, 790, 2392, 1954, 
1256, 2497, 1257, 1708, 717, 2201, 583, 1084, 47, 1, 13, 10, 
1, 80, 7, 112, 6, 101, 44, 100, 100, 100, 100, 100, 100, 100, 
100, 100, 100, 100, 2500, 2500, 2500, 2500, 2500, 2500, 2500, 
2500, 2500, 2500, 2500, 60432.284, 66774.698, 79730.11, 94208.052, 
107900.557, 119016.317, 122459.796, 132874.523, 151855.204, 160709.979, 
160475.801, 7.16283, 9.88052, 9.21118, 5.68969, 4.39777, 9.56403, 
9.045, 10.22563, 8.68232, 9.94206, 8.0795, -7.14201, -8.85972, 
-9.01538, -4.41133, -4.80244, -8.97516, -8.6158, -7.65137, -7.99881, 
-8.52842, -6.60199, 0, 0, 0, 0, 0, 0, 0, 0, 0, 0, 0, 0, 0, 0, 
0, 0, 0, 0, 0, 0, 0, 0, 0.63901, 0.66448, 0.67782, 0.68224, 0.68966, 
0.69261, 0.71159, 0.71666, 0.71909, 0.71319, 0.72571, 0.61625, 
0.64953, 0.67078, 0.66024, 0.68544, 0.68123, 0.69807, 0.71, 0.70545, 
0.70719, 0.71985, 1.9384, 2.197, 2.8427, 3.5103, 3.8842, 3.7702, 
4.3429, 4.9367, 5.3444, 5.3675, 5.6629, 617.3, 672, 730.7, 792.4, 
851.5, 888.7, 943.1, 996.7, 1050.9, 1100.8, 1159.7, 1381, 119, 
12, 1172, 1192, 1209, 966, 2463, 694, 47, 49, 1, 2, 1, 1, 1, 
1, 1, 1, 1, 1, 1, 100, 100, 100, 100, 100, 100, 100, 100, 100, 
100, 100, 2500, 2500, 2500, 2500, 2500, 2500, 2500, 2500, 2500, 
2500, 2500, 62491.098, 70215.282, 89026.153, 105457.642, 116243.792, 
121068.711, 140710.103, 152207.352, 166486.721, 164405.072, 184366.065, 
1, 1, 1, 1, 1, 1, 1, 1, 1, 1, 1, 0.01562, 0.01562, 0.01562, 0.01562, 
0.01562, 0.01562, 0.01562, 0.01562, 0.01562, 0.01562, 0.01562, 
0, 0, 0, 0, 0, 0, 0, 0, 0, 0, 0, 0, 0, 0, 0, 0, 0, 0, 0, 0, 0, 
0, 0.30965, 0.33613, 0.34429, 0.37507, 0.36847, 0.38401, 0.40287, 
0.42633, 0.42781, 0.45218, 0.46227, 0.31744, 0.34096, 0.34333, 
0.35735, 0.37563, 0.39005, 0.41093, 0.4284, 0.42442, 0.4548, 
0.46531, 2.0804, 2.3185, 2.9874, 3.6245, 3.9533, 4.0959, 4.5754, 
5.3911, 5.5076, 5.8714, 6.2896, 639.1, 702.5, 766.2, 830.7, 894.9, 
958, 1021.7, 1084, 1147.4, 1210.7, 1274, 1, 1, 1, 1, 1, 1, 1, 
1, 1, 1, 1, 1, 1, 1, 1, 1, 1, 1, 1, 1, 1, 1, 1, 1, 1, 1, 1, 1, 
1, 1, 1, 1, 1, 1, 1, 1, 1, 1, 1, 1, 1, 1, 1, 1, 24.817, 27.333, 
35.603, 43.191, 45.971, 47.779, 53.12, 62.159, 62.85, 65.902, 
71.631), .Dim = c(11L, 40L), .Dimnames = list(NULL, c("Sampling", 
"PSO.cost", "PSO.gamma", "PSO.data.balancing", "PSO.feature.selection", 
"PSO.valid.acc", "PSO.test.acc", "PSO.train.time", "PSO.n.support.vectors", 
"PSO.index", "PSO.n.solutions", "PSO.generations", "PSO.n.evaluations", 
"PSO.cpu.time", "RS.cost", "RS.gamma", "RS.data.balancing", "RS.feature.selection", 
"RS.valid.acc", "RS.test.acc", "RS.train.time", "RS.n.support.vectors", 
"RS.index", "RS.n.solutions", "RS.generations", "RS.n.evaluations", 
"RS.cpu.time", "DF.cost", "DF.gamma", "DF.data.balancing", "DF.feature.selection", 
"DF.valid.acc", "DF.test.acc", "DF.train.time", "DF.n.support.vectors", 
"DF.index", "DF.n.solutions", "DF.generations", "DF.n.evaluations", 
"DF.cpu.time")))
