full <-
structure(c(50, 55, 60, 65, 70, 75, 80, 85, 90, 95, 100, 11.11446, 
5.74031, 3.80491, 9.05673, 12.61424, 6.77169, 9.84796, 7.19519, 
9.54866, 6.80077, 7.18466, -10.21091, -5.90106, -4.13794, -8.65821, 
-10.79237, -6.05853, -8.6097, -6.16957, -8.57581, -4.76959, -6.3161, 
0, 0, 0, 0, 0, 0, 0, 0, 0, 0, 0, 0, 0, 0, 0, 0, 0, 0, 0, 0, 0, 
0, 0.63923, 0.66536, 0.67092, 0.69237, 0.69107, 0.69856, 0.70588, 
0.71896, 0.72783, 0.72372, 0.71848, 0.62674, 0.63223, 0.64317, 
0.66815, 0.67921, 0.69279, 0.70106, 0.70742, 0.71039, 0.70718, 
0.72288, 1.9029, 2.2164, 2.5828, 2.4683, 3.2775, 3.5182, 3.5853, 
5.4124, 6.4655, 6.9919, 9.0772, 613.1, 678.5, 739.6, 785, 837, 
903.2, 942.5, 1003.2, 1045.6, 1116.7, 1161.1, 346, 1167, 1156, 
2319, 234, 2076, 1321, 751, 1136, 352, 1185, 488, 117, 51, 3, 
613, 1, 15, 138, 63, 148, 155, 100, 100, 100, 100, 100, 100, 
100, 100, 100, 100, 100, 2500, 2500, 2500, 2500, 2500, 2500, 
2500, 2500, 2500, 2500, 2500, 55544.325, 68036.988, 75213.026, 
78366.737, 85251.48, 100789.985, 109527.771, 153650.175, 166976.533, 
163088.301, 214512.554, 11.01512, 6.9387, 3.79814, 8.943, 13.4305, 
5.59686, 9.6749, 7.53391, 9.65682, 6.77579, 6.79494, -10.11386, 
-5.95001, -4.1358, -8.64965, -10.66507, -5.5833, -8.75649, -6.70076, 
-8.63127, -5.11072, -5.65935, 0, 0, 0, 0, 0, 0, 0, 0, 0, 0, 0, 
0, 0, 0, 0, 0, 0, 0, 0, 0, 0, 0, 0.63923, 0.65757, 0.67092, 0.68765, 
0.69101, 0.69602, 0.70435, 0.71529, 0.7264, 0.72237, 0.71604, 
0.62662, 0.62973, 0.64317, 0.66722, 0.67924, 0.69013, 0.70495, 
0.70511, 0.71039, 0.70463, 0.71851, 2.0916, 1.5536, 2.595, 2.6148, 
3.4903, 3.2589, 3.7142, 6.0441, 6.8708, 5.6017, 6.2322, 613.1, 
677, 739.2, 785.1, 837.4, 907.2, 942.3, 1000.5, 1044.7, 1114.8, 
1163.3, 982, 268, 1480, 68, 1270, 1367, 1069, 2188, 689, 2420, 
398, 1, 1, 1, 1, 1, 1, 1, 1, 1, 1, 1, 100, 100, 100, 100, 100, 
100, 100, 100, 100, 100, 100, 2500, 2500, 2500, 2500, 2500, 2500, 
2500, 2500, 2500, 2500, 2500, 65860.262, 72630.126, 71496.554, 
90633.671, 88833.571, 105594.794, 112986.788, 168322.168, 165911.434, 
175175.396, 210375.868, 1, 1, 1, 1, 1, 1, 1, 1, 1, 1, 1, 0.01562, 
0.01562, 0.01562, 0.01562, 0.01562, 0.01562, 0.01562, 0.01562, 
0.01562, 0.01562, 0.01562, 0, 0, 0, 0, 0, 0, 0, 0, 0, 0, 0, 0, 
0, 0, 0, 0, 0, 0, 0, 0, 0, 0, 0.36488, 0.38744, 0.37719, 0.37872, 
0.3697, 0.38461, 0.42026, 0.41585, 0.42759, 0.42622, 0.45138, 
0.36534, 0.38415, 0.37911, 0.37212, 0.36926, 0.39316, 0.42102, 
0.42489, 0.42901, 0.43493, 0.44938, 2.219, 2.6138, 2.7896, 3.5931, 
3.5773, 4.1386, 4.8584, 6.5783, 5.0492, 5.6872, 5.4867, 639.7, 
704, 767.3, 831.1, 894.4, 957.2, 1020.5, 1082.9, 1147.2, 1210.1, 
1274.1, 1, 1, 1, 1, 1, 1, 1, 1, 1, 1, 1, 1, 1, 1, 1, 1, 1, 1, 
1, 1, 1, 1, 1, 1, 1, 1, 1, 1, 1, 1, 1, 1, 1, 1, 1, 1, 1, 1, 1, 
1, 1, 1, 1, 1, 27.56, 31.465, 33.585, 42.153, 42.098, 48.705, 
56.612, 74.78, 57.535, 64.905, 62.142), .Dim = c(11L, 40L), .Dimnames = list(
    NULL, c("Sampling", "PSO.cost", "PSO.gamma", "PSO.data.balancing", 
    "PSO.feature.selection", "PSO.valid.acc", "PSO.test.acc", 
    "PSO.train.time", "PSO.n.support.vectors", "PSO.index", "PSO.n.solutions", 
    "PSO.generations", "PSO.n.evaluations", "PSO.cpu.time", "RS.cost", 
    "RS.gamma", "RS.data.balancing", "RS.feature.selection", 
    "RS.valid.acc", "RS.test.acc", "RS.train.time", "RS.n.support.vectors", 
    "RS.index", "RS.n.solutions", "RS.generations", "RS.n.evaluations", 
    "RS.cpu.time", "DF.cost", "DF.gamma", "DF.data.balancing", 
    "DF.feature.selection", "DF.valid.acc", "DF.test.acc", "DF.train.time", 
    "DF.n.support.vectors", "DF.index", "DF.n.solutions", "DF.generations", 
    "DF.n.evaluations", "DF.cpu.time")))
