full <-
structure(c(50, 55, 60, 65, 70, 75, 80, 85, 90, 95, 100, 12.59844, 
6.26372, 6.57116, 7.91478, 3.6423, 11.24276, 8.13278, 10.18052, 
9.04103, 11.77137, 9.55138, -9.10379, -6.29307, -6.2638, -6.64098, 
-4.26698, -9.67495, -7.93211, -9.83983, -6.80092, -7.94617, -9.00746, 
0, 0, 0, 0, 0, 0, 0, 0, 0, 0, 0, 0, 0, 0, 0, 0, 0, 0, 0, 0, 0, 
0, 0.62048, 0.64779, 0.65981, 0.69358, 0.69697, 0.69268, 0.69582, 
0.71442, 0.7102, 0.72473, 0.73233, 0.61393, 0.6294, 0.65754, 
0.67229, 0.67459, 0.69009, 0.69999, 0.69516, 0.70237, 0.70959, 
0.71845, 2.0001, 2.5024, 2.6188, 2.9653, 3.5333, 3.757, 3.9617, 
4.3651, 4.7205, 5.3527, 5.7048, 612.4, 676.4, 729.8, 779.6, 846.6, 
883.3, 946.9, 997.1, 1055.8, 1099.9, 1149.7, 1282, 1754, 761, 
1010, 2237, 1001, 1084, 847, 619, 206, 868, 26, 54, 60, 220, 
2, 68, 13, 126, 701, 280, 225, 100, 100, 100, 100, 100, 100, 
100, 100, 100, 100, 100, 2500, 2500, 2500, 2500, 2500, 2500, 
2500, 2500, 2500, 2500, 2500, 59184.274, 74579.47, 76068.43, 
84603.258, 99557.2879999999, 106958.619, 112700.338, 127013.488, 
132120.994, 146267.104, 158446.351, 5.29417, 6.05192, 6.30161, 
7.77438, 3.65832, 11.33347, 8.2669, 11.07734, 8.97999, 8.75924, 
9.59636, -4.20913, -6.38646, -6.30345, -6.74174, -4.27764, -9.71651, 
-7.83761, -10.70211, -6.76246, -7.47117, -9.02889, 0, 0, 0, 0, 
0, 0, 0, 0, 0, 0, 0, 0, 0, 0, 0, 0, 0, 0, 0, 0, 0, 0, 0.62002, 
0.64401, 0.65677, 0.69165, 0.69609, 0.69179, 0.69278, 0.71207, 
0.70948, 0.72463, 0.73233, 0.60575, 0.62933, 0.65964, 0.67609, 
0.67459, 0.68919, 0.69937, 0.69514, 0.70179, 0.70697, 0.71975, 
2.1515, 2.311, 2.4858, 2.8683, 3.6952, 3.3902, 3.8321, 4.3492, 
4.7618, 5.3762, 5.7343, 617.7, 676.1, 729.7, 779.6, 846.5, 883.3, 
946.3, 995.9, 1055.9, 1103.4, 1149.6, 1188, 1211, 1788, 1506, 
22, 366, 835, 1743, 604, 2496, 1521, 1, 1, 2, 1, 1, 1, 1, 1, 
1, 1, 1, 100, 100, 100, 100, 100, 100, 100, 100, 100, 100, 100, 
2500, 2500, 2500, 2500, 2500, 2500, 2500, 2500, 2500, 2500, 2500, 
65212.532, 71739.362, 81644.577, 91686.171, 106176.888, 107686.034, 
122508.513, 137354.32, 151621.732, 162838.208, 176015.447, 1, 
1, 1, 1, 1, 1, 1, 1, 1, 1, 1, 0.01562, 0.01562, 0.01562, 0.01562, 
0.01562, 0.01562, 0.01562, 0.01562, 0.01562, 0.01562, 0.01562, 
0, 0, 0, 0, 0, 0, 0, 0, 0, 0, 0, 0, 0, 0, 0, 0, 0, 0, 0, 0, 0, 
0, 0.31683, 0.34644, 0.39036, 0.41072, 0.40159, 0.41626, 0.40976, 
0.41644, 0.43591, 0.45407, 0.47018, 0.31345, 0.34333, 0.38865, 
0.40771, 0.39893, 0.40635, 0.40998, 0.42362, 0.44072, 0.44939, 
0.46029, 2.3696, 2.5241, 2.6801, 3.0074, 3.5457, 3.737, 4.1814, 
4.6632, 5.3586, 5.7601, 5.943, 638.9, 702.9, 765.9, 830, 893.2, 
957.4, 1020.5, 1083.5, 1147.7, 1210.8, 1274.3, 1, 1, 1, 1, 1, 
1, 1, 1, 1, 1, 1, 1, 1, 1, 1, 1, 1, 1, 1, 1, 1, 1, 1, 1, 1, 1, 
1, 1, 1, 1, 1, 1, 1, 1, 1, 1, 1, 1, 1, 1, 1, 1, 1, 1, 28.306, 
29.623, 31.487, 35.141, 41.204, 42.927, 47.779, 52.967, 60.812, 
65.394, 67.049), .Dim = c(11L, 40L), .Dimnames = list(NULL, c("Sampling", 
"PSO.cost", "PSO.gamma", "PSO.data.balancing", "PSO.feature.selection", 
"PSO.valid.acc", "PSO.test.acc", "PSO.train.time", "PSO.n.support.vectors", 
"PSO.index", "PSO.n.solutions", "PSO.generations", "PSO.n.evaluations", 
"PSO.cpu.time", "RS.cost", "RS.gamma", "RS.data.balancing", "RS.feature.selection", 
"RS.valid.acc", "RS.test.acc", "RS.train.time", "RS.n.support.vectors", 
"RS.index", "RS.n.solutions", "RS.generations", "RS.n.evaluations", 
"RS.cpu.time", "DF.cost", "DF.gamma", "DF.data.balancing", "DF.feature.selection", 
"DF.valid.acc", "DF.test.acc", "DF.train.time", "DF.n.support.vectors", 
"DF.index", "DF.n.solutions", "DF.generations", "DF.n.evaluations", 
"DF.cpu.time")))
