full <-
structure(c(50, 55, 60, 65, 70, 75, 80, 85, 90, 95, 100, 11.72127, 
8.02548, 5.6522, 8.3619, 6.65744, 8.05206, 6.86521, 5.34524, 
6.95261, 4.20875, 6.37569, -8.79246, -6.17924, -4.17095, -6.75348, 
-5.70445, -6.17512, -6.15322, -5.47649, -5.38017, -4.52832, -4.18648, 
0, 0, 0, 0, 0, 0, 0, 0, 0, 0, 0, 0, 0, 0, 0, 0, 0, 0, 0, 0, 0, 
0, 0.63852, 0.66106, 0.66948, 0.68882, 0.69487, 0.71052, 0.71226, 
0.72442, 0.71965, 0.72648, 0.72644, 0.62609, 0.64198, 0.66219, 
0.68004, 0.68432, 0.69048, 0.70196, 0.70947, 0.71278, 0.71289, 
0.71463, 1.7777, 2.2248, 2.4879, 2.6694, 3.1681, 3.3431, 3.3287, 
3.984, 5.6195, 6.0007, 6.4255, 613.2, 673.7, 736.7, 782.2, 841.3, 
892.2, 948.4, 1013.7, 1058.4, 1123.6, 1179.2, 256, 689, 628, 
1531, 870, 559, 493, 1511, 1249, 2131, 1143, 348, 116, 19, 120, 
30, 305, 315, 55, 133, 34, 182, 100, 100, 100, 100, 100, 100, 
100, 100, 100, 100, 100, 2500, 2500, 2500, 2500, 2500, 2500, 
2500, 2500, 2500, 2500, 2500, 54578.368, 65279.531, 71479.528, 
77441.936, 93178.439, 96088.071, 96652.2200000001, 123785.946, 
159254.912, 175718.335, 178243.56, 13.41513, 8.49053, 5.67751, 
8.64136, 6.63932, 8.08433, 6.56913, 6.07411, 6.97439, 6.59417, 
6.17594, -8.79195, -6.20983, -4.14954, -6.87128, -5.78959, -6.273, 
-5.99169, -5.73202, -5.49878, -6.40034, -4.33484, 0, 0, 0, 0, 
0, 0, 0, 0, 0, 0, 0, 0, 0, 0, 0, 0, 0, 0, 0, 0, 0, 0, 0.63832, 
0.65977, 0.66841, 0.68587, 0.69392, 0.70967, 0.70991, 0.72208, 
0.71683, 0.72285, 0.72454, 0.62997, 0.64216, 0.66219, 0.68002, 
0.68605, 0.69215, 0.70193, 0.71287, 0.71082, 0.71876, 0.71466, 
1.837, 2.2371, 2.5475, 2.7083, 3.0876, 3.0026, 3.3649, 5.0245, 
5.6502, 4.9182, 5.2126, 613, 673.8, 736.6, 781.5, 840.2, 891.2, 
948.6, 1010.1, 1059, 1110.6, 1177, 1299, 433, 1988, 335, 2174, 
1741, 1169, 1717, 389, 1544, 2459, 1, 1, 1, 1, 1, 1, 1, 1, 1, 
1, 1, 100, 100, 100, 100, 100, 100, 100, 100, 100, 100, 100, 
2500, 2500, 2500, 2500, 2500, 2500, 2500, 2500, 2500, 2500, 2500, 
58614.768, 69006.458, 74560.485, 83463.017, 97797.009, 96393.223, 
104715.17, 152640.786, 172650.83, 156812.569, 175216.975, 1, 
1, 1, 1, 1, 1, 1, 1, 1, 1, 1, 0.01562, 0.01562, 0.01562, 0.01562, 
0.01562, 0.01562, 0.01562, 0.01562, 0.01562, 0.01562, 0.01562, 
0, 0, 0, 0, 0, 0, 0, 0, 0, 0, 0, 0, 0, 0, 0, 0, 0, 0, 0, 0, 0, 
0, 0.30536, 0.33134, 0.33126, 0.35561, 0.3759, 0.39406, 0.39019, 
0.41337, 0.44759, 0.44162, 0.44343, 0.30186, 0.30838, 0.32038, 
0.35821, 0.37935, 0.39071, 0.39678, 0.41259, 0.44304, 0.45484, 
0.45397, 1.9202, 2.2918, 2.5772, 2.9582, 3.3385, 3.3437, 3.521, 
5.4239, 6.0434, 6.0108, 5.2143, 639.4, 703.1, 767.2, 830.1, 893.2, 
957.7, 1021.2, 1084.7, 1148.4, 1212.5, 1274.2, 1, 1, 1, 1, 1, 
1, 1, 1, 1, 1, 1, 1, 1, 1, 1, 1, 1, 1, 1, 1, 1, 1, 1, 1, 1, 1, 
1, 1, 1, 1, 1, 1, 1, 1, 1, 1, 1, 1, 1, 1, 1, 1, 1, 1, 22.866, 
27.063, 30.201, 34.38, 38.6, 38.445, 40.392, 61.857, 68.673, 
68.365, 58.843), .Dim = c(11L, 40L), .Dimnames = list(NULL, c("Sampling", 
"PSO.cost", "PSO.gamma", "PSO.data.balancing", "PSO.feature.selection", 
"PSO.valid.acc", "PSO.test.acc", "PSO.train.time", "PSO.n.support.vectors", 
"PSO.index", "PSO.n.solutions", "PSO.generations", "PSO.n.evaluations", 
"PSO.cpu.time", "RS.cost", "RS.gamma", "RS.data.balancing", "RS.feature.selection", 
"RS.valid.acc", "RS.test.acc", "RS.train.time", "RS.n.support.vectors", 
"RS.index", "RS.n.solutions", "RS.generations", "RS.n.evaluations", 
"RS.cpu.time", "DF.cost", "DF.gamma", "DF.data.balancing", "DF.feature.selection", 
"DF.valid.acc", "DF.test.acc", "DF.train.time", "DF.n.support.vectors", 
"DF.index", "DF.n.solutions", "DF.generations", "DF.n.evaluations", 
"DF.cpu.time")))
