full <-
structure(c(50, 55, 60, 65, 70, 75, 80, 85, 90, 95, 100, 5.84049, 
12.41284, 11.37442, 6.16588, 7.53756, 11.42771, 10.56447, 9.6896, 
6.3372, 7.07022, 5.76952, -4.8318, -8.8162, -9.35106, -5.08339, 
-6.98523, -8.51292, -8.03648, -7.31688, -6.16208, -6.31587, -5.15185, 
0, 0, 0, 0, 0, 0, 0, 0, 0, 0, 0, 0, 0, 0, 0, 0, 0, 0, 0, 0, 0, 
0, 0.677, 0.6893, 0.69391, 0.68895, 0.68992, 0.7017, 0.71129, 
0.71769, 0.71947, 0.72331, 0.73025, 0.66088, 0.6776, 0.69036, 
0.66974, 0.6787, 0.68849, 0.70458, 0.70501, 0.71498, 0.71109, 
0.73233, 1.9512, 2.7376, 2.5752, 3.5229, 3.5636, 3.4702, 3.6425, 
3.9882, 4.7114, 5.1196, 6.0876, 622.4, 674.7, 731.2, 795, 848.4, 
895.6, 949.9, 1010.5, 1069.1, 1114.7, 1167.4, 2341, 1758, 2278, 
921, 1955, 965, 1321, 1403, 611, 1197, 686, 1, 1, 1, 66, 1, 226, 
206, 90, 339, 24, 222, 100, 100, 100, 100, 100, 100, 100, 100, 
100, 100, 100, 2500, 2500, 2500, 2500, 2500, 2500, 2500, 2500, 
2500, 2500, 2500, 58151.927, 78506.927, 85031.356, 107306.743, 
108303.862, 99916.3380000001, 104950.064, 113204.644, 130825.562, 
137011.41, 173693.084, 6.055, 11.67676, 12.10828, 6.67475, 7.58155, 
4.2386, 10.67267, 7.88066, 6.17289, 7.98106, 6.64754, -4.86028, 
-8.56025, -9.9614, -5.11577, -7.02358, -3.64392, -8.00577, -6.55066, 
-6.07402, -7.04493, -5.15191, 0, 0, 0, 0, 0, 0, 0, 0, 0, 0, 0, 
0, 0, 0, 0, 0, 0, 0, 0, 0, 0, 0, 0.67449, 0.68921, 0.69274, 0.68696, 
0.68812, 0.7011, 0.71053, 0.71566, 0.71877, 0.72135, 0.72773, 
0.66088, 0.67901, 0.6913, 0.66975, 0.6787, 0.68757, 0.70226, 
0.70287, 0.715, 0.70965, 0.72893, 1.9617, 2.564, 2.9846, 3.6875, 
3.3555, 3.7842, 3.5294, 4.3109, 4.6406, 5.5259, 5.4976, 622.4, 
675.1, 728.7, 795, 848.5, 914.5, 949.6, 1014.4, 1070.2, 1109.8, 
1166.9, 727, 2327, 2151, 317, 709, 1142, 1398, 2389, 19, 1954, 
1810, 1, 1, 1, 1, 1, 1, 1, 1, 1, 1, 1, 100, 100, 100, 100, 100, 
100, 100, 100, 100, 100, 100, 2500, 2500, 2500, 2500, 2500, 2500, 
2500, 2500, 2500, 2500, 2500, 60512.39, 83095.481, 87972.859, 
107191.348, 100241.033, 105573.579, 111473.956, 128637.067, 136996.677, 
162196.753, 173774.427, 1, 1, 1, 1, 1, 1, 1, 1, 1, 1, 1, 0.01562, 
0.01562, 0.01562, 0.01562, 0.01562, 0.01562, 0.01562, 0.01562, 
0.01562, 0.01562, 0.01562, 0, 0, 0, 0, 0, 0, 0, 0, 0, 0, 0, 0, 
0, 0, 0, 0, 0, 0, 0, 0, 0, 0, 0.30273, 0.31999, 0.35875, 0.34322, 
0.37272, 0.39257, 0.39699, 0.40934, 0.41696, 0.44118, 0.44536, 
0.30149, 0.3181, 0.36204, 0.34799, 0.37421, 0.39437, 0.39765, 
0.4117, 0.41555, 0.43846, 0.44406, 2.0645, 2.9061, 3.0984, 3.6324, 
3.2736, 3.6192, 3.5993, 4.3805, 4.7504, 5.9073, 5.6407, 639.6, 
703.5, 767, 829.4, 893.1, 957.9, 1021.3, 1085.4, 1148, 1211.6, 
1273.9, 1, 1, 1, 1, 1, 1, 1, 1, 1, 1, 1, 1, 1, 1, 1, 1, 1, 1, 
1, 1, 1, 1, 1, 1, 1, 1, 1, 1, 1, 1, 1, 1, 1, 1, 1, 1, 1, 1, 1, 
1, 1, 1, 1, 1, 24.732, 35.072, 36.86, 42.881, 37.685, 41.549, 
41.1, 49.699, 53.369, 67.214, 63.396), .Dim = c(11L, 40L), .Dimnames = list(
    NULL, c("Sampling", "PSO.cost", "PSO.gamma", "PSO.data.balancing", 
    "PSO.feature.selection", "PSO.valid.acc", "PSO.test.acc", 
    "PSO.train.time", "PSO.n.support.vectors", "PSO.index", "PSO.n.solutions", 
    "PSO.generations", "PSO.n.evaluations", "PSO.cpu.time", "RS.cost", 
    "RS.gamma", "RS.data.balancing", "RS.feature.selection", 
    "RS.valid.acc", "RS.test.acc", "RS.train.time", "RS.n.support.vectors", 
    "RS.index", "RS.n.solutions", "RS.generations", "RS.n.evaluations", 
    "RS.cpu.time", "DF.cost", "DF.gamma", "DF.data.balancing", 
    "DF.feature.selection", "DF.valid.acc", "DF.test.acc", "DF.train.time", 
    "DF.n.support.vectors", "DF.index", "DF.n.solutions", "DF.generations", 
    "DF.n.evaluations", "DF.cpu.time")))
