full <-
structure(c(50, 55, 60, 65, 70, 75, 80, 85, 90, 95, 100, 9.59502, 
10.06623, 5.34528, 9.62007, 8.75812, 6.26354, 10.34248, 11.64571, 
6.46589, 5.17411, 5.33582, -7.41942, -8.40554, -5.17003, -9.52912, 
-8.43526, -5.72957, -8.50093, -11.33087, -6.04406, -5.17377, 
-5.01241, 0, 0, 0, 0, 0, 0, 0, 0, 0, 0, 0, 0, 0, 0, 0, 0, 0, 
0, 0, 0, 0, 0, 0.65032, 0.66702, 0.67796, 0.68182, 0.70525, 0.70658, 
0.71078, 0.72417, 0.73207, 0.72624, 0.73943, 0.64353, 0.6591, 
0.65654, 0.685, 0.69434, 0.69489, 0.7118, 0.71348, 0.73068, 0.71706, 
0.73088, 1.9416, 2.4002, 2.6938, 3.0539, 3.4396, 3.5742, 3.3501, 
3.519, 4.5752, 5.3386, 5.8841, 619.8, 671.4, 734.4, 783.1, 836.4, 
902.6, 944.9, 994.1, 1060.7, 1118.9, 1171.2, 623, 519, 1913, 
689, 1058, 1812, 428, 965, 815, 1087, 877, 121, 295, 1, 71, 210, 
12, 326, 112, 171, 53, 240, 100, 100, 100, 100, 100, 100, 100, 
100, 100, 100, 100, 2500, 2500, 2500, 2500, 2500, 2500, 2500, 
2500, 2500, 2500, 2500, 60419.948, 74284.273, 80154.12, 83710.0809999999, 
98943.187, 99544.5330000001, 99369.1050000001, 105289.715, 134574.469, 
152358.112, 169968.786, 8.74144, 10.1317, 4.07141, 9.66986, 10.41402, 
5.82559, 10.4089, 9.57332, 6.53621, 6.96174, 4.72709, -6.65327, 
-8.42204, -3.84279, -9.47746, -8.2646, -5.38303, -8.5561, -8.88178, 
-6.09358, -5.17099, -4.52577, 0, 0, 0, 0, 0, 0, 0, 0, 0, 0, 0, 
0, 0, 0, 0, 0, 0, 0, 0, 0, 0, 0, 0.64804, 0.66592, 0.67861, 0.6797, 
0.70173, 0.7056, 0.7092, 0.72259, 0.7314, 0.72434, 0.73193, 0.64573, 
0.65803, 0.65385, 0.68221, 0.6998, 0.69809, 0.71176, 0.71939, 
0.73138, 0.72009, 0.72714, 1.975, 2.3534, 2.7732, 2.87, 3.2887, 
3.2638, 3.3016, 3.8627, 4.6965, 5.5593, 5.961, 620.2, 671.5, 
735.8, 782, 831.4, 903.4, 944.7, 993.3, 1060.4, 1113, 1176.3, 
484, 846, 700, 146, 909, 1833, 402, 1022, 1415, 2170, 1446, 1, 
1, 1, 1, 1, 1, 2, 1, 1, 1, 1, 100, 100, 100, 100, 100, 100, 100, 
100, 100, 100, 100, 2500, 2500, 2500, 2500, 2500, 2500, 2500, 
2500, 2500, 2500, 2500, 63499.023, 75165.104, 80360.713, 96209.671, 
103677.552, 101927.392, 105803.125, 127002.651, 146490.662, 162237.47, 
180235.423, 1, 1, 1, 1, 1, 1, 1, 1, 1, 1, 1, 0.01562, 0.01562, 
0.01562, 0.01562, 0.01562, 0.01562, 0.01562, 0.01562, 0.01562, 
0.01562, 0.01562, 0, 0, 0, 0, 0, 0, 0, 0, 0, 0, 0, 0, 0, 0, 0, 
0, 0, 0, 0, 0, 0, 0, 0.28081, 0.30507, 0.31975, 0.35099, 0.36698, 
0.38256, 0.37528, 0.41209, 0.43674, 0.44565, 0.45152, 0.2834, 
0.31005, 0.32069, 0.34947, 0.36498, 0.39111, 0.39078, 0.42446, 
0.44247, 0.44264, 0.45742, 2.2702, 2.6246, 2.7078, 3.5288, 3.3966, 
3.5618, 3.4302, 4.6776, 5.2557, 5.6726, 6.3814, 639.6, 703.4, 
767.5, 831.2, 893.8, 957.9, 1021.6, 1084, 1147.6, 1210.3, 1274.3, 
1, 1, 1, 1, 1, 1, 1, 1, 1, 1, 1, 1, 1, 1, 1, 1, 1, 1, 1, 1, 1, 
1, 1, 1, 1, 1, 1, 1, 1, 1, 1, 1, 1, 1, 1, 1, 1, 1, 1, 1, 1, 1, 
1, 1, 27.057, 30.849, 31.737, 40.928, 39.166, 41.027, 39.351, 
53.306, 59.657, 64.132, 72.181), .Dim = c(11L, 40L), .Dimnames = list(
    NULL, c("Sampling", "PSO.cost", "PSO.gamma", "PSO.data.balancing", 
    "PSO.feature.selection", "PSO.valid.acc", "PSO.test.acc", 
    "PSO.train.time", "PSO.n.support.vectors", "PSO.index", "PSO.n.solutions", 
    "PSO.generations", "PSO.n.evaluations", "PSO.cpu.time", "RS.cost", 
    "RS.gamma", "RS.data.balancing", "RS.feature.selection", 
    "RS.valid.acc", "RS.test.acc", "RS.train.time", "RS.n.support.vectors", 
    "RS.index", "RS.n.solutions", "RS.generations", "RS.n.evaluations", 
    "RS.cpu.time", "DF.cost", "DF.gamma", "DF.data.balancing", 
    "DF.feature.selection", "DF.valid.acc", "DF.test.acc", "DF.train.time", 
    "DF.n.support.vectors", "DF.index", "DF.n.solutions", "DF.generations", 
    "DF.n.evaluations", "DF.cpu.time")))
