full <-
structure(c(50, 55, 60, 65, 70, 75, 80, 85, 90, 95, 100, 9.01282, 
9.51205, 7.11153, 8.84115, 11.79954, 12.24325, 4.62436, 6.9744, 
5.13425, 5.60001, 5.60504, -7.27249, -7.69243, -6.5927, -6.42741, 
-11.37467, -6.90163, -4.27107, -5.63687, -4.06473, -4.59996, 
-5.37088, 0, 0, 0, 0, 0, 0, 0, 0, 0, 0, 0, 0, 0, 0, 0, 0, 0, 
0, 0, 0, 0, 0, 0.68094, 0.69364, 0.70557, 0.69452, 0.70013, 0.70425, 
0.71187, 0.71317, 0.72133, 0.72139, 0.73136, 0.66774, 0.68209, 
0.68191, 0.68034, 0.69244, 0.69336, 0.6982, 0.71106, 0.71241, 
0.7121, 0.72345, 2.1249, 2.3334, 2.6347, 3.0581, 3.6003, 3.6091, 
4.7323, 5.888, 6.1029, 5.0622, 5.7868, 614.1, 666.5, 724.7, 785.4, 
833.5, 896.3, 961.6, 1008.7, 1075.5, 1119.6, 1172, 681, 1033, 
913, 2037, 1002, 271, 641, 652, 1499, 1429, 1182, 490, 156, 34, 
1, 94, 986, 46, 418, 19, 103, 261, 100, 100, 100, 100, 100, 100, 
100, 100, 100, 100, 100, 2500, 2500, 2500, 2500, 2500, 2500, 
2500, 2500, 2500, 2500, 2500, 62639.561, 69718.768, 77262.038, 
93377.4350000001, 95802.624, 103562.062, 134417.625, 176282.454, 
170792.586, 140804.844, 165808.797, 9.47245, 9.37553, 7.88516, 
9.2, 11.82712, 12.48722, 5.13901, 5.23174, 5.55072, 6.91139, 
5.77573, -7.31367, -7.50624, -6.87196, -6.52206, -11.37947, -6.89792, 
-4.69065, -5.67529, -4.38814, -4.70497, -5.39746, 0, 0, 0, 0, 
0, 0, 0, 0, 0, 0, 0, 0, 0, 0, 0, 0, 0, 0, 0, 0, 0, 0, 0.67743, 
0.69131, 0.7025, 0.69354, 0.70013, 0.70425, 0.70979, 0.71101, 
0.71832, 0.71926, 0.72823, 0.67029, 0.67985, 0.68395, 0.68319, 
0.69236, 0.69336, 0.69812, 0.7054, 0.71587, 0.70823, 0.72468, 
2.136, 2.3809, 2.7787, 3.1532, 3.156, 3.4499, 5.1518, 6.3343, 
6.103, 4.9372, 5.7267, 614, 667.2, 723.8, 785.1, 833.6, 896.3, 
958.4, 1013.9, 1072.4, 1117.9, 1170, 528, 2075, 1704, 762, 1723, 
2113, 804, 1796, 625, 662, 1341, 1, 1, 1, 1, 1, 1, 1, 1, 1, 1, 
1, 100, 100, 100, 100, 100, 100, 100, 100, 100, 100, 100, 2500, 
2500, 2500, 2500, 2500, 2500, 2500, 2500, 2500, 2500, 2500, 64619.996, 
74422.672, 83054.514, 94975.517, 100427.677, 107643.248, 155040.422, 
182371.437, 155935.144, 154799.636, 170248.041, 1, 1, 1, 1, 1, 
1, 1, 1, 1, 1, 1, 0.01562, 0.01562, 0.01562, 0.01562, 0.01562, 
0.01562, 0.01562, 0.01562, 0.01562, 0.01562, 0.01562, 0, 0, 0, 
0, 0, 0, 0, 0, 0, 0, 0, 0, 0, 0, 0, 0, 0, 0, 0, 0, 0, 0, 0.30791, 
0.33826, 0.36412, 0.36423, 0.37033, 0.38688, 0.39926, 0.40063, 
0.4174, 0.45237, 0.45072, 0.30411, 0.33589, 0.36715, 0.36228, 
0.37278, 0.40239, 0.40854, 0.40233, 0.41662, 0.44622, 0.45577, 
2.1305, 2.6522, 2.8385, 3.2494, 3.3679, 4.5, 5.404, 5.9973, 4.7648, 
5.6554, 5.8252, 638.7, 702.8, 765.4, 829.3, 892.8, 957, 1020.4, 
1083.2, 1146.9, 1211.2, 1274.7, 1, 1, 1, 1, 1, 1, 1, 1, 1, 1, 
1, 1, 1, 1, 1, 1, 1, 1, 1, 1, 1, 1, 1, 1, 1, 1, 1, 1, 1, 1, 1, 
1, 1, 1, 1, 1, 1, 1, 1, 1, 1, 1, 1, 1, 25.501, 31.223, 33.17, 
37.592, 38.802, 52.332, 62.539, 68.888, 53.783, 63.962, 65.699
), .Dim = c(11L, 40L), .Dimnames = list(NULL, c("Sampling", "PSO.cost", 
"PSO.gamma", "PSO.data.balancing", "PSO.feature.selection", "PSO.valid.acc", 
"PSO.test.acc", "PSO.train.time", "PSO.n.support.vectors", "PSO.index", 
"PSO.n.solutions", "PSO.generations", "PSO.n.evaluations", "PSO.cpu.time", 
"RS.cost", "RS.gamma", "RS.data.balancing", "RS.feature.selection", 
"RS.valid.acc", "RS.test.acc", "RS.train.time", "RS.n.support.vectors", 
"RS.index", "RS.n.solutions", "RS.generations", "RS.n.evaluations", 
"RS.cpu.time", "DF.cost", "DF.gamma", "DF.data.balancing", "DF.feature.selection", 
"DF.valid.acc", "DF.test.acc", "DF.train.time", "DF.n.support.vectors", 
"DF.index", "DF.n.solutions", "DF.generations", "DF.n.evaluations", 
"DF.cpu.time")))
