full <-
structure(c(50, 55, 60, 65, 70, 75, 80, 85, 90, 95, 100, 15, 
12.41711, 10.65383, 15, 11.17677, 11.66484, 5.99131, 14.87349, 
12.50224, 7.26915, 6.14088, -10.27789, -10.87365, -7.02489, -10.4774, 
-8.82344, -8.54065, -4.71394, -11.59438, -8.75828, -6.22197, 
-5.60067, 0, 0, 0, 0, 0, 0, 0, 0, 0, 0, 0, 0, 0, 0, 0, 0, 0, 
0, 0, 0, 0, 0, 0.63701, 0.66044, 0.66739, 0.67658, 0.69238, 0.70254, 
0.71327, 0.71288, 0.71361, 0.72628, 0.72463, 0.63485, 0.6306, 
0.66125, 0.67555, 0.68883, 0.69808, 0.70073, 0.70065, 0.70877, 
0.7227, 0.70978, 1.9792, 2.837, 3.051, 3.5931, 3.5726, 3.9182, 
4.1379, 5.2571, 5.0063, 5.1485, 7.3408, 610.8, 667.2, 728, 781, 
838.8, 892.4, 954, 986.2, 1040.8, 1102.7, 1168.3, 317, 1276, 
116, 268, 1894, 613, 1552, 827, 383, 1794, 1721, 671, 84, 693, 
212, 3, 135, 75, 32, 809, 18, 11, 100, 100, 100, 100, 100, 100, 
100, 100, 100, 100, 100, 2500, 2500, 2500, 2500, 2500, 2500, 
2500, 2500, 2500, 2500, 2500, 61808.039, 81814.612, 95581.658, 
108324.485, 109778.867, 113936.74, 120951.927, 149747.039, 147661.693, 
146953.801, 206915.744, 14.9596, 12.0218, 10.94437, 6.57552, 
9.08464, 9.84774, 6.42425, 14.1074, 12.5131, 7.3609, 6.24961, 
-10.35529, -10.52118, -7.28397, -5.24405, -8.7797, -6.90789, 
-5.64025, -10.90644, -8.81041, -6.3687, -4.60936, 0, 0, 0, 0, 
0, 0, 0, 0, 0, 0, 0, 0, 0, 0, 0, 0, 0, 0, 0, 0, 0, 0, 0.63575, 
0.65699, 0.66731, 0.67717, 0.69056, 0.70078, 0.71234, 0.71202, 
0.71225, 0.72378, 0.72193, 0.63482, 0.63283, 0.66345, 0.67423, 
0.68239, 0.69816, 0.71166, 0.70726, 0.70667, 0.72657, 0.71476, 
2.3169, 2.634, 3.1053, 3.5771, 3.7354, 3.9123, 4.5275, 4.928, 
4.9109, 6.3285, 7.3546, 610.8, 667.1, 726.6, 794.4, 844.4, 897.5, 
950.7, 986.3, 1040.6, 1102, 1171.6, 1915, 1294, 1311, 1998, 876, 
147, 725, 1288, 2395, 2424, 2403, 1, 1, 1, 1, 2, 1, 1, 1, 1, 
1, 1, 100, 100, 100, 100, 100, 100, 100, 100, 100, 100, 100, 
2500, 2500, 2500, 2500, 2500, 2500, 2500, 2500, 2500, 2500, 2500, 
69831.704, 88475.849, 99339.216, 112912.507, 114398.147, 121656.613, 
137925.608, 153088.412, 161231.322, 178066.251, 222459.509, 1, 
1, 1, 1, 1, 1, 1, 1, 1, 1, 1, 0.01562, 0.01562, 0.01562, 0.01562, 
0.01562, 0.01562, 0.01562, 0.01562, 0.01562, 0.01562, 0.01562, 
0, 0, 0, 0, 0, 0, 0, 0, 0, 0, 0, 0, 0, 0, 0, 0, 0, 0, 0, 0, 0, 
0, 0.30051, 0.30261, 0.33774, 0.34489, 0.36643, 0.38809, 0.38669, 
0.40811, 0.403, 0.44106, 0.44593, 0.2901, 0.31614, 0.33377, 0.35762, 
0.36594, 0.38575, 0.39543, 0.40337, 0.41867, 0.44934, 0.45795, 
2.239, 3.1378, 3.2208, 3.7235, 3.7974, 4.1971, 4.9853, 5.3574, 
5.3251, 6.603, 7.92, 639.4, 703, 766.6, 831.2, 895.3, 958.9, 
1022.1, 1084.1, 1147.7, 1210, 1275.2, 1, 1, 1, 1, 1, 1, 1, 1, 
1, 1, 1, 1, 1, 1, 1, 1, 1, 1, 1, 1, 1, 1, 1, 1, 1, 1, 1, 1, 1, 
1, 1, 1, 1, 1, 1, 1, 1, 1, 1, 1, 1, 1, 1, 1, 26.726, 37.915, 
38.438, 44.058, 44.895, 48.862, 57.83, 61.333, 60.065, 75.624, 
90.332), .Dim = c(11L, 40L), .Dimnames = list(NULL, c("Sampling", 
"PSO.cost", "PSO.gamma", "PSO.data.balancing", "PSO.feature.selection", 
"PSO.valid.acc", "PSO.test.acc", "PSO.train.time", "PSO.n.support.vectors", 
"PSO.index", "PSO.n.solutions", "PSO.generations", "PSO.n.evaluations", 
"PSO.cpu.time", "RS.cost", "RS.gamma", "RS.data.balancing", "RS.feature.selection", 
"RS.valid.acc", "RS.test.acc", "RS.train.time", "RS.n.support.vectors", 
"RS.index", "RS.n.solutions", "RS.generations", "RS.n.evaluations", 
"RS.cpu.time", "DF.cost", "DF.gamma", "DF.data.balancing", "DF.feature.selection", 
"DF.valid.acc", "DF.test.acc", "DF.train.time", "DF.n.support.vectors", 
"DF.index", "DF.n.solutions", "DF.generations", "DF.n.evaluations", 
"DF.cpu.time")))
