full <-
structure(c(50, 55, 60, 65, 70, 75, 80, 85, 90, 95, 100, 8.25275, 
7.17099, 7.54417, 6.32598, 8.40951, 9.01124, 9.80257, 10.83795, 
6.15345, 8.81994, 8.02515, -5.84268, -5.74564, -7.22732, -5.14905, 
-6.73986, -7.04869, -7.01856, -6.21462, -4.94707, -7.01416, -7.30626, 
0, 0, 0, 0, 0, 0, 0, 0, 0, 0, 0, 0, 0, 0, 0, 0, 0, 0, 0, 0, 0, 
0, 0.64102, 0.6461, 0.67186, 0.66122, 0.69299, 0.70327, 0.71245, 
0.7032, 0.72447, 0.7309, 0.71937, 0.61371, 0.64272, 0.66112, 
0.64797, 0.68236, 0.70571, 0.70808, 0.70097, 0.71407, 0.71725, 
0.7218, 1.948, 2.3261, 2.4972, 2.6831, 3.7269, 3.4308, 2.303, 
4.3314, 4.8366, 7.0651, 8.6171, 623.2, 677.6, 735.3, 794.8, 841, 
895.6, 950.8, 1006, 1066.5, 1106.1, 1157.4, 1295, 503, 795, 974, 
968, 722, 1301, 1761, 1219, 1028, 2371, 5, 668, 70, 84, 183, 
589, 7, 29, 238, 48, 2, 100, 100, 100, 100, 100, 100, 100, 100, 
100, 100, 100, 2500, 2500, 2500, 2500, 2500, 2500, 2500, 2500, 
2500, 2500, 2500, 66744.405, 73870.015, 77934.444, 84086.837, 
84308.037, 96761.721, 117522.165, 122715.999, 140033.603, 189862.419, 
197116.524, 9.91965, 7.10152, 9.85633, 5.92441, 13.25434, 8.81455, 
10.00852, 10.79244, 6.67216, 14.24348, 8.03279, -5.82143, -5.73239, 
-9.14913, -5.15547, -6.82093, -6.85156, -7.10129, -6.17327, -4.40823, 
-6.97779, -7.29562, 0, 0, 0, 0, 0, 0, 0, 0, 0, 0, 0, 0, 0, 0, 
0, 0, 0, 0, 0, 0, 0, 0, 0.6385, 0.6461, 0.66966, 0.65937, 0.68868, 
0.70235, 0.7109, 0.70244, 0.72026, 0.73008, 0.71747, 0.61382, 
0.64272, 0.65787, 0.6499, 0.68594, 0.70576, 0.70747, 0.7009, 
0.70858, 0.7133, 0.7218, 1.4142, 2.1828, 2.5601, 2.754, 3.7583, 
3.2823, 3.807, 4.4775, 4.9363, 5.3259, 8.5985, 623.5, 677.7, 
730.8, 795.3, 840.3, 895.4, 950.2, 1006.3, 1069, 1104.6, 1157.4, 
866, 814, 148, 1276, 33, 363, 159, 1459, 1008, 1586, 1590, 2, 
1, 1, 1, 7, 1, 2, 1, 1, 1, 1, 100, 100, 100, 100, 100, 100, 100, 
100, 100, 100, 100, 2500, 2500, 2500, 2500, 2500, 2500, 2500, 
2500, 2500, 2500, 2500, 56966.776, 71378.148, 78738.266, 70550.9449999999, 
104027.14, 103300.139, 115863.274, 142483.469, 144880.011, 176377.554, 
221801.284, 1, 1, 1, 1, 1, 1, 1, 1, 1, 1, 1, 0.01562, 0.01562, 
0.01562, 0.01562, 0.01562, 0.01562, 0.01562, 0.01562, 0.01562, 
0.01562, 0.01562, 0, 0, 0, 0, 0, 0, 0, 0, 0, 0, 0, 0, 0, 0, 0, 
0, 0, 0, 0, 0, 0, 0, 0.3251, 0.35631, 0.35229, 0.35217, 0.37982, 
0.39157, 0.38972, 0.40083, 0.39746, 0.42657, 0.46094, 0.32121, 
0.35204, 0.35849, 0.33898, 0.37123, 0.3928, 0.39411, 0.41028, 
0.4021, 0.43315, 0.46423, 2.2473, 2.3562, 2.4952, 1.6895, 3.967, 
3.446, 4.04, 4.7594, 5.1543, 5.6656, 8.7843, 639.1, 703.3, 767.4, 
831.2, 895, 959.1, 1022.6, 1086, 1148.6, 1211.6, 1274.8, 1, 1, 
1, 1, 1, 1, 1, 1, 1, 1, 1, 1, 1, 1, 1, 1, 1, 1, 1, 1, 1, 1, 1, 
1, 1, 1, 1, 1, 1, 1, 1, 1, 1, 1, 1, 1, 1, 1, 1, 1, 1, 1, 1, 1, 
27.818, 27.877, 29.345, 20.312, 46.321, 39.879, 46.58, 54.317, 
58.155, 64.724, 100.826), .Dim = c(11L, 40L), .Dimnames = list(
    NULL, c("Sampling", "PSO.cost", "PSO.gamma", "PSO.data.balancing", 
    "PSO.feature.selection", "PSO.valid.acc", "PSO.test.acc", 
    "PSO.train.time", "PSO.n.support.vectors", "PSO.index", "PSO.n.solutions", 
    "PSO.generations", "PSO.n.evaluations", "PSO.cpu.time", "RS.cost", 
    "RS.gamma", "RS.data.balancing", "RS.feature.selection", 
    "RS.valid.acc", "RS.test.acc", "RS.train.time", "RS.n.support.vectors", 
    "RS.index", "RS.n.solutions", "RS.generations", "RS.n.evaluations", 
    "RS.cpu.time", "DF.cost", "DF.gamma", "DF.data.balancing", 
    "DF.feature.selection", "DF.valid.acc", "DF.test.acc", "DF.train.time", 
    "DF.n.support.vectors", "DF.index", "DF.n.solutions", "DF.generations", 
    "DF.n.evaluations", "DF.cpu.time")))
