full <-
structure(c(50, 55, 60, 65, 70, 75, 80, 85, 90, 95, 100, 9.45231, 
6.5765, 5.53633, 12.89756, 11.03268, 10.10293, 7.57434, 7.8485, 
9.44429, 5.62091, 8.28529, -7.44691, -6.71473, -4.81686, -8.69592, 
-8.35418, -9.12907, -7.11641, -7.52079, -8.59329, -4.67659, -6.21129, 
0, 0, 0, 0, 0, 0, 0, 0, 0, 0, 0, 0, 0, 0, 0, 0, 0, 0, 0, 0, 0, 
0, 0.65738, 0.67788, 0.66621, 0.67944, 0.69952, 0.71356, 0.71414, 
0.72492, 0.72865, 0.72751, 0.72988, 0.65308, 0.65663, 0.65999, 
0.66418, 0.68662, 0.70102, 0.71463, 0.7145, 0.71878, 0.71482, 
0.71418, 2.098, 2.1568, 2.5303, 2.7335, 3.1642, 3.402, 4.7003, 
4.0546, 4.4443, 5.0062, 5.3395, 616.4, 679.4, 739.1, 786, 839.5, 
889.3, 947.2, 1005.6, 1045, 1114, 1160.7, 1098, 768, 865, 181, 
815, 2217, 849, 1059, 1573, 1803, 1165, 142, 203, 20, 649, 417, 
6, 104, 80, 60, 3, 176, 100, 100, 100, 100, 100, 100, 100, 100, 
100, 100, 100, 2500, 2500, 2500, 2500, 2500, 2500, 2500, 2500, 
2500, 2500, 2500, 62273.558, 68967.47, 76905.076, 80398.322, 
91175.5530000001, 98418.236, 133616.3, 127977.239, 127682.023, 
144855.755, 150143.697, 9.52833, 6.41195, 5.72335, 12.66893, 
10.48428, 10.21628, 7.36092, 7.75991, 9.47312, 5.83698, 9.19105, 
-7.41156, -6.53429, -4.96236, -8.67749, -6.97437, -9.18601, -6.94038, 
-7.4426, -8.63921, -5.72256, -6.3831, 0, 0, 0, 0, 0, 0, 0, 0, 
0, 0, 0, 0, 0, 0, 0, 0, 0, 0, 0, 0, 0, 0, 0.65491, 0.6732, 0.66311, 
0.67944, 0.69952, 0.71023, 0.71332, 0.72202, 0.72795, 0.72557, 
0.72862, 0.65321, 0.65896, 0.6631, 0.66418, 0.68284, 0.70185, 
0.71381, 0.71449, 0.71952, 0.72335, 0.71361, 2.0655, 2.2507, 
2.5792, 2.8414, 3.0507, 3.3476, 4.5559, 4.1543, 4.4814, 5.052, 
5.2443, 616.3, 679.3, 738.9, 785.9, 841.5, 889, 947.8, 1005.8, 
1044.7, 1113.2, 1159.6, 2350, 847, 888, 2159, 732, 1409, 1049, 
917, 337, 1452, 978, 1, 1, 2, 1, 1, 1, 1, 2, 1, 1, 1, 100, 100, 
100, 100, 100, 100, 100, 100, 100, 100, 100, 2500, 2500, 2500, 
2500, 2500, 2500, 2500, 2500, 2500, 2500, 2500, 63430.38, 70490.738, 
76765.651, 88999.2550000001, 97898.0129999999, 105965.032, 142796.343, 
130121.692, 142382.046, 153099.708, 161714.233, 1, 1, 1, 1, 1, 
1, 1, 1, 1, 1, 1, 0.01562, 0.01562, 0.01562, 0.01562, 0.01562, 
0.01562, 0.01562, 0.01562, 0.01562, 0.01562, 0.01562, 0, 0, 0, 
0, 0, 0, 0, 0, 0, 0, 0, 0, 0, 0, 0, 0, 0, 0, 0, 0, 0, 0, 0.34243, 
0.35825, 0.33355, 0.36559, 0.39816, 0.40669, 0.41172, 0.41462, 
0.44026, 0.44949, 0.46139, 0.34654, 0.33995, 0.33051, 0.3617, 
0.39812, 0.42293, 0.41027, 0.42944, 0.44078, 0.44109, 0.4649, 
2.0633, 2.472, 2.583, 3.2155, 3.4796, 4.4055, 4.7687, 4.4319, 
5.5373, 5.1818, 5.7128, 639, 703.2, 767.4, 830.3, 893.7, 957.4, 
1020.6, 1083.9, 1147.2, 1210.6, 1274, 1, 1, 1, 1, 1, 1, 1, 1, 
1, 1, 1, 1, 1, 1, 1, 1, 1, 1, 1, 1, 1, 1, 1, 1, 1, 1, 1, 1, 1, 
1, 1, 1, 1, 1, 1, 1, 1, 1, 1, 1, 1, 1, 1, 1, 24.66, 29.205, 30.39, 
37.263, 40.261, 50.973, 55.07, 50.207, 63.229, 58.564, 64.603
), .Dim = c(11L, 40L), .Dimnames = list(NULL, c("Sampling", "PSO.cost", 
"PSO.gamma", "PSO.data.balancing", "PSO.feature.selection", "PSO.valid.acc", 
"PSO.test.acc", "PSO.train.time", "PSO.n.support.vectors", "PSO.index", 
"PSO.n.solutions", "PSO.generations", "PSO.n.evaluations", "PSO.cpu.time", 
"RS.cost", "RS.gamma", "RS.data.balancing", "RS.feature.selection", 
"RS.valid.acc", "RS.test.acc", "RS.train.time", "RS.n.support.vectors", 
"RS.index", "RS.n.solutions", "RS.generations", "RS.n.evaluations", 
"RS.cpu.time", "DF.cost", "DF.gamma", "DF.data.balancing", "DF.feature.selection", 
"DF.valid.acc", "DF.test.acc", "DF.train.time", "DF.n.support.vectors", 
"DF.index", "DF.n.solutions", "DF.generations", "DF.n.evaluations", 
"DF.cpu.time")))
