full <-
structure(c(50, 55, 60, 65, 70, 75, 80, 85, 90, 95, 100, 13.1888, 
14.15786, 10.78749, 8.12439, 8.30344, 9.90567, 9.60935, 8.97571, 
7.1168, 7.83613, 5.75921, -10.71971, -12.81602, -6.94593, -6.79728, 
-7.4548, -8.36009, -6.90893, -7.80699, -6.5231, -7.73667, -4.97597, 
0, 0, 0, 0, 0, 0, 0, 0, 0, 0, 0, 0, 0, 0, 0, 0, 0, 0, 0, 0, 0, 
0, 0.653, 0.65873, 0.67208, 0.68706, 0.69796, 0.6995, 0.71872, 
0.70455, 0.70541, 0.71309, 0.73213, 0.64493, 0.63388, 0.65707, 
0.67664, 0.68514, 0.69016, 0.70349, 0.6929, 0.70442, 0.69936, 
0.72524, 1.4796, 2.3187, 2.3871, 2.6704, 3.4046, 4.0443, 4.7765, 
4.3944, 4.8436, 7.8139, 9.1317, 612.5, 669.2, 730.5, 785.3, 838.2, 
891.9, 950.4, 1003.4, 1064.3, 1104.5, 1168.8, 506, 848, 6, 767, 
1078, 830, 1010, 655, 1452, 1637, 965, 59, 46, 1199, 167, 84, 
154, 18, 75, 9, 93, 261, 100, 100, 100, 100, 100, 100, 100, 100, 
100, 100, 100, 2500, 2500, 2500, 2500, 2500, 2500, 2500, 2500, 
2500, 2500, 2500, 57363.753, 67465.076, 64752.727, 78937.514, 
100382.742, 110270.89, 134639.478, 145913.208, 139865.33, 198782.251, 
205022.015, 13.61044, 13.89275, 12.28344, 6.69821, 8.45714, 6.8781, 
13.75012, 9.7354, 4.81502, 8.25589, 6.11544, -10.69334, -12.87609, 
-6.93475, -5.54215, -7.51564, -5.80518, -6.91287, -7.96219, -3.25395, 
-7.77284, -5.63821, 0, 0, 0, 0, 0, 0, 0, 0, 0, 0, 0, 0, 0, 0, 
0, 0, 0, 0, 0, 0, 0, 0, 0.65053, 0.65869, 0.67208, 0.68413, 0.69613, 
0.69714, 0.7187, 0.70169, 0.70347, 0.71043, 0.72961, 0.64117, 
0.63635, 0.65707, 0.67186, 0.68696, 0.68677, 0.70265, 0.69438, 
0.6969, 0.69792, 0.72273, 2.1242, 2.0846, 2.5459, 2.7369, 3.2485, 
3.31, 3.7891, 6.2573, 6.7939, 5.4465, 4.3595, 612.4, 669.1, 730.6, 
786.7, 838.3, 898, 950.2, 1000.8, 1089, 1101.7, 1166.1, 1957, 
543, 489, 750, 842, 1498, 1357, 71, 1767, 2473, 1046, 1, 1, 11, 
1, 1, 1, 2, 1, 1, 1, 1, 100, 100, 100, 100, 100, 100, 100, 100, 
100, 100, 100, 2500, 2500, 2500, 2500, 2500, 2500, 2500, 2500, 
2500, 2500, 2500, 69597.194, 54865.742, 75274.335, 87050.759, 
101178.827, 122478.736, 130571.742, 164911.141, 170859.297, 174227.749, 
198476.77, 1, 1, 1, 1, 1, 1, 1, 1, 1, 1, 1, 0.01562, 0.01562, 
0.01562, 0.01562, 0.01562, 0.01562, 0.01562, 0.01562, 0.01562, 
0.01562, 0.01562, 0, 0, 0, 0, 0, 0, 0, 0, 0, 0, 0, 0, 0, 0, 0, 
0, 0, 0, 0, 0, 0, 0, 0.31676, 0.33875, 0.36452, 0.37106, 0.39295, 
0.39999, 0.41147, 0.41328, 0.42267, 0.45576, 0.46778, 0.31797, 
0.34278, 0.34783, 0.37414, 0.39508, 0.39707, 0.4071, 0.42797, 
0.43693, 0.4504, 0.45762, 2.2233, 1.4007, 2.465, 3.2464, 3.2474, 
3.619, 4.174, 4.7093, 8.0259, 5.8755, 5.1674, 639, 703, 766.8, 
829.5, 893.9, 958.1, 1021, 1084.8, 1148.4, 1210.5, 1274.8, 1, 
1, 1, 1, 1, 1, 1, 1, 1, 1, 1, 1, 1, 1, 1, 1, 1, 1, 1, 1, 1, 1, 
1, 1, 1, 1, 1, 1, 1, 1, 1, 1, 1, 1, 1, 1, 1, 1, 1, 1, 1, 1, 1, 
1, 27.526, 17.114, 29.207, 38.924, 37.56, 41.746, 47.69, 53.188, 
90.579, 66.467, 58.702), .Dim = c(11L, 40L), .Dimnames = list(
    NULL, c("Sampling", "PSO.cost", "PSO.gamma", "PSO.data.balancing", 
    "PSO.feature.selection", "PSO.valid.acc", "PSO.test.acc", 
    "PSO.train.time", "PSO.n.support.vectors", "PSO.index", "PSO.n.solutions", 
    "PSO.generations", "PSO.n.evaluations", "PSO.cpu.time", "RS.cost", 
    "RS.gamma", "RS.data.balancing", "RS.feature.selection", 
    "RS.valid.acc", "RS.test.acc", "RS.train.time", "RS.n.support.vectors", 
    "RS.index", "RS.n.solutions", "RS.generations", "RS.n.evaluations", 
    "RS.cpu.time", "DF.cost", "DF.gamma", "DF.data.balancing", 
    "DF.feature.selection", "DF.valid.acc", "DF.test.acc", "DF.train.time", 
    "DF.n.support.vectors", "DF.index", "DF.n.solutions", "DF.generations", 
    "DF.n.evaluations", "DF.cpu.time")))
