full <-
structure(c(50, 55, 60, 65, 70, 75, 80, 85, 90, 95, 100, 7.19677, 
7.66671, 7.53766, 4.15442, 11.16678, 4.98901, 11.99364, 5.45415, 
8.23238, 10.34512, 7.74422, -5.62412, -6.03046, -7.37023, -4.61834, 
-9.73522, -4.51407, -10.14374, -5.48437, -7.09477, -7.64854, 
-5.64641, 0, 0, 0, 0, 0, 0, 0, 0, 0, 0, 0, 0, 0, 0, 0, 0, 0, 
0, 0, 0, 0, 0, 0.65409, 0.66662, 0.68681, 0.68862, 0.68615, 0.68983, 
0.69326, 0.72267, 0.7254, 0.73193, 0.7349, 0.66208, 0.65937, 
0.6567, 0.67887, 0.68237, 0.66841, 0.67833, 0.69303, 0.71933, 
0.72323, 0.72941, 2.1497, 2.5486, 2.4775, 3.1901, 3.2968, 3.8591, 
3.3052, 3.8187, 4.6367, 4.9428, 5.6885, 621.4, 681.5, 738.4, 
802.8, 841.6, 917.8, 948.3, 1024.1, 1063.3, 1108.2, 1162, 483, 
408, 1551, 938, 1259, 1314, 2224, 1428, 1581, 1607, 744, 103, 
524, 6, 58, 121, 127, 1, 70, 57, 20, 14, 100, 100, 100, 100, 
100, 100, 100, 100, 100, 100, 100, 2500, 2500, 2500, 2500, 2500, 
2500, 2500, 2500, 2500, 2500, 2500, 64151.581, 76473.224, 73490.439, 
89138.948, 93138.8370000001, 107117.494, 100159.557, 110503.537, 
131115.033, 145637.151, 163485.361, 9.89723, 6.89497, 5.53903, 
4.16326, 11.8079, 5.30154, 13.3814, 5.63649, 7.86913, 9.6305, 
7.90482, -5.63611, -5.3867, -5.6889, -4.61938, -10.17239, -4.81949, 
-11.52255, -5.46856, -6.77703, -6.86313, -5.58084, 0, 0, 0, 0, 
0, 0, 0, 0, 0, 0, 0, 0, 0, 0, 0, 0, 0, 0, 0, 0, 0, 0, 0.65278, 
0.66427, 0.68919, 0.68672, 0.68605, 0.68655, 0.69245, 0.71824, 
0.7227, 0.73191, 0.73291, 0.66217, 0.65945, 0.6525, 0.67982, 
0.6806, 0.66749, 0.67703, 0.69958, 0.72137, 0.72478, 0.72945, 
1.9639, 2.4295, 2.6584, 2.9477, 3.3384, 3.6278, 3.4127, 4.3166, 
4.5248, 4.9171, 5.7855, 621.2, 682.4, 741.4, 802.8, 841, 916.4, 
947.8, 1022.8, 1064.5, 1112.6, 1163.6, 48, 1317, 58, 1581, 2439, 
1677, 715, 2201, 1300, 819, 1606, 4, 1, 1, 1, 1, 1, 3, 1, 1, 
1, 1, 100, 100, 100, 100, 100, 100, 100, 100, 100, 100, 100, 
2500, 2500, 2500, 2500, 2500, 2500, 2500, 2500, 2500, 2500, 2500, 
64121.587, 74002.929, 82908.949, 89563.3909999999, 104586.689, 
103595.929, 108252.748, 125854.51, 144949.964, 156689.637, 179028.091, 
1, 1, 1, 1, 1, 1, 1, 1, 1, 1, 1, 0.01562, 0.01562, 0.01562, 0.01562, 
0.01562, 0.01562, 0.01562, 0.01562, 0.01562, 0.01562, 0.01562, 
0, 0, 0, 0, 0, 0, 0, 0, 0, 0, 0, 0, 0, 0, 0, 0, 0, 0, 0, 0, 0, 
0, 0.30619, 0.30966, 0.31336, 0.32732, 0.34036, 0.35081, 0.35927, 
0.37725, 0.41838, 0.43485, 0.46633, 0.30189, 0.30381, 0.31244, 
0.32026, 0.32863, 0.33077, 0.36782, 0.38404, 0.42665, 0.43379, 
0.44635, 2.1942, 2.3747, 2.8882, 3.1037, 3.6067, 3.479, 3.6799, 
4.518, 5.3472, 5.3351, 6.2606, 639.9, 703.9, 767.6, 831.2, 894.9, 
958.5, 1021.2, 1085.3, 1148.6, 1212, 1273.9, 1, 1, 1, 1, 1, 1, 
1, 1, 1, 1, 1, 1, 1, 1, 1, 1, 1, 1, 1, 1, 1, 1, 1, 1, 1, 1, 1, 
1, 1, 1, 1, 1, 1, 1, 1, 1, 1, 1, 1, 1, 1, 1, 1, 1, 26.301, 28.02, 
33.85, 36.123, 41.768, 40.163, 42.038, 51.422, 60.65, 60.171, 
71.017), .Dim = c(11L, 40L), .Dimnames = list(NULL, c("Sampling", 
"PSO.cost", "PSO.gamma", "PSO.data.balancing", "PSO.feature.selection", 
"PSO.valid.acc", "PSO.test.acc", "PSO.train.time", "PSO.n.support.vectors", 
"PSO.index", "PSO.n.solutions", "PSO.generations", "PSO.n.evaluations", 
"PSO.cpu.time", "RS.cost", "RS.gamma", "RS.data.balancing", "RS.feature.selection", 
"RS.valid.acc", "RS.test.acc", "RS.train.time", "RS.n.support.vectors", 
"RS.index", "RS.n.solutions", "RS.generations", "RS.n.evaluations", 
"RS.cpu.time", "DF.cost", "DF.gamma", "DF.data.balancing", "DF.feature.selection", 
"DF.valid.acc", "DF.test.acc", "DF.train.time", "DF.n.support.vectors", 
"DF.index", "DF.n.solutions", "DF.generations", "DF.n.evaluations", 
"DF.cpu.time")))
