full <-
structure(c(50, 55, 60, 65, 70, 75, 80, 85, 90, 95, 100, 6.99065, 
13.00957, 4.76276, 9.96409, 14.51736, 12.6351, 6.87703, 6.56326, 
10.703, 6.89534, 6.19123, -6.7738, -11.15045, -5.06841, -8.02571, 
-13.48814, -11.84744, -6.28169, -6.37986, -9.26605, -6.40021, 
-5.52955, 0, 0, 0, 0, 0, 0, 0, 0, 0, 0, 0, 0, 0, 0, 0, 0, 0, 
0, 0, 0, 0, 0, 0.65566, 0.65308, 0.68138, 0.67476, 0.68314, 0.69919, 
0.70601, 0.7119, 0.70226, 0.72222, 0.72798, 0.63753, 0.64233, 
0.67081, 0.66569, 0.67016, 0.6857, 0.69428, 0.6985, 0.69595, 
0.71488, 0.71532, 1.9816, 2.2517, 3.0285, 3.9436, 4.1416, 4.1851, 
4.6664, 4.8149, 4.6544, 4.8484, 5.3333, 617.5, 667.4, 735.2, 
783.6, 834.4, 886.7, 955, 1012.9, 1046.1, 1115.1, 1162.7, 446, 
2063, 1475, 366, 2314, 2237, 668, 2380, 919, 864, 1438, 455, 
2, 14, 140, 2, 1, 376, 1, 37, 416, 7, 100, 100, 100, 100, 100, 
100, 100, 100, 100, 100, 100, 2500, 2500, 2500, 2500, 2500, 2500, 
2500, 2500, 2500, 2500, 2500, 59969.751, 67188.354, 92460.237, 
120980.244, 124803.399, 125101.114, 131785.62, 146227.616, 141467.372, 
140343.425, 153520.269, 4.90843, 13.54166, 4.6811, 11.73422, 
14.51777, 12.43335, 6.51203, 8.16713, 12.94531, 6.05614, 6.93981, 
-4.37461, -11.5539, -5.00661, -9.67752, -13.37164, -11.69803, 
-5.87128, -7.62027, -9.18673, -5.99703, -5.39359, 0, 0, 0, 0, 
0, 0, 0, 0, 0, 0, 0, 0, 0, 0, 0, 0, 0, 0, 0, 0, 0, 0, 0.65677, 
0.65196, 0.67943, 0.67366, 0.68053, 0.69752, 0.70363, 0.70802, 
0.70013, 0.72021, 0.72671, 0.64121, 0.64124, 0.66981, 0.66849, 
0.67284, 0.6857, 0.6975, 0.70446, 0.69652, 0.7097, 0.72168, 2.1509, 
2.158, 3.0626, 4.1918, 3.8973, 4.2869, 4.4915, 4.9876, 4.5774, 
5.0697, 5.5054, 622.7, 667.5, 735.4, 779.8, 834.7, 886.9, 956, 
1008.6, 1044.9, 1116.5, 1163.4, 530, 1528, 1596, 182, 1746, 1044, 
1575, 1758, 1828, 1601, 897, 1, 1, 1, 1, 1, 1, 1, 1, 1, 1, 1, 
100, 100, 100, 100, 100, 100, 100, 100, 100, 100, 100, 2500, 
2500, 2500, 2500, 2500, 2500, 2500, 2500, 2500, 2500, 2500, 63249.22, 
71126.174, 100967.69, 129684.798, 126883.161, 132161.025, 140539.52, 
152653.152, 153207.171, 155605.727, 175873.713, 1, 1, 1, 1, 1, 
1, 1, 1, 1, 1, 1, 0.01562, 0.01562, 0.01562, 0.01562, 0.01562, 
0.01562, 0.01562, 0.01562, 0.01562, 0.01562, 0.01562, 0, 0, 0, 
0, 0, 0, 0, 0, 0, 0, 0, 0, 0, 0, 0, 0, 0, 0, 0, 0, 0, 0, 0.25546, 
0.29607, 0.33685, 0.33871, 0.34823, 0.35009, 0.37349, 0.3841, 
0.40578, 0.43476, 0.44098, 0.25404, 0.2976, 0.33302, 0.33907, 
0.35585, 0.35608, 0.37672, 0.37719, 0.40219, 0.44568, 0.44956, 
2.0543, 2.4324, 3.5737, 4.2149, 4.1236, 4.4763, 5.0283, 5.467, 
4.7893, 5.3551, 6.6293, 637.7, 702, 766.1, 829.9, 893.8, 957.7, 
1022, 1085.7, 1148, 1211.6, 1274.4, 1, 1, 1, 1, 1, 1, 1, 1, 1, 
1, 1, 1, 1, 1, 1, 1, 1, 1, 1, 1, 1, 1, 1, 1, 1, 1, 1, 1, 1, 1, 
1, 1, 1, 1, 1, 1, 1, 1, 1, 1, 1, 1, 1, 1, 24.455, 28.848, 42.569, 
49.807, 48.418, 52.382, 57.893, 62.154, 54.332, 60.467, 75.121
), .Dim = c(11L, 40L), .Dimnames = list(NULL, c("Sampling", "PSO.cost", 
"PSO.gamma", "PSO.data.balancing", "PSO.feature.selection", "PSO.valid.acc", 
"PSO.test.acc", "PSO.train.time", "PSO.n.support.vectors", "PSO.index", 
"PSO.n.solutions", "PSO.generations", "PSO.n.evaluations", "PSO.cpu.time", 
"RS.cost", "RS.gamma", "RS.data.balancing", "RS.feature.selection", 
"RS.valid.acc", "RS.test.acc", "RS.train.time", "RS.n.support.vectors", 
"RS.index", "RS.n.solutions", "RS.generations", "RS.n.evaluations", 
"RS.cpu.time", "DF.cost", "DF.gamma", "DF.data.balancing", "DF.feature.selection", 
"DF.valid.acc", "DF.test.acc", "DF.train.time", "DF.n.support.vectors", 
"DF.index", "DF.n.solutions", "DF.generations", "DF.n.evaluations", 
"DF.cpu.time")))
