full <-
structure(c(50, 55, 60, 65, 70, 75, 80, 85, 90, 95, 100, 9.08237, 
11.0186, 9.22786, 12.10664, 7.31256, 12.43178, 6.08298, 6.36377, 
7.85606, 6.67233, 10.06984, -8.56062, -10.39591, -5.5413, -10.12947, 
-7.40258, -5.61248, -5.88632, -4.68376, -7.27802, -5.8833, -9.1344, 
0, 0, 0, 0, 0, 0, 0, 0, 0, 0, 0, 0, 0, 0, 0, 0, 0, 0, 0, 0, 0, 
0, 0.67454, 0.67761, 0.69206, 0.69459, 0.71275, 0.692, 0.70617, 
0.70734, 0.71909, 0.71644, 0.7339, 0.64578, 0.68023, 0.68581, 
0.68671, 0.68397, 0.68946, 0.70083, 0.70176, 0.69582, 0.7101, 
0.72751, 2.351, 2.531, 2.6048, 3.0772, 3.4301, 3.916, 4.3555, 
4.8511, 5.0581, 5.1962, 5.888, 619.9, 673.4, 736.6, 778.8, 839.9, 
899.7, 960.9, 1016.1, 1058.5, 1110.3, 1150.4, 1209, 2096, 840, 
1771, 2174, 937, 2267, 746, 913, 577, 1332, 14, 1, 49, 2, 9, 
5, 2, 100, 244, 343, 2, 100, 100, 100, 100, 100, 100, 100, 100, 
100, 100, 100, 2500, 2500, 2500, 2500, 2500, 2500, 2500, 2500, 
2500, 2500, 2500, 68135.937, 74607.047, 76183.16, 91190.519, 
101687.655, 111067.147, 125106.768, 139069.557, 142391.213, 149340.227, 
167969.935, 8.49602, 11.9326, 8.78443, 12.11926, 7.37227, 14.70399, 
6.12132, 5.31052, 7.7236, 5.09034, 10.05634, -8.58905, -11.0573, 
-6.84928, -10.15613, -7.40751, -5.58485, -5.91015, -5.65768, 
-7.28705, -4.94326, -8.99786, 0, 0, 0, 0, 0, 0, 0, 0, 0, 0, 0, 
0, 0, 0, 0, 0, 0, 0, 0, 0, 0, 0, 0.67184, 0.67521, 0.68952, 0.69459, 
0.71098, 0.69115, 0.70306, 0.70473, 0.71705, 0.71487, 0.73318, 
0.63935, 0.67783, 0.6691, 0.68671, 0.68836, 0.69024, 0.70003, 
0.69716, 0.69647, 0.71923, 0.72795, 2.1788, 2.2799, 2.7717, 3.2545, 
3.4713, 3.6212, 4.5611, 4.7711, 4.9159, 5.2656, 6.007, 620.8, 
672.9, 733, 778.5, 839.4, 899.7, 960.8, 1020.8, 1059.9, 1120.9, 
1149.9, 1479, 1224, 1819, 930, 1655, 1362, 26, 1478, 1553, 188, 
1702, 1, 1, 1, 1, 1, 1, 1, 1, 1, 1, 1, 100, 100, 100, 100, 100, 
100, 100, 100, 100, 100, 100, 2500, 2500, 2500, 2500, 2500, 2500, 
2500, 2500, 2500, 2500, 2500, 69909.107, 72558.021, 86774.065, 
101430.915, 107274.806, 110842.284, 126433.13, 144453.716, 155103.526, 
168671.234, 186152.135, 1, 1, 1, 1, 1, 1, 1, 1, 1, 1, 1, 0.01562, 
0.01562, 0.01562, 0.01562, 0.01562, 0.01562, 0.01562, 0.01562, 
0.01562, 0.01562, 0.01562, 0, 0, 0, 0, 0, 0, 0, 0, 0, 0, 0, 0, 
0, 0, 0, 0, 0, 0, 0, 0, 0, 0, 0.29213, 0.27924, 0.3036, 0.34602, 
0.40185, 0.41034, 0.41564, 0.41432, 0.43214, 0.43009, 0.46684, 
0.28731, 0.29059, 0.30692, 0.34508, 0.39068, 0.40682, 0.42259, 
0.40801, 0.4315, 0.42629, 0.46107, 2.3016, 2.4228, 2.8524, 3.5096, 
3.6769, 4.048, 4.0528, 4.9799, 5.1879, 5.8974, 6.3762, 639.7, 
703.6, 767.3, 830.7, 894.9, 959, 1022.5, 1086.1, 1149.1, 1211.3, 
1274.2, 1, 1, 1, 1, 1, 1, 1, 1, 1, 1, 1, 1, 1, 1, 1, 1, 1, 1, 
1, 1, 1, 1, 1, 1, 1, 1, 1, 1, 1, 1, 1, 1, 1, 1, 1, 1, 1, 1, 1, 
1, 1, 1, 1, 1, 27.279, 28.598, 33.409, 40.835, 42.661, 46.666, 
46.534, 56.632, 58.751, 66.809, 72.417), .Dim = c(11L, 40L), .Dimnames = list(
    NULL, c("Sampling", "PSO.cost", "PSO.gamma", "PSO.data.balancing", 
    "PSO.feature.selection", "PSO.valid.acc", "PSO.test.acc", 
    "PSO.train.time", "PSO.n.support.vectors", "PSO.index", "PSO.n.solutions", 
    "PSO.generations", "PSO.n.evaluations", "PSO.cpu.time", "RS.cost", 
    "RS.gamma", "RS.data.balancing", "RS.feature.selection", 
    "RS.valid.acc", "RS.test.acc", "RS.train.time", "RS.n.support.vectors", 
    "RS.index", "RS.n.solutions", "RS.generations", "RS.n.evaluations", 
    "RS.cpu.time", "DF.cost", "DF.gamma", "DF.data.balancing", 
    "DF.feature.selection", "DF.valid.acc", "DF.test.acc", "DF.train.time", 
    "DF.n.support.vectors", "DF.index", "DF.n.solutions", "DF.generations", 
    "DF.n.evaluations", "DF.cpu.time")))
