full <-
structure(c(50, 55, 60, 65, 70, 75, 80, 85, 90, 95, 100, 11.68752, 
12.29328, 9.66078, 6.17269, 7.84779, 8.22738, 9.61462, 10.46974, 
12.61617, 9.20185, 6.89553, -11.27002, -11.9032, -9.2345, -6.14325, 
-6.72, -6.84933, -9.65483, -7.97907, -8.97592, -7.92009, -6.19314, 
0, 0, 0, 0, 0, 0, 0, 0, 0, 0, 0, 0, 0, 0, 0, 0, 0, 0, 0, 0, 0, 
0, 0.64742, 0.6596, 0.67843, 0.69386, 0.69806, 0.69744, 0.70052, 
0.71644, 0.71133, 0.73077, 0.72702, 0.63312, 0.64714, 0.67808, 
0.6965, 0.69001, 0.69852, 0.70154, 0.70731, 0.71647, 0.71907, 
0.72701, 2.2171, 2.0581, 2.3347, 2.707, 3.5153, 3.3077, 4.5925, 
4.3925, 5.6565, 5.1935, 6.0958, 615.3, 672.2, 731.4, 789.1, 842.2, 
894.5, 949.2, 996.6, 1038.3, 1098.1, 1165.7, 610, 1022, 1141, 
1711, 1869, 1583, 837, 2256, 734, 904, 1039, 12, 90, 88, 17, 
7, 35, 38, 8, 588, 56, 54, 100, 100, 100, 100, 100, 100, 100, 
100, 100, 100, 100, 2500, 2500, 2500, 2500, 2500, 2500, 2500, 
2500, 2500, 2500, 2500, 67039.869, 65592.824, 70169.833, 82231.419, 
102457.887, 92760.3670000001, 97295.732, 124504.554, 157065.877, 
157454.923, 187749.657, 8.45232, 12.17545, 9.64875, 5.9374, 7.89232, 
8.92256, 11.19772, 10.33864, 12.18226, 10.67325, 6.78062, -8.03593, 
-11.6039, -9.17622, -5.95995, -6.73959, -7.48976, -10.86613, 
-7.74035, -8.89804, -9.2233, -6.09617, 0, 0, 0, 0, 0, 0, 0, 0, 
0, 0, 0, 0, 0, 0, 0, 0, 0, 0, 0, 0, 0, 0, 0.64483, 0.65875, 0.67529, 
0.68995, 0.69629, 0.69668, 0.69904, 0.71498, 0.70931, 0.73015, 
0.72573, 0.63069, 0.65066, 0.67807, 0.69839, 0.68997, 0.69609, 
0.69918, 0.70596, 0.71784, 0.71907, 0.72827, 2.0164, 2.1264, 
1.4328, 2.9941, 2.9697, 3.7738, 3.8306, 4.705, 4.7631, 7.1684, 
6.324, 618.3, 671.4, 731.6, 789.9, 842, 892.9, 946.5, 996.8, 
1039.3, 1092.5, 1166.2, 250, 2241, 1950, 2279, 1872, 2268, 914, 
1022, 2423, 2477, 298, 1, 1, 1, 1, 1, 1, 1, 1, 1, 1, 1, 100, 
100, 100, 100, 100, 100, 100, 100, 100, 100, 100, 2500, 2500, 
2500, 2500, 2500, 2500, 2500, 2500, 2500, 2500, 2500, 59043.03, 
69268.667, 68091.943, 89445.24, 95525.416, 98609.794, 118054.335, 
153644.806, 160075.492, 199237.232, 189839.255, 1, 1, 1, 1, 1, 
1, 1, 1, 1, 1, 1, 0.01562, 0.01562, 0.01562, 0.01562, 0.01562, 
0.01562, 0.01562, 0.01562, 0.01562, 0.01562, 0.01562, 0, 0, 0, 
0, 0, 0, 0, 0, 0, 0, 0, 0, 0, 0, 0, 0, 0, 0, 0, 0, 0, 0, 0.28772, 
0.33244, 0.33135, 0.35874, 0.37175, 0.37735, 0.38666, 0.4107, 
0.41468, 0.43498, 0.46944, 0.28794, 0.34175, 0.32328, 0.36362, 
0.3678, 0.37809, 0.37709, 0.40892, 0.42446, 0.42588, 0.46195, 
2.0484, 2.3008, 2.7675, 3.2497, 3.6103, 3.8451, 4.1334, 6.3359, 
5.1821, 7.4737, 8.6787, 639.7, 702.5, 766.7, 829.6, 893.1, 957.3, 
1020.4, 1084.2, 1146.7, 1210.4, 1274.2, 1, 1, 1, 1, 1, 1, 1, 
1, 1, 1, 1, 1, 1, 1, 1, 1, 1, 1, 1, 1, 1, 1, 1, 1, 1, 1, 1, 1, 
1, 1, 1, 1, 1, 1, 1, 1, 1, 1, 1, 1, 1, 1, 1, 1, 24.548, 27.456, 
33.459, 38.495, 43.13, 45.012, 47.641, 72.884, 58.923, 86.234, 
100.746), .Dim = c(11L, 40L), .Dimnames = list(NULL, c("Sampling", 
"PSO.cost", "PSO.gamma", "PSO.data.balancing", "PSO.feature.selection", 
"PSO.valid.acc", "PSO.test.acc", "PSO.train.time", "PSO.n.support.vectors", 
"PSO.index", "PSO.n.solutions", "PSO.generations", "PSO.n.evaluations", 
"PSO.cpu.time", "RS.cost", "RS.gamma", "RS.data.balancing", "RS.feature.selection", 
"RS.valid.acc", "RS.test.acc", "RS.train.time", "RS.n.support.vectors", 
"RS.index", "RS.n.solutions", "RS.generations", "RS.n.evaluations", 
"RS.cpu.time", "DF.cost", "DF.gamma", "DF.data.balancing", "DF.feature.selection", 
"DF.valid.acc", "DF.test.acc", "DF.train.time", "DF.n.support.vectors", 
"DF.index", "DF.n.solutions", "DF.generations", "DF.n.evaluations", 
"DF.cpu.time")))
