full <-
structure(c(50, 55, 60, 65, 70, 75, 80, 85, 90, 95, 100, 9.07209, 
8.13784, 6.46043, 8.71204, 9.22855, 9.54831, 10.82555, 7.10606, 
8.60272, 5.60941, 5.2807, -6.79938, -6.51338, -5.46775, -9.26994, 
-7.34265, -9.06375, -10.48905, -5.33623, -6.84962, -4.90886, 
-5.04868, 0, 0, 0, 0, 0, 0, 0, 0, 0, 0, 0, 0, 0, 0, 0, 0, 0, 
0, 0, 0, 0, 0, 0.66813, 0.68137, 0.68275, 0.69936, 0.70525, 0.7042, 
0.7095, 0.72386, 0.72894, 0.7163, 0.7263, 0.66249, 0.67139, 0.67476, 
0.68075, 0.69122, 0.6941, 0.70495, 0.71191, 0.72369, 0.71099, 
0.71616, 1.8876, 2.547, 2.7486, 2.8219, 3.545, 3.2208, 3.4265, 
3.777, 4.5617, 5.1376, 5.7493, 613.7, 671.8, 732.4, 782.5, 840.7, 
895.1, 945.8, 1016, 1057.7, 1122.5, 1171.7, 693, 1202, 1213, 
1781, 773, 2310, 2298, 1307, 960, 2129, 1709, 254, 276, 144, 
2, 429, 1, 1, 236, 235, 1, 11, 100, 100, 100, 100, 100, 100, 
100, 100, 100, 100, 100, 2500, 2500, 2500, 2500, 2500, 2500, 
2500, 2500, 2500, 2500, 2500, 59254.345, 74872.11, 77611.385, 
83628.91, 100888.401, 97919.7139999999, 101706.958, 118351.693, 
132557.041, 142026.842, 166878.294, 9.11155, 6.99919, 6.37305, 
8.30342, 9.13628, 9.60395, 8.6045, 7.2744, 9.02332, 5.55438, 
5.53264, -6.79023, -6.67845, -5.36242, -8.31408, -7.34681, -9.12222, 
-8.69107, -5.34937, -6.75354, -4.86341, -5.02051, 0, 0, 0, 0, 
0, 0, 0, 0, 0, 0, 0, 0, 0, 0, 0, 0, 0, 0, 0, 0, 0, 0, 0.66813, 
0.6778, 0.68061, 0.69762, 0.7044, 0.70342, 0.70725, 0.72168, 
0.72553, 0.7163, 0.725, 0.66249, 0.67211, 0.67665, 0.68388, 0.69033, 
0.69076, 0.69932, 0.71186, 0.72498, 0.711, 0.71992, 2.0496, 2.3703, 
2.5984, 2.7879, 3.3142, 3.2043, 3.3506, 4.3053, 4.7961, 5.1305, 
5.8963, 613.9, 672.3, 732.6, 782.3, 840.6, 894.9, 951.2, 1015.7, 
1057, 1122.3, 1169.3, 298, 1119, 673, 2215, 2061, 1998, 1091, 
1250, 1380, 1302, 2315, 1, 1, 1, 1, 1, 1, 1, 1, 1, 1, 1, 100, 
100, 100, 100, 100, 100, 100, 100, 100, 100, 100, 2500, 2500, 
2500, 2500, 2500, 2500, 2500, 2500, 2500, 2500, 2500, 64619.635, 
72504.478, 80390.788, 90944.873, 103107.158, 101688.804, 106865.058, 
134800.852, 147285.104, 156479.842, 179984.532, 1, 1, 1, 1, 1, 
1, 1, 1, 1, 1, 1, 0.01562, 0.01562, 0.01562, 0.01562, 0.01562, 
0.01562, 0.01562, 0.01562, 0.01562, 0.01562, 0.01562, 0, 0, 0, 
0, 0, 0, 0, 0, 0, 0, 0, 0, 0, 0, 0, 0, 0, 0, 0, 0, 0, 0, 0.30855, 
0.31714, 0.32673, 0.3788, 0.3796, 0.37839, 0.39701, 0.41256, 
0.4252, 0.44859, 0.45741, 0.31855, 0.33642, 0.33029, 0.38263, 
0.38278, 0.3852, 0.4018, 0.40626, 0.43435, 0.4486, 0.46848, 2.2033, 
2.4684, 2.7721, 3.0905, 3.5349, 3.4691, 3.5989, 4.6488, 5.1082, 
5.6324, 6.0793, 639, 702.3, 766.6, 829.9, 893.8, 957.7, 1020.9, 
1084.4, 1147.8, 1211.1, 1274.3, 1, 1, 1, 1, 1, 1, 1, 1, 1, 1, 
1, 1, 1, 1, 1, 1, 1, 1, 1, 1, 1, 1, 1, 1, 1, 1, 1, 1, 1, 1, 1, 
1, 1, 1, 1, 1, 1, 1, 1, 1, 1, 1, 1, 1, 26.38, 28.987, 32.383, 
35.933, 40.985, 39.95, 41.194, 52.598, 57.94, 63.668, 68.664), .Dim = c(11L, 
40L), .Dimnames = list(NULL, c("Sampling", "PSO.cost", "PSO.gamma", 
"PSO.data.balancing", "PSO.feature.selection", "PSO.valid.acc", 
"PSO.test.acc", "PSO.train.time", "PSO.n.support.vectors", "PSO.index", 
"PSO.n.solutions", "PSO.generations", "PSO.n.evaluations", "PSO.cpu.time", 
"RS.cost", "RS.gamma", "RS.data.balancing", "RS.feature.selection", 
"RS.valid.acc", "RS.test.acc", "RS.train.time", "RS.n.support.vectors", 
"RS.index", "RS.n.solutions", "RS.generations", "RS.n.evaluations", 
"RS.cpu.time", "DF.cost", "DF.gamma", "DF.data.balancing", "DF.feature.selection", 
"DF.valid.acc", "DF.test.acc", "DF.train.time", "DF.n.support.vectors", 
"DF.index", "DF.n.solutions", "DF.generations", "DF.n.evaluations", 
"DF.cpu.time")))
