full <-
structure(c(50, 55, 60, 65, 70, 75, 80, 85, 90, 95, 100, 10.11879, 
5.87426, 6.94365, 8.22134, 7.86922, 10.28366, 9.30882, 7.9553, 
11.00814, 7.74247, 5.17829, -8.23036, -5.48464, -6.43678, -7.53334, 
-7.23573, -8.56763, -7.46796, -6.64628, -6.87246, -7.28638, -4.65429, 
0, 0, 0, 0, 0, 0, 0, 0, 0, 0, 0, 0, 0, 0, 0, 0, 0, 0, 0, 0, 0, 
0, 0.62947, 0.65086, 0.67415, 0.68582, 0.68915, 0.70142, 0.71278, 
0.72404, 0.71886, 0.7194, 0.72721, 0.64002, 0.63587, 0.67304, 
0.67525, 0.68763, 0.69644, 0.7034, 0.71116, 0.70514, 0.70182, 
0.71377, 1.9739, 3.8997, 3.2474, 4.2509, 3.8506, 4.3037, 4.5017, 
5.6922, 6.3392, 6.7633, 6.7477, 617.7, 677.1, 737.6, 786.2, 843.9, 
887.5, 938.8, 1001.4, 1052.1, 1108.8, 1173.8, 1395, 912, 2106, 
1286, 1671, 556, 1811, 1521, 923, 1779, 1369, 30, 331, 1, 68, 
6, 140, 13, 38, 19, 20, 48, 100, 100, 100, 100, 100, 100, 100, 
100, 100, 100, 100, 2500, 2500, 2500, 2500, 2500, 2500, 2500, 
2500, 2500, 2500, 2500, 62720.995, 111920.081, 104057.506, 122294.74, 
115680.309, 120721.709, 130712.081, 157132.014, 178912.36, 191351.93, 
191185.477, 9.58741, 5.61145, 6.93634, 8.81488, 7.76577, 10.23327, 
9.69855, 6.50735, 10.45187, 8.18786, 4.6159, -8.22936, -5.33674, 
-7.00144, -7.11264, -7.15728, -9.16155, -7.76034, -6.7234, -6.8364, 
-7.73264, -4.2851, 0, 0, 0, 0, 0, 0, 0, 0, 0, 0, 0, 0, 0, 0, 
0, 0, 0, 0, 0, 0, 0, 0, 0.62932, 0.6474, 0.67235, 0.68396, 0.68742, 
0.69968, 0.70808, 0.72174, 0.71746, 0.71619, 0.72357, 0.6422, 
0.6417, 0.65767, 0.67138, 0.68763, 0.69901, 0.70259, 0.71337, 
0.70382, 0.69582, 0.71243, 1.9245, 3.7859, 3.5262, 4.3869, 3.6044, 
4.171, 4.8503, 5.5311, 5.9496, 6.7972, 6.9169, 618.2, 677.6, 
737.7, 787.2, 843.9, 885.8, 938.2, 1007.1, 1052.6, 1106.1, 1180.6, 
2484, 1478, 1243, 957, 652, 1517, 2472, 83, 2112, 796, 794, 1, 
1, 1, 1, 1, 1, 1, 2, 1, 1, 1, 100, 100, 100, 100, 100, 100, 100, 
100, 100, 100, 100, 2500, 2500, 2500, 2500, 2500, 2500, 2500, 
2500, 2500, 2500, 2500, 61864.489, 119244.58, 98090.79, 123483.808, 
117145.028, 132110.31, 148969.692, 171808.692, 183179.67, 200089.449, 
208101.813, 1, 1, 1, 1, 1, 1, 1, 1, 1, 1, 1, 0.01562, 0.01562, 
0.01562, 0.01562, 0.01562, 0.01562, 0.01562, 0.01562, 0.01562, 
0.01562, 0.01562, 0, 0, 0, 0, 0, 0, 0, 0, 0, 0, 0, 0, 0, 0, 0, 
0, 0, 0, 0, 0, 0, 0, 0.30199, 0.32671, 0.36621, 0.37716, 0.38622, 
0.40435, 0.42181, 0.4329, 0.43152, 0.43935, 0.46375, 0.29342, 
0.32759, 0.36165, 0.37511, 0.39158, 0.40676, 0.43576, 0.42384, 
0.44383, 0.44601, 0.46161, 2.0225, 3.6935, 3.6492, 3.3492, 3.8958, 
4.4384, 5.3901, 6.6102, 6.3408, 6.6316, 7.0863, 639.8, 703.7, 
767.6, 831.4, 895, 957.9, 1020.2, 1083.9, 1147.6, 1211.6, 1275, 
1, 1, 1, 1, 1, 1, 1, 1, 1, 1, 1, 1, 1, 1, 1, 1, 1, 1, 1, 1, 1, 
1, 1, 1, 1, 1, 1, 1, 1, 1, 1, 1, 1, 1, 1, 1, 1, 1, 1, 1, 1, 1, 
1, 1, 24.194, 44.457, 43.402, 38.918, 45.48, 51.509, 62.621, 
75.814, 72.205, 75.391, 80.596), .Dim = c(11L, 40L), .Dimnames = list(
    NULL, c("Sampling", "PSO.cost", "PSO.gamma", "PSO.data.balancing", 
    "PSO.feature.selection", "PSO.valid.acc", "PSO.test.acc", 
    "PSO.train.time", "PSO.n.support.vectors", "PSO.index", "PSO.n.solutions", 
    "PSO.generations", "PSO.n.evaluations", "PSO.cpu.time", "RS.cost", 
    "RS.gamma", "RS.data.balancing", "RS.feature.selection", 
    "RS.valid.acc", "RS.test.acc", "RS.train.time", "RS.n.support.vectors", 
    "RS.index", "RS.n.solutions", "RS.generations", "RS.n.evaluations", 
    "RS.cpu.time", "DF.cost", "DF.gamma", "DF.data.balancing", 
    "DF.feature.selection", "DF.valid.acc", "DF.test.acc", "DF.train.time", 
    "DF.n.support.vectors", "DF.index", "DF.n.solutions", "DF.generations", 
    "DF.n.evaluations", "DF.cpu.time")))
