full <-
structure(c(50, 55, 60, 65, 70, 75, 80, 85, 90, 95, 100, 7.93574, 
9.34762, 12.09737, 7.60029, 10.75393, 6.78447, 13.02878, 8.08861, 
12.88815, 6.86514, 8.29451, -6.14353, -9.39353, -10.0421, -6.3163, 
-8.62205, -6.46997, -10.50885, -6.68504, -6.92944, -5.84886, 
-5.58339, 0, 0, 0, 0, 0, 0, 0, 0, 0, 0, 0, 0, 0, 0, 0, 0, 0, 
0, 0, 0, 0, 0, 0.6368, 0.66784, 0.66103, 0.67902, 0.69547, 0.70011, 
0.70549, 0.72373, 0.72628, 0.73136, 0.73985, 0.65081, 0.648, 
0.65218, 0.68085, 0.68698, 0.6977, 0.7074, 0.71333, 0.71278, 
0.71809, 0.72538, 2.0362, 2.267, 2.4048, 3.0618, 3.0224, 3.8221, 
3.5527, 3.8156, 4.9095, 5.0944, 5.7175, 613.1, 667.9, 726.8, 
788.4, 835.7, 900.7, 940.6, 1003.6, 1050.4, 1106.1, 1161.9, 672, 
1502, 427, 1002, 1596, 2294, 597, 1030, 988, 980, 1463, 183, 
45, 192, 164, 4, 2, 97, 51, 16, 88, 7, 100, 100, 100, 100, 100, 
100, 100, 100, 100, 100, 100, 2500, 2500, 2500, 2500, 2500, 2500, 
2500, 2500, 2500, 2500, 2500, 61638.47, 67552.148, 72178.279, 
86017.749, 87397.876, 109157.168, 103197.374, 113567.094, 135678.105, 
147777.788, 162791.695, 7.82706, 8.64695, 8.15148, 5.85577, 11.10489, 
7.83432, 13.04206, 10.27177, 8.31112, 6.75635, 8.47011, -6.09435, 
-8.92199, -8.31795, -6.34005, -9.03435, -6.59119, -10.38149, 
-8.65168, -6.74318, -5.77226, -5.71694, 0, 0, 0, 0, 0, 0, 0, 
0, 0, 0, 0, 0, 0, 0, 0, 0, 0, 0, 0, 0, 0, 0, 0.63305, 0.66436, 
0.66293, 0.67534, 0.69348, 0.69588, 0.70395, 0.72287, 0.72496, 
0.73066, 0.73802, 0.65206, 0.64569, 0.65096, 0.67526, 0.6834, 
0.69361, 0.70663, 0.71895, 0.72195, 0.72139, 0.72606, 1.9596, 
2.163, 2.279, 2.708, 3.0886, 3.5626, 3.623, 4.0901, 4.6603, 5.318, 
5.5924, 613.2, 668.6, 730.7, 791.9, 835.1, 898.3, 940.8, 994.7, 
1052.6, 1106.9, 1160.7, 56, 1214, 1735, 1011, 1395, 757, 252, 
44, 879, 1760, 1283, 1, 1, 1, 1, 1, 2, 1, 1, 1, 1, 1, 100, 100, 
100, 100, 100, 100, 100, 100, 100, 100, 100, 2500, 2500, 2500, 
2500, 2500, 2500, 2500, 2500, 2500, 2500, 2500, 62031.862, 70169.252, 
76376.618, 85953.09, 94110.542, 110526.481, 112657.683, 127720.259, 
145365.868, 159533.919, 175993.29, 1, 1, 1, 1, 1, 1, 1, 1, 1, 
1, 1, 0.01562, 0.01562, 0.01562, 0.01562, 0.01562, 0.01562, 0.01562, 
0.01562, 0.01562, 0.01562, 0.01562, 0, 0, 0, 0, 0, 0, 0, 0, 0, 
0, 0, 0, 0, 0, 0, 0, 0, 0, 0, 0, 0, 0, 0.3038, 0.32835, 0.34719, 
0.36736, 0.37917, 0.40079, 0.39715, 0.41077, 0.44561, 0.45486, 
0.44775, 0.30716, 0.32625, 0.36046, 0.37965, 0.37501, 0.39314, 
0.40257, 0.42121, 0.42527, 0.45647, 0.45434, 2.0211, 2.2738, 
2.7237, 2.863, 3.4656, 3.7318, 3.7816, 4.3332, 5.1309, 5.4757, 
5.8972, 639.1, 702.7, 766.2, 829.4, 894, 957.1, 1020.4, 1083.3, 
1147.5, 1210.7, 1274.5, 1, 1, 1, 1, 1, 1, 1, 1, 1, 1, 1, 1, 1, 
1, 1, 1, 1, 1, 1, 1, 1, 1, 1, 1, 1, 1, 1, 1, 1, 1, 1, 1, 1, 1, 
1, 1, 1, 1, 1, 1, 1, 1, 1, 1, 24.219, 26.988, 32.076, 33.335, 
40.06, 42.919, 43.564, 49.134, 58.408, 62, 66.674), .Dim = c(11L, 
40L), .Dimnames = list(NULL, c("Sampling", "PSO.cost", "PSO.gamma", 
"PSO.data.balancing", "PSO.feature.selection", "PSO.valid.acc", 
"PSO.test.acc", "PSO.train.time", "PSO.n.support.vectors", "PSO.index", 
"PSO.n.solutions", "PSO.generations", "PSO.n.evaluations", "PSO.cpu.time", 
"RS.cost", "RS.gamma", "RS.data.balancing", "RS.feature.selection", 
"RS.valid.acc", "RS.test.acc", "RS.train.time", "RS.n.support.vectors", 
"RS.index", "RS.n.solutions", "RS.generations", "RS.n.evaluations", 
"RS.cpu.time", "DF.cost", "DF.gamma", "DF.data.balancing", "DF.feature.selection", 
"DF.valid.acc", "DF.test.acc", "DF.train.time", "DF.n.support.vectors", 
"DF.index", "DF.n.solutions", "DF.generations", "DF.n.evaluations", 
"DF.cpu.time")))
