full <-
structure(c(50, 55, 60, 65, 70, 75, 80, 85, 90, 95, 100, 9.78002, 
7.16472, 13.10523, 6.25052, 9.69653, 7.82018, 9.68059, 10.06542, 
10.04149, 11.05681, 11.38366, -9.46398, -6.41101, -12.56552, 
-7.14956, -9.23382, -8.45432, -9.30299, -9.1503, -8.54224, -10.21098, 
-7.68905, 0, 0, 0, 0, 0, 0, 0, 0, 0, 0, 0, 0, 0, 0, 0, 0, 0, 
0, 0, 0, 0, 0, 0.6648, 0.67374, 0.66876, 0.69141, 0.68648, 0.7043, 
0.69829, 0.71766, 0.72075, 0.72741, 0.72737, 0.63874, 0.67445, 
0.65917, 0.67893, 0.67662, 0.69338, 0.6978, 0.70308, 0.71778, 
0.7253, 0.71617, 1.8953, 2.0966, 2.209, 2.5279, 3.5122, 3.8962, 
3.5405, 3.9136, 5.1809, 4.6918, 5.3816, 608.3, 668.4, 720.3, 
786.6, 828.4, 893.4, 943.4, 993.9, 1041.8, 1094.8, 1150.2, 1628, 
597, 2074, 1922, 847, 1700, 1805, 617, 1212, 754, 1662, 3, 205, 
7, 12, 57, 24, 17, 635, 48, 83, 56, 100, 100, 100, 100, 100, 
100, 100, 100, 100, 100, 100, 2500, 2500, 2500, 2500, 2500, 2500, 
2500, 2500, 2500, 2500, 2500, 58147.902, 63350.7, 66273.969, 
76102.258, 102051.302, 115778.718, 103259.33, 122755.599, 146156.284, 
149918.327, 156161.428, 10.09181, 7.31806, 12.96059, 6.06661, 
10.06754, 8.74408, 8.03793, 10.22504, 10.47305, 4.90335, 11.30044, 
-9.66975, -6.38444, -12.48532, -6.96773, -9.39764, -9.35059, 
-6.05806, -9.37163, -7.72791, -3.54065, -7.67248, 0, 0, 0, 0, 
0, 0, 0, 0, 0, 0, 0, 0, 0, 0, 0, 0, 0, 0, 0, 0, 0, 0, 0.65997, 
0.67026, 0.66771, 0.6884, 0.68477, 0.70256, 0.69676, 0.71461, 
0.71833, 0.73035, 0.72676, 0.64124, 0.67225, 0.65609, 0.67803, 
0.67402, 0.69433, 0.69888, 0.69813, 0.71445, 0.72113, 0.71679, 
1.9178, 2.2343, 2.2407, 2.5827, 3.3694, 3.7864, 3.4964, 4.7789, 
4.394, 6.2738, 6.3925, 608.1, 668.1, 720.9, 786.2, 827.3, 892.8, 
949.2, 993.3, 1046.3, 1131.1, 1150.5, 739, 1258, 242, 405, 1224, 
313, 1298, 695, 366, 93, 2112, 1, 1, 1, 1, 1, 1, 1, 1, 1, 1, 
1, 100, 100, 100, 100, 100, 100, 100, 100, 100, 100, 100, 2500, 
2500, 2500, 2500, 2500, 2500, 2500, 2500, 2500, 2500, 2500, 60371.075, 
67565.048, 71627.372, 87931.23, 110340.631, 119620.159, 111281.552, 
152892.087, 136809.968, 162679.305, 196820.784, 1, 1, 1, 1, 1, 
1, 1, 1, 1, 1, 1, 0.01562, 0.01562, 0.01562, 0.01562, 0.01562, 
0.01562, 0.01562, 0.01562, 0.01562, 0.01562, 0.01562, 0, 0, 0, 
0, 0, 0, 0, 0, 0, 0, 0, 0, 0, 0, 0, 0, 0, 0, 0, 0, 0, 0, 0.33944, 
0.35928, 0.36465, 0.38824, 0.38285, 0.40567, 0.41798, 0.41802, 
0.4437, 0.45249, 0.45352, 0.34293, 0.36706, 0.3632, 0.39796, 
0.38643, 0.41311, 0.42223, 0.41641, 0.44798, 0.44495, 0.45642, 
1.9977, 2.2583, 2.5007, 3.3916, 3.859, 4.1668, 3.7216, 5.1339, 
4.7562, 5.2959, 7.0041, 639, 701.9, 764.8, 826.7, 892.2, 956.4, 
1020.3, 1083.1, 1146.9, 1210.2, 1274.3, 1, 1, 1, 1, 1, 1, 1, 
1, 1, 1, 1, 1, 1, 1, 1, 1, 1, 1, 1, 1, 1, 1, 1, 1, 1, 1, 1, 1, 
1, 1, 1, 1, 1, 1, 1, 1, 1, 1, 1, 1, 1, 1, 1, 1, 23.808, 26.552, 
29.228, 39.794, 44.928, 48.403, 42.638, 58.576, 53.793, 59.763, 
79.652), .Dim = c(11L, 40L), .Dimnames = list(NULL, c("Sampling", 
"PSO.cost", "PSO.gamma", "PSO.data.balancing", "PSO.feature.selection", 
"PSO.valid.acc", "PSO.test.acc", "PSO.train.time", "PSO.n.support.vectors", 
"PSO.index", "PSO.n.solutions", "PSO.generations", "PSO.n.evaluations", 
"PSO.cpu.time", "RS.cost", "RS.gamma", "RS.data.balancing", "RS.feature.selection", 
"RS.valid.acc", "RS.test.acc", "RS.train.time", "RS.n.support.vectors", 
"RS.index", "RS.n.solutions", "RS.generations", "RS.n.evaluations", 
"RS.cpu.time", "DF.cost", "DF.gamma", "DF.data.balancing", "DF.feature.selection", 
"DF.valid.acc", "DF.test.acc", "DF.train.time", "DF.n.support.vectors", 
"DF.index", "DF.n.solutions", "DF.generations", "DF.n.evaluations", 
"DF.cpu.time")))
