full <-
structure(c(50, 55, 60, 65, 70, 75, 80, 85, 90, 95, 100, 11.09065, 
13.98139, 8.24545, 8.69448, 12.52403, 8.09479, 8.84452, 11.50923, 
8.1338, 14.60239, 4.54219, -9.05897, -9.85977, -6.48501, -6.52084, 
-7.87659, -5.24696, -6.43722, -8.04897, -7.16813, -8.52786, -4.48061, 
0, 0, 0, 0, 0, 0, 0, 0, 0, 0, 0, 0, 0, 0, 0, 0, 0, 0, 0, 0, 0, 
0, 0.65361, 0.65207, 0.65934, 0.67596, 0.68009, 0.69564, 0.6969, 
0.71499, 0.70953, 0.70972, 0.72955, 0.64558, 0.65086, 0.65531, 
0.66435, 0.66833, 0.6945, 0.69508, 0.7026, 0.70225, 0.71292, 
0.72832, 2.0023, 2.1744, 2.4609, 2.6148, 2.8918, 3.6171, 3.4471, 
3.8535, 5.1027, 4.5895, 6.2536, 610.8, 671, 735.7, 789.5, 839.1, 
900.8, 947.3, 993.5, 1049.4, 1092.7, 1180.2, 1453, 421, 1003, 
597, 44, 563, 1629, 688, 2152, 442, 2294, 4, 563, 48, 556, 854, 
112, 44, 543, 13, 865, 1, 100, 100, 100, 100, 100, 100, 100, 
100, 100, 100, 100, 2500, 2500, 2500, 2500, 2500, 2500, 2500, 
2500, 2500, 2500, 2500, 59354.837, 65374.561, 71539.663, 77887.498, 
82561.887, 100124.228, 100964.623, 109224.204, 139382.493, 129795.071, 
179319.413, 10.77693, 9.27479, 8.3401, 8.34336, 10.04313, 8.14921, 
7.20097, 11.58672, 7.85215, 14.29118, 6.00905, -8.59708, -9.77209, 
-6.59752, -6.54281, -7.82009, -5.15043, -4.88839, -8.10053, -6.83136, 
-7.6042, -4.53896, 0, 0, 0, 0, 0, 0, 0, 0, 0, 0, 0, 0, 0, 0, 
0, 0, 0, 0, 0, 0, 0, 0, 0.65225, 0.65081, 0.6573, 0.67314, 0.67923, 
0.6941, 0.69385, 0.7143, 0.70947, 0.70896, 0.72591, 0.64684, 
0.64405, 0.65647, 0.66622, 0.6728, 0.6945, 0.68274, 0.7026, 0.70567, 
0.70832, 0.72501, 1.8707, 2.3022, 2.2533, 2.677, 2.8677, 3.5758, 
3.6065, 3.6583, 4.1719, 5.7905, 6.2178, 612.1, 674.2, 735.3, 
789.9, 839.7, 901.3, 951.8, 993.2, 1052.8, 1096.8, 1175.6, 1228, 
1711, 38, 534, 1360, 596, 772, 1565, 1718, 692, 51, 1, 1, 2, 
1, 1, 1, 1, 1, 1, 2, 1, 100, 100, 100, 100, 100, 100, 100, 100, 
100, 100, 100, 2500, 2500, 2500, 2500, 2500, 2500, 2500, 2500, 
2500, 2500, 2500, 60135.626, 70398.856, 72922.786, 81400.3730000001, 
92060.6409999999, 104812.155, 107529.765, 116124.072, 136574.938, 
176928.031, 189837.608, 1, 1, 1, 1, 1, 1, 1, 1, 1, 1, 1, 0.01562, 
0.01562, 0.01562, 0.01562, 0.01562, 0.01562, 0.01562, 0.01562, 
0.01562, 0.01562, 0.01562, 0, 0, 0, 0, 0, 0, 0, 0, 0, 0, 0, 0, 
0, 0, 0, 0, 0, 0, 0, 0, 0, 0, 0.324, 0.33013, 0.35353, 0.3581, 
0.36752, 0.40053, 0.39997, 0.43563, 0.44542, 0.44586, 0.44669, 
0.32039, 0.32103, 0.3667, 0.37011, 0.3817, 0.40263, 0.40577, 
0.43836, 0.44091, 0.449, 0.46052, 2.0623, 2.3826, 2.431, 2.6327, 
3.1787, 3.6014, 3.6866, 4.1797, 4.6101, 6.0505, 6.6508, 640, 
703.5, 766.9, 830.9, 894.9, 959.3, 1022, 1084.9, 1147.9, 1210.7, 
1274.6, 1, 1, 1, 1, 1, 1, 1, 1, 1, 1, 1, 1, 1, 1, 1, 1, 1, 1, 
1, 1, 1, 1, 1, 1, 1, 1, 1, 1, 1, 1, 1, 1, 1, 1, 1, 1, 1, 1, 1, 
1, 1, 1, 1, 1, 24.606, 28.169, 28.557, 30.804, 36.799, 41.286, 
42.142, 47.362, 52.155, 68.823, 75.543), .Dim = c(11L, 40L), .Dimnames = list(
    NULL, c("Sampling", "PSO.cost", "PSO.gamma", "PSO.data.balancing", 
    "PSO.feature.selection", "PSO.valid.acc", "PSO.test.acc", 
    "PSO.train.time", "PSO.n.support.vectors", "PSO.index", "PSO.n.solutions", 
    "PSO.generations", "PSO.n.evaluations", "PSO.cpu.time", "RS.cost", 
    "RS.gamma", "RS.data.balancing", "RS.feature.selection", 
    "RS.valid.acc", "RS.test.acc", "RS.train.time", "RS.n.support.vectors", 
    "RS.index", "RS.n.solutions", "RS.generations", "RS.n.evaluations", 
    "RS.cpu.time", "DF.cost", "DF.gamma", "DF.data.balancing", 
    "DF.feature.selection", "DF.valid.acc", "DF.test.acc", "DF.train.time", 
    "DF.n.support.vectors", "DF.index", "DF.n.solutions", "DF.generations", 
    "DF.n.evaluations", "DF.cpu.time")))
