full <-
structure(c(50, 55, 60, 65, 70, 75, 80, 85, 90, 95, 100, 6.34411, 
6.61101, 7.17464, 5.76763, 11.23323, 12.33263, 6.50829, 10.27554, 
8.65772, 10.08023, 9.01248, -5.36196, -5.51166, -5.84969, -5.12314, 
-9.7419, -10.98914, -5.47061, -9.39636, -8.07954, -9.53, -7.66665, 
0, 0, 0, 0, 0, 0, 0, 0, 0, 0, 0, 0, 0, 0, 0, 0, 0, 0, 0, 0, 0, 
0, 0.64076, 0.66251, 0.68684, 0.68728, 0.6982, 0.7053, 0.7167, 
0.71975, 0.72528, 0.72289, 0.73278, 0.62922, 0.65018, 0.66385, 
0.66993, 0.69734, 0.68909, 0.71293, 0.71918, 0.71034, 0.71121, 
0.72334, 2.0576, 2.1829, 2.7529, 3.1226, 3.7857, 3.7991, 4.5091, 
4.5298, 4.2479, 6.2699, 5.5201, 622.3, 680.6, 736, 797.2, 844.5, 
894.7, 963.7, 997.7, 1049.6, 1097.7, 1154.3, 1194, 688, 662, 
550, 668, 1352, 1311, 610, 844, 2258, 2353, 101, 452, 499, 20, 
581, 13, 249, 148, 114, 4, 1, 100, 100, 100, 100, 100, 100, 100, 
100, 100, 100, 100, 2500, 2500, 2500, 2500, 2500, 2500, 2500, 
2500, 2500, 2500, 2500, 69812.728, 66850.722, 85804.874, 90337.654, 
106761.898, 110446.022, 136299.163, 139004.127, 126178.666, 143471.971, 
171417.142, 6.03542, 6.95718, 6.62394, 5.96544, 10.97825, 10.16395, 
6.52691, 6.77376, 9.43867, 9.87933, 8.86633, -5.31157, -5.53383, 
-4.74159, -5.09772, -9.59923, -8.70596, -5.45391, -6.59408, -8.69523, 
-9.54804, -7.57838, 0, 0, 0, 0, 0, 0, 0, 0, 0, 0, 0, 0, 0, 0, 
0, 0, 0, 0, 0, 0, 0, 0, 0.63845, 0.66127, 0.68265, 0.68535, 0.69557, 
0.70273, 0.71588, 0.71761, 0.72111, 0.72086, 0.73145, 0.63549, 
0.65005, 0.66037, 0.66886, 0.69566, 0.69405, 0.71214, 0.71329, 
0.71044, 0.71116, 0.7246, 2.5011, 2.1915, 2.9162, 2.9578, 3.4577, 
3.7456, 4.8791, 6.0774, 4.4693, 6.1107, 8.0006, 622.2, 680.4, 
738.5, 796.9, 844.6, 898.4, 963.7, 1006.8, 1047.7, 1099.3, 1155.5, 
24, 454, 969, 1227, 1460, 1205, 635, 74, 833, 30, 1353, 1, 1, 
1, 1, 1, 1, 1, 1, 1, 1, 1, 100, 100, 100, 100, 100, 100, 100, 
100, 100, 100, 100, 2500, 2500, 2500, 2500, 2500, 2500, 2500, 
2500, 2500, 2500, 2500, 64012.045, 69429.907, 87150.003, 93181.044, 
112381.917, 120907.149, 125102.863, 168084.967, 144049.786, 176452.605, 
215831.548, 1, 1, 1, 1, 1, 1, 1, 1, 1, 1, 1, 0.01562, 0.01562, 
0.01562, 0.01562, 0.01562, 0.01562, 0.01562, 0.01562, 0.01562, 
0.01562, 0.01562, 0, 0, 0, 0, 0, 0, 0, 0, 0, 0, 0, 0, 0, 0, 0, 
0, 0, 0, 0, 0, 0, 0, 0.32293, 0.34965, 0.34996, 0.36437, 0.37532, 
0.39799, 0.39905, 0.41769, 0.43193, 0.44259, 0.44861, 0.33172, 
0.33921, 0.35717, 0.36161, 0.36694, 0.40289, 0.40017, 0.41928, 
0.43429, 0.44275, 0.45305, 2.0941, 2.302, 3.0455, 3.1849, 3.7622, 
4.0918, 4.1629, 4.5165, 4.963, 6.2744, 9.3452, 639.8, 703.4, 
767, 831.6, 895.4, 959, 1021.7, 1085.3, 1147.7, 1211.2, 1274.1, 
1, 1, 1, 1, 1, 1, 1, 1, 1, 1, 1, 1, 1, 1, 1, 1, 1, 1, 1, 1, 1, 
1, 1, 1, 1, 1, 1, 1, 1, 1, 1, 1, 1, 1, 1, 1, 1, 1, 1, 1, 1, 1, 
1, 1, 25.125, 27.236, 35.547, 37.631, 44.203, 47.664, 47.676, 
51.288, 56.432, 71.442, 106.42), .Dim = c(11L, 40L), .Dimnames = list(
    NULL, c("Sampling", "PSO.cost", "PSO.gamma", "PSO.data.balancing", 
    "PSO.feature.selection", "PSO.valid.acc", "PSO.test.acc", 
    "PSO.train.time", "PSO.n.support.vectors", "PSO.index", "PSO.n.solutions", 
    "PSO.generations", "PSO.n.evaluations", "PSO.cpu.time", "RS.cost", 
    "RS.gamma", "RS.data.balancing", "RS.feature.selection", 
    "RS.valid.acc", "RS.test.acc", "RS.train.time", "RS.n.support.vectors", 
    "RS.index", "RS.n.solutions", "RS.generations", "RS.n.evaluations", 
    "RS.cpu.time", "DF.cost", "DF.gamma", "DF.data.balancing", 
    "DF.feature.selection", "DF.valid.acc", "DF.test.acc", "DF.train.time", 
    "DF.n.support.vectors", "DF.index", "DF.n.solutions", "DF.generations", 
    "DF.n.evaluations", "DF.cpu.time")))
