full <-
structure(c(50, 55, 60, 65, 70, 75, 80, 85, 90, 95, 100, 7.27119, 
7.41517, 14.20704, 12.1914, 15, 6.58492, 5.25568, 11.72965, 6.14569, 
5.91254, 10.06132, -6.25277, -6.98672, -11.08631, -8.09736, -10.11392, 
-6.35061, -5.2259, -9.59318, -5.01107, -5.09479, -8.98592, 0, 
0, 0, 0, 0, 0, 0, 0, 0, 0, 0, 0, 0, 0, 0, 0, 0, 0, 0, 0, 0, 0, 
0.66459, 0.6926, 0.68327, 0.69753, 0.69702, 0.71003, 0.71708, 
0.71868, 0.72804, 0.73009, 0.73195, 0.65672, 0.6822, 0.69039, 
0.68655, 0.68465, 0.695, 0.71524, 0.71769, 0.71557, 0.7224, 0.72209, 
2.1607, 2.4847, 2.397, 3.1286, 3.3705, 3.9818, 4.5524, 4.5808, 
5.0591, 5.3553, 5.8312, 614.4, 673.8, 721.1, 776.3, 827.3, 900.3, 
955.5, 987.7, 1062.3, 1110.7, 1145.9, 1762, 1341, 946, 1251, 
329, 909, 1661, 750, 724, 1054, 1519, 12, 24, 377, 69, 623, 111, 
22, 11, 463, 138, 21, 100, 100, 100, 100, 100, 100, 100, 100, 
100, 100, 100, 2500, 2500, 2500, 2500, 2500, 2500, 2500, 2500, 
2500, 2500, 2500, 66589.007, 74356.882, 71257.823, 93673.025, 
101045.143, 111099.175, 121828.012, 135458.572, 144243.994, 152595.628, 
172091.892, 7.66882, 7.78963, 11.5172, 12.25045, 5.09153, 6.18917, 
5.14539, 5.5681, 6.11855, 6.55124, 8.91364, -6.22954, -7.37991, 
-10.7964, -8.13116, -4.88724, -6.06591, -4.8853, -5.31891, -5.08041, 
-5.08918, -7.93384, 0, 0, 0, 0, 0, 0, 0, 0, 0, 0, 0, 0, 0, 0, 
0, 0, 0, 0, 0, 0, 0, 0, 0.66333, 0.69042, 0.68242, 0.69753, 0.69666, 
0.70432, 0.71402, 0.71807, 0.72598, 0.72809, 0.72822, 0.65781, 
0.68467, 0.67805, 0.6856, 0.68525, 0.6958, 0.70674, 0.71389, 
0.71759, 0.71516, 0.72394, 2.1983, 2.1625, 2.8927, 3.3086, 3.5598, 
3.5479, 4.3977, 4.7576, 5.3787, 5.3109, 5.8664, 614.5, 672.4, 
721.4, 776.5, 842, 901.3, 955.8, 1010.7, 1062, 1109.6, 1149.7, 
2046, 2182, 2498, 198, 1332, 1659, 479, 2133, 1690, 459, 1854, 
1, 1, 1, 1, 1, 1, 1, 1, 1, 1, 2, 100, 100, 100, 100, 100, 100, 
100, 100, 100, 100, 100, 2500, 2500, 2500, 2500, 2500, 2500, 
2500, 2500, 2500, 2500, 2500, 69366.011, 74730.531, 87652.126, 
100597.912, 109254.023, 110154.603, 126981.345, 143546.036, 154264.215, 
166062.18, 183382.825, 1, 1, 1, 1, 1, 1, 1, 1, 1, 1, 1, 0.01562, 
0.01562, 0.01562, 0.01562, 0.01562, 0.01562, 0.01562, 0.01562, 
0.01562, 0.01562, 0.01562, 0, 0, 0, 0, 0, 0, 0, 0, 0, 0, 0, 0, 
0, 0, 0, 0, 0, 0, 0, 0, 0, 0, 0.32531, 0.33523, 0.35298, 0.38096, 
0.37512, 0.39251, 0.40623, 0.41226, 0.42427, 0.44581, 0.47019, 
0.31607, 0.33738, 0.35111, 0.37702, 0.37426, 0.3925, 0.41942, 
0.41923, 0.42509, 0.43882, 0.46577, 2.2941, 2.3321, 3.0131, 3.5178, 
3.6896, 3.8345, 4.2074, 4.8335, 5.1264, 5.733, 6.2679, 639.2, 
703.7, 767, 830.9, 893.3, 957.6, 1021.5, 1084.6, 1148.7, 1211.1, 
1274.1, 1, 1, 1, 1, 1, 1, 1, 1, 1, 1, 1, 1, 1, 1, 1, 1, 1, 1, 
1, 1, 1, 1, 1, 1, 1, 1, 1, 1, 1, 1, 1, 1, 1, 1, 1, 1, 1, 1, 1, 
1, 1, 1, 1, 1, 27.456, 27.469, 35.209, 41.018, 42.77, 44.13, 
48.157, 54.831, 57.943, 64.984, 71.007), .Dim = c(11L, 40L), .Dimnames = list(
    NULL, c("Sampling", "PSO.cost", "PSO.gamma", "PSO.data.balancing", 
    "PSO.feature.selection", "PSO.valid.acc", "PSO.test.acc", 
    "PSO.train.time", "PSO.n.support.vectors", "PSO.index", "PSO.n.solutions", 
    "PSO.generations", "PSO.n.evaluations", "PSO.cpu.time", "RS.cost", 
    "RS.gamma", "RS.data.balancing", "RS.feature.selection", 
    "RS.valid.acc", "RS.test.acc", "RS.train.time", "RS.n.support.vectors", 
    "RS.index", "RS.n.solutions", "RS.generations", "RS.n.evaluations", 
    "RS.cpu.time", "DF.cost", "DF.gamma", "DF.data.balancing", 
    "DF.feature.selection", "DF.valid.acc", "DF.test.acc", "DF.train.time", 
    "DF.n.support.vectors", "DF.index", "DF.n.solutions", "DF.generations", 
    "DF.n.evaluations", "DF.cpu.time")))
