full <-
structure(c(50, 55, 60, 65, 70, 75, 80, 85, 90, 95, 100, 8.13882, 
13.26422, 9.54996, 4.40917, 12.39674, 4.89225, 5.88625, 6.22366, 
5.47118, 8.2329, 10.32054, -7.9591, -8.51503, -10.00272, -4.23106, 
-12.43803, -4.53262, -3.94792, -5.60409, -4.97374, -4.8126, -9.35531, 
0, 0, 0, 0, 0, 0, 0, 0, 0, 0, 0, 0, 0, 0, 0, 0, 0, 0, 0, 0, 0, 
0, 0.64132, 0.66073, 0.66338, 0.68377, 0.68852, 0.69741, 0.70025, 
0.70956, 0.71577, 0.71946, 0.72056, 0.62907, 0.65174, 0.65854, 
0.6667, 0.68329, 0.68946, 0.67823, 0.693, 0.70468, 0.71261, 0.7156, 
1.9714, 2.4357, 2.401, 3.3864, 3.3819, 3.4674, 3.9068, 3.9792, 
4.9826, 5.1186, 5.6972, 618.9, 674.4, 732.1, 796.4, 846.1, 909.6, 
965.3, 1011.2, 1061.6, 1113, 1147.9, 2203, 890, 1333, 1007, 863, 
2256, 1009, 964, 777, 592, 2146, 2, 24, 23, 224, 83, 1, 131, 
38, 266, 137, 2, 100, 100, 100, 100, 100, 100, 100, 100, 100, 
100, 100, 2500, 2500, 2500, 2500, 2500, 2500, 2500, 2500, 2500, 
2500, 2500, 61380.318, 72697.962, 73909.962, 95562.755, 100081.912, 
104027.828, 108431.51, 112601.79, 139392.007, 145247.368, 162362.032, 
9.53036, 13.02285, 4.41124, 5.03321, 12.62203, 4.94696, 6.18615, 
5.83504, 5.67984, 5.15433, 9.21655, -10.3045, -6.15213, -4.29418, 
-4.80114, -12.65235, -4.5601, -3.99815, -5.51929, -5.14951, -4.8337, 
-8.599, 0, 0, 0, 0, 0, 0, 0, 0, 0, 0, 0, 0, 0, 0, 0, 0, 0, 0, 
0, 0, 0, 0, 0.64054, 0.65918, 0.66235, 0.68091, 0.68673, 0.69571, 
0.69701, 0.70669, 0.71076, 0.71875, 0.72056, 0.62672, 0.64953, 
0.66009, 0.65722, 0.68148, 0.68945, 0.67434, 0.69305, 0.70192, 
0.72201, 0.71369, 2.0409, 2.3354, 2.7698, 3.315, 3.2685, 3.3672, 
3.6129, 4.4044, 5.0379, 5.5951, 5.8621, 618.3, 677.6, 738.2, 
795.5, 845.8, 909.6, 965.2, 1013.4, 1060.9, 1116.6, 1151.7, 1193, 
1318, 602, 2207, 2109, 1802, 1459, 2009, 1003, 2098, 576, 1, 
1, 1, 1, 1, 1, 1, 1, 1, 1, 1, 100, 100, 100, 100, 100, 100, 100, 
100, 100, 100, 100, 2500, 2500, 2500, 2500, 2500, 2500, 2500, 
2500, 2500, 2500, 2500, 65402.689, 71295.938, 81991.273, 98092.827, 
103735.557, 102639.594, 106843.773, 130911.543, 147255.306, 160575.753, 
180848.387, 1, 1, 1, 1, 1, 1, 1, 1, 1, 1, 1, 0.01562, 0.01562, 
0.01562, 0.01562, 0.01562, 0.01562, 0.01562, 0.01562, 0.01562, 
0.01562, 0.01562, 0, 0, 0, 0, 0, 0, 0, 0, 0, 0, 0, 0, 0, 0, 0, 
0, 0, 0, 0, 0, 0, 0, 0.2911, 0.32408, 0.33371, 0.37172, 0.37071, 
0.39432, 0.39079, 0.41367, 0.43402, 0.44455, 0.46183, 0.30725, 
0.32352, 0.33228, 0.36445, 0.36832, 0.382, 0.39906, 0.42484, 
0.42723, 0.43858, 0.45117, 2.3536, 2.4052, 2.6541, 3.4141, 3.472, 
3.4796, 3.5358, 4.6788, 4.9881, 5.5596, 6.1752, 638.7, 702.6, 
766.8, 830.7, 894.8, 958.4, 1022, 1084.5, 1148.1, 1210.6, 1273.9, 
1, 1, 1, 1, 1, 1, 1, 1, 1, 1, 1, 1, 1, 1, 1, 1, 1, 1, 1, 1, 1, 
1, 1, 1, 1, 1, 1, 1, 1, 1, 1, 1, 1, 1, 1, 1, 1, 1, 1, 1, 1, 1, 
1, 1, 27.904, 28.415, 30.987, 39.562, 40.09, 40.087, 40.669, 
53.208, 56.427, 62.758, 69.492), .Dim = c(11L, 40L), .Dimnames = list(
    NULL, c("Sampling", "PSO.cost", "PSO.gamma", "PSO.data.balancing", 
    "PSO.feature.selection", "PSO.valid.acc", "PSO.test.acc", 
    "PSO.train.time", "PSO.n.support.vectors", "PSO.index", "PSO.n.solutions", 
    "PSO.generations", "PSO.n.evaluations", "PSO.cpu.time", "RS.cost", 
    "RS.gamma", "RS.data.balancing", "RS.feature.selection", 
    "RS.valid.acc", "RS.test.acc", "RS.train.time", "RS.n.support.vectors", 
    "RS.index", "RS.n.solutions", "RS.generations", "RS.n.evaluations", 
    "RS.cpu.time", "DF.cost", "DF.gamma", "DF.data.balancing", 
    "DF.feature.selection", "DF.valid.acc", "DF.test.acc", "DF.train.time", 
    "DF.n.support.vectors", "DF.index", "DF.n.solutions", "DF.generations", 
    "DF.n.evaluations", "DF.cpu.time")))
