full <-
structure(c(50, 55, 60, 65, 70, 75, 80, 85, 90, 95, 100, 8.17495, 
6.76852, 10.6313, 10.72198, 9.15312, 8.16548, 11.61642, 7.86666, 
8.8323, 11.59933, 8.11136, -7.76472, -6.23991, -8.1835, -9.70923, 
-6.86972, -6.2781, -9.83773, -6.28909, -6.13664, -8.98855, -7.59709, 
0, 0, 0, 0, 0, 0, 0, 0, 0, 0, 0, 0, 0, 0, 0, 0, 0, 0, 0, 0, 0, 
0, 0.65111, 0.67401, 0.68293, 0.68769, 0.69222, 0.7045, 0.70434, 
0.71935, 0.7122, 0.71672, 0.73473, 0.64118, 0.65452, 0.67225, 
0.67118, 0.67681, 0.6838, 0.6936, 0.70591, 0.6891, 0.70974, 0.71894, 
1.843, 2.4252, 2.5403, 2.8482, 3.7985, 3.2725, 3.6594, 4.5949, 
6.1432, 3.0111, 8.902, 615.8, 676.1, 729.3, 781.6, 841, 902.1, 
939.3, 1007, 1057, 1092, 1158.9, 831, 2041, 1015, 1055, 967, 
1913, 2283, 972, 1256, 1007, 1682, 332, 11, 29, 203, 434, 5, 
3, 72, 5, 8, 13, 100, 100, 100, 100, 100, 100, 100, 100, 100, 
100, 100, 2500, 2500, 2500, 2500, 2500, 2500, 2500, 2500, 2500, 
2500, 2500, 54652.538, 70575.092, 70569.448, 85388.542, 95753.276, 
97473.9569999999, 106010.027, 127224.827, 187092.431, 162778.919, 
173622.204, 9.88198, 14.10967, 10.18232, 12.87635, 9.02388, 7.86099, 
11.44485, 14.00304, 9.19945, 9.24676, 8.49572, -9.51485, -12.32226, 
-7.79391, -10.90486, -6.6289, -6.03069, -9.78598, -6.33588, -6.42849, 
-7.45299, -7.9017, 0, 0, 0, 0, 0, 0, 0, 0, 0, 0, 0, 0, 0, 0, 
0, 0, 0, 0, 0, 0, 0, 0, 0.64637, 0.67193, 0.68077, 0.68557, 0.69122, 
0.70339, 0.70358, 0.71792, 0.71019, 0.71653, 0.73291, 0.64557, 
0.65613, 0.6723, 0.67776, 0.67959, 0.68703, 0.69512, 0.70675, 
0.68625, 0.70434, 0.71713, 2.1113, 1.4518, 1.6188, 2.932, 3.0691, 
3.2976, 4.5852, 4.6666, 6.3607, 5.3873, 9.1847, 614, 667.8, 729.8, 
780.2, 841.9, 902.4, 939.3, 1005.4, 1055.2, 1101.4, 1156.7, 1548, 
421, 2121, 1870, 345, 1865, 4, 1056, 1014, 1883, 972, 1, 2, 1, 
1, 1, 1, 1, 1, 1, 1, 1, 100, 100, 100, 100, 100, 100, 100, 100, 
100, 100, 100, 2500, 2500, 2500, 2500, 2500, 2500, 2500, 2500, 
2500, 2500, 2500, 64298.146, 72331.015, 64186.515, 98831.9020000001, 
93952.7169999999, 113377.189, 129808.647, 151200.43, 184704.94, 
181754.252, 203274.094, 1, 1, 1, 1, 1, 1, 1, 1, 1, 1, 1, 0.01562, 
0.01562, 0.01562, 0.01562, 0.01562, 0.01562, 0.01562, 0.01562, 
0.01562, 0.01562, 0.01562, 0, 0, 0, 0, 0, 0, 0, 0, 0, 0, 0, 0, 
0, 0, 0, 0, 0, 0, 0, 0, 0, 0, 0.33454, 0.32667, 0.35631, 0.37691, 
0.3897, 0.41302, 0.41873, 0.41897, 0.41187, 0.42733, 0.45822, 
0.33119, 0.32835, 0.36819, 0.37385, 0.38106, 0.40263, 0.41494, 
0.42161, 0.42062, 0.42345, 0.46006, 2.27, 1.5884, 2.6839, 3.2424, 
3.1645, 3.4863, 4.1708, 4.8288, 5.3066, 5.7699, 5.7734, 639, 
702.8, 766.5, 829.4, 894.5, 957.9, 1021.5, 1085, 1147.9, 1210.9, 
1273.8, 1, 1, 1, 1, 1, 1, 1, 1, 1, 1, 1, 1, 1, 1, 1, 1, 1, 1, 
1, 1, 1, 1, 1, 1, 1, 1, 1, 1, 1, 1, 1, 1, 1, 1, 1, 1, 1, 1, 1, 
1, 1, 1, 1, 1, 28.143, 20.015, 32.614, 38.729, 36.835, 40.088, 
47.667, 54.95, 59.891, 65.888, 65.365), .Dim = c(11L, 40L), .Dimnames = list(
    NULL, c("Sampling", "PSO.cost", "PSO.gamma", "PSO.data.balancing", 
    "PSO.feature.selection", "PSO.valid.acc", "PSO.test.acc", 
    "PSO.train.time", "PSO.n.support.vectors", "PSO.index", "PSO.n.solutions", 
    "PSO.generations", "PSO.n.evaluations", "PSO.cpu.time", "RS.cost", 
    "RS.gamma", "RS.data.balancing", "RS.feature.selection", 
    "RS.valid.acc", "RS.test.acc", "RS.train.time", "RS.n.support.vectors", 
    "RS.index", "RS.n.solutions", "RS.generations", "RS.n.evaluations", 
    "RS.cpu.time", "DF.cost", "DF.gamma", "DF.data.balancing", 
    "DF.feature.selection", "DF.valid.acc", "DF.test.acc", "DF.train.time", 
    "DF.n.support.vectors", "DF.index", "DF.n.solutions", "DF.generations", 
    "DF.n.evaluations", "DF.cpu.time")))
