full <-
structure(c(50, 55, 60, 65, 70, 75, 80, 85, 90, 95, 100, 10.01515, 
13.28905, 10.77446, 14.45929, 7.78859, 13.38454, 6.78323, 11.97387, 
9.10625, 10.29443, 10.60095, -9.03125, -12.07949, -6.86716, -11.2492, 
-6.50907, -12.00355, -5.57812, -9.61051, -6.81092, -8.72599, 
-10.50158, 0, 0, 0, 0, 0, 0, 0, 0, 0, 0, 0, 0, 0, 0, 0, 0, 0, 
0, 0, 0, 0, 0, 0.64103, 0.66069, 0.68588, 0.67772, 0.69151, 0.69656, 
0.70159, 0.71997, 0.71835, 0.7329, 0.71914, 0.62436, 0.63825, 
0.67713, 0.67115, 0.68921, 0.68841, 0.69216, 0.70524, 0.70494, 
0.71332, 0.72234, 2.1347, 2.2481, 2.5592, 2.7867, 3.2825, 3.0584, 
3.7688, 3.6865, 4.783, 4.4572, 5.255, 609.2, 664.8, 730, 774.5, 
840.6, 880.4, 950, 988.1, 1053.5, 1098.5, 1150.4, 139, 1007, 
643, 524, 1748, 1236, 1083, 1189, 1815, 435, 1720, 47, 242, 302, 
147, 64, 9, 213, 23, 5, 198, 7, 100, 100, 100, 100, 100, 100, 
100, 100, 100, 100, 100, 2500, 2500, 2500, 2500, 2500, 2500, 
2500, 2500, 2500, 2500, 2500, 59225.051, 65770.13, 74082.571, 
83229.674, 94503.7340000001, 92742.007, 107535.508, 110496.974, 
127477.197, 139774.415, 153905.654, 14.01965, 13.04394, 11.07929, 
12.69179, 7.34515, 13.44624, 7.45168, 11.877, 8.60572, 10.87428, 
9.80038, -12.3501, -11.95079, -6.86942, -11.96633, -6.53874, 
-12.15045, -5.65649, -9.51299, -6.81354, -9.20834, -6.26553, 
0, 0, 0, 0, 0, 0, 0, 0, 0, 0, 0, 0, 0, 0, 0, 0, 0, 0, 0, 0, 0, 
0, 0.64075, 0.65954, 0.68488, 0.67857, 0.6888, 0.69323, 0.7015, 
0.71997, 0.71689, 0.73155, 0.71796, 0.62134, 0.6416, 0.67713, 
0.672, 0.68747, 0.6876, 0.69047, 0.70591, 0.70492, 0.71328, 0.72589, 
1.9422, 2.1629, 2.333, 2.9144, 3.2385, 3.1693, 3.6097, 3.9939, 
4.3093, 4.8798, 5.409, 607.1, 665, 730, 776.6, 841.2, 880.3, 
950.3, 988.2, 1053.6, 1097.7, 1158, 1839, 1717, 2208, 465, 230, 
472, 1021, 425, 1789, 1222, 1294, 1, 1, 1, 1, 1, 1, 1, 1, 1, 
2, 1, 100, 100, 100, 100, 100, 100, 100, 100, 100, 100, 100, 
2500, 2500, 2500, 2500, 2500, 2500, 2500, 2500, 2500, 2500, 2500, 
62932.291, 69536.94, 76880.684, 90996.159, 97443.017, 102558.177, 
113705.584, 126143.319, 135748.479, 155837.287, 168587.944, 1, 
1, 1, 1, 1, 1, 1, 1, 1, 1, 1, 0.01562, 0.01562, 0.01562, 0.01562, 
0.01562, 0.01562, 0.01562, 0.01562, 0.01562, 0.01562, 0.01562, 
0, 0, 0, 0, 0, 0, 0, 0, 0, 0, 0, 0, 0, 0, 0, 0, 0, 0, 0, 0, 0, 
0, 0.29225, 0.32776, 0.32757, 0.33734, 0.37384, 0.37466, 0.40951, 
0.42355, 0.42046, 0.43024, 0.45391, 0.29693, 0.31768, 0.32905, 
0.3305, 0.36391, 0.37708, 0.39036, 0.4116, 0.42433, 0.43414, 
0.4467, 2.104, 2.4756, 2.6356, 3.214, 3.1534, 3.6083, 3.9554, 
4.5066, 4.5073, 5.5212, 5.8999, 638.7, 703.1, 767.2, 831.1, 894.3, 
958.2, 1021.3, 1085, 1147.5, 1211.4, 1273.4, 1, 1, 1, 1, 1, 1, 
1, 1, 1, 1, 1, 1, 1, 1, 1, 1, 1, 1, 1, 1, 1, 1, 1, 1, 1, 1, 1, 
1, 1, 1, 1, 1, 1, 1, 1, 1, 1, 1, 1, 1, 1, 1, 1, 1, 25.15, 29.265, 
30.81, 37.265, 36.38, 41.442, 45.132, 51.125, 50.986, 62.238, 
66.832), .Dim = c(11L, 40L), .Dimnames = list(NULL, c("Sampling", 
"PSO.cost", "PSO.gamma", "PSO.data.balancing", "PSO.feature.selection", 
"PSO.valid.acc", "PSO.test.acc", "PSO.train.time", "PSO.n.support.vectors", 
"PSO.index", "PSO.n.solutions", "PSO.generations", "PSO.n.evaluations", 
"PSO.cpu.time", "RS.cost", "RS.gamma", "RS.data.balancing", "RS.feature.selection", 
"RS.valid.acc", "RS.test.acc", "RS.train.time", "RS.n.support.vectors", 
"RS.index", "RS.n.solutions", "RS.generations", "RS.n.evaluations", 
"RS.cpu.time", "DF.cost", "DF.gamma", "DF.data.balancing", "DF.feature.selection", 
"DF.valid.acc", "DF.test.acc", "DF.train.time", "DF.n.support.vectors", 
"DF.index", "DF.n.solutions", "DF.generations", "DF.n.evaluations", 
"DF.cpu.time")))
