full <-
structure(c(50, 55, 60, 65, 70, 75, 80, 85, 90, 95, 100, 7.64606, 
6.30741, 8.82919, 9.00192, 5.99318, 6.96147, 7.76846, 6.79639, 
7.22035, 4.3407, 6.03854, -6.74635, -6.45391, -5.93715, -4.80353, 
-4.98502, -6.31701, -5.13362, -5.99312, -6.85766, -4.29931, -5.10982, 
0, 0, 0, 0, 0, 0, 0, 0, 0, 0, 0, 0, 0, 0, 0, 0, 0, 0, 0, 0, 0, 
0, 0.6558, 0.65393, 0.68017, 0.69769, 0.70305, 0.70658, 0.72524, 
0.71884, 0.72308, 0.72401, 0.73163, 0.63711, 0.65842, 0.67041, 
0.686, 0.69424, 0.69593, 0.72451, 0.71439, 0.72301, 0.71193, 
0.72111, 1.9367, 2.1712, 2.9502, 2.6796, 4.0146, 4.3445, 3.8139, 
4.3776, 5.56, 5.1026, 5.5057, 618.1, 678.6, 735.2, 793.5, 849.9, 
901.3, 954, 1009.5, 1054, 1124.3, 1167.4, 599, 2359, 1648, 1392, 
867, 1056, 806, 1843, 812, 1420, 918, 524, 2, 34, 15, 494, 45, 
3, 19, 441, 53, 391, 100, 100, 100, 100, 100, 100, 100, 100, 
100, 100, 100, 2500, 2500, 2500, 2500, 2500, 2500, 2500, 2500, 
2500, 2500, 2500, 57883.925, 65254.559, 83552.527, 86033.285, 
104365.881, 118565.893, 118946.456, 123789.274, 161656.397, 142027.016, 
156954.331, 7.96579, 6.20986, 8.86562, 12.88016, 6.12662, 6.87475, 
7.74991, 11.84731, 5.21764, 8.2259, 6.86479, -6.85943, -6.38745, 
-6.21211, -4.70077, -5.21219, -6.21669, -5.18377, -5.96617, -5.0518, 
-7.41724, -5.90437, 0, 0, 0, 0, 0, 0, 0, 0, 0, 0, 0, 0, 0, 0, 
0, 0, 0, 0, 0, 0, 0, 0, 0.65333, 0.65052, 0.67907, 0.69589, 0.69856, 
0.70494, 0.72368, 0.71583, 0.71963, 0.7211, 0.7284, 0.63833, 
0.65728, 0.66941, 0.68489, 0.69145, 0.69339, 0.72684, 0.71208, 
0.71557, 0.70258, 0.72115, 1.9588, 2.2612, 2.8839, 2.7229, 3.7336, 
3.2529, 4.9689, 4.3801, 6.0982, 5.1564, 6.4355, 618.1, 678.7, 
735, 794.3, 850.3, 901.7, 953.5, 1007.4, 1062.8, 1103, 1162.8, 
1242, 720, 316, 1260, 613, 919, 2261, 81, 66, 2187, 2347, 1, 
1, 2, 1, 1, 1, 1, 3, 1, 1, 1, 100, 100, 100, 100, 100, 100, 100, 
100, 100, 100, 100, 2500, 2500, 2500, 2500, 2500, 2500, 2500, 
2500, 2500, 2500, 2500, 60737.683, 68449.005, 83730.59, 80972.556, 
112334.161, 104630.388, 145773.33, 156205.699, 149257.966, 158781.954, 
195586.16, 1, 1, 1, 1, 1, 1, 1, 1, 1, 1, 1, 0.01562, 0.01562, 
0.01562, 0.01562, 0.01562, 0.01562, 0.01562, 0.01562, 0.01562, 
0.01562, 0.01562, 0, 0, 0, 0, 0, 0, 0, 0, 0, 0, 0, 0, 0, 0, 0, 
0, 0, 0, 0, 0, 0, 0, 0.32271, 0.31805, 0.34563, 0.36561, 0.37899, 
0.37987, 0.39346, 0.42189, 0.43459, 0.43645, 0.45937, 0.31788, 
0.31989, 0.35298, 0.37444, 0.38952, 0.36982, 0.40273, 0.4163, 
0.44724, 0.44203, 0.45254, 2.0543, 2.2687, 2.8405, 2.91, 3.9721, 
3.6096, 5.0616, 5.5907, 4.8075, 5.4742, 6.7767, 639.4, 703.4, 
767.2, 830.5, 894.2, 957.6, 1020.7, 1083.9, 1147.5, 1210.5, 1274.7, 
1, 1, 1, 1, 1, 1, 1, 1, 1, 1, 1, 1, 1, 1, 1, 1, 1, 1, 1, 1, 1, 
1, 1, 1, 1, 1, 1, 1, 1, 1, 1, 1, 1, 1, 1, 1, 1, 1, 1, 1, 1, 1, 
1, 1, 24.399, 26.717, 33.633, 33.816, 46.107, 41.552, 58.631, 
63.971, 54.238, 61.836, 77.072), .Dim = c(11L, 40L), .Dimnames = list(
    NULL, c("Sampling", "PSO.cost", "PSO.gamma", "PSO.data.balancing", 
    "PSO.feature.selection", "PSO.valid.acc", "PSO.test.acc", 
    "PSO.train.time", "PSO.n.support.vectors", "PSO.index", "PSO.n.solutions", 
    "PSO.generations", "PSO.n.evaluations", "PSO.cpu.time", "RS.cost", 
    "RS.gamma", "RS.data.balancing", "RS.feature.selection", 
    "RS.valid.acc", "RS.test.acc", "RS.train.time", "RS.n.support.vectors", 
    "RS.index", "RS.n.solutions", "RS.generations", "RS.n.evaluations", 
    "RS.cpu.time", "DF.cost", "DF.gamma", "DF.data.balancing", 
    "DF.feature.selection", "DF.valid.acc", "DF.test.acc", "DF.train.time", 
    "DF.n.support.vectors", "DF.index", "DF.n.solutions", "DF.generations", 
    "DF.n.evaluations", "DF.cpu.time")))
