full <-
structure(c(50, 55, 60, 65, 70, 75, 80, 85, 90, 95, 100, 14.83535, 
10.79336, 6.62745, 10.90719, 10.06803, 8.83037, 9.40312, 7.37701, 
11.61151, 5.04266, 8.74715, -14.34528, -8.6812, -5.70105, -10.07364, 
-9.54604, -7.68653, -8.67511, -6.36545, -10.1733, -4.31679, -8.58216, 
0, 0, 0, 0, 0, 0, 0, 0, 0, 0, 0, 0, 0, 0, 0, 0, 0, 0, 0, 0, 0, 
0, 0.67683, 0.66973, 0.68577, 0.70004, 0.70355, 0.71928, 0.71102, 
0.72606, 0.71979, 0.72694, 0.73026, 0.65455, 0.66626, 0.66522, 
0.68653, 0.69563, 0.70314, 0.70118, 0.71472, 0.71358, 0.72679, 
0.72788, 2.1149, 2.3418, 2.7105, 3.1134, 3.4858, 4.0925, 4.4595, 
4.7314, 5.6858, 6.5085, 5.5864, 608.1, 668, 730.6, 776.3, 826.5, 
883.8, 936.7, 1001.8, 1039.9, 1122.8, 1156, 573, 871, 521, 950, 
1761, 1304, 1372, 722, 385, 1036, 761, 51, 80, 126, 276, 13, 
22, 29, 107, 64, 153, 29, 100, 100, 100, 100, 100, 100, 100, 
100, 100, 100, 100, 2500, 2500, 2500, 2500, 2500, 2500, 2500, 
2500, 2500, 2500, 2500, 62880.231, 71129.507, 76954.959, 90309.086, 
97068.378, 118455.154, 131983.895, 136385.221, 168549.476, 167197.156, 
175851.827, 10.49546, 13.38239, 8.33044, 8.16349, 10.27838, 10.51725, 
8.63433, 7.39242, 7.0541, 5.31184, 8.83726, -9.99703, -8.71085, 
-7.55064, -7.57276, -9.21463, -9.19185, -8.53657, -6.5643, -6.12924, 
-4.18843, -8.50464, 0, 0, 0, 0, 0, 0, 0, 0, 0, 0, 0, 0, 0, 0, 
0, 0, 0, 0, 0, 0, 0, 0, 0.67334, 0.66824, 0.68317, 0.69441, 0.70094, 
0.71595, 0.70811, 0.72016, 0.71812, 0.72424, 0.72893, 0.66484, 
0.66267, 0.67779, 0.68839, 0.69563, 0.7083, 0.7077, 0.71612, 
0.70937, 0.72302, 0.72408, 2.0603, 2.4429, 2.668, 3.0317, 3.5909, 
4.2086, 5.0613, 5.6645, 5.8223, 4.8853, 8.0806, 609.1, 668.1, 
727.1, 780.6, 825.7, 879.4, 940.4, 1001.1, 1057.4, 1125.4, 1155, 
678, 490, 1739, 648, 321, 141, 2151, 2067, 2452, 469, 2066, 1, 
1, 1, 1, 1, 1, 1, 1, 1, 1, 2, 100, 100, 100, 100, 100, 100, 100, 
100, 100, 100, 100, 2500, 2500, 2500, 2500, 2500, 2500, 2500, 
2500, 2500, 2500, 2500, 64667.44, 75284.51, 83172.882, 93563.476, 
114485.341, 130123.115, 153333.138, 180843.917, 149224.965, 157154.564, 
244985.243, 1, 1, 1, 1, 1, 1, 1, 1, 1, 1, 1, 0.01562, 0.01562, 
0.01562, 0.01562, 0.01562, 0.01562, 0.01562, 0.01562, 0.01562, 
0.01562, 0.01562, 0, 0, 0, 0, 0, 0, 0, 0, 0, 0, 0, 0, 0, 0, 0, 
0, 0, 0, 0, 0, 0, 0, 0.34598, 0.35916, 0.38223, 0.40585, 0.40153, 
0.40668, 0.41668, 0.43517, 0.4385, 0.44559, 0.46794, 0.33983, 
0.36224, 0.39764, 0.39804, 0.40523, 0.39937, 0.41634, 0.42393, 
0.45053, 0.45186, 0.46312, 2.1377, 2.624, 2.916, 3.0807, 3.8978, 
4.6494, 4.1309, 5.8036, 5.797, 5.6691, 7.5104, 639, 703.3, 767.1, 
829.2, 893.1, 956.3, 1019.5, 1082.4, 1146.2, 1210.8, 1274.6, 
1, 1, 1, 1, 1, 1, 1, 1, 1, 1, 1, 1, 1, 1, 1, 1, 1, 1, 1, 1, 1, 
1, 1, 1, 1, 1, 1, 1, 1, 1, 1, 1, 1, 1, 1, 1, 1, 1, 1, 1, 1, 1, 
1, 1, 25.722, 30.715, 34.175, 35.818, 45.449, 53.839, 47.15, 
66.035, 66.209, 64.342, 85.146), .Dim = c(11L, 40L), .Dimnames = list(
    NULL, c("Sampling", "PSO.cost", "PSO.gamma", "PSO.data.balancing", 
    "PSO.feature.selection", "PSO.valid.acc", "PSO.test.acc", 
    "PSO.train.time", "PSO.n.support.vectors", "PSO.index", "PSO.n.solutions", 
    "PSO.generations", "PSO.n.evaluations", "PSO.cpu.time", "RS.cost", 
    "RS.gamma", "RS.data.balancing", "RS.feature.selection", 
    "RS.valid.acc", "RS.test.acc", "RS.train.time", "RS.n.support.vectors", 
    "RS.index", "RS.n.solutions", "RS.generations", "RS.n.evaluations", 
    "RS.cpu.time", "DF.cost", "DF.gamma", "DF.data.balancing", 
    "DF.feature.selection", "DF.valid.acc", "DF.test.acc", "DF.train.time", 
    "DF.n.support.vectors", "DF.index", "DF.n.solutions", "DF.generations", 
    "DF.n.evaluations", "DF.cpu.time")))
