full <-
structure(c(50, 55, 60, 65, 70, 75, 80, 85, 90, 95, 100, 7.44184, 
6.93426, 10.92119, 6.5897, 6.70386, 8.53782, 7.15701, 4.90551, 
9.83882, 11.93664, 8.70642, -6.3243, -6.40619, -8.5752, -6.34692, 
-6.25562, -8.33242, -6.76722, -4.44956, -8.99102, -11.40553, 
-7.27146, 0, 0, 0, 0, 0, 0, 0, 0, 0, 0, 0, 0, 0, 0, 0, 0, 0, 
0, 0, 0, 0, 0, 0.66962, 0.67794, 0.68418, 0.70426, 0.70418, 0.70619, 
0.71222, 0.7228, 0.72488, 0.72141, 0.72854, 0.66149, 0.6801, 
0.66851, 0.69227, 0.69646, 0.70718, 0.70881, 0.71182, 0.70562, 
0.7109, 0.71814, 1.2591, 2.2249, 2.3093, 2.7783, 3.6306, 4.0231, 
3.801, 5.7012, 2.4287, 5.0138, 8.5689, 617.5, 675.5, 724.9, 788.9, 
841.8, 891.1, 949.9, 1012.4, 1045.2, 1097, 1157.7, 2349, 1801, 
649, 552, 1332, 1558, 2241, 1457, 2092, 567, 1586, 1, 12, 459, 
290, 94, 62, 5, 38, 4, 342, 37, 100, 100, 100, 100, 100, 100, 
100, 100, 100, 100, 100, 2500, 2500, 2500, 2500, 2500, 2500, 
2500, 2500, 2500, 2500, 2500, 61767.325, 66560.406, 68663.807, 
83837.571, 103792.413, 114241.065, 113328.521, 140762.962, 151726.022, 
169421.194, 185726.682, 8.59821, 7.29526, 11.03779, 5.78423, 
6.57218, 9.5253, 7.29665, 5.37151, 8.77046, 12.09051, 8.73516, 
-6.37155, -6.4203, -8.47966, -5.531, -6.10244, -9.32288, -6.61666, 
-4.47781, -8.42922, -11.50567, -7.317, 0, 0, 0, 0, 0, 0, 0, 0, 
0, 0, 0, 0, 0, 0, 0, 0, 0, 0, 0, 0, 0, 0, 0.66809, 0.67582, 0.68313, 
0.70244, 0.70301, 0.70286, 0.70975, 0.72064, 0.72004, 0.71808, 
0.72852, 0.6613, 0.67331, 0.66861, 0.69136, 0.69377, 0.70131, 
0.71047, 0.70817, 0.71242, 0.71289, 0.71821, 2.0694, 2.1624, 
2.4831, 3.4259, 3.3554, 3.834, 3.906, 4.7044, 4.5773, 6.9946, 
5.8973, 617.2, 675, 724.8, 788.6, 841.4, 888.4, 949.5, 1010.8, 
1048.4, 1096.5, 1156.9, 844, 2327, 1891, 87, 1062, 1036, 1353, 
229, 1323, 2051, 757, 1, 1, 1, 1, 1, 1, 1, 1, 1, 1, 1, 100, 100, 
100, 100, 100, 100, 100, 100, 100, 100, 100, 2500, 2500, 2500, 
2500, 2500, 2500, 2500, 2500, 2500, 2500, 2500, 62340.251, 67205.461, 
74685.8920000001, 94248.024, 98577.3689999999, 127116.056, 113563.736, 
146428.843, 151917.486, 171272.932, 210264.077, 1, 1, 1, 1, 1, 
1, 1, 1, 1, 1, 1, 0.01562, 0.01562, 0.01562, 0.01562, 0.01562, 
0.01562, 0.01562, 0.01562, 0.01562, 0.01562, 0.01562, 0, 0, 0, 
0, 0, 0, 0, 0, 0, 0, 0, 0, 0, 0, 0, 0, 0, 0, 0, 0, 0, 0, 0.34803, 
0.35141, 0.37171, 0.3748, 0.38846, 0.39635, 0.39372, 0.40957, 
0.42599, 0.44023, 0.45132, 0.36061, 0.34684, 0.3729, 0.36931, 
0.38437, 0.39248, 0.38583, 0.41467, 0.41952, 0.43609, 0.44411, 
2.0981, 2.2859, 2.6269, 3.2871, 3.2476, 4.3611, 4.0379, 4.9935, 
5.1276, 4.3349, 8.0047, 638.8, 702.7, 765.4, 829.3, 893.4, 957, 
1020.2, 1084.9, 1146.3, 1210.5, 1274, 1, 1, 1, 1, 1, 1, 1, 1, 
1, 1, 1, 1, 1, 1, 1, 1, 1, 1, 1, 1, 1, 1, 1, 1, 1, 1, 1, 1, 1, 
1, 1, 1, 1, 1, 1, 1, 1, 1, 1, 1, 1, 1, 1, 1, 26.559, 27.191, 
31.837, 39.645, 37.415, 51.61, 46.328, 56.655, 58.038, 50.726, 
91.102), .Dim = c(11L, 40L), .Dimnames = list(NULL, c("Sampling", 
"PSO.cost", "PSO.gamma", "PSO.data.balancing", "PSO.feature.selection", 
"PSO.valid.acc", "PSO.test.acc", "PSO.train.time", "PSO.n.support.vectors", 
"PSO.index", "PSO.n.solutions", "PSO.generations", "PSO.n.evaluations", 
"PSO.cpu.time", "RS.cost", "RS.gamma", "RS.data.balancing", "RS.feature.selection", 
"RS.valid.acc", "RS.test.acc", "RS.train.time", "RS.n.support.vectors", 
"RS.index", "RS.n.solutions", "RS.generations", "RS.n.evaluations", 
"RS.cpu.time", "DF.cost", "DF.gamma", "DF.data.balancing", "DF.feature.selection", 
"DF.valid.acc", "DF.test.acc", "DF.train.time", "DF.n.support.vectors", 
"DF.index", "DF.n.solutions", "DF.generations", "DF.n.evaluations", 
"DF.cpu.time")))
