full <-
structure(c(50, 55, 60, 65, 70, 75, 80, 85, 90, 95, 100, 9.32002, 
8.78216, 2.89474, -0.04322, 4.31847, 0.20715, 7.40171, -1.81793, 
-0.16213, 6.28929, -0.08934, -11.56335, -10.73484, -7.0955, -6.18753, 
-8.48296, -5.6333, -13.22295, -5.01771, -5.33226, -9.26925, -5.88738, 
0, 0, 0, 0, 0, 0, 0, 0, 0, 0, 0, 0, 0, 0, 0, 0, 0, 0, 0, 0, 0, 
0, 0.77628, 0.77713, 0.77139, 0.78477, 0.77449, 0.78412, 0.76467, 
0.7769, 0.77179, 0.77951, 0.78115, 0.75529, 0.75354, 0.76481, 
0.76256, 0.76887, 0.77883, 0.75309, 0.77231, 0.76465, 0.77409, 
0.77464, 0.0431, 0.0432, 0.0523, 0.0362, 0.0555, 0.0636, 0.0856, 
0.0845, 0.0933, 0.0877, 0.0682, 161.2, 184.9, 210, 248.1, 236, 
266.7, 286.4, 338, 324.1, 315.5, 356.2, 34, 868, 538, 608, 238, 
356, 763, 495, 220, 2100, 1441, 143, 161, 64, 32, 189, 527, 15, 
136, 114, 9, 25, 100, 100, 100, 100, 100, 100, 100, 100, 100, 
100, 100, 2500, 2500, 2500, 2500, 2500, 2500, 2500, 2500, 2500, 
2500, 2500, 14296.284, 10495.991, 15646.352, 12303.841, 11270.304, 
10990.434, 16628.603, 11260.146, 12778.73, 12811.962, 9542.402, 
8.93718, 8.8232, 3.78659, 0.79158, 2.50704, -1.01311, 7.12746, 
-0.42928, 0.01405, 9.02531, 0.25486, -11.31985, -10.79004, -9.10746, 
-7.236, -6.94429, -4.56758, -13.05018, -6.50446, -5.3312, -9.91364, 
-6.02893, 0, 0, 0, 0, 0, 0, 0, 0, 0, 0, 0, 0, 0, 0, 0, 0, 0, 
0, 0, 0, 0, 0, 0.77628, 0.77713, 0.76709, 0.78268, 0.77261, 0.78237, 
0.76465, 0.77539, 0.77036, 0.77814, 0.77855, 0.75529, 0.75354, 
0.75848, 0.7666, 0.76698, 0.78049, 0.75803, 0.77229, 0.7661, 
0.76988, 0.77464, 0.0401, 0.0438, 0.0314, 0.063, 0.0695, 0.0675, 
0.0776, 0.0859, 0.0923, 0.1061, 0.1015, 161.7, 184.8, 219.3, 
249.5, 238.5, 278.1, 288.1, 329, 321, 311.7, 352.2, 218, 1005, 
1001, 629, 227, 2215, 888, 2396, 1675, 2382, 2484, 5, 1, 2, 3, 
3, 1, 5, 1, 1, 1, 1, 100, 100, 100, 100, 100, 100, 100, 100, 
100, 100, 100, 2500, 2500, 2500, 2500, 2500, 2500, 2500, 2500, 
2500, 2500, 2500, 10770.276, 13801.385, 9377.531, 17519.651, 
15755.265, 13857.382, 16197.415, 13617.36, 17325.288, 16333.727, 
18020.535, 1, 1, 1, 1, 1, 1, 1, 1, 1, 1, 1, 0.125, 0.125, 0.125, 
0.125, 0.125, 0.125, 0.125, 0.125, 0.125, 0.125, 0.125, 0, 0, 
0, 0, 0, 0, 0, 0, 0, 0, 0, 0, 0, 0, 0, 0, 0, 0, 0, 0, 0, 0, 0.75252, 
0.74873, 0.73012, 0.75056, 0.7464, 0.77027, 0.73487, 0.74781, 
0.74988, 0.75881, 0.76034, 0.7503, 0.76534, 0.72138, 0.75648, 
0.75772, 0.7614, 0.73495, 0.75546, 0.74415, 0.75746, 0.76294, 
0.0246, 0.0349, 0.0325, 0.0578, 0.0681, 0.0755, 0.0747, 0.081, 
0.091, 0.0993, 0.1071, 189.9, 213.2, 229.1, 242.1, 259.5, 272.1, 
293.8, 311, 327.2, 343.9, 355.2, 1, 1, 1, 1, 1, 1, 1, 1, 1, 1, 
1, 1, 1, 1, 1, 1, 1, 1, 1, 1, 1, 1, 1, 1, 1, 1, 1, 1, 1, 1, 1, 
1, 1, 1, 1, 1, 1, 1, 1, 1, 1, 1, 1, 1, 3.197, 5.44, 3.281, 6.392, 
4.361, 6.229, 4.301, 4.257, 4.613, 4.434, 5.609), .Dim = c(11L, 
40L), .Dimnames = list(NULL, c("Sampling", "PSO.cost", "PSO.gamma", 
"PSO.data.balancing", "PSO.feature.selection", "PSO.valid.acc", 
"PSO.test.acc", "PSO.train.time", "PSO.n.support.vectors", "PSO.index", 
"PSO.n.solutions", "PSO.generations", "PSO.n.evaluations", "PSO.cpu.time", 
"RS.cost", "RS.gamma", "RS.data.balancing", "RS.feature.selection", 
"RS.valid.acc", "RS.test.acc", "RS.train.time", "RS.n.support.vectors", 
"RS.index", "RS.n.solutions", "RS.generations", "RS.n.evaluations", 
"RS.cpu.time", "DF.cost", "DF.gamma", "DF.data.balancing", "DF.feature.selection", 
"DF.valid.acc", "DF.test.acc", "DF.train.time", "DF.n.support.vectors", 
"DF.index", "DF.n.solutions", "DF.generations", "DF.n.evaluations", 
"DF.cpu.time")))
