full <-
structure(c(50, 55, 60, 65, 70, 75, 80, 85, 90, 95, 100, 10.33372, 
2.48724, 5.5862, 2.3506, 1.14105, 13.39469, 3.84622, -0.94472, 
-0.52046, -2, 0.59488, -15, -7.46263, -8.18056, -6.56896, -5.42387, 
-12.00949, -8.78519, -6.04127, -3.45006, -4.41042, -5.20683, 
0, 0, 0, 0, 0, 0, 0, 0, 0, 0, 0, 0, 0, 0, 0, 0, 0, 0, 0, 0, 0, 
0, 0.78862, 0.76766, 0.78483, 0.7791, 0.77612, 0.7806, 0.78431, 
0.77538, 0.78084, 0.77275, 0.78517, 0.77567, 0.75825, 0.76503, 
0.76114, 0.7705, 0.7685, 0.76961, 0.76308, 0.76619, 0.76031, 
0.77736, 0.0367, 0.0504, 0.0471, 0.0504, 0.0628, 0.1085, 0.0696, 
0.086, 0.0916, 0.1019, 0.101, 173.1, 195.7, 202.6, 223, 244.8, 
240.2, 270.2, 334.4, 322.7, 370.2, 338.5, 331, 914, 336, 371, 
1665, 47, 759, 1596, 1747, 1781, 1082, 203, 56, 120, 58, 36, 
58, 36, 15, 1, 13, 34, 100, 100, 100, 100, 100, 100, 100, 100, 
100, 100, 100, 2500, 2500, 2500, 2500, 2500, 2500, 2500, 2500, 
2500, 2500, 2500, 15508.197, 14015.658, 10762.165, 10740.189, 
13233.387, 13860.473, 11241.403, 11414.552, 10596.873, 10941.561, 
16157.613, 9.97869, 0.69485, 4.545, 2.06036, 1.11833, 4.10376, 
3.79578, -1.16583, -0.45829, -1.48984, -0.11177, -14.60481, -7.44053, 
-7.61071, -6.526, -5.62418, -6.74818, -8.87046, -5.76313, -3.53376, 
-6.85901, -4.92882, 0, 0, 0, 0, 0, 0, 0, 0, 0, 0, 0, 0, 0, 0, 
0, 0, 0, 0, 0, 0, 0, 0, 0.78862, 0.76539, 0.78483, 0.77906, 0.77423, 
0.77891, 0.78267, 0.77231, 0.78082, 0.77131, 0.78257, 0.77567, 
0.76069, 0.7672, 0.76514, 0.7705, 0.76505, 0.77122, 0.76615, 
0.76479, 0.76581, 0.78389, 0.0381, 0.045, 0.0475, 0.0514, 0.0655, 
0.0671, 0.0715, 0.0533, 0.0846, 0.1214, 0.1144, 172.9, 215.7, 
203.8, 224.8, 245.5, 243.3, 271.6, 335.5, 319.9, 401.4, 347.3, 
857, 1869, 1608, 510, 1020, 783, 1964, 472, 1893, 2014, 253, 
5, 1, 1, 1, 3, 1, 2, 3, 1, 1, 4, 100, 100, 100, 100, 100, 100, 
100, 100, 100, 100, 100, 2500, 2500, 2500, 2500, 2500, 2500, 
2500, 2500, 2500, 2500, 2500, 13877.461, 11712.737, 12395.488, 
11983.503, 16551.916, 13227.203, 13072.064, 13113.066, 13824.338, 
13977.481, 18878.0060000001, 1, 1, 1, 1, 1, 1, 1, 1, 1, 1, 1, 
0.125, 0.125, 0.125, 0.125, 0.125, 0.125, 0.125, 0.125, 0.125, 
0.125, 0.125, 0, 0, 0, 0, 0, 0, 0, 0, 0, 0, 0, 0, 0, 0, 0, 0, 
0, 0, 0, 0, 0, 0, 0.7499, 0.74153, 0.75458, 0.75902, 0.75201, 
0.75807, 0.77302, 0.74308, 0.76193, 0.75479, 0.76435, 0.75273, 
0.73931, 0.74347, 0.75698, 0.75757, 0.75797, 0.75829, 0.73692, 
0.76477, 0.73693, 0.7683, 0.0303, 0.0446, 0.0498, 0.0586, 0.0742, 
0.0719, 0.0759, 0.0867, 0.0908, 0.0623, 0.114, 187.1, 207.5, 
228.2, 245.3, 262.6, 276.4, 290.6, 312, 320.8, 342.4, 355.5, 
1, 1, 1, 1, 1, 1, 1, 1, 1, 1, 1, 1, 1, 1, 1, 1, 1, 1, 1, 1, 1, 
1, 1, 1, 1, 1, 1, 1, 1, 1, 1, 1, 1, 1, 1, 1, 1, 1, 1, 1, 1, 1, 
1, 1, 5.626, 4.329, 4.325, 4.404, 7.096, 4.416, 4.33, 4.59, 4.316, 
3.312, 5.966), .Dim = c(11L, 40L), .Dimnames = list(NULL, c("Sampling", 
"PSO.cost", "PSO.gamma", "PSO.data.balancing", "PSO.feature.selection", 
"PSO.valid.acc", "PSO.test.acc", "PSO.train.time", "PSO.n.support.vectors", 
"PSO.index", "PSO.n.solutions", "PSO.generations", "PSO.n.evaluations", 
"PSO.cpu.time", "RS.cost", "RS.gamma", "RS.data.balancing", "RS.feature.selection", 
"RS.valid.acc", "RS.test.acc", "RS.train.time", "RS.n.support.vectors", 
"RS.index", "RS.n.solutions", "RS.generations", "RS.n.evaluations", 
"RS.cpu.time", "DF.cost", "DF.gamma", "DF.data.balancing", "DF.feature.selection", 
"DF.valid.acc", "DF.test.acc", "DF.train.time", "DF.n.support.vectors", 
"DF.index", "DF.n.solutions", "DF.generations", "DF.n.evaluations", 
"DF.cpu.time")))
