full <-
structure(c(50, 55, 60, 65, 70, 75, 80, 85, 90, 95, 100, 15, 
5.9677, 10.90627, 12.60752, 4.82596, -1.26877, 0.76998, -0.46783, 
-0.98239, -0.62976, -1.93871, -13.67273, -8.31041, -9.74366, 
-10.96864, -8.42344, -2.90657, -5.86649, -6.10187, -4.17191, 
-4.10059, -5.39668, 0, 0, 0, 0, 0, 0, 0, 0, 0, 0, 0, 0, 0, 0, 
0, 0, 0, 0, 0, 0, 0, 0, 0.78354, 0.79865, 0.79791, 0.79545, 0.79108, 
0.79475, 0.78924, 0.78301, 0.78489, 0.78384, 0.78513, 0.77301, 
0.79162, 0.78486, 0.78133, 0.78374, 0.78447, 0.77776, 0.77227, 
0.76746, 0.77421, 0.76695, 0.0519, 0.0386, 0.0596, 0.0779, 0.0555, 
0.0707, 0.0731, 0.0851, 0.0862, 0.0914, 0.112, 161.8, 175.7, 
182.1, 196.7, 225, 290.6, 277.9, 317.7, 324.3, 331.7, 394.8, 
2467, 815, 26, 387, 593, 2132, 1352, 591, 645, 261, 938, 1, 49, 
308, 11, 71, 5, 9, 23, 132, 50, 128, 100, 100, 100, 100, 100, 
100, 100, 100, 100, 100, 100, 2500, 2500, 2500, 2500, 2500, 2500, 
2500, 2500, 2500, 2500, 2500, 7966.661, 8427.711, 8975.639, 9593.182, 
9091.89, 10633.75, 10841.759, 9798.07499999998, 9967.31699999998, 
10644.506, 10775.987, -0.57237, 6.23747, 2.99557, 0.57221, 4.92229, 
11.56646, 3.96047, -0.37923, -1.14586, -0.27496, -1.22918, -4.1092, 
-8.43958, -6.43721, -5.08792, -5.6787, -11.58715, -7.72659, -5.86485, 
-4.10633, -4.23324, -5.99929, 0, 0, 0, 0, 0, 0, 0, 0, 0, 0, 0, 
0, 0, 0, 0, 0, 0, 0, 0, 0, 0, 0, 0.78104, 0.79865, 0.79791, 0.79545, 
0.7893, 0.78958, 0.78919, 0.78148, 0.78489, 0.78384, 0.78124, 
0.78111, 0.79162, 0.78703, 0.78337, 0.77242, 0.77221, 0.77285, 
0.7707, 0.77035, 0.77284, 0.76825, 0.0365, 0.038, 0.0426, 0.0519, 
0.0583, 0.0743, 0.0671, 0.0809, 0.0896, 0.0924, 0.1129, 189.3, 
174.8, 192.6, 220.3, 210.7, 235.1, 264.8, 312.4, 327.1, 325.9, 
385.7, 1673, 1254, 42, 1882, 1094, 1733, 1498, 1601, 1172, 1255, 
1138, 1, 1, 20, 1, 1, 1, 1, 2, 1, 1, 1, 100, 100, 100, 100, 100, 
100, 100, 100, 100, 100, 100, 2500, 2500, 2500, 2500, 2500, 2500, 
2500, 2500, 2500, 2500, 2500, 8724.68, 9035.948, 9467.991, 10060.264, 
10816.203, 11249.986, 11772.718, 12343.971, 13374.457, 13583.26, 
14491.904, 1, 1, 1, 1, 1, 1, 1, 1, 1, 1, 1, 0.125, 0.125, 0.125, 
0.125, 0.125, 0.125, 0.125, 0.125, 0.125, 0.125, 0.125, 0, 0, 
0, 0, 0, 0, 0, 0, 0, 0, 0, 0, 0, 0, 0, 0, 0, 0, 0, 0, 0, 0, 0.75506, 
0.77251, 0.77186, 0.77724, 0.76494, 0.77548, 0.7647, 0.76294, 
0.7689, 0.77427, 0.76302, 0.75513, 0.77699, 0.76525, 0.7632, 
0.76871, 0.77914, 0.76298, 0.76301, 0.76743, 0.76742, 0.76169, 
0.0366, 0.0387, 0.0441, 0.0524, 0.0609, 0.0676, 0.071, 0.0839, 
0.092, 0.0971, 0.1118, 189, 202.3, 218.4, 233.5, 250.9, 267.8, 
287.6, 305.5, 320.4, 335.9, 355.8, 1, 1, 1, 1, 1, 1, 1, 1, 1, 
1, 1, 1, 1, 1, 1, 1, 1, 1, 1, 1, 1, 1, 1, 1, 1, 1, 1, 1, 1, 1, 
1, 1, 1, 1, 1, 1, 1, 1, 1, 1, 1, 1, 1, 1, 3.22, 3.126, 3.06, 
3.62, 3.689, 3.66, 3.55, 3.849, 4.005, 4.105, 4.33), .Dim = c(11L, 
40L), .Dimnames = list(NULL, c("Sampling", "PSO.cost", "PSO.gamma", 
"PSO.data.balancing", "PSO.feature.selection", "PSO.valid.acc", 
"PSO.test.acc", "PSO.train.time", "PSO.n.support.vectors", "PSO.index", 
"PSO.n.solutions", "PSO.generations", "PSO.n.evaluations", "PSO.cpu.time", 
"RS.cost", "RS.gamma", "RS.data.balancing", "RS.feature.selection", 
"RS.valid.acc", "RS.test.acc", "RS.train.time", "RS.n.support.vectors", 
"RS.index", "RS.n.solutions", "RS.generations", "RS.n.evaluations", 
"RS.cpu.time", "DF.cost", "DF.gamma", "DF.data.balancing", "DF.feature.selection", 
"DF.valid.acc", "DF.test.acc", "DF.train.time", "DF.n.support.vectors", 
"DF.index", "DF.n.solutions", "DF.generations", "DF.n.evaluations", 
"DF.cpu.time")))
