full <-
structure(c(50, 55, 60, 65, 70, 75, 80, 85, 90, 95, 100, 15, 
-1.08396, 5.0465, 13.16366, 13.21771, -2, -0.40217, 5.39024, 
6.03716, 9.62408, 4.6383, -14.35952, -4.46955, -12.5573, -8.47388, 
-9.59973, -4.05357, -5.45806, -10.13765, -9.77028, -14.99056, 
-5.50691, 0, 0, 0, 0, 0, 0, 0, 0, 0, 0, 0, 0, 0, 0, 0, 0, 0, 
0, 0, 0, 0, 0, 0.75533, 0.76055, 0.76071, 0.77106, 0.76674, 0.77523, 
0.768, 0.77535, 0.76884, 0.77275, 0.78136, 0.75027, 0.74864, 
0.75419, 0.75098, 0.75, 0.76645, 0.75649, 0.76917, 0.76584, 0.76724, 
0.76704, 0.0485, 0.0423, 0.0517, 0.3547, 0.2352, 0.0781, 0.0773, 
0.0813, 0.0579, 0.096, 0.1076, 170.1, 223.8, 251.3, 203.2, 218.5, 
300.7, 296.6, 291, 298.8, 327.2, 316.1, 1655, 1647, 621, 2456, 
1437, 2125, 431, 1021, 292, 2359, 2119, 1, 41, 51, 2, 3, 11, 
493, 22, 463, 1, 7, 100, 100, 100, 100, 100, 100, 100, 100, 100, 
100, 100, 2500, 2500, 2500, 2500, 2500, 2500, 2500, 2500, 2500, 
2500, 2500, 11078.707, 11084.492, 17246.39, 19677.254, 14964.207, 
15379.166, 16066.453, 16049.481, 14925.322, 13550.04, 10997.286, 
14.04627, -1.02773, 5.25093, 6.97851, -1.55067, -1.9942, -1.1284, 
1.09553, 6.44736, -0.39071, -1.49298, -14.06194, -4.49031, -12.82399, 
-6.23282, -2.12915, -3.86621, -3.1187, -8.04266, -10.08142, -6.90166, 
-3.62109, 0, 0, 0, 0, 0, 0, 0, 0, 0, 0, 0, 0, 0, 0, 0, 0, 0, 
0, 0, 0, 0, 0, 0.75277, 0.75585, 0.75853, 0.76506, 0.76303, 0.7735, 
0.77117, 0.77535, 0.76884, 0.77272, 0.78008, 0.75027, 0.74859, 
0.75419, 0.75894, 0.75748, 0.76467, 0.75147, 0.77381, 0.76584, 
0.76305, 0.77092, 0.0331, 0.0435, 0.053, 0.0758, 0.0417, 0.0818, 
0.0867, 0.0856, 0.1013, 0.0971, 0.1109, 169.8, 223.4, 252, 208.9, 
300.6, 301, 309, 324.3, 298.5, 367, 373.6, 1929, 502, 101, 1236, 
945, 1185, 1818, 367, 155, 2171, 1078, 1, 1, 4, 1, 1, 1, 1, 2, 
1, 1, 1, 100, 100, 100, 100, 100, 100, 100, 100, 100, 100, 100, 
2500, 2500, 2500, 2500, 2500, 2500, 2500, 2500, 2500, 2500, 2500, 
12987.905, 12063.05, 16703.043, 17736.72, 12791.175, 18436.895, 
18414.489, 15532.917, 16246.1, 16115.9179999999, 15476.09, 1, 
1, 1, 1, 1, 1, 1, 1, 1, 1, 1, 0.125, 0.125, 0.125, 0.125, 0.125, 
0.125, 0.125, 0.125, 0.125, 0.125, 0.125, 0, 0, 0, 0, 0, 0, 0, 
0, 0, 0, 0, 0, 0, 0, 0, 0, 0, 0, 0, 0, 0, 0, 0.7191, 0.72982, 
0.73041, 0.76498, 0.74983, 0.7559, 0.75152, 0.74773, 0.74552, 
0.75063, 0.76181, 0.73198, 0.72965, 0.73259, 0.75706, 0.75922, 
0.75941, 0.74335, 0.75689, 0.74414, 0.7562, 0.76309, 0.0307, 
0.0534, 0.0547, 0.0575, 0.0645, 0.0754, 0.0775, 0.0561, 0.0616, 
0.0898, 0.1131, 201.2, 217.4, 232.1, 247.8, 260.4, 274.5, 292.8, 
308.8, 324.8, 340, 356.3, 1, 1, 1, 1, 1, 1, 1, 1, 1, 1, 1, 1, 
1, 1, 1, 1, 1, 1, 1, 1, 1, 1, 1, 1, 1, 1, 1, 1, 1, 1, 1, 1, 1, 
1, 1, 1, 1, 1, 1, 1, 1, 1, 1, 1, 5.47, 6.99, 6.805, 4.19, 4.295, 
6.713, 6.447, 4.827, 4.474, 3.907, 5.465), .Dim = c(11L, 40L), .Dimnames = list(
    NULL, c("Sampling", "PSO.cost", "PSO.gamma", "PSO.data.balancing", 
    "PSO.feature.selection", "PSO.valid.acc", "PSO.test.acc", 
    "PSO.train.time", "PSO.n.support.vectors", "PSO.index", "PSO.n.solutions", 
    "PSO.generations", "PSO.n.evaluations", "PSO.cpu.time", "RS.cost", 
    "RS.gamma", "RS.data.balancing", "RS.feature.selection", 
    "RS.valid.acc", "RS.test.acc", "RS.train.time", "RS.n.support.vectors", 
    "RS.index", "RS.n.solutions", "RS.generations", "RS.n.evaluations", 
    "RS.cpu.time", "DF.cost", "DF.gamma", "DF.data.balancing", 
    "DF.feature.selection", "DF.valid.acc", "DF.test.acc", "DF.train.time", 
    "DF.n.support.vectors", "DF.index", "DF.n.solutions", "DF.generations", 
    "DF.n.evaluations", "DF.cpu.time")))
