full <-
structure(c(50, 55, 60, 65, 70, 75, 80, 85, 90, 95, 100, -0.00202, 
5.40905, -0.15873, 1.30549, 3.69227, 3.83452, 15, 1.27831, 1.2232, 
-1.81731, -0.04926, -5.33592, -11.50183, -3.69805, -5.66064, 
-8.53868, -11.64541, -14.23167, -7.40245, -6.13643, -5.6325, 
-7.73831, 0, 0, 0, 0, 0, 0, 0, 0, 0, 0, 0, 0, 0, 0, 0, 0, 0, 
0, 0, 0, 0, 0, 0.79953, 0.80557, 0.80234, 0.79953, 0.78689, 0.77517, 
0.78265, 0.78154, 0.78214, 0.78094, 0.78117, 0.79184, 0.79627, 
0.78277, 0.79753, 0.77379, 0.7752, 0.77776, 0.77538, 0.77626, 
0.7754, 0.77078, 0.0378, 0.0425, 0.048, 0.0528, 0.0571, 0.0741, 
0.0941, 0.0773, 0.0968, 0.1057, 0.1197, 180.4, 195.2, 214.7, 
215.9, 236.8, 307.1, 258, 308.9, 308, 379.7, 396.6, 1608, 53, 
827, 1210, 1234, 29, 2055, 765, 601, 85, 2083, 39, 168, 185, 
72, 78, 138, 2, 127, 102, 394, 7, 100, 100, 100, 100, 100, 100, 
100, 100, 100, 100, 100, 2500, 2500, 2500, 2500, 2500, 2500, 
2500, 2500, 2500, 2500, 2500, 11951.448, 11726.11, 11019.042, 
11205.462, 12247.301, 13100.312, 13194.39, 13224.642, 16276.97, 
16263.753, 13398.734, 0.25343, 6.7105, -0.30594, 0.62129, 0.61073, 
7.11449, 10.58746, -1.09708, 1.33692, 4.42065, -0.19904, -5.43194, 
-11.84007, -3.54063, -5.71805, -5.58852, -14.82323, -11.90513, 
-5.79981, -6.1596, -8.42953, -7.55096, 0, 0, 0, 0, 0, 0, 0, 0, 
0, 0, 0, 0, 0, 0, 0, 0, 0, 0, 0, 0, 0, 0, 0.7969, 0.80557, 0.80017, 
0.79553, 0.78689, 0.77517, 0.78104, 0.78, 0.78067, 0.77816, 0.78117, 
0.79184, 0.7961, 0.78277, 0.79345, 0.7813, 0.77344, 0.7794, 0.77538, 
0.77483, 0.77274, 0.77078, 0.0364, 0.0403, 0.0472, 0.0621, 0.0687, 
0.0702, 0.0776, 0.0961, 0.0971, 0.0989, 0.105, 178.4, 185.2, 
217.4, 222.7, 243.3, 304.7, 259.6, 330.6, 306.4, 313.6, 396.2, 
1327, 110, 2124, 810, 835, 673, 172, 610, 455, 776, 1063, 4, 
12, 1, 3, 2, 14, 4, 2, 1, 3, 1, 100, 100, 100, 100, 100, 100, 
100, 100, 100, 100, 100, 2500, 2500, 2500, 2500, 2500, 2500, 
2500, 2500, 2500, 2500, 2500, 11349.914, 11808.126, 12012.542, 
11987.5, 14809.798, 12999.704, 13479.559, 19412.174, 19798.269, 
20240.969, 14839.624, 1, 1, 1, 1, 1, 1, 1, 1, 1, 1, 1, 0.125, 
0.125, 0.125, 0.125, 0.125, 0.125, 0.125, 0.125, 0.125, 0.125, 
0.125, 0, 0, 0, 0, 0, 0, 0, 0, 0, 0, 0, 0, 0, 0, 0, 0, 0, 0, 
0, 0, 0, 0, 0.7525, 0.77966, 0.79355, 0.77756, 0.7495, 0.75626, 
0.75167, 0.76462, 0.7545, 0.76168, 0.77594, 0.75783, 0.77506, 
0.77838, 0.78148, 0.76082, 0.75263, 0.75008, 0.76923, 0.75597, 
0.75468, 0.77341, 0.0405, 0.0476, 0.0473, 0.0515, 0.0623, 0.0731, 
0.0723, 0.0838, 0.1015, 0.1122, 0.1069, 187.4, 205.8, 220.4, 
234, 254.9, 277.6, 288.8, 305.9, 323.9, 338.7, 355.8, 1, 1, 1, 
1, 1, 1, 1, 1, 1, 1, 1, 1, 1, 1, 1, 1, 1, 1, 1, 1, 1, 1, 1, 1, 
1, 1, 1, 1, 1, 1, 1, 1, 1, 1, 1, 1, 1, 1, 1, 1, 1, 1, 1, 1, 4.28, 
6.787, 4.417, 4.271, 4.368, 6.967, 4.422, 6.342, 6.386, 6.314, 
4.323), .Dim = c(11L, 40L), .Dimnames = list(NULL, c("Sampling", 
"PSO.cost", "PSO.gamma", "PSO.data.balancing", "PSO.feature.selection", 
"PSO.valid.acc", "PSO.test.acc", "PSO.train.time", "PSO.n.support.vectors", 
"PSO.index", "PSO.n.solutions", "PSO.generations", "PSO.n.evaluations", 
"PSO.cpu.time", "RS.cost", "RS.gamma", "RS.data.balancing", "RS.feature.selection", 
"RS.valid.acc", "RS.test.acc", "RS.train.time", "RS.n.support.vectors", 
"RS.index", "RS.n.solutions", "RS.generations", "RS.n.evaluations", 
"RS.cpu.time", "DF.cost", "DF.gamma", "DF.data.balancing", "DF.feature.selection", 
"DF.valid.acc", "DF.test.acc", "DF.train.time", "DF.n.support.vectors", 
"DF.index", "DF.n.solutions", "DF.generations", "DF.n.evaluations", 
"DF.cpu.time")))
