full <-
structure(c(50, 55, 60, 65, 70, 75, 80, 85, 90, 95, 100, 13.16951, 
1.28647, 1.18068, 3.49793, 13.78181, 14.8814, 7.59763, 6.05396, 
-0.05227, 2.92332, 13.18191, -9.73187, -4.97002, -6.5133, -10.92279, 
-14.95507, -11.97679, -15, -12.50193, -6.31748, -10.92447, -14.20213, 
0, 0, 0, 0, 0, 0, 0, 0, 0, 0, 0, 0, 0, 0, 0, 0, 0, 0, 0, 0, 0, 
0, 0.80493, 0.78942, 0.77874, 0.76706, 0.76677, 0.79096, 0.78584, 
0.78771, 0.78185, 0.77828, 0.7826, 0.77632, 0.76351, 0.75463, 
0.75106, 0.77617, 0.76664, 0.78259, 0.76617, 0.77022, 0.77141, 
0.77873, 0.1009, 0.0417, 0.0506, 0.0364, 0.0656, 0.1448, 0.0705, 
0.0545, 0.0857, 0.1072, 0.1217, 146.8, 190.9, 218.8, 266.1, 228.7, 
237.4, 312.3, 308.2, 328.9, 379.5, 321.5, 462, 572, 1425, 1436, 
334, 1411, 79, 372, 1089, 263, 1718, 101, 241, 168, 13, 28, 1, 
122, 78, 87, 79, 4, 100, 100, 100, 100, 100, 100, 100, 100, 100, 
100, 100, 2500, 2500, 2500, 2500, 2500, 2500, 2500, 2500, 2500, 
2500, 2500, 12382.39, 10697.711, 15404.203, 11237.337, 11377.776, 
13810.794, 11260.792, 12761.889, 15295.946, 14838.002, 14785.79, 
12.51969, -0.00443, -0.40023, 2.50968, -1.01376, 5.08252, 4.20047, 
7.50506, 5.61384, 1.94576, 12.83591, -9.43471, -4.48568, -4.78259, 
-10.39812, -4.77849, -7.04652, -11.60427, -13.99209, -4.98584, 
-9.90976, -14.4368, 0, 0, 0, 0, 0, 0, 0, 0, 0, 0, 0, 0, 0, 0, 
0, 0, 0, 0, 0, 0, 0, 0, 0.80493, 0.78472, 0.7743, 0.76698, 0.7688, 
0.79099, 0.78584, 0.78619, 0.78019, 0.77689, 0.78001, 0.77632, 
0.77292, 0.75477, 0.75102, 0.76502, 0.77529, 0.78259, 0.76466, 
0.76864, 0.77141, 0.77613, 0.0909, 0.042, 0.0577, 0.0596, 0.0653, 
0.0745, 0.0529, 0.0547, 0.1129, 0.1027, 0.1117, 147.8, 201.9, 
223.8, 275, 267.5, 240.2, 312.5, 309.1, 275.4, 379.1, 321.9, 
111, 510, 672, 48, 484, 870, 6, 951, 1483, 69, 158, 6, 1, 1, 
1, 1, 1, 6, 2, 1, 3, 4, 100, 100, 100, 100, 100, 100, 100, 100, 
100, 100, 100, 2500, 2500, 2500, 2500, 2500, 2500, 2500, 2500, 
2500, 2500, 2500, 11074.443, 12839.766, 15165.304, 16340.374, 
15704.049, 18855.591, 16213.64, 14183.523, 19008.214, 18335.579, 
17287.422, 1, 1, 1, 1, 1, 1, 1, 1, 1, 1, 1, 0.125, 0.125, 0.125, 
0.125, 0.125, 0.125, 0.125, 0.125, 0.125, 0.125, 0.125, 0, 0, 
0, 0, 0, 0, 0, 0, 0, 0, 0, 0, 0, 0, 0, 0, 0, 0, 0, 0, 0, 0, 0.78671, 
0.74939, 0.73729, 0.73114, 0.7406, 0.76307, 0.76633, 0.75533, 
0.76139, 0.75621, 0.76181, 0.78414, 0.75864, 0.74192, 0.72514, 
0.74811, 0.7474, 0.75977, 0.76764, 0.77156, 0.76032, 0.75783, 
0.0241, 0.0439, 0.0484, 0.0535, 0.0615, 0.0812, 0.0796, 0.0851, 
0.0891, 0.1062, 0.0997, 185.2, 207.4, 222.4, 241.8, 256.8, 269.6, 
284.5, 304.9, 320.8, 335.8, 356.2, 1, 1, 1, 1, 1, 1, 1, 1, 1, 
1, 1, 1, 1, 1, 1, 1, 1, 1, 1, 1, 1, 1, 1, 1, 1, 1, 1, 1, 1, 1, 
1, 1, 1, 1, 1, 1, 1, 1, 1, 1, 1, 1, 1, 1, 3.316, 4.333, 4.288, 
4.124, 4.24, 6.854, 6.117, 6.574, 5.905, 6.103, 4.169), .Dim = c(11L, 
40L), .Dimnames = list(NULL, c("Sampling", "PSO.cost", "PSO.gamma", 
"PSO.data.balancing", "PSO.feature.selection", "PSO.valid.acc", 
"PSO.test.acc", "PSO.train.time", "PSO.n.support.vectors", "PSO.index", 
"PSO.n.solutions", "PSO.generations", "PSO.n.evaluations", "PSO.cpu.time", 
"RS.cost", "RS.gamma", "RS.data.balancing", "RS.feature.selection", 
"RS.valid.acc", "RS.test.acc", "RS.train.time", "RS.n.support.vectors", 
"RS.index", "RS.n.solutions", "RS.generations", "RS.n.evaluations", 
"RS.cpu.time", "DF.cost", "DF.gamma", "DF.data.balancing", "DF.feature.selection", 
"DF.valid.acc", "DF.test.acc", "DF.train.time", "DF.n.support.vectors", 
"DF.index", "DF.n.solutions", "DF.generations", "DF.n.evaluations", 
"DF.cpu.time")))
