full <-
structure(c(50, 55, 60, 65, 70, 75, 80, 85, 90, 95, 100, 0.57149, 
14.54591, 0.37863, -0.21204, -1.798, 8.79925, 0.60839, -0.14576, 
0.22122, 0.42207, 0.16013, -4.69761, -10.53251, -5.52574, -6.14713, 
-4.28735, -7.426, -2.3589, -5.06641, -5.13125, -5.50922, -8.21346, 
0, 0, 0, 0, 0, 0, 0, 0, 0, 0, 0, 0, 0, 0, 0, 0, 0, 0, 0, 0, 0, 
0, 0.80172, 0.78206, 0.78268, 0.78125, 0.79106, 0.78581, 0.79419, 
0.7893, 0.78326, 0.78788, 0.77999, 0.79146, 0.75598, 0.76978, 
0.76933, 0.77058, 0.76827, 0.78777, 0.76929, 0.77165, 0.77964, 
0.77344, 0.0349, 0.1594, 0.0471, 0.0534, 0.0605, 0.088, 0.0807, 
0.0792, 0.0807, 0.0871, 0.1102, 171.6, 170.9, 213.6, 245.2, 272.8, 
223.4, 295.6, 300.3, 311.2, 320.8, 403.2, 809, 1344, 447, 383, 
1639, 1202, 390, 1736, 1705, 1814, 789, 40, 29, 473, 75, 15, 
52, 227, 5, 13, 1, 31, 100, 100, 100, 100, 100, 100, 100, 100, 
100, 100, 100, 2500, 2500, 2500, 2500, 2500, 2500, 2500, 2500, 
2500, 2500, 2500, 8186.394, 10419.64, 8488.552, 8482.657, 9523.96699999999, 
11778.789, 9498.852, 9052.52899999998, 11015.75, 13092.835, 10010.039, 
0.68575, 5.02521, 12.98551, -0.51173, -1.66206, 9.70157, -0.2425, 
1.59325, -0.88816, 0.46938, -1.09186, -4.84213, -5.59777, -12.24614, 
-5.87445, -4.09341, -7.91598, -2.4853, -6.07808, -5.14024, -4.46861, 
-6.72949, 0, 0, 0, 0, 0, 0, 0, 0, 0, 0, 0, 0, 0, 0, 0, 0, 0, 
0, 0, 0, 0, 0, 0.80172, 0.78206, 0.77852, 0.77725, 0.78546, 0.78234, 
0.79104, 0.78764, 0.78192, 0.78649, 0.77867, 0.79146, 0.76085, 
0.77432, 0.76729, 0.77802, 0.76833, 0.76653, 0.76468, 0.77753, 
0.77133, 0.77344, 0.0353, 0.0406, 0.0578, 0.0605, 0.0608, 0.1, 
0.0705, 0.0735, 0.0823, 0.0844, 0.1063, 170.6, 174.4, 191.8, 
245.8, 271.4, 223.6, 300.2, 287.3, 328.8, 314.1, 400.1, 574, 
2436, 396, 307, 485, 609, 1878, 2466, 1806, 1871, 198, 1, 1, 
1, 2, 1, 1, 1, 1, 1, 1, 8, 100, 100, 100, 100, 100, 100, 100, 
100, 100, 100, 100, 2500, 2500, 2500, 2500, 2500, 2500, 2500, 
2500, 2500, 2500, 2500, 8685.39, 9283.086, 9608.269, 9998.84999999999, 
10471.771, 10814.688, 11087.24, 11982.451, 12889.386, 12547.622, 
14359.15, 1, 1, 1, 1, 1, 1, 1, 1, 1, 1, 1, 0.125, 0.125, 0.125, 
0.125, 0.125, 0.125, 0.125, 0.125, 0.125, 0.125, 0.125, 0, 0, 
0, 0, 0, 0, 0, 0, 0, 0, 0, 0, 0, 0, 0, 0, 0, 0, 0, 0, 0, 0, 0.7733, 
0.76528, 0.75456, 0.7388, 0.75573, 0.75454, 0.77637, 0.76626, 
0.76444, 0.77414, 0.7643, 0.7733, 0.75604, 0.75465, 0.72868, 
0.7631, 0.75439, 0.77139, 0.76626, 0.7702, 0.76585, 0.75514, 
0.0372, 0.0421, 0.0447, 0.0513, 0.0584, 0.0611, 0.0701, 0.0756, 
0.0847, 0.0871, 0.1094, 182.2, 205.1, 218.1, 238.1, 254.7, 267.7, 
286.9, 303.3, 318.6, 328.8, 355.2, 1, 1, 1, 1, 1, 1, 1, 1, 1, 
1, 1, 1, 1, 1, 1, 1, 1, 1, 1, 1, 1, 1, 1, 1, 1, 1, 1, 1, 1, 1, 
1, 1, 1, 1, 1, 1, 1, 1, 1, 1, 1, 1, 1, 1, 3.256, 3.226, 3.227, 
3.346, 3.556, 3.268, 3.409, 3.519, 3.643, 3.452, 3.973), .Dim = c(11L, 
40L), .Dimnames = list(NULL, c("Sampling", "PSO.cost", "PSO.gamma", 
"PSO.data.balancing", "PSO.feature.selection", "PSO.valid.acc", 
"PSO.test.acc", "PSO.train.time", "PSO.n.support.vectors", "PSO.index", 
"PSO.n.solutions", "PSO.generations", "PSO.n.evaluations", "PSO.cpu.time", 
"RS.cost", "RS.gamma", "RS.data.balancing", "RS.feature.selection", 
"RS.valid.acc", "RS.test.acc", "RS.train.time", "RS.n.support.vectors", 
"RS.index", "RS.n.solutions", "RS.generations", "RS.n.evaluations", 
"RS.cpu.time", "DF.cost", "DF.gamma", "DF.data.balancing", "DF.feature.selection", 
"DF.valid.acc", "DF.test.acc", "DF.train.time", "DF.n.support.vectors", 
"DF.index", "DF.n.solutions", "DF.generations", "DF.n.evaluations", 
"DF.cpu.time")))
