full <-
structure(c(50, 55, 60, 65, 70, 75, 80, 85, 90, 95, 100, -0.06134, 
15, -2, -1.33357, -2, -0.40795, -1.46046, 6.49566, 7.22367, 8.88858, 
-1.26521, -5.07707, -12.99882, -3.88015, -6.14169, -4.56892, 
-3.24109, -4.17365, -5.99398, -6.96769, -9.7059, -4.33176, 0, 
0, 0, 0, 0, 0, 0, 0, 0, 0, 0, 0, 0, 0, 0, 0, 0, 0, 0, 0, 0, 0, 
0.78931, 0.77966, 0.78507, 0.78718, 0.78157, 0.78748, 0.79389, 
0.78913, 0.77764, 0.77949, 0.77852, 0.76845, 0.77014, 0.78058, 
0.7691, 0.77036, 0.77526, 0.784, 0.78307, 0.763, 0.76572, 0.76946, 
0.0365, 0.0645, 0.0517, 0.0567, 0.0608, 0.0418, 0.0695, 0.1045, 
0.1069, 0.1074, 0.1102, 185.9, 176.4, 251.1, 271.1, 282.4, 273.1, 
300.3, 266.6, 285.9, 303.6, 366.4, 1597, 326, 1090, 1042, 334, 
1890, 1338, 1430, 760, 629, 2000, 16, 15, 202, 84, 154, 3, 128, 
7, 112, 49, 6, 100, 100, 100, 100, 100, 100, 100, 100, 100, 100, 
100, 2500, 2500, 2500, 2500, 2500, 2500, 2500, 2500, 2500, 2500, 
2500, 11500.908, 15200.065, 10850.225, 10830.709, 11069.874, 
11480.961, 11696.776, 22560.158, 13035.719, 14543.562, 16137.913, 
0.07191, 3.88912, -1.92939, -1.11733, 2.51006, -0.32978, -1.44515, 
13.55761, 9.01651, 8.43459, -1.24122, -5.16643, -7.13466, -3.91402, 
-6.25466, -9.02244, -3.85385, -4.19079, -8.23967, -6.78369, -9.44829, 
-4.32173, 0, 0, 0, 0, 0, 0, 0, 0, 0, 0, 0, 0, 0, 0, 0, 0, 0, 
0, 0, 0, 0, 0, 0.78668, 0.78204, 0.78507, 0.78318, 0.77982, 0.78572, 
0.79389, 0.78918, 0.77472, 0.7781, 0.77852, 0.77372, 0.76543, 
0.77841, 0.7751, 0.76305, 0.77877, 0.784, 0.78944, 0.75731, 0.76572, 
0.76553, 0.0428, 0.0491, 0.0564, 0.0594, 0.0571, 0.0767, 0.0736, 
0.6286, 0.1539, 0.069, 0.1203, 184.8, 183.3, 248.7, 267.5, 260.2, 
266.7, 300.3, 257.3, 280.6, 303.5, 366, 2419, 1487, 2063, 959, 
742, 1280, 792, 268, 169, 58, 793, 1, 1, 1, 1, 3, 1, 1, 1, 1, 
1, 1, 100, 100, 100, 100, 100, 100, 100, 100, 100, 100, 100, 
2500, 2500, 2500, 2500, 2500, 2500, 2500, 2500, 2500, 2500, 2500, 
11274.028, 18378.04, 12411.99, 11260.35, 12421.292, 14212.965, 
13210.443, 15564.406, 14279.162, 17736.819, 17907.31, 1, 1, 1, 
1, 1, 1, 1, 1, 1, 1, 1, 0.125, 0.125, 0.125, 0.125, 0.125, 0.125, 
0.125, 0.125, 0.125, 0.125, 0.125, 0, 0, 0, 0, 0, 0, 0, 0, 0, 
0, 0, 0, 0, 0, 0, 0, 0, 0, 0, 0, 0, 0, 0.76319, 0.75352, 0.75662, 
0.7671, 0.76494, 0.77008, 0.77747, 0.77076, 0.75876, 0.76155, 
0.7642, 0.76569, 0.75579, 0.76952, 0.77318, 0.75184, 0.76488, 
0.77909, 0.7754, 0.7587, 0.75746, 0.76159, 0.0404, 0.0451, 0.0496, 
0.0543, 0.0627, 0.0716, 0.0707, 0.0811, 0.0909, 0.0992, 0.1066, 
191, 210.5, 224.8, 242, 257.4, 272.1, 289, 308.4, 328.1, 336.9, 
354.2, 1, 1, 1, 1, 1, 1, 1, 1, 1, 1, 1, 1, 1, 1, 1, 1, 1, 1, 
1, 1, 1, 1, 1, 1, 1, 1, 1, 1, 1, 1, 1, 1, 1, 1, 1, 1, 1, 1, 1, 
1, 1, 1, 1, 1, 4.254, 4.178, 4.369, 4.107, 4.266, 4.53, 4.434, 
4.376, 4.044, 6.025, 4.338), .Dim = c(11L, 40L), .Dimnames = list(
    NULL, c("Sampling", "PSO.cost", "PSO.gamma", "PSO.data.balancing", 
    "PSO.feature.selection", "PSO.valid.acc", "PSO.test.acc", 
    "PSO.train.time", "PSO.n.support.vectors", "PSO.index", "PSO.n.solutions", 
    "PSO.generations", "PSO.n.evaluations", "PSO.cpu.time", "RS.cost", 
    "RS.gamma", "RS.data.balancing", "RS.feature.selection", 
    "RS.valid.acc", "RS.test.acc", "RS.train.time", "RS.n.support.vectors", 
    "RS.index", "RS.n.solutions", "RS.generations", "RS.n.evaluations", 
    "RS.cpu.time", "DF.cost", "DF.gamma", "DF.data.balancing", 
    "DF.feature.selection", "DF.valid.acc", "DF.test.acc", "DF.train.time", 
    "DF.n.support.vectors", "DF.index", "DF.n.solutions", "DF.generations", 
    "DF.n.evaluations", "DF.cpu.time")))
