full <-
structure(c(50, 55, 60, 65, 70, 75, 80, 85, 90, 95, 100, 13.24845, 
10.34235, 8.75585, 1.05385, 1.36363, 13.9228, 9.31948, 1.41146, 
-1.69062, -0.48426, -0.35633, -10.31855, -9.89643, -8.75404, 
-5.49299, -5.34268, -12.32068, -14.6323, -7.39003, -3.57851, 
-6.82508, -6.50969, 0, 0, 0, 0, 0, 0, 0, 0, 0, 0, 0, 0, 0, 0, 
0, 0, 0, 0, 0, 0, 0, 0, 0.78882, 0.7866, 0.79365, 0.80137, 0.79696, 
0.79259, 0.7877, 0.79255, 0.79656, 0.7906, 0.78129, 0.78861, 
0.78184, 0.77829, 0.79541, 0.78567, 0.7804, 0.77797, 0.78332, 
0.7791, 0.78649, 0.76437, 0.0919, 0.0572, 0.0521, 0.0576, 0.0608, 
0.1055, 0.0709, 0.0825, 0.0979, 0.0914, 0.1143, 149, 168, 181.6, 
220.7, 229.5, 231.3, 262.1, 291.7, 333.8, 358.8, 374.2, 247, 
1394, 44, 1096, 2118, 437, 85, 547, 1746, 918, 542, 163, 21, 
217, 147, 25, 70, 126, 158, 45, 104, 49, 100, 100, 100, 100, 
100, 100, 100, 100, 100, 100, 100, 2500, 2500, 2500, 2500, 2500, 
2500, 2500, 2500, 2500, 2500, 2500, 18110.393, 16364.145, 14897.827, 
12932.475, 17679.244, 17475.705, 16118.042, 10755.801, 15022.963, 
10635.25, 10576.486, 9.76547, 10.41689, 14.75091, 1.07206, 1.63426, 
12.60258, 2.46029, 2.69544, -1.554, -0.36122, 6.48564, -7.74291, 
-9.88887, -11.95883, -4.68041, -5.45271, -11.68516, -6.66508, 
-8.3197, -3.95996, -6.91504, -14.06059, 0, 0, 0, 0, 0, 0, 0, 
0, 0, 0, 0, 0, 0, 0, 0, 0, 0, 0, 0, 0, 0, 0, 0.78896, 0.7866, 
0.79365, 0.80137, 0.79511, 0.79259, 0.78619, 0.78945, 0.79509, 
0.78784, 0.78001, 0.77566, 0.78184, 0.78264, 0.79737, 0.78567, 
0.77868, 0.78444, 0.78486, 0.78202, 0.78512, 0.77346, 0.0695, 
0.0548, 0.0975, 0.0501, 0.0611, 0.0864, 0.0737, 0.0742, 0.0907, 
0.1057, 0.1109, 143.8, 167.9, 181.6, 217.2, 228.4, 231.2, 255, 
284.7, 328.6, 357.9, 388, 948, 515, 41, 61, 949, 318, 2146, 760, 
195, 1330, 1597, 1, 3, 10, 2, 1, 7, 1, 1, 1, 1, 1, 100, 100, 
100, 100, 100, 100, 100, 100, 100, 100, 100, 2500, 2500, 2500, 
2500, 2500, 2500, 2500, 2500, 2500, 2500, 2500, 17623.776, 15442.713, 
17710.227, 13069.42, 17919.892, 17758.858, 18023.211, 13388.694, 
16052.97, 14216.88, 14280.688, 1, 1, 1, 1, 1, 1, 1, 1, 1, 1, 
1, 0.125, 0.125, 0.125, 0.125, 0.125, 0.125, 0.125, 0.125, 0.125, 
0.125, 0.125, 0, 0, 0, 0, 0, 0, 0, 0, 0, 0, 0, 0, 0, 0, 0, 0, 
0, 0, 0, 0, 0, 0, 0.77047, 0.77004, 0.76529, 0.79129, 0.77813, 
0.75765, 0.76665, 0.76779, 0.77765, 0.76712, 0.76828, 0.77026, 
0.77237, 0.76515, 0.78724, 0.77631, 0.76289, 0.75689, 0.76469, 
0.77912, 0.77951, 0.763, 0.0303, 0.0398, 0.0508, 0.0586, 0.0642, 
0.0723, 0.081, 0.0816, 0.0914, 0.0996, 0.107, 183.2, 198.9, 215.5, 
239.1, 250.5, 266.5, 279.2, 300.8, 315.8, 335.6, 354.8, 1, 1, 
1, 1, 1, 1, 1, 1, 1, 1, 1, 1, 1, 1, 1, 1, 1, 1, 1, 1, 1, 1, 1, 
1, 1, 1, 1, 1, 1, 1, 1, 1, 1, 1, 1, 1, 1, 1, 1, 1, 1, 1, 1, 1, 
5.672, 3.883, 6.785, 6.588, 6.517, 6.193, 6.114, 5.936, 4.563, 
3.993, 4.071), .Dim = c(11L, 40L), .Dimnames = list(NULL, c("Sampling", 
"PSO.cost", "PSO.gamma", "PSO.data.balancing", "PSO.feature.selection", 
"PSO.valid.acc", "PSO.test.acc", "PSO.train.time", "PSO.n.support.vectors", 
"PSO.index", "PSO.n.solutions", "PSO.generations", "PSO.n.evaluations", 
"PSO.cpu.time", "RS.cost", "RS.gamma", "RS.data.balancing", "RS.feature.selection", 
"RS.valid.acc", "RS.test.acc", "RS.train.time", "RS.n.support.vectors", 
"RS.index", "RS.n.solutions", "RS.generations", "RS.n.evaluations", 
"RS.cpu.time", "DF.cost", "DF.gamma", "DF.data.balancing", "DF.feature.selection", 
"DF.valid.acc", "DF.test.acc", "DF.train.time", "DF.n.support.vectors", 
"DF.index", "DF.n.solutions", "DF.generations", "DF.n.evaluations", 
"DF.cpu.time")))
