full <-
structure(c(50, 55, 60, 65, 70, 75, 80, 85, 90, 95, 100, 12.92351, 
5.3533, 1.79048, 2.1491, -0.83945, -0.53358, 2.33697, 6.7704, 
-1.66384, 1.35811, -1.88201, -10.97884, -9.34809, -7.7366, -6.3866, 
-5.8927, -5.86909, -9.77235, -13.41667, -5.535, -9.05201, -3.91273, 
0, 0, 0, 0, 0, 0, 0, 0, 0, 0, 0, 0, 0, 0, 0, 0, 0, 0, 0, 0, 0, 
0, 0.77854, 0.78454, 0.78441, 0.77932, 0.7855, 0.76993, 0.77762, 
0.77535, 0.77465, 0.78091, 0.77746, 0.76559, 0.77961, 0.76475, 
0.76708, 0.77432, 0.77707, 0.77106, 0.7708, 0.77465, 0.76576, 
0.77355, 0.058, 0.0398, 0.0459, 0.0499, 0.0595, 0.0425, 0.0916, 
0.0915, 0.0983, 0.0643, 0.1038, 164, 189.2, 224.2, 227.4, 274.1, 
285.7, 314, 317.5, 358.6, 373.8, 381.1, 152, 1335, 1072, 301, 
559, 597, 315, 881, 1432, 681, 445, 136, 7, 78, 309, 67, 64, 
39, 61, 35, 70, 278, 100, 100, 100, 100, 100, 100, 100, 100, 
100, 100, 100, 2500, 2500, 2500, 2500, 2500, 2500, 2500, 2500, 
2500, 2500, 2500, 11797.305, 11185.376, 10908.945, 11077.709, 
10973.641, 8609.867, 13737.802, 15829.75, 16819.139, 9742.61900000001, 
11497.939, 12.38114, 5.60948, 1.73176, 2.03875, -0.3076, 2.49414, 
-1.5232, -0.02519, -0.47682, 1.14764, -1.91604, -10.68439, -9.34911, 
-7.95323, -6.30302, -6.80091, -8.61261, -4.92662, -7.01057, -7.23443, 
-8.81396, -5.39089, 0, 0, 0, 0, 0, 0, 0, 0, 0, 0, 0, 0, 0, 0, 
0, 0, 0, 0, 0, 0, 0, 0, 0.77854, 0.78221, 0.78001, 0.77932, 0.78361, 
0.76987, 0.77772, 0.77535, 0.77324, 0.78091, 0.77358, 0.76559, 
0.77723, 0.76914, 0.76708, 0.77435, 0.7683, 0.77108, 0.76768, 
0.76444, 0.76573, 0.77488, 0.0583, 0.0384, 0.0449, 0.0503, 0.0396, 
0.0473, 0.0729, 0.0967, 0.1, 0.0952, 0.1151, 163.9, 187.8, 227.9, 
227.5, 277.5, 275.4, 308.5, 329.2, 363.1, 372.7, 395.5, 818, 
2332, 545, 631, 2499, 2127, 441, 1509, 1005, 2268, 1245, 8, 1, 
1, 1, 1, 1, 2, 1, 2, 1, 2, 100, 100, 100, 100, 100, 100, 100, 
100, 100, 100, 100, 2500, 2500, 2500, 2500, 2500, 2500, 2500, 
2500, 2500, 2500, 2500, 11421.023, 11386.002, 12079.409, 12283.982, 
11290.177, 12794.58, 13506.192, 18767.789, 14229.049, 14368.626, 
15283.222, 1, 1, 1, 1, 1, 1, 1, 1, 1, 1, 1, 0.125, 0.125, 0.125, 
0.125, 0.125, 0.125, 0.125, 0.125, 0.125, 0.125, 0.125, 0, 0, 
0, 0, 0, 0, 0, 0, 0, 0, 0, 0, 0, 0, 0, 0, 0, 0, 0, 0, 0, 0, 0.72922, 
0.73463, 0.73657, 0.75092, 0.77051, 0.7614, 0.75133, 0.76919, 
0.74549, 0.756, 0.76309, 0.75803, 0.74422, 0.74933, 0.76292, 
0.76129, 0.75094, 0.74158, 0.77227, 0.75717, 0.75332, 0.75525, 
0.0375, 0.0422, 0.0506, 0.0555, 0.0385, 0.0802, 0.077, 0.0866, 
0.0563, 0.0873, 0.0988, 192.8, 207.1, 224.1, 242.3, 256.9, 274.5, 
289.7, 307.9, 328.2, 340, 355.2, 1, 1, 1, 1, 1, 1, 1, 1, 1, 1, 
1, 1, 1, 1, 1, 1, 1, 1, 1, 1, 1, 1, 1, 1, 1, 1, 1, 1, 1, 1, 1, 
1, 1, 1, 1, 1, 1, 1, 1, 1, 1, 1, 1, 1, 3.984, 4.314, 4.444, 4.033, 
3.341, 7.229, 4.428, 6.518, 3.198, 3.893, 4.013), .Dim = c(11L, 
40L), .Dimnames = list(NULL, c("Sampling", "PSO.cost", "PSO.gamma", 
"PSO.data.balancing", "PSO.feature.selection", "PSO.valid.acc", 
"PSO.test.acc", "PSO.train.time", "PSO.n.support.vectors", "PSO.index", 
"PSO.n.solutions", "PSO.generations", "PSO.n.evaluations", "PSO.cpu.time", 
"RS.cost", "RS.gamma", "RS.data.balancing", "RS.feature.selection", 
"RS.valid.acc", "RS.test.acc", "RS.train.time", "RS.n.support.vectors", 
"RS.index", "RS.n.solutions", "RS.generations", "RS.n.evaluations", 
"RS.cpu.time", "DF.cost", "DF.gamma", "DF.data.balancing", "DF.feature.selection", 
"DF.valid.acc", "DF.test.acc", "DF.train.time", "DF.n.support.vectors", 
"DF.index", "DF.n.solutions", "DF.generations", "DF.n.evaluations", 
"DF.cpu.time")))
