full <-
structure(c(50, 55, 60, 65, 70, 75, 80, 85, 90, 95, 100, 1.07933, 
-0.22628, -0.20914, 0.40003, 0.17634, 0.70355, 0.03268, 4.60405, 
5.0502, 12.90852, 6.65302, -5.36796, -5.86111, -5.01488, -6.1582, 
-7.28229, -6.16503, -5.24376, -7.68715, -9.54281, -12.82608, 
-14.58461, 0, 0, 0, 0, 0, 0, 0, 0, 0, 0, 0, 0, 0, 0, 0, 0, 0, 
0, 0, 0, 0, 0, 0.76528, 0.76296, 0.78457, 0.78395, 0.76684, 0.78562, 
0.79574, 0.78312, 0.78782, 0.78632, 0.77614, 0.74976, 0.74646, 
0.76066, 0.77594, 0.75374, 0.75951, 0.78102, 0.76771, 0.7777, 
0.77662, 0.77486, 0.0431, 0.048, 0.0499, 0.0523, 0.0607, 0.0418, 
0.0456, 0.0495, 0.0886, 0.1211, 0.1139, 179.6, 218, 223.6, 242.2, 
278.9, 267.7, 283.9, 278.4, 300.4, 301.6, 397.3, 85, 1079, 1977, 
561, 846, 388, 673, 439, 406, 764, 126, 68, 51, 9, 298, 193, 
590, 180, 62, 49, 5, 75, 100, 100, 100, 100, 100, 100, 100, 100, 
100, 100, 100, 2500, 2500, 2500, 2500, 2500, 2500, 2500, 2500, 
2500, 2500, 2500, 14264.043, 17652.032, 16942.413, 11210.219, 
10980.811, 8727.848, 9862.29500000001, 10879.186, 12963.89, 17973.097, 
11705.676, 1.625, -0.3869, -0.54484, 0.02808, 1.14859, 0.74588, 
0.13665, 3.62129, 10.52789, 1.2437, 3.8338, -5.58038, -5.60296, 
-3.79569, -6.08595, -8.34662, -6.23037, -5.39759, -7.01638, -11.24652, 
-6.18154, -11.6348, 0, 0, 0, 0, 0, 0, 0, 0, 0, 0, 0, 0, 0, 0, 
0, 0, 0, 0, 0, 0, 0, 0, 0.76528, 0.76058, 0.78013, 0.78186, 0.76677, 
0.78562, 0.79574, 0.78312, 0.78644, 0.78495, 0.77614, 0.7524, 
0.74646, 0.75409, 0.77798, 0.7537, 0.76305, 0.78265, 0.7616, 
0.78499, 0.77112, 0.77616, 0.0379, 0.0485, 0.0586, 0.0585, 0.0659, 
0.0406, 0.0732, 0.0799, 0.0951, 0.0629, 0.1156, 176.7, 218.6, 
225, 248, 279.7, 267.9, 283.7, 279.9, 288.9, 319.4, 394.1, 547, 
1363, 902, 1814, 1305, 2491, 739, 1091, 1048, 1391, 2487, 2, 
2, 1, 1, 2, 1, 2, 1, 7, 1, 1, 100, 100, 100, 100, 100, 100, 100, 
100, 100, 100, 100, 2500, 2500, 2500, 2500, 2500, 2500, 2500, 
2500, 2500, 2500, 2500, 15290.367, 18358.234, 16342.286, 12247.366, 
12822.701, 10112.895, 13409.761, 14294.693, 13807.341, 16938.689, 
15693.83, 1, 1, 1, 1, 1, 1, 1, 1, 1, 1, 1, 0.125, 0.125, 0.125, 
0.125, 0.125, 0.125, 0.125, 0.125, 0.125, 0.125, 0.125, 0, 0, 
0, 0, 0, 0, 0, 0, 0, 0, 0, 0, 0, 0, 0, 0, 0, 0, 0, 0, 0, 0, 0.74713, 
0.71794, 0.75399, 0.75782, 0.74815, 0.75425, 0.78099, 0.75684, 
0.76022, 0.7629, 0.75924, 0.73951, 0.71783, 0.74095, 0.75394, 
0.75171, 0.7508, 0.77279, 0.76148, 0.76171, 0.75318, 0.76053, 
0.0456, 0.0499, 0.0511, 0.0525, 0.058, 0.0435, 0.0782, 0.0797, 
0.057, 0.0965, 0.1105, 194.5, 216, 226.8, 244.5, 259.3, 275.8, 
288.3, 304.6, 316.5, 333.4, 356, 1, 1, 1, 1, 1, 1, 1, 1, 1, 1, 
1, 1, 1, 1, 1, 1, 1, 1, 1, 1, 1, 1, 1, 1, 1, 1, 1, 1, 1, 1, 1, 
1, 1, 1, 1, 1, 1, 1, 1, 1, 1, 1, 1, 1, 7.082, 6.211, 4.207, 3.841, 
3.976, 3.423, 4.261, 4.482, 3.419, 4.184, 4.386), .Dim = c(11L, 
40L), .Dimnames = list(NULL, c("Sampling", "PSO.cost", "PSO.gamma", 
"PSO.data.balancing", "PSO.feature.selection", "PSO.valid.acc", 
"PSO.test.acc", "PSO.train.time", "PSO.n.support.vectors", "PSO.index", 
"PSO.n.solutions", "PSO.generations", "PSO.n.evaluations", "PSO.cpu.time", 
"RS.cost", "RS.gamma", "RS.data.balancing", "RS.feature.selection", 
"RS.valid.acc", "RS.test.acc", "RS.train.time", "RS.n.support.vectors", 
"RS.index", "RS.n.solutions", "RS.generations", "RS.n.evaluations", 
"RS.cpu.time", "DF.cost", "DF.gamma", "DF.data.balancing", "DF.feature.selection", 
"DF.valid.acc", "DF.test.acc", "DF.train.time", "DF.n.support.vectors", 
"DF.index", "DF.n.solutions", "DF.generations", "DF.n.evaluations", 
"DF.cpu.time")))
