full <-
structure(c(50, 55, 60, 65, 70, 75, 80, 85, 90, 95, 100, 12.85952, 
1.19409, 0.67504, 3.59552, 2.44953, 2.14481, 3.0499, 13.55689, 
5.15462, 14.59805, 10.91431, -11.72413, -3.50456, -4.01232, -11.51378, 
-2.70953, -4.68512, -8.64375, -13.61153, -8.99393, -14.81879, 
-14.71786, 0, 0, 0, 0, 0, 0, 0, 0, 0, 0, 0, 0, 0, 0, 0, 0, 0, 
0, 0, 0, 0, 0, 0.78387, 0.77741, 0.77831, 0.7688, 0.78361, 0.7876, 
0.78121, 0.7847, 0.78335, 0.78505, 0.77611, 0.7838, 0.7655, 0.77392, 
0.76064, 0.76684, 0.77716, 0.77151, 0.77852, 0.77901, 0.77816, 
0.76702, 0.0487, 0.0494, 0.0455, 0.0546, 0.0637, 0.0667, 0.0723, 
0.0916, 0.0808, 0.1113, 0.1084, 154.2, 190.6, 211, 271.4, 242.4, 
247, 282.8, 275.2, 295.7, 298.8, 328.8, 1556, 1073, 779, 1541, 
887, 2459, 967, 1760, 485, 600, 347, 7, 33, 262, 7, 132, 1, 71, 
1, 86, 14, 80, 100, 100, 100, 100, 100, 100, 100, 100, 100, 100, 
100, 2500, 2500, 2500, 2500, 2500, 2500, 2500, 2500, 2500, 2500, 
2500, 13595.623, 13838.461, 10708.057, 11545.995, 10920.661, 
11291.31, 11304.52, 11266.937, 9646.117, 12005.102, 15708.819, 
1.73608, 0.42542, 0.58351, 13.6607, 0.0051, 1.97884, 1.04172, 
10.38026, 1.24096, 14.67062, 10.66047, -2.986, -3.11727, -3.94725, 
-12.01484, -2.93853, -4.75457, -6.12987, -11.89485, -6.48483, 
-14.97604, -14.37846, 0, 0, 0, 0, 0, 0, 0, 0, 0, 0, 0, 0, 0, 
0, 0, 0, 0, 0, 0, 0, 0, 0, 0.78693, 0.77741, 0.77831, 0.76693, 
0.77624, 0.7859, 0.78124, 0.78316, 0.7834, 0.78505, 0.77611, 
0.78935, 0.76074, 0.77605, 0.75284, 0.75381, 0.77365, 0.77638, 
0.77698, 0.77751, 0.77816, 0.76572, 0.0396, 0.0399, 0.0478, 0.0825, 
0.0631, 0.0681, 0.0684, 0.0789, 0.0856, 0.1054, 0.1132, 172.3, 
200.8, 211.6, 212, 257.6, 249.2, 278, 276.3, 309.8, 299.3, 327.9, 
1, 19, 642, 134, 62, 1175, 237, 333, 2256, 78, 898, 1, 1, 1, 
4, 1, 1, 1, 3, 1, 1, 2, 100, 100, 100, 100, 100, 100, 100, 100, 
100, 100, 100, 2500, 2500, 2500, 2500, 2500, 2500, 2500, 2500, 
2500, 2500, 2500, 15131.502, 11617.198, 12016.982, 12171.782, 
12472.099, 13099.804, 13147.993, 13104.626, 14201.877, 15443.858, 
20517.958, 1, 1, 1, 1, 1, 1, 1, 1, 1, 1, 1, 0.125, 0.125, 0.125, 
0.125, 0.125, 0.125, 0.125, 0.125, 0.125, 0.125, 0.125, 0, 0, 
0, 0, 0, 0, 0, 0, 0, 0, 0, 0, 0, 0, 0, 0, 0, 0, 0, 0, 0, 0, 0.77355, 
0.7655, 0.76957, 0.75508, 0.7725, 0.77538, 0.77124, 0.754, 0.75867, 
0.76298, 0.74754, 0.77612, 0.76783, 0.7586, 0.7392, 0.75196, 
0.77716, 0.76471, 0.75554, 0.76741, 0.76846, 0.75665, 0.0367, 
0.0438, 0.0479, 0.0517, 0.0623, 0.0735, 0.0728, 0.0798, 0.0926, 
0.0999, 0.1213, 187.8, 206.3, 224.8, 239, 256.5, 272.9, 288, 
303.4, 317.2, 332.5, 355.5, 1, 1, 1, 1, 1, 1, 1, 1, 1, 1, 1, 
1, 1, 1, 1, 1, 1, 1, 1, 1, 1, 1, 1, 1, 1, 1, 1, 1, 1, 1, 1, 1, 
1, 1, 1, 1, 1, 1, 1, 1, 1, 1, 1, 1, 4.31, 4.256, 3.949, 4.396, 
4.405, 4.604, 4.304, 4.4, 4.317, 4.599, 6.216), .Dim = c(11L, 
40L), .Dimnames = list(NULL, c("Sampling", "PSO.cost", "PSO.gamma", 
"PSO.data.balancing", "PSO.feature.selection", "PSO.valid.acc", 
"PSO.test.acc", "PSO.train.time", "PSO.n.support.vectors", "PSO.index", 
"PSO.n.solutions", "PSO.generations", "PSO.n.evaluations", "PSO.cpu.time", 
"RS.cost", "RS.gamma", "RS.data.balancing", "RS.feature.selection", 
"RS.valid.acc", "RS.test.acc", "RS.train.time", "RS.n.support.vectors", 
"RS.index", "RS.n.solutions", "RS.generations", "RS.n.evaluations", 
"RS.cpu.time", "DF.cost", "DF.gamma", "DF.data.balancing", "DF.feature.selection", 
"DF.valid.acc", "DF.test.acc", "DF.train.time", "DF.n.support.vectors", 
"DF.index", "DF.n.solutions", "DF.generations", "DF.n.evaluations", 
"DF.cpu.time")))
