full <-
structure(c(50, 55, 60, 65, 70, 75, 80, 85, 90, 95, 100, -0.39425, 
7.92155, 14.44411, 0.0854, -0.27334, 13.93407, -0.61728, 15, 
-0.98833, -0.2516, -2, -6.70194, -15, -13.6219, -5.38165, -5.43596, 
-9.0811, -5.48535, -13.28391, -3.39482, -4.19932, -3.85174, 0, 
0, 0, 0, 0, 0, 0, 0, 0, 0, 0, 0, 0, 0, 0, 0, 0, 0, 0, 0, 0, 0, 
0.76046, 0.76063, 0.77205, 0.78501, 0.77628, 0.7771, 0.77943, 
0.77817, 0.77766, 0.78363, 0.7853, 0.76572, 0.75111, 0.76553, 
0.76092, 0.76495, 0.75445, 0.76475, 0.77362, 0.76166, 0.76574, 
0.77104, 0.04, 0.0571, 0.0659, 0.0644, 0.0697, 0.4867, 0.0913, 
0.1241, 0.0968, 0.0594, 0.1118, 207.6, 227, 205.2, 239, 262.2, 
236.1, 303.7, 279.2, 332.5, 328.7, 384.6, 1329, 296, 77, 497, 
903, 1301, 1355, 2366, 1215, 481, 977, 21, 21, 259, 232, 100, 
72, 73, 1, 30, 54, 175, 100, 100, 100, 100, 100, 100, 100, 100, 
100, 100, 100, 2500, 2500, 2500, 2500, 2500, 2500, 2500, 2500, 
2500, 2500, 2500, 12590.999, 17667.242, 17534.627, 17031.866, 
15966.694, 18944.846, 15092.242, 18017.661, 15534.728, 8012.25400000002, 
10694.096, -0.84109, 6.12399, 4.5627, 0.45077, -0.26976, 11.74946, 
-1.12175, 14.93955, 11.00369, 0.07547, -1.30335, -6.37436, -13.24492, 
-8.12167, -5.60332, -5.42651, -8.14802, -5.08144, -13.23624, 
-11.40069, -4.39746, -4.45309, 0, 0, 0, 0, 0, 0, 0, 0, 0, 0, 
0, 0, 0, 0, 0, 0, 0, 0, 0, 0, 0, 0, 0.75533, 0.76063, 0.77422, 
0.78297, 0.77628, 0.77535, 0.77779, 0.77663, 0.77477, 0.78087, 
0.78141, 0.76309, 0.74873, 0.75475, 0.75892, 0.76495, 0.75792, 
0.76959, 0.77516, 0.7704, 0.76987, 0.77235, 0.0464, 0.048, 0.0559, 
0.0659, 0.0704, 0.2369, 0.0931, 0.139, 0.0609, 0.0995, 0.1076, 
209.6, 227.8, 210.1, 235.6, 261.8, 236.2, 309.6, 279.1, 294.4, 
326, 366.4, 1165, 1334, 678, 208, 1902, 449, 182, 1800, 1085, 
724, 1818, 2, 3, 2, 1, 1, 4, 4, 1, 3, 1, 1, 100, 100, 100, 100, 
100, 100, 100, 100, 100, 100, 100, 2500, 2500, 2500, 2500, 2500, 
2500, 2500, 2500, 2500, 2500, 2500, 18538.857, 18338.814, 18015.387, 
18683.496, 18030.452, 13032.253, 18834.777, 15911.904, 12275.205, 
15810.287, 14533.992, 1, 1, 1, 1, 1, 1, 1, 1, 1, 1, 1, 0.125, 
0.125, 0.125, 0.125, 0.125, 0.125, 0.125, 0.125, 0.125, 0.125, 
0.125, 0, 0, 0, 0, 0, 0, 0, 0, 0, 0, 0, 0, 0, 0, 0, 0, 0, 0, 
0, 0, 0, 0, 0.72389, 0.74158, 0.73296, 0.73472, 0.73519, 0.74386, 
0.75642, 0.74893, 0.75874, 0.7561, 0.76707, 0.72901, 0.75338, 
0.73963, 0.765, 0.73519, 0.74577, 0.75156, 0.75357, 0.75145, 
0.76428, 0.75022, 0.0458, 0.0499, 0.0543, 0.0621, 0.0669, 0.0699, 
0.0847, 0.083, 0.0569, 0.0986, 0.1084, 195.7, 213.1, 228.6, 242.7, 
260.6, 279.7, 294.5, 309.4, 324.9, 336.4, 355.5, 1, 1, 1, 1, 
1, 1, 1, 1, 1, 1, 1, 1, 1, 1, 1, 1, 1, 1, 1, 1, 1, 1, 1, 1, 1, 
1, 1, 1, 1, 1, 1, 1, 1, 1, 1, 1, 1, 1, 1, 1, 1, 1, 1, 1, 7.202, 
6.794, 6.388, 6.402, 6.318, 4.374, 6.397, 5.868, 3.087, 4.032, 
4.074), .Dim = c(11L, 40L), .Dimnames = list(NULL, c("Sampling", 
"PSO.cost", "PSO.gamma", "PSO.data.balancing", "PSO.feature.selection", 
"PSO.valid.acc", "PSO.test.acc", "PSO.train.time", "PSO.n.support.vectors", 
"PSO.index", "PSO.n.solutions", "PSO.generations", "PSO.n.evaluations", 
"PSO.cpu.time", "RS.cost", "RS.gamma", "RS.data.balancing", "RS.feature.selection", 
"RS.valid.acc", "RS.test.acc", "RS.train.time", "RS.n.support.vectors", 
"RS.index", "RS.n.solutions", "RS.generations", "RS.n.evaluations", 
"RS.cpu.time", "DF.cost", "DF.gamma", "DF.data.balancing", "DF.feature.selection", 
"DF.valid.acc", "DF.test.acc", "DF.train.time", "DF.n.support.vectors", 
"DF.index", "DF.n.solutions", "DF.generations", "DF.n.evaluations", 
"DF.cpu.time")))
