full <-
structure(c(50, 55, 60, 65, 70, 75, 80, 85, 90, 95, 100, 5.54292, 
14.99425, 2.58046, 15, 6.74681, 4.7142, 6.17456, 5.5266, 3.18837, 
10.79239, -1.08274, -11.06948, -14.89467, -6.74499, -14.18635, 
-14.02128, -10.27007, -11.80256, -8.42169, -5.98846, -11.84468, 
-3.30427, 0, 0, 0, 0, 0, 0, 0, 0, 0, 0, 0, 0, 0, 0, 0, 0, 0, 
0, 0, 0, 0, 0, 0.77112, 0.79156, 0.78515, 0.78673, 0.77637, 0.77511, 
0.77771, 0.78332, 0.78491, 0.78369, 0.78506, 0.76343, 0.77296, 
0.77872, 0.77065, 0.77441, 0.76639, 0.77287, 0.76793, 0.76447, 
0.77817, 0.77471, 0.044, 0.0573, 0.0302, 0.0694, 0.0573, 0.0697, 
0.0789, 0.0734, 0.0803, 0.0636, 0.1032, 191.6, 180.8, 206.7, 
207.2, 279, 268.8, 283.2, 272.5, 287.4, 302.1, 367.4, 1228, 373, 
2301, 1659, 85, 453, 109, 788, 958, 566, 233, 15, 12, 1, 2, 16, 
41, 155, 41, 36, 122, 96, 100, 100, 100, 100, 100, 100, 100, 
100, 100, 100, 100, 2500, 2500, 2500, 2500, 2500, 2500, 2500, 
2500, 2500, 2500, 2500, 12694.235, 17986.225, 14867.012, 11220.882, 
10611.248, 10791.883, 11013.955, 12325.621, 11515.418, 10668.583, 
10936.375, 3.2789, 10.20943, 2.54755, 9.33239, 7.15411, -0.7603, 
5.60664, 6.01642, 3.68105, 11.94372, -1.90768, -8.77674, -11.07101, 
-6.90995, -11.00379, -14.39589, -5.58286, -11.18935, -8.6779, 
-6.41104, -12.43498, -3.95185, 0, 0, 0, 0, 0, 0, 0, 0, 0, 0, 
0, 0, 0, 0, 0, 0, 0, 0, 0, 0, 0, 0, 0.76592, 0.78924, 0.78298, 
0.78473, 0.77452, 0.77341, 0.77771, 0.78178, 0.78199, 0.78369, 
0.78375, 0.75816, 0.77296, 0.77655, 0.77673, 0.77071, 0.75777, 
0.76959, 0.76793, 0.76739, 0.77954, 0.77331, 0.0397, 0.0484, 
0.0489, 0.0524, 0.0582, 0.0716, 0.074, 0.0786, 0.0846, 0.0676, 
0.1142, 191.5, 183.5, 207.2, 209.9, 278.1, 287.9, 282.7, 271.7, 
288, 301.5, 382, 75, 506, 543, 757, 682, 1580, 1869, 2418, 2377, 
2310, 2217, 3, 10, 1, 5, 1, 4, 1, 1, 1, 1, 1, 100, 100, 100, 
100, 100, 100, 100, 100, 100, 100, 100, 2500, 2500, 2500, 2500, 
2500, 2500, 2500, 2500, 2500, 2500, 2500, 18421.148, 17965.465, 
11256.917, 12141.912, 12524.865, 13519.214, 12848.994, 13756.743, 
14100.833, 12519.113, 14221.871, 1, 1, 1, 1, 1, 1, 1, 1, 1, 1, 
1, 0.125, 0.125, 0.125, 0.125, 0.125, 0.125, 0.125, 0.125, 0.125, 
0.125, 0.125, 0, 0, 0, 0, 0, 0, 0, 0, 0, 0, 0, 0, 0, 0, 0, 0, 
0, 0, 0, 0, 0, 0, 0.74757, 0.75851, 0.76563, 0.74853, 0.75005, 
0.75091, 0.76, 0.76178, 0.77025, 0.76573, 0.76948, 0.73219, 0.75612, 
0.75258, 0.76465, 0.73328, 0.74749, 0.77126, 0.76798, 0.76151, 
0.77128, 0.7695, 0.0459, 0.0494, 0.0528, 0.0561, 0.0583, 0.0669, 
0.0466, 0.0868, 0.0814, 0.0615, 0.1106, 202.7, 214.4, 228.5, 
245.4, 261.9, 277.5, 289.8, 303.7, 320.4, 336, 355.9, 1, 1, 1, 
1, 1, 1, 1, 1, 1, 1, 1, 1, 1, 1, 1, 1, 1, 1, 1, 1, 1, 1, 1, 1, 
1, 1, 1, 1, 1, 1, 1, 1, 1, 1, 1, 1, 1, 1, 1, 1, 1, 1, 1, 1, 7.286, 
6.766, 4.259, 4.333, 4.291, 4.227, 3.244, 4.261, 3.922, 3.346, 
4.47), .Dim = c(11L, 40L), .Dimnames = list(NULL, c("Sampling", 
"PSO.cost", "PSO.gamma", "PSO.data.balancing", "PSO.feature.selection", 
"PSO.valid.acc", "PSO.test.acc", "PSO.train.time", "PSO.n.support.vectors", 
"PSO.index", "PSO.n.solutions", "PSO.generations", "PSO.n.evaluations", 
"PSO.cpu.time", "RS.cost", "RS.gamma", "RS.data.balancing", "RS.feature.selection", 
"RS.valid.acc", "RS.test.acc", "RS.train.time", "RS.n.support.vectors", 
"RS.index", "RS.n.solutions", "RS.generations", "RS.n.evaluations", 
"RS.cpu.time", "DF.cost", "DF.gamma", "DF.data.balancing", "DF.feature.selection", 
"DF.valid.acc", "DF.test.acc", "DF.train.time", "DF.n.support.vectors", 
"DF.index", "DF.n.solutions", "DF.generations", "DF.n.evaluations", 
"DF.cpu.time")))
