full <-
structure(c(50, 55, 60, 65, 70, 75, 80, 85, 90, 95, 100, 3.89298, 
9.71483, 10.76287, 7.57315, 1.79666, 11.70925, 14.67277, 4.41211, 
-0.42446, -0.26994, 0.89484, -7.35483, -8.70101, -14.77223, -10.05255, 
-6.51536, -10.66101, -11.05595, -4.47878, -5.98026, -7.72444, 
-6.76863, 0, 0, 0, 0, 0, 0, 0, 0, 0, 0, 0, 0, 0, 0, 0, 0, 0, 
0, 0, 0, 0, 0, 0.78914, 0.77924, 0.77437, 0.78525, 0.79483, 0.78067, 
0.78091, 0.78308, 0.77637, 0.77263, 0.78385, 0.76316, 0.77475, 
0.76794, 0.77713, 0.78365, 0.7719, 0.76621, 0.77538, 0.76322, 
0.76991, 0.77603, 0.0414, 0.0612, 0.0449, 0.0587, 0.0634, 0.0899, 
0.2407, 0.0893, 0.0952, 0.0673, 0.0658, 170.9, 177.4, 201.8, 
219.1, 239.5, 237.7, 250.7, 269.2, 336.9, 384.8, 352, 825, 1334, 
442, 387, 139, 231, 907, 1063, 627, 1574, 1779, 36, 23, 27, 344, 
53, 100, 13, 154, 95, 13, 23, 100, 100, 100, 100, 100, 100, 100, 
100, 100, 100, 100, 2500, 2500, 2500, 2500, 2500, 2500, 2500, 
2500, 2500, 2500, 2500, 17689.754, 15072.342, 11419.989, 16581.101, 
14379.581, 11696.462, 15266.183, 11748.844, 15450.698, 11142.899, 
9020.40999999997, 3.1816, 7.76056, 1.04169, 7.18181, 3.294, 14.62429, 
14.89262, -0.88011, 3.45946, -0.63585, 0.79148, -7.11629, -7.73933, 
-5.51876, -9.94185, -6.63994, -12.17817, -11.30746, -3.29243, 
-7.65622, -7.33793, -7.94746, 0, 0, 0, 0, 0, 0, 0, 0, 0, 0, 0, 
0, 0, 0, 0, 0, 0, 0, 0, 0, 0, 0, 0.78907, 0.77453, 0.7764, 0.78525, 
0.79298, 0.77895, 0.7793, 0.77846, 0.77633, 0.77402, 0.78127, 
0.76302, 0.7748, 0.7678, 0.77713, 0.78361, 0.77015, 0.76782, 
0.77538, 0.76472, 0.7713, 0.77474, 0.0393, 0.0503, 0.0554, 0.057, 
0.0665, 0.1273, 0.2361, 0.0889, 0.093, 0.1162, 0.1113, 174, 178.1, 
209.4, 219.4, 231.6, 237.1, 252.3, 318, 304.8, 385.1, 377.7, 
584, 2002, 2085, 2150, 1171, 1779, 1976, 134, 1451, 1880, 1538, 
1, 1, 1, 1, 1, 1, 1, 3, 2, 1, 1, 100, 100, 100, 100, 100, 100, 
100, 100, 100, 100, 100, 2500, 2500, 2500, 2500, 2500, 2500, 
2500, 2500, 2500, 2500, 2500, 12758.903, 11948.439, 17002.059, 
14836.69, 14862.513, 12955.041, 12891.414, 13415.862, 18195.721, 
16186.295, 14911.179, 1, 1, 1, 1, 1, 1, 1, 1, 1, 1, 1, 0.125, 
0.125, 0.125, 0.125, 0.125, 0.125, 0.125, 0.125, 0.125, 0.125, 
0.125, 0, 0, 0, 0, 0, 0, 0, 0, 0, 0, 0, 0, 0, 0, 0, 0, 0, 0, 
0, 0, 0, 0, 0.73927, 0.7443, 0.74379, 0.74717, 0.75748, 0.75103, 
0.74834, 0.76769, 0.75161, 0.75334, 0.76562, 0.75256, 0.75139, 
0.7461, 0.75729, 0.75744, 0.74407, 0.76124, 0.76308, 0.76768, 
0.75874, 0.76044, 0.039, 0.046, 0.0537, 0.0631, 0.061, 0.0709, 
0.0765, 0.0566, 0.0967, 0.0966, 0.1088, 191.7, 207.9, 224.4, 
245.2, 257.9, 269.9, 291.7, 307.5, 328.4, 341.6, 357.3, 1, 1, 
1, 1, 1, 1, 1, 1, 1, 1, 1, 1, 1, 1, 1, 1, 1, 1, 1, 1, 1, 1, 1, 
1, 1, 1, 1, 1, 1, 1, 1, 1, 1, 1, 1, 1, 1, 1, 1, 1, 1, 1, 1, 1, 
4.049, 4.3, 6.982, 7.036, 4.18, 4.297, 4.23, 4.753, 4.216, 4.256, 
4.392), .Dim = c(11L, 40L), .Dimnames = list(NULL, c("Sampling", 
"PSO.cost", "PSO.gamma", "PSO.data.balancing", "PSO.feature.selection", 
"PSO.valid.acc", "PSO.test.acc", "PSO.train.time", "PSO.n.support.vectors", 
"PSO.index", "PSO.n.solutions", "PSO.generations", "PSO.n.evaluations", 
"PSO.cpu.time", "RS.cost", "RS.gamma", "RS.data.balancing", "RS.feature.selection", 
"RS.valid.acc", "RS.test.acc", "RS.train.time", "RS.n.support.vectors", 
"RS.index", "RS.n.solutions", "RS.generations", "RS.n.evaluations", 
"RS.cpu.time", "DF.cost", "DF.gamma", "DF.data.balancing", "DF.feature.selection", 
"DF.valid.acc", "DF.test.acc", "DF.train.time", "DF.n.support.vectors", 
"DF.index", "DF.n.solutions", "DF.generations", "DF.n.evaluations", 
"DF.cpu.time")))
