full <-
structure(c(50, 55, 60, 65, 70, 75, 80, 85, 90, 95, 100, 3.90454, 
-0.53288, 7.89772, 0.6474, 4.5199, 0.47165, 2.08306, 7.2283, 
1.16043, 1.35591, 3.29599, -11.51278, -3.12279, -15, -7.56098, 
-8.35464, -7.73209, -7.92113, -9.04944, -6.89529, -8.39909, -8.66246, 
0, 0, 0, 0, 0, 0, 0, 0, 0, 0, 0, 0, 0, 0, 0, 0, 0, 0, 0, 0, 0, 
0, 0.80209, 0.79639, 0.79559, 0.80121, 0.8021, 0.8032, 0.79254, 
0.7862, 0.79066, 0.78799, 0.77869, 0.7944, 0.78215, 0.78245, 
0.78717, 0.79277, 0.7875, 0.79088, 0.78779, 0.78192, 0.78237, 
0.77346, 0.0355, 0.0395, 0.0438, 0.0499, 0.0513, 0.066, 0.0679, 
0.0752, 0.0814, 0.0952, 0.1003, 206.4, 205.8, 232.1, 246.6, 218.7, 
286.1, 280.2, 269.4, 308.9, 352.5, 342.7, 346, 814, 229, 2095, 
288, 563, 1048, 251, 1777, 466, 824, 39, 134, 139, 2, 279, 57, 
53, 36, 3, 45, 62, 100, 100, 100, 100, 100, 100, 100, 100, 100, 
100, 100, 2500, 2500, 2500, 2500, 2500, 2500, 2500, 2500, 2500, 
2500, 2500, 7222.934, 7702.427, 7593.282, 7803.958, 8097.632, 
8545.162, 8722.921, 10139.815, 9393.826, 9808.421, 9876.927, 
-0.51839, -0.17117, 0.59336, 0.71596, 6.01483, 0.6617, 1.24728, 
14.60338, -0.70805, 7.71281, 3.32758, -5.75218, -3.29161, -7.48756, 
-7.65441, -11.14302, -7.82516, -7.19814, -12.76987, -5.45247, 
-14.19797, -8.70276, 0, 0, 0, 0, 0, 0, 0, 0, 0, 0, 0, 0, 0, 0, 
0, 0, 0, 0, 0, 0, 0, 0, 0.7996, 0.79639, 0.79559, 0.80121, 0.80024, 
0.80144, 0.79254, 0.7862, 0.78923, 0.7866, 0.77869, 0.80202, 
0.77971, 0.78467, 0.78521, 0.79644, 0.78057, 0.79088, 0.7862, 
0.78055, 0.78241, 0.77346, 0.0339, 0.0379, 0.0429, 0.0508, 0.0564, 
0.0637, 0.0686, 0.1248, 0.0865, 0.0962, 0.0993, 187.7, 199.8, 
230.9, 247, 229.8, 284.2, 283.2, 267.3, 322.7, 339, 343.1, 270, 
2137, 50, 100, 603, 135, 717, 924, 2470, 38, 246, 1, 1, 3, 1, 
1, 2, 2, 2, 1, 7, 1, 100, 100, 100, 100, 100, 100, 100, 100, 
100, 100, 100, 2500, 2500, 2500, 2500, 2500, 2500, 2500, 2500, 
2500, 2500, 2500, 7878.127, 8228.027, 8565.14599999999, 9221.96, 
9793.432, 10373.027, 11223.82, 11555.482, 11834.049, 12865.503, 
13458.67, 1, 1, 1, 1, 1, 1, 1, 1, 1, 1, 1, 0.125, 0.125, 0.125, 
0.125, 0.125, 0.125, 0.125, 0.125, 0.125, 0.125, 0.125, 0, 0, 
0, 0, 0, 0, 0, 0, 0, 0, 0, 0, 0, 0, 0, 0, 0, 0, 0, 0, 0, 0, 0.77078, 
0.78692, 0.75225, 0.7672, 0.75919, 0.77373, 0.75169, 0.76173, 
0.76156, 0.77278, 0.74749, 0.77854, 0.77966, 0.76113, 0.78125, 
0.75922, 0.77721, 0.7582, 0.75401, 0.76734, 0.76044, 0.76839, 
0.0336, 0.0382, 0.0437, 0.0515, 0.0553, 0.0679, 0.07, 0.082, 
0.0899, 0.095, 0.1063, 181.5, 202.5, 216.9, 229.8, 241.6, 263.4, 
283.9, 303.2, 313.8, 335.5, 354.3, 1, 1, 1, 1, 1, 1, 1, 1, 1, 
1, 1, 1, 1, 1, 1, 1, 1, 1, 1, 1, 1, 1, 1, 1, 1, 1, 1, 1, 1, 1, 
1, 1, 1, 1, 1, 1, 1, 1, 1, 1, 1, 1, 1, 1, 2.848, 2.944, 3.031, 
3.223, 3.292, 3.426, 3.45, 3.632, 3.605, 3.769, 3.888), .Dim = c(11L, 
40L), .Dimnames = list(NULL, c("Sampling", "PSO.cost", "PSO.gamma", 
"PSO.data.balancing", "PSO.feature.selection", "PSO.valid.acc", 
"PSO.test.acc", "PSO.train.time", "PSO.n.support.vectors", "PSO.index", 
"PSO.n.solutions", "PSO.generations", "PSO.n.evaluations", "PSO.cpu.time", 
"RS.cost", "RS.gamma", "RS.data.balancing", "RS.feature.selection", 
"RS.valid.acc", "RS.test.acc", "RS.train.time", "RS.n.support.vectors", 
"RS.index", "RS.n.solutions", "RS.generations", "RS.n.evaluations", 
"RS.cpu.time", "DF.cost", "DF.gamma", "DF.data.balancing", "DF.feature.selection", 
"DF.valid.acc", "DF.test.acc", "DF.train.time", "DF.n.support.vectors", 
"DF.index", "DF.n.solutions", "DF.generations", "DF.n.evaluations", 
"DF.cpu.time")))
