full <-
structure(c(50, 55, 60, 65, 70, 75, 80, 85, 90, 95, 100, 15, 
13.73836, -0.64096, 6.79939, 13.62891, 0.92243, 1.58069, 0.36939, 
8.78873, 1.36068, 13.40335, -10.82454, -10.65381, -5.5897, -11.8198, 
-11.69525, -7.66053, -7.15073, -4.99476, -14.98936, -8.48742, 
-15, 0, 0, 0, 0, 0, 0, 0, 0, 0, 0, 0, 0, 0, 0, 0, 0, 0, 0, 0, 
0, 0, 0, 0.80477, 0.79854, 0.80652, 0.79125, 0.78739, 0.7824, 
0.78276, 0.77258, 0.77486, 0.77696, 0.77744, 0.78405, 0.78447, 
0.79348, 0.79117, 0.77058, 0.77538, 0.76962, 0.76041, 0.76316, 
0.76591, 0.76699, 0.1314, 0.0905, 0.03, 0.0474, 0.099, 0.0633, 
0.0844, 0.0791, 0.0871, 0.094, 0.1153, 142.9, 162.3, 215.2, 209.8, 
213.7, 280.1, 282.7, 300.1, 331, 363.3, 322.3, 949, 142, 1066, 
34, 1953, 1181, 488, 1568, 1448, 505, 785, 12, 76, 120, 53, 5, 
20, 99, 46, 13, 55, 527, 100, 100, 100, 100, 100, 100, 100, 100, 
100, 100, 100, 2500, 2500, 2500, 2500, 2500, 2500, 2500, 2500, 
2500, 2500, 2500, 12038.964, 11663.746, 9352.376, 13452.367, 
12181.336, 10883.183, 15047.856, 11999.738, 11191.55, 12217.216, 
16384.079, 8.34707, 11.60166, -0.76228, 3.38565, 9.95984, 4.86947, 
1.6649, 0.4279, -0.19973, 2.22363, 0.84027, -6.96036, -9.55462, 
-5.55623, -9.1346, -9.80229, -11.65006, -7.21847, -5.0546, -5.23127, 
-9.49308, -8.52489, 0, 0, 0, 0, 0, 0, 0, 0, 0, 0, 0, 0, 0, 0, 
0, 0, 0, 0, 0, 0, 0, 0, 0.79978, 0.79854, 0.80435, 0.79321, 0.78735, 
0.78061, 0.78276, 0.77258, 0.77202, 0.77559, 0.77738, 0.77629, 
0.78447, 0.7913, 0.78917, 0.77243, 0.77018, 0.77454, 0.76041, 
0.76761, 0.76866, 0.77604, 0.0526, 0.0632, 0.0295, 0.0487, 0.0683, 
0.0618, 0.0514, 0.0776, 0.088, 0.1087, 0.1225, 143.3, 162.5, 
217, 218.9, 214.7, 279.3, 282.2, 299.9, 326.9, 366, 392.5, 208, 
208, 1936, 1693, 2177, 1420, 286, 677, 78, 189, 715, 2, 4, 1, 
1, 1, 1, 1, 1, 2, 4, 2, 100, 100, 100, 100, 100, 100, 100, 100, 
100, 100, 100, 2500, 2500, 2500, 2500, 2500, 2500, 2500, 2500, 
2500, 2500, 2500, 11313.29, 11356.761, 10417.53, 11819.16, 11997.948, 
14375.727, 14217.314, 13887.889, 14139.273, 19968.055, 20060.36, 
1, 1, 1, 1, 1, 1, 1, 1, 1, 1, 1, 0.125, 0.125, 0.125, 0.125, 
0.125, 0.125, 0.125, 0.125, 0.125, 0.125, 0.125, 0, 0, 0, 0, 
0, 0, 0, 0, 0, 0, 0, 0, 0, 0, 0, 0, 0, 0, 0, 0, 0, 0, 0.77616, 
0.77727, 0.78261, 0.769, 0.77068, 0.74404, 0.74363, 0.7634, 0.75744, 
0.74663, 0.76051, 0.76853, 0.76298, 0.76957, 0.77484, 0.75943, 
0.7529, 0.74847, 0.76335, 0.75887, 0.74521, 0.75653, 0.0385, 
0.0452, 0.0529, 0.0511, 0.0553, 0.0817, 0.0791, 0.0807, 0.0923, 
0.1096, 0.1096, 183, 200.8, 211.1, 224, 245.2, 266.1, 288.4, 
312.7, 329.9, 342.3, 355.1, 1, 1, 1, 1, 1, 1, 1, 1, 1, 1, 1, 
1, 1, 1, 1, 1, 1, 1, 1, 1, 1, 1, 1, 1, 1, 1, 1, 1, 1, 1, 1, 1, 
1, 1, 1, 1, 1, 1, 1, 1, 1, 1, 1, 1, 4.319, 4.372, 6.316, 4.343, 
4.348, 7.173, 4.324, 4.356, 4.196, 6.723, 5.724), .Dim = c(11L, 
40L), .Dimnames = list(NULL, c("Sampling", "PSO.cost", "PSO.gamma", 
"PSO.data.balancing", "PSO.feature.selection", "PSO.valid.acc", 
"PSO.test.acc", "PSO.train.time", "PSO.n.support.vectors", "PSO.index", 
"PSO.n.solutions", "PSO.generations", "PSO.n.evaluations", "PSO.cpu.time", 
"RS.cost", "RS.gamma", "RS.data.balancing", "RS.feature.selection", 
"RS.valid.acc", "RS.test.acc", "RS.train.time", "RS.n.support.vectors", 
"RS.index", "RS.n.solutions", "RS.generations", "RS.n.evaluations", 
"RS.cpu.time", "DF.cost", "DF.gamma", "DF.data.balancing", "DF.feature.selection", 
"DF.valid.acc", "DF.test.acc", "DF.train.time", "DF.n.support.vectors", 
"DF.index", "DF.n.solutions", "DF.generations", "DF.n.evaluations", 
"DF.cpu.time")))
