full <-
structure(c(50, 55, 60, 65, 70, 75, 80, 85, 90, 95, 100, 0.67486, 
-0.48027, 5.43968, 1.83082, -1.10776, 4.67039, 1.70564, 2.16307, 
2.26235, 0.14614, 2.67034, -5.82407, -4.78659, -6.79037, -5.58239, 
-3.40289, -5.53615, -6.07421, -8.52224, -7.55708, -7.6613, -10.75285, 
0, 0, 0, 0, 0, 0, 0, 0, 0, 0, 0, 0, 0, 0, 0, 0, 0, 0, 0, 0, 0, 
0, 0.79683, 0.79888, 0.80882, 0.80122, 0.80596, 0.80493, 0.78765, 
0.79707, 0.78214, 0.78386, 0.7735, 0.78144, 0.78952, 0.7936, 
0.78918, 0.78538, 0.78578, 0.78107, 0.78478, 0.76754, 0.78102, 
0.767, 0.0419, 0.0386, 0.0483, 0.0619, 0.0649, 0.0681, 0.0733, 
0.0825, 0.0893, 0.1069, 0.1141, 181.3, 201.4, 183.4, 208.5, 254.1, 
226, 257.4, 301.3, 303.7, 369.2, 402.5, 798, 856, 91, 336, 1335, 
104, 474, 650, 528, 1758, 907, 79, 102, 149, 282, 168, 267, 157, 
325, 172, 1, 22, 100, 100, 100, 100, 100, 100, 100, 100, 100, 
100, 100, 2500, 2500, 2500, 2500, 2500, 2500, 2500, 2500, 2500, 
2500, 2500, 14091.175, 13004.705, 16478.055, 11681.728, 17268.729, 
10705.939, 11841.048, 10393, 11132.968, 11747.553, 11465.307, 
0.34157, -0.81691, 7.60349, 2.11643, 3.68054, 3.08862, 1.56472, 
-1.53393, 3.34968, -0.10343, 3.84133, -5.38207, -4.35866, -7.9178, 
-5.7039, -5.9726, -5.47319, -8.11908, -4.87776, -8.86631, -7.4143, 
-11.65709, 0, 0, 0, 0, 0, 0, 0, 0, 0, 0, 0, 0, 0, 0, 0, 0, 0, 
0, 0, 0, 0, 0, 0.79426, 0.79412, 0.80882, 0.80122, 0.80219, 0.80324, 
0.78432, 0.79709, 0.77926, 0.78386, 0.77348, 0.78664, 0.78947, 
0.79582, 0.79118, 0.79471, 0.78745, 0.77779, 0.7925, 0.76319, 
0.78102, 0.76569, 0.0444, 0.0417, 0.0551, 0.051, 0.0663, 0.0574, 
0.0743, 0.051, 0.0772, 0.1048, 0.1122, 182.2, 203, 180.9, 207.5, 
214.2, 232.3, 286.9, 317.4, 305.9, 369.4, 394.3, 744, 77, 11, 
1812, 759, 374, 407, 1257, 1284, 303, 147, 3, 1, 2, 2, 2, 4, 
1, 1, 1, 1, 1, 100, 100, 100, 100, 100, 100, 100, 100, 100, 100, 
100, 2500, 2500, 2500, 2500, 2500, 2500, 2500, 2500, 2500, 2500, 
2500, 16304.144, 15893.752, 17959.02, 13597.918, 18157.228, 14583.025, 
12564.178, 10090.349, 13725.242, 15835.114, 15395.516, 1, 1, 
1, 1, 1, 1, 1, 1, 1, 1, 1, 0.125, 0.125, 0.125, 0.125, 0.125, 
0.125, 0.125, 0.125, 0.125, 0.125, 0.125, 0, 0, 0, 0, 0, 0, 0, 
0, 0, 0, 0, 0, 0, 0, 0, 0, 0, 0, 0, 0, 0, 0, 0.76552, 0.77983, 
0.78268, 0.78922, 0.77783, 0.79443, 0.76153, 0.77404, 0.77046, 
0.76462, 0.75398, 0.77611, 0.77251, 0.78268, 0.78918, 0.78534, 
0.79265, 0.77292, 0.7725, 0.76464, 0.75914, 0.7553, 0.0448, 0.0467, 
0.0564, 0.0578, 0.0589, 0.0675, 0.068, 0.0512, 0.0895, 0.0987, 
0.1106, 186.6, 197.3, 215.2, 228.2, 244.5, 263.3, 277.4, 299.5, 
318, 337, 355.3, 1, 1, 1, 1, 1, 1, 1, 1, 1, 1, 1, 1, 1, 1, 1, 
1, 1, 1, 1, 1, 1, 1, 1, 1, 1, 1, 1, 1, 1, 1, 1, 1, 1, 1, 1, 1, 
1, 1, 1, 1, 1, 1, 1, 1, 7.015, 6.839, 6.711, 6.806, 4.336, 5.667, 
4.026, 3.413, 4.314, 4.423, 5.745), .Dim = c(11L, 40L), .Dimnames = list(
    NULL, c("Sampling", "PSO.cost", "PSO.gamma", "PSO.data.balancing", 
    "PSO.feature.selection", "PSO.valid.acc", "PSO.test.acc", 
    "PSO.train.time", "PSO.n.support.vectors", "PSO.index", "PSO.n.solutions", 
    "PSO.generations", "PSO.n.evaluations", "PSO.cpu.time", "RS.cost", 
    "RS.gamma", "RS.data.balancing", "RS.feature.selection", 
    "RS.valid.acc", "RS.test.acc", "RS.train.time", "RS.n.support.vectors", 
    "RS.index", "RS.n.solutions", "RS.generations", "RS.n.evaluations", 
    "RS.cpu.time", "DF.cost", "DF.gamma", "DF.data.balancing", 
    "DF.feature.selection", "DF.valid.acc", "DF.test.acc", "DF.train.time", 
    "DF.n.support.vectors", "DF.index", "DF.n.solutions", "DF.generations", 
    "DF.n.evaluations", "DF.cpu.time")))
