full <-
structure(c(50, 55, 60, 65, 70, 75, 80, 85, 90, 95, 100, 0.22422, 
15, 1.29233, 11.82404, 0.6761, -1.30232, 5.75078, 7.07258, -0.71615, 
-1.49769, -0.79575, -5.90831, -9.78547, -6.23665, -8.81793, -7.27849, 
-5.77253, -10.02464, -14.69108, -4.78266, -3.73966, -4.68596, 
0, 0, 0, 0, 0, 0, 0, 0, 0, 0, 0, 0, 0, 0, 0, 0, 0, 0, 0, 0, 0, 
0, 0.77844, 0.77708, 0.77174, 0.77947, 0.7743, 0.78049, 0.77624, 
0.78319, 0.7908, 0.789, 0.78643, 0.77588, 0.76052, 0.75217, 0.76135, 
0.76124, 0.77529, 0.7582, 0.77545, 0.78218, 0.7698, 0.77866, 
0.0376, 0.3662, 0.0476, 0.1322, 0.0717, 0.0757, 0.0783, 0.0939, 
0.0966, 0.0953, 0.1095, 197.2, 167.3, 219.6, 199, 271.4, 299.7, 
269.7, 336.6, 321.8, 351.6, 358.3, 432, 1797, 1113, 2457, 365, 
1369, 314, 289, 629, 2348, 312, 323, 2, 179, 1, 355, 30, 188, 
31, 460, 1, 164, 100, 100, 100, 100, 100, 100, 100, 100, 100, 
100, 100, 2500, 2500, 2500, 2500, 2500, 2500, 2500, 2500, 2500, 
2500, 2500, 10833.331, 12976.872, 11248.205, 14211.78, 15380.956, 
17244.494, 16181.585, 15787.777, 13166.49, 11591.518, 10536.623, 
-0.07709, 14.91807, 1.59083, 11.4704, 0.52985, -1.89008, 6.19588, 
4.53849, -0.72701, -1.36226, -1.43961, -5.70776, -9.78842, -6.19143, 
-8.65232, -6.97872, -4.57029, -10.43387, -12.14109, -4.75975, 
-3.86145, -4.17358, 0, 0, 0, 0, 0, 0, 0, 0, 0, 0, 0, 0, 0, 0, 
0, 0, 0, 0, 0, 0, 0, 0, 0.77575, 0.77708, 0.76957, 0.77947, 0.7743, 
0.77883, 0.77299, 0.78165, 0.7908, 0.78765, 0.78643, 0.76805, 
0.76052, 0.75217, 0.75931, 0.75938, 0.77187, 0.7582, 0.77545, 
0.78218, 0.77256, 0.77344, 0.0406, 0.3333, 0.0454, 0.1183, 0.0618, 
0.0807, 0.0774, 0.0968, 0.0966, 0.0983, 0.1062, 199.7, 167.9, 
217.4, 199, 268.4, 298.9, 269.4, 336.3, 322, 347.1, 368.3, 1671, 
359, 1, 289, 1705, 2414, 44, 671, 265, 2116, 1625, 1, 2, 8, 1, 
1, 1, 1, 1, 1, 1, 1, 100, 100, 100, 100, 100, 100, 100, 100, 
100, 100, 100, 2500, 2500, 2500, 2500, 2500, 2500, 2500, 2500, 
2500, 2500, 2500, 14226.377, 14855.716, 12288.264, 15242.169, 
19278.045, 19161.593, 18916.212, 19107.33, 14662.688, 14198.6, 
13896.764, 1, 1, 1, 1, 1, 1, 1, 1, 1, 1, 1, 0.125, 0.125, 0.125, 
0.125, 0.125, 0.125, 0.125, 0.125, 0.125, 0.125, 0.125, 0, 0, 
0, 0, 0, 0, 0, 0, 0, 0, 0, 0, 0, 0, 0, 0, 0, 0, 0, 0, 0, 0, 0.74443, 
0.74379, 0.75, 0.75126, 0.74645, 0.75097, 0.74818, 0.76321, 0.76761, 
0.76698, 0.76692, 0.7393, 0.74617, 0.75217, 0.75947, 0.74823, 
0.74392, 0.75624, 0.76316, 0.7588, 0.7506, 0.75653, 0.041, 0.0461, 
0.0528, 0.06, 0.0649, 0.0788, 0.0839, 0.0944, 0.0815, 0.0986, 
0.0995, 195.8, 213.8, 228.6, 242.8, 261.4, 277.7, 290.8, 306, 
321.7, 332.6, 354.3, 1, 1, 1, 1, 1, 1, 1, 1, 1, 1, 1, 1, 1, 1, 
1, 1, 1, 1, 1, 1, 1, 1, 1, 1, 1, 1, 1, 1, 1, 1, 1, 1, 1, 1, 1, 
1, 1, 1, 1, 1, 1, 1, 1, 1, 4.307, 4.28, 4.477, 6.206, 7.108, 
6.285, 6.903, 7.112, 3.831, 4.308, 4.127), .Dim = c(11L, 40L), .Dimnames = list(
    NULL, c("Sampling", "PSO.cost", "PSO.gamma", "PSO.data.balancing", 
    "PSO.feature.selection", "PSO.valid.acc", "PSO.test.acc", 
    "PSO.train.time", "PSO.n.support.vectors", "PSO.index", "PSO.n.solutions", 
    "PSO.generations", "PSO.n.evaluations", "PSO.cpu.time", "RS.cost", 
    "RS.gamma", "RS.data.balancing", "RS.feature.selection", 
    "RS.valid.acc", "RS.test.acc", "RS.train.time", "RS.n.support.vectors", 
    "RS.index", "RS.n.solutions", "RS.generations", "RS.n.evaluations", 
    "RS.cpu.time", "DF.cost", "DF.gamma", "DF.data.balancing", 
    "DF.feature.selection", "DF.valid.acc", "DF.test.acc", "DF.train.time", 
    "DF.n.support.vectors", "DF.index", "DF.n.solutions", "DF.generations", 
    "DF.n.evaluations", "DF.cpu.time")))
