full <-
structure(c(50, 55, 60, 65, 70, 75, 80, 85, 90, 95, 100, 1.22472, 
-0.16039, -0.35475, 1.34899, 2.05303, -1.76473, 4.10882, 4.95025, 
7.679, 7.52718, 13.1164, -7.45076, -6.93202, -6.24961, -8.20914, 
-8.89807, -3.56089, -7.83793, -12.00706, -15, -14.94454, -12.1861, 
0, 0, 0, 0, 0, 0, 0, 0, 0, 0, 0, 0, 0, 0, 0, 0, 0, 0, 0, 0, 0, 
0, 0.76513, 0.76312, 0.76957, 0.75925, 0.77087, 0.78572, 0.78578, 
0.78766, 0.7763, 0.781, 0.78513, 0.75197, 0.76069, 0.7543, 0.75313, 
0.75773, 0.76664, 0.78089, 0.7815, 0.76466, 0.77274, 0.77211, 
0.0367, 0.0437, 0.049, 0.053, 0.0618, 0.0755, 0.0673, 0.0828, 
0.0876, 0.0935, 0.1334, 194, 226.5, 235.9, 253.5, 261.5, 287.5, 
253.8, 312.7, 342.5, 362.3, 320.5, 567, 298, 1165, 517, 315, 
720, 613, 164, 389, 2004, 1547, 110, 136, 45, 35, 34, 61, 36, 
124, 52, 2, 1, 100, 100, 100, 100, 100, 100, 100, 100, 100, 100, 
100, 2500, 2500, 2500, 2500, 2500, 2500, 2500, 2500, 2500, 2500, 
2500, 10877.384, 10846.158, 10807.293, 11230.19, 13352.327, 16023.438, 
13884.193, 10973.984, 11352.389, 13895.217, 13358.804, 0.8222, 
-0.53432, -0.38489, -1.94234, 2.18466, -0.6011, 3.85176, -1.3785, 
6.73841, 3.39108, 13.89604, -7.00644, -6.67376, -6.59621, -4.27069, 
-9.03514, -3.72724, -7.76703, -5.85649, -14.03015, -9.14281, 
-12.45385, 0, 0, 0, 0, 0, 0, 0, 0, 0, 0, 0, 0, 0, 0, 0, 0, 0, 
0, 0, 0, 0, 0, 0.76513, 0.76312, 0.76749, 0.75737, 0.77087, 0.7824, 
0.78578, 0.78925, 0.77485, 0.7783, 0.78254, 0.7546, 0.76069, 
0.75865, 0.74717, 0.75588, 0.77716, 0.78089, 0.77696, 0.76466, 
0.77967, 0.77344, 0.0394, 0.0475, 0.0475, 0.0551, 0.065, 0.0658, 
0.074, 0.0809, 0.0915, 0.0932, 0.1521, 194.5, 228.5, 240.5, 265.2, 
261.6, 267.1, 254.7, 326, 341.6, 327.5, 320.7, 1354, 635, 717, 
211, 616, 552, 165, 190, 991, 1602, 37, 3, 1, 1, 1, 1, 1, 1, 
1, 2, 3, 15, 100, 100, 100, 100, 100, 100, 100, 100, 100, 100, 
100, 2500, 2500, 2500, 2500, 2500, 2500, 2500, 2500, 2500, 2500, 
2500, 11483.805, 11458.519, 12290.495, 12229.814, 18671.65, 14730.537, 
17733.273, 13449.471, 14174.418, 17026.377, 15179.517, 1, 1, 
1, 1, 1, 1, 1, 1, 1, 1, 1, 0.125, 0.125, 0.125, 0.125, 0.125, 
0.125, 0.125, 0.125, 0.125, 0.125, 0.125, 0, 0, 0, 0, 0, 0, 0, 
0, 0, 0, 0, 0, 0, 0, 0, 0, 0, 0, 0, 0, 0, 0, 0.73694, 0.73439, 
0.73242, 0.73924, 0.73529, 0.77193, 0.77121, 0.7709, 0.75, 0.75482, 
0.76951, 0.7341, 0.72492, 0.74523, 0.7512, 0.74823, 0.75986, 
0.7679, 0.76929, 0.75147, 0.76157, 0.77608, 0.0425, 0.0274, 0.0503, 
0.0589, 0.0618, 0.0667, 0.0752, 0.0786, 0.0831, 0.1031, 0.1051, 
198.9, 213.1, 230.8, 248.9, 259.2, 269.1, 283.3, 298.9, 319.9, 
337.4, 357.2, 1, 1, 1, 1, 1, 1, 1, 1, 1, 1, 1, 1, 1, 1, 1, 1, 
1, 1, 1, 1, 1, 1, 1, 1, 1, 1, 1, 1, 1, 1, 1, 1, 1, 1, 1, 1, 1, 
1, 1, 1, 1, 1, 1, 1, 4.32, 3.159, 4.229, 4.499, 4.476, 4.417, 
4.404, 4.221, 4.337, 6.565, 4.372), .Dim = c(11L, 40L), .Dimnames = list(
    NULL, c("Sampling", "PSO.cost", "PSO.gamma", "PSO.data.balancing", 
    "PSO.feature.selection", "PSO.valid.acc", "PSO.test.acc", 
    "PSO.train.time", "PSO.n.support.vectors", "PSO.index", "PSO.n.solutions", 
    "PSO.generations", "PSO.n.evaluations", "PSO.cpu.time", "RS.cost", 
    "RS.gamma", "RS.data.balancing", "RS.feature.selection", 
    "RS.valid.acc", "RS.test.acc", "RS.train.time", "RS.n.support.vectors", 
    "RS.index", "RS.n.solutions", "RS.generations", "RS.n.evaluations", 
    "RS.cpu.time", "DF.cost", "DF.gamma", "DF.data.balancing", 
    "DF.feature.selection", "DF.valid.acc", "DF.test.acc", "DF.train.time", 
    "DF.n.support.vectors", "DF.index", "DF.n.solutions", "DF.generations", 
    "DF.n.evaluations", "DF.cpu.time")))
