full <-
structure(c(50, 55, 60, 65, 70, 75, 80, 85, 90, 95, 100, 2.17043, 
-1.35061, 11.27895, 6.34085, 7.70536, 1.99405, 7.06855, 10.24755, 
8.12072, 7.7857, 8.75645, -10.05728, -5.97806, -12.18461, -9.36069, 
-14.13716, -8.12377, -14.99751, -13.22942, -10.40263, -12.51098, 
-10.23049, 0, 0, 0, 0, 0, 0, 0, 0, 0, 0, 0, 0, 0, 0, 0, 0, 0, 
0, 0, 0, 0, 0, 0.79636, 0.78682, 0.80447, 0.78727, 0.79479, 0.78772, 
0.77789, 0.77079, 0.77479, 0.77419, 0.78527, 0.79379, 0.78677, 
0.7979, 0.77927, 0.78917, 0.77895, 0.77463, 0.76464, 0.77621, 
0.76595, 0.77613, 0.0431, 0.0527, 0.0522, 0.0549, 0.0419, 0.066, 
0.0782, 0.0785, 0.0863, 0.0979, 0.0996, 216.1, 224.9, 174.6, 
202.5, 251.1, 265.3, 323.8, 279.7, 292.6, 319.8, 321.7, 61, 454, 
1240, 276, 262, 197, 1174, 232, 619, 11, 259, 69, 163, 50, 214, 
176, 138, 11, 295, 70, 429, 87, 100, 100, 100, 100, 100, 100, 
100, 100, 100, 100, 100, 2500, 2500, 2500, 2500, 2500, 2500, 
2500, 2500, 2500, 2500, 2500, 15857.896, 12158.577, 14612.824, 
16667.735, 14676.443, 16395.786, 15863.575, 12949.102, 11223.865, 
11192.324, 11206.564, 0.66049, 1.68869, 14.62824, 5.05973, 8.43432, 
2.15329, 6.94713, 10.09342, 6.85174, 8.22492, 9.62956, -7.08207, 
-6.11692, -13.27558, -8.55049, -14.906, -8.27933, -14.76298, 
-13.38037, -9.66524, -13.517, -10.62295, 0, 0, 0, 0, 0, 0, 0, 
0, 0, 0, 0, 0, 0, 0, 0, 0, 0, 0, 0, 0, 0, 0, 0.79386, 0.78455, 
0.80437, 0.78727, 0.79479, 0.78772, 0.77627, 0.77079, 0.77479, 
0.77419, 0.78397, 0.79123, 0.77984, 0.80447, 0.78327, 0.78917, 
0.77895, 0.77299, 0.76464, 0.77474, 0.76595, 0.77483, 0.0434, 
0.0253, 0.0677, 0.0368, 0.0421, 0.0696, 0.0803, 0.0797, 0.0875, 
0.0996, 0.1103, 188.5, 178.1, 173.8, 204.5, 252.3, 264.8, 320.3, 
280.7, 294.2, 325.9, 321.6, 110, 1275, 874, 105, 535, 42, 302, 
644, 940, 67, 1623, 1, 2, 1, 2, 6, 4, 2, 4, 1, 28, 2, 100, 100, 
100, 100, 100, 100, 100, 100, 100, 100, 100, 2500, 2500, 2500, 
2500, 2500, 2500, 2500, 2500, 2500, 2500, 2500, 15189.68, 10244.515, 
17026.456, 18094.342, 16633.059, 15694.247, 18534.042, 13309.754, 
15679.428, 17737.56, 14199.987, 1, 1, 1, 1, 1, 1, 1, 1, 1, 1, 
1, 0.125, 0.125, 0.125, 0.125, 0.125, 0.125, 0.125, 0.125, 0.125, 
0.125, 0.125, 0, 0, 0, 0, 0, 0, 0, 0, 0, 0, 0, 0, 0, 0, 0, 0, 
0, 0, 0, 0, 0, 0, 0.75749, 0.74895, 0.77162, 0.75506, 0.75189, 
0.74758, 0.76461, 0.74163, 0.73538, 0.75212, 0.76958, 0.77557, 
0.74889, 0.76954, 0.76118, 0.75196, 0.75986, 0.76138, 0.74461, 
0.76287, 0.75222, 0.76825, 0.0504, 0.0448, 0.0587, 0.0402, 0.0651, 
0.0705, 0.0803, 0.0841, 0.0951, 0.1005, 0.1051, 187, 199.1, 213.3, 
234.9, 249.6, 269.5, 286, 306.5, 322.8, 338.5, 354.8, 1, 1, 1, 
1, 1, 1, 1, 1, 1, 1, 1, 1, 1, 1, 1, 1, 1, 1, 1, 1, 1, 1, 1, 1, 
1, 1, 1, 1, 1, 1, 1, 1, 1, 1, 1, 1, 1, 1, 1, 1, 1, 1, 1, 1, 7.274, 
4.179, 7.131, 5.4, 6.526, 5.869, 6.43, 4.526, 4.347, 4.295, 4.197
), .Dim = c(11L, 40L), .Dimnames = list(NULL, c("Sampling", "PSO.cost", 
"PSO.gamma", "PSO.data.balancing", "PSO.feature.selection", "PSO.valid.acc", 
"PSO.test.acc", "PSO.train.time", "PSO.n.support.vectors", "PSO.index", 
"PSO.n.solutions", "PSO.generations", "PSO.n.evaluations", "PSO.cpu.time", 
"RS.cost", "RS.gamma", "RS.data.balancing", "RS.feature.selection", 
"RS.valid.acc", "RS.test.acc", "RS.train.time", "RS.n.support.vectors", 
"RS.index", "RS.n.solutions", "RS.generations", "RS.n.evaluations", 
"RS.cpu.time", "DF.cost", "DF.gamma", "DF.data.balancing", "DF.feature.selection", 
"DF.valid.acc", "DF.test.acc", "DF.train.time", "DF.n.support.vectors", 
"DF.index", "DF.n.solutions", "DF.generations", "DF.n.evaluations", 
"DF.cpu.time")))
