full <-
structure(c(50, 55, 60, 65, 70, 75, 80, 85, 90, 95, 100, 8.23497, 
-0.30563, 4.09536, 7.83214, 2.19009, 0.30076, 2.3882, 1.17514, 
4.49569, 7.28082, -1.94418, -8.37038, -6.56854, -7.81832, -9.49111, 
-6.43669, -7.40501, -7.50855, -6.67474, -9.17396, -14.65929, 
-5.69582, 0, 0, 0, 0, 0, 0, 0, 0, 0, 0, 0, 0, 0, 0, 0, 0, 0, 
0, 0, 0, 0, 0, 0.76278, 0.76772, 0.77172, 0.7711, 0.77072, 0.77181, 
0.76805, 0.76768, 0.77896, 0.77541, 0.7851, 0.73423, 0.7464, 
0.75433, 0.76106, 0.76698, 0.76137, 0.75826, 0.76145, 0.76585, 
0.77126, 0.77078, 0.0528, 0.0526, 0.0441, 0.0617, 0.06, 0.0658, 
0.0456, 0.0838, 0.0906, 0.0928, 0.1171, 165, 226.3, 204.3, 217, 
241.8, 300.9, 287.2, 308.7, 309.5, 366.9, 402.5, 1167, 1773, 
625, 271, 198, 168, 724, 1978, 5, 508, 2128, 217, 7, 82, 155, 
88, 62, 156, 2, 90, 19, 2, 100, 100, 100, 100, 100, 100, 100, 
100, 100, 100, 100, 2500, 2500, 2500, 2500, 2500, 2500, 2500, 
2500, 2500, 2500, 2500, 19027.547, 17616.456, 11708.545, 12606.209, 
13016.711, 11065.105, 9444.837, 15440.141, 12589.695, 11066.391, 
14769.404, 7.63192, 4.26323, 7.2545, 8.65775, 2.20556, 0.2138, 
2.25554, -1.5137, 0.09312, 2.88017, 7.27027, -8.12581, -7.53093, 
-9.42257, -9.79005, -6.4773, -7.33474, -7.3848, -4.97982, -5.49441, 
-10.30985, -14.92762, 0, 0, 0, 0, 0, 0, 0, 0, 0, 0, 0, 0, 0, 
0, 0, 0, 0, 0, 0, 0, 0, 0, 0.76278, 0.76534, 0.76955, 0.7691, 
0.77072, 0.77181, 0.76805, 0.76919, 0.77759, 0.77539, 0.7825, 
0.73943, 0.75105, 0.7696, 0.76302, 0.76698, 0.76137, 0.75826, 
0.75689, 0.76446, 0.76989, 0.76946, 0.05, 0.0454, 0.0452, 0.0528, 
0.0621, 0.0688, 0.046, 0.0908, 0.093, 0.1006, 0.1097, 165.6, 
187.4, 198.3, 215.8, 242.3, 301, 287.9, 335.2, 322.5, 369.7, 
390.4, 1924, 1001, 166, 204, 516, 1914, 2116, 1137, 703, 1614, 
845, 8, 1, 2, 4, 2, 1, 1, 1, 1, 4, 3, 100, 100, 100, 100, 100, 
100, 100, 100, 100, 100, 100, 2500, 2500, 2500, 2500, 2500, 2500, 
2500, 2500, 2500, 2500, 2500, 18675.275, 17759.79, 11873.479, 
12175.086, 17210.402, 14226.807, 11527.348, 19299.859, 15100.348, 
17511.303, 15474.919, 1, 1, 1, 1, 1, 1, 1, 1, 1, 1, 1, 0.125, 
0.125, 0.125, 0.125, 0.125, 0.125, 0.125, 0.125, 0.125, 0.125, 
0.125, 0, 0, 0, 0, 0, 0, 0, 0, 0, 0, 0, 0, 0, 0, 0, 0, 0, 0, 
0, 0, 0, 0, 0.73956, 0.75814, 0.74346, 0.7571, 0.74273, 0.73539, 
0.74367, 0.74299, 0.75854, 0.74512, 0.76297, 0.73471, 0.74147, 
0.74563, 0.76526, 0.74078, 0.73702, 0.73539, 0.74141, 0.76429, 
0.74925, 0.75778, 0.0472, 0.0489, 0.0501, 0.0518, 0.0661, 0.0727, 
0.0815, 0.086, 0.0919, 0.1051, 0.1109, 198.5, 216.4, 228.7, 247.4, 
264.9, 285.1, 302, 316.6, 327.8, 340.6, 355.2, 1, 1, 1, 1, 1, 
1, 1, 1, 1, 1, 1, 1, 1, 1, 1, 1, 1, 1, 1, 1, 1, 1, 1, 1, 1, 1, 
1, 1, 1, 1, 1, 1, 1, 1, 1, 1, 1, 1, 1, 1, 1, 1, 1, 1, 7.209, 
6.754, 4.155, 4.314, 4.357, 4.3, 4.555, 4.167, 4.566, 5.784, 
5.519), .Dim = c(11L, 40L), .Dimnames = list(NULL, c("Sampling", 
"PSO.cost", "PSO.gamma", "PSO.data.balancing", "PSO.feature.selection", 
"PSO.valid.acc", "PSO.test.acc", "PSO.train.time", "PSO.n.support.vectors", 
"PSO.index", "PSO.n.solutions", "PSO.generations", "PSO.n.evaluations", 
"PSO.cpu.time", "RS.cost", "RS.gamma", "RS.data.balancing", "RS.feature.selection", 
"RS.valid.acc", "RS.test.acc", "RS.train.time", "RS.n.support.vectors", 
"RS.index", "RS.n.solutions", "RS.generations", "RS.n.evaluations", 
"RS.cpu.time", "DF.cost", "DF.gamma", "DF.data.balancing", "DF.feature.selection", 
"DF.valid.acc", "DF.test.acc", "DF.train.time", "DF.n.support.vectors", 
"DF.index", "DF.n.solutions", "DF.generations", "DF.n.evaluations", 
"DF.cpu.time")))
