full <-
structure(c(50, 55, 60, 65, 70, 75, 80, 85, 90, 95, 100, 2.69239, 
-0.32084, 0.07248, 8.2965, 7.2106, 5.68238, 11.93305, 1.76564, 
0.1012, -2, 3.52644, -6.27416, -5.11174, -6.75153, -10.24544, 
-9.96075, -12.78607, -15, -7.17118, -6.37703, -3.33253, -7.52146, 
0, 0, 0, 0, 0, 0, 0, 0, 0, 0, 0, 0, 0, 0, 0, 0, 0, 0, 0, 0, 0, 
0, 0.78104, 0.77254, 0.76158, 0.76714, 0.77057, 0.76826, 0.76481, 
0.77539, 0.77764, 0.78785, 0.78001, 0.77078, 0.75587, 0.76588, 
0.75306, 0.76316, 0.76653, 0.75494, 0.76914, 0.75876, 0.77398, 
0.7696, 0.0368, 0.0491, 0.0622, 0.0346, 0.0689, 0.0702, 0.0468, 
0.087, 0.0925, 0.098, 0.1, 175.9, 211.3, 242.2, 219.3, 238.1, 
299.4, 277.1, 306.1, 334.7, 373.7, 329.4, 725, 1109, 1213, 272, 
445, 111, 109, 2180, 913, 565, 328, 86, 92, 10, 35, 70, 151, 
528, 1, 62, 734, 276, 100, 100, 100, 100, 100, 100, 100, 100, 
100, 100, 100, 2500, 2500, 2500, 2500, 2500, 2500, 2500, 2500, 
2500, 2500, 2500, 14360.36, 18054.39, 14182.933, 10969.064, 16373.73, 
10971.046, 9990.772, 16348.18, 14609.682, 11660.225, 10798.413, 
7.25843, -0.24834, -1.16153, 7.25124, 8.07403, 4.20952, 7.93551, 
5.12781, -0.80731, -1.88601, 3.83775, -8.57577, -5.72396, -4.23938, 
-9.74418, -10.41099, -11.28697, -12.67004, -11.53777, -5.07464, 
-2.68954, -7.72682, 0, 0, 0, 0, 0, 0, 0, 0, 0, 0, 0, 0, 0, 0, 
0, 0, 0, 0, 0, 0, 0, 0, 0.77598, 0.77004, 0.76149, 0.76714, 0.77057, 
0.76826, 0.76481, 0.77539, 0.77762, 0.78515, 0.78001, 0.76802, 
0.76296, 0.75733, 0.75706, 0.76505, 0.76829, 0.75167, 0.76767, 
0.76895, 0.7685, 0.77221, 0.0438, 0.0429, 0.0575, 0.0499, 0.069, 
0.0639, 0.0826, 0.0836, 0.0946, 0.1095, 0.094, 168.9, 215, 239.1, 
220.6, 237.4, 298.5, 286.5, 319.7, 335.3, 382.3, 329.1, 2416, 
1487, 38, 1323, 830, 141, 1336, 1042, 1992, 611, 383, 1, 1, 1, 
2, 4, 18, 1, 1, 1, 1, 1, 100, 100, 100, 100, 100, 100, 100, 100, 
100, 100, 100, 2500, 2500, 2500, 2500, 2500, 2500, 2500, 2500, 
2500, 2500, 2500, 13855.524, 12714.961, 12874.823, 14057.353, 
17620.712, 13484.689, 16782.434, 17994.547, 14118.956, 14864.651, 
14908.212, 1, 1, 1, 1, 1, 1, 1, 1, 1, 1, 1, 0.125, 0.125, 0.125, 
0.125, 0.125, 0.125, 0.125, 0.125, 0.125, 0.125, 0.125, 0, 0, 
0, 0, 0, 0, 0, 0, 0, 0, 0, 0, 0, 0, 0, 0, 0, 0, 0, 0, 0, 0, 0.75526, 
0.75116, 0.73294, 0.73894, 0.75383, 0.75071, 0.73035, 0.7599, 
0.74864, 0.76711, 0.75919, 0.7502, 0.75587, 0.744, 0.74706, 0.73901, 
0.75949, 0.7271, 0.75534, 0.75153, 0.76711, 0.75528, 0.0466, 
0.0483, 0.0459, 0.0612, 0.0642, 0.0655, 0.0797, 0.0953, 0.0906, 
0.0886, 0.1055, 198.3, 212.8, 233.1, 249.7, 263.7, 281.2, 301.4, 
313.7, 327.5, 340, 353.9, 1, 1, 1, 1, 1, 1, 1, 1, 1, 1, 1, 1, 
1, 1, 1, 1, 1, 1, 1, 1, 1, 1, 1, 1, 1, 1, 1, 1, 1, 1, 1, 1, 1, 
1, 1, 1, 1, 1, 1, 1, 1, 1, 1, 1, 6.853, 4.425, 3.636, 6.584, 
4.218, 4.143, 5.742, 6.518, 4.527, 3.828, 4.131), .Dim = c(11L, 
40L), .Dimnames = list(NULL, c("Sampling", "PSO.cost", "PSO.gamma", 
"PSO.data.balancing", "PSO.feature.selection", "PSO.valid.acc", 
"PSO.test.acc", "PSO.train.time", "PSO.n.support.vectors", "PSO.index", 
"PSO.n.solutions", "PSO.generations", "PSO.n.evaluations", "PSO.cpu.time", 
"RS.cost", "RS.gamma", "RS.data.balancing", "RS.feature.selection", 
"RS.valid.acc", "RS.test.acc", "RS.train.time", "RS.n.support.vectors", 
"RS.index", "RS.n.solutions", "RS.generations", "RS.n.evaluations", 
"RS.cpu.time", "DF.cost", "DF.gamma", "DF.data.balancing", "DF.feature.selection", 
"DF.valid.acc", "DF.test.acc", "DF.train.time", "DF.n.support.vectors", 
"DF.index", "DF.n.solutions", "DF.generations", "DF.n.evaluations", 
"DF.cpu.time")))
