full <-
structure(c(50, 55, 60, 65, 70, 75, 80, 85, 90, 95, 100, 14.60755, 
0.78614, 3.28201, -1.21264, 7.26955, 4.12981, -0.69711, 0.99261, 
2.14679, -1.33981, 0.61311, -14.9991, -6.67866, -4.78606, -5.45519, 
-9.711, -11.67496, -6.51768, -6.30219, -6.01576, -5.0902, -8.54479, 
0, 0, 0, 0, 0, 0, 0, 0, 0, 0, 0, 0, 0, 0, 0, 0, 0, 0, 0, 0, 0, 
0, 0.76829, 0.77032, 0.77205, 0.77939, 0.78171, 0.77505, 0.78927, 
0.77854, 0.77617, 0.7753, 0.78004, 0.75007, 0.77027, 0.74615, 
0.76535, 0.7649, 0.77508, 0.7812, 0.76632, 0.76601, 0.77808, 
0.76309, 0.051, 0.0513, 0.056, 0.061, 0.0536, 0.0714, 0.078, 
0.0748, 0.0859, 0.104, 0.123, 162.2, 201.4, 192.9, 251.4, 221, 
292.8, 308.9, 295, 298.8, 356.5, 399.4, 1934, 102, 1450, 1419, 
79, 187, 2091, 417, 432, 1081, 1754, 2, 485, 12, 112, 113, 80, 
13, 430, 299, 128, 12, 100, 100, 100, 100, 100, 100, 100, 100, 
100, 100, 100, 2500, 2500, 2500, 2500, 2500, 2500, 2500, 2500, 
2500, 2500, 2500, 18186.849, 16399.647, 15661.14, 12408.885, 
11362.612, 10458.729, 11017.566, 10852.752, 11724.126, 17606.155, 
15171.475, 13.28408, 0.34374, 3.42839, -1.1821, 7.53764, 2.6161, 
-0.71789, -1.37501, -0.06511, -1.41739, 0.58949, -14.19997, -4.00351, 
-4.92455, -5.60897, -9.76607, -10.16137, -6.43491, -5.71777, 
-4.62429, -4.88477, -8.54558, 0, 0, 0, 0, 0, 0, 0, 0, 0, 0, 0, 
0, 0, 0, 0, 0, 0, 0, 0, 0, 0, 0, 0.76302, 0.77265, 0.77196, 0.77739, 
0.78171, 0.77677, 0.7876, 0.77553, 0.77762, 0.77255, 0.77873, 
0.7527, 0.76069, 0.74813, 0.76531, 0.76679, 0.77508, 0.77792, 
0.76469, 0.76456, 0.77532, 0.76309, 0.049, 0.0476, 0.0493, 0.0581, 
0.0584, 0.0655, 0.0712, 0.0855, 0.0815, 0.1127, 0.1196, 162.2, 
194.6, 193.6, 253, 220.6, 292.6, 307.6, 333, 313.6, 355.9, 400.6, 
59, 1796, 1866, 1526, 1959, 920, 1813, 1956, 2293, 182, 256, 
16, 1, 1, 1, 1, 1, 1, 2, 1, 1, 3, 100, 100, 100, 100, 100, 100, 
100, 100, 100, 100, 100, 2500, 2500, 2500, 2500, 2500, 2500, 
2500, 2500, 2500, 2500, 2500, 18625.298, 16734.072, 11408.099, 
12164.854, 11943.974, 12606.274, 12551.768, 13805.863, 16659.742, 
15779.35, 14406.978, 1, 1, 1, 1, 1, 1, 1, 1, 1, 1, 1, 0.125, 
0.125, 0.125, 0.125, 0.125, 0.125, 0.125, 0.125, 0.125, 0.125, 
0.125, 0, 0, 0, 0, 0, 0, 0, 0, 0, 0, 0, 0, 0, 0, 0, 0, 0, 0, 
0, 0, 0, 0, 0.74973, 0.75127, 0.74364, 0.75522, 0.75753, 0.7507, 
0.77118, 0.75392, 0.75437, 0.75881, 0.75526, 0.74204, 0.74873, 
0.74355, 0.74306, 0.76885, 0.7663, 0.76612, 0.7586, 0.75731, 
0.76301, 0.75783, 0.0476, 0.0509, 0.0477, 0.0596, 0.0595, 0.0698, 
0.0788, 0.0778, 0.0914, 0.1062, 0.1048, 190.3, 209, 222.3, 241, 
254.7, 268.9, 283.1, 304.3, 321.2, 336.8, 353.7, 1, 1, 1, 1, 
1, 1, 1, 1, 1, 1, 1, 1, 1, 1, 1, 1, 1, 1, 1, 1, 1, 1, 1, 1, 1, 
1, 1, 1, 1, 1, 1, 1, 1, 1, 1, 1, 1, 1, 1, 1, 1, 1, 1, 1, 7.258, 
6.59, 4.232, 4.299, 4.027, 4.52, 4.354, 4.358, 5.843, 6.39, 4.451
), .Dim = c(11L, 40L), .Dimnames = list(NULL, c("Sampling", "PSO.cost", 
"PSO.gamma", "PSO.data.balancing", "PSO.feature.selection", "PSO.valid.acc", 
"PSO.test.acc", "PSO.train.time", "PSO.n.support.vectors", "PSO.index", 
"PSO.n.solutions", "PSO.generations", "PSO.n.evaluations", "PSO.cpu.time", 
"RS.cost", "RS.gamma", "RS.data.balancing", "RS.feature.selection", 
"RS.valid.acc", "RS.test.acc", "RS.train.time", "RS.n.support.vectors", 
"RS.index", "RS.n.solutions", "RS.generations", "RS.n.evaluations", 
"RS.cpu.time", "DF.cost", "DF.gamma", "DF.data.balancing", "DF.feature.selection", 
"DF.valid.acc", "DF.test.acc", "DF.train.time", "DF.n.support.vectors", 
"DF.index", "DF.n.solutions", "DF.generations", "DF.n.evaluations", 
"DF.cpu.time")))
