full <-
structure(c(50, 55, 60, 65, 70, 75, 80, 85, 90, 95, 100, 6.70741, 
15, 7.01133, 6.80055, 5.31863, -1.38768, -1.02226, 1.22316, 4.26036, 
0.90175, 9.58036, -10.80019, -12.71929, -9.9403, -8.30903, -8.53747, 
-3.59469, -4.15653, -5.66007, -10.17913, -5.79555, -13.74256, 
0, 0, 0, 0, 0, 0, 0, 0, 0, 0, 0, 0, 0, 0, 0, 0, 0, 0, 0, 0, 0, 
0, 0.79933, 0.7964, 0.79349, 0.80118, 0.81215, 0.79631, 0.79236, 
0.7878, 0.77734, 0.77979, 0.77734, 0.78623, 0.78688, 0.78053, 
0.78518, 0.79517, 0.78046, 0.7793, 0.7709, 0.77297, 0.76593, 
0.77469, 0.0349, 0.0657, 0.0464, 0.0492, 0.0621, 0.0675, 0.075, 
0.0721, 0.0907, 0.0878, 0.1071, 153.9, 165.4, 185.2, 196.6, 216.6, 
279.6, 290.6, 281.5, 315.3, 321.7, 331.2, 47, 810, 365, 37, 231, 
305, 315, 1037, 43, 1125, 266, 141, 4, 88, 126, 95, 401, 114, 
16, 159, 28, 175, 100, 100, 100, 100, 100, 100, 100, 100, 100, 
100, 100, 2500, 2500, 2500, 2500, 2500, 2500, 2500, 2500, 2500, 
2500, 2500, 10704.087, 11659.913, 11144.671, 11225.039, 17289.586, 
10611.242, 12028.141, 12286.871, 11119.266, 11901.421, 11458.498, 
-1.50221, 2.98222, 0.867, -1.1457, 5.22823, -1.08709, -0.38536, 
1.25607, -1.70155, -0.89622, 9.06679, -4.54036, -10.46235, -5.5358, 
-3.58587, -8.45824, -3.73445, -5.0967, -5.69765, -6.13259, -5.45605, 
-13.26072, 0, 0, 0, 0, 0, 0, 0, 0, 0, 0, 0, 0, 0, 0, 0, 0, 0, 
0, 0, 0, 0, 0, 0.80202, 0.79635, 0.79372, 0.80318, 0.81027, 0.79456, 
0.78908, 0.78473, 0.77883, 0.7784, 0.77604, 0.789, 0.78699, 0.78285, 
0.79522, 0.79703, 0.78397, 0.7793, 0.7709, 0.7715, 0.77008, 0.77339, 
0.0387, 0.0442, 0.046, 0.0683, 0.0573, 0.0655, 0.0873, 0.0721, 
0.1016, 0.0934, 0.1028, 190.3, 219, 199.4, 240.9, 216.7, 272.1, 
282.8, 281.7, 365.8, 349, 331.1, 1429, 1050, 1970, 1786, 127, 
593, 559, 1704, 222, 1727, 242, 1, 5, 1, 1, 3, 1, 1, 1, 2, 1, 
1, 100, 100, 100, 100, 100, 100, 100, 100, 100, 100, 100, 2500, 
2500, 2500, 2500, 2500, 2500, 2500, 2500, 2500, 2500, 2500, 10674.217, 
11699.105, 11797.712, 15093.712, 16360.823, 12819.136, 14329.53, 
16866.694, 14508.407, 14217.015, 19204.733, 1, 1, 1, 1, 1, 1, 
1, 1, 1, 1, 1, 0.125, 0.125, 0.125, 0.125, 0.125, 0.125, 0.125, 
0.125, 0.125, 0.125, 0.125, 0, 0, 0, 0, 0, 0, 0, 0, 0, 0, 0, 
0, 0, 0, 0, 0, 0, 0, 0, 0, 0, 0, 0.76538, 0.7824, 0.76739, 0.77922, 
0.78231, 0.77874, 0.77102, 0.76179, 0.75858, 0.76196, 0.76434, 
0.76795, 0.77514, 0.77386, 0.78722, 0.79346, 0.76999, 0.77602, 
0.76172, 0.76148, 0.75497, 0.75781, 0.0379, 0.0397, 0.0496, 0.061, 
0.0559, 0.0678, 0.0477, 0.0862, 0.0883, 0.0976, 0.118, 177.9, 
202.9, 214.8, 233.5, 248.8, 265.1, 287, 301.9, 321.6, 337.5, 
353.5, 1, 1, 1, 1, 1, 1, 1, 1, 1, 1, 1, 1, 1, 1, 1, 1, 1, 1, 
1, 1, 1, 1, 1, 1, 1, 1, 1, 1, 1, 1, 1, 1, 1, 1, 1, 1, 1, 1, 1, 
1, 1, 1, 1, 1, 4.255, 3.744, 4.22, 7.012, 3.786, 4.404, 3.461, 
4.51, 4.442, 4.484, 6.119), .Dim = c(11L, 40L), .Dimnames = list(
    NULL, c("Sampling", "PSO.cost", "PSO.gamma", "PSO.data.balancing", 
    "PSO.feature.selection", "PSO.valid.acc", "PSO.test.acc", 
    "PSO.train.time", "PSO.n.support.vectors", "PSO.index", "PSO.n.solutions", 
    "PSO.generations", "PSO.n.evaluations", "PSO.cpu.time", "RS.cost", 
    "RS.gamma", "RS.data.balancing", "RS.feature.selection", 
    "RS.valid.acc", "RS.test.acc", "RS.train.time", "RS.n.support.vectors", 
    "RS.index", "RS.n.solutions", "RS.generations", "RS.n.evaluations", 
    "RS.cpu.time", "DF.cost", "DF.gamma", "DF.data.balancing", 
    "DF.feature.selection", "DF.valid.acc", "DF.test.acc", "DF.train.time", 
    "DF.n.support.vectors", "DF.index", "DF.n.solutions", "DF.generations", 
    "DF.n.evaluations", "DF.cpu.time")))
