full <-
structure(c(50, 55, 60, 65, 70, 75, 80, 85, 90, 95, 100, 7.0031, 
5.7245, 9.53222, 8.19493, 3.27711, 6.28132, 12.62198, 13.3433, 
11.54855, 2.67605, 2.05598, -2.90848, -3.94157, -2.56039, -2.76792, 
-2.9774, -2.59818, -3.21438, -3.01258, -3.15327, -2.97287, -2.76497, 
0, 0, 0, 0, 0, 0, 0, 0, 0, 0, 0, 0, 0, 0, 0, 0, 0, 0, 0, 0, 0, 
0, 0.9498, 0.95364, 0.94167, 0.9609, 0.94945, 0.94571, 0.93667, 
0.94118, 0.94398, 0.95205, 0.95421, 0.92667, 0.93545, 0.94167, 
0.94423, 0.92802, 0.9319, 0.93042, 0.92941, 0.93842, 0.93626, 
0.94921, 0.0203, 0.0204, 0.0204, 0.0218, 0.0223, 0.025, 0.0241, 
0.0263, 0.0259, 0.0274, 0.0336, 55.6, 44.2, 67.1, 67.9, 67.6, 
79.1, 67.4, 72.1, 71.7, 78.7, 87.6, 84, 166, 9, 74, 732, 32, 
23, 35, 89, 148, 1538, 619, 1408, 874, 1054, 154, 873, 1304, 
284, 314, 394, 4, 100, 100, 100, 100, 100, 100, 100, 100, 100, 
100, 100, 2500, 2500, 2500, 2500, 2500, 2500, 2500, 2500, 2500, 
2500, 2500, 6787.777, 6952.424, 6982.229, 7101.217, 7096.297, 
7329.156, 7375.575, 7375.30500000001, 7460.572, 7536.296, 9926.47700000001, 
9.18796, 12.14329, 3.02243, 10.13674, 2.82256, 2.4831, 12.81437, 
10.01841, 7.75119, 3.14536, 2.9516, -2.9057, -3.91989, -3.54024, 
-2.70353, -2.98684, -3.05976, -3.24175, -2.26624, -3.16162, -3.41681, 
-2.75782, 0, 0, 0, 0, 0, 0, 0, 0, 0, 0, 0, 0, 0, 0, 0, 0, 0, 
0, 0, 0, 0, 0, 0.9498, 0.95364, 0.94167, 0.9609, 0.94945, 0.95238, 
0.93667, 0.94118, 0.94398, 0.95205, 0.94921, 0.92667, 0.93545, 
0.94167, 0.92821, 0.92802, 0.94571, 0.93042, 0.93529, 0.93842, 
0.94152, 0.95421, 0.0202, 0.0195, 0.0204, 0.0235, 0.023, 0.0233, 
0.0278, 0.026, 0.0261, 0.025, 0.0331, 55.7, 44.3, 52.4, 69, 67.6, 
70.6, 66.7, 94.8, 71.6, 71.8, 84.9, 1566, 19, 24, 1084, 125, 
252, 90, 25, 1413, 885, 1, 2, 22, 60, 8, 3, 1, 27, 15, 1, 2, 
47, 100, 100, 100, 100, 100, 100, 100, 100, 100, 100, 100, 2500, 
2500, 2500, 2500, 2500, 2500, 2500, 2500, 2500, 2500, 2500, 6750.21, 
6956.11, 7008.631, 7117.516, 7190.734, 7340.18700000001, 7351.423, 
7365.432, 7506.09999999999, 8402.32800000001, 9768.579, 1, 1, 
1, 1, 1, 1, 1, 1, 1, 1, 1, 0.04545, 0.04545, 0.04545, 0.04545, 
0.04545, 0.04545, 0.04545, 0.04545, 0.04545, 0.04545, 0.04545, 
0, 0, 0, 0, 0, 0, 0, 0, 0, 0, 0, 0, 0, 0, 0, 0, 0, 0, 0, 0, 0, 
0, 0.85828, 0.87091, 0.85758, 0.88205, 0.84835, 0.87667, 0.86792, 
0.86912, 0.86348, 0.88304, 0.87649, 0.86939, 0.83273, 0.85758, 
0.85, 0.85604, 0.87, 0.86833, 0.86324, 0.86937, 0.87251, 0.87649, 
0.02, 0.0199, 0.0207, 0.0212, 0.0257, 0.0222, 0.0238, 0.0232, 
0.0252, 0.0312, 0.0301, 47.6, 50.8, 51.2, 54.3, 60.6, 64.4, 67.5, 
68.9, 70.5, 76.3, 77, 1, 1, 1, 1, 1, 1, 1, 1, 1, 1, 1, 1, 1, 
1, 1, 1, 1, 1, 1, 1, 1, 1, 1, 1, 1, 1, 1, 1, 1, 1, 1, 1, 1, 1, 
1, 1, 1, 1, 1, 1, 1, 1, 1, 1, 2.788, 2.732, 2.778, 2.768, 2.863, 
2.955, 2.988, 2.94, 3.003, 4.081, 3.913), .Dim = c(11L, 40L), .Dimnames = list(
    NULL, c("Sampling", "PSO.cost", "PSO.gamma", "PSO.data.balancing", 
    "PSO.feature.selection", "PSO.valid.acc", "PSO.test.acc", 
    "PSO.train.time", "PSO.n.support.vectors", "PSO.index", "PSO.n.solutions", 
    "PSO.generations", "PSO.n.evaluations", "PSO.cpu.time", "RS.cost", 
    "RS.gamma", "RS.data.balancing", "RS.feature.selection", 
    "RS.valid.acc", "RS.test.acc", "RS.train.time", "RS.n.support.vectors", 
    "RS.index", "RS.n.solutions", "RS.generations", "RS.n.evaluations", 
    "RS.cpu.time", "DF.cost", "DF.gamma", "DF.data.balancing", 
    "DF.feature.selection", "DF.valid.acc", "DF.test.acc", "DF.train.time", 
    "DF.n.support.vectors", "DF.index", "DF.n.solutions", "DF.generations", 
    "DF.n.evaluations", "DF.cpu.time")))
