full <-
structure(c(50, 55, 60, 65, 70, 75, 80, 85, 90, 95, 100, 15, 
13.83116, 1.6375, 6.99725, 1.11695, 6.34711, 1.08477, 1.60935, 
4.40639, 2.94046, 10.31773, -1.83572, -2.45062, -2.35072, -2.06989, 
-2.26124, -1.93961, -1.54106, -2.09059, -3.00005, -3.07602, -2.17979, 
0, 0, 0, 0, 0, 0, 0, 0, 0, 0, 0, 0, 0, 0, 0, 0, 0, 0, 0, 0, 0, 
0, 0.92889, 0.9353, 0.94913, 0.95256, 0.94945, 0.94024, 0.9425, 
0.92202, 0.93824, 0.93646, 0.94921, 0.91778, 0.91621, 0.94015, 
0.93013, 0.94286, 0.94649, 0.92375, 0.90502, 0.915, 0.91982, 
0.94921, 0.0199, 0.0214, 0.0225, 0.0229, 0.0248, 0.0257, 0.0279, 
0.0293, 0.0268, 0.0274, 0.0309, 73.5, 69.3, 75.8, 80.2, 82.2, 
93.3, 108.5, 99.9, 73.4, 77.1, 104.7, 69, 1110, 767, 104, 299, 
412, 207, 547, 15, 224, 441, 536, 8, 224, 1395, 531, 252, 833, 
272, 1230, 645, 640, 100, 100, 100, 100, 100, 100, 100, 100, 
100, 100, 100, 2500, 2500, 2500, 2500, 2500, 2500, 2500, 2500, 
2500, 2500, 2500, 6927.929, 7234.303, 7189.969, 7262.749, 7490.603, 
7743.827, 7818.552, 7735.23, 7693.417, 7768.068, 7786.86199999999, 
7.72398, 10.73809, 1.14193, 4.30227, 1.3155, 1.86031, 6.09443, 
2.12363, 7.29915, 4.22609, 9.7883, -1.92378, -2.06613, -2.49969, 
-2.25395, -2.53761, -2.91999, -1.57555, -2.01075, -2.9589, -4.46347, 
-2.17331, 0, 0, 0, 0, 0, 0, 0, 0, 0, 0, 0, 0, 0, 0, 0, 0, 0, 
0, 0, 0, 0, 0, 0.92889, 0.92864, 0.94913, 0.95256, 0.94945, 0.94607, 
0.9425, 0.91614, 0.93824, 0.93734, 0.94921, 0.90778, 0.92697, 
0.94015, 0.93782, 0.93571, 0.93274, 0.9175, 0.90502, 0.915, 0.89406, 
0.94921, 0.0213, 0.0218, 0.0225, 0.0238, 0.0244, 0.0244, 0.0275, 
0.0286, 0.0273, 0.0255, 0.0303, 72.1, 75.2, 73.6, 76.1, 75.9, 
69.2, 107.4, 101.7, 74.1, 56.1, 104.8, 202, 55, 2235, 55, 1673, 
1080, 80, 63, 65, 1684, 267, 14, 32, 1, 49, 2, 1, 8, 1, 15, 2, 
30, 100, 100, 100, 100, 100, 100, 100, 100, 100, 100, 100, 2500, 
2500, 2500, 2500, 2500, 2500, 2500, 2500, 2500, 2500, 2500, 7036.371, 
7163.376, 7238.909, 7360.63200000001, 7704.587, 7728.75799999999, 
7689.53199999999, 7609.075, 7722.31, 7724.83199999999, 7892.519, 
1, 1, 1, 1, 1, 1, 1, 1, 1, 1, 1, 0.04545, 0.04545, 0.04545, 0.04545, 
0.04545, 0.04545, 0.04545, 0.04545, 0.04545, 0.04545, 0.04545, 
0, 0, 0, 0, 0, 0, 0, 0, 0, 0, 0, 0, 0, 0, 0, 0, 0, 0, 0, 0, 0, 
0, 0.88646, 0.88045, 0.90519, 0.89872, 0.89176, 0.90679, 0.89292, 
0.86904, 0.86526, 0.86687, 0.88289, 0.89646, 0.88879, 0.89685, 
0.89167, 0.89121, 0.89298, 0.89292, 0.85727, 0.87081, 0.86687, 
0.87763, 0.0187, 0.0201, 0.0207, 0.0215, 0.0226, 0.0233, 0.0237, 
0.0243, 0.0255, 0.0255, 0.0265, 42, 46.6, 48.4, 49.9, 53.9, 59.4, 
62.8, 66.5, 73.5, 75.6, 78, 1, 1, 1, 1, 1, 1, 1, 1, 1, 1, 1, 
1, 1, 1, 1, 1, 1, 1, 1, 1, 1, 1, 1, 1, 1, 1, 1, 1, 1, 1, 1, 1, 
1, 1, 1, 1, 1, 1, 1, 1, 1, 1, 1, 1, 2.872, 2.832, 2.841, 2.987, 
3.088, 3.112, 3.124, 3.01, 3.031, 3.004, 3.086), .Dim = c(11L, 
40L), .Dimnames = list(NULL, c("Sampling", "PSO.cost", "PSO.gamma", 
"PSO.data.balancing", "PSO.feature.selection", "PSO.valid.acc", 
"PSO.test.acc", "PSO.train.time", "PSO.n.support.vectors", "PSO.index", 
"PSO.n.solutions", "PSO.generations", "PSO.n.evaluations", "PSO.cpu.time", 
"RS.cost", "RS.gamma", "RS.data.balancing", "RS.feature.selection", 
"RS.valid.acc", "RS.test.acc", "RS.train.time", "RS.n.support.vectors", 
"RS.index", "RS.n.solutions", "RS.generations", "RS.n.evaluations", 
"RS.cpu.time", "DF.cost", "DF.gamma", "DF.data.balancing", "DF.feature.selection", 
"DF.valid.acc", "DF.test.acc", "DF.train.time", "DF.n.support.vectors", 
"DF.index", "DF.n.solutions", "DF.generations", "DF.n.evaluations", 
"DF.cpu.time")))
