full <-
structure(c(50, 55, 60, 65, 70, 75, 80, 85, 90, 95, 100, 3.23491, 
7.61829, 15, 4.3045, 9.01125, 14.08058, 7.83938, 4.20777, 2.69561, 
3.44097, 14.36231, -2.75585, -3.93152, -3.23418, -3.37979, -3.75169, 
-3.4143, -2.10691, -1.98008, -2.93208, -3.25195, -2.92291, 0, 
0, 0, 0, 0, 0, 0, 0, 0, 0, 0, 0, 0, 0, 0, 0, 0, 0, 0, 0, 0, 0, 
0.92778, 0.92773, 0.95822, 0.94551, 0.92073, 0.93226, 0.96203, 
0.94669, 0.94401, 0.95813, 0.94895, 0.92778, 0.91197, 0.93852, 
0.93718, 0.91462, 0.93274, 0.93657, 0.94081, 0.93287, 0.9362, 
0.94395, 0.0324, 0.0321, 0.0294, 0.0314, 0.0337, 0.0309, 0.0355, 
0.0432, 0.0398, 0.0403, 0.0386, 56.7, 41.6, 54.3, 57, 52.2, 62.4, 
95.6, 104.4, 77.6, 72.7, 78.6, 1740, 9, 470, 7, 174, 11, 42, 
94, 238, 638, 95, 3, 1435, 593, 1527, 1214, 1377, 1213, 1121, 
901, 41, 1338, 100, 100, 100, 100, 100, 100, 100, 100, 100, 100, 
100, 2500, 2500, 2500, 2500, 2500, 2500, 2500, 2500, 2500, 2500, 
2500, 17640.308, 18325.714, 17062.46, 17013.364, 17094.134, 17296.434, 
18086.321, 20275.299, 20037.061, 19964.97, 19722.495, 8.64989, 
14.87962, 3.53819, 9.22357, 14.59121, 11.30556, 5.19611, 12.92185, 
2.90016, 3.3751, 13.72276, -3.12076, -3.70238, -3.1352, -3.35157, 
-3.69107, -3.48707, -2.07423, -1.9868, -2.967, -3.29079, -2.8771, 
0, 0, 0, 0, 0, 0, 0, 0, 0, 0, 0, 0, 0, 0, 0, 0, 0, 0, 0, 0, 0, 
0, 0.91778, 0.92773, 0.95822, 0.94551, 0.92073, 0.93226, 0.96203, 
0.94669, 0.94401, 0.95813, 0.94895, 0.92778, 0.91197, 0.93852, 
0.93718, 0.91462, 0.92607, 0.93657, 0.94081, 0.93287, 0.9362, 
0.94395, 0.0252, 0.0306, 0.0314, 0.03, 0.0325, 0.0311, 0.0395, 
0.0407, 0.0363, 0.0424, 0.0402, 49.2, 44.1, 57, 56.7, 52.7, 60.5, 
96.2, 104.3, 76, 72.3, 79.5, 20, 9, 139, 9, 24, 23, 13, 108, 
161, 2489, 711, 152, 61, 3, 35, 22, 40, 10, 9, 4, 1, 13, 100, 
100, 100, 100, 100, 100, 100, 100, 100, 100, 100, 2500, 2500, 
2500, 2500, 2500, 2500, 2500, 2500, 2500, 2500, 2500, 18274.47, 
17469.299, 17048.491, 17172.826, 17027.67, 17930.974, 18915.746, 
20060.632, 20079.276, 20160.183, 18994.66, 1, 1, 1, 1, 1, 1, 
1, 1, 1, 1, 1, 0.04545, 0.04545, 0.04545, 0.04545, 0.04545, 0.04545, 
0.04545, 0.04545, 0.04545, 0.04545, 0.04545, 0, 0, 0, 0, 0, 0, 
0, 0, 0, 0, 0, 0, 0, 0, 0, 0, 0, 0, 0, 0, 0, 0, 0.82444, 0.84303, 
0.86265, 0.87564, 0.87051, 0.86542, 0.86684, 0.88125, 0.86643, 
0.87737, 0.87705, 0.83556, 0.86303, 0.86329, 0.88333, 0.87051, 
0.85875, 0.86684, 0.88125, 0.86054, 0.87737, 0.88205, 0.0282, 
0.0282, 0.0287, 0.0303, 0.0312, 0.0285, 0.0329, 0.0362, 0.0345, 
0.0366, 0.0394, 45, 47.7, 49.5, 55, 62.5, 63.3, 68.7, 70.8, 71.4, 
73.3, 78.9, 1, 1, 1, 1, 1, 1, 1, 1, 1, 1, 1, 1, 1, 1, 1, 1, 1, 
1, 1, 1, 1, 1, 1, 1, 1, 1, 1, 1, 1, 1, 1, 1, 1, 1, 1, 1, 1, 1, 
1, 1, 1, 1, 1, 1, 7.312, 6.908, 6.789, 6.636, 6.554, 7.071, 8.01, 
8.2, 8.174, 8.306, 8.455), .Dim = c(11L, 40L), .Dimnames = list(
    NULL, c("Sampling", "PSO.cost", "PSO.gamma", "PSO.data.balancing", 
    "PSO.feature.selection", "PSO.valid.acc", "PSO.test.acc", 
    "PSO.train.time", "PSO.n.support.vectors", "PSO.index", "PSO.n.solutions", 
    "PSO.generations", "PSO.n.evaluations", "PSO.cpu.time", "RS.cost", 
    "RS.gamma", "RS.data.balancing", "RS.feature.selection", 
    "RS.valid.acc", "RS.test.acc", "RS.train.time", "RS.n.support.vectors", 
    "RS.index", "RS.n.solutions", "RS.generations", "RS.n.evaluations", 
    "RS.cpu.time", "DF.cost", "DF.gamma", "DF.data.balancing", 
    "DF.feature.selection", "DF.valid.acc", "DF.test.acc", "DF.train.time", 
    "DF.n.support.vectors", "DF.index", "DF.n.solutions", "DF.generations", 
    "DF.n.evaluations", "DF.cpu.time")))
