full <-
structure(c(50, 55, 60, 65, 70, 75, 80, 85, 90, 95, 100, 11.55859, 
8.162, 6.95405, 3.61089, 4.9028, 3.43675, 8.70238, 1.41074, 2.58868, 
0.36509, 1.18136, -2.29048, -2.01823, -2.43102, -2.60531, -3.56353, 
-3.62411, -3.21209, -3.07277, -3.18781, -2.5751, -2.70278, 0, 
0, 0, 0, 0, 0, 0, 0, 0, 0, 0, 0, 0, 0, 0, 0, 0, 0, 0, 0, 0, 0, 
0.93051, 0.92864, 0.94015, 0.91474, 0.93447, 0.9394, 0.92995, 
0.95221, 0.96013, 0.94196, 0.95418, 0.89828, 0.89121, 0.93258, 
0.89103, 0.91297, 0.89226, 0.92953, 0.94007, 0.93824, 0.9214, 
0.92839, 0.0246, 0.024, 0.023, 0.0254, 0.0231, 0.0275, 0.0256, 
0.0266, 0.0269, 0.0295, 0.0313, 63.3, 72.2, 70.6, 69.2, 53, 58.2, 
61.2, 77.1, 74.8, 101, 94.6, 44, 213, 3, 107, 397, 183, 16, 321, 
323, 2472, 639, 1339, 445, 1148, 1220, 355, 828, 1535, 120, 256, 
1, 93, 100, 100, 100, 100, 100, 100, 100, 100, 100, 100, 100, 
2500, 2500, 2500, 2500, 2500, 2500, 2500, 2500, 2500, 2500, 2500, 
8660.403, 8386.171, 8208.093, 7856.087, 8237.13399999999, 8323.322, 
8198.82799999999, 7957.16499999999, 8508.978, 8440.88099999999, 
8219.70600000001, 8.05682, 9.09221, 4.95321, 6.40506, 4.10845, 
2.14793, 14.68335, 0.6085, 2.94032, 0.85409, 4.71569, -2.15294, 
-2.01773, -2.79817, -2.65776, -3.37627, -3.55822, -3.26572, -2.3111, 
-2.80477, -2.12613, -2.59337, 0, 0, 0, 0, 0, 0, 0, 0, 0, 0, 0, 
0, 0, 0, 0, 0, 0, 0, 0, 0, 0, 0, 0.93051, 0.92864, 0.94015, 0.91474, 
0.9278, 0.93274, 0.92995, 0.94632, 0.95458, 0.94167, 0.95392, 
0.90939, 0.89121, 0.93258, 0.89103, 0.91297, 0.91274, 0.92953, 
0.92243, 0.93791, 0.94222, 0.94365, 0.0216, 0.0233, 0.0233, 0.025, 
0.0218, 0.0248, 0.0245, 0.0279, 0.0288, 0.0313, 0.0303, 65.9, 
72.3, 61.6, 67.7, 56.8, 62, 59.8, 96.9, 78.7, 109, 89.4, 19, 
2361, 121, 59, 48, 366, 20, 659, 1249, 124, 17, 81, 1, 43, 13, 
3, 3, 35, 3, 2, 2, 18, 100, 100, 100, 100, 100, 100, 100, 100, 
100, 100, 100, 2500, 2500, 2500, 2500, 2500, 2500, 2500, 2500, 
2500, 2500, 2500, 7953.354, 8298.221, 8076.50700000001, 8053.482, 
8006.139, 8382.458, 8029.951, 8116.72900000001, 8649.51800000001, 
8442.14000000001, 8788.84100000001, 1, 1, 1, 1, 1, 1, 1, 1, 1, 
1, 1, 0.04545, 0.04545, 0.04545, 0.04545, 0.04545, 0.04545, 0.04545, 
0.04545, 0.04545, 0.04545, 0.04545, 0, 0, 0, 0, 0, 0, 0, 0, 0, 
0, 0, 0, 0, 0, 0, 0, 0, 0, 0, 0, 0, 0, 0.82586, 0.84227, 0.86515, 
0.85833, 0.87766, 0.87798, 0.87203, 0.86875, 0.87114, 0.86924, 
0.88173, 0.85717, 0.86061, 0.86515, 0.86603, 0.87099, 0.87798, 
0.87828, 0.87463, 0.86529, 0.88503, 0.87146, 0.0219, 0.0216, 
0.0206, 0.0225, 0.0237, 0.0235, 0.0255, 0.0251, 0.0266, 0.0273, 
0.0287, 43.7, 46.2, 51.9, 54.9, 56.4, 60.4, 62.1, 66.4, 70.5, 
72.8, 77, 1, 1, 1, 1, 1, 1, 1, 1, 1, 1, 1, 1, 1, 1, 1, 1, 1, 
1, 1, 1, 1, 1, 1, 1, 1, 1, 1, 1, 1, 1, 1, 1, 1, 1, 1, 1, 1, 1, 
1, 1, 1, 1, 1, 1, 3.413, 3.39, 3.009, 3.39, 3.367, 3.419, 3.33, 
3.364, 3.321, 3.216, 3.607), .Dim = c(11L, 40L), .Dimnames = list(
    NULL, c("Sampling", "PSO.cost", "PSO.gamma", "PSO.data.balancing", 
    "PSO.feature.selection", "PSO.valid.acc", "PSO.test.acc", 
    "PSO.train.time", "PSO.n.support.vectors", "PSO.index", "PSO.n.solutions", 
    "PSO.generations", "PSO.n.evaluations", "PSO.cpu.time", "RS.cost", 
    "RS.gamma", "RS.data.balancing", "RS.feature.selection", 
    "RS.valid.acc", "RS.test.acc", "RS.train.time", "RS.n.support.vectors", 
    "RS.index", "RS.n.solutions", "RS.generations", "RS.n.evaluations", 
    "RS.cpu.time", "DF.cost", "DF.gamma", "DF.data.balancing", 
    "DF.feature.selection", "DF.valid.acc", "DF.test.acc", "DF.train.time", 
    "DF.n.support.vectors", "DF.index", "DF.n.solutions", "DF.generations", 
    "DF.n.evaluations", "DF.cpu.time")))
