full <-
structure(c(50, 55, 60, 65, 70, 75, 80, 85, 90, 95, 100, 15, 
2.84584, 5.91618, 7.59104, 6.95402, 1.05971, 11.38791, 2.40933, 
3.91181, 7.27003, 3.74785, -3.13087, -5.00613, -4.06876, -7.65172, 
-6.61632, -2.46727, -2.78678, -2.82989, -3.80274, -2.26076, -3.67585, 
0, 0, 0, 0, 0, 0, 0, 0, 0, 0, 0, 0, 0, 0, 0, 0, 0, 0, 0, 0, 0, 
0, 0.88556, 0.92621, 0.92552, 0.92949, 0.94176, 0.9381, 0.935, 
0.93346, 0.95519, 0.94646, 0.94833, 0.82556, 0.90712, 0.90962, 
0.88965, 0.88956, 0.9381, 0.90958, 0.91471, 0.93199, 0.93591, 
0.92307, 0.0214, 0.0198, 0.0218, 0.0215, 0.0231, 0.0261, 0.0261, 
0.0284, 0.0254, 0.03, 0.0263, 51.9, 42.2, 43, 37.2, 37.7, 84.2, 
75.2, 78.2, 60.8, 100.5, 64.6, 33, 310, 473, 1873, 624, 844, 
77, 2355, 112, 24, 425, 1296, 511, 65, 13, 328, 24, 1140, 1, 
125, 1382, 251, 100, 100, 100, 100, 100, 100, 100, 100, 100, 
100, 100, 2500, 2500, 2500, 2500, 2500, 2500, 2500, 2500, 2500, 
2500, 2500, 7513.883, 7411.546, 7864.491, 8138.084, 8078.719, 
8428.83, 8744.132, 8544.496, 8576.23100000001, 8138.995, 8671.65599999999, 
12.96704, 2.42194, 8.93176, 7.74804, 6.85818, 1.47047, 12.54473, 
10.72792, 4.15448, 1.73618, 2.9919, -3.33609, -4.65337, -4.18621, 
-7.68072, -6.69628, -3.2504, -2.80895, -2.30072, -3.84588, -2.27968, 
-3.5006, 0, 0, 0, 0, 0, 0, 0, 0, 0, 0, 0, 0, 0, 0, 0, 0, 0, 0, 
0, 0, 0, 0, 0.88556, 0.92621, 0.91719, 0.92949, 0.93462, 0.93143, 
0.935, 0.93309, 0.95519, 0.94646, 0.94833, 0.83556, 0.92621, 
0.90052, 0.88965, 0.89725, 0.93143, 0.90958, 0.90952, 0.92673, 
0.93591, 0.93307, 0.0209, 0.02, 0.021, 0.0221, 0.0228, 0.0257, 
0.025, 0.0297, 0.0262, 0.0304, 0.0272, 48.8, 44.4, 40.8, 37, 
38.3, 70, 74.5, 92.5, 59.4, 101.6, 69.7, 8, 971, 158, 687, 536, 
179, 2238, 111, 1361, 209, 326, 116, 1, 7, 1, 2, 7, 2, 23, 1, 
29, 3, 100, 100, 100, 100, 100, 100, 100, 100, 100, 100, 100, 
2500, 2500, 2500, 2500, 2500, 2500, 2500, 2500, 2500, 2500, 2500, 
7459.786, 7395.164, 7952.496, 8140.364, 8277.974, 8484.936, 8708.15300000001, 
8614.447, 8418.99599999998, 8552.97, 8609.31100000002, 1, 1, 
1, 1, 1, 1, 1, 1, 1, 1, 1, 0.04545, 0.04545, 0.04545, 0.04545, 
0.04545, 0.04545, 0.04545, 0.04545, 0.04545, 0.04545, 0.04545, 
0, 0, 0, 0, 0, 0, 0, 0, 0, 0, 0, 0, 0, 0, 0, 0, 0, 0, 0, 0, 0, 
0, 0.83778, 0.83985, 0.8634, 0.85989, 0.88392, 0.88524, 0.87787, 
0.85159, 0.88682, 0.87243, 0.87532, 0.78778, 0.85803, 0.8634, 
0.88132, 0.88392, 0.88476, 0.87162, 0.85817, 0.87539, 0.87272, 
0.87032, 0.0184, 0.0206, 0.02, 0.0217, 0.0219, 0.023, 0.0239, 
0.0244, 0.025, 0.0284, 0.0281, 48.4, 52.3, 54.7, 56.7, 57.3, 
60, 65.7, 67.6, 70, 75.2, 77.5, 1, 1, 1, 1, 1, 1, 1, 1, 1, 1, 
1, 1, 1, 1, 1, 1, 1, 1, 1, 1, 1, 1, 1, 1, 1, 1, 1, 1, 1, 1, 1, 
1, 1, 1, 1, 1, 1, 1, 1, 1, 1, 1, 1, 1, 2.903, 2.966, 2.827, 3.121, 
3.151, 3.199, 3.22, 3.308, 3.391, 3.683, 3.624), .Dim = c(11L, 
40L), .Dimnames = list(NULL, c("Sampling", "PSO.cost", "PSO.gamma", 
"PSO.data.balancing", "PSO.feature.selection", "PSO.valid.acc", 
"PSO.test.acc", "PSO.train.time", "PSO.n.support.vectors", "PSO.index", 
"PSO.n.solutions", "PSO.generations", "PSO.n.evaluations", "PSO.cpu.time", 
"RS.cost", "RS.gamma", "RS.data.balancing", "RS.feature.selection", 
"RS.valid.acc", "RS.test.acc", "RS.train.time", "RS.n.support.vectors", 
"RS.index", "RS.n.solutions", "RS.generations", "RS.n.evaluations", 
"RS.cpu.time", "DF.cost", "DF.gamma", "DF.data.balancing", "DF.feature.selection", 
"DF.valid.acc", "DF.test.acc", "DF.train.time", "DF.n.support.vectors", 
"DF.index", "DF.n.solutions", "DF.generations", "DF.n.evaluations", 
"DF.cpu.time")))
