full <-
structure(c(50, 55, 60, 65, 70, 75, 80, 85, 90, 95, 100, 2.96279, 
2.08323, 5.0956, 4.35352, 1.74797, 8.29265, 11.63073, 12.61223, 
6.91307, 3.0642, 2.54173, -4.83909, -4.21719, -2.88563, -3.91655, 
-3.46591, -3.10987, -2.38132, -3.67235, -2.85873, -3.17422, -3.15439, 
0, 0, 0, 0, 0, 0, 0, 0, 0, 0, 0, 0, 0, 0, 0, 0, 0, 0, 0, 0, 0, 
0, 0.93, 0.92727, 0.93397, 0.9609, 0.9263, 0.94655, 0.96792, 
0.94044, 0.95552, 0.96228, 0.95865, 0.89, 0.91818, 0.93246, 0.93709, 
0.91908, 0.91946, 0.95583, 0.94044, 0.93359, 0.95202, 0.94336, 
0.0207, 0.0203, 0.0214, 0.0209, 0.0227, 0.0242, 0.0266, 0.0243, 
0.0281, 0.029, 0.0286, 40.9, 47.4, 59.9, 49, 61.6, 63.1, 87.2, 
54.6, 77.6, 76.8, 80.4, 1280, 61, 37, 259, 868, 67, 92, 18, 47, 
315, 732, 97, 190, 1451, 180, 25, 1460, 334, 1453, 1182, 96, 
193, 100, 100, 100, 100, 100, 100, 100, 100, 100, 100, 100, 2500, 
2500, 2500, 2500, 2500, 2500, 2500, 2500, 2500, 2500, 2500, 7333.634, 
7239.861, 7430.712, 7544.854, 7376.16099999999, 7491.15399999999, 
7562.53099999999, 7557.50199999999, 7781.80499999999, 7728.14000000001, 
7911.75899999999, 3.86725, 1.18245, 11.69837, 3.72298, 7.75203, 
13.30099, 12.5344, 11.9574, 14.04507, 2.8443, 1.13884, -5.02352, 
-3.34933, -2.94831, -3.59347, -8.09336, -3.30036, -2.3119, -3.30517, 
-2.89687, -3.06673, -3.07445, 0, 0, 0, 0, 0, 0, 0, 0, 0, 0, 0, 
0, 0, 0, 0, 0, 0, 0, 0, 0, 0, 0, 0.92, 0.92727, 0.93397, 0.9609, 
0.92066, 0.94655, 0.96792, 0.94044, 0.95552, 0.96228, 0.94892, 
0.91, 0.90909, 0.93246, 0.93709, 0.87813, 0.92613, 0.95583, 0.94044, 
0.93359, 0.95202, 0.9381, 0.0193, 0.0204, 0.0212, 0.0224, 0.021, 
0.0236, 0.026, 0.0241, 0.028, 0.028, 0.0288, 39.6, 54.8, 58.1, 
52.1, 37.4, 59, 88.9, 61.6, 77, 79.5, 88.8, 51, 68, 8, 275, 832, 
27, 53, 5, 12, 2278, 1979, 4, 4, 58, 1, 2, 42, 22, 82, 29, 1, 
2, 100, 100, 100, 100, 100, 100, 100, 100, 100, 100, 100, 2500, 
2500, 2500, 2500, 2500, 2500, 2500, 2500, 2500, 2500, 2500, 7251.082, 
7325.693, 7510.128, 7534.42, 7338.82799999999, 7497.758, 7464.545, 
7630.47, 7686.186, 7935.179, 8182.49100000001, 1, 1, 1, 1, 1, 
1, 1, 1, 1, 1, 1, 0.04545, 0.04545, 0.04545, 0.04545, 0.04545, 
0.04545, 0.04545, 0.04545, 0.04545, 0.04545, 0.04545, 0, 0, 0, 
0, 0, 0, 0, 0, 0, 0, 0, 0, 0, 0, 0, 0, 0, 0, 0, 0, 0, 0, 0.84889, 
0.85273, 0.85519, 0.875, 0.88282, 0.88696, 0.88, 0.88162, 0.88777, 
0.88322, 0.88231, 0.84889, 0.84364, 0.86288, 0.88269, 0.88282, 
0.87982, 0.87375, 0.8875, 0.88192, 0.87737, 0.88257, 0.0195, 
0.0204, 0.022, 0.0222, 0.0218, 0.0236, 0.0241, 0.0245, 0.026, 
0.0281, 0.0272, 49, 50.7, 54, 55.2, 58.7, 62.1, 65.1, 66.7, 70.4, 
74.4, 77.8, 1, 1, 1, 1, 1, 1, 1, 1, 1, 1, 1, 1, 1, 1, 1, 1, 1, 
1, 1, 1, 1, 1, 1, 1, 1, 1, 1, 1, 1, 1, 1, 1, 1, 1, 1, 1, 1, 1, 
1, 1, 1, 1, 1, 1, 2.853, 3.022, 3.049, 3.074, 2.998, 3.122, 3.035, 
3.093, 3.059, 3.185, 3.144), .Dim = c(11L, 40L), .Dimnames = list(
    NULL, c("Sampling", "PSO.cost", "PSO.gamma", "PSO.data.balancing", 
    "PSO.feature.selection", "PSO.valid.acc", "PSO.test.acc", 
    "PSO.train.time", "PSO.n.support.vectors", "PSO.index", "PSO.n.solutions", 
    "PSO.generations", "PSO.n.evaluations", "PSO.cpu.time", "RS.cost", 
    "RS.gamma", "RS.data.balancing", "RS.feature.selection", 
    "RS.valid.acc", "RS.test.acc", "RS.train.time", "RS.n.support.vectors", 
    "RS.index", "RS.n.solutions", "RS.generations", "RS.n.evaluations", 
    "RS.cpu.time", "DF.cost", "DF.gamma", "DF.data.balancing", 
    "DF.feature.selection", "DF.valid.acc", "DF.test.acc", "DF.train.time", 
    "DF.n.support.vectors", "DF.index", "DF.n.solutions", "DF.generations", 
    "DF.n.evaluations", "DF.cpu.time")))
