full <-
structure(c(50, 55, 60, 65, 70, 75, 80, 85, 90, 95, 100, 8.50202, 
1.39645, 7.96231, 2.67891, 0.7976, 7.35246, 5.30217, 5.32623, 
7.03641, 3.33967, 13.18178, -7.66844, -2.90413, -2.7538, -3.19474, 
-2.52795, -2.96024, -4.22986, -4.41039, -2.33289, -3.17517, -2.37252, 
0, 0, 0, 0, 0, 0, 0, 0, 0, 0, 0, 0, 0, 0, 0, 0, 0, 0, 0, 0, 0, 
0, 0.91869, 0.92788, 0.95758, 0.95311, 0.93542, 0.94607, 0.94875, 
0.95846, 0.95487, 0.93737, 0.94316, 0.87737, 0.89788, 0.94924, 
0.9293, 0.91297, 0.93946, 0.93583, 0.94632, 0.94899, 0.93152, 
0.94868, 0.0197, 0.022, 0.0232, 0.0235, 0.0255, 0.0257, 0.0221, 
0.0233, 0.0286, 0.0265, 0.0306, 23.7, 62.3, 68.2, 64.4, 83.9, 
71.8, 44.3, 47.2, 95.5, 73.9, 98.5, 428, 1592, 349, 30, 1673, 
38, 305, 47, 38, 579, 8, 36, 143, 212, 998, 131, 1271, 254, 379, 
792, 307, 1444, 100, 100, 100, 100, 100, 100, 100, 100, 100, 
100, 100, 2500, 2500, 2500, 2500, 2500, 2500, 2500, 2500, 2500, 
2500, 2500, 7377.954, 7381.206, 7418.256, 7490.773, 7798.09699999999, 
7948.11, 7868.71799999999, 7799.409, 7938.01999999999, 7926.19, 
8086.497, 8.21052, 1.83794, 4.08989, 5.87153, 0.56615, 14.21012, 
4.63961, 4.75439, 11.28272, 3.25175, 7.52117, -7.29459, -3.03872, 
-2.7571, -3.29185, -2.08027, -3.00784, -4.10743, -4.17898, -2.31196, 
-3.17197, -2.36111, 0, 0, 0, 0, 0, 0, 0, 0, 0, 0, 0, 0, 0, 0, 
0, 0, 0, 0, 0, 0, 0, 0, 0.9196, 0.91879, 0.95758, 0.95311, 0.92875, 
0.94607, 0.94875, 0.95846, 0.95487, 0.93737, 0.94316, 0.88737, 
0.89788, 0.94924, 0.9293, 0.91344, 0.93946, 0.955, 0.94632, 0.94899, 
0.93152, 0.94868, 0.0201, 0.0212, 0.0221, 0.0228, 0.0249, 0.0256, 
0.0239, 0.0242, 0.0284, 0.0268, 0.0311, 24.1, 58.8, 68, 62.4, 
93.1, 71, 47.4, 51.3, 96.5, 74.1, 99.3, 1280, 889, 2138, 404, 
2237, 34, 4, 714, 75, 1093, 55, 4, 2, 1, 33, 1, 38, 1, 3, 11, 
1, 26, 100, 100, 100, 100, 100, 100, 100, 100, 100, 100, 100, 
2500, 2500, 2500, 2500, 2500, 2500, 2500, 2500, 2500, 2500, 2500, 
7351.595, 7353.27, 7404.217, 7595.08199999999, 7887.001, 7934.78, 
7863.258, 7847.198, 7938.19, 7911.36499999999, 7918.72500000001, 
1, 1, 1, 1, 1, 1, 1, 1, 1, 1, 1, 0.04545, 0.04545, 0.04545, 0.04545, 
0.04545, 0.04545, 0.04545, 0.04545, 0.04545, 0.04545, 0.04545, 
0, 0, 0, 0, 0, 0, 0, 0, 0, 0, 0, 0, 0, 0, 0, 0, 0, 0, 0, 0, 0, 
0, 0.85828, 0.84394, 0.86591, 0.86062, 0.86125, 0.87893, 0.87875, 
0.87529, 0.88323, 0.87772, 0.87684, 0.86848, 0.85379, 0.85682, 
0.86062, 0.87663, 0.87179, 0.87875, 0.87529, 0.88323, 0.86661, 
0.87711, 0.0197, 0.0205, 0.0208, 0.0216, 0.022, 0.0232, 0.0233, 
0.0246, 0.0262, 0.0267, 0.0274, 47.7, 51.5, 54, 59.2, 61, 63, 
65.2, 69.6, 72.6, 76.4, 77.9, 1, 1, 1, 1, 1, 1, 1, 1, 1, 1, 1, 
1, 1, 1, 1, 1, 1, 1, 1, 1, 1, 1, 1, 1, 1, 1, 1, 1, 1, 1, 1, 1, 
1, 1, 1, 1, 1, 1, 1, 1, 1, 1, 1, 1, 2.837, 2.867, 2.904, 2.984, 
3.084, 3.109, 3.14, 3.056, 3.139, 3.134, 3.202), .Dim = c(11L, 
40L), .Dimnames = list(NULL, c("Sampling", "PSO.cost", "PSO.gamma", 
"PSO.data.balancing", "PSO.feature.selection", "PSO.valid.acc", 
"PSO.test.acc", "PSO.train.time", "PSO.n.support.vectors", "PSO.index", 
"PSO.n.solutions", "PSO.generations", "PSO.n.evaluations", "PSO.cpu.time", 
"RS.cost", "RS.gamma", "RS.data.balancing", "RS.feature.selection", 
"RS.valid.acc", "RS.test.acc", "RS.train.time", "RS.n.support.vectors", 
"RS.index", "RS.n.solutions", "RS.generations", "RS.n.evaluations", 
"RS.cpu.time", "DF.cost", "DF.gamma", "DF.data.balancing", "DF.feature.selection", 
"DF.valid.acc", "DF.test.acc", "DF.train.time", "DF.n.support.vectors", 
"DF.index", "DF.n.solutions", "DF.generations", "DF.n.evaluations", 
"DF.cpu.time")))
