full <-
structure(c(50, 55, 60, 65, 70, 75, 80, 85, 90, 95, 100, 3.77483, 
10.1694, 3.32671, 1.82623, 10.83433, 0.64079, 14.72713, 0.60891, 
12.3562, 10.59389, 9.27304, -3.42553, -2.01905, -3.22107, -3.8395, 
-2.94219, -2.15038, -2.09476, -2.93676, -2.60761, -2.7156, -2.77795, 
0, 0, 0, 0, 0, 0, 0, 0, 0, 0, 0, 0, 0, 0, 0, 0, 0, 0, 0, 0, 0, 
0, 0.93, 0.92621, 0.95897, 0.95321, 0.94223, 0.96, 0.95625, 0.95874, 
0.94376, 0.94111, 0.94947, 0.91, 0.92621, 0.94155, 0.94551, 0.92788, 
0.92667, 0.95583, 0.94073, 0.95519, 0.93085, 0.92368, 0.0197, 
0.0226, 0.0223, 0.0224, 0.0228, 0.0255, 0.0271, 0.0271, 0.028, 
0.0297, 0.0285, 41.5, 68.7, 51.2, 51, 60.2, 89.3, 92.6, 83.3, 
84, 82.9, 83.5, 30, 78, 1726, 286, 524, 536, 18, 1131, 11, 90, 
320, 1223, 1283, 22, 213, 65, 165, 1239, 132, 1331, 989, 950, 
100, 100, 100, 100, 100, 100, 100, 100, 100, 100, 100, 2500, 
2500, 2500, 2500, 2500, 2500, 2500, 2500, 2500, 2500, 2500, 7287.457, 
7382.305, 7377.768, 7351.569, 7271.432, 7286.681, 7434.79300000001, 
7531.48400000001, 7602.27800000001, 7684.742, 7489.389, 3.87833, 
12.20877, 6.71375, 1.32149, 2.32727, 0.80043, 3.52346, 1.70303, 
10.05474, 13.90445, 9.29371, -4.29841, -2.00807, -3.22236, -3.30908, 
-3.04184, -2.2551, -1.88216, -2.08377, -2.35778, -2.77311, -2.7762, 
0, 0, 0, 0, 0, 0, 0, 0, 0, 0, 0, 0, 0, 0, 0, 0, 0, 0, 0, 0, 0, 
0, 0.93, 0.92621, 0.95128, 0.95321, 0.94271, 0.96, 0.95625, 0.95837, 
0.94376, 0.94111, 0.94947, 0.89, 0.92621, 0.93386, 0.94551, 0.93557, 
0.92667, 0.95583, 0.94073, 0.94964, 0.93085, 0.92368, 0.0201, 
0.0224, 0.0216, 0.0224, 0.0236, 0.0253, 0.0287, 0.0276, 0.0296, 
0.028, 0.0293, 35, 69, 49.2, 57.3, 62.3, 86.6, 98.5, 99.4, 94.1, 
81.5, 83.6, 27, 27, 1300, 339, 2329, 565, 2, 2315, 86, 25, 756, 
80, 24, 3, 3, 1, 1, 28, 1, 89, 6, 6, 100, 100, 100, 100, 100, 
100, 100, 100, 100, 100, 100, 2500, 2500, 2500, 2500, 2500, 2500, 
2500, 2500, 2500, 2500, 2500, 7334.224, 7342.423, 7366.293, 7242.703, 
7249.51599999999, 7270.84, 7512.443, 7528.666, 7589.66099999999, 
7460.37399999998, 7498.478, 1, 1, 1, 1, 1, 1, 1, 1, 1, 1, 1, 
0.04545, 0.04545, 0.04545, 0.04545, 0.04545, 0.04545, 0.04545, 
0.04545, 0.04545, 0.04545, 0.04545, 0, 0, 0, 0, 0, 0, 0, 0, 0, 
0, 0, 0, 0, 0, 0, 0, 0, 0, 0, 0, 0, 0, 0.86889, 0.87227, 0.8912, 
0.88974, 0.86868, 0.87238, 0.87333, 0.86303, 0.87673, 0.86681, 
0.86205, 0.86889, 0.88803, 0.8912, 0.88974, 0.88297, 0.87905, 
0.88, 0.86303, 0.8764, 0.86737, 0.87234, 0.0196, 0.0204, 0.0211, 
0.0209, 0.0234, 0.0229, 0.0247, 0.0256, 0.0261, 0.026, 0.0265, 
42.5, 43.9, 49.2, 51.1, 56.4, 59.3, 64.2, 69.4, 72.8, 75.4, 77.5, 
1, 1, 1, 1, 1, 1, 1, 1, 1, 1, 1, 1, 1, 1, 1, 1, 1, 1, 1, 1, 1, 
1, 1, 1, 1, 1, 1, 1, 1, 1, 1, 1, 1, 1, 1, 1, 1, 1, 1, 1, 1, 1, 
1, 1, 2.888, 2.942, 2.942, 2.845, 2.975, 2.956, 3.015, 3.035, 
2.987, 3.006, 2.905), .Dim = c(11L, 40L), .Dimnames = list(NULL, 
    c("Sampling", "PSO.cost", "PSO.gamma", "PSO.data.balancing", 
    "PSO.feature.selection", "PSO.valid.acc", "PSO.test.acc", 
    "PSO.train.time", "PSO.n.support.vectors", "PSO.index", "PSO.n.solutions", 
    "PSO.generations", "PSO.n.evaluations", "PSO.cpu.time", "RS.cost", 
    "RS.gamma", "RS.data.balancing", "RS.feature.selection", 
    "RS.valid.acc", "RS.test.acc", "RS.train.time", "RS.n.support.vectors", 
    "RS.index", "RS.n.solutions", "RS.generations", "RS.n.evaluations", 
    "RS.cpu.time", "DF.cost", "DF.gamma", "DF.data.balancing", 
    "DF.feature.selection", "DF.valid.acc", "DF.test.acc", "DF.train.time", 
    "DF.n.support.vectors", "DF.index", "DF.n.solutions", "DF.generations", 
    "DF.n.evaluations", "DF.cpu.time")))
