full <-
structure(c(50, 55, 60, 65, 70, 75, 80, 85, 90, 95, 100, 3.50333, 
2.42168, 13.74779, 1.73638, 10.47916, 14.07613, 1.01725, 9.87741, 
15, 13.5181, 2.38737, -2.91072, -3.87216, -9.41117, -4.88492, 
-7.32295, -2.06859, -2.02622, -2.6863, -8.53508, -2.60811, -2.98488, 
0, 0, 0, 0, 0, 0, 0, 0, 0, 0, 0, 0, 0, 0, 0, 0, 0, 0, 0, 0, 0, 
0, 0.93, 0.91818, 0.93246, 0.92299, 0.9274, 0.9319, 0.93157, 
0.94179, 0.94379, 0.92038, 0.95365, 0.93, 0.88, 0.90798, 0.90696, 
0.91147, 0.91857, 0.88578, 0.9241, 0.89869, 0.91518, 0.93284, 
0.02, 0.0194, 0.0289, 0.0219, 0.0241, 0.0266, 0.0262, 0.0271, 
0.0382, 0.0304, 0.029, 48.1, 42.8, 31.6, 46.6, 34.4, 87.4, 93.1, 
77.9, 38.2, 87.4, 81.3, 1409, 210, 136, 304, 1130, 81, 1029, 
9, 122, 183, 697, 32, 304, 266, 252, 87, 493, 66, 1368, 811, 
715, 392, 100, 100, 100, 100, 100, 100, 100, 100, 100, 100, 100, 
2500, 2500, 2500, 2500, 2500, 2500, 2500, 2500, 2500, 2500, 2500, 
7122.53, 7163.103, 7412.222, 7320.573, 7270.15399999999, 7442.89, 
7674.052, 7811.902, 8355.277, 8255.427, 8305.916, 6.6161, 2.42204, 
3.68743, 3.16336, 7.06418, 12.25277, 0.82142, 4.02618, 14.21081, 
1.66664, 2.49697, -3.03792, -3.93591, -3.26335, -5.80801, -5.45917, 
-2.09261, -2.10943, -2.6741, -8.46196, -2.19191, -3.01206, 0, 
0, 0, 0, 0, 0, 0, 0, 0, 0, 0, 0, 0, 0, 0, 0, 0, 0, 0, 0, 0, 0, 
0.92, 0.91818, 0.9331, 0.92299, 0.9274, 0.9319, 0.92532, 0.94179, 
0.93824, 0.92067, 0.94839, 0.89, 0.88, 0.91428, 0.90696, 0.89766, 
0.91857, 0.89912, 0.9241, 0.90392, 0.92044, 0.92757, 0.0209, 
0.0194, 0.0212, 0.0209, 0.0213, 0.0258, 0.0258, 0.0273, 0.0381, 
0.0304, 0.0297, 44.4, 42.3, 49.5, 40.1, 36.7, 86.4, 91.6, 78, 
38.7, 106.8, 80.5, 68, 987, 688, 1291, 1137, 615, 1665, 102, 
94, 165, 2396, 32, 1, 1, 4, 1, 3, 2, 71, 13, 2, 1, 100, 100, 
100, 100, 100, 100, 100, 100, 100, 100, 100, 2500, 2500, 2500, 
2500, 2500, 2500, 2500, 2500, 2500, 2500, 2500, 7499.285, 7246.908, 
7306.86799999999, 7276.702, 7320.52100000001, 7552.88799999999, 
7758.325, 7989.212, 8140.988, 8282.226, 8285.39200000002, 1, 
1, 1, 1, 1, 1, 1, 1, 1, 1, 1, 0.04545, 0.04545, 0.04545, 0.04545, 
0.04545, 0.04545, 0.04545, 0.04545, 0.04545, 0.04545, 0.04545, 
0, 0, 0, 0, 0, 0, 0, 0, 0, 0, 0, 0, 0, 0, 0, 0, 0, 0, 0, 0, 0, 
0, 0.86556, 0.88, 0.88159, 0.88379, 0.88432, 0.87905, 0.87444, 
0.88141, 0.88301, 0.8736, 0.87205, 0.86556, 0.88, 0.88083, 0.89982, 
0.88432, 0.88571, 0.8811, 0.88141, 0.88856, 0.88386, 0.87205, 
0.0192, 0.0204, 0.0202, 0.022, 0.0226, 0.0232, 0.0241, 0.0257, 
0.0261, 0.0286, 0.0278, 46.3, 44.9, 49.7, 50.1, 53.1, 59.4, 61.7, 
64.7, 71.4, 76.4, 78.1, 1, 1, 1, 1, 1, 1, 1, 1, 1, 1, 1, 1, 1, 
1, 1, 1, 1, 1, 1, 1, 1, 1, 1, 1, 1, 1, 1, 1, 1, 1, 1, 1, 1, 1, 
1, 1, 1, 1, 1, 1, 1, 1, 1, 1, 2.884, 2.902, 2.871, 2.897, 2.909, 
2.984, 3.064, 3.153, 3.188, 3.398, 3.347), .Dim = c(11L, 40L), .Dimnames = list(
    NULL, c("Sampling", "PSO.cost", "PSO.gamma", "PSO.data.balancing", 
    "PSO.feature.selection", "PSO.valid.acc", "PSO.test.acc", 
    "PSO.train.time", "PSO.n.support.vectors", "PSO.index", "PSO.n.solutions", 
    "PSO.generations", "PSO.n.evaluations", "PSO.cpu.time", "RS.cost", 
    "RS.gamma", "RS.data.balancing", "RS.feature.selection", 
    "RS.valid.acc", "RS.test.acc", "RS.train.time", "RS.n.support.vectors", 
    "RS.index", "RS.n.solutions", "RS.generations", "RS.n.evaluations", 
    "RS.cpu.time", "DF.cost", "DF.gamma", "DF.data.balancing", 
    "DF.feature.selection", "DF.valid.acc", "DF.test.acc", "DF.train.time", 
    "DF.n.support.vectors", "DF.index", "DF.n.solutions", "DF.generations", 
    "DF.n.evaluations", "DF.cpu.time")))
