full <-
structure(c(50, 55, 60, 65, 70, 75, 80, 85, 90, 95, 100, 5.16367, 
13.51873, 6.0309, 9.95801, 3.22816, 7.59681, 3.35128, 2.5866, 
6.65513, 6.01314, 1.67587, -1.46394, -2.6397, -1.81934, -1.56797, 
-2.18967, -2.12386, -2.38632, -2.63234, -3.0516, -3.79446, -3.05656, 
0, 0, 0, 0, 0, 0, 0, 0, 0, 0, 0, 0, 0, 0, 0, 0, 0, 0, 0, 0, 0, 
0, 0.91848, 0.94455, 0.95, 0.93782, 0.97802, 0.94571, 0.94324, 
0.94596, 0.95643, 0.95789, 0.94865, 0.90758, 0.94455, 0.93333, 
0.92949, 0.94835, 0.94571, 0.93069, 0.94632, 0.95055, 0.95263, 
0.92839, 0.0284, 0.0274, 0.0295, 0.0334, 0.0322, 0.0351, 0.0342, 
0.0369, 0.0348, 0.0413, 0.0422, 73, 57.4, 78.5, 90.3, 81.9, 89.6, 
87.1, 84.9, 75.1, 59.4, 83.8, 41, 99, 133, 29, 172, 21, 25, 456, 
204, 35, 356, 742, 1184, 952, 1158, 780, 781, 1546, 402, 1018, 
1303, 532, 100, 100, 100, 100, 100, 100, 100, 100, 100, 100, 
100, 2500, 2500, 2500, 2500, 2500, 2500, 2500, 2500, 2500, 2500, 
2500, 16557.671, 17531.895, 16416.758, 15897.693, 15881.649, 
16274.122, 17450.816, 17155.207, 19135.582, 20000.977, 16160.162, 
7.78679, 11.47421, 8.12357, 9.66646, 5.30504, 10.50755, 9.28495, 
3.68499, 12.27136, 6.05013, 1.99038, -1.63642, -2.70682, -1.80233, 
-1.46224, -2.18531, -2.31667, -2.83302, -3.34733, -3.0428, -3.62515, 
-3.23508, 0, 0, 0, 0, 0, 0, 0, 0, 0, 0, 0, 0, 0, 0, 0, 0, 0, 
0, 0, 0, 0, 0, 0.91848, 0.94455, 0.95, 0.93782, 0.97802, 0.94571, 
0.94324, 0.94596, 0.95643, 0.95789, 0.94865, 0.89848, 0.94455, 
0.93333, 0.92949, 0.94835, 0.94524, 0.93069, 0.93382, 0.95055, 
0.95789, 0.92284, 0.0318, 0.0256, 0.031, 0.0323, 0.0286, 0.0349, 
0.0365, 0.0341, 0.0354, 0.0346, 0.04, 71.5, 56.1, 79, 92.5, 82.4, 
84.3, 72.8, 65.6, 75.3, 63.2, 78.9, 97, 40, 138, 48, 844, 428, 
103, 1181, 5, 275, 1573, 52, 29, 18, 29, 3, 8, 88, 1, 6, 18, 
2, 100, 100, 100, 100, 100, 100, 100, 100, 100, 100, 100, 2500, 
2500, 2500, 2500, 2500, 2500, 2500, 2500, 2500, 2500, 2500, 17325.629, 
16990.502, 15865.036, 15785.683, 16075.827, 16659.191, 17411.713, 
16464.786, 20289.584, 16152.414, 16335.694, 1, 1, 1, 1, 1, 1, 
1, 1, 1, 1, 1, 0.04545, 0.04545, 0.04545, 0.04545, 0.04545, 0.04545, 
0.04545, 0.04545, 0.04545, 0.04545, 0.04545, 0, 0, 0, 0, 0, 0, 
0, 0, 0, 0, 0, 0, 0, 0, 0, 0, 0, 0, 0, 0, 0, 0, 0.87515, 0.86909, 
0.88258, 0.8826, 0.89725, 0.88524, 0.88578, 0.88676, 0.8828, 
0.87219, 0.87623, 0.87606, 0.87, 0.85758, 0.8826, 0.8978, 0.87857, 
0.89203, 0.88676, 0.8828, 0.87249, 0.88149, 0.0241, 0.0242, 0.0233, 
0.0285, 0.0238, 0.0309, 0.0287, 0.032, 0.0336, 0.0298, 0.0371, 
39.1, 44.9, 49, 51.6, 53.3, 58.2, 62.2, 66.2, 71.2, 77.4, 77.4, 
1, 1, 1, 1, 1, 1, 1, 1, 1, 1, 1, 1, 1, 1, 1, 1, 1, 1, 1, 1, 1, 
1, 1, 1, 1, 1, 1, 1, 1, 1, 1, 1, 1, 1, 1, 1, 1, 1, 1, 1, 1, 1, 
1, 1, 6.919, 6.649, 6.479, 6.493, 6.363, 6.944, 6.865, 6.507, 
8.088, 6.494, 6.607), .Dim = c(11L, 40L), .Dimnames = list(NULL, 
    c("Sampling", "PSO.cost", "PSO.gamma", "PSO.data.balancing", 
    "PSO.feature.selection", "PSO.valid.acc", "PSO.test.acc", 
    "PSO.train.time", "PSO.n.support.vectors", "PSO.index", "PSO.n.solutions", 
    "PSO.generations", "PSO.n.evaluations", "PSO.cpu.time", "RS.cost", 
    "RS.gamma", "RS.data.balancing", "RS.feature.selection", 
    "RS.valid.acc", "RS.test.acc", "RS.train.time", "RS.n.support.vectors", 
    "RS.index", "RS.n.solutions", "RS.generations", "RS.n.evaluations", 
    "RS.cpu.time", "DF.cost", "DF.gamma", "DF.data.balancing", 
    "DF.feature.selection", "DF.valid.acc", "DF.test.acc", "DF.train.time", 
    "DF.n.support.vectors", "DF.index", "DF.n.solutions", "DF.generations", 
    "DF.n.evaluations", "DF.cpu.time")))
