full <-
structure(c(50, 55, 60, 65, 70, 75, 80, 85, 90, 95, 100, 3.63831, 
9.91954, 6.77062, 6.1421, 5.78742, 2.51557, 4.4496, 7.71957, 
5.94666, 0.88275, 4.48097, -4.13145, -6.62402, -6.38299, -3.12195, 
-4.03561, -3.01195, -2.28554, -2.34246, -1.91853, -2.61604, -3.05084, 
0, 0, 0, 0, 0, 0, 0, 0, 0, 0, 0, 0, 0, 0, 0, 0, 0, 0, 0, 0, 0, 
0, 0.91889, 0.93545, 0.92552, 0.94597, 0.92121, 0.95286, 0.94333, 
0.92819, 0.93755, 0.93655, 0.94974, 0.89778, 0.89727, 0.86492, 
0.8837, 0.90535, 0.92619, 0.93083, 0.92263, 0.92644, 0.92044, 
0.93421, 0.0299, 0.0308, 0.0299, 0.0314, 0.0273, 0.0356, 0.0368, 
0.0368, 0.0373, 0.0371, 0.0437, 42, 29.3, 35.7, 59.5, 47.4, 70.6, 
91.4, 94, 108.5, 97.9, 75.5, 2400, 289, 1179, 32, 523, 1513, 
41, 29, 9, 2246, 28, 1, 298, 74, 1298, 207, 35, 700, 864, 1400, 
6, 1048, 100, 100, 100, 100, 100, 100, 100, 100, 100, 100, 100, 
2500, 2500, 2500, 2500, 2500, 2500, 2500, 2500, 2500, 2500, 2500, 
18688.468, 19066.038, 18061.682, 18058.049, 19344.499, 20009.761, 
18695.246, 18538.173, 18673.934, 18663.694, 17002.448, 3.27701, 
10.33257, 4.81804, 11.22818, 5.26887, 4.56626, 2.73071, 3.17766, 
11.7701, 0.94396, 9.50987, -4.08358, -6.81961, -4.70881, -3.07494, 
-3.86158, -4.24972, -2.84343, -2.32065, -1.95274, -2.65495, -2.96514, 
0, 0, 0, 0, 0, 0, 0, 0, 0, 0, 0, 0, 0, 0, 0, 0, 0, 0, 0, 0, 0, 
0, 0.90889, 0.93545, 0.92477, 0.94597, 0.92121, 0.94667, 0.94958, 
0.92819, 0.93755, 0.93655, 0.94974, 0.88667, 0.89727, 0.88992, 
0.8837, 0.90535, 0.92667, 0.94375, 0.92263, 0.92644, 0.92044, 
0.93947, 0.0233, 0.0271, 0.0294, 0.0337, 0.0337, 0.0337, 0.0401, 
0.0373, 0.0384, 0.0411, 0.0355, 44, 28.7, 40.1, 60.3, 49.6, 50.2, 
75.5, 94.5, 107.5, 96.2, 77.1, 354, 1582, 378, 170, 2277, 1426, 
232, 142, 158, 2153, 491, 1, 2, 2, 21, 1, 1, 2, 28, 28, 1, 10, 
100, 100, 100, 100, 100, 100, 100, 100, 100, 100, 100, 2500, 
2500, 2500, 2500, 2500, 2500, 2500, 2500, 2500, 2500, 2500, 19089.938, 
18236.291, 18097.827, 18069.607, 19741.247, 19040.049, 18386.045, 
18501.238, 18586.498, 18929.214, 15666.053, 1, 1, 1, 1, 1, 1, 
1, 1, 1, 1, 1, 0.04545, 0.04545, 0.04545, 0.04545, 0.04545, 0.04545, 
0.04545, 0.04545, 0.04545, 0.04545, 0.04545, 0, 0, 0, 0, 0, 0, 
0, 0, 0, 0, 0, 0, 0, 0, 0, 0, 0, 0, 0, 0, 0, 0, 0.82667, 0.84364, 
0.8648, 0.87894, 0.85615, 0.8581, 0.86625, 0.85159, 0.85411, 
0.8619, 0.87287, 0.79556, 0.85273, 0.8648, 0.86291, 0.84949, 
0.8581, 0.86625, 0.85123, 0.85999, 0.86746, 0.87205, 0.0287, 
0.0331, 0.0323, 0.0297, 0.0289, 0.0393, 0.0305, 0.03, 0.0368, 
0.0367, 0.0326, 51.2, 54.4, 57.1, 58.8, 63.8, 66.9, 69, 73.8, 
74.2, 76.6, 78.7, 1, 1, 1, 1, 1, 1, 1, 1, 1, 1, 1, 1, 1, 1, 1, 
1, 1, 1, 1, 1, 1, 1, 1, 1, 1, 1, 1, 1, 1, 1, 1, 1, 1, 1, 1, 1, 
1, 1, 1, 1, 1, 1, 1, 1, 7.585, 7.462, 7.351, 7.713, 7.802, 7.705, 
7.34, 7.367, 7.489, 7.645, 6.013), .Dim = c(11L, 40L), .Dimnames = list(
    NULL, c("Sampling", "PSO.cost", "PSO.gamma", "PSO.data.balancing", 
    "PSO.feature.selection", "PSO.valid.acc", "PSO.test.acc", 
    "PSO.train.time", "PSO.n.support.vectors", "PSO.index", "PSO.n.solutions", 
    "PSO.generations", "PSO.n.evaluations", "PSO.cpu.time", "RS.cost", 
    "RS.gamma", "RS.data.balancing", "RS.feature.selection", 
    "RS.valid.acc", "RS.test.acc", "RS.train.time", "RS.n.support.vectors", 
    "RS.index", "RS.n.solutions", "RS.generations", "RS.n.evaluations", 
    "RS.cpu.time", "DF.cost", "DF.gamma", "DF.data.balancing", 
    "DF.feature.selection", "DF.valid.acc", "DF.test.acc", "DF.train.time", 
    "DF.n.support.vectors", "DF.index", "DF.n.solutions", "DF.generations", 
    "DF.n.evaluations", "DF.cpu.time")))
