full <-
structure(c(50, 55, 60, 65, 70, 75, 80, 85, 90, 95, 100, 2.158, 
10.98234, 2.81453, 6.12984, 9.57437, 1.95148, 12.68077, 10.84678, 
4.20525, 0.74429, 2.44752, -2.6731, -2.21426, -3.41515, -5.49636, 
-2.21763, -2.87485, -2.35657, -1.86349, -3.95933, -2.09363, -2.97069, 
0, 0, 0, 0, 0, 0, 0, 0, 0, 0, 0, 0, 0, 0, 0, 0, 0, 0, 0, 0, 0, 
0, 0.9298, 0.95455, 0.95833, 0.95238, 0.96469, 0.92619, 0.91865, 
0.93419, 0.94837, 0.94146, 0.95921, 0.91889, 0.93636, 0.94091, 
0.93636, 0.95088, 0.91286, 0.90532, 0.92243, 0.93134, 0.92012, 
0.93368, 0.0245, 0.0315, 0.0248, 0.0279, 0.0325, 0.036, 0.036, 
0.0392, 0.0356, 0.0404, 0.0257, 53.1, 66, 49.2, 33.3, 77.8, 71.4, 
83.6, 103.1, 56.5, 110, 81.4, 599, 7, 1059, 506, 175, 268, 96, 
564, 168, 1192, 195, 354, 1229, 88, 82, 1047, 282, 950, 759, 
602, 19, 284, 100, 100, 100, 100, 100, 100, 100, 100, 100, 100, 
100, 2500, 2500, 2500, 2500, 2500, 2500, 2500, 2500, 2500, 2500, 
2500, 19480.68, 20659.756, 18573.625, 18294.587, 18668.934, 17274.741, 
16695.461, 21023.49, 20806.48, 21219.875, 18130.865, 1.00291, 
4.78088, 2.18726, 5.79171, 13.8568, 1.8178, 2.24606, 11.86737, 
4.45547, 1.11464, 3.79985, -2.64168, -2.2668, -3.17936, -5.36739, 
-2.18752, -2.74098, -3.96531, -1.86992, -4.26001, -2.19084, -3.68249, 
0, 0, 0, 0, 0, 0, 0, 0, 0, 0, 0, 0, 0, 0, 0, 0, 0, 0, 0, 0, 0, 
0, 0.9198, 0.95455, 0.95, 0.95238, 0.96469, 0.92619, 0.92605, 
0.93419, 0.94837, 0.9412, 0.95921, 0.93889, 0.93636, 0.94091, 
0.93636, 0.95088, 0.91286, 0.88725, 0.92243, 0.92578, 0.92567, 
0.92342, 0.0297, 0.0273, 0.0254, 0.0318, 0.0359, 0.0363, 0.0315, 
0.0431, 0.0352, 0.0409, 0.0294, 57.2, 64.4, 53.6, 33.8, 77.9, 
74.4, 58.8, 103, 53.3, 105.5, 63.8, 236, 14, 683, 1377, 120, 
28, 1179, 90, 1165, 1369, 2080, 27, 32, 2, 2, 26, 1, 1, 1, 2, 
2, 1, 100, 100, 100, 100, 100, 100, 100, 100, 100, 100, 100, 
2500, 2500, 2500, 2500, 2500, 2500, 2500, 2500, 2500, 2500, 2500, 
20536.069, 19307.426, 18292.427, 18375.232, 19031.473, 17013.582, 
20422.574, 20899.735, 20978.918, 19106.673, 17215.754, 1, 1, 
1, 1, 1, 1, 1, 1, 1, 1, 1, 0.04545, 0.04545, 0.04545, 0.04545, 
0.04545, 0.04545, 0.04545, 0.04545, 0.04545, 0.04545, 0.04545, 
0, 0, 0, 0, 0, 0, 0, 0, 0, 0, 0, 0, 0, 0, 0, 0, 0, 0, 0, 0, 0, 
0, 0.83626, 0.8596, 0.8803, 0.88416, 0.87311, 0.85, 0.87314, 
0.87537, 0.8829, 0.87216, 0.87632, 0.84626, 0.86869, 0.87955, 
0.89066, 0.87462, 0.84333, 0.87314, 0.87537, 0.87147, 0.88269, 
0.87132, 0.0279, 0.0262, 0.0299, 0.0269, 0.0312, 0.0272, 0.0315, 
0.0367, 0.036, 0.0353, 0.0342, 43.3, 45.8, 48.4, 51.2, 56.8, 
64, 65.6, 71.4, 73.7, 74.8, 77.4, 1, 1, 1, 1, 1, 1, 1, 1, 1, 
1, 1, 1, 1, 1, 1, 1, 1, 1, 1, 1, 1, 1, 1, 1, 1, 1, 1, 1, 1, 1, 
1, 1, 1, 1, 1, 1, 1, 1, 1, 1, 1, 1, 1, 1, 8.255, 7.429, 7.315, 
7.062, 7.709, 6.904, 8.196, 7.879, 8.29, 7.538, 7.292), .Dim = c(11L, 
40L), .Dimnames = list(NULL, c("Sampling", "PSO.cost", "PSO.gamma", 
"PSO.data.balancing", "PSO.feature.selection", "PSO.valid.acc", 
"PSO.test.acc", "PSO.train.time", "PSO.n.support.vectors", "PSO.index", 
"PSO.n.solutions", "PSO.generations", "PSO.n.evaluations", "PSO.cpu.time", 
"RS.cost", "RS.gamma", "RS.data.balancing", "RS.feature.selection", 
"RS.valid.acc", "RS.test.acc", "RS.train.time", "RS.n.support.vectors", 
"RS.index", "RS.n.solutions", "RS.generations", "RS.n.evaluations", 
"RS.cpu.time", "DF.cost", "DF.gamma", "DF.data.balancing", "DF.feature.selection", 
"DF.valid.acc", "DF.test.acc", "DF.train.time", "DF.n.support.vectors", 
"DF.index", "DF.n.solutions", "DF.generations", "DF.n.evaluations", 
"DF.cpu.time")))
