full <-
structure(c(50, 55, 60, 65, 70, 75, 80, 85, 90, 95, 100, 12.31508, 
2.365, 3.49639, 9.03472, 6.3711, 1.36614, 2.69668, 2.7874, 2.93051, 
3.73684, 1.15929, -2.15168, -5.10812, -3.36588, -2.95114, -2.1186, 
-2.23721, -3.60956, -2.75105, -2.98487, -2.94934, -1.90423, 0, 
0, 0, 0, 0, 0, 0, 0, 0, 0, 0, 0, 0, 0, 0, 0, 0, 0, 0, 0, 0, 0, 
0.92889, 0.91636, 0.92477, 0.95183, 0.95033, 0.9519, 0.94953, 
0.94596, 0.94376, 0.95754, 0.94868, 0.91889, 0.90727, 0.88159, 
0.92097, 0.93597, 0.93857, 0.93662, 0.94081, 0.93232, 0.94173, 
0.94368, 0.0229, 0.0213, 0.0227, 0.0227, 0.0235, 0.025, 0.0255, 
0.0276, 0.0274, 0.0295, 0.0313, 65.3, 35.7, 52.5, 60.7, 85.3, 
89.7, 61.8, 79, 76.2, 77.4, 117.7, 4, 12, 993, 27, 184, 38, 584, 
110, 1046, 1029, 182, 1208, 1236, 126, 1289, 941, 1291, 122, 
200, 55, 25, 422, 100, 100, 100, 100, 100, 100, 100, 100, 100, 
100, 100, 2500, 2500, 2500, 2500, 2500, 2500, 2500, 2500, 2500, 
2500, 2500, 8027.052, 7517.057, 7559.512, 7896.341, 8158.713, 
8155.754, 8413.90700000001, 8026.342, 8451.89, 8778.141, 8313.66500000001, 
8.11358, 2.25323, 3.69942, 9.25002, 8.2997, 5.73702, 2.01406, 
2.60746, 2.65047, 10.79152, 1.57382, -3.01571, -4.80222, -3.49718, 
-2.97128, -2.10373, -2.15375, -2.38846, -2.58131, -3.75115, -2.78008, 
-1.99778, 0, 0, 0, 0, 0, 0, 0, 0, 0, 0, 0, 0, 0, 0, 0, 0, 0, 
0, 0, 0, 0, 0, 0.92889, 0.91636, 0.91568, 0.95183, 0.95033, 0.9519, 
0.9487, 0.94596, 0.94408, 0.95254, 0.94342, 0.90778, 0.90727, 
0.88159, 0.92097, 0.93597, 0.9519, 0.93542, 0.94669, 0.93297, 
0.94728, 0.93342, 0.0222, 0.0196, 0.022, 0.0226, 0.0271, 0.0257, 
0.0268, 0.0268, 0.026, 0.0303, 0.0321, 49.1, 36.9, 50.3, 60.1, 
85.7, 88.3, 86.1, 83.1, 65.6, 81.4, 114.3, 4, 6, 1604, 18, 40, 
109, 992, 122, 2402, 1393, 1065, 102, 59, 2, 9, 9, 23, 1, 2, 
1, 3, 5, 100, 100, 100, 100, 100, 100, 100, 100, 100, 100, 100, 
2500, 2500, 2500, 2500, 2500, 2500, 2500, 2500, 2500, 2500, 2500, 
7955.569, 7319.767, 7603.236, 7941.816, 8126.91, 8235.55500000001, 
8429.349, 8035.798, 8583.86199999999, 8732.99000000002, 8495.24399999998, 
1, 1, 1, 1, 1, 1, 1, 1, 1, 1, 1, 0.04545, 0.04545, 0.04545, 0.04545, 
0.04545, 0.04545, 0.04545, 0.04545, 0.04545, 0.04545, 0.04545, 
0, 0, 0, 0, 0, 0, 0, 0, 0, 0, 0, 0, 0, 0, 0, 0, 0, 0, 0, 0, 0, 
0, 0.88778, 0.88909, 0.88928, 0.88773, 0.90582, 0.89226, 0.8787, 
0.88219, 0.89369, 0.88433, 0.87132, 0.87778, 0.89818, 0.88928, 
0.89542, 0.91352, 0.89893, 0.8787, 0.88256, 0.88842, 0.88988, 
0.87132, 0.0194, 0.0201, 0.0209, 0.0215, 0.0222, 0.0229, 0.0243, 
0.0243, 0.0269, 0.0255, 0.0291, 40.2, 44.3, 48.9, 52.2, 55.1, 
58.6, 64.1, 68.2, 70.9, 71.8, 77.4, 1, 1, 1, 1, 1, 1, 1, 1, 1, 
1, 1, 1, 1, 1, 1, 1, 1, 1, 1, 1, 1, 1, 1, 1, 1, 1, 1, 1, 1, 1, 
1, 1, 1, 1, 1, 1, 1, 1, 1, 1, 1, 1, 1, 1, 3.07, 3.018, 3.19, 
3.06, 3.06, 3.089, 3.435, 3.293, 3.679, 3.048, 3.5), .Dim = c(11L, 
40L), .Dimnames = list(NULL, c("Sampling", "PSO.cost", "PSO.gamma", 
"PSO.data.balancing", "PSO.feature.selection", "PSO.valid.acc", 
"PSO.test.acc", "PSO.train.time", "PSO.n.support.vectors", "PSO.index", 
"PSO.n.solutions", "PSO.generations", "PSO.n.evaluations", "PSO.cpu.time", 
"RS.cost", "RS.gamma", "RS.data.balancing", "RS.feature.selection", 
"RS.valid.acc", "RS.test.acc", "RS.train.time", "RS.n.support.vectors", 
"RS.index", "RS.n.solutions", "RS.generations", "RS.n.evaluations", 
"RS.cpu.time", "DF.cost", "DF.gamma", "DF.data.balancing", "DF.feature.selection", 
"DF.valid.acc", "DF.test.acc", "DF.train.time", "DF.n.support.vectors", 
"DF.index", "DF.n.solutions", "DF.generations", "DF.n.evaluations", 
"DF.cpu.time")))
