full <-
structure(c(50, 55, 60, 65, 70, 75, 80, 85, 90, 95, 100, 3.28884, 
12.33708, 7.81526, 7.73477, 4.8224, 2.8424, 9.03644, 11.69968, 
12.46174, 9.36735, 1.33459, -2.15101, -2.37898, -1.37952, -1.61478, 
-3.80556, -1.82929, -1.91412, -3.35239, -5.02182, -1.90636, -2.26487, 
0, 0, 0, 0, 0, 0, 0, 0, 0, 0, 0, 0, 0, 0, 0, 0, 0, 0, 0, 0, 0, 
0, 0.94869, 0.93712, 0.94924, 0.93013, 0.9719, 0.9728, 0.95625, 
0.96397, 0.94931, 0.94211, 0.94865, 0.93869, 0.94621, 0.94924, 
0.9141, 0.93619, 0.95946, 0.96875, 0.95147, 0.93265, 0.92573, 
0.94365, 0.0215, 0.0208, 0.0226, 0.0247, 0.0221, 0.0256, 0.026, 
0.0246, 0.0242, 0.0307, 0.0305, 62.3, 65, 88.2, 86.3, 49.1, 93.6, 
95.3, 62.7, 41.1, 111.8, 105.7, 149, 5, 2, 48, 34, 30, 216, 19, 
121, 153, 52, 1184, 1595, 971, 1653, 992, 1342, 475, 1432, 1484, 
602, 369, 100, 100, 100, 100, 100, 100, 100, 100, 100, 100, 100, 
2500, 2500, 2500, 2500, 2500, 2500, 2500, 2500, 2500, 2500, 2500, 
7271.655, 7422.908, 7462.127, 7562.409, 7313.579, 7542.73, 7525.114, 
7558.54300000001, 7572.50499999999, 7775.76499999998, 7994.011, 
5.64092, 10.8704, 6.33311, 8.0511, 3.80617, 5.72458, 12.86014, 
7.0349, 13.30239, 8.04825, 12.61822, -2.21842, -1.80588, -1.49628, 
-1.63807, -3.45078, -2.06837, -1.9139, -3.21764, -5.0676, -2.03789, 
-2.0667, 0, 0, 0, 0, 0, 0, 0, 0, 0, 0, 0, 0, 0, 0, 0, 0, 0, 0, 
0, 0, 0, 0, 0.94869, 0.93712, 0.94924, 0.93013, 0.9719, 0.9728, 
0.95625, 0.96397, 0.94931, 0.94211, 0.94865, 0.92758, 0.94621, 
0.94924, 0.9141, 0.93619, 0.93946, 0.96875, 0.94559, 0.93265, 
0.93655, 0.93839, 0.0208, 0.0218, 0.0227, 0.0232, 0.0217, 0.0262, 
0.0262, 0.025, 0.0235, 0.0316, 0.0312, 61.8, 74.5, 86.4, 85.4, 
55.8, 88.1, 95.2, 66.1, 41, 107.6, 109.7, 139, 32, 54, 85, 800, 
61, 51, 157, 77, 547, 38, 23, 183, 39, 77, 8, 34, 8, 41, 10, 
22, 6, 100, 100, 100, 100, 100, 100, 100, 100, 100, 100, 100, 
2500, 2500, 2500, 2500, 2500, 2500, 2500, 2500, 2500, 2500, 2500, 
7228.814, 7456.311, 7522.555, 7399.136, 7389.80499999999, 7521.91800000001, 
7639.887, 7530.33899999999, 7671.22700000001, 7874.01300000001, 
7927.66699999999, 1, 1, 1, 1, 1, 1, 1, 1, 1, 1, 1, 0.04545, 0.04545, 
0.04545, 0.04545, 0.04545, 0.04545, 0.04545, 0.04545, 0.04545, 
0.04545, 0.04545, 0, 0, 0, 0, 0, 0, 0, 0, 0, 0, 0, 0, 0, 0, 0, 
0, 0, 0, 0, 0, 0, 0, 0.86828, 0.86152, 0.85682, 0.86731, 0.86359, 
0.8656, 0.86125, 0.86949, 0.87107, 0.87281, 0.88205, 0.85828, 
0.85242, 0.85682, 0.86731, 0.86359, 0.85893, 0.86125, 0.8636, 
0.87136, 0.88333, 0.88205, 0.0201, 0.0204, 0.0215, 0.0209, 0.0225, 
0.0223, 0.0233, 0.0231, 0.0255, 0.0266, 0.0263, 45.1, 47.6, 54.4, 
55.1, 61.8, 61.9, 64.8, 67.1, 71.9, 76.5, 77.9, 1, 1, 1, 1, 1, 
1, 1, 1, 1, 1, 1, 1, 1, 1, 1, 1, 1, 1, 1, 1, 1, 1, 1, 1, 1, 1, 
1, 1, 1, 1, 1, 1, 1, 1, 1, 1, 1, 1, 1, 1, 1, 1, 1, 1, 2.965, 
2.993, 3.103, 2.82, 2.904, 2.997, 3.034, 2.847, 3.064, 3.154, 
2.948), .Dim = c(11L, 40L), .Dimnames = list(NULL, c("Sampling", 
"PSO.cost", "PSO.gamma", "PSO.data.balancing", "PSO.feature.selection", 
"PSO.valid.acc", "PSO.test.acc", "PSO.train.time", "PSO.n.support.vectors", 
"PSO.index", "PSO.n.solutions", "PSO.generations", "PSO.n.evaluations", 
"PSO.cpu.time", "RS.cost", "RS.gamma", "RS.data.balancing", "RS.feature.selection", 
"RS.valid.acc", "RS.test.acc", "RS.train.time", "RS.n.support.vectors", 
"RS.index", "RS.n.solutions", "RS.generations", "RS.n.evaluations", 
"RS.cpu.time", "DF.cost", "DF.gamma", "DF.data.balancing", "DF.feature.selection", 
"DF.valid.acc", "DF.test.acc", "DF.train.time", "DF.n.support.vectors", 
"DF.index", "DF.n.solutions", "DF.generations", "DF.n.evaluations", 
"DF.cpu.time")))
