full <-
structure(c(50, 55, 60, 65, 70, 75, 80, 85, 90, 95, 100, 10.0826, 
11.61621, 7.91685, 3.53489, 3.03418, 12.69899, 8.63691, 3.1304, 
12.29183, 3.17076, 4.02732, -7.39291, -3.98543, -6.22083, -3.18221, 
-2.78908, -3.35992, -2.50511, -2.90077, -2.28836, -2.81658, -3.1831, 
0, 0, 0, 0, 0, 0, 0, 0, 0, 0, 0, 0, 0, 0, 0, 0, 0, 0, 0, 0, 0, 
0, 0.94071, 0.94697, 0.94, 0.95302, 0.94883, 0.93988, 0.94917, 
0.95772, 0.94957, 0.95731, 0.94921, 0.85939, 0.91697, 0.92333, 
0.93764, 0.94223, 0.9256, 0.94917, 0.93419, 0.93904, 0.95175, 
0.94395, 0.0316, 0.0277, 0.0273, 0.0306, 0.0313, 0.0334, 0.0317, 
0.0392, 0.0398, 0.0443, 0.0448, 22.6, 37.1, 29.1, 59.5, 72, 57.8, 
83.1, 75.7, 95.8, 84.2, 74.2, 406, 317, 1213, 767, 191, 207, 
4, 332, 76, 776, 1160, 225, 356, 38, 36, 943, 532, 1524, 265, 
1406, 447, 83, 100, 100, 100, 100, 100, 100, 100, 100, 100, 100, 
100, 2500, 2500, 2500, 2500, 2500, 2500, 2500, 2500, 2500, 2500, 
2500, 19837.417, 20311.527, 18943.994, 19036.451, 19248.25, 20115.443, 
19792.551, 19372.943, 19542.072, 19294.393, 17874.329, 12.81386, 
5.7632, 8.82785, 7.55248, 2.43008, 3.56978, 7.23761, 3.05852, 
13.46099, 2.02652, 10.65404, -9.55297, -4.12737, -6.72249, -3.06988, 
-2.80636, -3.45507, -2.52171, -2.86442, -2.30819, -3.01588, -3.24191, 
0, 0, 0, 0, 0, 0, 0, 0, 0, 0, 0, 0, 0, 0, 0, 0, 0, 0, 0, 0, 0, 
0, 0.9398, 0.94697, 0.94, 0.94588, 0.94883, 0.93988, 0.94917, 
0.95772, 0.94957, 0.95731, 0.94395, 0.9098, 0.91621, 0.915, 0.93049, 
0.94223, 0.9394, 0.94917, 0.94007, 0.93904, 0.93567, 0.93368, 
0.0299, 0.0264, 0.0279, 0.0303, 0.0329, 0.0338, 0.0435, 0.0364, 
0.0447, 0.0393, 0.0333, 22.3, 35.4, 29.1, 59.6, 72.2, 58.3, 82.7, 
76.8, 94.8, 82.1, 68.7, 570, 109, 611, 841, 995, 195, 64, 1527, 
18, 732, 24, 3, 9, 2, 1, 2, 12, 54, 1, 15, 4, 20, 100, 100, 100, 
100, 100, 100, 100, 100, 100, 100, 100, 2500, 2500, 2500, 2500, 
2500, 2500, 2500, 2500, 2500, 2500, 2500, 20569.144, 19146.934, 
18915.068, 19348.292, 19459.343, 20084.655, 19275.092, 19318.216, 
19258.132, 17862.574, 16522.052, 1, 1, 1, 1, 1, 1, 1, 1, 1, 1, 
1, 0.04545, 0.04545, 0.04545, 0.04545, 0.04545, 0.04545, 0.04545, 
0.04545, 0.04545, 0.04545, 0.04545, 0, 0, 0, 0, 0, 0, 0, 0, 0, 
0, 0, 0, 0, 0, 0, 0, 0, 0, 0, 0, 0, 0, 0.84051, 0.87152, 0.855, 
0.87344, 0.86901, 0.87167, 0.88583, 0.8989, 0.88156, 0.86725, 
0.88158, 0.86869, 0.8797, 0.865, 0.86575, 0.87615, 0.87833, 0.88583, 
0.88713, 0.87104, 0.86725, 0.87658, 0.0326, 0.0302, 0.0324, 0.0283, 
0.0344, 0.0309, 0.0347, 0.0339, 0.0373, 0.0417, 0.0359, 45.4, 
46.8, 53.8, 59, 62.4, 63.2, 66.7, 70.3, 74.5, 75.4, 77.4, 1, 
1, 1, 1, 1, 1, 1, 1, 1, 1, 1, 1, 1, 1, 1, 1, 1, 1, 1, 1, 1, 1, 
1, 1, 1, 1, 1, 1, 1, 1, 1, 1, 1, 1, 1, 1, 1, 1, 1, 1, 1, 1, 1, 
1, 8.356, 7.521, 7.597, 7.493, 8.034, 7.84, 7.586, 7.795, 7.418, 
7.932, 5.776), .Dim = c(11L, 40L), .Dimnames = list(NULL, c("Sampling", 
"PSO.cost", "PSO.gamma", "PSO.data.balancing", "PSO.feature.selection", 
"PSO.valid.acc", "PSO.test.acc", "PSO.train.time", "PSO.n.support.vectors", 
"PSO.index", "PSO.n.solutions", "PSO.generations", "PSO.n.evaluations", 
"PSO.cpu.time", "RS.cost", "RS.gamma", "RS.data.balancing", "RS.feature.selection", 
"RS.valid.acc", "RS.test.acc", "RS.train.time", "RS.n.support.vectors", 
"RS.index", "RS.n.solutions", "RS.generations", "RS.n.evaluations", 
"RS.cpu.time", "DF.cost", "DF.gamma", "DF.data.balancing", "DF.feature.selection", 
"DF.valid.acc", "DF.test.acc", "DF.train.time", "DF.n.support.vectors", 
"DF.index", "DF.n.solutions", "DF.generations", "DF.n.evaluations", 
"DF.cpu.time")))
