full <-
structure(c(50, 55, 60, 65, 70, 75, 80, 85, 90, 95, 100, 14.03293, 
1.84962, 4.61672, 1.24307, 2.83669, 2.38951, 5.28777, 4.74318, 
1.67254, 12.82124, 12.64729, -1.8596, -1.48342, -1.75742, -2.2396, 
-1.98167, -2.77381, -3.70727, -2.95878, -1.63846, -2.70946, -2.67802, 
0, 0, 0, 0, 0, 0, 0, 0, 0, 0, 0, 0, 0, 0, 0, 0, 0, 0, 0, 0, 0, 
0, 0.93071, 0.92727, 0.95758, 0.9609, 0.95549, 0.97333, 0.94958, 
0.95221, 0.95578, 0.94731, 0.95389, 0.94889, 0.92727, 0.94924, 
0.93013, 0.94883, 0.97286, 0.94333, 0.92831, 0.92669, 0.94175, 
0.94389, 0.0226, 0.0223, 0.0247, 0.0251, 0.0253, 0.0251, 0.0238, 
0.0251, 0.0295, 0.0295, 0.0296, 66.5, 78, 80.4, 77.6, 84.1, 68, 
50, 68.9, 113.1, 82, 86.5, 2, 19, 96, 708, 42, 513, 18, 31, 267, 
76, 21, 1518, 1485, 723, 225, 420, 57, 1428, 764, 1079, 1375, 
1446, 100, 100, 100, 100, 100, 100, 100, 100, 100, 100, 100, 
2500, 2500, 2500, 2500, 2500, 2500, 2500, 2500, 2500, 2500, 2500, 
7799.36, 7845.11, 7924.574, 7935.209, 7882.64799999999, 7857.54700000001, 
7673.182, 7633.42600000001, 7918.79300000001, 7538.74399999998, 
8104.535, 9.76916, 5.6036, 1.93436, 1.15346, 5.02348, 13.12674, 
3.64118, 12.16902, 0.4617, 11.55577, 11.16718, -1.75179, -1.47483, 
-1.71791, -2.30908, -1.95636, -3.38684, -3.51312, -3.15073, -3.08828, 
-2.74034, -2.65647, 0, 0, 0, 0, 0, 0, 0, 0, 0, 0, 0, 0, 0, 0, 
0, 0, 0, 0, 0, 0, 0, 0, 0.93071, 0.92727, 0.95758, 0.9609, 0.95549, 
0.97286, 0.94958, 0.95221, 0.95611, 0.94731, 0.95389, 0.93889, 
0.92727, 0.94924, 0.93782, 0.94883, 0.96619, 0.94333, 0.92243, 
0.92793, 0.94175, 0.94389, 0.0212, 0.0225, 0.0239, 0.0239, 0.0262, 
0.0238, 0.0234, 0.025, 0.0272, 0.029, 0.0305, 68.7, 78.3, 81.5, 
76.5, 85, 56.5, 54.7, 65.9, 81.3, 81.4, 87.3, 1, 38, 1276, 2252, 
53, 98, 133, 15, 2179, 47, 36, 41, 75, 3, 1, 19, 41, 36, 53, 
1, 38, 57, 100, 100, 100, 100, 100, 100, 100, 100, 100, 100, 
100, 2500, 2500, 2500, 2500, 2500, 2500, 2500, 2500, 2500, 2500, 
2500, 7631.562, 7821.931, 7859.585, 7907.484, 7766.12800000001, 
7753.79700000001, 7684.31199999999, 7818.74699999999, 7677.49100000001, 
8064.37299999999, 8082.72699999998, 1, 1, 1, 1, 1, 1, 1, 1, 1, 
1, 1, 0.04545, 0.04545, 0.04545, 0.04545, 0.04545, 0.04545, 0.04545, 
0.04545, 0.04545, 0.04545, 0.04545, 0, 0, 0, 0, 0, 0, 0, 0, 0, 
0, 0, 0, 0, 0, 0, 0, 0, 0, 0, 0, 0, 0, 0.88051, 0.87273, 0.86439, 
0.85192, 0.86227, 0.8581, 0.87292, 0.88088, 0.87231, 0.87795, 
0.87096, 0.89051, 0.85364, 0.87273, 0.875, 0.86337, 0.86476, 
0.87292, 0.88088, 0.87757, 0.87766, 0.87649, 0.0201, 0.0204, 
0.0212, 0.0226, 0.0241, 0.0223, 0.0232, 0.0228, 0.0252, 0.0262, 
0.0268, 40.1, 45.4, 48.7, 50.7, 55.6, 61.7, 63.3, 67.5, 69.4, 
73.3, 77.3, 1, 1, 1, 1, 1, 1, 1, 1, 1, 1, 1, 1, 1, 1, 1, 1, 1, 
1, 1, 1, 1, 1, 1, 1, 1, 1, 1, 1, 1, 1, 1, 1, 1, 1, 1, 1, 1, 1, 
1, 1, 1, 1, 1, 1, 3.206, 3.055, 3.14, 3.128, 3.24, 2.925, 2.916, 
3.06, 3.037, 3.106, 3.046), .Dim = c(11L, 40L), .Dimnames = list(
    NULL, c("Sampling", "PSO.cost", "PSO.gamma", "PSO.data.balancing", 
    "PSO.feature.selection", "PSO.valid.acc", "PSO.test.acc", 
    "PSO.train.time", "PSO.n.support.vectors", "PSO.index", "PSO.n.solutions", 
    "PSO.generations", "PSO.n.evaluations", "PSO.cpu.time", "RS.cost", 
    "RS.gamma", "RS.data.balancing", "RS.feature.selection", 
    "RS.valid.acc", "RS.test.acc", "RS.train.time", "RS.n.support.vectors", 
    "RS.index", "RS.n.solutions", "RS.generations", "RS.n.evaluations", 
    "RS.cpu.time", "DF.cost", "DF.gamma", "DF.data.balancing", 
    "DF.feature.selection", "DF.valid.acc", "DF.test.acc", "DF.train.time", 
    "DF.n.support.vectors", "DF.index", "DF.n.solutions", "DF.generations", 
    "DF.n.evaluations", "DF.cpu.time")))
