full <-
structure(c(50, 55, 60, 65, 70, 75, 80, 85, 90, 95, 100, 5.81212, 
9.7392, 13.34224, 13.93135, 1.98588, 8.74548, 15, 0.56647, 15, 
2.7608, 5.19658, -2.90984, -2.25979, -9.11114, -9.35294, -2.20931, 
-3.38212, -4.28003, -2.92291, -9.77971, -2.69981, -3.62734, 0, 
0, 0, 0, 0, 0, 0, 0, 0, 0, 0, 0, 0, 0, 0, 0, 0, 0, 0, 0, 0, 0, 
0.93869, 0.92727, 0.94015, 0.93773, 0.94223, 0.95905, 0.93042, 
0.95147, 0.93879, 0.94708, 0.94836, 0.9398, 0.89727, 0.92348, 
0.91401, 0.93509, 0.9247, 0.91833, 0.91683, 0.9097, 0.93655, 
0.91284, 0.0196, 0.021, 0.0274, 0.0285, 0.0246, 0.022, 0.0231, 
0.0259, 0.0448, 0.0285, 0.0258, 48, 64, 30.2, 32, 80.9, 58, 44.6, 
87.5, 36.8, 86.2, 61.7, 49, 81, 694, 548, 88, 79, 58, 469, 1308, 
2069, 1187, 583, 1141, 39, 256, 606, 1066, 1383, 159, 80, 1, 
40, 100, 100, 100, 100, 100, 100, 100, 100, 100, 100, 100, 2500, 
2500, 2500, 2500, 2500, 2500, 2500, 2500, 2500, 2500, 2500, 7425.023, 
7413.709, 7521.917, 7707.019, 7644.19299999999, 7750.212, 7528.927, 
7809.276, 7694.44499999999, 8214.12099999998, 7970.64000000001, 
11.21338, 11.47776, 13.15366, 14.92639, 1.63295, 6.7145, 14.0515, 
2.15816, 14.98395, 3.63315, 5.36037, -2.90866, -2.24122, -9.05759, 
-8.48828, -2.6925, -3.32382, -8.53494, -2.77943, -9.79315, -3.09187, 
-3.68888, 0, 0, 0, 0, 0, 0, 0, 0, 0, 0, 0, 0, 0, 0, 0, 0, 0, 
0, 0, 0, 0, 0, 0.93869, 0.92727, 0.93182, 0.93068, 0.94223, 0.95905, 
0.93125, 0.9511, 0.93879, 0.94181, 0.94836, 0.9398, 0.88818, 
0.90606, 0.91401, 0.91971, 0.9247, 0.93708, 0.95772, 0.9097, 
0.93655, 0.91284, 0.0196, 0.0218, 0.0277, 0.0273, 0.0239, 0.0239, 
0.0296, 0.0276, 0.0462, 0.0278, 0.0274, 48.1, 64.3, 30.5, 29.8, 
71.1, 59.3, 33.8, 81.1, 37, 75.1, 60.3, 933, 99, 515, 613, 201, 
112, 354, 225, 1723, 160, 2066, 4, 10, 4, 2, 3, 27, 2, 4, 1, 
6, 1, 100, 100, 100, 100, 100, 100, 100, 100, 100, 100, 100, 
2500, 2500, 2500, 2500, 2500, 2500, 2500, 2500, 2500, 2500, 2500, 
7322.958, 7267.081, 7500.363, 7592.17, 7662.519, 7749.23999999999, 
7636.48400000001, 7816.82900000001, 7767.18200000002, 7880.62899999999, 
8029.82000000001, 1, 1, 1, 1, 1, 1, 1, 1, 1, 1, 1, 0.04545, 0.04545, 
0.04545, 0.04545, 0.04545, 0.04545, 0.04545, 0.04545, 0.04545, 
0.04545, 0.04545, 0, 0, 0, 0, 0, 0, 0, 0, 0, 0, 0, 0, 0, 0, 0, 
0, 0, 0, 0, 0, 0, 0, 0.83626, 0.80545, 0.83864, 0.85101, 0.85473, 
0.85851, 0.87333, 0.86279, 0.87195, 0.88333, 0.87649, 0.83626, 
0.81455, 0.84697, 0.85101, 0.85473, 0.85851, 0.86083, 0.87455, 
0.86606, 0.85702, 0.87094, 0.0197, 0.0201, 0.0203, 0.021, 0.0217, 
0.0227, 0.0243, 0.0238, 0.0254, 0.0272, 0.028, 46.3, 52.7, 57.1, 
59.8, 62.7, 66.3, 68.8, 72.6, 74.6, 76.1, 79.2, 1, 1, 1, 1, 1, 
1, 1, 1, 1, 1, 1, 1, 1, 1, 1, 1, 1, 1, 1, 1, 1, 1, 1, 1, 1, 1, 
1, 1, 1, 1, 1, 1, 1, 1, 1, 1, 1, 1, 1, 1, 1, 1, 1, 1, 3.072, 
2.896, 2.885, 2.861, 2.892, 2.883, 3.109, 2.931, 3.127, 3.196, 
3.172), .Dim = c(11L, 40L), .Dimnames = list(NULL, c("Sampling", 
"PSO.cost", "PSO.gamma", "PSO.data.balancing", "PSO.feature.selection", 
"PSO.valid.acc", "PSO.test.acc", "PSO.train.time", "PSO.n.support.vectors", 
"PSO.index", "PSO.n.solutions", "PSO.generations", "PSO.n.evaluations", 
"PSO.cpu.time", "RS.cost", "RS.gamma", "RS.data.balancing", "RS.feature.selection", 
"RS.valid.acc", "RS.test.acc", "RS.train.time", "RS.n.support.vectors", 
"RS.index", "RS.n.solutions", "RS.generations", "RS.n.evaluations", 
"RS.cpu.time", "DF.cost", "DF.gamma", "DF.data.balancing", "DF.feature.selection", 
"DF.valid.acc", "DF.test.acc", "DF.train.time", "DF.n.support.vectors", 
"DF.index", "DF.n.solutions", "DF.generations", "DF.n.evaluations", 
"DF.cpu.time")))
