full <-
structure(c(50, 55, 60, 65, 70, 75, 80, 85, 90, 95, 100, 0.09602, 
9.16546, 6.65834, 4.21549, 1.44892, 14.24689, 3.37398, 3.31793, 
2.39725, 2.81936, 1.84552, -2.70125, -1.63845, -2.53002, -2.29158, 
-2.52085, -2.78682, -3.65052, -3.03702, -2.92856, -2.90255, -3.31364, 
0, 0, 0, 0, 0, 0, 0, 0, 0, 0, 0, 0, 0, 0, 0, 0, 0, 0, 0, 0, 0, 
0, 0.89646, 0.92545, 0.90787, 0.90604, 0.92088, 0.92607, 0.92287, 
0.95217, 0.9447, 0.93626, 0.95392, 0.87646, 0.89818, 0.88147, 
0.88938, 0.89121, 0.9194, 0.89662, 0.93378, 0.94931, 0.93099, 
0.94365, 0.0226, 0.0224, 0.0246, 0.023, 0.0238, 0.0255, 0.0248, 
0.0281, 0.0288, 0.0291, 0.0305, 62.3, 80.7, 70.8, 78, 81.9, 74.6, 
60.3, 75.4, 79.2, 81, 79.8, 444, 78, 8, 46, 127, 31, 157, 437, 
2060, 444, 1137, 477, 854, 1731, 1254, 126, 1389, 966, 343, 3, 
147, 66, 100, 100, 100, 100, 100, 100, 100, 100, 100, 100, 100, 
2500, 2500, 2500, 2500, 2500, 2500, 2500, 2500, 2500, 2500, 2500, 
8173.514, 8016.811, 8331.483, 8000.158, 8157.272, 8317.128, 8357.674, 
8064.58, 8405.747, 8775.85199999998, 9379.54499999998, 0.25998, 
5.7529, 5.59721, 13.21422, 1.44381, 8.15886, 2.97424, 1.79649, 
2.10632, 3.35167, 3.27366, -2.66568, -1.62871, -2.35514, -2.46495, 
-2.42919, -2.69811, -3.78518, -3.36509, -2.97662, -3.50946, -2.67988, 
0, 0, 0, 0, 0, 0, 0, 0, 0, 0, 0, 0, 0, 0, 0, 0, 0, 0, 0, 0, 0, 
0, 0.89646, 0.92545, 0.90787, 0.90604, 0.92088, 0.92607, 0.92287, 
0.94661, 0.9447, 0.92573, 0.94892, 0.88646, 0.89818, 0.87238, 
0.87335, 0.89121, 0.9194, 0.90328, 0.91609, 0.94931, 0.90468, 
0.93892, 0.0216, 0.0245, 0.0238, 0.024, 0.0247, 0.0255, 0.025, 
0.0265, 0.029, 0.0272, 0.0314, 62.5, 81, 74.2, 75.2, 84.3, 77.4, 
61, 75, 79.7, 66.8, 87.4, 629, 195, 200, 19, 1785, 46, 323, 618, 
379, 557, 11, 5, 4, 52, 41, 1, 24, 2, 2, 1, 9, 49, 100, 100, 
100, 100, 100, 100, 100, 100, 100, 100, 100, 2500, 2500, 2500, 
2500, 2500, 2500, 2500, 2500, 2500, 2500, 2500, 7922.932, 8338.073, 
8284.753, 7838.522, 8240.03200000001, 8340.21999999999, 8459.99799999999, 
7942.989, 8657.37300000002, 8926.655, 9221.28200000001, 1, 1, 
1, 1, 1, 1, 1, 1, 1, 1, 1, 0.04545, 0.04545, 0.04545, 0.04545, 
0.04545, 0.04545, 0.04545, 0.04545, 0.04545, 0.04545, 0.04545, 
0, 0, 0, 0, 0, 0, 0, 0, 0, 0, 0, 0, 0, 0, 0, 0, 0, 0, 0, 0, 0, 
0, 0.81515, 0.87, 0.83969, 0.85256, 0.85495, 0.82548, 0.85355, 
0.85061, 0.86591, 0.86199, 0.88731, 0.81404, 0.85182, 0.83893, 
0.82875, 0.84011, 0.85131, 0.86574, 0.85061, 0.86035, 0.87251, 
0.88231, 0.0203, 0.0205, 0.0218, 0.0222, 0.0214, 0.0238, 0.0235, 
0.0252, 0.0267, 0.0273, 0.0274, 43.6, 47.3, 52.9, 55.8, 62.6, 
68.3, 69.6, 73.2, 77.2, 77.8, 77.8, 1, 1, 1, 1, 1, 1, 1, 1, 1, 
1, 1, 1, 1, 1, 1, 1, 1, 1, 1, 1, 1, 1, 1, 1, 1, 1, 1, 1, 1, 1, 
1, 1, 1, 1, 1, 1, 1, 1, 1, 1, 1, 1, 1, 1, 2.894, 3.175, 3.287, 
3.225, 3.008, 3.416, 3.19, 3.295, 3.343, 3.576, 3.316), .Dim = c(11L, 
40L), .Dimnames = list(NULL, c("Sampling", "PSO.cost", "PSO.gamma", 
"PSO.data.balancing", "PSO.feature.selection", "PSO.valid.acc", 
"PSO.test.acc", "PSO.train.time", "PSO.n.support.vectors", "PSO.index", 
"PSO.n.solutions", "PSO.generations", "PSO.n.evaluations", "PSO.cpu.time", 
"RS.cost", "RS.gamma", "RS.data.balancing", "RS.feature.selection", 
"RS.valid.acc", "RS.test.acc", "RS.train.time", "RS.n.support.vectors", 
"RS.index", "RS.n.solutions", "RS.generations", "RS.n.evaluations", 
"RS.cpu.time", "DF.cost", "DF.gamma", "DF.data.balancing", "DF.feature.selection", 
"DF.valid.acc", "DF.test.acc", "DF.train.time", "DF.n.support.vectors", 
"DF.index", "DF.n.solutions", "DF.generations", "DF.n.evaluations", 
"DF.cpu.time")))
