full <-
structure(c(50, 55, 60, 65, 70, 75, 80, 85, 90, 95, 100, 2.25473, 
1.29183, 3.59296, 1.26317, 0.80528, 6.87764, 8.44234, 7.67397, 
1.86413, 4.52251, 7.61214, -2.28532, -1.61817, -3.41532, -2.09925, 
-2.15348, -3.00515, -2.79202, -2.09027, -1.33321, -2.91463, -2.14239, 
0, 0, 0, 0, 0, 0, 0, 0, 0, 0, 0, 0, 0, 0, 0, 0, 0, 0, 0, 0, 0, 
0, 0.94, 0.93364, 0.93159, 0.93013, 0.92788, 0.94661, 0.93042, 
0.94134, 0.92774, 0.94181, 0.94368, 0.91889, 0.91545, 0.88904, 
0.90705, 0.93407, 0.93321, 0.93, 0.92921, 0.88784, 0.92047, 0.91842, 
0.023, 0.023, 0.0213, 0.024, 0.0251, 0.0258, 0.0259, 0.0283, 
0.0335, 0.0264, 0.0323, 64, 77.6, 50.8, 82.2, 86.5, 64.7, 75.8, 
99.8, 123.8, 75.2, 107.7, 1125, 312, 1888, 588, 1044, 159, 114, 
4, 42, 76, 62, 35, 192, 4, 417, 142, 863, 758, 1185, 787, 1011, 
1227, 100, 100, 100, 100, 100, 100, 100, 100, 100, 100, 100, 
2500, 2500, 2500, 2500, 2500, 2500, 2500, 2500, 2500, 2500, 2500, 
8422.358, 8274.347, 7795.157, 8207.037, 8262.613, 8414.36399999999, 
8783.68299999999, 8676.897, 8583.31200000001, 8233.47500000001, 
8741.46300000002, 2.03683, 10.05766, 11.09646, 1.68668, 2.83269, 
5.29822, 10.76206, 4.87527, 14.50021, 5.15545, 7.64286, -2.25903, 
-1.65783, -2.74083, -2.43968, -2.05061, -3.03083, -2.79524, -2.02488, 
-1.18486, -2.89503, -2.17146, 0, 0, 0, 0, 0, 0, 0, 0, 0, 0, 0, 
0, 0, 0, 0, 0, 0, 0, 0, 0, 0, 0, 0.94, 0.92455, 0.92325, 0.92244, 
0.92637, 0.94661, 0.93042, 0.94134, 0.92774, 0.94181, 0.94368, 
0.92889, 0.90545, 0.90583, 0.89872, 0.92637, 0.93321, 0.93, 0.92333, 
0.89928, 0.92047, 0.91842, 0.0209, 0.023, 0.0233, 0.025, 0.024, 
0.0251, 0.0265, 0.029, 0.032, 0.0283, 0.0335, 64.1, 77.6, 64.1, 
74.8, 87.3, 64.2, 75.6, 102.7, 127.8, 75.8, 106.9, 1090, 12, 
8, 644, 19, 156, 202, 327, 22, 85, 137, 2, 67, 205, 2, 40, 12, 
5, 9, 28, 16, 12, 100, 100, 100, 100, 100, 100, 100, 100, 100, 
100, 100, 2500, 2500, 2500, 2500, 2500, 2500, 2500, 2500, 2500, 
2500, 2500, 8244.86, 8214.863, 7906.818, 8047.869, 8302.56600000001, 
8550.421, 8485.35400000001, 8686.242, 8425.70500000002, 8806.647, 
8784.226, 1, 1, 1, 1, 1, 1, 1, 1, 1, 1, 1, 0.04545, 0.04545, 
0.04545, 0.04545, 0.04545, 0.04545, 0.04545, 0.04545, 0.04545, 
0.04545, 0.04545, 0, 0, 0, 0, 0, 0, 0, 0, 0, 0, 0, 0, 0, 0, 0, 
0, 0, 0, 0, 0, 0, 0, 0.84, 0.85, 0.87442, 0.86667, 0.87718, 0.89363, 
0.88625, 0.85743, 0.86496, 0.87251, 0.88763, 0.85, 0.85, 0.87366, 
0.89103, 0.87718, 0.89363, 0.87375, 0.85674, 0.85941, 0.87807, 
0.87737, 0.0204, 0.0198, 0.0223, 0.0221, 0.0225, 0.0241, 0.0247, 
0.026, 0.0272, 0.0264, 0.0272, 46.3, 49, 52.7, 55.1, 59.4, 61.1, 
66.7, 72.9, 73.5, 74.6, 78.7, 1, 1, 1, 1, 1, 1, 1, 1, 1, 1, 1, 
1, 1, 1, 1, 1, 1, 1, 1, 1, 1, 1, 1, 1, 1, 1, 1, 1, 1, 1, 1, 1, 
1, 1, 1, 1, 1, 1, 1, 1, 1, 1, 1, 1, 3.248, 2.95, 3.282, 3.219, 
3.356, 3.465, 3.565, 3.437, 3.388, 3.23, 3.174), .Dim = c(11L, 
40L), .Dimnames = list(NULL, c("Sampling", "PSO.cost", "PSO.gamma", 
"PSO.data.balancing", "PSO.feature.selection", "PSO.valid.acc", 
"PSO.test.acc", "PSO.train.time", "PSO.n.support.vectors", "PSO.index", 
"PSO.n.solutions", "PSO.generations", "PSO.n.evaluations", "PSO.cpu.time", 
"RS.cost", "RS.gamma", "RS.data.balancing", "RS.feature.selection", 
"RS.valid.acc", "RS.test.acc", "RS.train.time", "RS.n.support.vectors", 
"RS.index", "RS.n.solutions", "RS.generations", "RS.n.evaluations", 
"RS.cpu.time", "DF.cost", "DF.gamma", "DF.data.balancing", "DF.feature.selection", 
"DF.valid.acc", "DF.test.acc", "DF.train.time", "DF.n.support.vectors", 
"DF.index", "DF.n.solutions", "DF.generations", "DF.n.evaluations", 
"DF.cpu.time")))
