full <-
structure(c(50, 55, 60, 65, 70, 75, 80, 85, 90, 95, 100, 2.96295, 
5.19615, 7.67277, 11.20906, 2.45987, 1.71902, 5.71474, 2.4381, 
9.12863, 9.23415, 9.10884, -3.75921, -2.59639, -3.44344, -1.94671, 
-3.62738, -2.23338, -3.38034, -3.93998, -2.64631, -2.80605, -1.98195, 
0, 0, 0, 0, 0, 0, 0, 0, 0, 0, 0, 0, 0, 0, 0, 0, 0, 0, 0, 0, 0, 
0, 0.93758, 0.95348, 0.9317, 0.91465, 0.94945, 0.95238, 0.91865, 
0.94081, 0.9382, 0.94202, 0.95868, 0.9496, 0.90788, 0.90874, 
0.90696, 0.92033, 0.93946, 0.91828, 0.92316, 0.91565, 0.9362, 
0.94868, 0.0272, 0.0272, 0.0254, 0.0328, 0.0316, 0.0352, 0.0311, 
0.0344, 0.0365, 0.0389, 0.0426, 46.3, 62.5, 50.6, 81.9, 60.1, 
85.9, 59, 63.1, 83.2, 80.6, 113.4, 338, 19, 43, 57, 450, 533, 
42, 1008, 36, 85, 83, 666, 1183, 1070, 1182, 261, 42, 1235, 97, 
1208, 1206, 1415, 100, 100, 100, 100, 100, 100, 100, 100, 100, 
100, 100, 2500, 2500, 2500, 2500, 2500, 2500, 2500, 2500, 2500, 
2500, 2500, 14295.036, 14898.687, 17985.645, 18615.195, 18553.812, 
18889.292, 18649.569, 17995.69, 17875.048, 18323.926, 18890.675, 
3.493, 12.5974, 11.19038, 7.03597, 2.15931, 9.61632, 8.59485, 
2.25489, 7.98815, 11.32371, 10.00024, -4.06313, -2.2292, -3.21846, 
-2.0718, -3.46672, -2.09769, -3.48037, -3.65542, -3.06127, -2.85142, 
-1.96888, 0, 0, 0, 0, 0, 0, 0, 0, 0, 0, 0, 0, 0, 0, 0, 0, 0, 
0, 0, 0, 0, 0, 0.93758, 0.95348, 0.9317, 0.91465, 0.94945, 0.94571, 
0.91865, 0.93493, 0.9382, 0.94202, 0.95868, 0.9396, 0.90788, 
0.93386, 0.90696, 0.92033, 0.9328, 0.91828, 0.91691, 0.92153, 
0.9362, 0.94868, 0.0242, 0.0256, 0.0328, 0.0327, 0.0307, 0.0372, 
0.0344, 0.0331, 0.0379, 0.0407, 0.0451, 43, 68.2, 54.4, 79.9, 
62.7, 87, 56.2, 67.6, 71.4, 79.5, 113.6, 321, 19, 39, 19, 332, 
27, 42, 1099, 38, 82, 93, 2, 41, 52, 23, 4, 15, 50, 3, 40, 14, 
10, 100, 100, 100, 100, 100, 100, 100, 100, 100, 100, 100, 2500, 
2500, 2500, 2500, 2500, 2500, 2500, 2500, 2500, 2500, 2500, 14808.08, 
14728.383, 18503.42, 18555.369, 18455.76, 19132.99, 18369.366, 
17851.848, 17846.743, 18650.314, 17118.933, 1, 1, 1, 1, 1, 1, 
1, 1, 1, 1, 1, 0.04545, 0.04545, 0.04545, 0.04545, 0.04545, 0.04545, 
0.04545, 0.04545, 0.04545, 0.04545, 0.04545, 0, 0, 0, 0, 0, 0, 
0, 0, 0, 0, 0, 0, 0, 0, 0, 0, 0, 0, 0, 0, 0, 0, 0.84515, 0.86909, 
0.85723, 0.86007, 0.8763, 0.87714, 0.885, 0.88713, 0.87023, 0.88354, 
0.87105, 0.84404, 0.86242, 0.88223, 0.86007, 0.86916, 0.87714, 
0.885, 0.8875, 0.87578, 0.87272, 0.87632, 0.0241, 0.029, 0.0268, 
0.0281, 0.0313, 0.0292, 0.031, 0.036, 0.0349, 0.0313, 0.0414, 
50.8, 54.4, 56.4, 59.5, 60.3, 61.8, 63, 65.2, 72.5, 77.3, 77, 
1, 1, 1, 1, 1, 1, 1, 1, 1, 1, 1, 1, 1, 1, 1, 1, 1, 1, 1, 1, 1, 
1, 1, 1, 1, 1, 1, 1, 1, 1, 1, 1, 1, 1, 1, 1, 1, 1, 1, 1, 1, 1, 
1, 1, 5.883, 5.638, 7.443, 7.476, 7.437, 7.491, 7.441, 7.18, 
7.226, 7.428, 7.77), .Dim = c(11L, 40L), .Dimnames = list(NULL, 
    c("Sampling", "PSO.cost", "PSO.gamma", "PSO.data.balancing", 
    "PSO.feature.selection", "PSO.valid.acc", "PSO.test.acc", 
    "PSO.train.time", "PSO.n.support.vectors", "PSO.index", "PSO.n.solutions", 
    "PSO.generations", "PSO.n.evaluations", "PSO.cpu.time", "RS.cost", 
    "RS.gamma", "RS.data.balancing", "RS.feature.selection", 
    "RS.valid.acc", "RS.test.acc", "RS.train.time", "RS.n.support.vectors", 
    "RS.index", "RS.n.solutions", "RS.generations", "RS.n.evaluations", 
    "RS.cpu.time", "DF.cost", "DF.gamma", "DF.data.balancing", 
    "DF.feature.selection", "DF.valid.acc", "DF.test.acc", "DF.train.time", 
    "DF.n.support.vectors", "DF.index", "DF.n.solutions", "DF.generations", 
    "DF.n.evaluations", "DF.cpu.time")))
