full <-
structure(c(50, 55, 60, 65, 70, 75, 80, 85, 90, 95, 100, 3.92934, 
5.20363, 3.00082, 2.09077, 3.95766, 8.60648, 11.27013, 11.87174, 
15, 1.05721, 8.77558, -4.3853, -5.21284, -2.65901, -3.44224, 
-3.83808, -3.47967, -2.83599, -3.35338, -2.09452, -2.4838, -2.82538, 
0, 0, 0, 0, 0, 0, 0, 0, 0, 0, 0, 0, 0, 0, 0, 0, 0, 0, 0, 0, 0, 
0, 0.9303, 0.93621, 0.93182, 0.95321, 0.96311, 0.95369, 0.96833, 
0.97022, 0.95516, 0.96395, 0.95395, 0.9203, 0.92636, 0.91439, 
0.94487, 0.94828, 0.96702, 0.95542, 0.94081, 0.94405, 0.94813, 
0.94895, 0.0203, 0.02, 0.0224, 0.0225, 0.021, 0.0238, 0.025, 
0.0246, 0.0283, 0.0294, 0.0304, 33, 29, 63.9, 52.8, 45.6, 53.8, 
68.1, 59, 99.9, 98.8, 81.8, 311, 216, 78, 107, 172, 37, 45, 4, 
68, 417, 8, 296, 321, 630, 469, 984, 1103, 1183, 1128, 1454, 
104, 1249, 100, 100, 100, 100, 100, 100, 100, 100, 100, 100, 
100, 2500, 2500, 2500, 2500, 2500, 2500, 2500, 2500, 2500, 2500, 
2500, 7885.465, 7773.824, 7894.856, 7733.548, 7478.29000000001, 
7625.79999999999, 7786.224, 7569.416, 7739.03700000001, 7724.91699999999, 
7660.72399999999, 4.39618, 0.87289, 14.57542, 2.05092, 3.60764, 
7.54272, 14.40215, 6.52903, 5.2886, 1.51442, 12.51147, -4.61496, 
-3.13838, -2.66708, -3.42117, -3.6116, -3.39511, -2.90382, -3.25668, 
-2.67073, -2.45343, -2.79832, 0, 0, 0, 0, 0, 0, 0, 0, 0, 0, 0, 
0, 0, 0, 0, 0, 0, 0, 0, 0, 0, 0, 0.9303, 0.93455, 0.93182, 0.95321, 
0.96311, 0.95369, 0.96833, 0.97022, 0.95516, 0.95895, 0.95395, 
0.92939, 0.92545, 0.91439, 0.94487, 0.94161, 0.96702, 0.95542, 
0.94081, 0.93879, 0.95313, 0.94895, 0.0196, 0.022, 0.0223, 0.0219, 
0.0223, 0.0261, 0.026, 0.0247, 0.0271, 0.0288, 0.0299, 31, 51.6, 
63.7, 53.7, 48.5, 55.4, 66.4, 61.6, 81.4, 96, 82.4, 1173, 685, 
17, 1186, 257, 7, 21, 83, 71, 1378, 767, 1, 3, 13, 1, 3, 62, 
8, 14, 45, 4, 4, 100, 100, 100, 100, 100, 100, 100, 100, 100, 
100, 100, 2500, 2500, 2500, 2500, 2500, 2500, 2500, 2500, 2500, 
2500, 2500, 7759.388, 7846.804, 7807.018, 7859.751, 7643.81999999999, 
7737.18900000001, 7642.8, 7914.235, 7667.83199999999, 7648.83000000002, 
7641.899, 1, 1, 1, 1, 1, 1, 1, 1, 1, 1, 1, 0.04545, 0.04545, 
0.04545, 0.04545, 0.04545, 0.04545, 0.04545, 0.04545, 0.04545, 
0.04545, 0.04545, 0, 0, 0, 0, 0, 0, 0, 0, 0, 0, 0, 0, 0, 0, 0, 
0, 0, 0, 0, 0, 0, 0, 0.87828, 0.89727, 0.89015, 0.92179, 0.91194, 
0.90565, 0.89875, 0.88088, 0.89278, 0.87795, 0.87289, 0.87717, 
0.89727, 0.90682, 0.90641, 0.88172, 0.89185, 0.90542, 0.88676, 
0.89278, 0.87848, 0.86789, 0.0209, 0.0202, 0.022, 0.0199, 0.0222, 
0.0218, 0.0247, 0.0237, 0.0245, 0.0259, 0.0285, 42.6, 43.6, 46.3, 
47.8, 50.9, 55, 60.1, 63.9, 66.5, 72.8, 78, 1, 1, 1, 1, 1, 1, 
1, 1, 1, 1, 1, 1, 1, 1, 1, 1, 1, 1, 1, 1, 1, 1, 1, 1, 1, 1, 1, 
1, 1, 1, 1, 1, 1, 1, 1, 1, 1, 1, 1, 1, 1, 1, 1, 1, 3.12, 3.143, 
3.197, 2.781, 3.116, 2.975, 3.179, 2.98, 2.993, 2.982, 3.23), .Dim = c(11L, 
40L), .Dimnames = list(NULL, c("Sampling", "PSO.cost", "PSO.gamma", 
"PSO.data.balancing", "PSO.feature.selection", "PSO.valid.acc", 
"PSO.test.acc", "PSO.train.time", "PSO.n.support.vectors", "PSO.index", 
"PSO.n.solutions", "PSO.generations", "PSO.n.evaluations", "PSO.cpu.time", 
"RS.cost", "RS.gamma", "RS.data.balancing", "RS.feature.selection", 
"RS.valid.acc", "RS.test.acc", "RS.train.time", "RS.n.support.vectors", 
"RS.index", "RS.n.solutions", "RS.generations", "RS.n.evaluations", 
"RS.cpu.time", "DF.cost", "DF.gamma", "DF.data.balancing", "DF.feature.selection", 
"DF.valid.acc", "DF.test.acc", "DF.train.time", "DF.n.support.vectors", 
"DF.index", "DF.n.solutions", "DF.generations", "DF.n.evaluations", 
"DF.cpu.time")))
