full <-
structure(c(50, 55, 60, 65, 70, 75, 80, 85, 90, 95, 100, 2.98517, 
2.95461, 15, 4.81879, 0.3026, 1.31562, 4.29038, 2.31026, 3.18902, 
3.01462, 7.6047, -3.40618, -3.13215, -1.92852, -2.34032, -1.41871, 
-2.38794, -3.78623, -2.67897, -2.87258, -3.24793, -2.19923, 0, 
0, 0, 0, 0, 0, 0, 0, 0, 0, 0, 0, 0, 0, 0, 0, 0, 0, 0, 0, 0, 0, 
0.96778, 0.96515, 0.93333, 0.94359, 0.93495, 0.95333, 0.96875, 
0.95842, 0.94346, 0.9298, 0.95368, 0.96778, 0.9097, 0.925, 0.92051, 
0.93495, 0.93333, 0.93708, 0.94661, 0.95458, 0.92424, 0.93316, 
0.0265, 0.0262, 0.0293, 0.0357, 0.043, 0.0327, 0.0322, 0.0363, 
0.0352, 0.0313, 0.0402, 40.8, 47.6, 72.9, 67.6, 98.8, 80.8, 54.1, 
81.7, 76.7, 74.4, 104.5, 821, 643, 61, 289, 2058, 447, 797, 713, 
401, 114, 59, 207, 315, 1435, 261, 2, 50, 106, 194, 600, 519, 
841, 100, 100, 100, 100, 100, 100, 100, 100, 100, 100, 100, 2500, 
2500, 2500, 2500, 2500, 2500, 2500, 2500, 2500, 2500, 2500, 19914.03, 
19729.917, 21229.592, 21206.381, 21838.082, 22620.503, 18935.199, 
18903.573, 19050.026, 19330.242, 17928.707, 13.77035, 2.32008, 
0.90191, 1.42311, 0.98161, 3.51848, 4.14855, 1.77039, 3.26721, 
3.0652, 2.99789, -2.67079, -2.82955, -2.04031, -2.58094, -2.19, 
-1.75511, -3.75829, -2.95328, -3.0955, -3.49128, -2.13991, 0, 
0, 0, 0, 0, 0, 0, 0, 0, 0, 0, 0, 0, 0, 0, 0, 0, 0, 0, 0, 0, 0, 
0.95667, 0.96515, 0.93333, 0.94359, 0.93337, 0.94667, 0.96875, 
0.95253, 0.94346, 0.9298, 0.95368, 0.95667, 0.92788, 0.91667, 
0.92821, 0.94978, 0.94667, 0.93708, 0.95253, 0.95458, 0.92424, 
0.92816, 0.0302, 0.031, 0.0304, 0.0344, 0.0383, 0.0384, 0.0286, 
0.0353, 0.0376, 0.0282, 0.036, 50.5, 53.4, 73.6, 65.9, 79, 95.1, 
54.7, 76.9, 72.8, 69.3, 107.4, 11, 2024, 99, 642, 1983, 116, 
553, 34, 9, 96, 74, 65, 1, 40, 4, 1, 23, 1, 8, 3, 5, 27, 100, 
100, 100, 100, 100, 100, 100, 100, 100, 100, 100, 2500, 2500, 
2500, 2500, 2500, 2500, 2500, 2500, 2500, 2500, 2500, 20776.184, 
21357.148, 21130.399, 21343.58, 22498.072, 19909.245, 18825.4069999999, 
18959.093, 19242.028, 19303.61, 15254.578, 1, 1, 1, 1, 1, 1, 
1, 1, 1, 1, 1, 0.04545, 0.04545, 0.04545, 0.04545, 0.04545, 0.04545, 
0.04545, 0.04545, 0.04545, 0.04545, 0.04545, 0, 0, 0, 0, 0, 0, 
0, 0, 0, 0, 0, 0, 0, 0, 0, 0, 0, 0, 0, 0, 0, 0, 0.88737, 0.89803, 
0.87273, 0.87363, 0.8852, 0.88524, 0.88583, 0.89293, 0.87092, 
0.87152, 0.88158, 0.88646, 0.87985, 0.87273, 0.88196, 0.88418, 
0.88524, 0.88583, 0.88117, 0.87092, 0.87123, 0.87132, 0.0251, 
0.0308, 0.0311, 0.0334, 0.0325, 0.0332, 0.0337, 0.0312, 0.0354, 
0.0359, 0.0241, 41, 43.7, 49.8, 51.7, 56.2, 60.2, 63.7, 68.2, 
73, 75, 76.5, 1, 1, 1, 1, 1, 1, 1, 1, 1, 1, 1, 1, 1, 1, 1, 1, 
1, 1, 1, 1, 1, 1, 1, 1, 1, 1, 1, 1, 1, 1, 1, 1, 1, 1, 1, 1, 1, 
1, 1, 1, 1, 1, 1, 1, 8.294, 8.602, 8.414, 8.513, 9.043, 7.939, 
7.615, 7.313, 7.797, 6.711, 6.064), .Dim = c(11L, 40L), .Dimnames = list(
    NULL, c("Sampling", "PSO.cost", "PSO.gamma", "PSO.data.balancing", 
    "PSO.feature.selection", "PSO.valid.acc", "PSO.test.acc", 
    "PSO.train.time", "PSO.n.support.vectors", "PSO.index", "PSO.n.solutions", 
    "PSO.generations", "PSO.n.evaluations", "PSO.cpu.time", "RS.cost", 
    "RS.gamma", "RS.data.balancing", "RS.feature.selection", 
    "RS.valid.acc", "RS.test.acc", "RS.train.time", "RS.n.support.vectors", 
    "RS.index", "RS.n.solutions", "RS.generations", "RS.n.evaluations", 
    "RS.cpu.time", "DF.cost", "DF.gamma", "DF.data.balancing", 
    "DF.feature.selection", "DF.valid.acc", "DF.test.acc", "DF.train.time", 
    "DF.n.support.vectors", "DF.index", "DF.n.solutions", "DF.generations", 
    "DF.n.evaluations", "DF.cpu.time")))
