full <-
structure(c(50, 55, 60, 65, 70, 75, 80, 85, 90, 95, 100, 9.27112, 
11.18319, 15, 5.60328, 4.26041, 6.81232, 8.60101, 9.4028, 4.92644, 
2.26863, 1.42404, -2.30249, -2.10983, -1.34588, -2.94142, -2.24746, 
-1.96876, -1.92609, -1.67181, -2.97909, -3.10702, -1.98887, 0, 
0, 0, 0, 0, 0, 0, 0, 0, 0, 0, 0, 0, 0, 0, 0, 0, 0, 0, 0, 0, 0, 
0.92758, 0.92727, 0.91416, 0.96859, 0.94271, 0.94619, 0.93708, 
0.93999, 0.96108, 0.96199, 0.95444, 0.90869, 0.92636, 0.89814, 
0.94359, 0.92835, 0.92667, 0.89958, 0.93999, 0.94967, 0.95146, 
0.93333, 0.0311, 0.029, 0.0366, 0.0362, 0.0406, 0.0425, 0.046, 
0.0371, 0.0393, 0.0405, 0.0317, 63.1, 71.7, 89.3, 61.8, 78.8, 
90.5, 99.3, 110.2, 73.3, 78.7, 113.8, 50, 83, 205, 217, 39, 10, 
36, 22, 365, 232, 287, 1380, 614, 1173, 776, 1354, 1343, 1275, 
1168, 787, 783, 64, 100, 100, 100, 100, 100, 100, 100, 100, 100, 
100, 100, 2500, 2500, 2500, 2500, 2500, 2500, 2500, 2500, 2500, 
2500, 2500, 20628.912, 20946.104, 19979.504, 19887.847, 20397.545, 
21326.411, 19927.699, 19553.624, 21519.774, 19718.452, 17163.915, 
11.75874, 10.5094, 4.72872, 11.84617, 8.03906, 8.56394, 1.73417, 
13.38863, 9.37199, 1.73643, 1.51819, -2.53358, -2.22919, -2.81337, 
-2.90496, -2.34397, -2.10031, -2.30364, -1.61768, -3.02435, -2.88802, 
-1.99138, 0, 0, 0, 0, 0, 0, 0, 0, 0, 0, 0, 0, 0, 0, 0, 0, 0, 
0, 0, 0, 0, 0, 0.92758, 0.92727, 0.92045, 0.96859, 0.94271, 0.94619, 
0.93708, 0.93999, 0.96108, 0.95673, 0.95444, 0.9198, 0.93545, 
0.88625, 0.95192, 0.92121, 0.92, 0.90583, 0.93999, 0.94967, 0.9462, 
0.93889, 0.0337, 0.0344, 0.0341, 0.0354, 0.0292, 0.0353, 0.0392, 
0.038, 0.0411, 0.0343, 0.0343, 60.1, 69.3, 61.6, 62, 76.1, 86.3, 
90, 111.9, 71.8, 84.8, 113.4, 74, 409, 1295, 866, 187, 82, 238, 
128, 459, 832, 375, 50, 14, 1, 3, 22, 38, 13, 10, 7, 4, 1, 100, 
100, 100, 100, 100, 100, 100, 100, 100, 100, 100, 2500, 2500, 
2500, 2500, 2500, 2500, 2500, 2500, 2500, 2500, 2500, 21342.917, 
19813.248, 19837.865, 20035.794, 21072.68, 20640.71, 19467.999, 
19606.154, 21699.215, 19710.425, 14855.693, 1, 1, 1, 1, 1, 1, 
1, 1, 1, 1, 1, 0.04545, 0.04545, 0.04545, 0.04545, 0.04545, 0.04545, 
0.04545, 0.04545, 0.04545, 0.04545, 0.04545, 0, 0, 0, 0, 0, 0, 
0, 0, 0, 0, 0, 0, 0, 0, 0, 0, 0, 0, 0, 0, 0, 0, 0.86535, 0.83273, 
0.83625, 0.85934, 0.87121, 0.86476, 0.82292, 0.84669, 0.87081, 
0.86687, 0.8881, 0.86535, 0.83364, 0.83689, 0.85101, 0.86407, 
0.8581, 0.82917, 0.846, 0.85937, 0.87213, 0.88754, 0.0314, 0.031, 
0.0303, 0.0325, 0.039, 0.0345, 0.035, 0.0359, 0.038, 0.0283, 
0.032, 46.9, 49.9, 52.6, 55.6, 57.8, 61.9, 68.1, 69.8, 72.5, 
74.5, 78, 1, 1, 1, 1, 1, 1, 1, 1, 1, 1, 1, 1, 1, 1, 1, 1, 1, 
1, 1, 1, 1, 1, 1, 1, 1, 1, 1, 1, 1, 1, 1, 1, 1, 1, 1, 1, 1, 1, 
1, 1, 1, 1, 1, 1, 8.482, 7.745, 8.469, 8.064, 8.555, 7.974, 7.716, 
8.576, 8.59, 5.887, 6.252), .Dim = c(11L, 40L), .Dimnames = list(
    NULL, c("Sampling", "PSO.cost", "PSO.gamma", "PSO.data.balancing", 
    "PSO.feature.selection", "PSO.valid.acc", "PSO.test.acc", 
    "PSO.train.time", "PSO.n.support.vectors", "PSO.index", "PSO.n.solutions", 
    "PSO.generations", "PSO.n.evaluations", "PSO.cpu.time", "RS.cost", 
    "RS.gamma", "RS.data.balancing", "RS.feature.selection", 
    "RS.valid.acc", "RS.test.acc", "RS.train.time", "RS.n.support.vectors", 
    "RS.index", "RS.n.solutions", "RS.generations", "RS.n.evaluations", 
    "RS.cpu.time", "DF.cost", "DF.gamma", "DF.data.balancing", 
    "DF.feature.selection", "DF.valid.acc", "DF.test.acc", "DF.train.time", 
    "DF.n.support.vectors", "DF.index", "DF.n.solutions", "DF.generations", 
    "DF.n.evaluations", "DF.cpu.time")))
