full <-
structure(c(50, 55, 60, 65, 70, 75, 80, 85, 90, 95, 100, 2.01138, 
7.05684, 14.82577, 14.07015, 3.21011, 2.46286, 0.13574, 0.94979, 
14.58061, 15, 11.07362, -5.14064, -3.40932, -13.36939, -3.48545, 
-3.26703, -2.78294, -2.15907, -2.2493, -2.58707, -1.9459, -2.70654, 
0, 0, 0, 0, 0, 0, 0, 0, 0, 0, 0, 0, 0, 0, 0, 0, 0, 0, 0, 0, 0, 
0, 0.95, 0.94348, 0.93374, 0.94423, 0.95597, 0.9475, 0.94833, 
0.95772, 0.94967, 0.96287, 0.96421, 0.94, 0.94364, 0.91568, 0.92115, 
0.91256, 0.9275, 0.94167, 0.93967, 0.91601, 0.94178, 0.95342, 
0.0195, 0.0213, 0.0236, 0.0223, 0.0226, 0.0265, 0.0269, 0.0291, 
0.0275, 0.0304, 0.0282, 34.6, 48, 23.6, 51.2, 58.5, 73.7, 99.2, 
99.1, 82.9, 109.7, 85.4, 225, 43, 124, 110, 762, 431, 1135, 332, 
87, 241, 130, 915, 1375, 638, 948, 317, 596, 63, 508, 1129, 892, 
1065, 100, 100, 100, 100, 100, 100, 100, 100, 100, 100, 100, 
2500, 2500, 2500, 2500, 2500, 2500, 2500, 2500, 2500, 2500, 2500, 
7568.96, 7569.099, 7703.089, 7912.99, 7755.282, 7990.147, 7979.47199999999, 
7799.497, 7614.77500000001, 7860.54399999999, 7474.37299999999, 
0.80963, 5.73513, 4.92673, 11.21445, 3.52535, 2.14715, 0.37774, 
2.95909, 2.97292, 12.17655, 12.09655, -4.74313, -3.4997, -8.08707, 
-3.43692, -3.50381, -2.96898, -2.11471, -3.35338, -2.83668, -1.9553, 
-2.70019, 0, 0, 0, 0, 0, 0, 0, 0, 0, 0, 0, 0, 0, 0, 0, 0, 0, 
0, 0, 0, 0, 0, 0.95, 0.94348, 0.94143, 0.94423, 0.94883, 0.9475, 
0.94208, 0.95772, 0.94967, 0.96287, 0.96421, 0.94, 0.93364, 0.91568, 
0.92115, 0.89821, 0.93375, 0.94125, 0.94661, 0.92745, 0.94178, 
0.95342, 0.0209, 0.021, 0.0212, 0.0235, 0.0234, 0.0232, 0.0279, 
0.0245, 0.0273, 0.0309, 0.0307, 39.4, 46.9, 29.6, 51.7, 54.8, 
70, 99.1, 67.5, 80.5, 109.4, 85.4, 70, 99, 390, 119, 975, 145, 
505, 513, 139, 53, 220, 35, 17, 2, 19, 3, 1, 1, 3, 39, 6, 6, 
100, 100, 100, 100, 100, 100, 100, 100, 100, 100, 100, 2500, 
2500, 2500, 2500, 2500, 2500, 2500, 2500, 2500, 2500, 2500, 7562.58, 
7797.945, 7775.275, 7916.572, 7854.023, 7937.49000000001, 7936.708, 
7652.07299999999, 7824.04599999997, 7475.00200000001, 7795.21599999999, 
1, 1, 1, 1, 1, 1, 1, 1, 1, 1, 1, 0.04545, 0.04545, 0.04545, 0.04545, 
0.04545, 0.04545, 0.04545, 0.04545, 0.04545, 0.04545, 0.04545, 
0, 0, 0, 0, 0, 0, 0, 0, 0, 0, 0, 0, 0, 0, 0, 0, 0, 0, 0, 0, 0, 
0, 0.92, 0.90773, 0.89965, 0.89872, 0.89114, 0.87935, 0.8787, 
0.88002, 0.89379, 0.88827, 0.87605, 0.92, 0.89788, 0.90041, 0.89872, 
0.88399, 0.87268, 0.8662, 0.88591, 0.88824, 0.89354, 0.88132, 
0.0193, 0.021, 0.0208, 0.0229, 0.0227, 0.0238, 0.024, 0.0237, 
0.0259, 0.0253, 0.0275, 42.1, 46.1, 46.9, 50.7, 57.8, 63.2, 66.1, 
68.2, 70, 73.7, 77, 1, 1, 1, 1, 1, 1, 1, 1, 1, 1, 1, 1, 1, 1, 
1, 1, 1, 1, 1, 1, 1, 1, 1, 1, 1, 1, 1, 1, 1, 1, 1, 1, 1, 1, 1, 
1, 1, 1, 1, 1, 1, 1, 1, 1, 2.881, 3.213, 3.084, 3.197, 3.091, 
3.155, 3.083, 2.898, 3.096, 2.977, 3.06), .Dim = c(11L, 40L), .Dimnames = list(
    NULL, c("Sampling", "PSO.cost", "PSO.gamma", "PSO.data.balancing", 
    "PSO.feature.selection", "PSO.valid.acc", "PSO.test.acc", 
    "PSO.train.time", "PSO.n.support.vectors", "PSO.index", "PSO.n.solutions", 
    "PSO.generations", "PSO.n.evaluations", "PSO.cpu.time", "RS.cost", 
    "RS.gamma", "RS.data.balancing", "RS.feature.selection", 
    "RS.valid.acc", "RS.test.acc", "RS.train.time", "RS.n.support.vectors", 
    "RS.index", "RS.n.solutions", "RS.generations", "RS.n.evaluations", 
    "RS.cpu.time", "DF.cost", "DF.gamma", "DF.data.balancing", 
    "DF.feature.selection", "DF.valid.acc", "DF.test.acc", "DF.train.time", 
    "DF.n.support.vectors", "DF.index", "DF.n.solutions", "DF.generations", 
    "DF.n.evaluations", "DF.cpu.time")))
