full <-
structure(c(50, 55, 60, 65, 70, 75, 80, 85, 90, 95, 100, 2.38342, 
15, 10.16237, 7.47288, 13.73703, 2.47002, 1.49746, 5.46668, 3.1245, 
4.13842, 0.29736, -3.59789, -3.09322, -2.28981, -2.67225, -2.56124, 
-3.4977, -3.28778, -2.38293, -2.87044, -2.39557, -2.59912, 0, 
0, 0, 0, 0, 0, 0, 0, 0, 0, 0, 0, 0, 0, 0, 0, 0, 0, 0, 0, 0, 0, 
0.93778, 0.92712, 0.95682, 0.93773, 0.95095, 0.96, 0.9625, 0.95846, 
0.95421, 0.94088, 0.95447, 0.92778, 0.8997, 0.93106, 0.95311, 
0.94381, 0.94571, 0.95625, 0.94669, 0.94343, 0.93035, 0.93892, 
0.0194, 0.0215, 0.022, 0.0241, 0.0242, 0.0239, 0.0247, 0.029, 
0.0267, 0.0305, 0.0302, 45.4, 52.8, 70, 63.7, 69.6, 59.3, 69.4, 
84.3, 72.3, 93.1, 103.3, 1371, 61, 28, 36, 11, 882, 222, 199, 
605, 94, 1235, 43, 1289, 1183, 1309, 1023, 36, 184, 1118, 74, 
1413, 59, 100, 100, 100, 100, 100, 100, 100, 100, 100, 100, 100, 
2500, 2500, 2500, 2500, 2500, 2500, 2500, 2500, 2500, 2500, 2500, 
7173.538, 7092.025, 7103.493, 7273.539, 7611.08, 7683.895, 7680.31200000001, 
7749.58, 7677.45599999999, 7804.93800000002, 7736.834, 7.00765, 
10.56642, 11.92518, 9.76966, 4.26827, 8.67169, 1.6421, 11.41548, 
1.26743, 4.70578, 0.58587, -3.96927, -2.95494, -2.31702, -3.07668, 
-2.62619, -2.27234, -3.38905, -2.40092, -2.33129, -2.49866, -2.71472, 
0, 0, 0, 0, 0, 0, 0, 0, 0, 0, 0, 0, 0, 0, 0, 0, 0, 0, 0, 0, 0, 
0, 0.93, 0.92712, 0.95682, 0.93773, 0.95095, 0.95952, 0.9625, 
0.95846, 0.94866, 0.94088, 0.94421, 0.90667, 0.89061, 0.93106, 
0.95192, 0.94381, 0.95238, 0.95625, 0.94669, 0.9434, 0.93035, 
0.93892, 0.0201, 0.0217, 0.0224, 0.0228, 0.0248, 0.0265, 0.0244, 
0.0288, 0.03, 0.0299, 0.0302, 39.3, 54.9, 69.3, 54.6, 67.5, 82.1, 
67.9, 82.9, 93.9, 89, 98.3, 110, 45, 120, 14, 61, 74, 405, 307, 
436, 3, 1600, 51, 18, 11, 58, 13, 14, 1, 15, 8, 52, 3, 100, 100, 
100, 100, 100, 100, 100, 100, 100, 100, 100, 2500, 2500, 2500, 
2500, 2500, 2500, 2500, 2500, 2500, 2500, 2500, 7108.91, 7090.139, 
7177.327, 7374.12, 7634.932, 7679.43700000001, 7720.84300000001, 
7695.595, 7742.32800000001, 7779.98599999998, 7989.94700000001, 
1, 1, 1, 1, 1, 1, 1, 1, 1, 1, 1, 0.04545, 0.04545, 0.04545, 0.04545, 
0.04545, 0.04545, 0.04545, 0.04545, 0.04545, 0.04545, 0.04545, 
0, 0, 0, 0, 0, 0, 0, 0, 0, 0, 0, 0, 0, 0, 0, 0, 0, 0, 0, 0, 0, 
0, 0.88758, 0.87985, 0.89015, 0.89918, 0.89725, 0.89095, 0.8925, 
0.88676, 0.88123, 0.87377, 0.87813, 0.87758, 0.88894, 0.89015, 
0.89918, 0.89725, 0.89095, 0.8925, 0.88676, 0.87071, 0.87377, 
0.87813, 0.0201, 0.0206, 0.021, 0.0221, 0.0229, 0.0235, 0.0254, 
0.0256, 0.0265, 0.0267, 0.0286, 46.1, 48.1, 51.4, 53.2, 58.1, 
61.6, 65, 66.7, 68.3, 74.8, 78.5, 1, 1, 1, 1, 1, 1, 1, 1, 1, 
1, 1, 1, 1, 1, 1, 1, 1, 1, 1, 1, 1, 1, 1, 1, 1, 1, 1, 1, 1, 1, 
1, 1, 1, 1, 1, 1, 1, 1, 1, 1, 1, 1, 1, 1, 2.827, 2.842, 2.829, 
2.992, 3.044, 2.997, 3.056, 3.058, 3.16, 3.04, 3.281), .Dim = c(11L, 
40L), .Dimnames = list(NULL, c("Sampling", "PSO.cost", "PSO.gamma", 
"PSO.data.balancing", "PSO.feature.selection", "PSO.valid.acc", 
"PSO.test.acc", "PSO.train.time", "PSO.n.support.vectors", "PSO.index", 
"PSO.n.solutions", "PSO.generations", "PSO.n.evaluations", "PSO.cpu.time", 
"RS.cost", "RS.gamma", "RS.data.balancing", "RS.feature.selection", 
"RS.valid.acc", "RS.test.acc", "RS.train.time", "RS.n.support.vectors", 
"RS.index", "RS.n.solutions", "RS.generations", "RS.n.evaluations", 
"RS.cpu.time", "DF.cost", "DF.gamma", "DF.data.balancing", "DF.feature.selection", 
"DF.valid.acc", "DF.test.acc", "DF.train.time", "DF.n.support.vectors", 
"DF.index", "DF.n.solutions", "DF.generations", "DF.n.evaluations", 
"DF.cpu.time")))
