full <-
structure(c(50, 55, 60, 65, 70, 75, 80, 85, 90, 95, 100, 2.89447, 
13.14255, 4.51279, 4.05361, 2.94185, 7.90754, 8.11604, 5.38459, 
13.92055, 9.99272, 9.2753, -7.69862, -14.88808, -6.21234, -6.35887, 
-6.08743, -9.82411, -10.06687, -7.77028, -14.90963, -11.61526, 
-12.5369, 0, 0, 0, 0, 0, 0, 0, 0, 0, 0, 0, 0, 0, 0, 0, 0, 0, 
0, 0, 0, 0, 0, 0.96156, 0.97021, 0.96833, 0.96605, 0.96905, 0.97419, 
0.9757, 0.96445, 0.97269, 0.97401, 0.96989, 0.95129, 0.96045, 
0.95795, 0.95753, 0.9575, 0.96677, 0.9651, 0.95457, 0.96975, 
0.96207, 0.95075, 0.0584, 0.0545, 0.0634, 0.0643, 0.0652, 0.0691, 
0.0733, 0.082, 0.0774, 0.0845, 0.0861, 124.6, 121.7, 133.9, 141.9, 
150.9, 141.9, 149.5, 156.9, 154.5, 160.3, 171, 10, 21, 108, 912, 
396, 48, 92, 1122, 180, 80, 95, 80, 339, 285, 88, 270, 146, 148, 
52, 363, 356, 225, 100, 100, 100, 100, 100, 100, 100, 100, 100, 
100, 100, 2500, 2500, 2500, 2500, 2500, 2500, 2500, 2500, 2500, 
2500, 2500, 9160.291, 9221.174, 9034.824, 9280.495, 8812.84600000001, 
9055.576, 9129.644, 9328.344, 9612.459, 9707.03599999999, 9707.41399999999, 
6.98488, 10.67662, 4.39956, 4.39189, 2.44206, 11.99342, 12.18452, 
5.79585, 8.98991, 5.14341, 9.00629, -11.89673, -12.27039, -6.21191, 
-6.33859, -5.51651, -13.93335, -14.13488, -8.1991, -10.03181, 
-6.49269, -12.21521, 0, 0, 0, 0, 0, 0, 0, 0, 0, 0, 0, 0, 0, 0, 
0, 0, 0, 0, 0, 0, 0, 0, 0.96156, 0.97021, 0.96833, 0.96605, 0.96505, 
0.97419, 0.9757, 0.96445, 0.97269, 0.97671, 0.96989, 0.94048, 
0.96521, 0.95795, 0.95788, 0.9575, 0.96677, 0.9651, 0.95457, 
0.96672, 0.97073, 0.95345, 0.0533, 0.0602, 0.0611, 0.0625, 0.0702, 
0.0674, 0.0688, 0.0774, 0.0781, 0.0876, 0.0877, 123.5, 121.8, 
133.9, 141.3, 157, 139.9, 148.3, 155.7, 155.6, 173.4, 170.6, 
682, 129, 98, 1799, 125, 57, 226, 742, 44, 1248, 16, 4, 16, 6, 
1, 9, 10, 2, 1, 8, 2, 13, 100, 100, 100, 100, 100, 100, 100, 
100, 100, 100, 100, 2500, 2500, 2500, 2500, 2500, 2500, 2500, 
2500, 2500, 2500, 2500, 9212.202, 9209.396, 9245.889, 9472.841, 
9172.90599999999, 9315.018, 9525.139, 9395.821, 10091.535, 10196.651, 
10035.759, 1, 1, 1, 1, 1, 1, 1, 1, 1, 1, 1, 0.02941, 0.02941, 
0.02941, 0.02941, 0.02941, 0.02941, 0.02941, 0.02941, 0.02941, 
0.02941, 0.02941, 0, 0, 0, 0, 0, 0, 0, 0, 0, 0, 0, 0, 0, 0, 0, 
0, 0, 0, 0, 0, 0, 0, 0.93459, 0.93614, 0.95396, 0.93262, 0.94581, 
0.95246, 0.94482, 0.93236, 0.94529, 0.95366, 0.94541, 0.92436, 
0.92006, 0.94011, 0.92774, 0.95752, 0.95576, 0.9545, 0.93226, 
0.94831, 0.94239, 0.94527, 0.0561, 0.0615, 0.0674, 0.0662, 0.0741, 
0.0782, 0.0776, 0.0868, 0.09, 0.098, 0.1041, 134.4, 144.6, 155.6, 
166.5, 176.5, 186.5, 196.1, 206.3, 213.1, 220.1, 230.4, 1, 1, 
1, 1, 1, 1, 1, 1, 1, 1, 1, 1, 1, 1, 1, 1, 1, 1, 1, 1, 1, 1, 1, 
1, 1, 1, 1, 1, 1, 1, 1, 1, 1, 1, 1, 1, 1, 1, 1, 1, 1, 1, 1, 1, 
3.671, 3.545, 3.648, 3.552, 3.752, 3.771, 3.733, 3.593, 3.92, 
3.988, 3.718), .Dim = c(11L, 40L), .Dimnames = list(NULL, c("Sampling", 
"PSO.cost", "PSO.gamma", "PSO.data.balancing", "PSO.feature.selection", 
"PSO.valid.acc", "PSO.test.acc", "PSO.train.time", "PSO.n.support.vectors", 
"PSO.index", "PSO.n.solutions", "PSO.generations", "PSO.n.evaluations", 
"PSO.cpu.time", "RS.cost", "RS.gamma", "RS.data.balancing", "RS.feature.selection", 
"RS.valid.acc", "RS.test.acc", "RS.train.time", "RS.n.support.vectors", 
"RS.index", "RS.n.solutions", "RS.generations", "RS.n.evaluations", 
"RS.cpu.time", "DF.cost", "DF.gamma", "DF.data.balancing", "DF.feature.selection", 
"DF.valid.acc", "DF.test.acc", "DF.train.time", "DF.n.support.vectors", 
"DF.index", "DF.n.solutions", "DF.generations", "DF.n.evaluations", 
"DF.cpu.time")))
