full <-
structure(c(50, 55, 60, 65, 70, 75, 80, 85, 90, 95, 100, 7.60059, 
7.86782, 11.85347, 6.94079, 8.06589, 2.65181, 3.77248, 0.2964, 
9.19479, 3.71176, 10.94031, -9.88437, -10.60964, -14.12853, -8.80148, 
-11.71492, -4.71135, -7.02674, -4.69184, -9.54424, -5.15772, 
-12.13226, 0, 0, 0, 0, 0, 0, 0, 0, 0, 0, 0, 0, 0, 0, 0, 0, 0, 
0, 0, 0, 0, 0, 0.93974, 0.95516, 0.95057, 0.95412, 0.9648, 0.9587, 
0.96259, 0.95803, 0.96951, 0.96789, 0.97025, 0.93477, 0.94916, 
0.94105, 0.94578, 0.94892, 0.95049, 0.94912, 0.9419, 0.94526, 
0.95956, 0.96198, 0.0539, 0.0588, 0.0589, 0.0597, 0.0663, 0.082, 
0.0769, 0.096, 0.0828, 0.0923, 0.0889, 113.1, 122.1, 126.5, 131.8, 
142.4, 178.8, 158.7, 203.4, 158.6, 194.3, 167.2, 34, 236, 262, 
25, 81, 1699, 1154, 173, 77, 159, 83, 295, 85, 142, 278, 323, 
27, 45, 190, 214, 123, 354, 100, 100, 100, 100, 100, 100, 100, 
100, 100, 100, 100, 2500, 2500, 2500, 2500, 2500, 2500, 2500, 
2500, 2500, 2500, 2500, 7957.09, 8241.943, 8256.099, 8263.489, 
8313.291, 8510.32799999999, 8590.14599999999, 8568.038, 8608.54199999999, 
8931.011, 8932.321, 11.37571, 6.6054, 11.17133, 6.36005, 8.31984, 
2.29194, 3.86805, 0.50809, 3.47392, 3.74575, 8.73445, -13.56205, 
-9.33762, -13.39218, -8.15902, -11.72484, -5.75062, -7.12348, 
-5.31624, -5.82525, -5.24719, -9.90972, 0, 0, 0, 0, 0, 0, 0, 
0, 0, 0, 0, 0, 0, 0, 0, 0, 0, 0, 0, 0, 0, 0, 0.93974, 0.95516, 
0.95057, 0.95412, 0.9648, 0.955, 0.95914, 0.95803, 0.97254, 0.96789, 
0.97025, 0.93477, 0.94916, 0.94105, 0.94578, 0.94892, 0.9383, 
0.94912, 0.94523, 0.94838, 0.95956, 0.96198, 0.0522, 0.0527, 
0.0604, 0.0606, 0.0683, 0.0753, 0.0756, 0.0883, 0.0887, 0.0925, 
0.0931, 112.4, 122.8, 126.8, 132.7, 140.4, 165, 158.2, 198.7, 
179.7, 192.4, 168.6, 74, 788, 277, 1242, 99, 277, 51, 1081, 1540, 
2287, 369, 52, 2, 18, 2, 34, 4, 12, 1, 1, 1, 6, 100, 100, 100, 
100, 100, 100, 100, 100, 100, 100, 100, 2500, 2500, 2500, 2500, 
2500, 2500, 2500, 2500, 2500, 2500, 2500, 8151.079, 8234.362, 
8535.303, 8416.404, 8532.402, 8572.323, 8804.50200000001, 8820.005, 
9044.258, 9433.552, 9968.31, 1, 1, 1, 1, 1, 1, 1, 1, 1, 1, 1, 
0.02941, 0.02941, 0.02941, 0.02941, 0.02941, 0.02941, 0.02941, 
0.02941, 0.02941, 0.02941, 0.02941, 0, 0, 0, 0, 0, 0, 0, 0, 0, 
0, 0, 0, 0, 0, 0, 0, 0, 0, 0, 0, 0, 0, 0.90637, 0.90406, 0.91771, 
0.91622, 0.94538, 0.93079, 0.93533, 0.93856, 0.94205, 0.94518, 
0.94804, 0.90663, 0.90959, 0.91295, 0.91622, 0.93302, 0.93082, 
0.93533, 0.93888, 0.94205, 0.94509, 0.95095, 0.0588, 0.0622, 
0.0674, 0.0725, 0.0725, 0.0777, 0.0857, 0.0928, 0.0923, 0.0977, 
0.1131, 136.7, 147.6, 157.3, 169.6, 179.1, 187.6, 194.8, 206.8, 
214.9, 222.3, 227.9, 1, 1, 1, 1, 1, 1, 1, 1, 1, 1, 1, 1, 1, 1, 
1, 1, 1, 1, 1, 1, 1, 1, 1, 1, 1, 1, 1, 1, 1, 1, 1, 1, 1, 1, 1, 
1, 1, 1, 1, 1, 1, 1, 1, 1, 3.32, 3.323, 3.39, 3.396, 3.157, 3.237, 
3.435, 3.555, 3.352, 3.429, 3.829), .Dim = c(11L, 40L), .Dimnames = list(
    NULL, c("Sampling", "PSO.cost", "PSO.gamma", "PSO.data.balancing", 
    "PSO.feature.selection", "PSO.valid.acc", "PSO.test.acc", 
    "PSO.train.time", "PSO.n.support.vectors", "PSO.index", "PSO.n.solutions", 
    "PSO.generations", "PSO.n.evaluations", "PSO.cpu.time", "RS.cost", 
    "RS.gamma", "RS.data.balancing", "RS.feature.selection", 
    "RS.valid.acc", "RS.test.acc", "RS.train.time", "RS.n.support.vectors", 
    "RS.index", "RS.n.solutions", "RS.generations", "RS.n.evaluations", 
    "RS.cpu.time", "DF.cost", "DF.gamma", "DF.data.balancing", 
    "DF.feature.selection", "DF.valid.acc", "DF.test.acc", "DF.train.time", 
    "DF.n.support.vectors", "DF.index", "DF.n.solutions", "DF.generations", 
    "DF.n.evaluations", "DF.cpu.time")))
