full <-
structure(c(50, 55, 60, 65, 70, 75, 80, 85, 90, 95, 100, 6.05353, 
10.10303, 11.05345, 13.20622, 12.7171, 2.64249, 8.65983, 2.03393, 
9.3724, 3.86482, 9.35423, -8.51999, -12.5744, -12.60225, -5.4079, 
-7.73988, -5.88963, -11.26031, -5.3371, -10.95071, -6.14426, 
-12.40623, 0, 0, 0, 0, 0, 0, 0, 0, 0, 0, 0, 0, 0, 0, 0, 0, 0, 
0, 0, 0, 0, 0, 0.93558, 0.9559, 0.96247, 0.96644, 0.96059, 0.95613, 
0.96189, 0.96062, 0.97565, 0.97108, 0.9753, 0.92973, 0.9404, 
0.95834, 0.96228, 0.94535, 0.93072, 0.95523, 0.94737, 0.95761, 
0.96822, 0.95893, 0.0546, 0.0558, 0.0543, 0.0647, 0.0661, 0.0744, 
0.0715, 0.0838, 0.078, 0.0861, 0.0879, 115.7, 121.7, 124.8, 152.7, 
144, 166.9, 146.4, 184.1, 156.8, 181.8, 172.5, 65, 97, 929, 59, 
31, 289, 177, 864, 313, 52, 231, 55, 205, 10, 1441, 1478, 289, 
366, 48, 120, 507, 99, 100, 100, 100, 100, 100, 100, 100, 100, 
100, 100, 100, 2500, 2500, 2500, 2500, 2500, 2500, 2500, 2500, 
2500, 2500, 2500, 8954.278, 9202.112, 8963.538, 9037.745, 8662.996, 
9252.106, 9193.58500000001, 9445.96399999999, 9661.421, 9900.962, 
9778.25900000002, 10.56464, 9.81848, 7.8906, 5.71741, 14.6205, 
8.78021, 9.26249, 4.787, 10.08866, 6.88478, 9.02518, -13.01199, 
-12.47163, -8.96503, -5.29828, -7.78674, -12.16832, -12.15621, 
-6.74512, -11.71383, -9.8375, -12.06805, 0, 0, 0, 0, 0, 0, 0, 
0, 0, 0, 0, 0, 0, 0, 0, 0, 0, 0, 0, 0, 0, 0, 0.93558, 0.9559, 
0.96204, 0.96644, 0.96059, 0.9524, 0.96189, 0.9577, 0.97565, 
0.96822, 0.9753, 0.92418, 0.93564, 0.95852, 0.95811, 0.9492, 
0.927, 0.95523, 0.9479, 0.95761, 0.97116, 0.95893, 0.0567, 0.0556, 
0.0621, 0.0634, 0.0658, 0.0676, 0.0718, 0.0826, 0.0788, 0.0833, 
0.0872, 113.5, 122.1, 126.7, 154.4, 144, 147.7, 147.4, 164.1, 
156.8, 167.3, 172.5, 27, 124, 3, 34, 44, 407, 15, 15, 311, 177, 
391, 4, 27, 220, 63, 51, 12, 27, 9, 8, 9, 8, 100, 100, 100, 100, 
100, 100, 100, 100, 100, 100, 100, 2500, 2500, 2500, 2500, 2500, 
2500, 2500, 2500, 2500, 2500, 2500, 9207.132, 9232.2, 8934.04399999999, 
8877.38499999999, 9131.39599999999, 9373.731, 9541.977, 9771.00900000002, 
10072.978, 10242.869, 10266.358, 1, 1, 1, 1, 1, 1, 1, 1, 1, 1, 
1, 0.02941, 0.02941, 0.02941, 0.02941, 0.02941, 0.02941, 0.02941, 
0.02941, 0.02941, 0.02941, 0.02941, 0, 0, 0, 0, 0, 0, 0, 0, 0, 
0, 0, 0, 0, 0, 0, 0, 0, 0, 0, 0, 0, 0, 0.8808, 0.89633, 0.93009, 
0.93714, 0.93721, 0.92727, 0.9345, 0.94488, 0.95384, 0.9478, 
0.96178, 0.89783, 0.90635, 0.92596, 0.94067, 0.92521, 0.93441, 
0.93438, 0.94738, 0.95082, 0.95654, 0.9563, 0.0571, 0.0594, 0.0603, 
0.0682, 0.0743, 0.0795, 0.0804, 0.0876, 0.0892, 0.0978, 0.1054, 
132.4, 145.1, 155.6, 167.1, 178.6, 188.6, 196.2, 206.1, 212.9, 
221.1, 229.1, 1, 1, 1, 1, 1, 1, 1, 1, 1, 1, 1, 1, 1, 1, 1, 1, 
1, 1, 1, 1, 1, 1, 1, 1, 1, 1, 1, 1, 1, 1, 1, 1, 1, 1, 1, 1, 1, 
1, 1, 1, 1, 1, 1, 1, 3.688, 3.52, 3.521, 3.459, 3.613, 3.731, 
3.73, 3.862, 3.953, 3.982, 3.965), .Dim = c(11L, 40L), .Dimnames = list(
    NULL, c("Sampling", "PSO.cost", "PSO.gamma", "PSO.data.balancing", 
    "PSO.feature.selection", "PSO.valid.acc", "PSO.test.acc", 
    "PSO.train.time", "PSO.n.support.vectors", "PSO.index", "PSO.n.solutions", 
    "PSO.generations", "PSO.n.evaluations", "PSO.cpu.time", "RS.cost", 
    "RS.gamma", "RS.data.balancing", "RS.feature.selection", 
    "RS.valid.acc", "RS.test.acc", "RS.train.time", "RS.n.support.vectors", 
    "RS.index", "RS.n.solutions", "RS.generations", "RS.n.evaluations", 
    "RS.cpu.time", "DF.cost", "DF.gamma", "DF.data.balancing", 
    "DF.feature.selection", "DF.valid.acc", "DF.test.acc", "DF.train.time", 
    "DF.n.support.vectors", "DF.index", "DF.n.solutions", "DF.generations", 
    "DF.n.evaluations", "DF.cpu.time")))
