full <-
structure(c(50, 55, 60, 65, 70, 75, 80, 85, 90, 95, 100, 4.90705, 
9.84443, 4.47323, 3.40369, 4.31429, 6.5262, 11.10296, 8.09559, 
8.98573, 6.0736, 2.29867, -6.54033, -4.14121, -3.66247, -5.72048, 
-9.6751, -9.37396, -14.4384, -5.45223, -12.80351, -8.89225, -5.75641, 
0, 0, 0, 0, 0, 0, 0, 0, 0, 0, 0, 0, 0, 0, 0, 0, 0, 0, 0, 0, 0, 
0, 0.95574, 0.95536, 0.94975, 0.97462, 0.96089, 0.96704, 0.96218, 
0.95793, 0.96918, 0.97672, 0.97267, 0.92355, 0.94655, 0.93607, 
0.96611, 0.95377, 0.95973, 0.96884, 0.94176, 0.95089, 0.97108, 
0.95623, 0.056, 0.0599, 0.0683, 0.065, 0.0699, 0.0699, 0.0717, 
0.0846, 0.0768, 0.0847, 0.0949, 115.7, 146.8, 163.6, 144.9, 159.8, 
142.6, 147.8, 176.2, 165.6, 166.1, 194.8, 7, 189, 31, 737, 492, 
481, 172, 22, 56, 46, 403, 1913, 319, 1042, 102, 45, 12, 92, 
1301, 73, 337, 377, 100, 100, 100, 100, 100, 100, 100, 100, 100, 
100, 100, 2500, 2500, 2500, 2500, 2500, 2500, 2500, 2500, 2500, 
2500, 2500, 9147.805, 9398.393, 9255.139, 9085.651, 8974.196, 
9177.10400000001, 9170.164, 9435.32799999999, 9770.60800000001, 
9143.41, 9457.31399999998, 13.83241, 3.08684, 6.20955, 3.48542, 
6.87991, 11.83829, 10.69592, 7.7618, 10.01835, 8.3249, 2.14055, 
-11.00864, -4.33509, -3.68581, -5.71718, -12.24652, -8.71116, 
-14.00767, -5.47347, -13.84642, -11.12806, -5.50937, 0, 0, 0, 
0, 0, 0, 0, 0, 0, 0, 0, 0, 0, 0, 0, 0, 0, 0, 0, 0, 0, 0, 0.95574, 
0.95536, 0.94975, 0.97462, 0.96089, 0.96703, 0.96218, 0.95793, 
0.96918, 0.97672, 0.97267, 0.92355, 0.95131, 0.93607, 0.96611, 
0.95377, 0.95973, 0.96884, 0.94176, 0.95089, 0.97108, 0.95893, 
0.0543, 0.0637, 0.069, 0.0645, 0.0687, 0.0675, 0.0712, 0.08, 
0.0817, 0.0804, 0.0956, 109.1, 144, 163.4, 145, 159.2, 142.1, 
147.6, 176, 165.5, 163.8, 197.8, 14, 1705, 2, 76, 513, 1, 370, 
21, 138, 20, 461, 475, 1, 40, 3, 1, 147, 4, 29, 6, 48, 2, 100, 
100, 100, 100, 100, 100, 100, 100, 100, 100, 100, 2500, 2500, 
2500, 2500, 2500, 2500, 2500, 2500, 2500, 2500, 2500, 9188.85, 
9276.087, 8941.117, 8876.001, 9379.371, 9385.41800000001, 9531.875, 
9789.60000000001, 9731.98800000001, 9728.663, 9999.916, 1, 1, 
1, 1, 1, 1, 1, 1, 1, 1, 1, 0.02941, 0.02941, 0.02941, 0.02941, 
0.02941, 0.02941, 0.02941, 0.02941, 0.02941, 0.02941, 0.02941, 
0, 0, 0, 0, 0, 0, 0, 0, 0, 0, 0, 0, 0, 0, 0, 0, 0, 0, 0, 0, 0, 
0, 0.89538, 0.90719, 0.92159, 0.95378, 0.94515, 0.94505, 0.94838, 
0.93472, 0.95089, 0.95054, 0.95631, 0.90776, 0.91674, 0.92592, 
0.94943, 0.95747, 0.95207, 0.95528, 0.93794, 0.95089, 0.95054, 
0.94805, 0.0528, 0.0594, 0.0654, 0.0672, 0.0735, 0.0769, 0.0828, 
0.0873, 0.0928, 0.0972, 0.105, 133, 146.3, 154.4, 165.2, 173.6, 
182.8, 191.8, 202.3, 212.4, 219.2, 230.3, 1, 1, 1, 1, 1, 1, 1, 
1, 1, 1, 1, 1, 1, 1, 1, 1, 1, 1, 1, 1, 1, 1, 1, 1, 1, 1, 1, 1, 
1, 1, 1, 1, 1, 1, 1, 1, 1, 1, 1, 1, 1, 1, 1, 1, 3.638, 3.576, 
3.612, 3.533, 3.708, 3.683, 3.791, 3.939, 3.717, 3.806, 3.794
), .Dim = c(11L, 40L), .Dimnames = list(NULL, c("Sampling", "PSO.cost", 
"PSO.gamma", "PSO.data.balancing", "PSO.feature.selection", "PSO.valid.acc", 
"PSO.test.acc", "PSO.train.time", "PSO.n.support.vectors", "PSO.index", 
"PSO.n.solutions", "PSO.generations", "PSO.n.evaluations", "PSO.cpu.time", 
"RS.cost", "RS.gamma", "RS.data.balancing", "RS.feature.selection", 
"RS.valid.acc", "RS.test.acc", "RS.train.time", "RS.n.support.vectors", 
"RS.index", "RS.n.solutions", "RS.generations", "RS.n.evaluations", 
"RS.cpu.time", "DF.cost", "DF.gamma", "DF.data.balancing", "DF.feature.selection", 
"DF.valid.acc", "DF.test.acc", "DF.train.time", "DF.n.support.vectors", 
"DF.index", "DF.n.solutions", "DF.generations", "DF.n.evaluations", 
"DF.cpu.time")))
