full <-
structure(c(50, 55, 60, 65, 70, 75, 80, 85, 90, 95, 100, 9.10275, 
2.17303, 15, 7.49538, 4.80583, 4.2492, 10.57407, 1.00152, 4.10594, 
4.88029, 7.04502, -3.25418, -4.96197, -5.77087, -10.06339, -7.10847, 
-6.12007, -3.91573, -4.41298, -8.28978, -6.55958, -9.2499, 0, 
0, 0, 0, 0, 0, 0, 0, 0, 0, 0, 0, 0, 0, 0, 0, 0, 0, 0, 0, 0, 0, 
0.95604, 0.96807, 0.94595, 0.96608, 0.96904, 0.98214, 0.97609, 
0.96677, 0.966, 0.96849, 0.97237, 0.93493, 0.948, 0.92753, 0.95794, 
0.9581, 0.95289, 0.97264, 0.96343, 0.95965, 0.96252, 0.97785, 
0.0617, 0.0603, 0.0609, 0.063, 0.0702, 0.0723, 0.0944, 0.0904, 
0.0796, 0.0835, 0.0871, 144.3, 139.8, 139.1, 133.1, 144.1, 159.8, 
202.1, 199.4, 170, 170.2, 169.5, 29, 526, 51, 118, 971, 437, 
12, 15, 216, 23, 8, 1026, 49, 999, 88, 15, 354, 1185, 68, 47, 
286, 502, 100, 100, 100, 100, 100, 100, 100, 100, 100, 100, 100, 
2500, 2500, 2500, 2500, 2500, 2500, 2500, 2500, 2500, 2500, 2500, 
9095.334, 9180.38, 9167.6, 8901.771, 9413.04699999999, 9282.91200000001, 
9448.492, 9381.98800000001, 9060.022, 9042.212, 9544.24599999998, 
11.90943, 10.69035, 14.34619, 8.65039, 4.98449, 4.2495, 1.72121, 
11.10298, 8.87901, 9.11017, 8.83752, -3.2305, -13.93698, -5.97497, 
-11.23022, -7.66657, -6.26294, -3.83531, -14.77244, -13.11715, 
-10.92228, -11.60246, 0, 0, 0, 0, 0, 0, 0, 0, 0, 0, 0, 0, 0, 
0, 0, 0, 0, 0, 0, 0, 0, 0, 0.95604, 0.96863, 0.94595, 0.96608, 
0.96534, 0.98214, 0.97954, 0.96354, 0.966, 0.96849, 0.97237, 
0.93493, 0.9631, 0.92753, 0.95794, 0.95011, 0.95289, 0.97264, 
0.96354, 0.96277, 0.95949, 0.9723, 0.0622, 0.0562, 0.0637, 0.0615, 
0.0658, 0.0688, 0.0939, 0.0763, 0.0789, 0.0793, 0.0892, 144.4, 
122.2, 137.1, 133, 141.8, 158.5, 205.3, 159.7, 166.9, 157.6, 
170.3, 281, 841, 38, 305, 266, 2274, 772, 41, 349, 11, 26, 17, 
8, 84, 5, 7, 2, 1, 35, 3, 40, 61, 100, 100, 100, 100, 100, 100, 
100, 100, 100, 100, 100, 2500, 2500, 2500, 2500, 2500, 2500, 
2500, 2500, 2500, 2500, 2500, 8712.243, 9353.344, 9046.64, 9209.56600000001, 
9491.743, 9301.417, 9469.93700000001, 9528.35800000001, 9384.68700000001, 
9710.45000000001, 10313.477, 1, 1, 1, 1, 1, 1, 1, 1, 1, 1, 1, 
0.02941, 0.02941, 0.02941, 0.02941, 0.02941, 0.02941, 0.02941, 
0.02941, 0.02941, 0.02941, 0.02941, 0, 0, 0, 0, 0, 0, 0, 0, 0, 
0, 0, 0, 0, 0, 0, 0, 0, 0, 0, 0, 0, 0, 0.91871, 0.93324, 0.91738, 
0.94216, 0.94994, 0.94245, 0.95552, 0.94782, 0.94761, 0.94234, 
0.95321, 0.93139, 0.92242, 0.92714, 0.94184, 0.95394, 0.94959, 
0.94838, 0.9475, 0.95065, 0.95386, 0.95606, 0.0548, 0.0592, 0.0692, 
0.0691, 0.0754, 0.0752, 0.0792, 0.0841, 0.0882, 0.0988, 0.1011, 
135.2, 147.5, 156.9, 168.1, 176.5, 189.4, 193, 202.5, 212.7, 
220.8, 229.9, 1, 1, 1, 1, 1, 1, 1, 1, 1, 1, 1, 1, 1, 1, 1, 1, 
1, 1, 1, 1, 1, 1, 1, 1, 1, 1, 1, 1, 1, 1, 1, 1, 1, 1, 1, 1, 1, 
1, 1, 1, 1, 1, 1, 1, 3.24, 3.435, 3.572, 3.78, 3.675, 3.639, 
3.719, 3.711, 3.59, 3.797, 3.944), .Dim = c(11L, 40L), .Dimnames = list(
    NULL, c("Sampling", "PSO.cost", "PSO.gamma", "PSO.data.balancing", 
    "PSO.feature.selection", "PSO.valid.acc", "PSO.test.acc", 
    "PSO.train.time", "PSO.n.support.vectors", "PSO.index", "PSO.n.solutions", 
    "PSO.generations", "PSO.n.evaluations", "PSO.cpu.time", "RS.cost", 
    "RS.gamma", "RS.data.balancing", "RS.feature.selection", 
    "RS.valid.acc", "RS.test.acc", "RS.train.time", "RS.n.support.vectors", 
    "RS.index", "RS.n.solutions", "RS.generations", "RS.n.evaluations", 
    "RS.cpu.time", "DF.cost", "DF.gamma", "DF.data.balancing", 
    "DF.feature.selection", "DF.valid.acc", "DF.test.acc", "DF.train.time", 
    "DF.n.support.vectors", "DF.index", "DF.n.solutions", "DF.generations", 
    "DF.n.evaluations", "DF.cpu.time")))
