full <-
structure(c(50, 55, 60, 65, 70, 75, 80, 85, 90, 95, 100, 3.61421, 
8.22605, 4.01505, 3.64211, 14.83339, 13.86771, 3.89924, 8.96684, 
8.84563, 13.76472, 4.03792, -3.44788, -4.17175, -7.19098, -5.73558, 
-14.27817, -14.44353, -7.23887, -11.91538, -11.90026, -14.98542, 
-7.30429, 0, 0, 0, 0, 0, 0, 0, 0, 0, 0, 0, 0, 0, 0, 0, 0, 0, 
0, 0, 0, 0, 0, 0.96199, 0.97548, 0.95921, 0.95882, 0.97646, 0.95949, 
0.95883, 0.97407, 0.96347, 0.95956, 0.97252, 0.95026, 0.96021, 
0.9449, 0.9544, 0.97631, 0.95182, 0.95193, 0.9647, 0.96669, 0.95065, 
0.96434, 0.0641, 0.0612, 0.0586, 0.0612, 0.0642, 0.0679, 0.0734, 
0.0746, 0.0807, 0.0793, 0.0937, 142.5, 146.3, 131.1, 146.2, 137.5, 
142.7, 159.6, 154.3, 160.5, 159.9, 180.2, 308, 20, 593, 781, 
2, 91, 366, 53, 330, 424, 127, 632, 1585, 47, 305, 2073, 239, 
125, 230, 84, 59, 37, 100, 100, 100, 100, 100, 100, 100, 100, 
100, 100, 100, 2500, 2500, 2500, 2500, 2500, 2500, 2500, 2500, 
2500, 2500, 2500, 9178.111, 8850.964, 8965.625, 8967.286, 8841.425, 
9104.16, 9228.17, 9316.65800000001, 9569.435, 9688.43700000001, 
9953.927, 5.68419, 11.27428, 2.81667, 3.83583, 4.91023, 7.98772, 
3.14865, 5.88281, 5.49864, 13.05834, 10.03547, -3.42802, -4.07237, 
-6.06188, -5.91566, -6.66275, -8.7851, -6.38265, -8.91977, -8.56892, 
-14.28674, -13.20317, 0, 0, 0, 0, 0, 0, 0, 0, 0, 0, 0, 0, 0, 
0, 0, 0, 0, 0, 0, 0, 0, 0, 0.96199, 0.97548, 0.95921, 0.95882, 
0.98031, 0.95949, 0.95883, 0.97407, 0.96347, 0.95956, 0.97252, 
0.95026, 0.96021, 0.9449, 0.95024, 0.97246, 0.95553, 0.9555, 
0.96136, 0.96072, 0.95065, 0.97252, 0.0621, 0.0636, 0.0605, 0.0652, 
0.0637, 0.0683, 0.0764, 0.073, 0.0798, 0.0838, 0.0872, 142.6, 
147.1, 136.3, 144.2, 148.3, 145.8, 163.3, 158.1, 164.1, 159.8, 
172.8, 274, 6, 224, 709, 39, 35, 797, 199, 410, 1954, 299, 6, 
63, 3, 3, 15, 23, 2, 17, 9, 1, 1, 100, 100, 100, 100, 100, 100, 
100, 100, 100, 100, 100, 2500, 2500, 2500, 2500, 2500, 2500, 
2500, 2500, 2500, 2500, 2500, 8796.568, 8890.618, 9085.497, 9137.31100000001, 
9376.59600000001, 9423.716, 9414.376, 9720.84599999999, 10152.314, 
10285.517, 10352.59, 1, 1, 1, 1, 1, 1, 1, 1, 1, 1, 1, 0.02941, 
0.02941, 0.02941, 0.02941, 0.02941, 0.02941, 0.02941, 0.02941, 
0.02941, 0.02941, 0.02941, 0, 0, 0, 0, 0, 0, 0, 0, 0, 0, 0, 0, 
0, 0, 0, 0, 0, 0, 0, 0, 0, 0, 0.90748, 0.93091, 0.92251, 0.92504, 
0.94123, 0.93354, 0.93443, 0.93876, 0.9394, 0.94796, 0.94797, 
0.92385, 0.91035, 0.92727, 0.92486, 0.94108, 0.93724, 0.93813, 
0.93543, 0.9485, 0.94796, 0.94804, 0.0573, 0.0593, 0.0628, 0.0673, 
0.0755, 0.0779, 0.0823, 0.0862, 0.0902, 0.104, 0.1006, 135.9, 
144.7, 155.4, 166.8, 177.8, 186.2, 195.8, 205.1, 211.2, 219.6, 
227.7, 1, 1, 1, 1, 1, 1, 1, 1, 1, 1, 1, 1, 1, 1, 1, 1, 1, 1, 
1, 1, 1, 1, 1, 1, 1, 1, 1, 1, 1, 1, 1, 1, 1, 1, 1, 1, 1, 1, 1, 
1, 1, 1, 1, 1, 3.564, 3.592, 3.425, 3.446, 3.611, 3.673, 3.529, 
3.821, 3.862, 4.061, 3.909), .Dim = c(11L, 40L), .Dimnames = list(
    NULL, c("Sampling", "PSO.cost", "PSO.gamma", "PSO.data.balancing", 
    "PSO.feature.selection", "PSO.valid.acc", "PSO.test.acc", 
    "PSO.train.time", "PSO.n.support.vectors", "PSO.index", "PSO.n.solutions", 
    "PSO.generations", "PSO.n.evaluations", "PSO.cpu.time", "RS.cost", 
    "RS.gamma", "RS.data.balancing", "RS.feature.selection", 
    "RS.valid.acc", "RS.test.acc", "RS.train.time", "RS.n.support.vectors", 
    "RS.index", "RS.n.solutions", "RS.generations", "RS.n.evaluations", 
    "RS.cpu.time", "DF.cost", "DF.gamma", "DF.data.balancing", 
    "DF.feature.selection", "DF.valid.acc", "DF.test.acc", "DF.train.time", 
    "DF.n.support.vectors", "DF.index", "DF.n.solutions", "DF.generations", 
    "DF.n.evaluations", "DF.cpu.time")))
