full <-
structure(c(50, 55, 60, 65, 70, 75, 80, 85, 90, 95, 100, 4.83883, 
1.94796, 4.66189, 3.71709, 3.14799, 4.26905, 8.93889, 7.67374, 
1.37571, 4.50559, 5.98032, -7.83361, -5.25419, -6.86734, -7.33863, 
-6.49033, -6.68402, -12.93138, -9.85868, -4.2722, -7.85911, -10.03226, 
0, 0, 0, 0, 0, 0, 0, 0, 0, 0, 0, 0, 0, 0, 0, 0, 0, 0, 0, 0, 0, 
0, 0.97242, 0.96619, 0.96751, 0.97462, 0.95676, 0.96309, 0.96893, 
0.96717, 0.9695, 0.97721, 0.96448, 0.9616, 0.96167, 0.96295, 
0.96611, 0.95662, 0.94534, 0.93453, 0.95435, 0.9604, 0.97427, 
0.95643, 0.0525, 0.0604, 0.0588, 0.0615, 0.0691, 0.0696, 0.0723, 
0.0746, 0.1016, 0.0892, 0.0903, 110.2, 130.8, 128.7, 133.8, 145.6, 
146.7, 152.8, 153, 207.5, 169.6, 181.6, 175, 1648, 22, 72, 4, 
818, 159, 657, 238, 619, 3, 246, 23, 278, 577, 158, 63, 71, 161, 
386, 81, 184, 100, 100, 100, 100, 100, 100, 100, 100, 100, 100, 
100, 2500, 2500, 2500, 2500, 2500, 2500, 2500, 2500, 2500, 2500, 
2500, 8131.882, 8161.981, 8325.359, 8192.417, 8313.33399999999, 
8125.55099999999, 8590.217, 8677.24399999999, 9043.14199999999, 
8875.16199999998, 9195.079, 10.90736, 1.73205, 5.29005, 3.11236, 
5.17952, 5.73031, 9.44813, 12.54463, 0.93231, 3.84849, 9.71069, 
-13.74861, -5.15538, -7.35823, -6.57114, -8.55123, -8.21719, 
-13.46733, -14.54072, -4.16237, -6.15747, -13.6109, 0, 0, 0, 
0, 0, 0, 0, 0, 0, 0, 0, 0, 0, 0, 0, 0, 0, 0, 0, 0, 0, 0, 0.97242, 
0.96619, 0.96751, 0.97462, 0.95676, 0.95965, 0.96893, 0.96414, 
0.9695, 0.97704, 0.96448, 0.9616, 0.96167, 0.96295, 0.97045, 
0.94877, 0.95249, 0.94167, 0.95435, 0.95737, 0.97116, 0.95651, 
0.0533, 0.0604, 0.0587, 0.0629, 0.0648, 0.0692, 0.073, 0.0753, 
0.0998, 0.0866, 0.0912, 107.4, 131.4, 127.7, 136.2, 138.7, 142.5, 
152.7, 151.5, 212.4, 176, 178.7, 137, 99, 508, 152, 51, 1885, 
95, 1207, 26, 336, 21, 31, 9, 7, 18, 20, 1, 5, 5, 2, 4, 28, 100, 
100, 100, 100, 100, 100, 100, 100, 100, 100, 100, 2500, 2500, 
2500, 2500, 2500, 2500, 2500, 2500, 2500, 2500, 2500, 8201.157, 
8225.978, 8239.656, 8378.1, 8396.13800000001, 8659.79800000001, 
8903.579, 9049.455, 9323.20199999999, 9580.70300000001, 9760.783, 
1, 1, 1, 1, 1, 1, 1, 1, 1, 1, 1, 0.02941, 0.02941, 0.02941, 0.02941, 
0.02941, 0.02941, 0.02941, 0.02941, 0.02941, 0.02941, 0.02941, 
0, 0, 0, 0, 0, 0, 0, 0, 0, 0, 0, 0, 0, 0, 0, 0, 0, 0, 0, 0, 0, 
0, 0.87352, 0.89195, 0.91313, 0.95374, 0.93675, 0.94482, 0.94179, 
0.9348, 0.94818, 0.95989, 0.95379, 0.86914, 0.88596, 0.94103, 
0.94541, 0.9526, 0.93755, 0.93204, 0.94136, 0.95094, 0.95123, 
0.94831, 0.0581, 0.0563, 0.0637, 0.0688, 0.0729, 0.0791, 0.0825, 
0.0856, 0.0959, 0.0991, 0.1053, 130.2, 139.4, 152.3, 160.3, 171, 
182, 190.2, 199, 210, 216.2, 228.5, 1, 1, 1, 1, 1, 1, 1, 1, 1, 
1, 1, 1, 1, 1, 1, 1, 1, 1, 1, 1, 1, 1, 1, 1, 1, 1, 1, 1, 1, 1, 
1, 1, 1, 1, 1, 1, 1, 1, 1, 1, 1, 1, 1, 1, 3.254, 3.302, 3.252, 
3.285, 3.263, 3.473, 3.455, 3.301, 3.609, 3.667, 3.787), .Dim = c(11L, 
40L), .Dimnames = list(NULL, c("Sampling", "PSO.cost", "PSO.gamma", 
"PSO.data.balancing", "PSO.feature.selection", "PSO.valid.acc", 
"PSO.test.acc", "PSO.train.time", "PSO.n.support.vectors", "PSO.index", 
"PSO.n.solutions", "PSO.generations", "PSO.n.evaluations", "PSO.cpu.time", 
"RS.cost", "RS.gamma", "RS.data.balancing", "RS.feature.selection", 
"RS.valid.acc", "RS.test.acc", "RS.train.time", "RS.n.support.vectors", 
"RS.index", "RS.n.solutions", "RS.generations", "RS.n.evaluations", 
"RS.cpu.time", "DF.cost", "DF.gamma", "DF.data.balancing", "DF.feature.selection", 
"DF.valid.acc", "DF.test.acc", "DF.train.time", "DF.n.support.vectors", 
"DF.index", "DF.n.solutions", "DF.generations", "DF.n.evaluations", 
"DF.cpu.time")))
