full <-
structure(c(50, 55, 60, 65, 70, 75, 80, 85, 90, 95, 100, 7.61744, 
7.66637, 10.26593, 11.47813, 3.80439, 11.58313, 3.46597, 10.09705, 
9.89696, 9.72348, 11.70623, -9.8799, -11.87342, -12.64725, -11.98022, 
-7.44099, -13.61759, -7.07667, -15, -6.17537, -13.83196, -14.82633, 
0, 0, 0, 0, 0, 0, 0, 0, 0, 0, 0, 0, 0, 0, 0, 0, 0, 0, 0, 0, 0, 
0, 0.96627, 0.97071, 0.97743, 0.97479, 0.96045, 0.96346, 0.9588, 
0.96773, 0.97573, 0.96568, 0.97545, 0.96072, 0.94548, 0.96291, 
0.96662, 0.95208, 0.9452, 0.94187, 0.96106, 0.96344, 0.96259, 
0.96164, 0.0496, 0.0528, 0.056, 0.0635, 0.0681, 0.0705, 0.0751, 
0.0832, 0.0847, 0.0867, 0.0882, 112.1, 124.6, 123.8, 132.2, 148.3, 
143.6, 162.3, 176.1, 173.7, 175.4, 173.2, 95, 13, 38, 79, 29, 
78, 705, 621, 24, 98, 24, 163, 176, 589, 299, 182, 135, 31, 98, 
1082, 185, 111, 100, 100, 100, 100, 100, 100, 100, 100, 100, 
100, 100, 2500, 2500, 2500, 2500, 2500, 2500, 2500, 2500, 2500, 
2500, 2500, 7581.75, 7781.781, 7789.793, 7916.248, 8249.49800000001, 
8179.841, 8359.13, 8797.34700000001, 8727.538, 8867.111, 8952.454, 
7.28584, 1.84749, 7.07457, 9.20787, 5.21774, 6.59432, 7.16291, 
1.02171, 6.16911, 4.4194, 9.89914, -9.61934, -6.13258, -9.42582, 
-9.75271, -8.73803, -8.79381, -8.43198, -5.28838, -6.78781, -8.48177, 
-12.80134, 0, 0, 0, 0, 0, 0, 0, 0, 0, 0, 0, 0, 0, 0, 0, 0, 0, 
0, 0, 0, 0, 0, 0.96627, 0.97071, 0.97743, 0.97479, 0.96045, 0.96346, 
0.95592, 0.97085, 0.97573, 0.96568, 0.97545, 0.95545, 0.94548, 
0.96767, 0.96662, 0.95208, 0.9452, 0.94196, 0.96095, 0.96344, 
0.96259, 0.96434, 0.0501, 0.0553, 0.0593, 0.0622, 0.0694, 0.0709, 
0.0708, 0.0874, 0.0816, 0.0892, 0.093, 111.9, 131.9, 124.6, 132.5, 
145.4, 146.3, 150.7, 187.9, 167.4, 177, 172, 184, 101, 298, 72, 
29, 298, 174, 172, 233, 314, 34, 15, 17, 20, 10, 24, 4, 12, 5, 
24, 10, 13, 100, 100, 100, 100, 100, 100, 100, 100, 100, 100, 
100, 2500, 2500, 2500, 2500, 2500, 2500, 2500, 2500, 2500, 2500, 
2500, 7816.902, 7967.672, 8007.835, 8175.325, 8406.599, 8464.827, 
8638.155, 8990.48600000002, 9194.91, 9380.679, 9677.76800000001, 
1, 1, 1, 1, 1, 1, 1, 1, 1, 1, 1, 0.02941, 0.02941, 0.02941, 0.02941, 
0.02941, 0.02941, 0.02941, 0.02941, 0.02941, 0.02941, 0.02941, 
0, 0, 0, 0, 0, 0, 0, 0, 0, 0, 0, 0, 0, 0, 0, 0, 0, 0, 0, 0, 0, 
0, 0.9164, 0.93571, 0.92234, 0.93323, 0.9284, 0.93778, 0.94175, 
0.94773, 0.95101, 0.95114, 0.95353, 0.92195, 0.91545, 0.92666, 
0.93288, 0.93778, 0.94877, 0.94175, 0.9446, 0.94513, 0.9398, 
0.94797, 0.0535, 0.0585, 0.0626, 0.069, 0.0721, 0.0777, 0.0818, 
0.0876, 0.0924, 0.0977, 0.1046, 133.4, 145.7, 157.1, 167.8, 178.9, 
188.7, 197.9, 204.9, 209.9, 219.9, 230.4, 1, 1, 1, 1, 1, 1, 1, 
1, 1, 1, 1, 1, 1, 1, 1, 1, 1, 1, 1, 1, 1, 1, 1, 1, 1, 1, 1, 1, 
1, 1, 1, 1, 1, 1, 1, 1, 1, 1, 1, 1, 1, 1, 1, 1, 2.989, 3.061, 
3.064, 3.24, 3.15, 3.305, 3.343, 3.447, 3.46, 3.542, 3.6), .Dim = c(11L, 
40L), .Dimnames = list(NULL, c("Sampling", "PSO.cost", "PSO.gamma", 
"PSO.data.balancing", "PSO.feature.selection", "PSO.valid.acc", 
"PSO.test.acc", "PSO.train.time", "PSO.n.support.vectors", "PSO.index", 
"PSO.n.solutions", "PSO.generations", "PSO.n.evaluations", "PSO.cpu.time", 
"RS.cost", "RS.gamma", "RS.data.balancing", "RS.feature.selection", 
"RS.valid.acc", "RS.test.acc", "RS.train.time", "RS.n.support.vectors", 
"RS.index", "RS.n.solutions", "RS.generations", "RS.n.evaluations", 
"RS.cpu.time", "DF.cost", "DF.gamma", "DF.data.balancing", "DF.feature.selection", 
"DF.valid.acc", "DF.test.acc", "DF.train.time", "DF.n.support.vectors", 
"DF.index", "DF.n.solutions", "DF.generations", "DF.n.evaluations", 
"DF.cpu.time")))
