full <-
structure(c(50, 55, 60, 65, 70, 75, 80, 85, 90, 95, 100, 10.59915, 
13.8882, 1.88783, 3.0673, 3.3592, 3.16115, 3.6588, 8.8475, 11.69276, 
3.30835, 6.80952, -5.47926, -3.3659, -4.50051, -5.58059, -5.1588, 
-5.86695, -5.6821, -10.9901, -15, -6.30552, -9.60027, 0, 0, 0, 
0, 0, 0, 0, 0, 0, 0, 0, 0, 0, 0, 0, 0, 0, 0, 0, 0, 0, 0, 0.96287, 
0.96497, 0.96813, 0.96647, 0.97659, 0.97474, 0.97918, 0.97104, 
0.96928, 0.9708, 0.97005, 0.93564, 0.94069, 0.95902, 0.95283, 
0.96058, 0.9706, 0.96919, 0.96103, 0.96635, 0.95624, 0.96727, 
0.0568, 0.067, 0.0688, 0.0667, 0.0698, 0.0745, 0.0795, 0.0776, 
0.0791, 0.0881, 0.0878, 127.4, 156.5, 152.8, 147.5, 157.1, 157.5, 
166.2, 152.2, 164.4, 177.8, 170.6, 3, 2, 86, 2178, 508, 414, 
1712, 106, 276, 59, 50, 1499, 186, 413, 7, 187, 386, 35, 164, 
63, 168, 270, 100, 100, 100, 100, 100, 100, 100, 100, 100, 100, 
100, 2500, 2500, 2500, 2500, 2500, 2500, 2500, 2500, 2500, 2500, 
2500, 7995.168, 8246.871, 8277.322, 8051.157, 9336.96200000001, 
10512.874, 10576.338, 10662.381, 8552.992, 8855.87400000001, 
8959.36600000001, 13.31987, 11.59356, 1.59465, 3.03542, 12.78848, 
3.01769, 11.37955, 6.63878, 11.55696, 2.40109, 2.70018, -6.72372, 
-14.43834, -4.28524, -5.52038, -5.15434, -5.07389, -5.68923, 
-8.96357, -14.84846, -5.01117, -4.98491, 0, 0, 0, 0, 0, 0, 0, 
0, 0, 0, 0, 0, 0, 0, 0, 0, 0, 0, 0, 0, 0, 0, 0.96287, 0.96521, 
0.96813, 0.96647, 0.97275, 0.97474, 0.97573, 0.97104, 0.96928, 
0.97097, 0.97252, 0.93037, 0.9404, 0.95425, 0.95283, 0.96842, 
0.96715, 0.95907, 0.9577, 0.96635, 0.96212, 0.96449, 0.0546, 
0.0543, 0.068, 0.0639, 0.0763, 0.0795, 0.0804, 0.0778, 0.0811, 
0.0997, 0.0997, 120, 116.5, 156, 147.8, 157.4, 167.9, 165.9, 
154.4, 164.2, 195.7, 205.8, 55, 410, 803, 1778, 3, 294, 399, 
13, 1670, 809, 1631, 217, 3, 6, 1, 51, 3, 33, 11, 1, 1, 1, 100, 
100, 100, 100, 100, 100, 100, 100, 100, 100, 100, 2500, 2500, 
2500, 2500, 2500, 2500, 2500, 2500, 2500, 2500, 2500, 8020.679, 
8394.329, 8245.676, 8255.997, 10551.291, 10918.144, 10958.143, 
11004.564, 9223.18799999999, 9441.76200000002, 9694.13400000002, 
1, 1, 1, 1, 1, 1, 1, 1, 1, 1, 1, 0.02941, 0.02941, 0.02941, 0.02941, 
0.02941, 0.02941, 0.02941, 0.02941, 0.02941, 0.02941, 0.02941, 
0, 0, 0, 0, 0, 0, 0, 0, 0, 0, 0, 0, 0, 0, 0, 0, 0, 0, 0, 0, 0, 
0, 0.91364, 0.9354, 0.9406, 0.94126, 0.94519, 0.95259, 0.95217, 
0.95125, 0.95087, 0.95069, 0.96171, 0.93593, 0.92564, 0.93999, 
0.94088, 0.94519, 0.9383, 0.9486, 0.94167, 0.95097, 0.9538, 0.95616, 
0.0573, 0.0617, 0.0655, 0.0659, 0.0804, 0.08, 0.088, 0.0909, 
0.0973, 0.099, 0.1045, 136, 146.4, 157.2, 164.3, 174.9, 185.5, 
195.5, 203.7, 211, 217.3, 229.4, 1, 1, 1, 1, 1, 1, 1, 1, 1, 1, 
1, 1, 1, 1, 1, 1, 1, 1, 1, 1, 1, 1, 1, 1, 1, 1, 1, 1, 1, 1, 1, 
1, 1, 1, 1, 1, 1, 1, 1, 1, 1, 1, 1, 1, 3.342, 3.383, 3.274, 3.104, 
4.364, 4.135, 4.329, 3.607, 3.693, 3.569, 3.617), .Dim = c(11L, 
40L), .Dimnames = list(NULL, c("Sampling", "PSO.cost", "PSO.gamma", 
"PSO.data.balancing", "PSO.feature.selection", "PSO.valid.acc", 
"PSO.test.acc", "PSO.train.time", "PSO.n.support.vectors", "PSO.index", 
"PSO.n.solutions", "PSO.generations", "PSO.n.evaluations", "PSO.cpu.time", 
"RS.cost", "RS.gamma", "RS.data.balancing", "RS.feature.selection", 
"RS.valid.acc", "RS.test.acc", "RS.train.time", "RS.n.support.vectors", 
"RS.index", "RS.n.solutions", "RS.generations", "RS.n.evaluations", 
"RS.cpu.time", "DF.cost", "DF.gamma", "DF.data.balancing", "DF.feature.selection", 
"DF.valid.acc", "DF.test.acc", "DF.train.time", "DF.n.support.vectors", 
"DF.index", "DF.n.solutions", "DF.generations", "DF.n.evaluations", 
"DF.cpu.time")))
