full <-
structure(c(50, 55, 60, 65, 70, 75, 80, 85, 90, 95, 100, 8.81649, 
11.28789, 8.29017, 10.34449, 12.03004, 6.9784, 10.22664, 12.83795, 
8.21008, 5.2915, 4.7344, -4.09569, -9.92111, -5.24016, -4.77905, 
-13.12883, -8.06191, -5.61731, -6.59477, -8.97728, -5.56582, 
-7.45481, 0, 0, 0, 0, 0, 0, 0, 0, 0, 0, 0, 0, 0, 0, 0, 0, 0, 
0, 0, 0, 0, 0, 0.96188, 0.97048, 0.9818, 0.9626, 0.97658, 0.98239, 
0.96919, 0.9774, 0.98805, 0.96504, 0.9728, 0.96089, 0.95071, 
0.96342, 0.94987, 0.97289, 0.97525, 0.95217, 0.96428, 0.96652, 
0.9536, 0.9671, 0.0623, 0.0533, 0.0651, 0.0711, 0.067, 0.07, 
0.0793, 0.0797, 0.0744, 0.0902, 0.0859, 137.3, 122.1, 142.7, 
157.5, 136, 147.3, 170.5, 165.7, 158.2, 185, 175.1, 95, 13, 30, 
9, 6, 1271, 119, 20, 36, 183, 227, 1472, 1742, 1046, 1544, 1624, 
31, 1195, 1517, 517, 625, 149, 100, 100, 100, 100, 100, 100, 
100, 100, 100, 100, 100, 2500, 2500, 2500, 2500, 2500, 2500, 
2500, 2500, 2500, 2500, 2500, 9325.297, 9223.832, 9027.079, 9067.628, 
8728.947, 9108.936, 9100.83100000001, 9364.67, 9658.96599999999, 
9883.31699999998, 9686.56899999999, 13.98992, 14.65924, 12.6227, 
7.11153, 11.15338, 11.61392, 12.70752, 12.4777, 9.88604, 13.6812, 
4.26855, -4.09577, -13.3839, -5.14723, -4.55059, -12.33222, -8.10958, 
-5.59962, -6.60426, -11.27324, -5.54119, -6.96383, 0, 0, 0, 0, 
0, 0, 0, 0, 0, 0, 0, 0, 0, 0, 0, 0, 0, 0, 0, 0, 0, 0, 0.96188, 
0.97048, 0.9818, 0.9626, 0.97658, 0.97882, 0.96919, 0.9774, 0.98805, 
0.96504, 0.9728, 0.96089, 0.95071, 0.95887, 0.94987, 0.97289, 
0.97525, 0.95217, 0.96428, 0.976, 0.9536, 0.96433, 0.0594, 0.0548, 
0.0651, 0.0711, 0.0615, 0.0711, 0.0777, 0.0787, 0.0759, 0.0884, 
0.0926, 137.3, 121.2, 144.3, 161.5, 136.1, 147.2, 170.7, 165.7, 
156.2, 185.5, 178.6, 98, 1, 59, 5, 13, 37, 5, 8, 5, 553, 193, 
19, 183, 55, 88, 269, 33, 5, 80, 88, 5, 5, 100, 100, 100, 100, 
100, 100, 100, 100, 100, 100, 100, 2500, 2500, 2500, 2500, 2500, 
2500, 2500, 2500, 2500, 2500, 2500, 9216.461, 9200.251, 8945.366, 
8866.965, 9173.95699999999, 9347.644, 9565.27100000001, 9678.41699999999, 
10085.218, 10184.055, 9952.00200000001, 1, 1, 1, 1, 1, 1, 1, 
1, 1, 1, 1, 0.02941, 0.02941, 0.02941, 0.02941, 0.02941, 0.02941, 
0.02941, 0.02941, 0.02941, 0.02941, 0.02941, 0, 0, 0, 0, 0, 0, 
0, 0, 0, 0, 0, 0, 0, 0, 0, 0, 0, 0, 0, 0, 0, 0, 0.88505, 0.91585, 
0.91242, 0.92843, 0.94145, 0.94159, 0.95181, 0.94481, 0.95456, 
0.94781, 0.94811, 0.90183, 0.91505, 0.91619, 0.92406, 0.9296, 
0.94914, 0.94538, 0.94481, 0.96053, 0.94764, 0.95066, 0.0564, 
0.0609, 0.0636, 0.0688, 0.0757, 0.0806, 0.0836, 0.0855, 0.0898, 
0.0971, 0.1039, 136.7, 146.3, 157, 165.4, 175.9, 184.2, 195.5, 
205.7, 210.9, 220, 230.8, 1, 1, 1, 1, 1, 1, 1, 1, 1, 1, 1, 1, 
1, 1, 1, 1, 1, 1, 1, 1, 1, 1, 1, 1, 1, 1, 1, 1, 1, 1, 1, 1, 1, 
1, 1, 1, 1, 1, 1, 1, 1, 1, 1, 1, 3.7, 3.588, 3.6, 3.371, 3.748, 
3.732, 3.799, 3.828, 3.963, 4.029, 3.868), .Dim = c(11L, 40L), .Dimnames = list(
    NULL, c("Sampling", "PSO.cost", "PSO.gamma", "PSO.data.balancing", 
    "PSO.feature.selection", "PSO.valid.acc", "PSO.test.acc", 
    "PSO.train.time", "PSO.n.support.vectors", "PSO.index", "PSO.n.solutions", 
    "PSO.generations", "PSO.n.evaluations", "PSO.cpu.time", "RS.cost", 
    "RS.gamma", "RS.data.balancing", "RS.feature.selection", 
    "RS.valid.acc", "RS.test.acc", "RS.train.time", "RS.n.support.vectors", 
    "RS.index", "RS.n.solutions", "RS.generations", "RS.n.evaluations", 
    "RS.cpu.time", "DF.cost", "DF.gamma", "DF.data.balancing", 
    "DF.feature.selection", "DF.valid.acc", "DF.test.acc", "DF.train.time", 
    "DF.n.support.vectors", "DF.index", "DF.n.solutions", "DF.generations", 
    "DF.n.evaluations", "DF.cpu.time")))
