full <-
structure(c(50, 55, 60, 65, 70, 75, 80, 85, 90, 95, 100, 6.12076, 
10.37767, 7.67269, 11.19743, 1.31573, 0.57334, 10.31771, 8.52297, 
11.8176, 14.41682, 11.00731, -8.6211, -8.03974, -11.20223, -15, 
-4.24683, -3.39523, -14.23832, -8.94229, -15, -15, -13.54813, 
0, 0, 0, 0, 0, 0, 0, 0, 0, 0, 0, 0, 0, 0, 0, 0, 0, 0, 0, 0, 0, 
0, 0.92881, 0.9499, 0.95485, 0.96682, 0.96412, 0.95655, 0.95511, 
0.96107, 0.97546, 0.96476, 0.96989, 0.89548, 0.92081, 0.94491, 
0.94594, 0.95242, 0.9535, 0.94735, 0.95138, 0.96053, 0.95045, 
0.97523, 0.0503, 0.0533, 0.0613, 0.0624, 0.0756, 0.0919, 0.0746, 
0.0755, 0.0785, 0.0813, 0.0861, 112.7, 121.7, 127.6, 134.2, 175.3, 
203.8, 154.1, 151.1, 157.7, 156.7, 167.5, 339, 28, 94, 86, 102, 
291, 394, 161, 1094, 90, 524, 245, 1050, 311, 149, 203, 512, 
46, 217, 33, 441, 67, 100, 100, 100, 100, 100, 100, 100, 100, 
100, 100, 100, 2500, 2500, 2500, 2500, 2500, 2500, 2500, 2500, 
2500, 2500, 2500, 7671.494, 7801.094, 8195.138, 7946.169, 8251.136, 
8536.24100000001, 8719.272, 8765.985, 8749.66099999999, 8771.63, 
8988.60200000001, 4.53893, 7.25783, 7.82055, 6.73448, 2.40143, 
0.91868, 11.66792, 9.37568, 10.88511, 9.09966, 10.88966, -7.11952, 
-7.89811, -11.50309, -10.52282, -5.58733, -3.4138, -14.73579, 
-9.88416, -14.06267, -9.56344, -13.5246, 0, 0, 0, 0, 0, 0, 0, 
0, 0, 0, 0, 0, 0, 0, 0, 0, 0, 0, 0, 0, 0, 0, 0.92881, 0.9499, 
0.95485, 0.96682, 0.96412, 0.95655, 0.95476, 0.96107, 0.97546, 
0.96476, 0.96719, 0.89048, 0.92535, 0.94491, 0.94594, 0.95259, 
0.9535, 0.94795, 0.95138, 0.96053, 0.95045, 0.97523, 0.0507, 
0.0564, 0.0591, 0.0604, 0.0666, 0.0886, 0.074, 0.0783, 0.0806, 
0.081, 0.0885, 114.6, 121.8, 128.6, 134.9, 155.2, 203.2, 149.6, 
149.9, 158, 158.3, 167.7, 198, 41, 7, 39, 401, 1194, 2074, 88, 
25, 89, 375, 2, 117, 19, 15, 2, 2, 1, 13, 2, 24, 9, 100, 100, 
100, 100, 100, 100, 100, 100, 100, 100, 100, 2500, 2500, 2500, 
2500, 2500, 2500, 2500, 2500, 2500, 2500, 2500, 7794.262, 8100.81, 
8360.803, 8132.039, 8280.12, 8561.38099999999, 9241.016, 9105.58799999999, 
9231.682, 9569.144, 9869.44899999999, 1, 1, 1, 1, 1, 1, 1, 1, 
1, 1, 1, 0.02941, 0.02941, 0.02941, 0.02941, 0.02941, 0.02941, 
0.02941, 0.02941, 0.02941, 0.02941, 0.02941, 0, 0, 0, 0, 0, 0, 
0, 0, 0, 0, 0, 0, 0, 0, 0, 0, 0, 0, 0, 0, 0, 0, 0.86928, 0.9098, 
0.90452, 0.9242, 0.92951, 0.94289, 0.93045, 0.94816, 0.93617, 
0.94214, 0.95052, 0.88481, 0.90554, 0.90831, 0.91585, 0.93305, 
0.94238, 0.93725, 0.94171, 0.9391, 0.94524, 0.9506, 0.0525, 0.0597, 
0.0644, 0.0692, 0.0709, 0.0799, 0.0866, 0.0903, 0.094, 0.1024, 
0.1127, 130.7, 141.9, 154.8, 164.2, 174.1, 185.8, 193.9, 198.8, 
209.8, 218, 228.3, 1, 1, 1, 1, 1, 1, 1, 1, 1, 1, 1, 1, 1, 1, 
1, 1, 1, 1, 1, 1, 1, 1, 1, 1, 1, 1, 1, 1, 1, 1, 1, 1, 1, 1, 1, 
1, 1, 1, 1, 1, 1, 1, 1, 1, 2.945, 3.297, 3.286, 3.29, 3.204, 
3.497, 3.642, 3.662, 3.657, 3.851, 3.929), .Dim = c(11L, 40L), .Dimnames = list(
    NULL, c("Sampling", "PSO.cost", "PSO.gamma", "PSO.data.balancing", 
    "PSO.feature.selection", "PSO.valid.acc", "PSO.test.acc", 
    "PSO.train.time", "PSO.n.support.vectors", "PSO.index", "PSO.n.solutions", 
    "PSO.generations", "PSO.n.evaluations", "PSO.cpu.time", "RS.cost", 
    "RS.gamma", "RS.data.balancing", "RS.feature.selection", 
    "RS.valid.acc", "RS.test.acc", "RS.train.time", "RS.n.support.vectors", 
    "RS.index", "RS.n.solutions", "RS.generations", "RS.n.evaluations", 
    "RS.cpu.time", "DF.cost", "DF.gamma", "DF.data.balancing", 
    "DF.feature.selection", "DF.valid.acc", "DF.test.acc", "DF.train.time", 
    "DF.n.support.vectors", "DF.index", "DF.n.solutions", "DF.generations", 
    "DF.n.evaluations", "DF.cpu.time")))
