full <-
structure(c(50, 55, 60, 65, 70, 75, 80, 85, 90, 95, 100, 9.47321, 
5.52533, 9.06668, 2.9748, 14.7326, 6.53077, 5.00377, 6.89669, 
6.95838, 5.49621, 6.36636, -11.41466, -7.12997, -4.60049, -5.28193, 
-10.54028, -8.11076, -6.50291, -8.27782, -9.96118, -9.03864, 
-8.10865, 0, 0, 0, 0, 0, 0, 0, 0, 0, 0, 0, 0, 0, 0, 0, 0, 0, 
0, 0, 0, 0, 0, 0.96108, 0.95519, 0.96726, 0.97499, 0.98013, 0.97036, 
0.98274, 0.97419, 0.9669, 0.97704, 0.97002, 0.9447, 0.96545, 
0.95336, 0.9498, 0.95674, 0.96295, 0.96894, 0.96419, 0.97262, 
0.96855, 0.96738, 0.0543, 0.0542, 0.0652, 0.0676, 0.0646, 0.0689, 
0.0744, 0.0789, 0.0811, 0.0834, 0.0862, 115.6, 123.9, 150, 150.3, 
138.9, 150.4, 162.3, 158.5, 163.3, 171.5, 170.5, 520, 44, 9, 
260, 3, 26, 575, 212, 29, 259, 221, 52, 55, 1342, 111, 1908, 
446, 110, 325, 135, 87, 227, 100, 100, 100, 100, 100, 100, 100, 
100, 100, 100, 100, 2500, 2500, 2500, 2500, 2500, 2500, 2500, 
2500, 2500, 2500, 2500, 9109.959, 9273.496, 9128.325, 9309.961, 
9279.874, 9145.06600000001, 9135.64599999999, 9304.60800000001, 
8936.821, 9779.65699999998, 9474.63199999998, 7.03423, 10.74158, 
7.0729, 7.87008, 6.73047, 6.42066, 5.69816, 6.66736, 5.53456, 
6.71127, 6.85613, -8.99179, -13.03648, -4.61109, -11.4605, -7.19221, 
-7.68902, -7.89723, -8.51409, -8.67904, -10.26557, -8.44566, 
0, 0, 0, 0, 0, 0, 0, 0, 0, 0, 0, 0, 0, 0, 0, 0, 0, 0, 0, 0, 0, 
0, 0.96108, 0.95519, 0.96726, 0.97482, 0.98013, 0.97036, 0.97941, 
0.97419, 0.9669, 0.97704, 0.97002, 0.9447, 0.95569, 0.95336, 
0.94922, 0.95674, 0.96295, 0.96906, 0.97064, 0.97262, 0.96855, 
0.96738, 0.054, 0.0563, 0.0707, 0.0636, 0.0707, 0.0707, 0.0753, 
0.0753, 0.0808, 0.086, 0.0899, 116, 120, 150, 138.6, 144.2, 151.2, 
156.3, 157.9, 165.2, 170.8, 169, 190, 949, 11, 6, 6, 41, 972, 
994, 201, 132, 695, 6, 3, 34, 15, 358, 12, 1, 8, 13, 6, 2, 100, 
100, 100, 100, 100, 100, 100, 100, 100, 100, 100, 2500, 2500, 
2500, 2500, 2500, 2500, 2500, 2500, 2500, 2500, 2500, 9119.577, 
9244.558, 9144.83300000001, 9480.69899999999, 9441.03300000001, 
9338.057, 9514.91699999999, 9353.91199999998, 9792.37, 9802.91700000002, 
9993.54499999998, 1, 1, 1, 1, 1, 1, 1, 1, 1, 1, 1, 0.02941, 0.02941, 
0.02941, 0.02941, 0.02941, 0.02941, 0.02941, 0.02941, 0.02941, 
0.02941, 0.02941, 0, 0, 0, 0, 0, 0, 0, 0, 0, 0, 0, 0, 0, 0, 0, 
0, 0, 0, 0, 0, 0, 0, 0.87449, 0.89959, 0.93904, 0.94129, 0.94518, 
0.94111, 0.95239, 0.94837, 0.9572, 0.95384, 0.95334, 0.89028, 
0.89581, 0.93987, 0.93696, 0.92148, 0.9525, 0.9525, 0.95472, 
0.94782, 0.96249, 0.95612, 0.0553, 0.0603, 0.0643, 0.0656, 0.074, 
0.0783, 0.0834, 0.0883, 0.0947, 0.0971, 0.1054, 133.3, 142.6, 
155.2, 162.8, 173.7, 184.8, 193.1, 204.9, 212.4, 225, 229.4, 
1, 1, 1, 1, 1, 1, 1, 1, 1, 1, 1, 1, 1, 1, 1, 1, 1, 1, 1, 1, 1, 
1, 1, 1, 1, 1, 1, 1, 1, 1, 1, 1, 1, 1, 1, 1, 1, 1, 1, 1, 1, 1, 
1, 1, 3.672, 3.615, 3.725, 3.684, 3.738, 3.601, 3.775, 3.716, 
3.994, 3.803, 3.848), .Dim = c(11L, 40L), .Dimnames = list(NULL, 
    c("Sampling", "PSO.cost", "PSO.gamma", "PSO.data.balancing", 
    "PSO.feature.selection", "PSO.valid.acc", "PSO.test.acc", 
    "PSO.train.time", "PSO.n.support.vectors", "PSO.index", "PSO.n.solutions", 
    "PSO.generations", "PSO.n.evaluations", "PSO.cpu.time", "RS.cost", 
    "RS.gamma", "RS.data.balancing", "RS.feature.selection", 
    "RS.valid.acc", "RS.test.acc", "RS.train.time", "RS.n.support.vectors", 
    "RS.index", "RS.n.solutions", "RS.generations", "RS.n.evaluations", 
    "RS.cpu.time", "DF.cost", "DF.gamma", "DF.data.balancing", 
    "DF.feature.selection", "DF.valid.acc", "DF.test.acc", "DF.train.time", 
    "DF.n.support.vectors", "DF.index", "DF.n.solutions", "DF.generations", 
    "DF.n.evaluations", "DF.cpu.time")))
