full <-
structure(c(50, 55, 60, 65, 70, 75, 80, 85, 90, 95, 100, 13.40055, 
3.94318, 6.79583, 5.30197, 5.34261, 12.38371, 7.489, 9.40419, 
1.68767, 5.28331, 8.43583, -4.62595, -4.62169, -9.2569, -7.70385, 
-4.06111, -14.7096, -11.66137, -11.05209, -5.01335, -7.32754, 
-9.6535, 0, 0, 0, 0, 0, 0, 0, 0, 0, 0, 0, 0, 0, 0, 0, 0, 0, 0, 
0, 0, 0, 0, 0.97807, 0.97021, 0.94476, 0.96593, 0.98058, 0.96672, 
0.96191, 0.97095, 0.96655, 0.96561, 0.97815, 0.97251, 0.95545, 
0.94929, 0.97029, 0.96889, 0.9589, 0.95129, 0.97084, 0.95745, 
0.96267, 0.97552, 0.063, 0.0636, 0.0577, 0.0595, 0.0786, 0.0676, 
0.0743, 0.0764, 0.089, 0.0809, 0.0912, 129.5, 140.4, 121.5, 132.9, 
180.1, 141.8, 160, 150.9, 196.4, 172.6, 166.5, 11, 64, 73, 292, 
3, 1117, 388, 33, 526, 1067, 71, 1660, 1217, 359, 107, 1405, 
24, 14, 280, 615, 37, 319, 100, 100, 100, 100, 100, 100, 100, 
100, 100, 100, 100, 2500, 2500, 2500, 2500, 2500, 2500, 2500, 
2500, 2500, 2500, 2500, 9354.499, 9361.418, 8768.849, 9314.559, 
9640.003, 9104.94, 9223.182, 9348.156, 9914.61599999998, 9775.329, 
9673.984, 11.68843, 8.80421, 7.48156, 5.6629, 2.91214, 7.41196, 
5.52499, 9.07309, 1.14884, 2.43584, 10.7955, -4.05119, -4.58379, 
-10.22404, -8.05079, -5.78234, -9.79932, -9.91814, -10.54991, 
-4.22464, -4.18409, -12.08513, 0, 0, 0, 0, 0, 0, 0, 0, 0, 0, 
0, 0, 0, 0, 0, 0, 0, 0, 0, 0, 0, 0, 0.97807, 0.97021, 0.94476, 
0.96593, 0.98075, 0.96658, 0.95869, 0.97095, 0.96342, 0.9683, 
0.97815, 0.96696, 0.95545, 0.94475, 0.97029, 0.96873, 0.9589, 
0.95462, 0.97084, 0.96039, 0.95965, 0.97552, 0.0594, 0.0684, 
0.0585, 0.0601, 0.0695, 0.068, 0.0737, 0.0743, 0.1011, 0.1022, 
0.086, 135.3, 141.1, 121.2, 132, 153.3, 142.7, 162.6, 151.8, 
214.2, 222.1, 165.4, 11, 214, 14, 547, 1287, 21, 2192, 71, 1453, 
1443, 38, 121, 15, 49, 4, 2, 21, 1, 45, 3, 1, 41, 100, 100, 100, 
100, 100, 100, 100, 100, 100, 100, 100, 2500, 2500, 2500, 2500, 
2500, 2500, 2500, 2500, 2500, 2500, 2500, 9202.723, 9103.479, 
9170.453, 9470.956, 9204.914, 9395.307, 9520.944, 9775.14999999999, 
10086.057, 10198.421, 10264.289, 1, 1, 1, 1, 1, 1, 1, 1, 1, 1, 
1, 0.02941, 0.02941, 0.02941, 0.02941, 0.02941, 0.02941, 0.02941, 
0.02941, 0.02941, 0.02941, 0.02941, 0, 0, 0, 0, 0, 0, 0, 0, 0, 
0, 0, 0, 0, 0, 0, 0, 0, 0, 0, 0, 0, 0, 0.92895, 0.92966, 0.91308, 
0.94453, 0.95689, 0.94403, 0.94168, 0.9547, 0.94192, 0.94535, 
0.95352, 0.9345, 0.95069, 0.93107, 0.9487, 0.95258, 0.95502, 
0.94143, 0.95158, 0.94789, 0.95394, 0.95623, 0.0555, 0.0569, 
0.0646, 0.0704, 0.0689, 0.0801, 0.0827, 0.0873, 0.0946, 0.0971, 
0.1023, 131.8, 144.9, 152, 162.3, 175.3, 183.5, 195.3, 204.6, 
213.9, 223, 229.6, 1, 1, 1, 1, 1, 1, 1, 1, 1, 1, 1, 1, 1, 1, 
1, 1, 1, 1, 1, 1, 1, 1, 1, 1, 1, 1, 1, 1, 1, 1, 1, 1, 1, 1, 1, 
1, 1, 1, 1, 1, 1, 1, 1, 1, 3.659, 3.489, 3.644, 3.849, 3.639, 
3.67, 3.764, 3.886, 3.954, 3.981, 3.936), .Dim = c(11L, 40L), .Dimnames = list(
    NULL, c("Sampling", "PSO.cost", "PSO.gamma", "PSO.data.balancing", 
    "PSO.feature.selection", "PSO.valid.acc", "PSO.test.acc", 
    "PSO.train.time", "PSO.n.support.vectors", "PSO.index", "PSO.n.solutions", 
    "PSO.generations", "PSO.n.evaluations", "PSO.cpu.time", "RS.cost", 
    "RS.gamma", "RS.data.balancing", "RS.feature.selection", 
    "RS.valid.acc", "RS.test.acc", "RS.train.time", "RS.n.support.vectors", 
    "RS.index", "RS.n.solutions", "RS.generations", "RS.n.evaluations", 
    "RS.cpu.time", "DF.cost", "DF.gamma", "DF.data.balancing", 
    "DF.feature.selection", "DF.valid.acc", "DF.test.acc", "DF.train.time", 
    "DF.n.support.vectors", "DF.index", "DF.n.solutions", "DF.generations", 
    "DF.n.evaluations", "DF.cpu.time")))
