full <-
structure(c(50, 55, 60, 65, 70, 75, 80, 85, 90, 95, 100, 7.09039, 
1.87997, 3.03426, 8.00838, 3.71813, 8.89748, 10.52547, 8.97622, 
7.55143, 5.83667, 6.1807, -9.54389, -4.03674, -4.80095, -10.61684, 
-5.46115, -11.91059, -13.8865, -12.03305, -9.91286, -7.87784, 
-7.92851, 0, 0, 0, 0, 0, 0, 0, 0, 0, 0, 0, 0, 0, 0, 0, 0, 0, 
0, 0, 0, 0, 0, 0.93427, 0.94164, 0.96338, 0.96156, 0.97292, 0.96685, 
0.97275, 0.97136, 0.97546, 0.97746, 0.97544, 0.91903, 0.9464, 
0.95821, 0.95794, 0.96492, 0.96361, 0.96228, 0.96156, 0.97858, 
0.97434, 0.97814, 0.052, 0.0633, 0.0663, 0.0633, 0.071, 0.0695, 
0.0678, 0.0798, 0.0779, 0.0837, 0.0858, 110, 147.6, 144.5, 131.4, 
154.6, 144.3, 151.8, 154.9, 161.5, 167.1, 171.3, 131, 129, 26, 
948, 1649, 292, 96, 155, 66, 324, 30, 172, 117, 189, 62, 17, 
106, 178, 330, 393, 61, 370, 100, 100, 100, 100, 100, 100, 100, 
100, 100, 100, 100, 2500, 2500, 2500, 2500, 2500, 2500, 2500, 
2500, 2500, 2500, 2500, 8923.194, 8827.242, 9046.597, 9310.878, 
9465.96299999999, 9290.54700000001, 9094.39, 9236.24500000001, 
9636.30900000001, 9837.52500000002, 9488.60999999999, 9.6037, 
2.06438, 3.31607, 4.68074, 3.68254, 9.77202, 9.19248, 4.34739, 
7.72988, 3.85271, 3.52949, -12.1012, -4.3455, -5.2781, -7.48897, 
-5.42188, -12.77752, -12.43439, -7.2562, -9.82369, -5.9272, -6.29987, 
0, 0, 0, 0, 0, 0, 0, 0, 0, 0, 0, 0, 0, 0, 0, 0, 0, 0, 0, 0, 0, 
0, 0.93427, 0.94164, 0.96338, 0.96156, 0.97292, 0.96685, 0.97275, 
0.97136, 0.97546, 0.97746, 0.97814, 0.91903, 0.9464, 0.95799, 
0.94978, 0.96492, 0.96361, 0.96228, 0.95833, 0.98161, 0.97434, 
0.97536, 0.053, 0.0648, 0.0639, 0.0634, 0.0701, 0.0651, 0.0745, 
0.0779, 0.0833, 0.0882, 0.0917, 109.4, 143.6, 138.6, 136.4, 154.7, 
144.3, 151.6, 160.5, 161.1, 183.3, 184.4, 160, 291, 132, 446, 
1590, 452, 579, 58, 41, 1167, 335, 17, 3, 5, 11, 1, 11, 21, 24, 
29, 6, 1, 100, 100, 100, 100, 100, 100, 100, 100, 100, 100, 100, 
2500, 2500, 2500, 2500, 2500, 2500, 2500, 2500, 2500, 2500, 2500, 
8712.581, 8985.898, 9153.59, 9467.142, 9464.99100000001, 9369.234, 
9467.43799999999, 9724.182, 10148.851, 10220.752, 9945.36499999999, 
1, 1, 1, 1, 1, 1, 1, 1, 1, 1, 1, 0.02941, 0.02941, 0.02941, 0.02941, 
0.02941, 0.02941, 0.02941, 0.02941, 0.02941, 0.02941, 0.02941, 
0, 0, 0, 0, 0, 0, 0, 0, 0, 0, 0, 0, 0, 0, 0, 0, 0, 0, 0, 0, 0, 
0, 0.90108, 0.89609, 0.90439, 0.90663, 0.914, 0.93814, 0.93493, 
0.93334, 0.94817, 0.94827, 0.94811, 0.9119, 0.92112, 0.9222, 
0.90229, 0.92554, 0.93444, 0.94504, 0.93324, 0.95111, 0.95138, 
0.95359, 0.0561, 0.0604, 0.0621, 0.0658, 0.0723, 0.0743, 0.0799, 
0.0859, 0.0943, 0.0958, 0.0996, 133.3, 142.6, 151, 162.7, 170.4, 
181.2, 192.1, 198.4, 210, 217.2, 228.8, 1, 1, 1, 1, 1, 1, 1, 
1, 1, 1, 1, 1, 1, 1, 1, 1, 1, 1, 1, 1, 1, 1, 1, 1, 1, 1, 1, 1, 
1, 1, 1, 1, 1, 1, 1, 1, 1, 1, 1, 1, 1, 1, 1, 1, 3.444, 3.606, 
3.705, 3.827, 3.698, 3.574, 3.733, 3.797, 3.955, 3.941, 3.814
), .Dim = c(11L, 40L), .Dimnames = list(NULL, c("Sampling", "PSO.cost", 
"PSO.gamma", "PSO.data.balancing", "PSO.feature.selection", "PSO.valid.acc", 
"PSO.test.acc", "PSO.train.time", "PSO.n.support.vectors", "PSO.index", 
"PSO.n.solutions", "PSO.generations", "PSO.n.evaluations", "PSO.cpu.time", 
"RS.cost", "RS.gamma", "RS.data.balancing", "RS.feature.selection", 
"RS.valid.acc", "RS.test.acc", "RS.train.time", "RS.n.support.vectors", 
"RS.index", "RS.n.solutions", "RS.generations", "RS.n.evaluations", 
"RS.cpu.time", "DF.cost", "DF.gamma", "DF.data.balancing", "DF.feature.selection", 
"DF.valid.acc", "DF.test.acc", "DF.train.time", "DF.n.support.vectors", 
"DF.index", "DF.n.solutions", "DF.generations", "DF.n.evaluations", 
"DF.cpu.time")))
