full <-
structure(c(50, 55, 60, 65, 70, 75, 80, 85, 90, 95, 100, 7.48666, 
6.82858, 9.29441, 5.87522, 9.50519, 8.90491, 7.06391, 11.30436, 
4.59082, 4.75303, 11.87807, -9.99988, -5.64019, -8.33877, -9.25743, 
-11.44491, -12.11371, -9.59735, -15, -7.80283, -5.80917, -13.16096, 
0, 0, 0, 0, 0, 0, 0, 0, 0, 0, 0, 0, 0, 0, 0, 0, 0, 0, 0, 0, 0, 
0, 0.98418, 0.98045, 0.98654, 0.992, 0.98428, 0.98503, 0.99307, 
0.97418, 0.97828, 0.97975, 0.97843, 0.96657, 0.97444, 0.96832, 
0.97095, 0.97628, 0.97405, 0.98295, 0.97074, 0.9726, 0.95932, 
0.97031, 0.0558, 0.0585, 0.0586, 0.0584, 0.0642, 0.0652, 0.0704, 
0.0749, 0.0775, 0.0856, 0.0847, 114, 134.2, 127.8, 135.3, 134.7, 
143.1, 144.4, 158.3, 165.9, 181.3, 164.8, 29, 15, 28, 47, 26, 
111, 41, 151, 603, 375, 102, 492, 1449, 1337, 162, 197, 145, 
190, 366, 108, 185, 110, 100, 100, 100, 100, 100, 100, 100, 100, 
100, 100, 100, 2500, 2500, 2500, 2500, 2500, 2500, 2500, 2500, 
2500, 2500, 2500, 8885.759, 8736.522, 8830.587, 8967.672, 8601.78599999999, 
9130.50899999999, 9182.516, 9303.71200000001, 8968.95499999999, 
9134.90700000001, 9190.41800000001, 12.07883, 11.50591, 10.60759, 
3.33797, 10.37188, 2.81368, 11.5514, 7.15288, -0.10321, 4.31243, 
12.08594, -14.55212, -5.26306, -8.18401, -6.38519, -12.21541, 
-5.40197, -13.99777, -10.82915, -3.58746, -6.74726, -13.4042, 
0, 0, 0, 0, 0, 0, 0, 0, 0, 0, 0, 0, 0, 0, 0, 0, 0, 0, 0, 0, 0, 
0, 0.98418, 0.98045, 0.98654, 0.992, 0.98428, 0.98503, 0.99307, 
0.97418, 0.97543, 0.97974, 0.97843, 0.96657, 0.97444, 0.96356, 
0.97095, 0.97628, 0.98133, 0.97924, 0.97074, 0.9635, 0.96218, 
0.97031, 0.0529, 0.0599, 0.0604, 0.0626, 0.0625, 0.0741, 0.0668, 
0.0763, 0.1078, 0.0849, 0.081, 113.7, 137.9, 128.2, 143.6, 134.2, 
163.1, 143, 158.8, 232.2, 170.9, 164.9, 6, 6, 105, 107, 5, 324, 
114, 350, 1265, 54, 1008, 49, 191, 56, 6, 9, 8, 20, 12, 3, 6, 
1, 100, 100, 100, 100, 100, 100, 100, 100, 100, 100, 100, 2500, 
2500, 2500, 2500, 2500, 2500, 2500, 2500, 2500, 2500, 2500, 8765.027, 
8890.931, 9165.419, 9050.586, 9070.31600000001, 9405.414, 9537.65400000001, 
9572.785, 9439.71900000001, 9698.177, 10020.133, 1, 1, 1, 1, 
1, 1, 1, 1, 1, 1, 1, 0.02941, 0.02941, 0.02941, 0.02941, 0.02941, 
0.02941, 0.02941, 0.02941, 0.02941, 0.02941, 0.02941, 0, 0, 0, 
0, 0, 0, 0, 0, 0, 0, 0, 0, 0, 0, 0, 0, 0, 0, 0, 0, 0, 0, 0.92973, 
0.92535, 0.93151, 0.95845, 0.94995, 0.93341, 0.942, 0.9546, 0.95375, 
0.95066, 0.94852, 0.92385, 0.94043, 0.94516, 0.94991, 0.94625, 
0.93685, 0.94569, 0.94803, 0.96019, 0.95671, 0.94582, 0.0556, 
0.0618, 0.0657, 0.0702, 0.0727, 0.0765, 0.0799, 0.0913, 0.0911, 
0.0977, 0.1029, 137.3, 148.4, 157.8, 169, 176.4, 184, 194.5, 
200.5, 210.2, 219.7, 228.7, 1, 1, 1, 1, 1, 1, 1, 1, 1, 1, 1, 
1, 1, 1, 1, 1, 1, 1, 1, 1, 1, 1, 1, 1, 1, 1, 1, 1, 1, 1, 1, 1, 
1, 1, 1, 1, 1, 1, 1, 1, 1, 1, 1, 1, 3.462, 3.595, 3.678, 3.541, 
3.574, 3.612, 3.717, 3.732, 3.621, 3.77, 3.917), .Dim = c(11L, 
40L), .Dimnames = list(NULL, c("Sampling", "PSO.cost", "PSO.gamma", 
"PSO.data.balancing", "PSO.feature.selection", "PSO.valid.acc", 
"PSO.test.acc", "PSO.train.time", "PSO.n.support.vectors", "PSO.index", 
"PSO.n.solutions", "PSO.generations", "PSO.n.evaluations", "PSO.cpu.time", 
"RS.cost", "RS.gamma", "RS.data.balancing", "RS.feature.selection", 
"RS.valid.acc", "RS.test.acc", "RS.train.time", "RS.n.support.vectors", 
"RS.index", "RS.n.solutions", "RS.generations", "RS.n.evaluations", 
"RS.cpu.time", "DF.cost", "DF.gamma", "DF.data.balancing", "DF.feature.selection", 
"DF.valid.acc", "DF.test.acc", "DF.train.time", "DF.n.support.vectors", 
"DF.index", "DF.n.solutions", "DF.generations", "DF.n.evaluations", 
"DF.cpu.time")))
