full <-
structure(c(50, 55, 60, 65, 70, 75, 80, 85, 90, 95, 100, 6.58801, 
11.07102, 12.55355, 5.35158, 8.45267, 8.59503, 8.98347, 7.10197, 
5.10962, 3.88219, 8.16917, -7.35554, -15, -15, -7.33596, -12.30463, 
-12.66506, -11.67669, -9.70245, -6.05738, -7.05764, -9.48292, 
0, 0, 0, 0, 0, 0, 0, 0, 0, 0, 0, 0, 0, 0, 0, 0, 0, 0, 0, 0, 0, 
0, 0.96189, 0.97524, 0.96793, 0.97929, 0.96457, 0.96678, 0.97585, 
0.96106, 0.97299, 0.97115, 0.96726, 0.95751, 0.97524, 0.95429, 
0.96186, 0.95214, 0.96335, 0.95871, 0.94815, 0.95434, 0.96493, 
0.96448, 0.0566, 0.0554, 0.0563, 0.0629, 0.0668, 0.0711, 0.0718, 
0.0755, 0.0792, 0.0824, 0.0864, 114.6, 126.7, 130.5, 142.6, 148, 
155.6, 155.1, 157.5, 177.2, 177.2, 167.3, 39, 91, 595, 473, 235, 
101, 63, 149, 67, 34, 5, 1334, 69, 57, 316, 26, 109, 255, 161, 
263, 254, 966, 100, 100, 100, 100, 100, 100, 100, 100, 100, 100, 
100, 2500, 2500, 2500, 2500, 2500, 2500, 2500, 2500, 2500, 2500, 
2500, 9169.355, 8687.763, 8893.927, 9260.952, 9384.303, 9293.99799999999, 
9122.72, 9339.43699999999, 9062.68799999999, 9282.14999999999, 
9320.28300000002, 6.23249, 8.276, 8.59527, 4.80901, 2.99553, 
1.08393, 7.89521, 5.88753, 4.63654, 2.49279, 7.58395, -6.93576, 
-12.17816, -11.0974, -6.83503, -5.32478, -3.74894, -10.62615, 
-8.44972, -6.04115, -5.67989, -8.93162, 0, 0, 0, 0, 0, 0, 0, 
0, 0, 0, 0, 0, 0, 0, 0, 0, 0, 0, 0, 0, 0, 0, 0.96189, 0.97524, 
0.96358, 0.97929, 0.96399, 0.97035, 0.97585, 0.96106, 0.97299, 
0.97115, 0.96726, 0.95163, 0.97024, 0.95429, 0.96186, 0.95614, 
0.95195, 0.95871, 0.94815, 0.95737, 0.96493, 0.96448, 0.0532, 
0.057, 0.0596, 0.0635, 0.0738, 0.0885, 0.0733, 0.0784, 0.0852, 
0.0912, 0.0858, 115.8, 126.4, 131, 144.3, 161.4, 196.5, 155.6, 
160.1, 177.8, 188.8, 168.2, 8, 336, 513, 1479, 430, 1230, 3, 
55, 169, 98, 1, 116, 5, 1, 1, 6, 1, 29, 31, 4, 16, 160, 100, 
100, 100, 100, 100, 100, 100, 100, 100, 100, 100, 2500, 2500, 
2500, 2500, 2500, 2500, 2500, 2500, 2500, 2500, 2500, 9200.763, 
8952.836, 9182.36, 9453.999, 9470.781, 9300.573, 9487.852, 9480.15899999999, 
9421.39500000002, 9712.50099999999, 10009.398, 1, 1, 1, 1, 1, 
1, 1, 1, 1, 1, 1, 0.02941, 0.02941, 0.02941, 0.02941, 0.02941, 
0.02941, 0.02941, 0.02941, 0.02941, 0.02941, 0.02941, 0, 0, 0, 
0, 0, 0, 0, 0, 0, 0, 0, 0, 0, 0, 0, 0, 0, 0, 0, 0, 0, 0, 0.93636, 
0.94495, 0.91787, 0.94044, 0.94161, 0.94126, 0.95526, 0.95772, 
0.95727, 0.95031, 0.95337, 0.94754, 0.93519, 0.92263, 0.94061, 
0.94931, 0.95965, 0.95871, 0.95095, 0.9512, 0.9593, 0.956, 0.0605, 
0.061, 0.0618, 0.0725, 0.0738, 0.0754, 0.0861, 0.0853, 0.0882, 
0.0952, 0.0989, 132.8, 146.1, 156.6, 168.1, 178.2, 186.2, 196.4, 
206, 214.7, 221.8, 229, 1, 1, 1, 1, 1, 1, 1, 1, 1, 1, 1, 1, 1, 
1, 1, 1, 1, 1, 1, 1, 1, 1, 1, 1, 1, 1, 1, 1, 1, 1, 1, 1, 1, 1, 
1, 1, 1, 1, 1, 1, 1, 1, 1, 1, 3.733, 3.619, 3.662, 3.786, 3.689, 
3.705, 3.795, 3.654, 3.682, 3.76, 3.852), .Dim = c(11L, 40L), .Dimnames = list(
    NULL, c("Sampling", "PSO.cost", "PSO.gamma", "PSO.data.balancing", 
    "PSO.feature.selection", "PSO.valid.acc", "PSO.test.acc", 
    "PSO.train.time", "PSO.n.support.vectors", "PSO.index", "PSO.n.solutions", 
    "PSO.generations", "PSO.n.evaluations", "PSO.cpu.time", "RS.cost", 
    "RS.gamma", "RS.data.balancing", "RS.feature.selection", 
    "RS.valid.acc", "RS.test.acc", "RS.train.time", "RS.n.support.vectors", 
    "RS.index", "RS.n.solutions", "RS.generations", "RS.n.evaluations", 
    "RS.cpu.time", "DF.cost", "DF.gamma", "DF.data.balancing", 
    "DF.feature.selection", "DF.valid.acc", "DF.test.acc", "DF.train.time", 
    "DF.n.support.vectors", "DF.index", "DF.n.solutions", "DF.generations", 
    "DF.n.evaluations", "DF.cpu.time")))
