full <-
structure(c(50, 55, 60, 65, 70, 75, 80, 85, 90, 95, 100, 10.28319, 
15, 4.13604, 15, 0.89662, 0.19893, 12.82404, 0.64825, 7.00174, 
8.48806, 8.55237, -4.43197, -3.33553, -7.26033, -3.40608, -2.97818, 
-3.53055, -14.40886, -3.26254, -8.93987, -11.61779, -10.81381, 
0, 0, 0, 0, 0, 0, 0, 0, 0, 0, 0, 0, 0, 0, 0, 0, 0, 0, 0, 0, 0, 
0, 0.97365, 0.96967, 0.95785, 0.97911, 0.96446, 0.95962, 0.97238, 
0.97751, 0.97206, 0.96829, 0.97294, 0.95615, 0.96914, 0.93459, 
0.96967, 0.95691, 0.95221, 0.96489, 0.96471, 0.96287, 0.96845, 
0.97031, 0.0632, 0.0634, 0.0568, 0.0792, 0.0837, 0.0917, 0.0703, 
0.108, 0.084, 0.0825, 0.0844, 133.8, 155.1, 131.4, 179.5, 197.3, 
199.9, 146.5, 229.3, 157.1, 163.7, 166.3, 18, 458, 350, 56, 1007, 
322, 16, 1778, 58, 83, 100, 1167, 457, 43, 1131, 154, 489, 303, 
23, 111, 186, 321, 100, 100, 100, 100, 100, 100, 100, 100, 100, 
100, 100, 2500, 2500, 2500, 2500, 2500, 2500, 2500, 2500, 2500, 
2500, 2500, 9181.236, 9417.834, 9001.121, 9542.31299999999, 9746.35000000001, 
9608.151, 9080.637, 9727.238, 9589.81299999999, 9595.049, 9302.00099999999, 
14.54246, 1.9034, 6.67283, 7.4921, 0.8397, 0.03033, 13.2179, 
12.33699, 9.81621, 8.13584, 10.90512, -4.17763, -3.34391, -7.09083, 
-3.53496, -2.98449, -3.49207, -14.16572, -3.218, -11.78003, -11.252, 
-13.23792, 0, 0, 0, 0, 0, 0, 0, 0, 0, 0, 0, 0, 0, 0, 0, 0, 0, 
0, 0, 0, 0, 0, 0.97365, 0.96967, 0.95739, 0.97911, 0.96446, 0.95962, 
0.97238, 0.97429, 0.97206, 0.96829, 0.97294, 0.9499, 0.96914, 
0.93479, 0.96967, 0.96091, 0.95221, 0.96501, 0.96149, 0.96287, 
0.96845, 0.97031, 0.0576, 0.0665, 0.0606, 0.0831, 0.0817, 0.0898, 
0.0733, 0.1073, 0.0771, 0.0814, 0.0861, 135.3, 155, 131.4, 177.6, 
197.3, 201.3, 146.1, 229.8, 154.4, 163.4, 166.8, 1, 540, 2, 56, 
1113, 1800, 292, 12, 139, 502, 53, 69, 4, 78, 22, 1, 1, 46, 4, 
7, 3, 20, 100, 100, 100, 100, 100, 100, 100, 100, 100, 100, 100, 
2500, 2500, 2500, 2500, 2500, 2500, 2500, 2500, 2500, 2500, 2500, 
9163.059, 9329.508, 9160.76, 9454.69100000001, 9474.908, 9384.349, 
9472.70300000001, 9790.44099999999, 10078.965, 9722.573, 9969.33499999999, 
1, 1, 1, 1, 1, 1, 1, 1, 1, 1, 1, 0.02941, 0.02941, 0.02941, 0.02941, 
0.02941, 0.02941, 0.02941, 0.02941, 0.02941, 0.02941, 0.02941, 
0, 0, 0, 0, 0, 0, 0, 0, 0, 0, 0, 0, 0, 0, 0, 0, 0, 0, 0, 0, 0, 
0, 0.9359, 0.94438, 0.95396, 0.94931, 0.94491, 0.94478, 0.94841, 
0.95179, 0.95083, 0.95357, 0.95372, 0.92731, 0.92935, 0.94441, 
0.95331, 0.95246, 0.94453, 0.95532, 0.95481, 0.94155, 0.945, 
0.94538, 0.0554, 0.0615, 0.0622, 0.0708, 0.0793, 0.0766, 0.0823, 
0.0866, 0.0941, 0.0943, 0.1067, 132.5, 145.9, 155.2, 168.1, 176.3, 
184.2, 195.2, 203.1, 211, 219.5, 229.7, 1, 1, 1, 1, 1, 1, 1, 
1, 1, 1, 1, 1, 1, 1, 1, 1, 1, 1, 1, 1, 1, 1, 1, 1, 1, 1, 1, 1, 
1, 1, 1, 1, 1, 1, 1, 1, 1, 1, 1, 1, 1, 1, 1, 1, 3.651, 3.773, 
3.698, 3.769, 4.676, 3.655, 3.54, 3.872, 3.908, 3.791, 3.914), .Dim = c(11L, 
40L), .Dimnames = list(NULL, c("Sampling", "PSO.cost", "PSO.gamma", 
"PSO.data.balancing", "PSO.feature.selection", "PSO.valid.acc", 
"PSO.test.acc", "PSO.train.time", "PSO.n.support.vectors", "PSO.index", 
"PSO.n.solutions", "PSO.generations", "PSO.n.evaluations", "PSO.cpu.time", 
"RS.cost", "RS.gamma", "RS.data.balancing", "RS.feature.selection", 
"RS.valid.acc", "RS.test.acc", "RS.train.time", "RS.n.support.vectors", 
"RS.index", "RS.n.solutions", "RS.generations", "RS.n.evaluations", 
"RS.cpu.time", "DF.cost", "DF.gamma", "DF.data.balancing", "DF.feature.selection", 
"DF.valid.acc", "DF.test.acc", "DF.train.time", "DF.n.support.vectors", 
"DF.index", "DF.n.solutions", "DF.generations", "DF.n.evaluations", 
"DF.cpu.time")))
