full <-
structure(c(50, 55, 60, 65, 70, 75, 80, 85, 90, 95, 100, 8.44853, 
13.30359, 3.07463, 8.38505, 0.37433, 6.27482, 5.86446, 10.1577, 
4.71957, 9.47958, 10.48724, -11.19511, -5.65563, -5.88153, -10.4633, 
-4.16062, -9.81178, -8.71341, -12.4671, -8.50926, -11.46096, 
-4.24828, 0, 0, 0, 0, 0, 0, 0, 0, 0, 0, 0, 0, 0, 0, 0, 0, 0, 
0, 0, 0, 0, 0, 0.96722, 0.97571, 0.97386, 0.97482, 0.96904, 0.96349, 
0.97223, 0.98068, 0.96939, 0.97403, 0.96419, 0.96196, 0.96045, 
0.95985, 0.96611, 0.9535, 0.95979, 0.95179, 0.96302, 0.97267, 
0.96824, 0.94219, 0.0539, 0.06, 0.0704, 0.0657, 0.0787, 0.0647, 
0.0724, 0.0765, 0.08, 0.0791, 0.1103, 114.9, 133.1, 139, 135.6, 
179.6, 153.8, 159.6, 160.8, 168.3, 159.8, 226.4, 33, 109, 535, 
436, 133, 312, 150, 113, 1800, 192, 400, 118, 558, 61, 51, 736, 
186, 145, 136, 1, 199, 314, 100, 100, 100, 100, 100, 100, 100, 
100, 100, 100, 100, 2500, 2500, 2500, 2500, 2500, 2500, 2500, 
2500, 2500, 2500, 2500, 8998.764, 9314.117, 8979.361, 9266.04, 
9574.508, 9272.66100000001, 9134.463, 9264.932, 9959.51699999999, 
9769.61300000001, 10271.136, 3.48639, 4.53821, 3.30664, 12.10357, 
0.85659, 10.22089, 11.70364, 12.23734, 11.05185, 11.65215, 9.28058, 
-5.86104, -5.58054, -5.4343, -14.24621, -4.59938, -13.44277, 
-14.4147, -14.49558, -14.82162, -13.68581, -4.28234, 0, 0, 0, 
0, 0, 0, 0, 0, 0, 0, 0, 0, 0, 0, 0, 0, 0, 0, 0, 0, 0, 0, 0.96722, 
0.97571, 0.96932, 0.97482, 0.96904, 0.96349, 0.97223, 0.98068, 
0.96653, 0.97403, 0.96419, 0.95696, 0.96045, 0.95076, 0.96611, 
0.95735, 0.94868, 0.95179, 0.96302, 0.97267, 0.96824, 0.94219, 
0.0528, 0.0602, 0.066, 0.0599, 0.075, 0.0671, 0.0747, 0.0755, 
0.0813, 0.0809, 0.1109, 121.9, 133.7, 141.8, 135.1, 173.7, 152.1, 
156.9, 160.7, 166.2, 160, 224.8, 19, 19, 110, 922, 202, 235, 
92, 457, 627, 129, 481, 19, 28, 16, 6, 3, 20, 14, 4, 3, 12, 4, 
100, 100, 100, 100, 100, 100, 100, 100, 100, 100, 100, 2500, 
2500, 2500, 2500, 2500, 2500, 2500, 2500, 2500, 2500, 2500, 9193.563, 
9325.151, 9150.614, 9467.372, 9478.04999999999, 9301.874, 9498.88100000001, 
9748.163, 10083.032, 10200.106, 10284.908, 1, 1, 1, 1, 1, 1, 
1, 1, 1, 1, 1, 0.02941, 0.02941, 0.02941, 0.02941, 0.02941, 0.02941, 
0.02941, 0.02941, 0.02941, 0.02941, 0.02941, 0, 0, 0, 0, 0, 0, 
0, 0, 0, 0, 0, 0, 0, 0, 0, 0, 0, 0, 0, 0, 0, 0, 0.91947, 0.93538, 
0.93761, 0.94151, 0.93719, 0.93426, 0.94441, 0.94994, 0.95117, 
0.95049, 0.95052, 0.92382, 0.91935, 0.9368, 0.93696, 0.9258, 
0.95238, 0.94167, 0.94661, 0.95098, 0.95058, 0.94234, 0.0566, 
0.0581, 0.0641, 0.0688, 0.0736, 0.0747, 0.0774, 0.0854, 0.0924, 
0.0938, 0.1022, 133.5, 144.4, 154.7, 165.9, 177.7, 186.1, 195.5, 
202.3, 209.8, 216.2, 229, 1, 1, 1, 1, 1, 1, 1, 1, 1, 1, 1, 1, 
1, 1, 1, 1, 1, 1, 1, 1, 1, 1, 1, 1, 1, 1, 1, 1, 1, 1, 1, 1, 1, 
1, 1, 1, 1, 1, 1, 1, 1, 1, 1, 1, 3.623, 3.631, 3.648, 3.77, 3.684, 
3.633, 3.747, 3.898, 3.9, 3.962, 3.856), .Dim = c(11L, 40L), .Dimnames = list(
    NULL, c("Sampling", "PSO.cost", "PSO.gamma", "PSO.data.balancing", 
    "PSO.feature.selection", "PSO.valid.acc", "PSO.test.acc", 
    "PSO.train.time", "PSO.n.support.vectors", "PSO.index", "PSO.n.solutions", 
    "PSO.generations", "PSO.n.evaluations", "PSO.cpu.time", "RS.cost", 
    "RS.gamma", "RS.data.balancing", "RS.feature.selection", 
    "RS.valid.acc", "RS.test.acc", "RS.train.time", "RS.n.support.vectors", 
    "RS.index", "RS.n.solutions", "RS.generations", "RS.n.evaluations", 
    "RS.cpu.time", "DF.cost", "DF.gamma", "DF.data.balancing", 
    "DF.feature.selection", "DF.valid.acc", "DF.test.acc", "DF.train.time", 
    "DF.n.support.vectors", "DF.index", "DF.n.solutions", "DF.generations", 
    "DF.n.evaluations", "DF.cpu.time")))
