full <-
structure(c(50, 55, 60, 65, 70, 75, 80, 85, 90, 95, 100, 1.6187, 
9.68536, 11.11368, 3.61459, 9.86102, 7.85893, 12.92952, 8.96629, 
7.72962, 4.0088, 5.80162, -4.05221, -4.06283, -15, -6.42657, 
-7.76659, -11.18647, -15, -13.0562, -10.54833, -5.44602, -9.68562, 
0, 0, 0, 0, 0, 0, 0, 0, 0, 0, 0, 0, 0, 0, 0, 0, 0, 0, 0, 0, 0, 
0, 0.96069, 0.95992, 0.94913, 0.96677, 0.97225, 0.95204, 0.96906, 
0.96769, 0.97878, 0.96804, 0.97244, 0.95046, 0.95069, 0.93528, 
0.94952, 0.95271, 0.95505, 0.95836, 0.95759, 0.96031, 0.95653, 
0.96966, 0.063, 0.0649, 0.0596, 0.0642, 0.0644, 0.0671, 0.0722, 
0.0783, 0.0778, 0.0967, 0.0946, 135.8, 148.1, 130.2, 140.1, 143.2, 
147.3, 146.5, 163.8, 160.3, 190.2, 180.7, 382, 944, 62, 76, 157, 
110, 159, 57, 63, 671, 114, 522, 323, 235, 49, 911, 128, 352, 
117, 401, 58, 132, 100, 100, 100, 100, 100, 100, 100, 100, 100, 
100, 100, 2500, 2500, 2500, 2500, 2500, 2500, 2500, 2500, 2500, 
2500, 2500, 8911.45, 8853.714, 9039.475, 9317.778, 8970.62700000001, 
9183.323, 9070.59999999999, 9378.34600000001, 9692.152, 9977.04000000001, 
9821.97199999998, 2.03303, 11.85078, 0.4843, 3.33641, 13.95854, 
6.44028, 11.11099, 7.55433, 10.05825, 3.24141, 7.50214, -4.63725, 
-4.05178, -4.03876, -6.47758, -7.79279, -9.75848, -13.20162, 
-11.66019, -12.74447, -4.92102, -11.45815, 0, 0, 0, 0, 0, 0, 
0, 0, 0, 0, 0, 0, 0, 0, 0, 0, 0, 0, 0, 0, 0, 0, 0.96069, 0.95992, 
0.94935, 0.96677, 0.97225, 0.95204, 0.96906, 0.96769, 0.97878, 
0.9651, 0.97244, 0.9449, 0.95069, 0.93506, 0.94952, 0.95271, 
0.95505, 0.95836, 0.95759, 0.95719, 0.96535, 0.97243, 0.0555, 
0.0653, 0.0647, 0.0642, 0.0628, 0.066, 0.07, 0.0782, 0.079, 0.09, 
0.0861, 131, 148.3, 160, 140.9, 143, 148.1, 146.7, 163.9, 159.4, 
200.4, 180.4, 1235, 150, 1719, 519, 232, 120, 376, 12, 45, 990, 
908, 2, 2, 1, 3, 4, 16, 9, 7, 71, 1, 5, 100, 100, 100, 100, 100, 
100, 100, 100, 100, 100, 100, 2500, 2500, 2500, 2500, 2500, 2500, 
2500, 2500, 2500, 2500, 2500, 8730.654, 8931.973, 9202.934, 9462.393, 
9170.658, 9237.732, 9471.89, 9791.60000000001, 10085.225, 10229.763, 
10242.142, 1, 1, 1, 1, 1, 1, 1, 1, 1, 1, 1, 0.02941, 0.02941, 
0.02941, 0.02941, 0.02941, 0.02941, 0.02941, 0.02941, 0.02941, 
0.02941, 0.02941, 0, 0, 0, 0, 0, 0, 0, 0, 0, 0, 0, 0, 0, 0, 0, 
0, 0, 0, 0, 0, 0, 0, 0.89094, 0.91514, 0.91667, 0.93737, 0.94897, 
0.94418, 0.95158, 0.94486, 0.94781, 0.9445, 0.95352, 0.8965, 
0.9304, 0.93052, 0.92485, 0.93729, 0.93292, 0.94491, 0.93841, 
0.9479, 0.9504, 0.94803, 0.0559, 0.0622, 0.0667, 0.0678, 0.0757, 
0.076, 0.0827, 0.0828, 0.0907, 0.094, 0.1061, 136.3, 149.1, 158, 
166.6, 178.2, 188.4, 195.1, 201.6, 211.6, 219.7, 228.6, 1, 1, 
1, 1, 1, 1, 1, 1, 1, 1, 1, 1, 1, 1, 1, 1, 1, 1, 1, 1, 1, 1, 1, 
1, 1, 1, 1, 1, 1, 1, 1, 1, 1, 1, 1, 1, 1, 1, 1, 1, 1, 1, 1, 1, 
3.517, 3.519, 3.792, 3.65, 3.659, 3.712, 3.746, 3.913, 3.913, 
3.968, 4.098), .Dim = c(11L, 40L), .Dimnames = list(NULL, c("Sampling", 
"PSO.cost", "PSO.gamma", "PSO.data.balancing", "PSO.feature.selection", 
"PSO.valid.acc", "PSO.test.acc", "PSO.train.time", "PSO.n.support.vectors", 
"PSO.index", "PSO.n.solutions", "PSO.generations", "PSO.n.evaluations", 
"PSO.cpu.time", "RS.cost", "RS.gamma", "RS.data.balancing", "RS.feature.selection", 
"RS.valid.acc", "RS.test.acc", "RS.train.time", "RS.n.support.vectors", 
"RS.index", "RS.n.solutions", "RS.generations", "RS.n.evaluations", 
"RS.cpu.time", "DF.cost", "DF.gamma", "DF.data.balancing", "DF.feature.selection", 
"DF.valid.acc", "DF.test.acc", "DF.train.time", "DF.n.support.vectors", 
"DF.index", "DF.n.solutions", "DF.generations", "DF.n.evaluations", 
"DF.cpu.time")))
