full <-
structure(c(50, 55, 60, 65, 70, 75, 80, 85, 90, 95, 100, 3.45824, 
2.32266, 4.27622, 8.07336, 3.98807, 8.51789, 11.06311, 6.1066, 
11.37599, 2.32163, 13.1177, -7.52963, -4.89295, -4.0175, -6.89141, 
-6.16302, -10.76835, -14.0118, -8.18562, -5.24804, -4.51753, 
-15, 0, 0, 0, 0, 0, 0, 0, 0, 0, 0, 0, 0, 0, 0, 0, 0, 0, 0, 0, 
0, 0, 0, 0.96195, 0.95521, 0.96334, 0.97094, 0.96823, 0.97442, 
0.98632, 0.98376, 0.98797, 0.97713, 0.96989, 0.96257, 0.94545, 
0.96297, 0.95875, 0.96853, 0.95261, 0.97264, 0.97398, 0.97584, 
0.96838, 0.9753, 0.0521, 0.0584, 0.0678, 0.0655, 0.0702, 0.07, 
0.0764, 0.0767, 0.0858, 0.0998, 0.0898, 113.3, 131.2, 155.5, 
135.3, 147.4, 143.4, 149.5, 155.6, 187.6, 211.3, 164.4, 200, 
1094, 49, 45, 89, 39, 120, 92, 130, 1237, 58, 152, 97, 1274, 
328, 108, 290, 494, 139, 794, 27, 761, 100, 100, 100, 100, 100, 
100, 100, 100, 100, 100, 100, 2500, 2500, 2500, 2500, 2500, 2500, 
2500, 2500, 2500, 2500, 2500, 9189.731, 9216.373, 9212.586, 9258.127, 
8909.174, 9132.14599999999, 9123.37699999999, 9395.64700000001, 
9161.35000000001, 9264.65400000001, 9639.25600000002, 9.90022, 
2.2184, 13.50844, 13.2954, 4.03802, 11.15215, 8.65631, 5.93781, 
8.51663, 8.93158, 11.84458, -13.78653, -5.76363, -3.64033, -6.89947, 
-6.24645, -13.52358, -11.41237, -7.86225, -5.27609, -11.51713, 
-13.4471, 0, 0, 0, 0, 0, 0, 0, 0, 0, 0, 0, 0, 0, 0, 0, 0, 0, 
0, 0, 0, 0, 0, 0.96195, 0.95071, 0.96334, 0.97094, 0.96823, 0.97442, 
0.98632, 0.98376, 0.98797, 0.97688, 0.96989, 0.96784, 0.94071, 
0.95842, 0.95875, 0.96853, 0.96001, 0.97954, 0.97398, 0.97584, 
0.95956, 0.9753, 0.0558, 0.0582, 0.0685, 0.0625, 0.0677, 0.064, 
0.0757, 0.0734, 0.0817, 0.0834, 0.0841, 110.7, 124.8, 161.5, 
135.2, 146.7, 143.5, 148.6, 156.2, 187.2, 164.7, 164.4, 152, 
65, 47, 52, 1017, 33, 378, 75, 13, 18, 295, 24, 3, 52, 31, 4, 
31, 13, 9, 21, 7, 23, 100, 100, 100, 100, 100, 100, 100, 100, 
100, 100, 100, 2500, 2500, 2500, 2500, 2500, 2500, 2500, 2500, 
2500, 2500, 2500, 9200.109, 9284.111, 9207.323, 9245.93799999999, 
9130.39300000001, 9399.69100000001, 9513.034, 9824.03599999999, 
9436.408, 9730.495, 10295.14, 1, 1, 1, 1, 1, 1, 1, 1, 1, 1, 1, 
0.02941, 0.02941, 0.02941, 0.02941, 0.02941, 0.02941, 0.02941, 
0.02941, 0.02941, 0.02941, 0.02941, 0, 0, 0, 0, 0, 0, 0, 0, 0, 
0, 0, 0, 0, 0, 0, 0, 0, 0, 0, 0, 0, 0, 0.90757, 0.93069, 0.93084, 
0.94959, 0.95682, 0.95932, 0.96229, 0.9515, 0.95112, 0.95064, 
0.95381, 0.90263, 0.92093, 0.935, 0.95775, 0.96053, 0.9449, 0.95551, 
0.9515, 0.95103, 0.95383, 0.95111, 0.06, 0.0598, 0.0636, 0.0674, 
0.0752, 0.0766, 0.0838, 0.0869, 0.0948, 0.0971, 0.103, 129.9, 
140.1, 153.1, 162.7, 177.2, 187.6, 194.7, 201.7, 213.6, 221.9, 
229, 1, 1, 1, 1, 1, 1, 1, 1, 1, 1, 1, 1, 1, 1, 1, 1, 1, 1, 1, 
1, 1, 1, 1, 1, 1, 1, 1, 1, 1, 1, 1, 1, 1, 1, 1, 1, 1, 1, 1, 1, 
1, 1, 1, 1, 3.702, 3.751, 3.647, 3.537, 3.69, 3.761, 3.688, 3.855, 
3.818, 3.697, 3.93), .Dim = c(11L, 40L), .Dimnames = list(NULL, 
    c("Sampling", "PSO.cost", "PSO.gamma", "PSO.data.balancing", 
    "PSO.feature.selection", "PSO.valid.acc", "PSO.test.acc", 
    "PSO.train.time", "PSO.n.support.vectors", "PSO.index", "PSO.n.solutions", 
    "PSO.generations", "PSO.n.evaluations", "PSO.cpu.time", "RS.cost", 
    "RS.gamma", "RS.data.balancing", "RS.feature.selection", 
    "RS.valid.acc", "RS.test.acc", "RS.train.time", "RS.n.support.vectors", 
    "RS.index", "RS.n.solutions", "RS.generations", "RS.n.evaluations", 
    "RS.cpu.time", "DF.cost", "DF.gamma", "DF.data.balancing", 
    "DF.feature.selection", "DF.valid.acc", "DF.test.acc", "DF.train.time", 
    "DF.n.support.vectors", "DF.index", "DF.n.solutions", "DF.generations", 
    "DF.n.evaluations", "DF.cpu.time")))
