full <-
structure(c(50, 55, 60, 65, 70, 75, 80, 85, 90, 95, 100, 5.83333, 
12.59042, 2.6287, 6.16983, 7.03159, 11.68723, 11.3584, 5.38529, 
12.7118, 6.55897, 9.80711, -4.52193, -2.98581, -4.78993, -8.33143, 
-11.4392, -14.49609, -5.45988, -7.94481, -15, -8.13064, -11.33192, 
0, 0, 0, 0, 0, 0, 0, 0, 0, 0, 0, 0, 0, 0, 0, 0, 0, 0, 0, 0, 0, 
0, 0.96225, 0.96048, 0.96378, 0.96187, 0.96101, 0.96741, 0.97644, 
0.97085, 0.97879, 0.97919, 0.97267, 0.9567, 0.94545, 0.93664, 
0.95767, 0.95733, 0.9641, 0.96275, 0.95784, 0.97566, 0.97625, 
0.9563, 0.0611, 0.0689, 0.0683, 0.0649, 0.066, 0.0694, 0.0759, 
0.0784, 0.0794, 0.0865, 0.0835, 132.5, 156.7, 145.5, 135, 146.2, 
144.1, 169.4, 163.9, 159, 166.3, 165.5, 126, 516, 50, 174, 1303, 
442, 21, 178, 981, 799, 96, 901, 29, 177, 225, 57, 67, 1380, 
75, 44, 34, 237, 100, 100, 100, 100, 100, 100, 100, 100, 100, 
100, 100, 2500, 2500, 2500, 2500, 2500, 2500, 2500, 2500, 2500, 
2500, 2500, 9230.665, 9312.021, 9153.397, 9251.219, 9397.042, 
9168.575, 9172.656, 9377.629, 9692.54699999999, 9907.117, 9190.16800000001, 
5.94479, 14.52783, 2.45607, 8.67998, 7.21359, 5.45781, 2.88794, 
10.31713, 7.0597, 7.54336, 11.30884, -4.45763, -2.99137, -4.689, 
-11.06159, -11.60986, -10.37105, -5.39931, -12.8705, -9.31612, 
-9.17456, -12.94306, 0, 0, 0, 0, 0, 0, 0, 0, 0, 0, 0, 0, 0, 0, 
0, 0, 0, 0, 0, 0, 0, 0, 0.96225, 0.96048, 0.96378, 0.96187, 0.95716, 
0.9641, 0.97644, 0.97085, 0.97576, 0.97919, 0.97267, 0.9567, 
0.94545, 0.9323, 0.95767, 0.95733, 0.95284, 0.95942, 0.95461, 
0.97566, 0.97919, 0.9563, 0.0583, 0.0663, 0.0669, 0.0634, 0.0618, 
0.073, 0.0829, 0.0788, 0.0776, 0.0833, 0.0861, 132.9, 156.7, 
146.3, 131.9, 145.9, 163.1, 172.5, 158.1, 160.4, 165, 164.9, 
24, 154, 438, 226, 229, 656, 66, 296, 285, 40, 259, 13, 3, 1, 
26, 3, 1, 122, 7, 17, 4, 16, 100, 100, 100, 100, 100, 100, 100, 
100, 100, 100, 100, 2500, 2500, 2500, 2500, 2500, 2500, 2500, 
2500, 2500, 2500, 2500, 9226.196, 9323.867, 9208.97100000001, 
9436.326, 9474.12299999999, 9298.57399999999, 9462.495, 9755.43400000001, 
10079.9, 10240.165, 9970.69500000001, 1, 1, 1, 1, 1, 1, 1, 1, 
1, 1, 1, 0.02941, 0.02941, 0.02941, 0.02941, 0.02941, 0.02941, 
0.02941, 0.02941, 0.02941, 0.02941, 0.02941, 0, 0, 0, 0, 0, 0, 
0, 0, 0, 0, 0, 0, 0, 0, 0, 0, 0, 0, 0, 0, 0, 0, 0.92453, 0.93571, 
0.92773, 0.94916, 0.94515, 0.94543, 0.95895, 0.94847, 0.94186, 
0.95684, 0.95082, 0.9078, 0.93571, 0.93271, 0.93643, 0.94515, 
0.94529, 0.95204, 0.94212, 0.9571, 0.95397, 0.94812, 0.0554, 
0.0631, 0.0633, 0.0675, 0.0761, 0.0779, 0.0808, 0.0866, 0.0875, 
0.1005, 0.105, 135.5, 146, 156.4, 168.3, 178.4, 186.6, 194.1, 
202.4, 211.3, 219.7, 229, 1, 1, 1, 1, 1, 1, 1, 1, 1, 1, 1, 1, 
1, 1, 1, 1, 1, 1, 1, 1, 1, 1, 1, 1, 1, 1, 1, 1, 1, 1, 1, 1, 1, 
1, 1, 1, 1, 1, 1, 1, 1, 1, 1, 1, 3.665, 3.638, 3.676, 3.775, 
3.728, 3.519, 3.699, 3.921, 3.885, 4.063, 3.889), .Dim = c(11L, 
40L), .Dimnames = list(NULL, c("Sampling", "PSO.cost", "PSO.gamma", 
"PSO.data.balancing", "PSO.feature.selection", "PSO.valid.acc", 
"PSO.test.acc", "PSO.train.time", "PSO.n.support.vectors", "PSO.index", 
"PSO.n.solutions", "PSO.generations", "PSO.n.evaluations", "PSO.cpu.time", 
"RS.cost", "RS.gamma", "RS.data.balancing", "RS.feature.selection", 
"RS.valid.acc", "RS.test.acc", "RS.train.time", "RS.n.support.vectors", 
"RS.index", "RS.n.solutions", "RS.generations", "RS.n.evaluations", 
"RS.cpu.time", "DF.cost", "DF.gamma", "DF.data.balancing", "DF.feature.selection", 
"DF.valid.acc", "DF.test.acc", "DF.train.time", "DF.n.support.vectors", 
"DF.index", "DF.n.solutions", "DF.generations", "DF.n.evaluations", 
"DF.cpu.time")))
