full <-
structure(c(50, 55, 60, 65, 70, 75, 80, 85, 90, 95, 100, 8.08676, 
13.83603, 12.06055, 11.51515, 4.41803, 5.78924, 4.33248, 3.56109, 
7.04718, 6.703, 9.39273, -5.72041, -11.18942, -11.86409, -7.60335, 
-7.01764, -7.10958, -7.22606, -6.44353, -7.97488, -9.12511, -12.41579, 
0, 0, 0, 0, 0, 0, 0, 0, 0, 0, 0, 0, 0, 0, 0, 0, 0, 0, 0, 0, 0, 
0, 0.95836, 0.94892, 0.95045, 0.97062, 0.96796, 0.96295, 0.97252, 
0.96426, 0.9603, 0.96218, 0.97275, 0.95152, 0.95368, 0.95491, 
0.96611, 0.95659, 0.94827, 0.95871, 0.9576, 0.94486, 0.96789, 
0.96719, 0.0562, 0.0585, 0.0589, 0.0678, 0.0697, 0.0705, 0.0725, 
0.0838, 0.0782, 0.0856, 0.0924, 128.4, 124.4, 132.2, 143.2, 150.6, 
155.9, 159, 172.1, 161.2, 168.3, 172.9, 34, 2, 7, 3, 897, 92, 
687, 952, 32, 12, 58, 1220, 1597, 1253, 1635, 32, 253, 84, 157, 
515, 268, 180, 100, 100, 100, 100, 100, 100, 100, 100, 100, 100, 
100, 2500, 2500, 2500, 2500, 2500, 2500, 2500, 2500, 2500, 2500, 
2500, 8151.264, 8133.458, 8196.55, 8274.503, 8263.503, 8361.17999999999, 
8131.228, 8355.10400000001, 8292.492, 8520.80300000001, 9072.21000000002, 
14.04554, 13.98444, 12.32359, 12.22398, 4.38352, 10.32656, 4.53763, 
3.42295, 6.23361, 10.96502, 8.61478, -5.5404, -10.36738, -10.77557, 
-12.09095, -7.01232, -11.5454, -7.48005, -6.24996, -7.5555, -13.55907, 
-11.87269, 0, 0, 0, 0, 0, 0, 0, 0, 0, 0, 0, 0, 0, 0, 0, 0, 0, 
0, 0, 0, 0, 0, 0.95836, 0.94892, 0.95045, 0.97062, 0.96796, 0.96295, 
0.97252, 0.96426, 0.9603, 0.96512, 0.97275, 0.95152, 0.95368, 
0.95491, 0.97011, 0.95242, 0.95197, 0.96204, 0.9576, 0.94789, 
0.97075, 0.96997, 0.0547, 0.0574, 0.0616, 0.0614, 0.0689, 0.0715, 
0.0728, 0.081, 0.0785, 0.0834, 0.0909, 129.1, 124.5, 132.7, 138.2, 
150.8, 147.2, 158.4, 173.7, 163.8, 166.7, 173.9, 47, 2, 2, 6, 
1020, 39, 164, 532, 18, 700, 6, 22, 380, 263, 271, 3, 34, 1, 
3, 95, 1, 21, 100, 100, 100, 100, 100, 100, 100, 100, 100, 100, 
100, 2500, 2500, 2500, 2500, 2500, 2500, 2500, 2500, 2500, 2500, 
2500, 8260.873, 8342.445, 8392.682, 8328.172, 8221.25600000001, 
8682.356, 8486.924, 8737.38900000001, 8900.77100000001, 9330.37699999998, 
9837.17999999999, 1, 1, 1, 1, 1, 1, 1, 1, 1, 1, 1, 0.02941, 0.02941, 
0.02941, 0.02941, 0.02941, 0.02941, 0.02941, 0.02941, 0.02941, 
0.02941, 0.02941, 0, 0, 0, 0, 0, 0, 0, 0, 0, 0, 0, 0, 0, 0, 0, 
0, 0, 0, 0, 0, 0, 0, 0.89423, 0.92002, 0.92732, 0.94836, 0.94458, 
0.94496, 0.94169, 0.95556, 0.95423, 0.95041, 0.95623, 0.89397, 
0.91952, 0.92835, 0.94419, 0.94858, 0.94099, 0.93466, 0.9585, 
0.95405, 0.94738, 0.95083, 0.0583, 0.0583, 0.0718, 0.0702, 0.0789, 
0.0802, 0.0827, 0.0916, 0.1001, 0.0999, 0.1103, 137.1, 147.5, 
160, 170.7, 180.4, 190.3, 200.2, 207.7, 214.8, 222.6, 230.1, 
1, 1, 1, 1, 1, 1, 1, 1, 1, 1, 1, 1, 1, 1, 1, 1, 1, 1, 1, 1, 1, 
1, 1, 1, 1, 1, 1, 1, 1, 1, 1, 1, 1, 1, 1, 1, 1, 1, 1, 1, 1, 1, 
1, 1, 3.308, 3.341, 3.429, 3.263, 3.454, 3.404, 3.264, 3.507, 
3.711, 3.582, 3.779), .Dim = c(11L, 40L), .Dimnames = list(NULL, 
    c("Sampling", "PSO.cost", "PSO.gamma", "PSO.data.balancing", 
    "PSO.feature.selection", "PSO.valid.acc", "PSO.test.acc", 
    "PSO.train.time", "PSO.n.support.vectors", "PSO.index", "PSO.n.solutions", 
    "PSO.generations", "PSO.n.evaluations", "PSO.cpu.time", "RS.cost", 
    "RS.gamma", "RS.data.balancing", "RS.feature.selection", 
    "RS.valid.acc", "RS.test.acc", "RS.train.time", "RS.n.support.vectors", 
    "RS.index", "RS.n.solutions", "RS.generations", "RS.n.evaluations", 
    "RS.cpu.time", "DF.cost", "DF.gamma", "DF.data.balancing", 
    "DF.feature.selection", "DF.valid.acc", "DF.test.acc", "DF.train.time", 
    "DF.n.support.vectors", "DF.index", "DF.n.solutions", "DF.generations", 
    "DF.n.evaluations", "DF.cpu.time")))
