full <-
structure(c(50, 55, 60, 65, 70, 75, 80, 85, 90, 95, 100, 1.36182, 
7.34732, 11.48529, 1.09199, 2.40749, 5.92354, 3.62679, 2.25037, 
6.8794, 14.20097, 4.7726, -5.3983, -10.69767, -15, -5.10729, 
-5.93151, -10.00712, -8.17031, -6.84023, -9.63752, -15, -8.74092, 
0, 0, 0, 0, 0, 0, 0, 0, 0, 0, 0, 0, 0, 0, 0, 0, 0, 0, 0, 0, 0, 
0, 0.94525, 0.95643, 0.95864, 0.96297, 0.97277, 0.97479, 0.96206, 
0.9552, 0.96323, 0.95953, 0.97857, 0.95081, 0.95071, 0.94974, 
0.96297, 0.95753, 0.95649, 0.95516, 0.95227, 0.94788, 0.95708, 
0.96768, 0.0548, 0.054, 0.0577, 0.0674, 0.0683, 0.0691, 0.08, 
0.0864, 0.0851, 0.0862, 0.0975, 123.5, 117.4, 124.5, 148.8, 149.8, 
149.5, 164.7, 175.9, 159.6, 158.7, 181.3, 949, 504, 950, 18, 
271, 102, 96, 26, 189, 58, 107, 46, 107, 17, 121, 146, 184, 266, 
220, 146, 78, 237, 100, 100, 100, 100, 100, 100, 100, 100, 100, 
100, 100, 2500, 2500, 2500, 2500, 2500, 2500, 2500, 2500, 2500, 
2500, 2500, 7787.721, 7864.11, 7983.659, 8051.538, 8156.448, 
9757.62700000001, 10930.277, 10999.578, 10994.318, 11442.426, 
11551.008, 1.17972, 8.22783, 10.21074, 9.28601, 1.52621, 7.77075, 
0.01938, 5.12904, 10.94795, 3.15438, 5.33659, -5.05133, -11.63499, 
-13.72812, -13.74991, -5.0795, -12.03633, -4.39057, -9.98341, 
-13.60511, -4.90324, -8.85417, 0, 0, 0, 0, 0, 0, 0, 0, 0, 0, 
0, 0, 0, 0, 0, 0, 0, 0, 0, 0, 0, 0, 0.94525, 0.95643, 0.95864, 
0.96297, 0.96907, 0.97479, 0.96206, 0.9552, 0.96323, 0.95953, 
0.97857, 0.94555, 0.95071, 0.94974, 0.95897, 0.94968, 0.96364, 
0.94814, 0.95539, 0.94788, 0.95944, 0.97045, 0.0538, 0.0547, 
0.0573, 0.0613, 0.0713, 0.0742, 0.093, 0.0857, 0.0849, 0.1028, 
0.0943, 124.9, 118.1, 124.5, 136.3, 157.2, 150.1, 195.4, 173.5, 
157.1, 201.1, 177, 1372, 114, 358, 35, 792, 37, 23, 112, 226, 
435, 199, 3, 8, 1, 29, 1, 33, 76, 24, 6, 1, 27, 100, 100, 100, 
100, 100, 100, 100, 100, 100, 100, 100, 2500, 2500, 2500, 2500, 
2500, 2500, 2500, 2500, 2500, 2500, 2500, 7762.679, 8008.181, 
8114.82, 8201.667, 8395.01800000001, 10972.362, 11209.303, 11325.185, 
11477.143, 11850.406, 12139.504, 1, 1, 1, 1, 1, 1, 1, 1, 1, 1, 
1, 0.02941, 0.02941, 0.02941, 0.02941, 0.02941, 0.02941, 0.02941, 
0.02941, 0.02941, 0.02941, 0.02941, 0, 0, 0, 0, 0, 0, 0, 0, 0, 
0, 0, 0, 0, 0, 0, 0, 0, 0, 0, 0, 0, 0, 0.91796, 0.92114, 0.94085, 
0.93738, 0.94982, 0.94867, 0.95516, 0.9455, 0.95405, 0.94792, 
0.95421, 0.93966, 0.93093, 0.9365, 0.94608, 0.94168, 0.94854, 
0.94481, 0.95529, 0.95424, 0.94767, 0.95699, 0.0551, 0.059, 0.0633, 
0.0672, 0.0725, 0.0825, 0.0882, 0.094, 0.0996, 0.1049, 0.1122, 
133.5, 142.8, 152.7, 160.8, 169.3, 181.6, 191.3, 199.3, 211.8, 
220.1, 230.2, 1, 1, 1, 1, 1, 1, 1, 1, 1, 1, 1, 1, 1, 1, 1, 1, 
1, 1, 1, 1, 1, 1, 1, 1, 1, 1, 1, 1, 1, 1, 1, 1, 1, 1, 1, 1, 1, 
1, 1, 1, 1, 1, 1, 1, 3.141, 3.2, 3.215, 3.202, 3.304, 4.294, 
4.408, 4.449, 4.517, 4.629, 4.695), .Dim = c(11L, 40L), .Dimnames = list(
    NULL, c("Sampling", "PSO.cost", "PSO.gamma", "PSO.data.balancing", 
    "PSO.feature.selection", "PSO.valid.acc", "PSO.test.acc", 
    "PSO.train.time", "PSO.n.support.vectors", "PSO.index", "PSO.n.solutions", 
    "PSO.generations", "PSO.n.evaluations", "PSO.cpu.time", "RS.cost", 
    "RS.gamma", "RS.data.balancing", "RS.feature.selection", 
    "RS.valid.acc", "RS.test.acc", "RS.train.time", "RS.n.support.vectors", 
    "RS.index", "RS.n.solutions", "RS.generations", "RS.n.evaluations", 
    "RS.cpu.time", "DF.cost", "DF.gamma", "DF.data.balancing", 
    "DF.feature.selection", "DF.valid.acc", "DF.test.acc", "DF.train.time", 
    "DF.n.support.vectors", "DF.index", "DF.n.solutions", "DF.generations", 
    "DF.n.evaluations", "DF.cpu.time")))
