full <-
structure(c(50, 55, 60, 65, 70, 75, 80, 85, 90, 95, 100, 8.98613, 
7.4187, 7.16186, 7.72563, 5.62387, 6.01351, 14.66662, 9.76719, 
15, 4.74295, 5.07984, -11.96878, -11.24764, -3.5714, -10.38114, 
-10.7128, -10.36527, -14.74056, -11.47054, -15, -8.93061, -8.40615, 
0, 0, 0, 0, 0, 0, 0, 0, 0, 0, 0, 0, 0, 0, 0, 0, 0, 0, 0, 0, 0, 
0, 0.95734, 0.96492, 0.96793, 0.96591, 0.96171, 0.96325, 0.96546, 
0.96376, 0.97557, 0.9678, 0.97543, 0.9621, 0.9549, 0.95406, 0.94523, 
0.94185, 0.94926, 0.95247, 0.94459, 0.96335, 0.96486, 0.96733, 
0.0544, 0.0544, 0.0689, 0.0584, 0.0648, 0.068, 0.0704, 0.0732, 
0.0778, 0.0859, 0.0927, 109.9, 117.8, 164.2, 129, 153.4, 152.5, 
144.8, 152.2, 154, 177.3, 174.9, 36, 238, 10, 163, 401, 172, 
69, 122, 63, 33, 78, 208, 86, 1236, 234, 137, 72, 823, 191, 1403, 
174, 165, 100, 100, 100, 100, 100, 100, 100, 100, 100, 100, 100, 
2500, 2500, 2500, 2500, 2500, 2500, 2500, 2500, 2500, 2500, 2500, 
8159.364, 8120.923, 7909.875, 7661.589, 7867.8, 7964.406, 8005.677, 
8151.099, 8564.23700000001, 8946.74799999999, 9424.00699999998, 
9.8169, 8.88173, 13.79485, 11.22919, 4.58548, 10.14337, 13.05665, 
12.16072, 13.64073, 4.91964, 2.80705, -12.82931, -12.67241, -3.47621, 
-13.69858, -9.62651, -14.57414, -13.12947, -13.93611, -13.49479, 
-9.14123, -6.02222, 0, 0, 0, 0, 0, 0, 0, 0, 0, 0, 0, 0, 0, 0, 
0, 0, 0, 0, 0, 0, 0, 0, 0.95734, 0.96492, 0.96793, 0.96591, 0.96171, 
0.96325, 0.96546, 0.96376, 0.97557, 0.9678, 0.97543, 0.9621, 
0.9549, 0.95406, 0.94958, 0.94185, 0.94926, 0.95247, 0.94459, 
0.96335, 0.96486, 0.96448, 0.0523, 0.0544, 0.0719, 0.0612, 0.0644, 
0.0675, 0.069, 0.0765, 0.0818, 0.0853, 0.0928, 109.9, 117.5, 
165.8, 128.4, 153.3, 152.6, 144.9, 152.4, 154, 177.2, 190, 34, 
439, 43, 133, 185, 322, 188, 484, 139, 12, 69, 42, 6, 21, 21, 
9, 6, 4, 1, 12, 19, 30, 100, 100, 100, 100, 100, 100, 100, 100, 
100, 100, 100, 2500, 2500, 2500, 2500, 2500, 2500, 2500, 2500, 
2500, 2500, 2500, 8203.412, 7934.734, 7789.974, 7881.53999999999, 
8120.022, 8295.96399999999, 8487.439, 8708.738, 9210.658, 9634.609, 
10030.06, 1, 1, 1, 1, 1, 1, 1, 1, 1, 1, 1, 0.02941, 0.02941, 
0.02941, 0.02941, 0.02941, 0.02941, 0.02941, 0.02941, 0.02941, 
0.02941, 0.02941, 0, 0, 0, 0, 0, 0, 0, 0, 0, 0, 0, 0, 0, 0, 0, 
0, 0, 0, 0, 0, 0, 0, 0.91858, 0.90033, 0.9454, 0.9285, 0.94615, 
0.95191, 0.94236, 0.94794, 0.95114, 0.95637, 0.94794, 0.9127, 
0.90583, 0.93174, 0.92802, 0.93816, 0.94109, 0.9732, 0.94148, 
0.95417, 0.96209, 0.95064, 0.0561, 0.0567, 0.0605, 0.0647, 0.0716, 
0.0755, 0.0811, 0.0852, 0.093, 0.0961, 0.1057, 132.1, 144.1, 
151.7, 161.9, 173.3, 182.9, 192, 202, 207.2, 219.7, 228.8, 1, 
1, 1, 1, 1, 1, 1, 1, 1, 1, 1, 1, 1, 1, 1, 1, 1, 1, 1, 1, 1, 1, 
1, 1, 1, 1, 1, 1, 1, 1, 1, 1, 1, 1, 1, 1, 1, 1, 1, 1, 1, 1, 1, 
1, 3.228, 3.026, 3.018, 3.026, 3.21, 3.237, 3.331, 3.284, 3.544, 
3.779, 3.944), .Dim = c(11L, 40L), .Dimnames = list(NULL, c("Sampling", 
"PSO.cost", "PSO.gamma", "PSO.data.balancing", "PSO.feature.selection", 
"PSO.valid.acc", "PSO.test.acc", "PSO.train.time", "PSO.n.support.vectors", 
"PSO.index", "PSO.n.solutions", "PSO.generations", "PSO.n.evaluations", 
"PSO.cpu.time", "RS.cost", "RS.gamma", "RS.data.balancing", "RS.feature.selection", 
"RS.valid.acc", "RS.test.acc", "RS.train.time", "RS.n.support.vectors", 
"RS.index", "RS.n.solutions", "RS.generations", "RS.n.evaluations", 
"RS.cpu.time", "DF.cost", "DF.gamma", "DF.data.balancing", "DF.feature.selection", 
"DF.valid.acc", "DF.test.acc", "DF.train.time", "DF.n.support.vectors", 
"DF.index", "DF.n.solutions", "DF.generations", "DF.n.evaluations", 
"DF.cpu.time")))
