full <-
structure(c(50, 55, 60, 65, 70, 75, 80, 85, 90, 95, 100, 15, 
8.34487, 4.69585, 6.62199, 3.72012, 6.34529, 5.80786, 3.25093, 
5.20586, 3.99953, 4.22714, -8.86311, -8.78734, -10.20121, -11.56312, 
-11.28318, -13.0546, -11.76268, -10.86897, -12.79071, -12.19578, 
-7.17602, 0, 0, 0, 0, 0, 0, 0, 0, 0, 0, 0, 0, 0, 0, 0, 0, 0, 
0, 0, 0, 0, 0, 0.92143, 0.90952, 0.87321, 0.8881, 0.86389, 0.88222, 
0.89869, 0.90455, 0.88939, 0.86439, 0.87051, 0.90952, 0.85, 0.84821, 
0.80298, 0.83194, 0.83889, 0.83737, 0.86818, 0.87939, 0.84773, 
0.88654, 0.1498, 0.1555, 0.1581, 0.1566, 0.1663, 0.1547, 0.1553, 
0.1643, 0.1771, 0.1755, 0.1927, 38.4, 38.7, 36.7, 36.1, 44.9, 
43.7, 42.7, 50.4, 51.9, 55.3, 82.3, 106, 56, 704, 615, 12, 1352, 
770, 282, 455, 871, 77, 477, 1496, 70, 249, 89, 40, 93, 111, 
85, 70, 917, 100, 100, 100, 100, 100, 100, 100, 100, 100, 100, 
100, 2500, 2500, 2500, 2500, 2500, 2500, 2500, 2500, 2500, 2500, 
2500, 13144.114, 13196.26, 13071.593, 13183.684, 13097.026, 13413.231, 
13507.785, 13551.814, 13353.997, 13321.437, 13614.782, 5.74752, 
8.11203, 9.62159, 6.66412, 3.53388, 6.45463, 6.26566, 2.75552, 
3.37511, 4.02295, 5.27891, -11.21015, -8.80883, -9.3548, -11.69362, 
-10.86546, -12.74219, -12.16541, -10.39028, -11.44179, -12.25979, 
-7.25786, 0, 0, 0, 0, 0, 0, 0, 0, 0, 0, 0, 0, 0, 0, 0, 0, 0, 
0, 0, 0, 0, 0, 0.93571, 0.90952, 0.86071, 0.8881, 0.86389, 0.88111, 
0.88869, 0.89545, 0.88864, 0.86439, 0.87051, 0.90952, 0.85, 0.84643, 
0.80298, 0.83194, 0.84, 0.82737, 0.87727, 0.88606, 0.84773, 0.87821, 
0.1559, 0.1466, 0.1555, 0.1435, 0.1474, 0.161, 0.1691, 0.1715, 
0.1612, 0.1639, 0.1903, 31.4, 38.7, 39.6, 36.1, 44.8, 42.6, 42.4, 
51.8, 54.9, 55.5, 80.7, 1032, 9, 48, 2013, 1406, 45, 101, 212, 
75, 1784, 371, 1, 66, 61, 1, 1, 4, 7, 6, 8, 3, 16, 100, 100, 
100, 100, 100, 100, 100, 100, 100, 100, 100, 2500, 2500, 2500, 
2500, 2500, 2500, 2500, 2500, 2500, 2500, 2500, 13251.78, 12960.444, 
13135.949, 12943.814, 13437.129, 13360.576, 13624.918, 13430.656, 
13317.278, 13451.082, 13742.035, 1, 1, 1, 1, 1, 1, 1, 1, 1, 1, 
1, 0.00326, 0.00326, 0.00326, 0.00326, 0.00326, 0.00326, 0.00326, 
0.00326, 0.00326, 0.00326, 0.00326, 0, 0, 0, 0, 0, 0, 0, 0, 0, 
0, 0, 0, 0, 0, 0, 0, 0, 0, 0, 0, 0, 0, 0.82619, 0.81369, 0.80714, 
0.79841, 0.78472, 0.80556, 0.8596, 0.82091, 0.8403, 0.82197, 
0.83434, 0.8619, 0.82321, 0.76786, 0.81409, 0.82083, 0.80556, 
0.83051, 0.83091, 0.83864, 0.83864, 0.81832, 0.1513, 0.1549, 
0.1544, 0.1587, 0.165, 0.1565, 0.1711, 0.1812, 0.1787, 0.1868, 
0.1832, 43.5, 46.5, 47.9, 52.1, 57, 60.4, 63.7, 65, 69.7, 70.2, 
75.1, 1, 1, 1, 1, 1, 1, 1, 1, 1, 1, 1, 1, 1, 1, 1, 1, 1, 1, 1, 
1, 1, 1, 1, 1, 1, 1, 1, 1, 1, 1, 1, 1, 1, 1, 1, 1, 1, 1, 1, 1, 
1, 1, 1, 1, 5.368, 5.255, 5.294, 5.225, 5.445, 5.117, 5.382, 
5.529, 5.411, 5.556, 5.488), .Dim = c(11L, 40L), .Dimnames = list(
    NULL, c("Sampling", "PSO.cost", "PSO.gamma", "PSO.data.balancing", 
    "PSO.feature.selection", "PSO.valid.acc", "PSO.test.acc", 
    "PSO.train.time", "PSO.n.support.vectors", "PSO.index", "PSO.n.solutions", 
    "PSO.generations", "PSO.n.evaluations", "PSO.cpu.time", "RS.cost", 
    "RS.gamma", "RS.data.balancing", "RS.feature.selection", 
    "RS.valid.acc", "RS.test.acc", "RS.train.time", "RS.n.support.vectors", 
    "RS.index", "RS.n.solutions", "RS.generations", "RS.n.evaluations", 
    "RS.cpu.time", "DF.cost", "DF.gamma", "DF.data.balancing", 
    "DF.feature.selection", "DF.valid.acc", "DF.test.acc", "DF.train.time", 
    "DF.n.support.vectors", "DF.index", "DF.n.solutions", "DF.generations", 
    "DF.n.evaluations", "DF.cpu.time")))
