full <-
structure(c(50, 55, 60, 65, 70, 75, 80, 85, 90, 95, 100, 2.42168, 
7.44061, 9.67126, 1.64017, 10.77163, 5.9548, -0.06219, 2.45537, 
1.87105, 7.97497, 2.42198, -10.82611, -15, -7.89338, -9.7813, 
-10.45695, -11.9243, -7.65037, -10.03945, -10.03086, -15, -11.06615, 
0, 0, 0, 0, 0, 0, 0, 0, 0, 0, 0, 0, 0, 0, 0, 0, 0, 0, 0, 0, 0, 
0, 0.87381, 0.9119, 0.94821, 0.91627, 0.89722, 0.89306, 0.87697, 
0.85778, 0.90985, 0.88776, 0.88049, 0.8619, 0.86905, 0.93571, 
0.8502, 0.85111, 0.89194, 0.86697, 0.83869, 0.87348, 0.8961, 
0.85614, 0.1385, 0.1405, 0.1491, 0.1436, 0.1431, 0.1388, 0.1585, 
0.1549, 0.1694, 0.1795, 0.1799, 34.7, 31.7, 46.4, 42.7, 38, 42.2, 
68.3, 52.8, 58.2, 51.8, 63.9, 328, 61, 8, 293, 148, 209, 490, 
178, 1150, 103, 253, 55, 406, 1519, 164, 825, 124, 199, 120, 
27, 378, 243, 100, 100, 100, 100, 100, 100, 100, 100, 100, 100, 
100, 2500, 2500, 2500, 2500, 2500, 2500, 2500, 2500, 2500, 2500, 
2500, 11956.189, 12020.944, 12244.485, 12283.875, 12063.251, 
12106.373, 12264.781, 13009.501, 13197.065, 13198.79, 13011.551, 
1.20246, 5.77309, 2.14777, 1.17372, 12.45316, 6.71378, 0.09235, 
1.53289, 2.37643, 6.64727, 6.06119, -9.25443, -13.33989, -7.60199, 
-9.05186, -10.45811, -12.63952, -7.97871, -9.09119, -10.3955, 
-13.9559, -14.70414, 0, 0, 0, 0, 0, 0, 0, 0, 0, 0, 0, 0, 0, 0, 
0, 0, 0, 0, 0, 0, 0, 0, 0.87381, 0.9119, 0.94821, 0.91627, 0.89722, 
0.89306, 0.86788, 0.84869, 0.90985, 0.88776, 0.88049, 0.87619, 
0.86905, 0.93571, 0.8502, 0.85111, 0.89194, 0.84677, 0.82869, 
0.87348, 0.8961, 0.85614, 0.1402, 0.1383, 0.1422, 0.1353, 0.1313, 
0.1454, 0.1508, 0.1548, 0.1697, 0.1714, 0.1793, 37.3, 32.1, 48.2, 
44.6, 38, 41.2, 65.9, 56.6, 56.4, 53.4, 61.9, 1704, 532, 37, 
402, 933, 504, 204, 1382, 237, 723, 185, 2, 3, 60, 4, 5, 2, 4, 
3, 3, 9, 12, 100, 100, 100, 100, 100, 100, 100, 100, 100, 100, 
100, 2500, 2500, 2500, 2500, 2500, 2500, 2500, 2500, 2500, 2500, 
2500, 12105.263, 12356.089, 11993.862, 12150.941, 12057.151, 
12472.083, 12606.682, 13197.91, 13270.571, 13216.375, 13422.858, 
1, 1, 1, 1, 1, 1, 1, 1, 1, 1, 1, 0.00326, 0.00326, 0.00326, 0.00326, 
0.00326, 0.00326, 0.00326, 0.00326, 0.00326, 0.00326, 0.00326, 
0, 0, 0, 0, 0, 0, 0, 0, 0, 0, 0, 0, 0, 0, 0, 0, 0, 0, 0, 0, 0, 
0, 0.82857, 0.85476, 0.92143, 0.87837, 0.87361, 0.86694, 0.85677, 
0.82869, 0.83712, 0.87045, 0.86566, 0.79762, 0.84048, 0.89464, 
0.87698, 0.87222, 0.86833, 0.84677, 0.8498, 0.8553, 0.84394, 
0.85018, 0.1397, 0.1288, 0.1318, 0.1445, 0.1408, 0.1458, 0.1577, 
0.1747, 0.1735, 0.1792, 0.1927, 42.4, 44.8, 46.9, 52.4, 57.9, 
62.3, 64.7, 66.8, 71.6, 73.1, 75.3, 1, 1, 1, 1, 1, 1, 1, 1, 1, 
1, 1, 1, 1, 1, 1, 1, 1, 1, 1, 1, 1, 1, 1, 1, 1, 1, 1, 1, 1, 1, 
1, 1, 1, 1, 1, 1, 1, 1, 1, 1, 1, 1, 1, 1, 5.004, 4.577, 4.64, 
5.015, 4.814, 4.804, 5.122, 5.462, 5.275, 5.292, 5.523), .Dim = c(11L, 
40L), .Dimnames = list(NULL, c("Sampling", "PSO.cost", "PSO.gamma", 
"PSO.data.balancing", "PSO.feature.selection", "PSO.valid.acc", 
"PSO.test.acc", "PSO.train.time", "PSO.n.support.vectors", "PSO.index", 
"PSO.n.solutions", "PSO.generations", "PSO.n.evaluations", "PSO.cpu.time", 
"RS.cost", "RS.gamma", "RS.data.balancing", "RS.feature.selection", 
"RS.valid.acc", "RS.test.acc", "RS.train.time", "RS.n.support.vectors", 
"RS.index", "RS.n.solutions", "RS.generations", "RS.n.evaluations", 
"RS.cpu.time", "DF.cost", "DF.gamma", "DF.data.balancing", "DF.feature.selection", 
"DF.valid.acc", "DF.test.acc", "DF.train.time", "DF.n.support.vectors", 
"DF.index", "DF.n.solutions", "DF.generations", "DF.n.evaluations", 
"DF.cpu.time")))
