full <-
structure(c(50, 55, 60, 65, 70, 75, 80, 85, 90, 95, 100, 13.47436, 
1.97866, 8.52659, 7.50021, 2.23291, 3.42637, 1.4731, 10.46826, 
-0.11085, 2.79199, 1.98188, -7.04905, -7.07023, -8.71929, -14.8426, 
-11.03211, -6.74159, -10.08089, -6.67171, -8.70695, -7.59029, 
-10.04672, 0, 0, 0, 0, 0, 0, 0, 0, 0, 0, 0, 0, 0, 0, 0, 0, 0, 
0, 0, 0, 0, 0, 0.90476, 0.85774, 0.83929, 0.9006, 0.87639, 0.90222, 
0.88737, 0.86798, 0.86788, 0.8803, 0.8967, 0.85714, 0.84345, 
0.86786, 0.80734, 0.85417, 0.88222, 0.86515, 0.84889, 0.8497, 
0.82045, 0.8717, 0.1494, 0.1355, 0.1478, 0.1557, 0.147, 0.1565, 
0.1607, 0.1619, 0.1721, 0.1855, 0.1696, 44.9, 48.4, 42.5, 39.5, 
50.9, 67.4, 54.7, 75.5, 66.5, 72.8, 64.3, 3, 157, 122, 99, 792, 
72, 78, 48, 684, 225, 256, 1247, 911, 873, 225, 39, 1086, 235, 
1017, 110, 634, 133, 100, 100, 100, 100, 100, 100, 100, 100, 
100, 100, 100, 2500, 2500, 2500, 2500, 2500, 2500, 2500, 2500, 
2500, 2500, 2500, 12266.858, 11739.418, 12280.446, 11945.73, 
11873.515, 12372.106, 12174.713, 12304.9, 12559.737, 13248.804, 
12638.656, 3.87424, 7.16058, 13.489, 5.32612, 7.69705, 11.13959, 
2.07987, 13.24996, -0.48017, 3.30903, 1.77113, -7.11841, -7.06302, 
-8.69218, -12.6189, -13.64328, -7.07476, -10.71658, -6.70368, 
-7.91941, -11.45034, -10.06409, 0, 0, 0, 0, 0, 0, 0, 0, 0, 0, 
0, 0, 0, 0, 0, 0, 0, 0, 0, 0, 0, 0, 0.90476, 0.85774, 0.83929, 
0.9006, 0.87361, 0.90222, 0.88737, 0.86798, 0.85955, 0.87273, 
0.8967, 0.85714, 0.84345, 0.86786, 0.82163, 0.86111, 0.87111, 
0.86515, 0.84889, 0.8497, 0.8553, 0.88004, 0.1356, 0.1451, 0.1515, 
0.1406, 0.1443, 0.168, 0.1597, 0.1632, 0.1606, 0.1743, 0.1708, 
44.1, 48.4, 42.7, 39.6, 35.2, 64.1, 54.1, 75.2, 70.9, 56.6, 64.8, 
239, 148, 104, 48, 12, 70, 176, 26, 2161, 1851, 26, 42, 11, 6, 
7, 4, 74, 8, 24, 1, 1, 7, 100, 100, 100, 100, 100, 100, 100, 
100, 100, 100, 100, 2500, 2500, 2500, 2500, 2500, 2500, 2500, 
2500, 2500, 2500, 2500, 11516.568, 11848.611, 12545.05, 12064.838, 
12018.047, 12366.902, 12162.991, 12241.928, 12589.558, 13172.654, 
12703.58, 1, 1, 1, 1, 1, 1, 1, 1, 1, 1, 1, 0.00326, 0.00326, 
0.00326, 0.00326, 0.00326, 0.00326, 0.00326, 0.00326, 0.00326, 
0.00326, 0.00326, 0, 0, 0, 0, 0, 0, 0, 0, 0, 0, 0, 0, 0, 0, 0, 
0, 0, 0, 0, 0, 0, 0, 0.80714, 0.82917, 0.81607, 0.81587, 0.82917, 
0.85, 0.85424, 0.83687, 0.85045, 0.8553, 0.84734, 0.79048, 0.82679, 
0.82857, 0.8127, 0.82778, 0.86111, 0.83495, 0.83778, 0.85879, 
0.84697, 0.84799, 0.1462, 0.1437, 0.1576, 0.1497, 0.1654, 0.1598, 
0.1588, 0.1561, 0.1603, 0.1707, 0.1755, 42.5, 47.3, 51.7, 54, 
55.6, 58.9, 61.9, 66, 67.6, 70.2, 75.5, 1, 1, 1, 1, 1, 1, 1, 
1, 1, 1, 1, 1, 1, 1, 1, 1, 1, 1, 1, 1, 1, 1, 1, 1, 1, 1, 1, 1, 
1, 1, 1, 1, 1, 1, 1, 1, 1, 1, 1, 1, 1, 1, 1, 1, 4.896, 4.784, 
5.024, 4.838, 5.109, 5.022, 4.883, 4.746, 5.016, 5.004, 5.068
), .Dim = c(11L, 40L), .Dimnames = list(NULL, c("Sampling", "PSO.cost", 
"PSO.gamma", "PSO.data.balancing", "PSO.feature.selection", "PSO.valid.acc", 
"PSO.test.acc", "PSO.train.time", "PSO.n.support.vectors", "PSO.index", 
"PSO.n.solutions", "PSO.generations", "PSO.n.evaluations", "PSO.cpu.time", 
"RS.cost", "RS.gamma", "RS.data.balancing", "RS.feature.selection", 
"RS.valid.acc", "RS.test.acc", "RS.train.time", "RS.n.support.vectors", 
"RS.index", "RS.n.solutions", "RS.generations", "RS.n.evaluations", 
"RS.cpu.time", "DF.cost", "DF.gamma", "DF.data.balancing", "DF.feature.selection", 
"DF.valid.acc", "DF.test.acc", "DF.train.time", "DF.n.support.vectors", 
"DF.index", "DF.n.solutions", "DF.generations", "DF.n.evaluations", 
"DF.cpu.time")))
