full <-
structure(c(50, 55, 60, 65, 70, 75, 80, 85, 90, 95, 100, 7.973, 
5.95355, 1.40262, 2.14882, 6.82118, -0.55005, 0.77119, 1.9312, 
0.69403, 8.52737, 7.44308, -15, -13.57968, -8.53947, -7.47601, 
-8.12724, -7.46794, -8.45669, -7.00441, -7.19371, -6.54565, -7.78891, 
0, 0, 0, 0, 0, 0, 0, 0, 0, 0, 0, 0, 0, 0, 0, 0, 0, 0, 0, 0, 0, 
0, 0.86429, 0.8494, 0.84464, 0.83948, 0.82778, 0.81828, 0.85828, 
0.89455, 0.86576, 0.90682, 0.89652, 0.82381, 0.79583, 0.78631, 
0.7873, 0.81806, 0.80515, 0.84939, 0.81818, 0.83091, 0.86439, 
0.87335, 0.1429, 0.1534, 0.1508, 0.1708, 0.1675, 0.1839, 0.1742, 
0.1821, 0.1889, 0.1842, 0.189, 37.1, 40.8, 51.6, 57.9, 54.6, 
65, 58.9, 73.4, 72.6, 86.7, 74.9, 93, 91, 140, 590, 136, 1347, 
228, 1716, 1310, 56, 188, 244, 325, 561, 684, 1005, 47, 86, 32, 
67, 1277, 1017, 100, 100, 100, 100, 100, 100, 100, 100, 100, 
100, 100, 2500, 2500, 2500, 2500, 2500, 2500, 2500, 2500, 2500, 
2500, 2500, 13393.12, 13285.491, 12995.886, 13335.375, 13669.767, 
16765.125, 16117.584, 16416.87, 16611.485, 13702.157, 13687.631, 
4.8436, 6.62919, 2.36017, 2.23508, 3.25151, 12.83974, 3.91657, 
3.07299, 6.16917, 12.73443, 13.46999, -11.91554, -14.31792, -10.1195, 
-7.55421, -8.06613, -6.28841, -11.74832, -7.03956, -14.14301, 
-6.55798, -7.82516, 0, 0, 0, 0, 0, 0, 0, 0, 0, 0, 0, 0, 0, 0, 
0, 0, 0, 0, 0, 0, 0, 0, 0.86429, 0.8494, 0.84464, 0.83948, 0.82778, 
0.79606, 0.85717, 0.88545, 0.86636, 0.90682, 0.89652, 0.84048, 
0.79583, 0.79881, 0.80159, 0.80556, 0.75869, 0.84828, 0.81818, 
0.84742, 0.86439, 0.87335, 0.1508, 0.1489, 0.1491, 0.1705, 0.167, 
0.1841, 0.173, 0.182, 0.1641, 0.1831, 0.1881, 38, 41.1, 47.2, 
57.2, 55.3, 73.4, 50, 72.5, 52.3, 86.5, 74.2, 350, 136, 351, 
917, 417, 229, 201, 32, 32, 84, 247, 7, 11, 11, 1, 14, 10, 6, 
37, 6, 12, 8, 100, 100, 100, 100, 100, 100, 100, 100, 100, 100, 
100, 2500, 2500, 2500, 2500, 2500, 2500, 2500, 2500, 2500, 2500, 
2500, 13537.687, 12912.93, 13148.513, 13086.422, 15836.014, 16205.045, 
16323.218, 16303.948, 13840.453, 13492.639, 13744.918, 1, 1, 
1, 1, 1, 1, 1, 1, 1, 1, 1, 0.00326, 0.00326, 0.00326, 0.00326, 
0.00326, 0.00326, 0.00326, 0.00326, 0.00326, 0.00326, 0.00326, 
0, 0, 0, 0, 0, 0, 0, 0, 0, 0, 0, 0, 0, 0, 0, 0, 0, 0, 0, 0, 0, 
0, 0.7381, 0.75298, 0.75119, 0.76052, 0.78333, 0.79404, 0.81899, 
0.82727, 0.83818, 0.84697, 0.85788, 0.73333, 0.76488, 0.76369, 
0.78413, 0.79444, 0.78293, 0.83121, 0.81818, 0.81924, 0.84773, 
0.84954, 0.1513, 0.1481, 0.1455, 0.1585, 0.176, 0.1738, 0.1802, 
0.1807, 0.1752, 0.1762, 0.1866, 46.9, 49.9, 53.6, 57.1, 58.6, 
59.2, 62, 65.8, 66.5, 68.9, 75.2, 1, 1, 1, 1, 1, 1, 1, 1, 1, 
1, 1, 1, 1, 1, 1, 1, 1, 1, 1, 1, 1, 1, 1, 1, 1, 1, 1, 1, 1, 1, 
1, 1, 1, 1, 1, 1, 1, 1, 1, 1, 1, 1, 1, 1, 5.302, 5.168, 4.953, 
5.225, 6.516, 6.454, 6.592, 6.431, 5.517, 5.329, 5.507), .Dim = c(11L, 
40L), .Dimnames = list(NULL, c("Sampling", "PSO.cost", "PSO.gamma", 
"PSO.data.balancing", "PSO.feature.selection", "PSO.valid.acc", 
"PSO.test.acc", "PSO.train.time", "PSO.n.support.vectors", "PSO.index", 
"PSO.n.solutions", "PSO.generations", "PSO.n.evaluations", "PSO.cpu.time", 
"RS.cost", "RS.gamma", "RS.data.balancing", "RS.feature.selection", 
"RS.valid.acc", "RS.test.acc", "RS.train.time", "RS.n.support.vectors", 
"RS.index", "RS.n.solutions", "RS.generations", "RS.n.evaluations", 
"RS.cpu.time", "DF.cost", "DF.gamma", "DF.data.balancing", "DF.feature.selection", 
"DF.valid.acc", "DF.test.acc", "DF.train.time", "DF.n.support.vectors", 
"DF.index", "DF.n.solutions", "DF.generations", "DF.n.evaluations", 
"DF.cpu.time")))
