full <-
structure(c(50, 55, 60, 65, 70, 75, 80, 85, 90, 95, 100, 1.07726, 
2.7939, 12.65991, 3.10035, 3.34004, 7.17137, 4.90034, 3.79891, 
6.28826, 2.42107, 1.33557, -8.97708, -6.7364, -10.9415, -7.95709, 
-9.21487, -15, -11.5346, -11.91461, -13.54218, -9.17025, -8.68123, 
0, 0, 0, 0, 0, 0, 0, 0, 0, 0, 0, 0, 0, 0, 0, 0, 0, 0, 0, 0, 0, 
0, 0.80381, 0.80952, 0.87242, 0.87877, 0.89806, 0.90417, 0.92, 
0.90348, 0.89894, 0.92273, 0.9043, 0.80619, 0.78095, 0.85635, 
0.85099, 0.87694, 0.89194, 0.83889, 0.87621, 0.89212, 0.89697, 
0.88187, 0.1229, 0.1271, 0.1362, 0.1605, 0.1441, 0.16, 0.1433, 
0.1618, 0.1706, 0.1708, 0.1799, 41.6, 54.2, 38.9, 54.2, 47.2, 
43.9, 44.8, 51.7, 48.6, 58.9, 68, 170, 24, 4, 10, 1080, 96, 460, 
155, 247, 186, 730, 269, 602, 1800, 1250, 46, 233, 126, 189, 
181, 109, 92, 100, 100, 100, 100, 100, 100, 100, 100, 100, 100, 
100, 2500, 2500, 2500, 2500, 2500, 2500, 2500, 2500, 2500, 2500, 
2500, 11366.563, 11651.596, 12256.667, 12397.31, 12280.393, 12852.652, 
12511.864, 12696.209, 12679.645, 13438.717, 13703.963, 0.60163, 
3.83094, 8.63215, 6.0431, 4.36377, 6.7299, 4.87225, 4.03, 7.1127, 
2.61119, 1.72583, -8.56368, -8.42433, -11.60531, -7.89573, -10.19268, 
-14.47691, -11.52959, -12.1034, -14.41716, -9.42083, -9.80966, 
0, 0, 0, 0, 0, 0, 0, 0, 0, 0, 0, 0, 0, 0, 0, 0, 0, 0, 0, 0, 0, 
0, 0.80381, 0.80952, 0.87242, 0.87877, 0.89694, 0.90417, 0.92, 
0.90348, 0.89061, 0.92273, 0.9044, 0.80619, 0.79762, 0.85635, 
0.85099, 0.84083, 0.89194, 0.83889, 0.87621, 0.8747, 0.89697, 
0.89734, 0.1406, 0.1393, 0.1477, 0.1624, 0.1498, 0.1588, 0.1628, 
0.1611, 0.1675, 0.1704, 0.1789, 42.9, 45, 38.1, 55.1, 43.4, 43.9, 
44.8, 51.3, 48.8, 58.1, 64.7, 1070, 10, 4, 72, 761, 416, 636, 
10, 1353, 202, 385, 4, 115, 101, 33, 2, 5, 1, 4, 1, 1, 1, 100, 
100, 100, 100, 100, 100, 100, 100, 100, 100, 100, 2500, 2500, 
2500, 2500, 2500, 2500, 2500, 2500, 2500, 2500, 2500, 11453.399, 
11832.902, 12329.192, 12298.955, 12596.564, 13042.923, 12867.527, 
12882.676, 13279.11, 13524.341, 13459.713, 1, 1, 1, 1, 1, 1, 
1, 1, 1, 1, 1, 0.00326, 0.00326, 0.00326, 0.00326, 0.00326, 0.00326, 
0.00326, 0.00326, 0.00326, 0.00326, 0.00326, 0, 0, 0, 0, 0, 0, 
0, 0, 0, 0, 0, 0, 0, 0, 0, 0, 0, 0, 0, 0, 0, 0, 0.74429, 0.75238, 
0.79742, 0.8006, 0.79111, 0.82861, 0.85, 0.83712, 0.82758, 0.86288, 
0.84734, 0.7919, 0.75238, 0.79742, 0.80198, 0.78, 0.82861, 0.81889, 
0.83712, 0.83667, 0.84545, 0.87363, 0.1236, 0.1253, 0.1546, 0.1482, 
0.1451, 0.1593, 0.1648, 0.1545, 0.1723, 0.1794, 0.1813, 44.2, 
46.4, 49, 51.6, 55.4, 56.8, 60.2, 63.4, 67, 70.1, 74.3, 1, 1, 
1, 1, 1, 1, 1, 1, 1, 1, 1, 1, 1, 1, 1, 1, 1, 1, 1, 1, 1, 1, 1, 
1, 1, 1, 1, 1, 1, 1, 1, 1, 1, 1, 1, 1, 1, 1, 1, 1, 1, 1, 1, 1, 
4.424, 4.454, 5.079, 4.874, 4.677, 5.194, 5.104, 4.816, 5.386, 
5.429, 5.358), .Dim = c(11L, 40L), .Dimnames = list(NULL, c("Sampling", 
"PSO.cost", "PSO.gamma", "PSO.data.balancing", "PSO.feature.selection", 
"PSO.valid.acc", "PSO.test.acc", "PSO.train.time", "PSO.n.support.vectors", 
"PSO.index", "PSO.n.solutions", "PSO.generations", "PSO.n.evaluations", 
"PSO.cpu.time", "RS.cost", "RS.gamma", "RS.data.balancing", "RS.feature.selection", 
"RS.valid.acc", "RS.test.acc", "RS.train.time", "RS.n.support.vectors", 
"RS.index", "RS.n.solutions", "RS.generations", "RS.n.evaluations", 
"RS.cpu.time", "DF.cost", "DF.gamma", "DF.data.balancing", "DF.feature.selection", 
"DF.valid.acc", "DF.test.acc", "DF.train.time", "DF.n.support.vectors", 
"DF.index", "DF.n.solutions", "DF.generations", "DF.n.evaluations", 
"DF.cpu.time")))
