full <-
structure(c(50, 55, 60, 65, 70, 75, 80, 85, 90, 95, 100, 0.5785, 
9.47737, 2.50097, 4.24301, 1.96973, 2.2938, 2.70008, 7.62304, 
2.55893, 1.34258, 4.07603, -7.84691, -14.76076, -9.83031, -7.49336, 
-9.03395, -7.95478, -9.99424, -14.14877, -8.39669, -8.43206, 
-12.3544, 0, 0, 0, 0, 0, 0, 0, 0, 0, 0, 0, 0, 0, 0, 0, 0, 0, 
0, 0, 0, 0, 0, 0.85476, 0.8869, 0.86964, 0.90516, 0.90833, 0.89444, 
0.89556, 0.85712, 0.89394, 0.90606, 0.8967, 0.84048, 0.82321, 
0.83036, 0.84266, 0.86111, 0.86306, 0.86556, 0.82061, 0.89394, 
0.8553, 0.85165, 0.138, 0.134, 0.1382, 0.1475, 0.1469, 0.1538, 
0.1344, 0.1499, 0.168, 0.1718, 0.1814, 44.2, 28.6, 38.8, 54.4, 
48.2, 53.3, 51, 45.4, 60.1, 66.3, 60.6, 137, 19, 1699, 98, 227, 
423, 471, 127, 102, 530, 462, 345, 242, 9, 608, 566, 706, 132, 
122, 1094, 444, 71, 100, 100, 100, 100, 100, 100, 100, 100, 100, 
100, 100, 2500, 2500, 2500, 2500, 2500, 2500, 2500, 2500, 2500, 
2500, 2500, 12292.653, 12123.058, 12192.348, 12357.155, 12413.938, 
12076.292, 11855.298, 12733.384, 13273.889, 13092.811, 13003.792, 
1.51031, 9.32614, 4.29796, 12.38709, 2.0089, 2.19588, 3.13782, 
3.74298, 2.3366, 1.25641, 3.55359, -9.3432, -14.67187, -10.85149, 
-7.52549, -9.04375, -7.99834, -10.52833, -11.9026, -8.7653, -8.5876, 
-11.47059, 0, 0, 0, 0, 0, 0, 0, 0, 0, 0, 0, 0, 0, 0, 0, 0, 0, 
0, 0, 0, 0, 0, 0.85476, 0.8869, 0.86786, 0.90516, 0.90833, 0.89444, 
0.89556, 0.85045, 0.89394, 0.90606, 0.89606, 0.85476, 0.82321, 
0.84107, 0.84266, 0.85, 0.87556, 0.86556, 0.85955, 0.89394, 0.8303, 
0.87537, 0.1371, 0.1361, 0.136, 0.1423, 0.1461, 0.1345, 0.153, 
0.1517, 0.1688, 0.179, 0.1758, 38.6, 28.7, 34.6, 54.1, 47.9, 
53, 49.4, 50.5, 57.8, 64.7, 59.8, 590, 21, 1461, 186, 1185, 1153, 
141, 531, 457, 57, 74, 4, 15, 4, 6, 2, 2, 2, 2, 2, 3, 5, 100, 
100, 100, 100, 100, 100, 100, 100, 100, 100, 100, 2500, 2500, 
2500, 2500, 2500, 2500, 2500, 2500, 2500, 2500, 2500, 12231.564, 
12243.585, 12262.365, 12348.305, 12227.637, 12155.961, 12782.911, 
12875.463, 13305.773, 13106.295, 13335.001, 1, 1, 1, 1, 1, 1, 
1, 1, 1, 1, 1, 0.00326, 0.00326, 0.00326, 0.00326, 0.00326, 0.00326, 
0.00326, 0.00326, 0.00326, 0.00326, 0.00326, 0, 0, 0, 0, 0, 0, 
0, 0, 0, 0, 0, 0, 0, 0, 0, 0, 0, 0, 0, 0, 0, 0, 0.7881, 0.79643, 
0.83393, 0.85377, 0.85, 0.83, 0.81626, 0.81212, 0.81348, 0.84621, 
0.87299, 0.85476, 0.8375, 0.83214, 0.85377, 0.82639, 0.83111, 
0.78495, 0.82121, 0.83167, 0.82955, 0.83562, 0.1363, 0.1397, 
0.1443, 0.1427, 0.1475, 0.137, 0.1519, 0.1529, 0.169, 0.1714, 
0.1793, 43.9, 48.4, 48.8, 52.2, 57.8, 56.9, 60.8, 63.3, 65.1, 
69.8, 75.5, 1, 1, 1, 1, 1, 1, 1, 1, 1, 1, 1, 1, 1, 1, 1, 1, 1, 
1, 1, 1, 1, 1, 1, 1, 1, 1, 1, 1, 1, 1, 1, 1, 1, 1, 1, 1, 1, 1, 
1, 1, 1, 1, 1, 1, 4.783, 4.944, 4.929, 4.919, 4.991, 4.601, 5.12, 
5.107, 5.258, 5.132, 5.306), .Dim = c(11L, 40L), .Dimnames = list(
    NULL, c("Sampling", "PSO.cost", "PSO.gamma", "PSO.data.balancing", 
    "PSO.feature.selection", "PSO.valid.acc", "PSO.test.acc", 
    "PSO.train.time", "PSO.n.support.vectors", "PSO.index", "PSO.n.solutions", 
    "PSO.generations", "PSO.n.evaluations", "PSO.cpu.time", "RS.cost", 
    "RS.gamma", "RS.data.balancing", "RS.feature.selection", 
    "RS.valid.acc", "RS.test.acc", "RS.train.time", "RS.n.support.vectors", 
    "RS.index", "RS.n.solutions", "RS.generations", "RS.n.evaluations", 
    "RS.cpu.time", "DF.cost", "DF.gamma", "DF.data.balancing", 
    "DF.feature.selection", "DF.valid.acc", "DF.test.acc", "DF.train.time", 
    "DF.n.support.vectors", "DF.index", "DF.n.solutions", "DF.generations", 
    "DF.n.evaluations", "DF.cpu.time")))
