full <-
structure(c(50, 55, 60, 65, 70, 75, 80, 85, 90, 95, 100, 7.36313, 
7.51734, 5.51008, 3.2137, 5.8258, 3.21199, 3.65684, 4.92158, 
2.10265, 1.65837, 0.38595, -14.57331, -15, -14.1284, -11.67037, 
-13.4579, -11.0789, -12.38226, -13.69237, -10.64781, -9.4343, 
-8.32347, 0, 0, 0, 0, 0, 0, 0, 0, 0, 0, 0, 0, 0, 0, 0, 0, 0, 
0, 0, 0, 0, 0, 0.87619, 0.91548, 0.88214, 0.90139, 0.91944, 0.87495, 
0.86253, 0.85596, 0.89167, 0.89773, 0.88132, 0.82619, 0.82679, 
0.82857, 0.85278, 0.87222, 0.86384, 0.81414, 0.82687, 0.87424, 
0.88106, 0.86703, 0.1475, 0.1456, 0.1483, 0.1546, 0.1586, 0.1645, 
0.1755, 0.1809, 0.165, 0.1703, 0.1892, 35.3, 36.2, 43.6, 46.9, 
45.1, 51.1, 56.4, 56.1, 61.3, 61.5, 73.6, 151, 123, 935, 266, 
898, 103, 381, 9, 935, 193, 1537, 484, 506, 30, 140, 41, 391, 
160, 283, 96, 166, 29, 100, 100, 100, 100, 100, 100, 100, 100, 
100, 100, 100, 2500, 2500, 2500, 2500, 2500, 2500, 2500, 2500, 
2500, 2500, 2500, 13193.816, 12869.127, 12951.222, 13125.021, 
13341.769, 13640.819, 13761.414, 14065.83, 13239.631, 13292.15, 
13613.166, 6.84223, 4.16082, 5.29611, 2.98675, 7.3216, 3.38643, 
4.18481, 5.09754, 6.01344, 5.54387, 4.41882, -14.06046, -10.43695, 
-13.19302, -11.45706, -14.97608, -11.51637, -12.94919, -13.95486, 
-10.74161, -14.03944, -12.63243, 0, 0, 0, 0, 0, 0, 0, 0, 0, 0, 
0, 0, 0, 0, 0, 0, 0, 0, 0, 0, 0, 0, 0.87619, 0.91548, 0.88036, 
0.90139, 0.90694, 0.87495, 0.86253, 0.85596, 0.88409, 0.89773, 
0.88068, 0.82619, 0.85357, 0.85357, 0.84167, 0.88333, 0.85273, 
0.82414, 0.82687, 0.82879, 0.88106, 0.9043, 0.1572, 0.1549, 0.1614, 
0.1649, 0.1587, 0.1668, 0.1766, 0.1816, 0.1639, 0.1756, 0.1806, 
35.5, 36.2, 40.4, 47.4, 44.3, 51.8, 55.9, 56.3, 44.5, 57.6, 60.6, 
81, 17, 1180, 1809, 2133, 13, 1566, 562, 618, 84, 97, 11, 26, 
3, 2, 1, 2, 1, 4, 4, 5, 13, 100, 100, 100, 100, 100, 100, 100, 
100, 100, 100, 100, 2500, 2500, 2500, 2500, 2500, 2500, 2500, 
2500, 2500, 2500, 2500, 13013.772, 13006.055, 12958.556, 13372.738, 
13398.459, 13838.229, 13980.329, 13644.092, 13402.822, 13593.433, 
13874.828, 1, 1, 1, 1, 1, 1, 1, 1, 1, 1, 1, 0.00326, 0.00326, 
0.00326, 0.00326, 0.00326, 0.00326, 0.00326, 0.00326, 0.00326, 
0.00326, 0.00326, 0, 0, 0, 0, 0, 0, 0, 0, 0, 0, 0, 0, 0, 0, 0, 
0, 0, 0, 0, 0, 0, 0, 0.82857, 0.84167, 0.81786, 0.81806, 0.82778, 
0.80121, 0.76899, 0.81687, 0.84621, 0.82955, 0.84918, 0.84524, 
0.84167, 0.83036, 0.81667, 0.82639, 0.77899, 0.80212, 0.81778, 
0.84697, 0.83864, 0.86639, 0.1451, 0.1549, 0.1431, 0.1637, 0.1637, 
0.1788, 0.1769, 0.1678, 0.1641, 0.189, 0.1888, 45, 48.2, 50.7, 
55.5, 57.9, 61.7, 66.3, 67.2, 72.3, 73.4, 75.1, 1, 1, 1, 1, 1, 
1, 1, 1, 1, 1, 1, 1, 1, 1, 1, 1, 1, 1, 1, 1, 1, 1, 1, 1, 1, 1, 
1, 1, 1, 1, 1, 1, 1, 1, 1, 1, 1, 1, 1, 1, 1, 1, 1, 1, 5.013, 
5.326, 4.852, 5.452, 5.302, 5.574, 5.544, 5.316, 5.199, 5.553, 
5.571), .Dim = c(11L, 40L), .Dimnames = list(NULL, c("Sampling", 
"PSO.cost", "PSO.gamma", "PSO.data.balancing", "PSO.feature.selection", 
"PSO.valid.acc", "PSO.test.acc", "PSO.train.time", "PSO.n.support.vectors", 
"PSO.index", "PSO.n.solutions", "PSO.generations", "PSO.n.evaluations", 
"PSO.cpu.time", "RS.cost", "RS.gamma", "RS.data.balancing", "RS.feature.selection", 
"RS.valid.acc", "RS.test.acc", "RS.train.time", "RS.n.support.vectors", 
"RS.index", "RS.n.solutions", "RS.generations", "RS.n.evaluations", 
"RS.cpu.time", "DF.cost", "DF.gamma", "DF.data.balancing", "DF.feature.selection", 
"DF.valid.acc", "DF.test.acc", "DF.train.time", "DF.n.support.vectors", 
"DF.index", "DF.n.solutions", "DF.generations", "DF.n.evaluations", 
"DF.cpu.time")))
