full <-
structure(c(50, 55, 60, 65, 70, 75, 80, 85, 90, 95, 100, 3.45877, 
10.30703, 5.31252, 8.10248, 2.82515, 4.80639, 6.47651, 8.77771, 
6.42446, 4.82534, 2.14519, -11.5838, -12.18183, -6.34694, -6.80452, 
-11.46142, -13.40232, -15, -13.90583, -14.21391, -12.22834, -7.6875, 
0, 0, 0, 0, 0, 0, 0, 0, 0, 0, 0, 0, 0, 0, 0, 0, 0, 0, 0, 0, 0, 
0, 0.82857, 0.82262, 0.82778, 0.83115, 0.84028, 0.84889, 0.8696, 
0.88525, 0.89136, 0.90455, 0.87436, 0.79762, 0.73929, 0.78988, 
0.80397, 0.81806, 0.80556, 0.83051, 0.81071, 0.83667, 0.85303, 
0.825, 0.1304, 0.1465, 0.1421, 0.1439, 0.1446, 0.1527, 0.15, 
0.1497, 0.1701, 0.1736, 0.1814, 34.4, 33.2, 59.6, 60.5, 48.2, 
50.6, 51.1, 41.7, 52.2, 54.1, 75.6, 1258, 17, 247, 65, 7, 363, 
88, 83, 376, 443, 1838, 19, 1223, 511, 362, 121, 98, 679, 299, 
64, 220, 7, 100, 100, 100, 100, 100, 100, 100, 100, 100, 100, 
100, 2500, 2500, 2500, 2500, 2500, 2500, 2500, 2500, 2500, 2500, 
2500, 11767.769, 11736.921, 11713.429, 12077.446, 12030.334, 
12249.785, 12121.838, 12207.433, 13101.834, 12713.395, 12726.063, 
0.5931, 10.69648, 3.33868, 2.89198, 3.99356, 5.83756, 3.43446, 
9.30635, 6.08434, 4.94977, 11.7126, -9.66321, -12.0486, -6.34862, 
-11.02385, -12.82509, -14.3896, -11.57138, -14.39764, -14.3727, 
-12.4122, -7.51435, 0, 0, 0, 0, 0, 0, 0, 0, 0, 0, 0, 0, 0, 0, 
0, 0, 0, 0, 0, 0, 0, 0, 0.8119, 0.82262, 0.82778, 0.83115, 0.84028, 
0.84889, 0.8596, 0.88525, 0.89045, 0.90455, 0.86603, 0.8119, 
0.73929, 0.78988, 0.82183, 0.84028, 0.79444, 0.87071, 0.82071, 
0.84576, 0.86212, 0.84038, 0.1333, 0.1344, 0.1404, 0.1563, 0.1424, 
0.1617, 0.1632, 0.1496, 0.1708, 0.1776, 0.1905, 37.6, 33.4, 59.6, 
43, 48.3, 50.4, 52.2, 41.5, 54.6, 54, 77.6, 62, 11, 342, 177, 
1638, 366, 178, 2037, 140, 1809, 246, 40, 18, 2, 13, 1, 1, 5, 
2, 10, 2, 19, 100, 100, 100, 100, 100, 100, 100, 100, 100, 100, 
100, 2500, 2500, 2500, 2500, 2500, 2500, 2500, 2500, 2500, 2500, 
2500, 11883.294, 11425.479, 11897.088, 12002.815, 12027.108, 
12226.73, 12369.68, 12399.782, 13264.692, 12648.626, 12728.982, 
1, 1, 1, 1, 1, 1, 1, 1, 1, 1, 1, 0.00326, 0.00326, 0.00326, 0.00326, 
0.00326, 0.00326, 0.00326, 0.00326, 0.00326, 0.00326, 0.00326, 
0, 0, 0, 0, 0, 0, 0, 0, 0, 0, 0, 0, 0, 0, 0, 0, 0, 0, 0, 0, 0, 
0, 0.8119, 0.76786, 0.78671, 0.82004, 0.79583, 0.78333, 0.8096, 
0.81232, 0.82076, 0.82955, 0.81667, 0.79524, 0.81548, 0.77242, 
0.80575, 0.78472, 0.79333, 0.82869, 0.84051, 0.80167, 0.84773, 
0.80128, 0.1475, 0.1342, 0.1414, 0.1425, 0.1576, 0.1492, 0.1709, 
0.1582, 0.1785, 0.1845, 0.182, 39.7, 44.7, 48.1, 51.8, 56.5, 
62.2, 65.5, 69.1, 71, 72.8, 75.3, 1, 1, 1, 1, 1, 1, 1, 1, 1, 
1, 1, 1, 1, 1, 1, 1, 1, 1, 1, 1, 1, 1, 1, 1, 1, 1, 1, 1, 1, 1, 
1, 1, 1, 1, 1, 1, 1, 1, 1, 1, 1, 1, 1, 1, 4.958, 4.467, 4.656, 
4.613, 4.945, 4.682, 5.13, 4.822, 5.279, 5.316, 5.217), .Dim = c(11L, 
40L), .Dimnames = list(NULL, c("Sampling", "PSO.cost", "PSO.gamma", 
"PSO.data.balancing", "PSO.feature.selection", "PSO.valid.acc", 
"PSO.test.acc", "PSO.train.time", "PSO.n.support.vectors", "PSO.index", 
"PSO.n.solutions", "PSO.generations", "PSO.n.evaluations", "PSO.cpu.time", 
"RS.cost", "RS.gamma", "RS.data.balancing", "RS.feature.selection", 
"RS.valid.acc", "RS.test.acc", "RS.train.time", "RS.n.support.vectors", 
"RS.index", "RS.n.solutions", "RS.generations", "RS.n.evaluations", 
"RS.cpu.time", "DF.cost", "DF.gamma", "DF.data.balancing", "DF.feature.selection", 
"DF.valid.acc", "DF.test.acc", "DF.train.time", "DF.n.support.vectors", 
"DF.index", "DF.n.solutions", "DF.generations", "DF.n.evaluations", 
"DF.cpu.time")))
