full <-
structure(c(50, 55, 60, 65, 70, 75, 80, 85, 90, 95, 100, 2.84347, 
2.1944, 7.42184, 0.45599, 3.3968, 6.81634, 2.68003, 7.2034, 8.5528, 
4.01997, 6.89531, -10.76105, -9.08688, -14.87076, -7.44209, -11.83663, 
-14.69925, -9.73361, -13.9523, -7.09497, -11.96657, -14.9582, 
0, 0, 0, 0, 0, 0, 0, 0, 0, 0, 0, 0, 0, 0, 0, 0, 0, 0, 0, 0, 0, 
0, 0.88571, 0.93036, 0.88036, 0.84802, 0.87361, 0.88389, 0.88889, 
0.85818, 0.89167, 0.89697, 0.89789, 0.81905, 0.90179, 0.85179, 
0.8498, 0.87361, 0.86278, 0.86889, 0.83727, 0.87424, 0.8803, 
0.88956, 0.1451, 0.1435, 0.1461, 0.1556, 0.15, 0.1469, 0.1564, 
0.1681, 0.1736, 0.18, 0.1765, 34.3, 39.8, 36.2, 55.1, 41.8, 39, 
49.4, 46.2, 75.2, 56.6, 58.1, 112, 599, 304, 387, 1191, 11, 500, 
351, 75, 659, 79, 94, 331, 305, 493, 147, 331, 69, 202, 990, 
64, 372, 100, 100, 100, 100, 100, 100, 100, 100, 100, 100, 100, 
2500, 2500, 2500, 2500, 2500, 2500, 2500, 2500, 2500, 2500, 2500, 
12986.463, 13018.857, 12961.168, 13438.554, 12650.558, 13047.924, 
13112.01, 13105.077, 13332.059, 12954.904, 12999.315, 2.70361, 
2.54242, 3.93327, 0.65602, 1.92811, 5.20926, 2.60401, 7.17836, 
6.56813, 2.80289, 5.0292, -10.55554, -9.2321, -11.14849, -7.92188, 
-10.23132, -13.2308, -9.52439, -13.99787, -7.13205, -9.70008, 
-12.9754, 0, 0, 0, 0, 0, 0, 0, 0, 0, 0, 0, 0, 0, 0, 0, 0, 0, 
0, 0, 0, 0, 0, 0.88571, 0.91786, 0.88214, 0.84802, 0.87361, 0.88389, 
0.87889, 0.85818, 0.89167, 0.89621, 0.89789, 0.81905, 0.875, 
0.86607, 0.83552, 0.87361, 0.87389, 0.86889, 0.82818, 0.87424, 
0.87045, 0.88956, 0.1409, 0.1458, 0.1444, 0.1605, 0.1432, 0.1666, 
0.1642, 0.1631, 0.1684, 0.1648, 0.1636, 34.6, 39.4, 37.4, 52.2, 
43.4, 39.9, 50.3, 46.2, 74.5, 57.9, 58.2, 522, 895, 156, 20, 
99, 53, 364, 1202, 17, 420, 82, 8, 1, 1, 1, 17, 34, 5, 2, 26, 
1, 7, 100, 100, 100, 100, 100, 100, 100, 100, 100, 100, 100, 
2500, 2500, 2500, 2500, 2500, 2500, 2500, 2500, 2500, 2500, 2500, 
12988.44, 13001.102, 13055.265, 13684.75, 12900.788, 13481.512, 
13224.217, 13064.443, 13054.257, 13097.559, 13574.351, 1, 1, 
1, 1, 1, 1, 1, 1, 1, 1, 1, 0.00326, 0.00326, 0.00326, 0.00326, 
0.00326, 0.00326, 0.00326, 0.00326, 0.00326, 0.00326, 0.00326, 
0, 0, 0, 0, 0, 0, 0, 0, 0, 0, 0, 0, 0, 0, 0, 0, 0, 0, 0, 0, 0, 
0, 0.79048, 0.88274, 0.85357, 0.81151, 0.82917, 0.86167, 0.83778, 
0.79, 0.83788, 0.82803, 0.84853, 0.80476, 0.86845, 0.85357, 0.84802, 
0.84028, 0.85944, 0.83778, 0.80818, 0.82879, 0.82879, 0.85687, 
0.155, 0.1473, 0.1476, 0.1582, 0.1514, 0.1524, 0.1625, 0.1667, 
0.1702, 0.1749, 0.1876, 40.2, 44.1, 48.1, 50.4, 51.2, 53.4, 59.6, 
65.7, 69.2, 72, 75.5, 1, 1, 1, 1, 1, 1, 1, 1, 1, 1, 1, 1, 1, 
1, 1, 1, 1, 1, 1, 1, 1, 1, 1, 1, 1, 1, 1, 1, 1, 1, 1, 1, 1, 1, 
1, 1, 1, 1, 1, 1, 1, 1, 1, 1, 5.539, 5.283, 5.176, 5.354, 4.959, 
4.895, 5.209, 5.287, 5.165, 5.426, 5.424), .Dim = c(11L, 40L), .Dimnames = list(
    NULL, c("Sampling", "PSO.cost", "PSO.gamma", "PSO.data.balancing", 
    "PSO.feature.selection", "PSO.valid.acc", "PSO.test.acc", 
    "PSO.train.time", "PSO.n.support.vectors", "PSO.index", "PSO.n.solutions", 
    "PSO.generations", "PSO.n.evaluations", "PSO.cpu.time", "RS.cost", 
    "RS.gamma", "RS.data.balancing", "RS.feature.selection", 
    "RS.valid.acc", "RS.test.acc", "RS.train.time", "RS.n.support.vectors", 
    "RS.index", "RS.n.solutions", "RS.generations", "RS.n.evaluations", 
    "RS.cpu.time", "DF.cost", "DF.gamma", "DF.data.balancing", 
    "DF.feature.selection", "DF.valid.acc", "DF.test.acc", "DF.train.time", 
    "DF.n.support.vectors", "DF.index", "DF.n.solutions", "DF.generations", 
    "DF.n.evaluations", "DF.cpu.time")))
