full <-
structure(c(50, 55, 60, 65, 70, 75, 80, 85, 90, 95, 100, 1.12593, 
1.11556, 5.17581, 2.53855, 7.65731, 1.30421, 5.48855, 3.06545, 
1.66839, 6.3369, 6.76844, -7.7026, -7.29255, -6.59091, -10.5975, 
-6.92518, -8.95924, -14.40021, -11.99825, -8.43328, -13.70659, 
-15, 0, 0, 0, 0, 0, 0, 0, 0, 0, 0, 0, 0, 0, 0, 0, 0, 0, 0, 0, 
0, 0, 0, 0.92381, 0.88274, 0.84206, 0.87698, 0.855, 0.85889, 
0.8497, 0.85455, 0.87636, 0.86894, 0.87308, 0.90714, 0.85179, 
0.8625, 0.83016, 0.79806, 0.80222, 0.8497, 0.82545, 0.82409, 
0.83788, 0.84872, 0.1472, 0.1573, 0.1591, 0.1598, 0.164, 0.156, 
0.1875, 0.1966, 0.1992, 0.1983, 0.1986, 37.7, 47, 58.3, 39.3, 
61.4, 53.4, 52, 56.2, 62.8, 53.6, 59.1, 579, 531, 747, 225, 30, 
1179, 78, 715, 952, 163, 245, 131, 209, 399, 420, 1065, 112, 
119, 77, 21, 24, 98, 100, 100, 100, 100, 100, 100, 100, 100, 
100, 100, 100, 2500, 2500, 2500, 2500, 2500, 2500, 2500, 2500, 
2500, 2500, 2500, 11756.975, 11780.096, 12470.029, 12621.443, 
12949.927, 13850.946, 16577.376, 16480.028, 16438.257, 16373.198, 
16459.553, 1.01976, 0.79253, 11.4284, 1.81849, 11.8798, 1.39014, 
4.22542, 5.9888, 1.68973, 6.23244, 5.46572, -7.88634, -7.21092, 
-6.59868, -10.25844, -6.90521, -9.2523, -13.09715, -14.98246, 
-8.39538, -13.61233, -13.62855, 0, 0, 0, 0, 0, 0, 0, 0, 0, 0, 
0, 0, 0, 0, 0, 0, 0, 0, 0, 0, 0, 0, 0.90952, 0.88274, 0.84206, 
0.87698, 0.855, 0.84778, 0.8497, 0.85545, 0.87636, 0.86894, 0.87308, 
0.90714, 0.86845, 0.8625, 0.84087, 0.79806, 0.80222, 0.8497, 
0.82545, 0.83242, 0.83788, 0.84872, 0.1308, 0.151, 0.1592, 0.1614, 
0.1691, 0.1859, 0.1844, 0.1872, 0.2002, 0.1971, 0.1968, 37.1, 
48, 58.3, 41.4, 61.7, 52.5, 52, 54.4, 62.9, 53.6, 59, 332, 697, 
133, 82, 322, 401, 371, 332, 1824, 58, 1155, 7, 4, 6, 7, 11, 
2, 3, 1, 1, 1, 1, 100, 100, 100, 100, 100, 100, 100, 100, 100, 
100, 100, 2500, 2500, 2500, 2500, 2500, 2500, 2500, 2500, 2500, 
2500, 2500, 11868.455, 12014.092, 12491.152, 12665.731, 13027.014, 
16706.989, 16659.357, 16611.104, 16602.732, 16630.0330000001, 
16723.2329999999, 1, 1, 1, 1, 1, 1, 1, 1, 1, 1, 1, 0.00326, 0.00326, 
0.00326, 0.00326, 0.00326, 0.00326, 0.00326, 0.00326, 0.00326, 
0.00326, 0.00326, 0, 0, 0, 0, 0, 0, 0, 0, 0, 0, 0, 0, 0, 0, 0, 
0, 0, 0, 0, 0, 0, 0, 0.86429, 0.85417, 0.82599, 0.84881, 0.83111, 
0.82667, 0.83172, 0.81, 0.82924, 0.81212, 0.84167, 0.84524, 0.85179, 
0.84028, 0.85198, 0.83139, 0.79333, 0.85081, 0.8, 0.83, 0.83939, 
0.84936, 0.1316, 0.156, 0.1566, 0.1598, 0.1656, 0.1921, 0.1946, 
0.1965, 0.1955, 0.2008, 0.1992, 36.2, 41.4, 46.9, 49.6, 53, 60.5, 
63.2, 66.1, 68.1, 73, 75.5, 1, 1, 1, 1, 1, 1, 1, 1, 1, 1, 1, 
1, 1, 1, 1, 1, 1, 1, 1, 1, 1, 1, 1, 1, 1, 1, 1, 1, 1, 1, 1, 1, 
1, 1, 1, 1, 1, 1, 1, 1, 1, 1, 1, 1, 4.535, 5.001, 5.098, 5.11, 
5.24, 6.735, 6.723, 6.641, 6.558, 6.635, 6.456), .Dim = c(11L, 
40L), .Dimnames = list(NULL, c("Sampling", "PSO.cost", "PSO.gamma", 
"PSO.data.balancing", "PSO.feature.selection", "PSO.valid.acc", 
"PSO.test.acc", "PSO.train.time", "PSO.n.support.vectors", "PSO.index", 
"PSO.n.solutions", "PSO.generations", "PSO.n.evaluations", "PSO.cpu.time", 
"RS.cost", "RS.gamma", "RS.data.balancing", "RS.feature.selection", 
"RS.valid.acc", "RS.test.acc", "RS.train.time", "RS.n.support.vectors", 
"RS.index", "RS.n.solutions", "RS.generations", "RS.n.evaluations", 
"RS.cpu.time", "DF.cost", "DF.gamma", "DF.data.balancing", "DF.feature.selection", 
"DF.valid.acc", "DF.test.acc", "DF.train.time", "DF.n.support.vectors", 
"DF.index", "DF.n.solutions", "DF.generations", "DF.n.evaluations", 
"DF.cpu.time")))
