full <-
structure(c(50, 55, 60, 65, 70, 75, 80, 85, 90, 95, 100, 4.90491, 
8.69607, 6.54376, 4.10542, 2.35547, 1.8601, 6.30017, 0.70497, 
1.68157, 6.67904, 0.67322, -11.37543, -15, -15, -11.73898, -8.01178, 
-8.32604, -13.02672, -7.53531, -6.64097, -14.71077, -8.50053, 
0, 0, 0, 0, 0, 0, 0, 0, 0, 0, 0, 0, 0, 0, 0, 0, 0, 0, 0, 0, 0, 
0, 0.88988, 0.88274, 0.85238, 0.86528, 0.89861, 0.87111, 0.91071, 
0.90616, 0.88485, 0.86958, 0.88315, 0.82083, 0.79464, 0.8256, 
0.84028, 0.87639, 0.84889, 0.82808, 0.87798, 0.84848, 0.87098, 
0.84927, 0.1509, 0.1542, 0.1481, 0.1588, 0.1624, 0.1557, 0.1628, 
0.1771, 0.1823, 0.1755, 0.1872, 34.5, 32.7, 42, 42.3, 52.9, 56.6, 
43, 68.8, 81.1, 57.7, 71.4, 162, 110, 54, 47, 1420, 79, 595, 
181, 44, 100, 431, 163, 324, 432, 149, 47, 207, 101, 175, 769, 
266, 144, 100, 100, 100, 100, 100, 100, 100, 100, 100, 100, 100, 
2500, 2500, 2500, 2500, 2500, 2500, 2500, 2500, 2500, 2500, 2500, 
12789.169, 12943.509, 12887.395, 13178.386, 13252.334, 12936.98, 
13595.393, 13703.593, 14014.523, 13833.81, 13911.931, 7.75767, 
8.32162, 4.24893, 4.51982, 2.34982, 4.0952, 1.71834, 0.73146, 
4.37925, 6.87772, 5.2021, -14.17624, -14.51455, -13.11156, -12.00947, 
-8.0537, -9.88498, -8.36509, -7.19228, -6.6189, -14.73444, -13.54123, 
0, 0, 0, 0, 0, 0, 0, 0, 0, 0, 0, 0, 0, 0, 0, 0, 0, 0, 0, 0, 0, 
0, 0.88988, 0.88274, 0.85238, 0.86528, 0.89861, 0.87111, 0.90758, 
0.90616, 0.88485, 0.86958, 0.88251, 0.80833, 0.79464, 0.79881, 
0.84028, 0.87639, 0.83889, 0.84939, 0.87798, 0.85758, 0.86265, 
0.8576, 0.1457, 0.1455, 0.1437, 0.153, 0.1636, 0.1605, 0.1705, 
0.1749, 0.1808, 0.1762, 0.1701, 32.5, 32.5, 44.1, 41, 52.7, 44.5, 
58.6, 71.9, 81.5, 57, 59.9, 435, 2065, 165, 278, 1458, 25, 1703, 
214, 424, 156, 113, 2, 1, 19, 2, 1, 9, 2, 1, 3, 11, 2, 100, 100, 
100, 100, 100, 100, 100, 100, 100, 100, 100, 2500, 2500, 2500, 
2500, 2500, 2500, 2500, 2500, 2500, 2500, 2500, 13181.198, 13161.402, 
12988.922, 13189.468, 13304.95, 13244.68, 13758.086, 13689.449, 
14012.654, 13956.947, 13856.1569999999, 1, 1, 1, 1, 1, 1, 1, 
1, 1, 1, 1, 0.00326, 0.00326, 0.00326, 0.00326, 0.00326, 0.00326, 
0.00326, 0.00326, 0.00326, 0.00326, 0.00326, 0, 0, 0, 0, 0, 0, 
0, 0, 0, 0, 0, 0, 0, 0, 0, 0, 0, 0, 0, 0, 0, 0, 0.77738, 0.81131, 
0.78452, 0.82917, 0.84028, 0.81667, 0.82515, 0.85889, 0.84833, 
0.83613, 0.8576, 0.77738, 0.81964, 0.81131, 0.79167, 0.83056, 
0.85, 0.84626, 0.85889, 0.84833, 0.81871, 0.86529, 0.151, 0.155, 
0.1538, 0.1529, 0.1615, 0.1666, 0.1645, 0.1727, 0.1793, 0.1817, 
0.1886, 46.2, 50.3, 53, 54.9, 56.1, 61.2, 63.2, 68, 70.5, 72.6, 
75.7, 1, 1, 1, 1, 1, 1, 1, 1, 1, 1, 1, 1, 1, 1, 1, 1, 1, 1, 1, 
1, 1, 1, 1, 1, 1, 1, 1, 1, 1, 1, 1, 1, 1, 1, 1, 1, 1, 1, 1, 1, 
1, 1, 1, 1, 5.275, 5.3, 5.282, 5.227, 5.352, 5.446, 5.475, 5.463, 
5.611, 5.551, 5.616), .Dim = c(11L, 40L), .Dimnames = list(NULL, 
    c("Sampling", "PSO.cost", "PSO.gamma", "PSO.data.balancing", 
    "PSO.feature.selection", "PSO.valid.acc", "PSO.test.acc", 
    "PSO.train.time", "PSO.n.support.vectors", "PSO.index", "PSO.n.solutions", 
    "PSO.generations", "PSO.n.evaluations", "PSO.cpu.time", "RS.cost", 
    "RS.gamma", "RS.data.balancing", "RS.feature.selection", 
    "RS.valid.acc", "RS.test.acc", "RS.train.time", "RS.n.support.vectors", 
    "RS.index", "RS.n.solutions", "RS.generations", "RS.n.evaluations", 
    "RS.cpu.time", "DF.cost", "DF.gamma", "DF.data.balancing", 
    "DF.feature.selection", "DF.valid.acc", "DF.test.acc", "DF.train.time", 
    "DF.n.support.vectors", "DF.index", "DF.n.solutions", "DF.generations", 
    "DF.n.evaluations", "DF.cpu.time")))
