full <-
structure(c(50, 55, 60, 65, 70, 75, 80, 85, 90, 95, 100, 3.72414, 
10.56606, 12.16551, 5.00337, 5.38217, 0.37741, 13.60387, 2.56618, 
1.38081, 1.0422, 7.4574, -11.61894, -6.9909, -8.10301, -7.69902, 
-6.85361, -7.94203, -13.95188, -10.12772, -9.50207, -8.75233, 
-15, 0, 0, 0, 0, 0, 0, 0, 0, 0, 0, 0, 0, 0, 0, 0, 0, 0, 0, 0, 
0, 0, 0, 0.92381, 0.92857, 0.87857, 0.9131, 0.92083, 0.90167, 
0.8698, 0.91591, 0.90106, 0.90682, 0.91474, 0.89286, 0.89762, 
0.89107, 0.9006, 0.90694, 0.89194, 0.82758, 0.88924, 0.9003, 
0.90682, 0.89808, 0.1435, 0.1521, 0.145, 0.1466, 0.1717, 0.1718, 
0.1633, 0.1705, 0.1765, 0.1733, 0.165, 32.3, 52.8, 44.9, 51, 
63.9, 58.2, 37.8, 50.5, 57, 64.6, 55.7, 29, 48, 10, 11, 28, 438, 
20, 335, 221, 670, 174, 1026, 1418, 1145, 1652, 1029, 269, 2018, 
702, 351, 347, 421, 100, 100, 100, 100, 100, 100, 100, 100, 100, 
100, 100, 2500, 2500, 2500, 2500, 2500, 2500, 2500, 2500, 2500, 
2500, 2500, 12565.82, 12632.123, 12415.55, 12778.055, 13132.041, 
13262.513, 13280.451, 13163.012, 13219.87, 13341.832, 12553.59, 
3.65576, 7.20442, 4.07834, 12.13634, 14.92385, 0.82634, 2.86601, 
2.6576, 2.12426, 0.98325, 7.29915, -7.95279, -7.00319, -8.099, 
-7.20543, -6.72333, -8.52227, -11.51744, -10.16802, -10.21857, 
-8.81207, -14.95848, 0, 0, 0, 0, 0, 0, 0, 0, 0, 0, 0, 0, 0, 0, 
0, 0, 0, 0, 0, 0, 0, 0, 0.92381, 0.92857, 0.87857, 0.9131, 0.92083, 
0.90167, 0.87778, 0.91591, 0.90106, 0.89848, 0.91474, 0.90952, 
0.89762, 0.89107, 0.9006, 0.90944, 0.91417, 0.86667, 0.88758, 
0.88288, 0.90682, 0.89808, 0.1396, 0.1582, 0.1502, 0.1528, 0.1703, 
0.1662, 0.1663, 0.1679, 0.1667, 0.1718, 0.1689, 42.8, 52.7, 44.9, 
54.9, 65.7, 52.8, 49.9, 50.2, 55.3, 64.1, 56.4, 49, 47, 21, 2, 
107, 144, 160, 643, 723, 957, 257, 147, 22, 23, 80, 28, 4, 3, 
1, 3, 1, 2, 100, 100, 100, 100, 100, 100, 100, 100, 100, 100, 
100, 2500, 2500, 2500, 2500, 2500, 2500, 2500, 2500, 2500, 2500, 
2500, 12473.481, 12343.835, 12588.364, 12755.584, 13097.983, 
13419.597, 13382.984, 13665.701, 13387.961, 13442.927, 13252.499, 
1, 1, 1, 1, 1, 1, 1, 1, 1, 1, 1, 0.00326, 0.00326, 0.00326, 0.00326, 
0.00326, 0.00326, 0.00326, 0.00326, 0.00326, 0.00326, 0.00326, 
0, 0, 0, 0, 0, 0, 0, 0, 0, 0, 0, 0, 0, 0, 0, 0, 0, 0, 0, 0, 0, 
0, 0.81571, 0.84048, 0.8375, 0.86587, 0.8625, 0.89167, 0.86556, 
0.84924, 0.86288, 0.84848, 0.875, 0.81333, 0.84048, 0.83571, 
0.85337, 0.87361, 0.85944, 0.82556, 0.84924, 0.86288, 0.86515, 
0.86731, 0.1424, 0.1436, 0.1404, 0.1619, 0.1665, 0.1661, 0.1548, 
0.1758, 0.1696, 0.1684, 0.1797, 40.4, 43, 46.1, 48.6, 51.3, 54.9, 
60, 61.4, 66.3, 71.2, 75.8, 1, 1, 1, 1, 1, 1, 1, 1, 1, 1, 1, 
1, 1, 1, 1, 1, 1, 1, 1, 1, 1, 1, 1, 1, 1, 1, 1, 1, 1, 1, 1, 1, 
1, 1, 1, 1, 1, 1, 1, 1, 1, 1, 1, 1, 5.027, 4.847, 4.691, 5.328, 
5.334, 5.369, 5.105, 5.503, 5.314, 5.016, 5.303), .Dim = c(11L, 
40L), .Dimnames = list(NULL, c("Sampling", "PSO.cost", "PSO.gamma", 
"PSO.data.balancing", "PSO.feature.selection", "PSO.valid.acc", 
"PSO.test.acc", "PSO.train.time", "PSO.n.support.vectors", "PSO.index", 
"PSO.n.solutions", "PSO.generations", "PSO.n.evaluations", "PSO.cpu.time", 
"RS.cost", "RS.gamma", "RS.data.balancing", "RS.feature.selection", 
"RS.valid.acc", "RS.test.acc", "RS.train.time", "RS.n.support.vectors", 
"RS.index", "RS.n.solutions", "RS.generations", "RS.n.evaluations", 
"RS.cpu.time", "DF.cost", "DF.gamma", "DF.data.balancing", "DF.feature.selection", 
"DF.valid.acc", "DF.test.acc", "DF.train.time", "DF.n.support.vectors", 
"DF.index", "DF.n.solutions", "DF.generations", "DF.n.evaluations", 
"DF.cpu.time")))
