full <-
structure(c(50, 55, 60, 65, 70, 75, 80, 85, 90, 95, 100, 7.2855, 
11.26783, 3.06017, -0.49777, 6.17815, 0.54931, 1.66893, 1.58496, 
-0.25731, 2.52772, 2.94958, -8.86528, -6.05071, -12.03499, -7.30668, 
-15, -9.43588, -9.41703, -8.8139, -7.33807, -10.85176, -10.22023, 
0, 0, 0, 0, 0, 0, 0, 0, 0, 0, 0, 0, 0, 0, 0, 0, 0, 0, 0, 0, 0, 
0, 0.83714, 0.8119, 0.81528, 0.8371, 0.85972, 0.84944, 0.88182, 
0.87616, 0.90076, 0.87424, 0.88269, 0.76, 0.74048, 0.80417, 0.78671, 
0.825, 0.83944, 0.88182, 0.86505, 0.85606, 0.86515, 0.88205, 
0.1297, 0.1484, 0.1536, 0.1401, 0.1478, 0.1452, 0.1659, 0.1597, 
0.1822, 0.1723, 0.1662, 40.1, 55.2, 46.4, 61, 50.6, 58.7, 57.7, 
61.6, 76.3, 61.2, 59.4, 2, 80, 207, 675, 391, 1335, 241, 1036, 
898, 382, 437, 1347, 171, 232, 89, 446, 16, 222, 84, 217, 204, 
150, 100, 100, 100, 100, 100, 100, 100, 100, 100, 100, 100, 2500, 
2500, 2500, 2500, 2500, 2500, 2500, 2500, 2500, 2500, 2500, 11891.038, 
12377.266, 12297.51, 12425.401, 12300.653, 12593.603, 12885.63, 
12750.693, 13093.21, 12861.873, 12495.557, 7.12454, 3.72251, 
3.93553, -1.03091, 5.42717, 0.66701, 1.76002, 1.44956, -0.1774, 
1.03826, 5.68026, -8.48218, -11.0274, -12.94692, -7.75111, -14.20515, 
-9.53919, -9.01659, -8.84687, -7.49161, -9.40431, -13.89309, 
0, 0, 0, 0, 0, 0, 0, 0, 0, 0, 0, 0, 0, 0, 0, 0, 0, 0, 0, 0, 0, 
0, 0.83714, 0.8119, 0.81528, 0.8246, 0.85972, 0.84944, 0.88182, 
0.86707, 0.88333, 0.86591, 0.875, 0.77429, 0.76667, 0.80417, 
0.78849, 0.825, 0.83944, 0.88182, 0.85596, 0.86515, 0.86515, 
0.88205, 0.1476, 0.1507, 0.1514, 0.1593, 0.139, 0.1521, 0.17, 
0.1695, 0.1713, 0.1627, 0.1655, 41.6, 39.7, 46, 59.9, 50.5, 58, 
58.7, 62.3, 74.5, 65, 60.6, 9, 4, 24, 761, 1186, 244, 355, 1916, 
743, 61, 122, 99, 22, 7, 2, 1, 2, 4, 1, 1, 2, 10, 100, 100, 100, 
100, 100, 100, 100, 100, 100, 100, 100, 2500, 2500, 2500, 2500, 
2500, 2500, 2500, 2500, 2500, 2500, 2500, 12100.617, 12260.769, 
12471.397, 12664.924, 12338.286, 12879.537, 12752.402, 12793.65, 
13046.598, 13032.679, 12691.892, 1, 1, 1, 1, 1, 1, 1, 1, 1, 1, 
1, 0.00326, 0.00326, 0.00326, 0.00326, 0.00326, 0.00326, 0.00326, 
0.00326, 0.00326, 0.00326, 0.00326, 0, 0, 0, 0, 0, 0, 0, 0, 0, 
0, 0, 0, 0, 0, 0, 0, 0, 0, 0, 0, 0, 0, 0.79286, 0.76905, 0.80417, 
0.79921, 0.80139, 0.81583, 0.83758, 0.83889, 0.875, 0.8303, 0.85897, 
0.7619, 0.82619, 0.83095, 0.80099, 0.76667, 0.82944, 0.82758, 
0.84798, 0.85682, 0.84697, 0.86603, 0.1469, 0.1514, 0.1538, 0.1511, 
0.1423, 0.1629, 0.1584, 0.1727, 0.1793, 0.1847, 0.1715, 48, 50.9, 
54.9, 56.1, 59.2, 63.2, 65.8, 67.1, 70.1, 71.6, 74.3, 1, 1, 1, 
1, 1, 1, 1, 1, 1, 1, 1, 1, 1, 1, 1, 1, 1, 1, 1, 1, 1, 1, 1, 1, 
1, 1, 1, 1, 1, 1, 1, 1, 1, 1, 1, 1, 1, 1, 1, 1, 1, 1, 1, 1, 4.916, 
4.976, 4.919, 4.874, 4.613, 5.155, 4.951, 5.364, 5.437, 5.427, 
5.073), .Dim = c(11L, 40L), .Dimnames = list(NULL, c("Sampling", 
"PSO.cost", "PSO.gamma", "PSO.data.balancing", "PSO.feature.selection", 
"PSO.valid.acc", "PSO.test.acc", "PSO.train.time", "PSO.n.support.vectors", 
"PSO.index", "PSO.n.solutions", "PSO.generations", "PSO.n.evaluations", 
"PSO.cpu.time", "RS.cost", "RS.gamma", "RS.data.balancing", "RS.feature.selection", 
"RS.valid.acc", "RS.test.acc", "RS.train.time", "RS.n.support.vectors", 
"RS.index", "RS.n.solutions", "RS.generations", "RS.n.evaluations", 
"RS.cpu.time", "DF.cost", "DF.gamma", "DF.data.balancing", "DF.feature.selection", 
"DF.valid.acc", "DF.test.acc", "DF.train.time", "DF.n.support.vectors", 
"DF.index", "DF.n.solutions", "DF.generations", "DF.n.evaluations", 
"DF.cpu.time")))
