full <-
structure(c(50, 55, 60, 65, 70, 75, 80, 85, 90, 95, 100, 5.92077, 
1.3002, 0.43402, 1.65706, 7.05616, 1.50853, 5.80835, 8.13999, 
3.2995, 3.92554, 3.98921, -13.59717, -7.54803, -7.61699, -8.48646, 
-13.70524, -9.38729, -12.97529, -15, -11.58143, -12.37313, -12.17914, 
0, 0, 0, 0, 0, 0, 0, 0, 0, 0, 0, 0, 0, 0, 0, 0, 0, 0, 0, 0, 0, 
0, 0.84048, 0.875, 0.89385, 0.8625, 0.87361, 0.89111, 0.91141, 
0.90636, 0.90273, 0.89773, 0.88251, 0.85714, 0.85833, 0.82421, 
0.8, 0.84306, 0.83778, 0.86939, 0.88727, 0.88379, 0.87121, 0.88123, 
0.1441, 0.1566, 0.1581, 0.1541, 0.1423, 0.1519, 0.1489, 0.1668, 
0.1625, 0.1628, 0.1899, 33.3, 50.3, 52.5, 50.3, 39.3, 53, 45, 
47.4, 55.6, 57.1, 60.7, 399, 1370, 1295, 52, 105, 259, 440, 184, 
179, 274, 487, 63, 87, 6, 210, 239, 91, 175, 53, 126, 177, 57, 
100, 100, 100, 100, 100, 100, 100, 100, 100, 100, 100, 2500, 
2500, 2500, 2500, 2500, 2500, 2500, 2500, 2500, 2500, 2500, 12015.269, 
11981.469, 12174.71, 12154.881, 11719.845, 11943.988, 12151.196, 
12089.825, 12246.86, 12795.427, 12749.812, 0.7351, 1.31283, 0.61998, 
0.80993, 8.23277, 1.37083, 6.46998, 1.65705, 1.7327, 2.25286, 
3.14392, -7.82942, -7.68447, -8.26689, -8.11002, -14.97585, -9.22361, 
-13.67187, -9.31505, -10.22917, -10.03301, -11.30423, 0, 0, 0, 
0, 0, 0, 0, 0, 0, 0, 0, 0, 0, 0, 0, 0, 0, 0, 0, 0, 0, 0, 0.84048, 
0.875, 0.87956, 0.8625, 0.87361, 0.89111, 0.91141, 0.90545, 0.90273, 
0.89773, 0.88251, 0.79286, 0.85833, 0.82599, 0.825, 0.84306, 
0.83778, 0.86939, 0.89545, 0.88379, 0.86288, 0.88123, 0.1436, 
0.1519, 0.1614, 0.1535, 0.1428, 0.1497, 0.1495, 0.1569, 0.1591, 
0.1618, 0.1832, 44.6, 49.8, 47.9, 53.2, 39.5, 53.4, 45, 59.3, 
59.5, 58, 61.7, 471, 2266, 1301, 175, 202, 838, 316, 234, 2468, 
65, 856, 4, 1, 2, 10, 7, 1, 3, 6, 1, 10, 1, 100, 100, 100, 100, 
100, 100, 100, 100, 100, 100, 100, 2500, 2500, 2500, 2500, 2500, 
2500, 2500, 2500, 2500, 2500, 2500, 11947.498, 12017.802, 12191.538, 
12023.879, 11883.406, 12034.879, 12325.12, 12398.752, 12765.947, 
12690.879, 13113.83, 1, 1, 1, 1, 1, 1, 1, 1, 1, 1, 1, 0.00326, 
0.00326, 0.00326, 0.00326, 0.00326, 0.00326, 0.00326, 0.00326, 
0.00326, 0.00326, 0.00326, 0, 0, 0, 0, 0, 0, 0, 0, 0, 0, 0, 0, 
0, 0, 0, 0, 0, 0, 0, 0, 0, 0, 0.82143, 0.775, 0.84028, 0.825, 
0.78194, 0.83889, 0.85919, 0.88636, 0.85712, 0.87348, 0.87353, 
0.77143, 0.80119, 0.82599, 0.825, 0.80556, 0.83889, 0.8603, 0.89545, 
0.86545, 0.86288, 0.85687, 0.1396, 0.1489, 0.1449, 0.1635, 0.1512, 
0.1496, 0.1765, 0.1673, 0.1648, 0.1755, 0.1739, 43.9, 47.2, 49.1, 
53.5, 57, 59.7, 64.4, 68.4, 69.2, 71.5, 75.5, 1, 1, 1, 1, 1, 
1, 1, 1, 1, 1, 1, 1, 1, 1, 1, 1, 1, 1, 1, 1, 1, 1, 1, 1, 1, 1, 
1, 1, 1, 1, 1, 1, 1, 1, 1, 1, 1, 1, 1, 1, 1, 1, 1, 1, 4.658, 
4.823, 4.625, 5.08, 4.722, 4.663, 5.273, 4.949, 4.897, 5.056, 
4.935), .Dim = c(11L, 40L), .Dimnames = list(NULL, c("Sampling", 
"PSO.cost", "PSO.gamma", "PSO.data.balancing", "PSO.feature.selection", 
"PSO.valid.acc", "PSO.test.acc", "PSO.train.time", "PSO.n.support.vectors", 
"PSO.index", "PSO.n.solutions", "PSO.generations", "PSO.n.evaluations", 
"PSO.cpu.time", "RS.cost", "RS.gamma", "RS.data.balancing", "RS.feature.selection", 
"RS.valid.acc", "RS.test.acc", "RS.train.time", "RS.n.support.vectors", 
"RS.index", "RS.n.solutions", "RS.generations", "RS.n.evaluations", 
"RS.cpu.time", "DF.cost", "DF.gamma", "DF.data.balancing", "DF.feature.selection", 
"DF.valid.acc", "DF.test.acc", "DF.train.time", "DF.n.support.vectors", 
"DF.index", "DF.n.solutions", "DF.generations", "DF.n.evaluations", 
"DF.cpu.time")))
