full <-
structure(c(50, 55, 60, 65, 70, 75, 80, 85, 90, 95, 100, 5.49883, 
9.37125, 6.18467, 7.85769, 5.46615, 3.32901, 7.53652, 1.98088, 
8.49557, 3.58998, 6.60228, -12.57673, -15, -13.09248, -15, -11.79794, 
-11.68518, -14.5401, -10.61427, -15, -11.44974, -15, 0, 0, 0, 
0, 0, 0, 0, 0, 0, 0, 0, 0, 0, 0, 0, 0, 0, 0, 0, 0, 0, 0, 0.94048, 
0.89464, 0.93353, 0.91389, 0.91083, 0.89333, 0.8796, 0.88636, 
0.88182, 0.90758, 0.87811, 0.9381, 0.88214, 0.90317, 0.86349, 
0.88861, 0.86111, 0.86071, 0.86818, 0.82803, 0.9, 0.86383, 0.1355, 
0.1461, 0.1662, 0.1726, 0.1762, 0.1843, 0.1763, 0.1909, 0.1756, 
0.1722, 0.1777, 31.6, 28.4, 34.4, 35.8, 41.3, 50.6, 47.2, 57.5, 
45.8, 57.5, 59.5, 984, 632, 195, 261, 1121, 462, 187, 1928, 74, 
160, 468, 24, 225, 47, 178, 59, 129, 358, 17, 179, 340, 263, 
100, 100, 100, 100, 100, 100, 100, 100, 100, 100, 100, 2500, 
2500, 2500, 2500, 2500, 2500, 2500, 2500, 2500, 2500, 2500, 12095.98, 
12459.038, 15694.297, 15589.513, 15665.465, 15511.285, 15406.632, 
15833.233, 15592.063, 15711.34, 15575.555, 5.00315, 1.26147, 
5.18737, 4.88277, 5.22003, 5.92832, 7.60827, 2.16963, 8.10019, 
3.51636, 6.26598, -12.06448, -8.26806, -12.28513, -11.29176, 
-11.73864, -14.45084, -14.68094, -10.68916, -14.57185, -11.29376, 
-14.65538, 0, 0, 0, 0, 0, 0, 0, 0, 0, 0, 0, 0, 0, 0, 0, 0, 0, 
0, 0, 0, 0, 0, 0.94048, 0.89464, 0.92242, 0.9125, 0.89972, 0.88333, 
0.8796, 0.88636, 0.88182, 0.90758, 0.87811, 0.9381, 0.86131, 
0.89206, 0.87321, 0.89972, 0.86111, 0.86071, 0.86818, 0.82803, 
0.89167, 0.86383, 0.132, 0.1513, 0.1488, 0.1705, 0.1762, 0.1595, 
0.1603, 0.1698, 0.1886, 0.1758, 0.1775, 31.6, 42.7, 35.2, 34.6, 
41.7, 49.5, 47.5, 56.6, 46, 57.9, 59.4, 745, 438, 548, 771, 1501, 
14, 443, 2142, 836, 483, 2464, 1, 7, 6, 2, 1, 3, 5, 1, 3, 4, 
1, 100, 100, 100, 100, 100, 100, 100, 100, 100, 100, 100, 2500, 
2500, 2500, 2500, 2500, 2500, 2500, 2500, 2500, 2500, 2500, 12167.899, 
14677.104, 15341.668, 15526.947, 15434.189, 15762.831, 15550.082, 
16061.311, 15654.232, 15627.954, 15930.268, 1, 1, 1, 1, 1, 1, 
1, 1, 1, 1, 1, 0.00326, 0.00326, 0.00326, 0.00326, 0.00326, 0.00326, 
0.00326, 0.00326, 0.00326, 0.00326, 0.00326, 0, 0, 0, 0, 0, 0, 
0, 0, 0, 0, 0, 0, 0, 0, 0, 0, 0, 0, 0, 0, 0, 0, 0.84524, 0.83452, 
0.84206, 0.84087, 0.83, 0.80889, 0.82919, 0.83182, 0.82045, 0.81364, 
0.837, 0.84524, 0.83452, 0.82778, 0.82837, 0.83861, 0.84, 0.8303, 
0.82273, 0.82955, 0.85682, 0.84771, 0.1374, 0.1678, 0.1746, 0.1686, 
0.1603, 0.1652, 0.1661, 0.1752, 0.1724, 0.1932, 0.1818, 43.2, 
44.9, 48.4, 50.6, 58.8, 61.2, 64.8, 67.2, 69.3, 71.6, 74.5, 1, 
1, 1, 1, 1, 1, 1, 1, 1, 1, 1, 1, 1, 1, 1, 1, 1, 1, 1, 1, 1, 1, 
1, 1, 1, 1, 1, 1, 1, 1, 1, 1, 1, 1, 1, 1, 1, 1, 1, 1, 1, 1, 1, 
1, 4.854, 6.251, 6.33, 6.132, 5.864, 5.974, 5.95, 6.404, 5.936, 
6.424, 6.014), .Dim = c(11L, 40L), .Dimnames = list(NULL, c("Sampling", 
"PSO.cost", "PSO.gamma", "PSO.data.balancing", "PSO.feature.selection", 
"PSO.valid.acc", "PSO.test.acc", "PSO.train.time", "PSO.n.support.vectors", 
"PSO.index", "PSO.n.solutions", "PSO.generations", "PSO.n.evaluations", 
"PSO.cpu.time", "RS.cost", "RS.gamma", "RS.data.balancing", "RS.feature.selection", 
"RS.valid.acc", "RS.test.acc", "RS.train.time", "RS.n.support.vectors", 
"RS.index", "RS.n.solutions", "RS.generations", "RS.n.evaluations", 
"RS.cpu.time", "DF.cost", "DF.gamma", "DF.data.balancing", "DF.feature.selection", 
"DF.valid.acc", "DF.test.acc", "DF.train.time", "DF.n.support.vectors", 
"DF.index", "DF.n.solutions", "DF.generations", "DF.n.evaluations", 
"DF.cpu.time")))
