full <-
structure(c(50, 55, 60, 65, 70, 75, 80, 85, 90, 95, 100, 10.34087, 
5.72497, 4.55173, 9.23622, 6.35169, 1.96108, 6.85232, 6.01845, 
0.90198, 7.25346, 6.61989, -8.53265, -12.77008, -11.85654, -15, 
-13.71984, -7.55955, -14.85845, -14.27816, -7.93338, -15, -14.72987, 
0, 0, 0, 0, 0, 0, 0, 0, 0, 0, 0, 0, 0, 0, 0, 0, 0, 0, 0, 0, 0, 
0, 0.85619, 0.89762, 0.90714, 0.85655, 0.86389, 0.88, 0.88869, 
0.88727, 0.88258, 0.87197, 0.88306, 0.85619, 0.85238, 0.86746, 
0.86587, 0.86528, 0.83778, 0.84848, 0.87727, 0.8553, 0.83864, 
0.89789, 0.1396, 0.1362, 0.1408, 0.1522, 0.1578, 0.1666, 0.163, 
0.1655, 0.1782, 0.1709, 0.1805, 41.7, 39.8, 44.3, 38.3, 46.8, 
64.7, 52.8, 55.7, 72.3, 55.1, 59, 29, 76, 166, 99, 446, 247, 
87, 12, 297, 147, 362, 1112, 435, 184, 583, 286, 50, 268, 445, 
178, 128, 173, 100, 100, 100, 100, 100, 100, 100, 100, 100, 100, 
100, 2500, 2500, 2500, 2500, 2500, 2500, 2500, 2500, 2500, 2500, 
2500, 12008.078, 11950.166, 12248.53, 12589.162, 12739.126, 13212.257, 
13364.99, 13261.706, 13374.726, 13311.656, 13417.132, 3.72992, 
3.67657, 3.92895, 7.82905, 6.72733, 2.02566, 4.49393, 4.96294, 
3.71743, 2.04748, 5.83321, -12.11493, -10.35756, -11.13066, -13.54691, 
-13.97379, -7.67468, -12.17919, -13.33167, -11.71808, -8.80222, 
-13.83512, 0, 0, 0, 0, 0, 0, 0, 0, 0, 0, 0, 0, 0, 0, 0, 0, 0, 
0, 0, 0, 0, 0, 0.8619, 0.89762, 0.90714, 0.85655, 0.86389, 0.88, 
0.88869, 0.88727, 0.88258, 0.87197, 0.88306, 0.82762, 0.82381, 
0.86746, 0.86587, 0.85417, 0.83778, 0.86848, 0.86727, 0.86515, 
0.8303, 0.89789, 0.1259, 0.1291, 0.1435, 0.1538, 0.1553, 0.1669, 
0.165, 0.168, 0.171, 0.1764, 0.1797, 42.9, 41.1, 44.2, 38.3, 
46.2, 63.7, 52.1, 56.2, 60.3, 61.8, 58.6, 491, 165, 2055, 24, 
209, 1911, 250, 649, 641, 154, 303, 2, 13, 2, 6, 5, 1, 14, 5, 
5, 6, 1, 100, 100, 100, 100, 100, 100, 100, 100, 100, 100, 100, 
2500, 2500, 2500, 2500, 2500, 2500, 2500, 2500, 2500, 2500, 2500, 
11793.129, 11779.332, 12301.452, 12693.792, 12856.319, 13463.555, 
13387.383, 13381.098, 13388.929, 13540.598, 13724.915, 1, 1, 
1, 1, 1, 1, 1, 1, 1, 1, 1, 0.00326, 0.00326, 0.00326, 0.00326, 
0.00326, 0.00326, 0.00326, 0.00326, 0.00326, 0.00326, 0.00326, 
0, 0, 0, 0, 0, 0, 0, 0, 0, 0, 0, 0, 0, 0, 0, 0, 0, 0, 0, 0, 0, 
0, 0.77048, 0.80952, 0.84067, 0.81091, 0.81528, 0.80556, 0.80828, 
0.83889, 0.84697, 0.82879, 0.83562, 0.7681, 0.80952, 0.82817, 
0.8377, 0.83056, 0.79667, 0.83939, 0.82889, 0.84621, 0.82879, 
0.85934, 0.1315, 0.1431, 0.1455, 0.1572, 0.1616, 0.1697, 0.1695, 
0.1717, 0.1737, 0.181, 0.1873, 49, 52.6, 56.3, 58.8, 60.9, 64.2, 
67.7, 69.4, 73, 74.9, 75.4, 1, 1, 1, 1, 1, 1, 1, 1, 1, 1, 1, 
1, 1, 1, 1, 1, 1, 1, 1, 1, 1, 1, 1, 1, 1, 1, 1, 1, 1, 1, 1, 1, 
1, 1, 1, 1, 1, 1, 1, 1, 1, 1, 1, 1, 4.655, 4.883, 4.947, 5.07, 
5.119, 5.44, 5.309, 5.286, 5.311, 5.393, 5.483), .Dim = c(11L, 
40L), .Dimnames = list(NULL, c("Sampling", "PSO.cost", "PSO.gamma", 
"PSO.data.balancing", "PSO.feature.selection", "PSO.valid.acc", 
"PSO.test.acc", "PSO.train.time", "PSO.n.support.vectors", "PSO.index", 
"PSO.n.solutions", "PSO.generations", "PSO.n.evaluations", "PSO.cpu.time", 
"RS.cost", "RS.gamma", "RS.data.balancing", "RS.feature.selection", 
"RS.valid.acc", "RS.test.acc", "RS.train.time", "RS.n.support.vectors", 
"RS.index", "RS.n.solutions", "RS.generations", "RS.n.evaluations", 
"RS.cpu.time", "DF.cost", "DF.gamma", "DF.data.balancing", "DF.feature.selection", 
"DF.valid.acc", "DF.test.acc", "DF.train.time", "DF.n.support.vectors", 
"DF.index", "DF.n.solutions", "DF.generations", "DF.n.evaluations", 
"DF.cpu.time")))
