full <-
structure(c(50, 55, 60, 65, 70, 75, 80, 85, 90, 95, 100, 6.19218, 
7.66634, 6.34849, 4.30556, 7.75845, 11.87514, 2.33515, 2.23103, 
2.16541, 1, 7.2991, -13.2473, -14.97262, -11.25502, -12.79294, 
-15, -9.86919, -9.96818, -10.04334, -10.42285, 0.00326, -15, 
0, 0, 0, 0, 0, 0, 0, 0, 0, 0, 0, 0, 0, 0, 0, 0, 0, 0, 0, 0, 0, 
0, 0.89286, 0.91548, 0.86964, 0.88016, 0.88611, 0.87, 0.89778, 
0.89727, 0.87197, 0.85182, 0.88837, 0.90714, 0.8869, 0.86786, 
0.91627, 0.86389, 0.84778, 0.85758, 0.85909, 0.85303, 0.81015, 
0.87289, 0.1449, 0.1398, 0.1371, 0.1525, 0.1572, 0.1603, 0.1649, 
0.1923, 0.1805, 0.1908, 0.1854, 30.2, 30.8, 31.7, 43.2, 42.6, 
46.7, 54.8, 56.6, 56.8, 72.9, 55.8, 30, 135, 70, 359, 65, 21, 
249, 715, 63, 1, 636, 1288, 60, 210, 177, 847, 701, 545, 44, 
82, 29, 101, 100, 100, 100, 100, 100, 100, 100, 100, 100, 100, 
100, 2500, 2500, 2500, 2500, 2500, 2500, 2500, 2500, 2500, 2500, 
2500, 12542.837, 11819.307, 11966.922, 12536.702, 12552.815, 
12640.589, 14652.649, 15449.399, 15649.654, 15662.909, 15567.738, 
7.84631, 5.25056, 6.18912, 4.32886, 5.38428, 13.76633, 2.06795, 
2.03203, 1.89797, -0.02174, 6.34667, -9.61629, -12.81251, -11.18851, 
-12.75515, -12.45059, -14.98716, -9.76821, -9.01982, -9.68223, 
-8.33993, -14.07151, 0, 0, 0, 0, 0, 0, 0, 0, 0, 0, 0, 0, 0, 0, 
0, 0, 0, 0, 0, 0, 0, 0, 0.89286, 0.90119, 0.86964, 0.88016, 0.88611, 
0.87, 0.89778, 0.88727, 0.86288, 0.85182, 0.88837, 0.90714, 0.91548, 
0.86786, 0.91627, 0.87639, 0.81556, 0.84646, 0.86909, 0.85379, 
0.80182, 0.87289, 0.1461, 0.1472, 0.1389, 0.1553, 0.1532, 0.1629, 
0.191, 0.1952, 0.1796, 0.1907, 0.1948, 30.9, 31.8, 32, 42.7, 
43.1, 38.5, 55.3, 57.7, 58.2, 72.5, 56.2, 5, 917, 180, 91, 71, 
42, 914, 446, 418, 241, 589, 263, 13, 1, 6, 32, 60, 6, 11, 2, 
3, 4, 100, 100, 100, 100, 100, 100, 100, 100, 100, 100, 100, 
2500, 2500, 2500, 2500, 2500, 2500, 2500, 2500, 2500, 2500, 2500, 
12433.595, 11834.888, 11979.88, 12478.377, 12678.247, 12904.746, 
15434.062, 15570.572, 15722.304, 15770.472, 16164.88, 1, 1, 1, 
1, 1, 1, 1, 1, 1, 1, 1, 0.00326, 0.00326, 0.00326, 0.00326, 0.00326, 
0.00326, 0.00326, 0.00326, 0.00326, 0.00326, 0.00326, 0, 0, 0, 
0, 0, 0, 0, 0, 0, 0, 0, 0, 0, 0, 0, 0, 0, 0, 0, 0, 0, 0, 0.84762, 
0.8369, 0.79107, 0.86587, 0.84028, 0.82778, 0.83869, 0.84, 0.80803, 
0.85182, 0.83004, 0.81667, 0.8244, 0.84643, 0.88948, 0.84167, 
0.82556, 0.82737, 0.83909, 0.83485, 0.81015, 0.83965, 0.134, 
0.1489, 0.1387, 0.1551, 0.1629, 0.1663, 0.1913, 0.2011, 0.1836, 
0.19, 0.2083, 45, 47.1, 50.2, 54.9, 58.3, 61.5, 64.5, 67.4, 68.6, 
72.9, 75.3, 1, 1, 1, 1, 1, 1, 1, 1, 1, 1, 1, 1, 1, 1, 1, 1, 1, 
1, 1, 1, 1, 1, 1, 1, 1, 1, 1, 1, 1, 1, 1, 1, 1, 1, 1, 1, 1, 1, 
1, 1, 1, 1, 1, 1, 4.58, 4.872, 4.609, 5.025, 5.192, 5.247, 6.57, 
6.698, 6.222, 6.277, 6.696), .Dim = c(11L, 40L), .Dimnames = list(
    NULL, c("Sampling", "PSO.cost", "PSO.gamma", "PSO.data.balancing", 
    "PSO.feature.selection", "PSO.valid.acc", "PSO.test.acc", 
    "PSO.train.time", "PSO.n.support.vectors", "PSO.index", "PSO.n.solutions", 
    "PSO.generations", "PSO.n.evaluations", "PSO.cpu.time", "RS.cost", 
    "RS.gamma", "RS.data.balancing", "RS.feature.selection", 
    "RS.valid.acc", "RS.test.acc", "RS.train.time", "RS.n.support.vectors", 
    "RS.index", "RS.n.solutions", "RS.generations", "RS.n.evaluations", 
    "RS.cpu.time", "DF.cost", "DF.gamma", "DF.data.balancing", 
    "DF.feature.selection", "DF.valid.acc", "DF.test.acc", "DF.train.time", 
    "DF.n.support.vectors", "DF.index", "DF.n.solutions", "DF.generations", 
    "DF.n.evaluations", "DF.cpu.time")))
