full <-
structure(c(50, 55, 60, 65, 70, 75, 80, 85, 90, 95, 100, 1.94071, 
4.01216, 7.61579, 1.64384, 1.74707, 0.80977, 2.52562, 1.48508, 
3.45047, 1.82282, 3.84857, -8.50122, -10.88353, -14.02567, -7.20084, 
-10.24274, -6.93416, -8.85884, -9.01784, -11.58656, -8.85861, 
-11.48813, 0, 0, 0, 0, 0, 0, 0, 0, 0, 0, 0, 0, 0, 0, 0, 0, 0, 
0, 0, 0, 0, 0, 0.87619, 0.87381, 0.89821, 0.89028, 0.88611, 0.90222, 
0.89141, 0.90636, 0.90045, 0.93015, 0.8891, 0.85476, 0.87202, 
0.85893, 0.84921, 0.83889, 0.84556, 0.85121, 0.87727, 0.86545, 
0.89682, 0.86603, 0.1369, 0.1519, 0.1558, 0.1621, 0.1525, 0.1591, 
0.1612, 0.1634, 0.175, 0.164, 0.1696, 38.7, 38.1, 36.6, 59.8, 
46.7, 68.1, 48.3, 56.4, 54.2, 58.7, 56.8, 231, 24, 7, 590, 386, 
609, 594, 611, 121, 840, 1950, 177, 860, 331, 481, 98, 265, 583, 
138, 117, 49, 17, 100, 100, 100, 100, 100, 100, 100, 100, 100, 
100, 100, 2500, 2500, 2500, 2500, 2500, 2500, 2500, 2500, 2500, 
2500, 2500, 13233.527, 13303.389, 13256.648, 13422.56, 12792.243, 
13071.163, 13501.997, 13802.541, 13482.666, 12950.55, 13397.388, 
1.76792, 6.22737, 7.53879, 1.53259, 1.8062, 0.90031, 0.70539, 
6.98888, 2.94254, 1.37365, 4.15201, -8.63532, -8.19624, -13.83016, 
-7.01087, -10.29058, -7.32365, -6.75763, -14.71663, -11.07755, 
-8.53086, -11.90369, 0, 0, 0, 0, 0, 0, 0, 0, 0, 0, 0, 0, 0, 0, 
0, 0, 0, 0, 0, 0, 0, 0, 0.87619, 0.87381, 0.89821, 0.87778, 0.88611, 
0.89111, 0.88939, 0.89636, 0.89212, 0.91348, 0.88141, 0.85476, 
0.82917, 0.85893, 0.84921, 0.83889, 0.84556, 0.85828, 0.86545, 
0.86545, 0.88848, 0.85769, 0.1477, 0.1494, 0.1548, 0.1584, 0.1466, 
0.1542, 0.1754, 0.1661, 0.1774, 0.1776, 0.1747, 38, 45.7, 35.9, 
61.5, 46.3, 63.3, 73.8, 48.1, 54.2, 61.5, 57.2, 552, 21, 1503, 
1970, 1774, 258, 2499, 293, 8, 7, 246, 3, 16, 5, 2, 1, 4, 1, 
14, 12, 5, 4, 100, 100, 100, 100, 100, 100, 100, 100, 100, 100, 
100, 2500, 2500, 2500, 2500, 2500, 2500, 2500, 2500, 2500, 2500, 
2500, 13105.274, 13221.395, 13335.389, 13158.049, 12814.252, 
12948.095, 13714.713, 13426.85, 13353.941, 13474.839, 13558.621, 
1, 1, 1, 1, 1, 1, 1, 1, 1, 1, 1, 0.00326, 0.00326, 0.00326, 0.00326, 
0.00326, 0.00326, 0.00326, 0.00326, 0.00326, 0.00326, 0.00326, 
0, 0, 0, 0, 0, 0, 0, 0, 0, 0, 0, 0, 0, 0, 0, 0, 0, 0, 0, 0, 0, 
0, 0.80714, 0.80179, 0.81369, 0.85238, 0.86389, 0.85778, 0.8401, 
0.86818, 0.83909, 0.83682, 0.85705, 0.80714, 0.79762, 0.81369, 
0.83988, 0.83889, 0.83556, 0.8701, 0.87636, 0.86636, 0.84515, 
0.84103, 0.1493, 0.1548, 0.1557, 0.1519, 0.1594, 0.1545, 0.1669, 
0.1719, 0.1748, 0.1664, 0.1854, 43.9, 48.6, 50.1, 53.5, 54, 57.3, 
60, 64.5, 67.3, 69.2, 74.8, 1, 1, 1, 1, 1, 1, 1, 1, 1, 1, 1, 
1, 1, 1, 1, 1, 1, 1, 1, 1, 1, 1, 1, 1, 1, 1, 1, 1, 1, 1, 1, 1, 
1, 1, 1, 1, 1, 1, 1, 1, 1, 1, 1, 1, 5.285, 5.309, 5.306, 5.022, 
5.242, 5.07, 5.493, 5.453, 5.451, 4.994, 5.452), .Dim = c(11L, 
40L), .Dimnames = list(NULL, c("Sampling", "PSO.cost", "PSO.gamma", 
"PSO.data.balancing", "PSO.feature.selection", "PSO.valid.acc", 
"PSO.test.acc", "PSO.train.time", "PSO.n.support.vectors", "PSO.index", 
"PSO.n.solutions", "PSO.generations", "PSO.n.evaluations", "PSO.cpu.time", 
"RS.cost", "RS.gamma", "RS.data.balancing", "RS.feature.selection", 
"RS.valid.acc", "RS.test.acc", "RS.train.time", "RS.n.support.vectors", 
"RS.index", "RS.n.solutions", "RS.generations", "RS.n.evaluations", 
"RS.cpu.time", "DF.cost", "DF.gamma", "DF.data.balancing", "DF.feature.selection", 
"DF.valid.acc", "DF.test.acc", "DF.train.time", "DF.n.support.vectors", 
"DF.index", "DF.n.solutions", "DF.generations", "DF.n.evaluations", 
"DF.cpu.time")))
