full <-
structure(c(50, 55, 60, 65, 70, 75, 80, 85, 90, 95, 100, 0.06044, 
1.31686, 3.67175, 1.74196, 1.20236, 2.37361, 1.42848, 2.31477, 
2.45066, 6.74936, 6.3059, -8.20683, -7.6388, -9.74979, -8.39021, 
-6.86208, -8.07697, -7.80164, -8.97753, -10.01407, -14.51368, 
-13.54419, 0, 0, 0, 0, 0, 0, 0, 0, 0, 0, 0, 0, 0, 0, 0, 0, 0, 
0, 0, 0, 0, 0, 0.86429, 0.87976, 0.85476, 0.87599, 0.91111, 0.85667, 
0.87939, 0.92364, 0.89152, 0.91439, 0.89734, 0.86429, 0.84048, 
0.85476, 0.86806, 0.85417, 0.84556, 0.85828, 0.88545, 0.845, 
0.8803, 0.85824, 0.1359, 0.1421, 0.1433, 0.1383, 0.1654, 0.1678, 
0.1718, 0.1846, 0.1917, 0.191, 0.1892, 43.8, 46.9, 39.1, 49.4, 
63, 55.3, 60.8, 54.1, 58.2, 55.2, 53.7, 117, 296, 56, 2269, 411, 
920, 380, 164, 1131, 744, 312, 129, 83, 231, 2, 739, 63, 431, 
528, 60, 51, 89, 100, 100, 100, 100, 100, 100, 100, 100, 100, 
100, 100, 2500, 2500, 2500, 2500, 2500, 2500, 2500, 2500, 2500, 
2500, 2500, 12071.528, 12301.45, 11966.039, 11985.239, 15517.722, 
15636.991, 15635.443, 16151.461, 15583.152, 16071.507, 15974.274, 
-0.00761, 0.5458, 3.73665, 0.49303, 1.28195, 0.4948, 2.39061, 
2.64492, 0.60019, 6.91588, 6.48044, -8.12441, -8.34409, -13.14664, 
-7.35151, -7.01832, -8.97838, -8.21127, -9.79323, -6.68753, -14.68073, 
-13.74778, 0, 0, 0, 0, 0, 0, 0, 0, 0, 0, 0, 0, 0, 0, 0, 0, 0, 
0, 0, 0, 0, 0, 0.86429, 0.87976, 0.85476, 0.87738, 0.91111, 0.84646, 
0.87939, 0.92364, 0.88318, 0.91439, 0.89734, 0.86429, 0.84048, 
0.86726, 0.86944, 0.85417, 0.82535, 0.83717, 0.87545, 0.84515, 
0.8803, 0.85824, 0.1391, 0.1453, 0.1352, 0.1401, 0.1662, 0.1652, 
0.1732, 0.1649, 0.1997, 0.1844, 0.1892, 44.3, 46.5, 43.5, 55.9, 
61.8, 55.3, 56.7, 51.9, 81.7, 55.2, 53.9, 1796, 586, 413, 1194, 
830, 803, 197, 85, 2394, 1659, 1009, 1, 1, 16, 2, 1, 3, 2, 2, 
1, 1, 1, 100, 100, 100, 100, 100, 100, 100, 100, 100, 100, 100, 
2500, 2500, 2500, 2500, 2500, 2500, 2500, 2500, 2500, 2500, 2500, 
12155.445, 12281.552, 12003.032, 12038.943, 15617.721, 15624.935, 
15652.143, 15590, 16246.547, 16044.471, 16251.703, 1, 1, 1, 1, 
1, 1, 1, 1, 1, 1, 1, 0.00326, 0.00326, 0.00326, 0.00326, 0.00326, 
0.00326, 0.00326, 0.00326, 0.00326, 0.00326, 0.00326, 0, 0, 0, 
0, 0, 0, 0, 0, 0, 0, 0, 0, 0, 0, 0, 0, 0, 0, 0, 0, 0, 0, 0.84762, 
0.85119, 0.8506, 0.84266, 0.85417, 0.83535, 0.86828, 0.87636, 
0.83682, 0.83788, 0.85568, 0.84762, 0.79702, 0.84881, 0.84444, 
0.83056, 0.82535, 0.82828, 0.87545, 0.83682, 0.86288, 0.82601, 
0.1389, 0.1469, 0.1379, 0.1386, 0.1633, 0.1676, 0.1711, 0.1791, 
0.1939, 0.1913, 0.2006, 44, 47, 51.3, 53.5, 55.5, 60, 62.2, 66.1, 
70.8, 74, 75.1, 1, 1, 1, 1, 1, 1, 1, 1, 1, 1, 1, 1, 1, 1, 1, 
1, 1, 1, 1, 1, 1, 1, 1, 1, 1, 1, 1, 1, 1, 1, 1, 1, 1, 1, 1, 1, 
1, 1, 1, 1, 1, 1, 1, 1, 4.867, 5.025, 4.839, 4.774, 6.153, 6.215, 
6.216, 6.19, 6.563, 6.392, 6.582), .Dim = c(11L, 40L), .Dimnames = list(
    NULL, c("Sampling", "PSO.cost", "PSO.gamma", "PSO.data.balancing", 
    "PSO.feature.selection", "PSO.valid.acc", "PSO.test.acc", 
    "PSO.train.time", "PSO.n.support.vectors", "PSO.index", "PSO.n.solutions", 
    "PSO.generations", "PSO.n.evaluations", "PSO.cpu.time", "RS.cost", 
    "RS.gamma", "RS.data.balancing", "RS.feature.selection", 
    "RS.valid.acc", "RS.test.acc", "RS.train.time", "RS.n.support.vectors", 
    "RS.index", "RS.n.solutions", "RS.generations", "RS.n.evaluations", 
    "RS.cpu.time", "DF.cost", "DF.gamma", "DF.data.balancing", 
    "DF.feature.selection", "DF.valid.acc", "DF.test.acc", "DF.train.time", 
    "DF.n.support.vectors", "DF.index", "DF.n.solutions", "DF.generations", 
    "DF.n.evaluations", "DF.cpu.time")))
