full <-
structure(c(50, 55, 60, 65, 70, 75, 80, 85, 90, 95, 100, 10.55489, 
1.57525, 3.45578, 8.92628, 5.28406, 2.32983, 4.46892, 6.19193, 
1.1007, 1.65563, 2.57456, -10.37586, -9.7375, -9.97448, -15, 
-12.27763, -9.4738, -11.35348, -11.39875, -7.75017, -7.7577, 
-7.43529, 0, 0, 0, 0, 0, 0, 0, 0, 0, 0, 0, 0, 0, 0, 0, 0, 0, 
0, 0, 0, 0, 0, 0.87381, 0.9, 0.92321, 0.93056, 0.93194, 0.91444, 
0.91737, 0.93273, 0.91061, 0.90682, 0.86007, 0.85952, 0.87321, 
0.92143, 0.91627, 0.93194, 0.90333, 0.87606, 0.91273, 0.89167, 
0.89848, 0.81832, 0.1496, 0.1482, 0.1519, 0.1455, 0.1532, 0.1574, 
0.158, 0.1592, 0.1743, 0.1787, 0.1814, 29.7, 41.5, 37.3, 33.8, 
39.4, 46.3, 44, 38.8, 68.6, 70.2, 78.9, 67, 91, 218, 324, 251, 
40, 84, 3, 1493, 454, 521, 1448, 487, 563, 385, 576, 566, 231, 
304, 10, 631, 71, 100, 100, 100, 100, 100, 100, 100, 100, 100, 
100, 100, 2500, 2500, 2500, 2500, 2500, 2500, 2500, 2500, 2500, 
2500, 2500, 13121.044, 12980.03, 12844.728, 12580.383, 12540.599, 
12739.454, 12911.912, 12071.692, 12471.383, 12711.858, 12781.123, 
12.84673, 1.17575, 5.01997, 5.68252, 5.33523, 6.01991, 4.66417, 
6.21229, 1.68148, 5.6294, 13.92999, -10.394, -7.60903, -10.80976, 
-11.93219, -12.24969, -13.25107, -11.57638, -11.59543, -9.03797, 
-13.75617, -6.93834, 0, 0, 0, 0, 0, 0, 0, 0, 0, 0, 0, 0, 0, 0, 
0, 0, 0, 0, 0, 0, 0, 0, 0.87381, 0.9, 0.92321, 0.93056, 0.93194, 
0.91444, 0.91737, 0.93273, 0.90985, 0.89773, 0.85943, 0.85952, 
0.8875, 0.92143, 0.92738, 0.93194, 0.91333, 0.88717, 0.91273, 
0.87348, 0.89773, 0.83562, 0.1462, 0.1522, 0.1488, 0.1496, 0.1547, 
0.1444, 0.1582, 0.1598, 0.167, 0.1652, 0.1776, 29.6, 46.9, 34.3, 
35.3, 38.8, 41.8, 43.8, 39.2, 59, 55.9, 85.7, 83, 56, 828, 547, 
402, 469, 632, 1074, 73, 1019, 175, 15, 35, 1, 2, 5, 19, 2, 3, 
4, 4, 24, 100, 100, 100, 100, 100, 100, 100, 100, 100, 100, 100, 
2500, 2500, 2500, 2500, 2500, 2500, 2500, 2500, 2500, 2500, 2500, 
13406.517, 13097.504, 12905.1, 12720.454, 12945.424, 12816.067, 
12600.376, 12385.768, 12733.197, 12729.307, 12751.016, 1, 1, 
1, 1, 1, 1, 1, 1, 1, 1, 1, 0.00326, 0.00326, 0.00326, 0.00326, 
0.00326, 0.00326, 0.00326, 0.00326, 0.00326, 0.00326, 0.00326, 
0, 0, 0, 0, 0, 0, 0, 0, 0, 0, 0, 0, 0, 0, 0, 0, 0, 0, 0, 0, 0, 
0, 0.8381, 0.88333, 0.85179, 0.89028, 0.89583, 0.87222, 0.89939, 
0.86727, 0.90076, 0.86364, 0.81896, 0.82143, 0.86071, 0.85179, 
0.87917, 0.88472, 0.89222, 0.88828, 0.87727, 0.87348, 0.84621, 
0.83434, 0.1456, 0.1516, 0.1515, 0.1557, 0.1591, 0.1572, 0.1619, 
0.1643, 0.169, 0.17, 0.1848, 46.1, 49.1, 52.2, 52.2, 55, 58.7, 
60.4, 64.1, 68.9, 71.7, 75, 1, 1, 1, 1, 1, 1, 1, 1, 1, 1, 1, 
1, 1, 1, 1, 1, 1, 1, 1, 1, 1, 1, 1, 1, 1, 1, 1, 1, 1, 1, 1, 1, 
1, 1, 1, 1, 1, 1, 1, 1, 1, 1, 1, 1, 5.181, 5.093, 5.065, 5.225, 
5.218, 5.122, 4.956, 4.92, 5.024, 5.029, 5.478), .Dim = c(11L, 
40L), .Dimnames = list(NULL, c("Sampling", "PSO.cost", "PSO.gamma", 
"PSO.data.balancing", "PSO.feature.selection", "PSO.valid.acc", 
"PSO.test.acc", "PSO.train.time", "PSO.n.support.vectors", "PSO.index", 
"PSO.n.solutions", "PSO.generations", "PSO.n.evaluations", "PSO.cpu.time", 
"RS.cost", "RS.gamma", "RS.data.balancing", "RS.feature.selection", 
"RS.valid.acc", "RS.test.acc", "RS.train.time", "RS.n.support.vectors", 
"RS.index", "RS.n.solutions", "RS.generations", "RS.n.evaluations", 
"RS.cpu.time", "DF.cost", "DF.gamma", "DF.data.balancing", "DF.feature.selection", 
"DF.valid.acc", "DF.test.acc", "DF.train.time", "DF.n.support.vectors", 
"DF.index", "DF.n.solutions", "DF.generations", "DF.n.evaluations", 
"DF.cpu.time")))
