full <-
structure(c(50, 55, 60, 65, 70, 75, 80, 85, 90, 95, 100, 12.08581, 
9.35565, 7.6828, 12.31514, 10.25538, 11.84516, 8.75714, 6.47212, 
12.15028, 3.13671, 4.34025, -11.17938, -14.99811, -11.53025, 
-15, -8.22017, -8.79939, -13.44878, -13.16357, -8.20019, -11.78352, 
-12.19268, 0, 0, 0, 0, 0, 0, 0, 0, 0, 0, 0, 0, 0, 0, 0, 0, 0, 
0, 0, 0, 0, 0, 0.92381, 0.89702, 0.91607, 0.90139, 0.875, 0.91222, 
0.90253, 0.92545, 0.92182, 0.89697, 0.88782, 0.90714, 0.91071, 
0.90357, 0.91667, 0.84028, 0.86889, 0.88232, 0.91727, 0.90364, 
0.85227, 0.86346, 0.1454, 0.1503, 0.1361, 0.1492, 0.1576, 0.1535, 
0.154, 0.1674, 0.1696, 0.1711, 0.1757, 29.2, 28.6, 32.8, 32.2, 
51.3, 46.6, 37.4, 44.5, 56.5, 59.2, 58.4, 14, 163, 8, 52, 63, 
2, 149, 100, 9, 111, 61, 1876, 683, 1406, 2105, 1345, 1218, 560, 
575, 1183, 364, 172, 100, 100, 100, 100, 100, 100, 100, 100, 
100, 100, 100, 2500, 2500, 2500, 2500, 2500, 2500, 2500, 2500, 
2500, 2500, 2500, 12710.398, 12397.621, 12627.887, 12797.327, 
12692.17, 13362.288, 12491.511, 13320.747, 13246.018, 13590.874, 
13108.22, 13.88266, 9.35693, 7.18322, 10.10342, 4.62078, 5.59549, 
8.51981, 7.66659, 13.1007, 6.30821, 4.61775, -14.40686, -14.99898, 
-11.17163, -13.82639, -8.23917, -9.39044, -13.351, -14.40221, 
-8.20496, -14.75057, -12.22844, 0, 0, 0, 0, 0, 0, 0, 0, 0, 0, 
0, 0, 0, 0, 0, 0, 0, 0, 0, 0, 0, 0, 0.92381, 0.89702, 0.91607, 
0.90139, 0.875, 0.91222, 0.90253, 0.92545, 0.92182, 0.89697, 
0.88782, 0.92143, 0.91071, 0.90357, 0.91667, 0.84028, 0.86778, 
0.88232, 0.91727, 0.90364, 0.85227, 0.86346, 0.1299, 0.1501, 
0.1507, 0.1414, 0.161, 0.1697, 0.1524, 0.1684, 0.1719, 0.1609, 
0.1758, 27.7, 28.6, 33.2, 32.4, 51.2, 43.2, 37.4, 44.3, 56.3, 
56.5, 56.7, 2, 1621, 27, 9, 6, 21, 526, 187, 84, 10, 20, 301, 
1, 48, 86, 75, 145, 4, 18, 12, 8, 9, 100, 100, 100, 100, 100, 
100, 100, 100, 100, 100, 100, 2500, 2500, 2500, 2500, 2500, 2500, 
2500, 2500, 2500, 2500, 2500, 12474.552, 12598.253, 12696.004, 
12758.802, 12973.397, 12813.064, 12832.26, 13503.855, 13350.526, 
13247.222, 13097.486, 1, 1, 1, 1, 1, 1, 1, 1, 1, 1, 1, 0.00326, 
0.00326, 0.00326, 0.00326, 0.00326, 0.00326, 0.00326, 0.00326, 
0.00326, 0.00326, 0.00326, 0, 0, 0, 0, 0, 0, 0, 0, 0, 0, 0, 0, 
0, 0, 0, 0, 0, 0, 0, 0, 0, 0, 0.82619, 0.8375, 0.775, 0.82083, 
0.80417, 0.80444, 0.84626, 0.85091, 0.83803, 0.86061, 0.8391, 
0.85952, 0.82262, 0.775, 0.82083, 0.79167, 0.81556, 0.85737, 
0.82364, 0.84803, 0.87803, 0.83846, 0.1352, 0.1373, 0.1522, 0.1681, 
0.1574, 0.1539, 0.159, 0.1665, 0.1732, 0.1805, 0.1826, 41.8, 
45.3, 50.2, 53.2, 56.8, 59.7, 62, 65.1, 68.4, 71.4, 74.5, 1, 
1, 1, 1, 1, 1, 1, 1, 1, 1, 1, 1, 1, 1, 1, 1, 1, 1, 1, 1, 1, 1, 
1, 1, 1, 1, 1, 1, 1, 1, 1, 1, 1, 1, 1, 1, 1, 1, 1, 1, 1, 1, 1, 
1, 4.702, 4.716, 5.125, 5.388, 5.119, 4.929, 5.064, 5.298, 5.496, 
5.422, 5.265), .Dim = c(11L, 40L), .Dimnames = list(NULL, c("Sampling", 
"PSO.cost", "PSO.gamma", "PSO.data.balancing", "PSO.feature.selection", 
"PSO.valid.acc", "PSO.test.acc", "PSO.train.time", "PSO.n.support.vectors", 
"PSO.index", "PSO.n.solutions", "PSO.generations", "PSO.n.evaluations", 
"PSO.cpu.time", "RS.cost", "RS.gamma", "RS.data.balancing", "RS.feature.selection", 
"RS.valid.acc", "RS.test.acc", "RS.train.time", "RS.n.support.vectors", 
"RS.index", "RS.n.solutions", "RS.generations", "RS.n.evaluations", 
"RS.cpu.time", "DF.cost", "DF.gamma", "DF.data.balancing", "DF.feature.selection", 
"DF.valid.acc", "DF.test.acc", "DF.train.time", "DF.n.support.vectors", 
"DF.index", "DF.n.solutions", "DF.generations", "DF.n.evaluations", 
"DF.cpu.time")))
