full <-
structure(c(50, 55, 60, 65, 70, 75, 80, 85, 90, 95, 100, 3.0587, 
2.94542, 0.05361, 1.65428, 9.92092, 2.13616, 0.72743, 2.87548, 
6.14312, 0.36529, 1.82324, -9.43729, -11.26376, -6.9072, -6.32559, 
-7.6134, -6.55152, -6.82217, -10.56319, -15, -7.45675, -7.31297, 
0, 0, 0, 0, 0, 0, 0, 0, 0, 0, 0, 0, 0, 0, 0, 0, 0, 0, 0, 0, 0, 
0, 0.84524, 0.8619, 0.87619, 0.89028, 0.88556, 0.89333, 0.89606, 
0.87545, 0.87136, 0.89924, 0.88004, 0.86429, 0.81845, 0.81131, 
0.87778, 0.87194, 0.85, 0.85273, 0.85727, 0.86227, 0.87197, 0.88123, 
0.1418, 0.1432, 0.1481, 0.1525, 0.1662, 0.1697, 0.1828, 0.1542, 
0.1672, 0.184, 0.1808, 37.4, 40.5, 57.3, 64.7, 58.8, 72.3, 73.2, 
53.7, 57.1, 77.6, 80.9, 16, 49, 1406, 14, 8, 138, 192, 1318, 
309, 1519, 1497, 52, 159, 43, 1117, 1527, 534, 79, 18, 79, 14, 
31, 100, 100, 100, 100, 100, 100, 100, 100, 100, 100, 100, 2500, 
2500, 2500, 2500, 2500, 2500, 2500, 2500, 2500, 2500, 2500, 11793.589, 
11931.612, 11967.945, 12459.411, 12917.851, 14679.787, 15857.944, 
12496.468, 12649.483, 12698.359, 13098.813, 10.62432, 4.39817, 
11.08861, 14.80784, 4.01085, 6.72541, 0.53643, -0.26029, 3.86152, 
0.50531, 1.63221, -12.88293, -12.88101, -6.52591, -6.3472, -7.12074, 
-6.57715, -6.95722, -7.34897, -12.71843, -8.88227, -7.12361, 
0, 0, 0, 0, 0, 0, 0, 0, 0, 0, 0, 0, 0, 0, 0, 0, 0, 0, 0, 0, 0, 
0, 0.83333, 0.8619, 0.85357, 0.89028, 0.88556, 0.89333, 0.89606, 
0.86727, 0.87136, 0.88333, 0.88004, 0.78095, 0.83512, 0.86786, 
0.87778, 0.87194, 0.87222, 0.86273, 0.85818, 0.86227, 0.86515, 
0.87353, 0.1253, 0.1435, 0.1352, 0.1514, 0.1663, 0.1802, 0.1715, 
0.1747, 0.1748, 0.1798, 0.1981, 31.6, 39.3, 59.6, 64.6, 62.5, 
72.1, 71.7, 73.9, 57.4, 66.4, 83.2, 352, 17, 16, 21, 19, 18, 
1739, 2298, 1661, 482, 1640, 9, 12, 15, 17, 126, 4, 1, 1, 2, 
8, 1, 100, 100, 100, 100, 100, 100, 100, 100, 100, 100, 100, 
2500, 2500, 2500, 2500, 2500, 2500, 2500, 2500, 2500, 2500, 2500, 
11759.468, 12215.189, 12236.142, 12429.749, 12923.258, 14891.449, 
13469.144, 12595.367, 13039.659, 13057.877, 13177.185, 1, 1, 
1, 1, 1, 1, 1, 1, 1, 1, 1, 0.00326, 0.00326, 0.00326, 0.00326, 
0.00326, 0.00326, 0.00326, 0.00326, 0.00326, 0.00326, 0.00326, 
0, 0, 0, 0, 0, 0, 0, 0, 0, 0, 0, 0, 0, 0, 0, 0, 0, 0, 0, 0, 0, 
0, 0.8119, 0.79762, 0.83869, 0.85417, 0.82611, 0.85889, 0.87384, 
0.84727, 0.81894, 0.86591, 0.82546, 0.79762, 0.79762, 0.83452, 
0.84028, 0.87361, 0.86, 0.86384, 0.83818, 0.8447, 0.86515, 0.85046, 
0.1437, 0.1452, 0.1472, 0.1508, 0.1645, 0.187, 0.1563, 0.1593, 
0.1626, 0.1657, 0.1732, 45, 48.3, 51.1, 55.1, 58.4, 63.4, 63.9, 
68, 69, 71.7, 75.6, 1, 1, 1, 1, 1, 1, 1, 1, 1, 1, 1, 1, 1, 1, 
1, 1, 1, 1, 1, 1, 1, 1, 1, 1, 1, 1, 1, 1, 1, 1, 1, 1, 1, 1, 1, 
1, 1, 1, 1, 1, 1, 1, 1, 1, 4.952, 4.918, 4.887, 4.998, 5.13, 
6.414, 4.755, 4.804, 4.914, 4.901, 5.032), .Dim = c(11L, 40L), .Dimnames = list(
    NULL, c("Sampling", "PSO.cost", "PSO.gamma", "PSO.data.balancing", 
    "PSO.feature.selection", "PSO.valid.acc", "PSO.test.acc", 
    "PSO.train.time", "PSO.n.support.vectors", "PSO.index", "PSO.n.solutions", 
    "PSO.generations", "PSO.n.evaluations", "PSO.cpu.time", "RS.cost", 
    "RS.gamma", "RS.data.balancing", "RS.feature.selection", 
    "RS.valid.acc", "RS.test.acc", "RS.train.time", "RS.n.support.vectors", 
    "RS.index", "RS.n.solutions", "RS.generations", "RS.n.evaluations", 
    "RS.cpu.time", "DF.cost", "DF.gamma", "DF.data.balancing", 
    "DF.feature.selection", "DF.valid.acc", "DF.test.acc", "DF.train.time", 
    "DF.n.support.vectors", "DF.index", "DF.n.solutions", "DF.generations", 
    "DF.n.evaluations", "DF.cpu.time")))
