full <-
structure(c(50, 55, 60, 65, 70, 75, 80, 85, 90, 95, 100, 3.86016, 
8.10708, -0.02929, 3.85461, 2.1159, 6.2929, 3.35006, 1.8964, 
1.71883, 0.60366, 6.97901, -12.6703, -7.71485, -7.33452, -8.91189, 
-8.89054, -14.6939, -11.14072, -8.88021, -9.61523, -7.91757, 
-15, 0, 0, 0, 0, 0, 0, 0, 0, 0, 0, 0, 0, 0, 0, 0, 0, 0, 0, 0, 
0, 0, 0, 0.87143, 0.86905, 0.875, 0.87698, 0.8875, 0.89083, 0.87667, 
0.87727, 0.8747, 0.87182, 0.88974, 0.85714, 0.85476, 0.86389, 
0.82798, 0.87639, 0.86972, 0.87667, 0.87636, 0.84652, 0.84606, 
0.87308, 0.1472, 0.1508, 0.1539, 0.1548, 0.1608, 0.1523, 0.1583, 
0.1677, 0.1587, 0.1652, 0.1846, 33.1, 46, 53.3, 44.3, 46.5, 43.5, 
45, 54.4, 56.7, 71.8, 57.6, 169, 29, 481, 15, 46, 159, 185, 525, 
290, 2239, 215, 91, 897, 210, 1353, 617, 313, 301, 360, 216, 
4, 143, 100, 100, 100, 100, 100, 100, 100, 100, 100, 100, 100, 
2500, 2500, 2500, 2500, 2500, 2500, 2500, 2500, 2500, 2500, 2500, 
12345.992, 12528.633, 12895.263, 13129.98, 13116.236, 12642.833, 
12778.71, 13046.551, 13005.64, 12939.17, 12727.728, 5.26535, 
1.11244, -0.04304, 11.18959, 2.21023, 5.73422, 2.08889, 1.84633, 
1.43882, 1.2652, 2.94782, -14.10228, -9.22044, -7.34919, -8.95129, 
-9.06056, -14.02665, -9.64937, -8.77799, -9.03724, -9.65535, 
-10.75647, 0, 0, 0, 0, 0, 0, 0, 0, 0, 0, 0, 0, 0, 0, 0, 0, 0, 
0, 0, 0, 0, 0, 0.87143, 0.86905, 0.875, 0.87698, 0.8875, 0.89083, 
0.87667, 0.87727, 0.8747, 0.86348, 0.88974, 0.85714, 0.86905, 
0.8496, 0.82798, 0.8875, 0.86972, 0.88667, 0.87636, 0.85561, 
0.84606, 0.88077, 0.1419, 0.1494, 0.1555, 0.1591, 0.16, 0.1607, 
0.1632, 0.1602, 0.1574, 0.1711, 0.1646, 32.9, 40.5, 53.1, 43.9, 
45.6, 43.5, 49.1, 55, 59.3, 62.1, 60.5, 6, 7, 1280, 38, 231, 
209, 711, 1235, 88, 793, 96, 9, 79, 2, 45, 6, 4, 11, 1, 1, 2, 
8, 100, 100, 100, 100, 100, 100, 100, 100, 100, 100, 100, 2500, 
2500, 2500, 2500, 2500, 2500, 2500, 2500, 2500, 2500, 2500, 12320.79, 
12686.915, 13110.633, 13164.694, 12866.809, 12934.2, 12921.967, 
12825.578, 12817.259, 13018.225, 13053.506, 1, 1, 1, 1, 1, 1, 
1, 1, 1, 1, 1, 0.00326, 0.00326, 0.00326, 0.00326, 0.00326, 0.00326, 
0.00326, 0.00326, 0.00326, 0.00326, 0.00326, 0, 0, 0, 0, 0, 0, 
0, 0, 0, 0, 0, 0, 0, 0, 0, 0, 0, 0, 0, 0, 0, 0, 0.85714, 0.84048, 
0.84464, 0.84881, 0.85139, 0.835, 0.83667, 0.83727, 0.82818, 
0.82106, 0.85, 0.87381, 0.86905, 0.83036, 0.8377, 0.83056, 0.85972, 
0.84667, 0.83727, 0.8397, 0.83773, 0.85769, 0.137, 0.1515, 0.156, 
0.1574, 0.1571, 0.1575, 0.1588, 0.1586, 0.178, 0.1818, 0.1829, 
41.2, 43.8, 48.4, 50.8, 54.2, 56.7, 58.9, 61.8, 67.5, 71, 74.3, 
1, 1, 1, 1, 1, 1, 1, 1, 1, 1, 1, 1, 1, 1, 1, 1, 1, 1, 1, 1, 1, 
1, 1, 1, 1, 1, 1, 1, 1, 1, 1, 1, 1, 1, 1, 1, 1, 1, 1, 1, 1, 1, 
1, 1, 4.6, 5.117, 5.304, 5.244, 5.06, 5.052, 5.045, 4.929, 5.351, 
5.341, 5.306), .Dim = c(11L, 40L), .Dimnames = list(NULL, c("Sampling", 
"PSO.cost", "PSO.gamma", "PSO.data.balancing", "PSO.feature.selection", 
"PSO.valid.acc", "PSO.test.acc", "PSO.train.time", "PSO.n.support.vectors", 
"PSO.index", "PSO.n.solutions", "PSO.generations", "PSO.n.evaluations", 
"PSO.cpu.time", "RS.cost", "RS.gamma", "RS.data.balancing", "RS.feature.selection", 
"RS.valid.acc", "RS.test.acc", "RS.train.time", "RS.n.support.vectors", 
"RS.index", "RS.n.solutions", "RS.generations", "RS.n.evaluations", 
"RS.cpu.time", "DF.cost", "DF.gamma", "DF.data.balancing", "DF.feature.selection", 
"DF.valid.acc", "DF.test.acc", "DF.train.time", "DF.n.support.vectors", 
"DF.index", "DF.n.solutions", "DF.generations", "DF.n.evaluations", 
"DF.cpu.time")))
