full <-
structure(c(50, 55, 60, 65, 70, 75, 80, 85, 90, 95, 100, 10.47227, 
8.9047, 3.50543, 9.14438, 2.77616, 0.30345, 1.66323, 3.27523, 
7.06468, 3.29118, 10.02561, -9.34942, -8.70271, -10.67282, -8.86448, 
-11.26483, -8.42626, -9.99887, -11.18556, -15, -8.44538, -8.49774, 
0, 0, 0, 0, 0, 0, 0, 0, 0, 0, 0, 0, 0, 0, 0, 0, 0, 0, 0, 0, 0, 
0, 0.92381, 0.95417, 0.90853, 0.92421, 0.89444, 0.88333, 0.9198, 
0.88727, 0.91879, 0.87273, 0.88901, 0.90714, 0.93988, 0.86567, 
0.88413, 0.84861, 0.85, 0.87869, 0.87727, 0.88394, 0.83561, 0.86529, 
0.1432, 0.1365, 0.1439, 0.1472, 0.1596, 0.1472, 0.1615, 0.1531, 
0.1599, 0.1848, 0.1824, 35.5, 39.6, 36.4, 39.7, 46.7, 55, 53.3, 
51.6, 50.4, 61, 63.3, 2, 119, 1089, 106, 284, 779, 27, 101, 202, 
500, 33, 1606, 1267, 27, 1035, 79, 151, 1159, 346, 248, 75, 1377, 
100, 100, 100, 100, 100, 100, 100, 100, 100, 100, 100, 2500, 
2500, 2500, 2500, 2500, 2500, 2500, 2500, 2500, 2500, 2500, 12136.452, 
12698.695, 12388.595, 12927.4, 12912.056, 12646.199, 13168.451, 
13133.731, 12634.352, 13260.105, 13264.548, 13.28702, 13.91278, 
2.13672, 13.80466, 2.23106, 0.40488, 14.12143, 2.0362, 5.36528, 
6.0767, 5.34096, -8.63009, -8.71674, -8.60075, -8.87057, -10.84398, 
-8.30936, -9.60459, -10.11969, -13.32101, -14.15255, -13.28649, 
0, 0, 0, 0, 0, 0, 0, 0, 0, 0, 0, 0, 0, 0, 0, 0, 0, 0, 0, 0, 0, 
0, 0.92381, 0.95417, 0.90675, 0.92421, 0.89444, 0.88333, 0.9198, 
0.88727, 0.91045, 0.87879, 0.8902, 0.90714, 0.93988, 0.84067, 
0.88413, 0.86111, 0.87111, 0.86869, 0.87636, 0.88303, 0.87121, 
0.88123, 0.1343, 0.1508, 0.1587, 0.1596, 0.1535, 0.1552, 0.1634, 
0.1606, 0.1732, 0.1731, 0.1783, 37.9, 39.6, 40.9, 39.6, 47.5, 
56, 43.4, 54.2, 50.9, 54.8, 57.2, 7, 45, 1210, 598, 152, 352, 
57, 18, 1101, 378, 196, 135, 19, 1, 5, 6, 4, 30, 6, 1, 2, 8, 
100, 100, 100, 100, 100, 100, 100, 100, 100, 100, 100, 2500, 
2500, 2500, 2500, 2500, 2500, 2500, 2500, 2500, 2500, 2500, 12367.716, 
12911.307, 12825.605, 12978.985, 12957.822, 13033.172, 13149.337, 
13218.877, 13245.094, 13419.429, 13340.322, 1, 1, 1, 1, 1, 1, 
1, 1, 1, 1, 1, 0.00326, 0.00326, 0.00326, 0.00326, 0.00326, 0.00326, 
0.00326, 0.00326, 0.00326, 0.00326, 0.00326, 0, 0, 0, 0, 0, 0, 
0, 0, 0, 0, 0, 0, 0, 0, 0, 0, 0, 0, 0, 0, 0, 0, 0.82857, 0.83988, 
0.85635, 0.83075, 0.83889, 0.86111, 0.85869, 0.84909, 0.86545, 
0.84545, 0.83571, 0.82619, 0.81131, 0.85496, 0.82857, 0.8375, 
0.85111, 0.86869, 0.83727, 0.85636, 0.83561, 0.83571, 0.1433, 
0.1467, 0.1407, 0.1431, 0.1461, 0.1599, 0.1675, 0.1603, 0.173, 
0.1799, 0.1899, 41.7, 44.3, 47.6, 48.6, 54.7, 57.3, 61.1, 65.6, 
67, 72.1, 76, 1, 1, 1, 1, 1, 1, 1, 1, 1, 1, 1, 1, 1, 1, 1, 1, 
1, 1, 1, 1, 1, 1, 1, 1, 1, 1, 1, 1, 1, 1, 1, 1, 1, 1, 1, 1, 1, 
1, 1, 1, 1, 1, 1, 1, 5.013, 4.953, 4.772, 4.883, 4.726, 5.299, 
5.285, 5.068, 5.225, 5.298, 5.477), .Dim = c(11L, 40L), .Dimnames = list(
    NULL, c("Sampling", "PSO.cost", "PSO.gamma", "PSO.data.balancing", 
    "PSO.feature.selection", "PSO.valid.acc", "PSO.test.acc", 
    "PSO.train.time", "PSO.n.support.vectors", "PSO.index", "PSO.n.solutions", 
    "PSO.generations", "PSO.n.evaluations", "PSO.cpu.time", "RS.cost", 
    "RS.gamma", "RS.data.balancing", "RS.feature.selection", 
    "RS.valid.acc", "RS.test.acc", "RS.train.time", "RS.n.support.vectors", 
    "RS.index", "RS.n.solutions", "RS.generations", "RS.n.evaluations", 
    "RS.cpu.time", "DF.cost", "DF.gamma", "DF.data.balancing", 
    "DF.feature.selection", "DF.valid.acc", "DF.test.acc", "DF.train.time", 
    "DF.n.support.vectors", "DF.index", "DF.n.solutions", "DF.generations", 
    "DF.n.evaluations", "DF.cpu.time")))
