full <-
structure(c(50, 55, 60, 65, 70, 75, 80, 85, 90, 95, 100, 12.18308, 
2.81718, 4.88539, 2.27641, 2.64487, 7.77077, 6.44414, 4.60162, 
8.35084, 5.11153, 7.68284, -7.94894, -7.35734, -11.54566, -10.7148, 
-11.52451, -15, -14.0862, -13.21154, -15, -12.81452, -15, 0, 
0, 0, 0, 0, 0, 0, 0, 0, 0, 0, 0, 0, 0, 0, 0, 0, 0, 0, 0, 0, 0, 
0.89048, 0.92798, 0.89643, 0.86667, 0.93194, 0.88182, 0.90162, 
0.88273, 0.89545, 0.9053, 0.89487, 0.8881, 0.89702, 0.85893, 
0.76667, 0.86111, 0.88091, 0.87141, 0.8397, 0.87561, 0.87803, 
0.83132, 0.1293, 0.1365, 0.1545, 0.1493, 0.1601, 0.1577, 0.1591, 
0.1849, 0.1856, 0.1689, 0.1965, 34.6, 46, 36.3, 45.6, 47, 40.7, 
45.3, 51.8, 46, 52.7, 53.4, 15, 12, 89, 78, 536, 133, 792, 430, 
287, 69, 139, 478, 1392, 392, 542, 50, 1043, 49, 111, 82, 180, 
244, 100, 100, 100, 100, 100, 100, 100, 100, 100, 100, 100, 2500, 
2500, 2500, 2500, 2500, 2500, 2500, 2500, 2500, 2500, 2500, 11602.462, 
11801.904, 12067.924, 11912.026, 12806.119, 12790.875, 12760.584, 
16353.242, 16324.146, 15399.456, 15785.497, 8.52111, 9.84006, 
6.31404, 3.16225, 3.46471, 7.32688, 6.52268, 5.55292, 6.40739, 
4.87704, 6.38377, -7.93997, -8.78793, -12.8221, -11.87634, -12.33047, 
-13.27091, -13.9498, -14.15633, -13.78026, -12.71766, -13.68728, 
0, 0, 0, 0, 0, 0, 0, 0, 0, 0, 0, 0, 0, 0, 0, 0, 0, 0, 0, 0, 0, 
0, 0.89048, 0.92798, 0.89643, 0.86667, 0.92083, 0.88182, 0.90071, 
0.88273, 0.88636, 0.9053, 0.88718, 0.8881, 0.91131, 0.85893, 
0.80417, 0.88472, 0.85051, 0.87141, 0.8397, 0.87636, 0.86894, 
0.83132, 0.1433, 0.1436, 0.1444, 0.1562, 0.1589, 0.156, 0.1623, 
0.1848, 0.1873, 0.1729, 0.1925, 34.6, 36, 35, 44.5, 46.2, 36.4, 
44.1, 51.5, 50.5, 53.1, 53.6, 46, 11, 82, 96, 64, 55, 1335, 915, 
38, 66, 1760, 15, 146, 9, 12, 10, 58, 1, 1, 49, 4, 1, 100, 100, 
100, 100, 100, 100, 100, 100, 100, 100, 100, 2500, 2500, 2500, 
2500, 2500, 2500, 2500, 2500, 2500, 2500, 2500, 11843.586, 11804.697, 
11957.199, 12728.024, 12805.389, 12838.758, 13199.029, 16456.396, 
16450.373, 15773.729, 16293.137, 1, 1, 1, 1, 1, 1, 1, 1, 1, 1, 
1, 0.00326, 0.00326, 0.00326, 0.00326, 0.00326, 0.00326, 0.00326, 
0.00326, 0.00326, 0.00326, 0.00326, 0, 0, 0, 0, 0, 0, 0, 0, 0, 
0, 0, 0, 0, 0, 0, 0, 0, 0, 0, 0, 0, 0, 0.83095, 0.80417, 0.81369, 
0.81667, 0.85, 0.87889, 0.88051, 0.82545, 0.84061, 0.85152, 0.83251, 
0.8119, 0.81845, 0.84048, 0.78056, 0.83611, 0.8396, 0.83828, 
0.82803, 0.83985, 0.8697, 0.83242, 0.1304, 0.1557, 0.1395, 0.1576, 
0.1541, 0.1567, 0.1869, 0.1901, 0.1869, 0.1775, 0.1996, 41.5, 
44.9, 49.9, 53.7, 55.1, 59.1, 62.4, 65.5, 70.6, 70.6, 75.4, 1, 
1, 1, 1, 1, 1, 1, 1, 1, 1, 1, 1, 1, 1, 1, 1, 1, 1, 1, 1, 1, 1, 
1, 1, 1, 1, 1, 1, 1, 1, 1, 1, 1, 1, 1, 1, 1, 1, 1, 1, 1, 1, 1, 
1, 4.51, 5.08, 4.581, 5.114, 5.002, 5.312, 6.545, 6.508, 6.361, 
5.871, 6.406), .Dim = c(11L, 40L), .Dimnames = list(NULL, c("Sampling", 
"PSO.cost", "PSO.gamma", "PSO.data.balancing", "PSO.feature.selection", 
"PSO.valid.acc", "PSO.test.acc", "PSO.train.time", "PSO.n.support.vectors", 
"PSO.index", "PSO.n.solutions", "PSO.generations", "PSO.n.evaluations", 
"PSO.cpu.time", "RS.cost", "RS.gamma", "RS.data.balancing", "RS.feature.selection", 
"RS.valid.acc", "RS.test.acc", "RS.train.time", "RS.n.support.vectors", 
"RS.index", "RS.n.solutions", "RS.generations", "RS.n.evaluations", 
"RS.cpu.time", "DF.cost", "DF.gamma", "DF.data.balancing", "DF.feature.selection", 
"DF.valid.acc", "DF.test.acc", "DF.train.time", "DF.n.support.vectors", 
"DF.index", "DF.n.solutions", "DF.generations", "DF.n.evaluations", 
"DF.cpu.time")))
