full <-
structure(c(50, 55, 60, 65, 70, 75, 80, 85, 90, 95, 100, 3.9982, 
1.78498, 0.56769, 1.54081, 3.40268, 7.51654, 5.56293, 6.41007, 
2.33763, 1.52272, 3.06338, -13.99613, -10.21708, -10.0124, -9.57874, 
-12.01929, -15, -14.04541, -15, -10.60743, -8.35375, -10.37038, 
0, 0, 0, 0, 0, 0, 0, 0, 0, 0, 0, 0, 0, 0, 0, 0, 0, 0, 0, 0, 0, 
0, 0.76952, 0.80952, 0.79643, 0.86528, 0.86472, 0.84111, 0.8801, 
0.91141, 0.90152, 0.90594, 0.88132, 0.71952, 0.78036, 0.78393, 
0.84028, 0.86472, 0.81889, 0.82081, 0.87505, 0.90152, 0.86276, 
0.88068, 0.1418, 0.1512, 0.1554, 0.1579, 0.167, 0.1801, 0.1794, 
0.1748, 0.1784, 0.196, 0.1974, 44.3, 45.8, 52.3, 51.4, 51.1, 
46.4, 55, 54.5, 60.1, 66.7, 58.5, 63, 755, 107, 808, 159, 437, 
231, 53, 78, 1126, 1047, 407, 354, 297, 81, 109, 552, 61, 556, 
294, 31, 116, 100, 100, 100, 100, 100, 100, 100, 100, 100, 100, 
100, 2500, 2500, 2500, 2500, 2500, 2500, 2500, 2500, 2500, 2500, 
2500, 12396.791, 12688.61, 12785.522, 12879.79, 15206.102, 15974.846, 
16088.077, 15614.588, 15788.496, 16393.502, 16377.535, 0.92631, 
1.63589, 0.05573, 1.44742, 3.03762, 5.45181, 5.78014, 4.41719, 
2.75159, 2.55527, 5.50573, -10.43399, -10.00357, -8.8748, -9.42508, 
-11.5483, -12.58862, -14.1326, -12.80236, -11.08203, -7.86853, 
-12.87272, 0, 0, 0, 0, 0, 0, 0, 0, 0, 0, 0, 0, 0, 0, 0, 0, 0, 
0, 0, 0, 0, 0, 0.76952, 0.79524, 0.79643, 0.86528, 0.85472, 0.84, 
0.87101, 0.91141, 0.90152, 0.89685, 0.87537, 0.7219, 0.78036, 
0.77143, 0.84028, 0.86472, 0.79667, 0.8199, 0.88414, 0.90152, 
0.85367, 0.85037, 0.1528, 0.1512, 0.1555, 0.157, 0.1675, 0.1764, 
0.1702, 0.1751, 0.1778, 0.1994, 0.1984, 46, 46, 53.1, 51.8, 51.3, 
45.8, 54, 55.1, 58.8, 70.4, 55.5, 401, 797, 46, 521, 781, 2368, 
205, 98, 1323, 1370, 502, 16, 1, 9, 2, 4, 1, 4, 8, 1, 1, 3, 100, 
100, 100, 100, 100, 100, 100, 100, 100, 100, 100, 2500, 2500, 
2500, 2500, 2500, 2500, 2500, 2500, 2500, 2500, 2500, 12723.469, 
12696.369, 12854.329, 12926.144, 15537.901, 16081.902, 16153.693, 
15854.094, 15952.068, 16476.716, 16600.555, 1, 1, 1, 1, 1, 1, 
1, 1, 1, 1, 1, 0.00326, 0.00326, 0.00326, 0.00326, 0.00326, 0.00326, 
0.00326, 0.00326, 0.00326, 0.00326, 0.00326, 0, 0, 0, 0, 0, 0, 
0, 0, 0, 0, 0, 0, 0, 0, 0, 0, 0, 0, 0, 0, 0, 0, 0.69952, 0.75179, 
0.75714, 0.79167, 0.79389, 0.80667, 0.79949, 0.83778, 0.84773, 
0.84685, 0.81777, 0.67667, 0.75179, 0.76964, 0.80417, 0.8175, 
0.80667, 0.82879, 0.83869, 0.86515, 0.83776, 0.82491, 0.1474, 
0.154, 0.1537, 0.16, 0.1768, 0.1851, 0.1857, 0.1795, 0.1828, 
0.1975, 0.2018, 47.6, 50.9, 53.9, 57.6, 60.2, 63.6, 66.7, 67.5, 
71.3, 72.1, 74.8, 1, 1, 1, 1, 1, 1, 1, 1, 1, 1, 1, 1, 1, 1, 1, 
1, 1, 1, 1, 1, 1, 1, 1, 1, 1, 1, 1, 1, 1, 1, 1, 1, 1, 1, 1, 1, 
1, 1, 1, 1, 1, 1, 1, 1, 5.064, 5.142, 5.167, 5.172, 6.327, 6.555, 
6.477, 6.616, 6.296, 6.552, 6.698), .Dim = c(11L, 40L), .Dimnames = list(
    NULL, c("Sampling", "PSO.cost", "PSO.gamma", "PSO.data.balancing", 
    "PSO.feature.selection", "PSO.valid.acc", "PSO.test.acc", 
    "PSO.train.time", "PSO.n.support.vectors", "PSO.index", "PSO.n.solutions", 
    "PSO.generations", "PSO.n.evaluations", "PSO.cpu.time", "RS.cost", 
    "RS.gamma", "RS.data.balancing", "RS.feature.selection", 
    "RS.valid.acc", "RS.test.acc", "RS.train.time", "RS.n.support.vectors", 
    "RS.index", "RS.n.solutions", "RS.generations", "RS.n.evaluations", 
    "RS.cpu.time", "DF.cost", "DF.gamma", "DF.data.balancing", 
    "DF.feature.selection", "DF.valid.acc", "DF.test.acc", "DF.train.time", 
    "DF.n.support.vectors", "DF.index", "DF.n.solutions", "DF.generations", 
    "DF.n.evaluations", "DF.cpu.time")))
