full <-
structure(c(50, 55, 60, 65, 70, 75, 80, 85, 90, 95, 100, 3.84586, 
5.79503, 9.29305, 9.45525, 7.38617, 7.05521, 5.32098, 7.94927, 
6.28276, 4.17573, 2.17761, -12.67136, -13.26756, -14.92171, -15, 
-15, -13.11866, -13.25587, -15, -14.44098, -13.22342, -9.43026, 
0, 0, 0, 0, 0, 0, 0, 0, 0, 0, 0, 0, 0, 0, 0, 0, 0, 0, 0, 0, 0, 
0, 0.79167, 0.85357, 0.86786, 0.84048, 0.8375, 0.86475, 0.8696, 
0.87303, 0.87045, 0.85455, 0.90064, 0.775, 0.77976, 0.79821, 
0.81012, 0.8375, 0.82253, 0.85626, 0.85596, 0.84303, 0.82803, 
0.8685, 0.1325, 0.1275, 0.1283, 0.1386, 0.1417, 0.1427, 0.1604, 
0.1547, 0.1575, 0.1698, 0.1696, 38.1, 38, 31.2, 36.9, 44.1, 41.4, 
51.2, 50.6, 54.1, 60.8, 62.8, 69, 178, 234, 391, 500, 42, 92, 
63, 74, 275, 1217, 271, 318, 751, 474, 80, 391, 357, 131, 959, 
108, 15, 100, 100, 100, 100, 100, 100, 100, 100, 100, 100, 100, 
2500, 2500, 2500, 2500, 2500, 2500, 2500, 2500, 2500, 2500, 2500, 
11890.166, 11545.485, 11747.106, 12350.783, 12396.764, 12367.131, 
12937.737, 12286.775, 12373.063, 12810.985, 12549.967, 5.62773, 
7.36262, 9.27478, 5.75017, 5.23747, 7.19614, 3.83175, 7.2425, 
5.99299, 3.74472, 2.17896, -14.5226, -14.92171, -14.91959, -10.92389, 
-14.41054, -12.35001, -11.68242, -14.34214, -14.19841, -12.60497, 
-9.45401, 0, 0, 0, 0, 0, 0, 0, 0, 0, 0, 0, 0, 0, 0, 0, 0, 0, 
0, 0, 0, 0, 0, 0.79167, 0.85357, 0.86786, 0.83214, 0.82778, 0.86475, 
0.8696, 0.87303, 0.87045, 0.84621, 0.90064, 0.775, 0.77976, 0.79821, 
0.80079, 0.80556, 0.77919, 0.83626, 0.85596, 0.85212, 0.8197, 
0.8685, 0.131, 0.128, 0.1358, 0.1395, 0.1434, 0.1438, 0.1605, 
0.1535, 0.1563, 0.1706, 0.1697, 37.6, 37.9, 31.2, 39.5, 48.7, 
41, 52.1, 50.7, 54.1, 59.8, 62.6, 133, 993, 665, 2082, 369, 26, 
192, 1539, 931, 79, 2275, 20, 4, 1, 1, 5, 4, 15, 1, 1, 7, 2, 
100, 100, 100, 100, 100, 100, 100, 100, 100, 100, 100, 2500, 
2500, 2500, 2500, 2500, 2500, 2500, 2500, 2500, 2500, 2500, 11937.18, 
11650.068, 12334.234, 12399.164, 12451.077, 12531.944, 12609.32, 
12446.114, 12546.828, 12646.745, 12786.602, 1, 1, 1, 1, 1, 1, 
1, 1, 1, 1, 1, 0.00326, 0.00326, 0.00326, 0.00326, 0.00326, 0.00326, 
0.00326, 0.00326, 0.00326, 0.00326, 0.00326, 0, 0, 0, 0, 0, 0, 
0, 0, 0, 0, 0, 0, 0, 0, 0, 0, 0, 0, 0, 0, 0, 0, 0.76071, 0.76786, 
0.77321, 0.7996, 0.81667, 0.80626, 0.78828, 0.79667, 0.84303, 
0.83636, 0.85366, 0.76071, 0.78214, 0.77321, 0.80754, 0.81528, 
0.79515, 0.80919, 0.79667, 0.82561, 0.83561, 0.86969, 0.1346, 
0.1307, 0.1392, 0.1411, 0.1453, 0.1472, 0.1554, 0.1591, 0.1599, 
0.1653, 0.1762, 42.7, 45.4, 48.3, 52.5, 54.4, 58.5, 64.2, 65.4, 
67, 69.2, 76, 1, 1, 1, 1, 1, 1, 1, 1, 1, 1, 1, 1, 1, 1, 1, 1, 
1, 1, 1, 1, 1, 1, 1, 1, 1, 1, 1, 1, 1, 1, 1, 1, 1, 1, 1, 1, 1, 
1, 1, 1, 1, 1, 1, 1, 4.702, 4.645, 4.95, 4.908, 4.971, 5.006, 
4.95, 4.946, 4.947, 4.973, 5.11), .Dim = c(11L, 40L), .Dimnames = list(
    NULL, c("Sampling", "PSO.cost", "PSO.gamma", "PSO.data.balancing", 
    "PSO.feature.selection", "PSO.valid.acc", "PSO.test.acc", 
    "PSO.train.time", "PSO.n.support.vectors", "PSO.index", "PSO.n.solutions", 
    "PSO.generations", "PSO.n.evaluations", "PSO.cpu.time", "RS.cost", 
    "RS.gamma", "RS.data.balancing", "RS.feature.selection", 
    "RS.valid.acc", "RS.test.acc", "RS.train.time", "RS.n.support.vectors", 
    "RS.index", "RS.n.solutions", "RS.generations", "RS.n.evaluations", 
    "RS.cpu.time", "DF.cost", "DF.gamma", "DF.data.balancing", 
    "DF.feature.selection", "DF.valid.acc", "DF.test.acc", "DF.train.time", 
    "DF.n.support.vectors", "DF.index", "DF.n.solutions", "DF.generations", 
    "DF.n.evaluations", "DF.cpu.time")))
