full <-
structure(c(50, 55, 60, 65, 70, 75, 80, 85, 90, 95, 100, 8.01082, 
8.82052, 4.74179, 2.60412, 1.93968, 2.89695, 1.17044, 1.82979, 
2.09228, 5.97194, 5.61964, -7.00911, -9.70232, -11.88746, -9.82193, 
-7.84265, -11.55045, -7.44431, -8.586, -9.53034, -7.83951, -13.3585, 
0, 0, 0, 0, 0, 0, 0, 0, 0, 0, 0, 0, 0, 0, 0, 0, 0, 0, 0, 0, 0, 
0, 0.87857, 0.8994, 0.85813, 0.85813, 0.86917, 0.87083, 0.87889, 
0.87773, 0.89061, 0.89761, 0.88269, 0.84524, 0.88036, 0.79306, 
0.80813, 0.84917, 0.82722, 0.85889, 0.83121, 0.79939, 0.8711, 
0.87372, 0.158, 0.155, 0.1542, 0.1648, 0.1595, 0.1599, 0.1676, 
0.1664, 0.1682, 0.1766, 0.1621, 47, 35.4, 37.4, 42.4, 54.4, 49.4, 
64.5, 58.6, 57, 68.3, 55.7, 26, 7, 815, 275, 129, 730, 371, 1087, 
873, 14, 104, 1481, 1535, 40, 146, 508, 80, 601, 87, 231, 1111, 
540, 100, 100, 100, 100, 100, 100, 100, 100, 100, 100, 100, 2500, 
2500, 2500, 2500, 2500, 2500, 2500, 2500, 2500, 2500, 2500, 13488.064, 
13560.319, 13450.841, 13154.461, 13200.382, 13298.492, 13564.86, 
13386.253, 13423.308, 13395.311, 12864.305, 4.2973, 5.19112, 
1.71682, 2.59566, 1.86631, 3.16032, 1.08595, 2.10213, 2.46894, 
6.19094, 5.4865, -6.82976, -9.50464, -9.64428, -9.80052, -7.81778, 
-11.71357, -7.43432, -9.04534, -9.82155, -7.97202, -12.994, 0, 
0, 0, 0, 0, 0, 0, 0, 0, 0, 0, 0, 0, 0, 0, 0, 0, 0, 0, 0, 0, 0, 
0.87857, 0.8994, 0.85675, 0.85813, 0.86917, 0.87083, 0.87889, 
0.87773, 0.89061, 0.89761, 0.88269, 0.84524, 0.88274, 0.84425, 
0.80813, 0.83917, 0.82972, 0.87889, 0.83955, 0.81848, 0.8711, 
0.87372, 0.1498, 0.1572, 0.1643, 0.1524, 0.1598, 0.1596, 0.1664, 
0.1653, 0.1675, 0.1755, 0.1635, 48.2, 36.4, 41.2, 42.5, 54.8, 
48.9, 64.8, 55.9, 55.8, 66.5, 54.1, 47, 56, 1903, 162, 651, 1451, 
962, 256, 980, 275, 18, 41, 93, 2, 2, 1, 3, 1, 2, 3, 16, 23, 
100, 100, 100, 100, 100, 100, 100, 100, 100, 100, 100, 2500, 
2500, 2500, 2500, 2500, 2500, 2500, 2500, 2500, 2500, 2500, 13575.697, 
13600.665, 13342.217, 13205.63, 13199.96, 13499.811, 13484.361, 
13479.157, 13547.022, 13391.145, 12999.083, 1, 1, 1, 1, 1, 1, 
1, 1, 1, 1, 1, 0.00326, 0.00326, 0.00326, 0.00326, 0.00326, 0.00326, 
0.00326, 0.00326, 0.00326, 0.00326, 0.00326, 0, 0, 0, 0, 0, 0, 
0, 0, 0, 0, 0, 0, 0, 0, 0, 0, 0, 0, 0, 0, 0, 0, 0.77619, 0.82738, 
0.85496, 0.79663, 0.81861, 0.81389, 0.79889, 0.82697, 0.82818, 
0.81958, 0.85064, 0.8119, 0.82738, 0.84246, 0.81091, 0.82833, 
0.80611, 0.80889, 0.83955, 0.81, 0.837, 0.85769, 0.1524, 0.1597, 
0.1676, 0.1552, 0.1567, 0.1643, 0.1635, 0.1678, 0.1733, 0.1668, 
0.1785, 41.8, 43.9, 47.6, 51.5, 52.8, 58.1, 60.1, 64.5, 67.4, 
69.6, 75.1, 1, 1, 1, 1, 1, 1, 1, 1, 1, 1, 1, 1, 1, 1, 1, 1, 1, 
1, 1, 1, 1, 1, 1, 1, 1, 1, 1, 1, 1, 1, 1, 1, 1, 1, 1, 1, 1, 1, 
1, 1, 1, 1, 1, 1, 5.437, 5.429, 5.6, 5.161, 5.216, 5.492, 5.268, 
5.309, 5.458, 5.065, 5.386), .Dim = c(11L, 40L), .Dimnames = list(
    NULL, c("Sampling", "PSO.cost", "PSO.gamma", "PSO.data.balancing", 
    "PSO.feature.selection", "PSO.valid.acc", "PSO.test.acc", 
    "PSO.train.time", "PSO.n.support.vectors", "PSO.index", "PSO.n.solutions", 
    "PSO.generations", "PSO.n.evaluations", "PSO.cpu.time", "RS.cost", 
    "RS.gamma", "RS.data.balancing", "RS.feature.selection", 
    "RS.valid.acc", "RS.test.acc", "RS.train.time", "RS.n.support.vectors", 
    "RS.index", "RS.n.solutions", "RS.generations", "RS.n.evaluations", 
    "RS.cpu.time", "DF.cost", "DF.gamma", "DF.data.balancing", 
    "DF.feature.selection", "DF.valid.acc", "DF.test.acc", "DF.train.time", 
    "DF.n.support.vectors", "DF.index", "DF.n.solutions", "DF.generations", 
    "DF.n.evaluations", "DF.cpu.time")))
