full <-
structure(c(50, 55, 60, 65, 70, 75, 80, 85, 90, 95, 100, 4.44039, 
1.58548, 0.71427, 1.35646, 1.87349, 2.64145, 5.50932, 2.98406, 
1.41009, 5.44748, 3.79979, -13.33055, -9.03604, -9.72637, -10.10847, 
-11.48765, -10.58619, -12.16675, -12.23221, -6.58082, -13.8273, 
-12.02717, 0, 0, 0, 0, 0, 0, 0, 0, 0, 0, 0, 0, 0, 0, 0, 0, 0, 
0, 0, 0, 0, 0, 0.88571, 0.88869, 0.85, 0.86905, 0.86944, 0.89111, 
0.89051, 0.87909, 0.8947, 0.89015, 0.87436, 0.82143, 0.8744, 
0.86429, 0.81369, 0.8125, 0.86889, 0.87141, 0.84, 0.86818, 0.84697, 
0.86603, 0.1487, 0.154, 0.1607, 0.1595, 0.1609, 0.1644, 0.169, 
0.1734, 0.1866, 0.1734, 0.1764, 36.2, 39.5, 46, 46.2, 49.4, 47.2, 
45.6, 57.5, 82.4, 56.6, 61.6, 66, 108, 2152, 18, 292, 509, 732, 
324, 889, 1692, 1291, 86, 1038, 1, 451, 112, 103, 43, 205, 219, 
11, 11, 100, 100, 100, 100, 100, 100, 100, 100, 100, 100, 100, 
2500, 2500, 2500, 2500, 2500, 2500, 2500, 2500, 2500, 2500, 2500, 
12787.14, 12862.62, 12786.483, 12804.358, 12805.201, 13085.315, 
12881.389, 12951.407, 13327.779, 13093.628, 15543.577, 5.96118, 
1.75316, -0.25985, 1.23666, 2.34414, 3.36341, 5.5928, 5.54106, 
1.28569, 5.02471, 0.86675, -14.90934, -8.9356, -8.15058, -10.17948, 
-12.00919, -9.72196, -11.96083, -14.79119, -6.66377, -13.31182, 
-7.04776, 0, 0, 0, 0, 0, 0, 0, 0, 0, 0, 0, 0, 0, 0, 0, 0, 0, 
0, 0, 0, 0, 0, 0.88571, 0.88869, 0.85, 0.86905, 0.86944, 0.89111, 
0.88141, 0.87909, 0.8947, 0.88182, 0.88141, 0.80714, 0.84583, 
0.85179, 0.81369, 0.8125, 0.87111, 0.88051, 0.85, 0.86818, 0.84697, 
0.85897, 0.1457, 0.1521, 0.156, 0.1627, 0.1655, 0.1605, 0.1669, 
0.172, 0.1868, 0.1734, 0.191, 36.3, 39, 50.6, 46.4, 48.8, 44.4, 
44.6, 56, 81.7, 56.7, 84, 2249, 317, 763, 137, 560, 823, 6, 241, 
1212, 87, 1520, 1, 9, 1, 11, 6, 3, 15, 5, 1, 5, 2, 100, 100, 
100, 100, 100, 100, 100, 100, 100, 100, 100, 2500, 2500, 2500, 
2500, 2500, 2500, 2500, 2500, 2500, 2500, 2500, 12790.502, 12790.966, 
12811.357, 12878.569, 12997.864, 12883.543, 13045.047, 13085.409, 
13262.792, 12446.776, 15795.475, 1, 1, 1, 1, 1, 1, 1, 1, 1, 1, 
1, 0.00326, 0.00326, 0.00326, 0.00326, 0.00326, 0.00326, 0.00326, 
0.00326, 0.00326, 0.00326, 0.00326, 0, 0, 0, 0, 0, 0, 0, 0, 0, 
0, 0, 0, 0, 0, 0, 0, 0, 0, 0, 0, 0, 0, 0.8381, 0.86012, 0.8375, 
0.84226, 0.83611, 0.87111, 0.84121, 0.84, 0.82924, 0.82197, 0.84359, 
0.80476, 0.88869, 0.85179, 0.82798, 0.8125, 0.87111, 0.8603, 
0.83091, 0.84742, 0.82121, 0.84295, 0.1514, 0.1595, 0.1543, 0.1597, 
0.1607, 0.1685, 0.1661, 0.1691, 0.1749, 0.167, 0.1977, 42.9, 
45.8, 49.9, 51, 52, 56.7, 60.7, 63.9, 67.8, 70.7, 75.4, 1, 1, 
1, 1, 1, 1, 1, 1, 1, 1, 1, 1, 1, 1, 1, 1, 1, 1, 1, 1, 1, 1, 1, 
1, 1, 1, 1, 1, 1, 1, 1, 1, 1, 1, 1, 1, 1, 1, 1, 1, 1, 1, 1, 1, 
5.126, 5.21, 5.086, 5.162, 5.12, 5.211, 5.294, 5.15, 5.272, 4.842, 
6.333), .Dim = c(11L, 40L), .Dimnames = list(NULL, c("Sampling", 
"PSO.cost", "PSO.gamma", "PSO.data.balancing", "PSO.feature.selection", 
"PSO.valid.acc", "PSO.test.acc", "PSO.train.time", "PSO.n.support.vectors", 
"PSO.index", "PSO.n.solutions", "PSO.generations", "PSO.n.evaluations", 
"PSO.cpu.time", "RS.cost", "RS.gamma", "RS.data.balancing", "RS.feature.selection", 
"RS.valid.acc", "RS.test.acc", "RS.train.time", "RS.n.support.vectors", 
"RS.index", "RS.n.solutions", "RS.generations", "RS.n.evaluations", 
"RS.cpu.time", "DF.cost", "DF.gamma", "DF.data.balancing", "DF.feature.selection", 
"DF.valid.acc", "DF.test.acc", "DF.train.time", "DF.n.support.vectors", 
"DF.index", "DF.n.solutions", "DF.generations", "DF.n.evaluations", 
"DF.cpu.time")))
