full <-
structure(c(50, 55, 60, 65, 70, 75, 80, 85, 90, 95, 100, 5.81514, 
4.88245, 2.20887, 6.94481, 3.73596, 3.44351, 4.10572, 2.23741, 
6.55298, 11.17928, 1.59502, -10.28252, -10.68852, -9.30672, -14.7804, 
-10.95575, -10.73913, -7.89624, -9.91029, -15, -7.31155, -9.88774, 
0, 0, 0, 0, 0, 0, 0, 0, 0, 0, 0, 0, 0, 0, 0, 0, 0, 0, 0, 0, 0, 
0, 0.90381, 0.91369, 0.88929, 0.85952, 0.86528, 0.86, 0.87737, 
0.88727, 0.87545, 0.89682, 0.88956, 0.83714, 0.89762, 0.85456, 
0.84841, 0.86528, 0.83889, 0.84606, 0.85636, 0.8653, 0.88848, 
0.85687, 0.1351, 0.1335, 0.1373, 0.1521, 0.1493, 0.1615, 0.1681, 
0.1673, 0.169, 0.184, 0.1971, 32.6, 34.5, 46.4, 42.7, 44.6, 46.1, 
58.7, 53.4, 55.2, 76.1, 64.6, 15, 267, 454, 177, 244, 143, 132, 
154, 555, 43, 491, 1010, 66, 205, 210, 47, 133, 1082, 292, 84, 
1291, 333, 100, 100, 100, 100, 100, 100, 100, 100, 100, 100, 
100, 2500, 2500, 2500, 2500, 2500, 2500, 2500, 2500, 2500, 2500, 
2500, 11368.75, 11562.286, 11758.86, 11611.585, 11899.128, 12742.194, 
12925.515, 12902.333, 14696.26, 14922.829, 16333.908, 9.30956, 
5.11572, 12.21988, 6.79154, 3.57569, 3.392, 6.82325, 3.56949, 
2.95471, 3.943, 1.86147, -10.43452, -9.22439, -9.33014, -14.67965, 
-10.61021, -10.58243, -14.52261, -11.33402, -11.20542, -7.28255, 
-10.49846, 0, 0, 0, 0, 0, 0, 0, 0, 0, 0, 0, 0, 0, 0, 0, 0, 0, 
0, 0, 0, 0, 0, 0.90381, 0.9119, 0.88135, 0.85952, 0.86528, 0.86, 
0.87939, 0.88727, 0.87545, 0.89682, 0.88956, 0.83714, 0.91369, 
0.82738, 0.84841, 0.84167, 0.83889, 0.84606, 0.86636, 0.8553, 
0.88848, 0.85687, 0.1339, 0.1382, 0.1376, 0.1532, 0.1593, 0.1597, 
0.1635, 0.1678, 0.1677, 0.1824, 0.1985, 32.3, 38.9, 42.9, 42.9, 
44.7, 46.4, 46.2, 51, 56.1, 76.4, 65.1, 90, 40, 63, 628, 76, 
308, 198, 459, 366, 85, 89, 16, 50, 17, 1, 9, 7, 2, 5, 1, 27, 
2, 100, 100, 100, 100, 100, 100, 100, 100, 100, 100, 100, 2500, 
2500, 2500, 2500, 2500, 2500, 2500, 2500, 2500, 2500, 2500, 11555.725, 
11552.529, 11831.029, 11831.522, 12595.26, 12852.533, 12965.444, 
13433.523, 14888.795, 15754.004, 16526.303, 1, 1, 1, 1, 1, 1, 
1, 1, 1, 1, 1, 0.00326, 0.00326, 0.00326, 0.00326, 0.00326, 0.00326, 
0.00326, 0.00326, 0.00326, 0.00326, 0.00326, 0, 0, 0, 0, 0, 0, 
0, 0, 0, 0, 0, 0, 0, 0, 0, 0, 0, 0, 0, 0, 0, 0, 0.85381, 0.85595, 
0.8246, 0.7873, 0.81944, 0.78444, 0.79606, 0.81909, 0.82894, 
0.85424, 0.84918, 0.80619, 0.84345, 0.8121, 0.81091, 0.81944, 
0.79556, 0.80808, 0.82909, 0.84697, 0.82848, 0.8402, 0.1492, 
0.1451, 0.1407, 0.1424, 0.161, 0.1643, 0.1696, 0.1692, 0.1719, 
0.1977, 0.2004, 45, 49.3, 53.4, 55.7, 57.2, 60.5, 63.3, 65.5, 
68.2, 70.3, 74.6, 1, 1, 1, 1, 1, 1, 1, 1, 1, 1, 1, 1, 1, 1, 1, 
1, 1, 1, 1, 1, 1, 1, 1, 1, 1, 1, 1, 1, 1, 1, 1, 1, 1, 1, 1, 1, 
1, 1, 1, 1, 1, 1, 1, 1, 4.912, 4.689, 4.53, 4.504, 5.013, 5.103, 
5.133, 5.802, 5.817, 6.554, 6.541), .Dim = c(11L, 40L), .Dimnames = list(
    NULL, c("Sampling", "PSO.cost", "PSO.gamma", "PSO.data.balancing", 
    "PSO.feature.selection", "PSO.valid.acc", "PSO.test.acc", 
    "PSO.train.time", "PSO.n.support.vectors", "PSO.index", "PSO.n.solutions", 
    "PSO.generations", "PSO.n.evaluations", "PSO.cpu.time", "RS.cost", 
    "RS.gamma", "RS.data.balancing", "RS.feature.selection", 
    "RS.valid.acc", "RS.test.acc", "RS.train.time", "RS.n.support.vectors", 
    "RS.index", "RS.n.solutions", "RS.generations", "RS.n.evaluations", 
    "RS.cpu.time", "DF.cost", "DF.gamma", "DF.data.balancing", 
    "DF.feature.selection", "DF.valid.acc", "DF.test.acc", "DF.train.time", 
    "DF.n.support.vectors", "DF.index", "DF.n.solutions", "DF.generations", 
    "DF.n.evaluations", "DF.cpu.time")))
