full <-
structure(c(50, 55, 60, 65, 70, 75, 80, 85, 90, 95, 100, 1.4845, 
3.71637, 5.83712, 4.53181, 4.50772, 15, 4.52699, 4.10155, 2.01962, 
2.90219, 4.38082, -5.89415, -5.9798, -5.80289, -7.16128, -7.17367, 
-9.35772, -7.11912, -6.78836, -5.03841, -5.64888, -7.44606, 0, 
0, 0, 0, 0, 0, 0, 0, 0, 0, 0, 0, 0, 0, 0, 0, 0, 0, 0, 0, 0, 0, 
0.7708, 0.76034, 0.77864, 0.75096, 0.77083, 0.80174, 0.82121, 
0.84169, 0.84624, 0.86836, 0.85734, 0.74608, 0.76873, 0.78129, 
0.7284, 0.74694, 0.80201, 0.78616, 0.81256, 0.81851, 0.85836, 
0.85676, 0.0883, 0.0959, 0.1014, 0.1039, 0.1129, 0.1136, 0.1319, 
0.1401, 0.1684, 0.1721, 0.1588, 125.2, 135.7, 145.4, 150.2, 159.4, 
157.8, 175.2, 188.1, 214.7, 220.4, 209.4, 782, 621, 28, 444, 
806, 232, 288, 102, 1097, 321, 1010, 53, 154, 1141, 462, 175, 
847, 43, 361, 102, 350, 243, 100, 100, 100, 100, 100, 100, 100, 
100, 100, 100, 100, 2500, 2500, 2500, 2500, 2500, 2500, 2500, 
2500, 2500, 2500, 2500, 9169.263, 9101.622, 9155.65500000001, 
9529.979, 9818.757, 9874.44499999999, 10304.404, 10786.577, 11469.852, 
11768.259, 11098.823, 4.9632, 3.47116, 5.69519, 4.12362, 2.74141, 
7.86661, 4.1663, 2.92707, 8.91325, 4.12398, 4.86997, -8.85011, 
-5.92711, -5.77472, -6.77264, -6.61899, -9.33096, -7.0077, -5.98528, 
-5.04053, -5.48865, -7.46925, 0, 0, 0, 0, 0, 0, 0, 0, 0, 0, 0, 
0, 0, 0, 0, 0, 0, 0, 0, 0, 0, 0, 0.76611, 0.76034, 0.77864, 0.74619, 
0.77139, 0.80174, 0.8175, 0.83504, 0.84002, 0.86836, 0.85708, 
0.7481, 0.76317, 0.76978, 0.73801, 0.7514, 0.78942, 0.78956, 
0.80526, 0.82598, 0.84868, 0.86863, 0.0801, 0.0967, 0.1032, 0.1125, 
0.1154, 0.1201, 0.1259, 0.1488, 0.1673, 0.1763, 0.1591, 115.1, 
136.1, 145.7, 153, 163.6, 158.2, 175.7, 197, 214.3, 222.4, 207.9, 
821, 1519, 228, 2086, 2105, 657, 31, 1179, 397, 1659, 983, 2, 
1, 4, 1, 1, 5, 2, 1, 1, 1, 2, 100, 100, 100, 100, 100, 100, 100, 
100, 100, 100, 100, 2500, 2500, 2500, 2500, 2500, 2500, 2500, 
2500, 2500, 2500, 2500, 8851.588, 9115.276, 9682.35, 9718.736, 
9966.78, 10456.243, 10721.035, 11090.764, 11249.307, 11868.698, 
11844.165, 1, 1, 1, 1, 1, 1, 1, 1, 1, 1, 1, 0.01111, 0.01111, 
0.01111, 0.01111, 0.01111, 0.01111, 0.01111, 0.01111, 0.01111, 
0.01111, 0.01111, 0, 0, 0, 0, 0, 0, 0, 0, 0, 0, 0, 0, 0, 0, 0, 
0, 0, 0, 0, 0, 0, 0, 0.65537, 0.67218, 0.65651, 0.66489, 0.67559, 
0.68642, 0.74173, 0.72831, 0.74937, 0.78077, 0.77228, 0.66171, 
0.63796, 0.65943, 0.66542, 0.6676, 0.73278, 0.70836, 0.75782, 
0.76255, 0.75118, 0.76552, 0.0846, 0.095, 0.1026, 0.1111, 0.1166, 
0.1243, 0.1395, 0.1471, 0.1576, 0.1621, 0.1765, 129.5, 140.2, 
150.5, 162.7, 174, 185, 194.1, 206.3, 216.9, 230, 244, 1, 1, 
1, 1, 1, 1, 1, 1, 1, 1, 1, 1, 1, 1, 1, 1, 1, 1, 1, 1, 1, 1, 1, 
1, 1, 1, 1, 1, 1, 1, 1, 1, 1, 1, 1, 1, 1, 1, 1, 1, 1, 1, 1, 1, 
3.336, 3.67, 3.96, 3.816, 3.916, 4.082, 4.397, 4.329, 4.504, 
4.626, 4.499), .Dim = c(11L, 40L), .Dimnames = list(NULL, c("Sampling", 
"PSO.cost", "PSO.gamma", "PSO.data.balancing", "PSO.feature.selection", 
"PSO.valid.acc", "PSO.test.acc", "PSO.train.time", "PSO.n.support.vectors", 
"PSO.index", "PSO.n.solutions", "PSO.generations", "PSO.n.evaluations", 
"PSO.cpu.time", "RS.cost", "RS.gamma", "RS.data.balancing", "RS.feature.selection", 
"RS.valid.acc", "RS.test.acc", "RS.train.time", "RS.n.support.vectors", 
"RS.index", "RS.n.solutions", "RS.generations", "RS.n.evaluations", 
"RS.cpu.time", "DF.cost", "DF.gamma", "DF.data.balancing", "DF.feature.selection", 
"DF.valid.acc", "DF.test.acc", "DF.train.time", "DF.n.support.vectors", 
"DF.index", "DF.n.solutions", "DF.generations", "DF.n.evaluations", 
"DF.cpu.time")))
