full <-
structure(c(50, 55, 60, 65, 70, 75, 80, 85, 90, 95, 100, 6.11272, 
9.83141, 5.25025, 4.46731, 3.03379, 6.41396, 4.53114, 3.4276, 
15, 7.57091, 2.455, -7.33288, -8.7988, -7.83649, -7.33594, -7.26015, 
-7.32899, -6.53854, -5.90017, -5.69064, -7.66641, -5.5883, 0, 
0, 0, 0, 0, 0, 0, 0, 0, 0, 0, 0, 0, 0, 0, 0, 0, 0, 0, 0, 0, 0, 
0.75568, 0.80918, 0.81832, 0.82465, 0.84228, 0.81695, 0.85705, 
0.84284, 0.85664, 0.84722, 0.8669, 0.74898, 0.75721, 0.81266, 
0.81375, 0.8124, 0.80929, 0.82624, 0.82512, 0.85306, 0.84255, 
0.86028, 0.087, 0.0907, 0.097, 0.1092, 0.1093, 0.119, 0.1348, 
0.1502, 0.1616, 0.1449, 0.1924, 123.6, 127.9, 140.7, 151.2, 161.2, 
166.9, 184.1, 200.8, 210.2, 197.3, 234.6, 363, 675, 230, 247, 
785, 424, 77, 499, 77, 345, 557, 573, 128, 175, 581, 126, 610, 
522, 379, 1165, 726, 389, 100, 100, 100, 100, 100, 100, 100, 
100, 100, 100, 100, 2500, 2500, 2500, 2500, 2500, 2500, 2500, 
2500, 2500, 2500, 2500, 9139.199, 9343.211, 9559.119, 9740.65399999999, 
9727.102, 10157.471, 10547.904, 11004.917, 11171.9, 10840.393, 
12051.878, 11.15642, 13.01686, 5.09307, 4.08313, 3.11562, 5.26506, 
3.08997, 4.48292, 2.80837, 7.7975, 2.08109, -6.57279, -8.79346, 
-7.85713, -7.13051, -7.40257, -7.39894, -6.34293, -5.90968, -5.89402, 
-7.8947, -5.28387, 0, 0, 0, 0, 0, 0, 0, 0, 0, 0, 0, 0, 0, 0, 
0, 0, 0, 0, 0, 0, 0, 0, 0.7549, 0.80391, 0.81832, 0.82031, 0.83395, 
0.81311, 0.85705, 0.83926, 0.85974, 0.84722, 0.86405, 0.74861, 
0.75721, 0.80812, 0.82318, 0.80406, 0.81346, 0.8375, 0.81798, 
0.85257, 0.84255, 0.86358, 0.0894, 0.0914, 0.0977, 0.106, 0.1142, 
0.1179, 0.1356, 0.1515, 0.1607, 0.144, 0.1921, 126, 127.9, 141, 
152.7, 161, 168, 187.2, 200.1, 208.5, 194.4, 236.6, 147, 969, 
532, 1111, 2318, 1729, 1186, 179, 339, 35, 130, 4, 1, 1, 2, 2, 
2, 2, 5, 1, 1, 1, 100, 100, 100, 100, 100, 100, 100, 100, 100, 
100, 100, 2500, 2500, 2500, 2500, 2500, 2500, 2500, 2500, 2500, 
2500, 2500, 9206.536, 9418.565, 9589.861, 9752.91800000001, 10104.496, 
10479.676, 10712.672, 10884.383, 11159.065, 11567.415, 12003.33, 
1, 1, 1, 1, 1, 1, 1, 1, 1, 1, 1, 0.01111, 0.01111, 0.01111, 0.01111, 
0.01111, 0.01111, 0.01111, 0.01111, 0.01111, 0.01111, 0.01111, 
0, 0, 0, 0, 0, 0, 0, 0, 0, 0, 0, 0, 0, 0, 0, 0, 0, 0, 0, 0, 0, 
0, 0.6308, 0.64257, 0.67625, 0.71971, 0.72803, 0.74159, 0.75366, 
0.76032, 0.79485, 0.75759, 0.74933, 0.63028, 0.67685, 0.6859, 
0.67081, 0.72688, 0.76807, 0.73797, 0.75668, 0.79441, 0.7815, 
0.77637, 0.0895, 0.0966, 0.1078, 0.1138, 0.1195, 0.1289, 0.1393, 
0.1482, 0.1529, 0.1666, 0.1684, 128.9, 141.7, 153.3, 166.1, 177.3, 
188.2, 200.7, 212.8, 221.6, 231.3, 244.9, 1, 1, 1, 1, 1, 1, 1, 
1, 1, 1, 1, 1, 1, 1, 1, 1, 1, 1, 1, 1, 1, 1, 1, 1, 1, 1, 1, 1, 
1, 1, 1, 1, 1, 1, 1, 1, 1, 1, 1, 1, 1, 1, 1, 1, 3.587, 3.76, 
3.887, 3.954, 4.112, 4.178, 4.311, 4.353, 4.418, 4.622, 4.661
), .Dim = c(11L, 40L), .Dimnames = list(NULL, c("Sampling", "PSO.cost", 
"PSO.gamma", "PSO.data.balancing", "PSO.feature.selection", "PSO.valid.acc", 
"PSO.test.acc", "PSO.train.time", "PSO.n.support.vectors", "PSO.index", 
"PSO.n.solutions", "PSO.generations", "PSO.n.evaluations", "PSO.cpu.time", 
"RS.cost", "RS.gamma", "RS.data.balancing", "RS.feature.selection", 
"RS.valid.acc", "RS.test.acc", "RS.train.time", "RS.n.support.vectors", 
"RS.index", "RS.n.solutions", "RS.generations", "RS.n.evaluations", 
"RS.cpu.time", "DF.cost", "DF.gamma", "DF.data.balancing", "DF.feature.selection", 
"DF.valid.acc", "DF.test.acc", "DF.train.time", "DF.n.support.vectors", 
"DF.index", "DF.n.solutions", "DF.generations", "DF.n.evaluations", 
"DF.cpu.time")))
