full <-
structure(c(50, 55, 60, 65, 70, 75, 80, 85, 90, 95, 100, 9.92047, 
9.31002, 3.17129, 7.6647, 10.00628, 3.03914, 8.47919, 5.93916, 
2.05996, 8.76406, 2.71978, -6.69047, -8.06552, -5.47638, -9.49463, 
-9.38072, -5.89158, -6.63251, -6.09629, -5.80489, -9.07295, -5.92764, 
0, 0, 0, 0, 0, 0, 0, 0, 0, 0, 0, 0, 0, 0, 0, 0, 0, 0, 0, 0, 0, 
0, 0.7974, 0.7697, 0.79848, 0.81881, 0.83015, 0.81919, 0.82106, 
0.85279, 0.83684, 0.83428, 0.8549, 0.79798, 0.76289, 0.75452, 
0.7992, 0.81739, 0.821, 0.80203, 0.83013, 0.82316, 0.82874, 0.84856, 
0.0902, 0.092, 0.1069, 0.1061, 0.1216, 0.1471, 0.1482, 0.1629, 
0.1727, 0.1588, 0.195, 122.1, 129.9, 147.3, 141.3, 152.2, 179.6, 
182.6, 196.4, 212.1, 190.8, 228.5, 95, 113, 479, 1036, 1370, 
2079, 221, 50, 1023, 368, 2, 468, 1022, 507, 155, 101, 2, 605, 
762, 71, 774, 667, 100, 100, 100, 100, 100, 100, 100, 100, 100, 
100, 100, 2500, 2500, 2500, 2500, 2500, 2500, 2500, 2500, 2500, 
2500, 2500, 9809.156, 10020.45, 10291.237, 10323.735, 14680.642, 
15210.715, 16226.005, 16850.765, 16423.434, 15767.385, 16237.748, 
13.7526, 13.25199, 9.74011, 7.52833, 10.03292, 2.42241, 5.9307, 
5.8428, 2.08548, 8.43195, 4.82929, -6.6459, -8.08432, -9.01258, 
-9.31169, -9.38902, -5.56149, -6.60032, -6.13335, -5.65242, -8.99563, 
-5.34502, 0, 0, 0, 0, 0, 0, 0, 0, 0, 0, 0, 0, 0, 0, 0, 0, 0, 
0, 0, 0, 0, 0, 0.79214, 0.7697, 0.79499, 0.81427, 0.83015, 0.81567, 
0.82066, 0.85279, 0.8366, 0.83428, 0.85196, 0.7921, 0.76289, 
0.77435, 0.80375, 0.81739, 0.81648, 0.8056, 0.83013, 0.82994, 
0.82541, 0.84608, 0.092, 0.0951, 0.0976, 0.1124, 0.1203, 0.1476, 
0.1488, 0.1548, 0.1742, 0.1574, 0.2017, 122.1, 130.1, 135.6, 
141.1, 152.2, 181.7, 182.6, 196, 213.7, 190.7, 234.9, 34, 1378, 
354, 2242, 74, 487, 805, 868, 2021, 43, 2334, 36, 4, 3, 1, 1, 
1, 4, 2, 1, 3, 2, 100, 100, 100, 100, 100, 100, 100, 100, 100, 
100, 100, 2500, 2500, 2500, 2500, 2500, 2500, 2500, 2500, 2500, 
2500, 2500, 9801.778, 10041, 10358.761, 12718.475, 15493.825, 
15540.085, 15892.328, 16458.518, 16601.786, 16342.412, 16274.309, 
1, 1, 1, 1, 1, 1, 1, 1, 1, 1, 1, 0.01111, 0.01111, 0.01111, 0.01111, 
0.01111, 0.01111, 0.01111, 0.01111, 0.01111, 0.01111, 0.01111, 
0, 0, 0, 0, 0, 0, 0, 0, 0, 0, 0, 0, 0, 0, 0, 0, 0, 0, 0, 0, 0, 
0, 0.7059, 0.7039, 0.72406, 0.70281, 0.72111, 0.72644, 0.75254, 
0.76115, 0.75863, 0.77671, 0.7641, 0.68463, 0.7086, 0.70993, 
0.69563, 0.72182, 0.72604, 0.75956, 0.75724, 0.77454, 0.77388, 
0.77926, 0.0924, 0.102, 0.1096, 0.12, 0.1317, 0.1406, 0.1524, 
0.1531, 0.1694, 0.176, 0.1885, 128.8, 139.3, 151.6, 163.5, 175, 
187, 199.7, 208.7, 220.6, 232.1, 244.8, 1, 1, 1, 1, 1, 1, 1, 
1, 1, 1, 1, 1, 1, 1, 1, 1, 1, 1, 1, 1, 1, 1, 1, 1, 1, 1, 1, 1, 
1, 1, 1, 1, 1, 1, 1, 1, 1, 1, 1, 1, 1, 1, 1, 1, 3.934, 3.963, 
4.198, 5.472, 6.218, 5.896, 6.391, 6.521, 6.526, 6.405, 6.27), .Dim = c(11L, 
40L), .Dimnames = list(NULL, c("Sampling", "PSO.cost", "PSO.gamma", 
"PSO.data.balancing", "PSO.feature.selection", "PSO.valid.acc", 
"PSO.test.acc", "PSO.train.time", "PSO.n.support.vectors", "PSO.index", 
"PSO.n.solutions", "PSO.generations", "PSO.n.evaluations", "PSO.cpu.time", 
"RS.cost", "RS.gamma", "RS.data.balancing", "RS.feature.selection", 
"RS.valid.acc", "RS.test.acc", "RS.train.time", "RS.n.support.vectors", 
"RS.index", "RS.n.solutions", "RS.generations", "RS.n.evaluations", 
"RS.cpu.time", "DF.cost", "DF.gamma", "DF.data.balancing", "DF.feature.selection", 
"DF.valid.acc", "DF.test.acc", "DF.train.time", "DF.n.support.vectors", 
"DF.index", "DF.n.solutions", "DF.generations", "DF.n.evaluations", 
"DF.cpu.time")))
