full <-
structure(c(50, 55, 60, 65, 70, 75, 80, 85, 90, 95, 100, 6.97066, 
12.48659, 5.72821, 7.71482, 2.62451, 2.37107, 9.23117, 5.7372, 
12.05097, 3.06616, 7.32133, -6.32359, -10.77748, -8.43547, -9.66356, 
-5.87408, -6.04043, -5.59975, -6.29297, -7.03527, -6.12046, -6.98757, 
0, 0, 0, 0, 0, 0, 0, 0, 0, 0, 0, 0, 0, 0, 0, 0, 0, 0, 0, 0, 0, 
0, 0.80436, 0.79501, 0.81626, 0.82753, 0.82984, 0.84142, 0.87728, 
0.84797, 0.85096, 0.84806, 0.86945, 0.7812, 0.77685, 0.79906, 
0.83404, 0.82477, 0.8363, 0.84214, 0.83749, 0.85831, 0.84496, 
0.8486, 0.0914, 0.0907, 0.0996, 0.1044, 0.1253, 0.1317, 0.1464, 
0.1617, 0.1473, 0.1665, 0.1575, 125.4, 119.3, 136.9, 141.8, 171.6, 
180.9, 192.4, 193.5, 195.8, 218.3, 214, 91, 122, 614, 1963, 1633, 
1182, 188, 39, 5, 112, 264, 1212, 1376, 245, 9, 55, 124, 1087, 
598, 1318, 312, 893, 100, 100, 100, 100, 100, 100, 100, 100, 
100, 100, 100, 2500, 2500, 2500, 2500, 2500, 2500, 2500, 2500, 
2500, 2500, 2500, 9090.946, 9221.319, 9395.627, 9720.72199999999, 
10093.479, 10291.088, 10602.333, 13019.581, 10715.758, 10897.412, 
10601.726, 13.97973, 14.2708, 5.9678, 6.46728, 8.20026, 2.27993, 
9.13574, 6.16173, 9.0029, 2.69631, 7.14658, -6.30733, -10.82358, 
-8.62906, -9.38948, -5.89268, -6.08041, -5.63722, -6.34445, -7.07619, 
-5.86502, -7.12772, 0, 0, 0, 0, 0, 0, 0, 0, 0, 0, 0, 0, 0, 0, 
0, 0, 0, 0, 0, 0, 0, 0, 0.80436, 0.79501, 0.81626, 0.82397, 0.826, 
0.83642, 0.87728, 0.84797, 0.85096, 0.84474, 0.86945, 0.78646, 
0.78211, 0.80461, 0.82902, 0.83074, 0.8363, 0.84214, 0.83749, 
0.85831, 0.85112, 0.84557, 0.0923, 0.0922, 0.1004, 0.1037, 0.1237, 
0.1327, 0.148, 0.1461, 0.1451, 0.1702, 0.1578, 125.6, 119.3, 
136.2, 143.6, 171.4, 181.1, 192, 193.4, 195.5, 220.1, 212.3, 
316, 255, 1393, 350, 179, 70, 29, 1254, 589, 1091, 768, 7, 13, 
3, 1, 7, 1, 3, 2, 17, 3, 1, 100, 100, 100, 100, 100, 100, 100, 
100, 100, 100, 100, 2500, 2500, 2500, 2500, 2500, 2500, 2500, 
2500, 2500, 2500, 2500, 9134.438, 9626.294, 9619.181, 9853.06200000001, 
10116.727, 10218.909, 10941.324, 11006.4, 11140.726, 10883.848, 
11253.253, 1, 1, 1, 1, 1, 1, 1, 1, 1, 1, 1, 0.01111, 0.01111, 
0.01111, 0.01111, 0.01111, 0.01111, 0.01111, 0.01111, 0.01111, 
0.01111, 0.01111, 0, 0, 0, 0, 0, 0, 0, 0, 0, 0, 0, 0, 0, 0, 0, 
0, 0, 0, 0, 0, 0, 0, 0.69328, 0.68157, 0.73991, 0.73324, 0.70845, 
0.76091, 0.75438, 0.76127, 0.75762, 0.74014, 0.78422, 0.70134, 
0.67276, 0.7458, 0.75239, 0.71666, 0.71684, 0.76744, 0.75398, 
0.75034, 0.75409, 0.77962, 0.0908, 0.0996, 0.1073, 0.1159, 0.1197, 
0.1301, 0.1536, 0.1475, 0.1548, 0.1643, 0.1733, 129.4, 140.1, 
153.3, 164, 175.5, 188, 198.7, 209.4, 220, 232.2, 244.9, 1, 1, 
1, 1, 1, 1, 1, 1, 1, 1, 1, 1, 1, 1, 1, 1, 1, 1, 1, 1, 1, 1, 1, 
1, 1, 1, 1, 1, 1, 1, 1, 1, 1, 1, 1, 1, 1, 1, 1, 1, 1, 1, 1, 1, 
3.603, 3.766, 3.838, 3.96, 3.99, 4.089, 5.502, 4.276, 4.361, 
4.419, 4.359), .Dim = c(11L, 40L), .Dimnames = list(NULL, c("Sampling", 
"PSO.cost", "PSO.gamma", "PSO.data.balancing", "PSO.feature.selection", 
"PSO.valid.acc", "PSO.test.acc", "PSO.train.time", "PSO.n.support.vectors", 
"PSO.index", "PSO.n.solutions", "PSO.generations", "PSO.n.evaluations", 
"PSO.cpu.time", "RS.cost", "RS.gamma", "RS.data.balancing", "RS.feature.selection", 
"RS.valid.acc", "RS.test.acc", "RS.train.time", "RS.n.support.vectors", 
"RS.index", "RS.n.solutions", "RS.generations", "RS.n.evaluations", 
"RS.cpu.time", "DF.cost", "DF.gamma", "DF.data.balancing", "DF.feature.selection", 
"DF.valid.acc", "DF.test.acc", "DF.train.time", "DF.n.support.vectors", 
"DF.index", "DF.n.solutions", "DF.generations", "DF.n.evaluations", 
"DF.cpu.time")))
