full <-
structure(c(50, 55, 60, 65, 70, 75, 80, 85, 90, 95, 100, 12.01842, 
4.97422, 2.61047, 7.70011, 3.56044, 2.79043, 8.41795, 6.7949, 
6.60954, 2.55195, 4.17765, -5.99414, -7.56125, -5.34395, -8.20558, 
-6.08271, -6.04556, -9.20342, -8.33196, -7.22542, -5.48383, -6.67267, 
0, 0, 0, 0, 0, 0, 0, 0, 0, 0, 0, 0, 0, 0, 0, 0, 0, 0, 0, 0, 0, 
0, 0.81554, 0.74887, 0.77417, 0.8008, 0.81358, 0.81331, 0.82451, 
0.83456, 0.85411, 0.87707, 0.88379, 0.78669, 0.72746, 0.74156, 
0.7943, 0.81342, 0.80862, 0.8014, 0.80123, 0.84708, 0.86768, 
0.86851, 0.0905, 0.0913, 0.1048, 0.1044, 0.1157, 0.1255, 0.1248, 
0.1291, 0.146, 0.1845, 0.1778, 122.5, 126.4, 147.7, 141.9, 165.5, 
176.2, 165.2, 176.7, 195.3, 224.5, 216.9, 96, 1033, 1078, 77, 
641, 1822, 1150, 603, 214, 408, 490, 1328, 88, 177, 1407, 49, 
47, 210, 51, 413, 457, 322, 100, 100, 100, 100, 100, 100, 100, 
100, 100, 100, 100, 2500, 2500, 2500, 2500, 2500, 2500, 2500, 
2500, 2500, 2500, 2500, 9324.283, 9261.282, 9566.927, 9354.13800000001, 
9752.371, 9754.08500000001, 10101.344, 10569.647, 11345.122, 
12602.668, 12469.908, 9.51319, 3.02363, 2.75252, 9.3121, 4.33974, 
3.92516, 9.22793, 3.35793, 12.24055, 3.25077, 5.15922, -6.08298, 
-6.38369, -5.49396, -8.36296, -6.05036, -6.43278, -9.31347, -6.4637, 
-7.20804, -5.86485, -6.79329, 0, 0, 0, 0, 0, 0, 0, 0, 0, 0, 0, 
0, 0, 0, 0, 0, 0, 0, 0, 0, 0, 0, 0.81554, 0.74449, 0.77338, 0.8008, 
0.80923, 0.80914, 0.82081, 0.82716, 0.85099, 0.86769, 0.88085, 
0.78669, 0.72802, 0.74683, 0.7943, 0.81797, 0.81159, 0.80557, 
0.82061, 0.83994, 0.86768, 0.86576, 0.0897, 0.0975, 0.107, 0.1076, 
0.1166, 0.127, 0.1247, 0.1453, 0.1457, 0.1767, 0.1754, 121.9, 
132, 147.7, 142.1, 166, 170.7, 164.6, 192.9, 195, 220.3, 215.7, 
248, 747, 207, 259, 652, 734, 230, 612, 1427, 439, 2366, 11, 
2, 1, 18, 2, 2, 1, 1, 3, 2, 1, 100, 100, 100, 100, 100, 100, 
100, 100, 100, 100, 100, 2500, 2500, 2500, 2500, 2500, 2500, 
2500, 2500, 2500, 2500, 2500, 9419.419, 9386.779, 9347.606, 9535.98699999999, 
9739.18000000001, 10163.003, 10512.594, 10922.475, 11960.674, 
12446.201, 13210.857, 1, 1, 1, 1, 1, 1, 1, 1, 1, 1, 1, 0.01111, 
0.01111, 0.01111, 0.01111, 0.01111, 0.01111, 0.01111, 0.01111, 
0.01111, 0.01111, 0.01111, 0, 0, 0, 0, 0, 0, 0, 0, 0, 0, 0, 0, 
0, 0, 0, 0, 0, 0, 0, 0, 0, 0, 0.6199, 0.60676, 0.64461, 0.67888, 
0.68533, 0.6982, 0.71636, 0.73522, 0.72906, 0.75185, 0.78349, 
0.62255, 0.61846, 0.60363, 0.69244, 0.71091, 0.69887, 0.69413, 
0.72661, 0.73527, 0.76822, 0.80517, 0.0875, 0.0932, 0.1053, 0.1089, 
0.115, 0.1293, 0.1297, 0.1496, 0.1579, 0.1663, 0.1817, 126.2, 
137.3, 149.2, 160, 171.1, 183.6, 195.6, 207.9, 219.3, 230.4, 
244, 1, 1, 1, 1, 1, 1, 1, 1, 1, 1, 1, 1, 1, 1, 1, 1, 1, 1, 1, 
1, 1, 1, 1, 1, 1, 1, 1, 1, 1, 1, 1, 1, 1, 1, 1, 1, 1, 1, 1, 1, 
1, 1, 1, 1, 3.705, 3.618, 3.696, 3.628, 3.891, 4.044, 4.01, 4.319, 
4.728, 5.002, 5.193), .Dim = c(11L, 40L), .Dimnames = list(NULL, 
    c("Sampling", "PSO.cost", "PSO.gamma", "PSO.data.balancing", 
    "PSO.feature.selection", "PSO.valid.acc", "PSO.test.acc", 
    "PSO.train.time", "PSO.n.support.vectors", "PSO.index", "PSO.n.solutions", 
    "PSO.generations", "PSO.n.evaluations", "PSO.cpu.time", "RS.cost", 
    "RS.gamma", "RS.data.balancing", "RS.feature.selection", 
    "RS.valid.acc", "RS.test.acc", "RS.train.time", "RS.n.support.vectors", 
    "RS.index", "RS.n.solutions", "RS.generations", "RS.n.evaluations", 
    "RS.cpu.time", "DF.cost", "DF.gamma", "DF.data.balancing", 
    "DF.feature.selection", "DF.valid.acc", "DF.test.acc", "DF.train.time", 
    "DF.n.support.vectors", "DF.index", "DF.n.solutions", "DF.generations", 
    "DF.n.evaluations", "DF.cpu.time")))
