full <-
structure(c(50, 55, 60, 65, 70, 75, 80, 85, 90, 95, 100, 1.97388, 
2.72045, 2.73065, 1.9833, 2.91611, 1.79268, 12.36381, 11.03155, 
2.39, 2.53386, 2.75503, -6.03106, -6.73747, -6.43854, -5.74594, 
-5.98871, -5.55797, -4.53055, -5.58187, -5.40057, -5.95026, -5.24242, 
0, 0, 0, 0, 0, 0, 0, 0, 0, 0, 0, 0, 0, 0, 0, 0, 0, 0, 0, 0, 0, 
0, 0.8102, 0.78393, 0.79475, 0.83465, 0.82297, 0.84086, 0.82684, 
0.8485, 0.84822, 0.85376, 0.85561, 0.79761, 0.78384, 0.76653, 
0.81114, 0.79539, 0.82079, 0.81544, 0.83395, 0.83758, 0.8302, 
0.84007, 0.0873, 0.0924, 0.1068, 0.1093, 0.1174, 0.1365, 0.1535, 
0.1578, 0.1691, 0.1679, 0.1971, 126.8, 134.3, 145.9, 157.8, 165.5, 
177.3, 197, 200.4, 211.5, 216, 237.7, 351, 199, 932, 878, 723, 
561, 503, 10, 944, 513, 831, 139, 168, 19, 151, 251, 389, 172, 
989, 132, 293, 113, 100, 100, 100, 100, 100, 100, 100, 100, 100, 
100, 100, 2500, 2500, 2500, 2500, 2500, 2500, 2500, 2500, 2500, 
2500, 2500, 9175.839, 9059.764, 9368.178, 9778.651, 10057.898, 
10496.385, 10996.217, 11079.414, 11461.199, 11476.676, 12215.411, 
2.08016, 0.50994, 3.79212, 2.23476, 2.7525, 1.88234, 4.56163, 
8.23692, 6.24048, 2.59937, 3.0977, -6.11515, -5.68067, -6.92843, 
-5.85392, -5.99734, -5.59979, -4.53324, -5.56388, -5.34031, -5.94867, 
-5.64678, 0, 0, 0, 0, 0, 0, 0, 0, 0, 0, 0, 0, 0, 0, 0, 0, 0, 
0, 0, 0, 0, 0, 0.8102, 0.78393, 0.78966, 0.83465, 0.81862, 0.84086, 
0.82684, 0.8485, 0.84476, 0.85376, 0.85311, 0.79761, 0.76014, 
0.75754, 0.81114, 0.79104, 0.82079, 0.81544, 0.83395, 0.8414, 
0.8302, 0.84021, 0.0937, 0.1011, 0.0992, 0.1134, 0.1242, 0.1334, 
0.1414, 0.1532, 0.171, 0.167, 0.1915, 126.7, 140.2, 143.6, 157.3, 
165.6, 176.8, 197, 200.6, 212.3, 216, 234.2, 2163, 125, 1675, 
1285, 841, 2039, 108, 288, 53, 1053, 1733, 1, 4, 1, 1, 1, 1, 
1, 9, 18, 2, 1, 100, 100, 100, 100, 100, 100, 100, 100, 100, 
100, 100, 2500, 2500, 2500, 2500, 2500, 2500, 2500, 2500, 2500, 
2500, 2500, 8841.677, 9313.041, 9708.329, 9787.799, 10101.938, 
10522.523, 10722.748, 10895.912, 11336.102, 11824.938, 12441.834, 
1, 1, 1, 1, 1, 1, 1, 1, 1, 1, 1, 0.01111, 0.01111, 0.01111, 0.01111, 
0.01111, 0.01111, 0.01111, 0.01111, 0.01111, 0.01111, 0.01111, 
0, 0, 0, 0, 0, 0, 0, 0, 0, 0, 0, 0, 0, 0, 0, 0, 0, 0, 0, 0, 0, 
0, 0.71709, 0.71274, 0.66615, 0.6966, 0.68926, 0.71876, 0.71598, 
0.76262, 0.73433, 0.76341, 0.78013, 0.68607, 0.70596, 0.66922, 
0.68227, 0.69513, 0.71407, 0.71228, 0.75154, 0.75233, 0.77373, 
0.75884, 0.0905, 0.1002, 0.1088, 0.111, 0.1172, 0.1312, 0.142, 
0.1433, 0.1528, 0.1696, 0.1814, 130.4, 142.3, 154.1, 164.2, 174.4, 
185, 197.4, 205.5, 216.7, 229.8, 243.7, 1, 1, 1, 1, 1, 1, 1, 
1, 1, 1, 1, 1, 1, 1, 1, 1, 1, 1, 1, 1, 1, 1, 1, 1, 1, 1, 1, 1, 
1, 1, 1, 1, 1, 1, 1, 1, 1, 1, 1, 1, 1, 1, 1, 1, 3.628, 3.771, 
3.874, 3.907, 3.967, 4.243, 4.459, 4.271, 4.476, 4.723, 4.987
), .Dim = c(11L, 40L), .Dimnames = list(NULL, c("Sampling", "PSO.cost", 
"PSO.gamma", "PSO.data.balancing", "PSO.feature.selection", "PSO.valid.acc", 
"PSO.test.acc", "PSO.train.time", "PSO.n.support.vectors", "PSO.index", 
"PSO.n.solutions", "PSO.generations", "PSO.n.evaluations", "PSO.cpu.time", 
"RS.cost", "RS.gamma", "RS.data.balancing", "RS.feature.selection", 
"RS.valid.acc", "RS.test.acc", "RS.train.time", "RS.n.support.vectors", 
"RS.index", "RS.n.solutions", "RS.generations", "RS.n.evaluations", 
"RS.cpu.time", "DF.cost", "DF.gamma", "DF.data.balancing", "DF.feature.selection", 
"DF.valid.acc", "DF.test.acc", "DF.train.time", "DF.n.support.vectors", 
"DF.index", "DF.n.solutions", "DF.generations", "DF.n.evaluations", 
"DF.cpu.time")))
