full <-
structure(c(50, 55, 60, 65, 70, 75, 80, 85, 90, 95, 100, 6.93129, 
5.17607, 5.69559, 6.80828, 7.50939, 5.75627, 5.27998, 3.12443, 
3.13838, 3.0917, 3.40792, -8.2806, -6.04987, -6.69535, -7.29939, 
-7.23823, -6.67973, -5.92944, -5.74494, -5.98926, -6.12251, -6.33851, 
0, 0, 0, 0, 0, 0, 0, 0, 0, 0, 0, 0, 0, 0, 0, 0, 0, 0, 0, 0, 0, 
0, 0.81348, 0.79457, 0.81672, 0.85532, 0.83594, 0.86312, 0.86219, 
0.85961, 0.8735, 0.83851, 0.87339, 0.78171, 0.7763, 0.81154, 
0.86105, 0.81094, 0.82975, 0.83096, 0.84109, 0.85699, 0.8217, 
0.8644, 0.082, 0.0972, 0.1026, 0.105, 0.1145, 0.1246, 0.1408, 
0.1512, 0.1549, 0.1634, 0.1725, 120.6, 139.1, 147.2, 153.1, 159.9, 
171.8, 186.7, 200.4, 208.9, 217.2, 223.6, 1039, 124, 690, 72, 
32, 567, 356, 659, 1117, 1244, 1487, 396, 788, 423, 1032, 1174, 
610, 588, 625, 134, 58, 27, 100, 100, 100, 100, 100, 100, 100, 
100, 100, 100, 100, 2500, 2500, 2500, 2500, 2500, 2500, 2500, 
2500, 2500, 2500, 2500, 8444.022, 8647.207, 8871.359, 9180.03, 
9242.43900000001, 9616.66, 10277.175, 10675.573, 10491.396, 10713.29, 
11044.357, 6.6586, 5.35997, 8.8024, 6.16701, 13.46539, 14.0421, 
5.10633, 2.84351, 1.20582, 3.39947, 1.91264, -8.29722, -6.34445, 
-6.69678, -7.34164, -7.24558, -6.68921, -5.7187, -5.77988, -5.29834, 
-6.25862, -5.05243, 0, 0, 0, 0, 0, 0, 0, 0, 0, 0, 0, 0, 0, 0, 
0, 0, 0, 0, 0, 0, 0, 0, 0.80792, 0.78901, 0.81172, 0.85532, 0.83594, 
0.85877, 0.85835, 0.85576, 0.87079, 0.8384, 0.87064, 0.77583, 
0.79156, 0.80654, 0.85174, 0.80694, 0.83392, 0.83112, 0.84095, 
0.84754, 0.82503, 0.84363, 0.0834, 0.0918, 0.1011, 0.1064, 0.1087, 
0.1211, 0.1436, 0.1511, 0.1649, 0.1618, 0.1923, 120.6, 138.3, 
147.1, 153, 159.9, 171.3, 188, 200, 215.3, 215.4, 238.7, 1160, 
249, 963, 4, 17, 129, 1592, 222, 1097, 524, 558, 1, 4, 2, 8, 
8, 6, 2, 1, 1, 1, 1, 100, 100, 100, 100, 100, 100, 100, 100, 
100, 100, 100, 2500, 2500, 2500, 2500, 2500, 2500, 2500, 2500, 
2500, 2500, 2500, 8403.912, 8641.912, 8716.609, 9345.056, 9569.06299999999, 
9842.266, 10605.732, 10556.913, 10630.847, 10940.919, 11399.21, 
1, 1, 1, 1, 1, 1, 1, 1, 1, 1, 1, 0.01111, 0.01111, 0.01111, 0.01111, 
0.01111, 0.01111, 0.01111, 0.01111, 0.01111, 0.01111, 0.01111, 
0, 0, 0, 0, 0, 0, 0, 0, 0, 0, 0, 0, 0, 0, 0, 0, 0, 0, 0, 0, 0, 
0, 0.65462, 0.6361, 0.66335, 0.72719, 0.73677, 0.76214, 0.77383, 
0.76486, 0.79652, 0.76011, 0.79465, 0.64754, 0.62649, 0.66624, 
0.70903, 0.72306, 0.76484, 0.76554, 0.76816, 0.79029, 0.74346, 
0.79466, 0.0863, 0.0952, 0.0995, 0.1107, 0.1189, 0.1291, 0.1334, 
0.1428, 0.1536, 0.1558, 0.174, 128.8, 142.4, 154.9, 166.6, 175.9, 
186.3, 197.7, 207.3, 219.1, 230.7, 244.1, 1, 1, 1, 1, 1, 1, 1, 
1, 1, 1, 1, 1, 1, 1, 1, 1, 1, 1, 1, 1, 1, 1, 1, 1, 1, 1, 1, 1, 
1, 1, 1, 1, 1, 1, 1, 1, 1, 1, 1, 1, 1, 1, 1, 1, 3.301, 3.46, 
3.362, 3.646, 3.715, 4.058, 4.051, 3.981, 4.19, 4.246, 4.553), .Dim = c(11L, 
40L), .Dimnames = list(NULL, c("Sampling", "PSO.cost", "PSO.gamma", 
"PSO.data.balancing", "PSO.feature.selection", "PSO.valid.acc", 
"PSO.test.acc", "PSO.train.time", "PSO.n.support.vectors", "PSO.index", 
"PSO.n.solutions", "PSO.generations", "PSO.n.evaluations", "PSO.cpu.time", 
"RS.cost", "RS.gamma", "RS.data.balancing", "RS.feature.selection", 
"RS.valid.acc", "RS.test.acc", "RS.train.time", "RS.n.support.vectors", 
"RS.index", "RS.n.solutions", "RS.generations", "RS.n.evaluations", 
"RS.cpu.time", "DF.cost", "DF.gamma", "DF.data.balancing", "DF.feature.selection", 
"DF.valid.acc", "DF.test.acc", "DF.train.time", "DF.n.support.vectors", 
"DF.index", "DF.n.solutions", "DF.generations", "DF.n.evaluations", 
"DF.cpu.time")))
