full <-
structure(c(50, 55, 60, 65, 70, 75, 80, 85, 90, 95, 100, 1.86761, 
8.86187, 9.28462, 6.391, 7.56085, 6.71564, 2.71004, 2.94388, 
8.30065, 3.02167, 2.8447, -7.29124, -7.34161, -5.10522, -6.53945, 
-8.68168, -6.58978, -5.73767, -6.49611, -8.92034, -6.28822, -5.96151, 
0, 0, 0, 0, 0, 0, 0, 0, 0, 0, 0, 0, 0, 0, 0, 0, 0, 0, 0, 0, 0, 
0, 0.78664, 0.83362, 0.83844, 0.82391, 0.85386, 0.85461, 0.84637, 
0.85015, 0.85577, 0.84278, 0.87278, 0.74909, 0.81212, 0.82801, 
0.82003, 0.82854, 0.8635, 0.83643, 0.84403, 0.84049, 0.84594, 
0.85138, 0.0914, 0.0964, 0.1102, 0.1097, 0.1122, 0.1263, 0.1391, 
0.1489, 0.1387, 0.1631, 0.1844, 124.4, 130.5, 150.3, 154.5, 151.7, 
170.5, 190.8, 195.7, 181.3, 212, 230.1, 2182, 515, 519, 684, 
84, 2185, 843, 107, 470, 919, 345, 3, 329, 78, 486, 794, 1, 134, 
761, 134, 186, 643, 100, 100, 100, 100, 100, 100, 100, 100, 100, 
100, 100, 2500, 2500, 2500, 2500, 2500, 2500, 2500, 2500, 2500, 
2500, 2500, 10387.114, 10353.61, 10147.533, 10711.64, 10695.234, 
10690.697, 11825.753, 11774.68, 11689.831, 11984.645, 12349.136, 
1.81626, 12.1146, 11.61644, 5.4732, 8.52383, 6.67851, 2.63921, 
3.75952, 4.63095, 2.97279, 5.41145, -7.224, -7.3328, -4.94527, 
-6.5131, -8.68838, -6.49229, -5.65489, -6.67801, -6.02301, -6.33802, 
-5.98124, 0, 0, 0, 0, 0, 0, 0, 0, 0, 0, 0, 0, 0, 0, 0, 0, 0, 
0, 0, 0, 0, 0, 0.78664, 0.83362, 0.83755, 0.82006, 0.85386, 0.85044, 
0.84266, 0.84682, 0.85306, 0.83652, 0.86681, 0.74909, 0.81212, 
0.81713, 0.82003, 0.82419, 0.85966, 0.84014, 0.83723, 0.84955, 
0.84271, 0.8672, 0.0904, 0.095, 0.1062, 0.1131, 0.1082, 0.1271, 
0.1504, 0.144, 0.1583, 0.1561, 0.1862, 124.6, 130.5, 151.2, 154.9, 
151.6, 171.9, 191.6, 193.7, 204.8, 211.5, 230.6, 2350, 974, 25, 
1037, 777, 1772, 1241, 2, 808, 579, 503, 1, 2, 26, 2, 2, 1, 1, 
3, 1, 2, 7, 100, 100, 100, 100, 100, 100, 100, 100, 100, 100, 
100, 2500, 2500, 2500, 2500, 2500, 2500, 2500, 2500, 2500, 2500, 
2500, 10094.127, 10428.286, 10437.693, 10604.018, 10466.267, 
11307.741, 11878.499, 12079.922, 11617.614, 12260.223, 12586.813, 
1, 1, 1, 1, 1, 1, 1, 1, 1, 1, 1, 0.01111, 0.01111, 0.01111, 0.01111, 
0.01111, 0.01111, 0.01111, 0.01111, 0.01111, 0.01111, 0.01111, 
0, 0, 0, 0, 0, 0, 0, 0, 0, 0, 0, 0, 0, 0, 0, 0, 0, 0, 0, 0, 0, 
0, 0.71118, 0.68355, 0.75835, 0.74009, 0.72518, 0.73773, 0.73938, 
0.74581, 0.74446, 0.76995, 0.77197, 0.69988, 0.72214, 0.74803, 
0.74528, 0.72477, 0.76285, 0.74684, 0.74349, 0.76749, 0.74409, 
0.75963, 0.0909, 0.1003, 0.0998, 0.1142, 0.12, 0.1355, 0.1469, 
0.1523, 0.154, 0.1658, 0.1821, 128.3, 139.7, 151, 163.1, 175.4, 
186.9, 198, 208.2, 218.1, 229.7, 244.9, 1, 1, 1, 1, 1, 1, 1, 
1, 1, 1, 1, 1, 1, 1, 1, 1, 1, 1, 1, 1, 1, 1, 1, 1, 1, 1, 1, 1, 
1, 1, 1, 1, 1, 1, 1, 1, 1, 1, 1, 1, 1, 1, 1, 1, 4.028, 4.151, 
4.13, 4.324, 4.21, 4.737, 4.991, 4.818, 4.49, 4.723, 5.145), .Dim = c(11L, 
40L), .Dimnames = list(NULL, c("Sampling", "PSO.cost", "PSO.gamma", 
"PSO.data.balancing", "PSO.feature.selection", "PSO.valid.acc", 
"PSO.test.acc", "PSO.train.time", "PSO.n.support.vectors", "PSO.index", 
"PSO.n.solutions", "PSO.generations", "PSO.n.evaluations", "PSO.cpu.time", 
"RS.cost", "RS.gamma", "RS.data.balancing", "RS.feature.selection", 
"RS.valid.acc", "RS.test.acc", "RS.train.time", "RS.n.support.vectors", 
"RS.index", "RS.n.solutions", "RS.generations", "RS.n.evaluations", 
"RS.cpu.time", "DF.cost", "DF.gamma", "DF.data.balancing", "DF.feature.selection", 
"DF.valid.acc", "DF.test.acc", "DF.train.time", "DF.n.support.vectors", 
"DF.index", "DF.n.solutions", "DF.generations", "DF.n.evaluations", 
"DF.cpu.time")))
