full <-
structure(c(50, 55, 60, 65, 70, 75, 80, 85, 90, 95, 100, 5.75091, 
6.15538, 6.4856, 7.99407, 4.3014, 3.50533, 13.08922, 6.54686, 
5.19472, 3.1004, 6.34636, -7.93414, -6.44392, -6.60318, -8.98942, 
-7.78255, -7.14255, -7.10242, -8.46589, -5.74889, -5.81524, -7.92596, 
0, 0, 0, 0, 0, 0, 0, 0, 0, 0, 0, 0, 0, 0, 0, 0, 0, 0, 0, 0, 0, 
0, 0.77604, 0.84066, 0.81632, 0.81219, 0.82848, 0.83309, 0.83458, 
0.85594, 0.86366, 0.8608, 0.8609, 0.76696, 0.81752, 0.80699, 
0.77928, 0.79838, 0.8035, 0.82356, 0.80592, 0.85641, 0.8378, 
0.82973, 0.0878, 0.0967, 0.1035, 0.1027, 0.1106, 0.1182, 0.1341, 
0.1355, 0.1654, 0.1724, 0.1588, 118.8, 134.8, 145.9, 145.4, 159.4, 
170.4, 179.9, 177.1, 211.6, 219, 206.5, 640, 440, 9, 774, 401, 
854, 350, 451, 461, 2050, 2001, 719, 813, 1158, 218, 205, 127, 
1039, 375, 325, 9, 14, 100, 100, 100, 100, 100, 100, 100, 100, 
100, 100, 100, 2500, 2500, 2500, 2500, 2500, 2500, 2500, 2500, 
2500, 2500, 2500, 9182.181, 9149.044, 9297.285, 10022.537, 9682.357, 
9972.906, 10255.773, 10514.869, 11656.288, 12152.025, 11852.196, 
6.27359, 6.36745, 9.76718, 7.73779, 4.10286, 3.59601, 14.65729, 
6.80517, 5.39139, 3.5469, 2.17565, -7.98815, -6.6854, -6.48956, 
-8.64571, -7.65559, -6.62902, -7.12977, -8.62786, -5.87033, -5.86654, 
-5.33635, 0, 0, 0, 0, 0, 0, 0, 0, 0, 0, 0, 0, 0, 0, 0, 0, 0, 
0, 0, 0, 0, 0, 0.77604, 0.83539, 0.81632, 0.80922, 0.82463, 0.82236, 
0.83458, 0.85594, 0.86033, 0.86059, 0.85877, 0.76696, 0.82896, 
0.80644, 0.79267, 0.79876, 0.81338, 0.82727, 0.79851, 0.85308, 
0.84092, 0.85517, 0.0827, 0.0948, 0.1034, 0.1039, 0.111, 0.1289, 
0.1306, 0.1368, 0.17, 0.1729, 0.1937, 118.6, 135.2, 146.7, 146.4, 
160.1, 174.3, 179.5, 176.6, 210, 218.6, 238.5, 311, 224, 716, 
2019, 2451, 1109, 2481, 409, 293, 1861, 1646, 3, 5, 18, 1, 1, 
1, 1, 1, 8, 1, 1, 100, 100, 100, 100, 100, 100, 100, 100, 100, 
100, 100, 2500, 2500, 2500, 2500, 2500, 2500, 2500, 2500, 2500, 
2500, 2500, 9112.51, 9241.188, 9456.985, 10241.795, 9843.106, 
10338.454, 10713.286, 11343.971, 11678.509, 12144.383, 12449.765, 
1, 1, 1, 1, 1, 1, 1, 1, 1, 1, 1, 0.01111, 0.01111, 0.01111, 0.01111, 
0.01111, 0.01111, 0.01111, 0.01111, 0.01111, 0.01111, 0.01111, 
0, 0, 0, 0, 0, 0, 0, 0, 0, 0, 0, 0, 0, 0, 0, 0, 0, 0, 0, 0, 0, 
0, 0.62194, 0.66423, 0.69608, 0.69861, 0.704, 0.71606, 0.74268, 
0.75076, 0.78149, 0.76993, 0.77887, 0.62987, 0.63816, 0.66508, 
0.67617, 0.70352, 0.72277, 0.72634, 0.77254, 0.79543, 0.76722, 
0.77092, 0.088, 0.0973, 0.1058, 0.1135, 0.1192, 0.1265, 0.1443, 
0.1498, 0.159, 0.1708, 0.1783, 129.1, 142.2, 153.1, 165.5, 175.9, 
188.3, 200, 210.9, 219, 230.5, 244.4, 1, 1, 1, 1, 1, 1, 1, 1, 
1, 1, 1, 1, 1, 1, 1, 1, 1, 1, 1, 1, 1, 1, 1, 1, 1, 1, 1, 1, 1, 
1, 1, 1, 1, 1, 1, 1, 1, 1, 1, 1, 1, 1, 1, 1, 3.57, 3.77, 3.827, 
4.082, 3.991, 3.864, 4.342, 4.346, 4.505, 4.892, 4.881), .Dim = c(11L, 
40L), .Dimnames = list(NULL, c("Sampling", "PSO.cost", "PSO.gamma", 
"PSO.data.balancing", "PSO.feature.selection", "PSO.valid.acc", 
"PSO.test.acc", "PSO.train.time", "PSO.n.support.vectors", "PSO.index", 
"PSO.n.solutions", "PSO.generations", "PSO.n.evaluations", "PSO.cpu.time", 
"RS.cost", "RS.gamma", "RS.data.balancing", "RS.feature.selection", 
"RS.valid.acc", "RS.test.acc", "RS.train.time", "RS.n.support.vectors", 
"RS.index", "RS.n.solutions", "RS.generations", "RS.n.evaluations", 
"RS.cpu.time", "DF.cost", "DF.gamma", "DF.data.balancing", "DF.feature.selection", 
"DF.valid.acc", "DF.test.acc", "DF.train.time", "DF.n.support.vectors", 
"DF.index", "DF.n.solutions", "DF.generations", "DF.n.evaluations", 
"DF.cpu.time")))
