full <-
structure(c(50, 55, 60, 65, 70, 75, 80, 85, 90, 95, 100, 2.13151, 
4.89294, 9.28271, 3.80522, 3.53785, 2.59105, 2.87142, 3.02575, 
2.20838, 3.62183, 2.28476, -5.69889, -6.57988, -8.7899, -6.25876, 
-6.99704, -5.83151, -6.30205, -5.76046, -5.28218, -6.1598, -4.96146, 
0, 0, 0, 0, 0, 0, 0, 0, 0, 0, 0, 0, 0, 0, 0, 0, 0, 0, 0, 0, 0, 
0, 0.74711, 0.76812, 0.76631, 0.821, 0.8154, 0.82394, 0.83523, 
0.85438, 0.84254, 0.84741, 0.8683, 0.7542, 0.7542, 0.74184, 0.79616, 
0.79661, 0.78963, 0.82027, 0.83585, 0.83668, 0.85695, 0.85223, 
0.0893, 0.0983, 0.0965, 0.1135, 0.1176, 0.1295, 0.1516, 0.1726, 
0.182, 0.1878, 0.2231, 123.5, 130.7, 130.3, 153.6, 159.7, 180.2, 
184.6, 199.3, 212.5, 213.9, 241.2, 1942, 433, 107, 408, 494, 
389, 1048, 592, 279, 802, 1260, 2, 59, 434, 532, 152, 512, 137, 
270, 663, 160, 42, 100, 100, 100, 100, 100, 100, 100, 100, 100, 
100, 100, 2500, 2500, 2500, 2500, 2500, 2500, 2500, 2500, 2500, 
2500, 2500, 10101.786, 10295.027, 10237.98, 10651.035, 10327.814, 
11145.116, 16212.235, 15940.902, 16498.344, 16677.771, 17621.233, 
4.76877, 6.45834, 14.01424, 2.94493, 14.50673, 3.13085, 2.92914, 
2.06078, 2.20502, 5.00917, 2.17085, -8.05651, -7.67248, -8.75483, 
-6.23099, -6.96214, -5.78488, -6.2343, -5.53074, -5.17191, -6.07729, 
-4.91919, 0, 0, 0, 0, 0, 0, 0, 0, 0, 0, 0, 0, 0, 0, 0, 0, 0, 
0, 0, 0, 0, 0, 0.74636, 0.76445, 0.76631, 0.81683, 0.81538, 0.8201, 
0.83123, 0.8471, 0.84254, 0.84722, 0.8683, 0.7353, 0.73991, 0.74184, 
0.79728, 0.79621, 0.77759, 0.82056, 0.82896, 0.83668, 0.84756, 
0.85223, 0.0858, 0.0921, 0.0942, 0.1085, 0.1136, 0.1315, 0.1543, 
0.1827, 0.192, 0.1914, 0.22, 112.4, 125.2, 130.5, 153.8, 159.5, 
180.9, 185.7, 201.3, 213.3, 215.4, 241.8, 1422, 786, 417, 862, 
432, 895, 165, 2283, 1611, 846, 1700, 1, 5, 7, 1, 9, 2, 1, 1, 
1, 2, 1, 100, 100, 100, 100, 100, 100, 100, 100, 100, 100, 100, 
2500, 2500, 2500, 2500, 2500, 2500, 2500, 2500, 2500, 2500, 2500, 
9791.625, 10032.1, 10496.387, 10731.457, 10323.864, 14272.349, 
15763.872, 15805.228, 16194.568, 17081.2, 17343.814, 1, 1, 1, 
1, 1, 1, 1, 1, 1, 1, 1, 0.01111, 0.01111, 0.01111, 0.01111, 0.01111, 
0.01111, 0.01111, 0.01111, 0.01111, 0.01111, 0.01111, 0, 0, 0, 
0, 0, 0, 0, 0, 0, 0, 0, 0, 0, 0, 0, 0, 0, 0, 0, 0, 0, 0, 0.67227, 
0.67186, 0.64478, 0.72237, 0.7235, 0.72163, 0.72078, 0.75405, 
0.74671, 0.75209, 0.77602, 0.67995, 0.63865, 0.64829, 0.71203, 
0.7237, 0.72395, 0.73592, 0.76501, 0.74954, 0.75649, 0.78512, 
0.0899, 0.0974, 0.1056, 0.1076, 0.1202, 0.14, 0.1515, 0.1661, 
0.1742, 0.1898, 0.1971, 128.3, 139.4, 150.5, 162.1, 174.1, 186.3, 
197, 206.9, 218.4, 228.9, 243.5, 1, 1, 1, 1, 1, 1, 1, 1, 1, 1, 
1, 1, 1, 1, 1, 1, 1, 1, 1, 1, 1, 1, 1, 1, 1, 1, 1, 1, 1, 1, 1, 
1, 1, 1, 1, 1, 1, 1, 1, 1, 1, 1, 1, 1, 3.822, 4.003, 4.319, 4.257, 
4.207, 6.094, 6.277, 6.408, 6.324, 6.951, 6.756), .Dim = c(11L, 
40L), .Dimnames = list(NULL, c("Sampling", "PSO.cost", "PSO.gamma", 
"PSO.data.balancing", "PSO.feature.selection", "PSO.valid.acc", 
"PSO.test.acc", "PSO.train.time", "PSO.n.support.vectors", "PSO.index", 
"PSO.n.solutions", "PSO.generations", "PSO.n.evaluations", "PSO.cpu.time", 
"RS.cost", "RS.gamma", "RS.data.balancing", "RS.feature.selection", 
"RS.valid.acc", "RS.test.acc", "RS.train.time", "RS.n.support.vectors", 
"RS.index", "RS.n.solutions", "RS.generations", "RS.n.evaluations", 
"RS.cpu.time", "DF.cost", "DF.gamma", "DF.data.balancing", "DF.feature.selection", 
"DF.valid.acc", "DF.test.acc", "DF.train.time", "DF.n.support.vectors", 
"DF.index", "DF.n.solutions", "DF.generations", "DF.n.evaluations", 
"DF.cpu.time")))
