full <-
structure(c(50, 55, 60, 65, 70, 75, 80, 85, 90, 95, 100, 2.50871, 
2.61492, 6.90503, 3.78851, 5.23629, 4.93065, 3.54461, 3.41144, 
1.92263, 3.52012, 1.52043, -6.87349, -6.43703, -6.74873, -6.63795, 
-6.90461, -6.47193, -5.63178, -5.31989, -5.16163, -6.40647, -5.26158, 
0, 0, 0, 0, 0, 0, 0, 0, 0, 0, 0, 0, 0, 0, 0, 0, 0, 0, 0, 0, 0, 
0, 0.7672, 0.78947, 0.83545, 0.81325, 0.8038, 0.83772, 0.83469, 
0.82985, 0.85365, 0.85351, 0.86354, 0.7315, 0.78022, 0.79397, 
0.79709, 0.80224, 0.80502, 0.81584, 0.82925, 0.82957, 0.83348, 
0.84959, 0.0899, 0.0973, 0.1012, 0.108, 0.114, 0.1219, 0.1421, 
0.1537, 0.1618, 0.1507, 0.1879, 124.9, 136.9, 145.6, 155.8, 163.8, 
175.2, 193.4, 204.4, 214.4, 211.8, 238.8, 541, 615, 539, 559, 
1362, 269, 545, 2427, 706, 785, 579, 276, 370, 167, 510, 280, 
720, 259, 1, 83, 37, 769, 100, 100, 100, 100, 100, 100, 100, 
100, 100, 100, 100, 2500, 2500, 2500, 2500, 2500, 2500, 2500, 
2500, 2500, 2500, 2500, 9079.357, 9315.263, 9397.678, 9552.60400000001, 
9651.07599999999, 9848.284, 10364.446, 10698.782, 10817.436, 
10868.25, 11250.042, 2.87252, 2.57192, 5.68394, 3.74037, 6.79362, 
5.34345, 3.23717, 3.7159, 3.87495, 2.58598, 1.87081, -6.76524, 
-6.33077, -6.80124, -6.6675, -6.94853, -6.42114, -5.65265, -5.37267, 
-6.45259, -5.77451, -5.15816, 0, 0, 0, 0, 0, 0, 0, 0, 0, 0, 0, 
0, 0, 0, 0, 0, 0, 0, 0, 0, 0, 0, 0.76608, 0.78947, 0.83111, 0.81325, 
0.79945, 0.83772, 0.83469, 0.82959, 0.84698, 0.85059, 0.86031, 
0.74251, 0.78022, 0.79489, 0.79709, 0.79789, 0.80102, 0.82384, 
0.82925, 0.84328, 0.83026, 0.84924, 0.091, 0.1004, 0.1018, 0.1093, 
0.1113, 0.1204, 0.1417, 0.1508, 0.1445, 0.167, 0.1993, 124.8, 
137.2, 145.2, 155.6, 163.3, 175.6, 193.5, 204, 201.1, 220.3, 
239.5, 1034, 2132, 81, 1742, 95, 1705, 2418, 264, 2095, 1066, 
1291, 1, 1, 3, 1, 4, 2, 1, 2, 1, 1, 2, 100, 100, 100, 100, 100, 
100, 100, 100, 100, 100, 100, 2500, 2500, 2500, 2500, 2500, 2500, 
2500, 2500, 2500, 2500, 2500, 9100.553, 9358.374, 9437.666, 9642.204, 
9808.785, 10025.806, 10365.343, 10583.652, 10852.484, 10949.457, 
12383.458, 1, 1, 1, 1, 1, 1, 1, 1, 1, 1, 1, 0.01111, 0.01111, 
0.01111, 0.01111, 0.01111, 0.01111, 0.01111, 0.01111, 0.01111, 
0.01111, 0.01111, 0, 0, 0, 0, 0, 0, 0, 0, 0, 0, 0, 0, 0, 0, 0, 
0, 0, 0, 0, 0, 0, 0, 0.62725, 0.69675, 0.70095, 0.68227, 0.69159, 
0.7474, 0.71369, 0.72613, 0.75392, 0.73911, 0.79175, 0.64765, 
0.69401, 0.69037, 0.71477, 0.67325, 0.73159, 0.73217, 0.72971, 
0.72699, 0.75276, 0.77322, 0.0902, 0.0953, 0.1035, 0.1059, 0.1156, 
0.1235, 0.1325, 0.1409, 0.1521, 0.1601, 0.1805, 129.2, 140.4, 
152.6, 164.1, 176.8, 186.7, 197.8, 209, 218.2, 229.2, 243.9, 
1, 1, 1, 1, 1, 1, 1, 1, 1, 1, 1, 1, 1, 1, 1, 1, 1, 1, 1, 1, 1, 
1, 1, 1, 1, 1, 1, 1, 1, 1, 1, 1, 1, 1, 1, 1, 1, 1, 1, 1, 1, 1, 
1, 1, 3.642, 3.674, 3.771, 3.856, 3.96, 4.039, 4.098, 4.129, 
4.277, 4.275, 5.214), .Dim = c(11L, 40L), .Dimnames = list(NULL, 
    c("Sampling", "PSO.cost", "PSO.gamma", "PSO.data.balancing", 
    "PSO.feature.selection", "PSO.valid.acc", "PSO.test.acc", 
    "PSO.train.time", "PSO.n.support.vectors", "PSO.index", "PSO.n.solutions", 
    "PSO.generations", "PSO.n.evaluations", "PSO.cpu.time", "RS.cost", 
    "RS.gamma", "RS.data.balancing", "RS.feature.selection", 
    "RS.valid.acc", "RS.test.acc", "RS.train.time", "RS.n.support.vectors", 
    "RS.index", "RS.n.solutions", "RS.generations", "RS.n.evaluations", 
    "RS.cpu.time", "DF.cost", "DF.gamma", "DF.data.balancing", 
    "DF.feature.selection", "DF.valid.acc", "DF.test.acc", "DF.train.time", 
    "DF.n.support.vectors", "DF.index", "DF.n.solutions", "DF.generations", 
    "DF.n.evaluations", "DF.cpu.time")))
