full <-
structure(c(50, 55, 60, 65, 70, 75, 80, 85, 90, 95, 100, 8.01165, 
2.45972, 14.8676, 5.56769, 2.23556, 3.96621, 2.69078, 9.13675, 
3.9527, 2.03153, 11.14049, -6.28214, -5.49921, -8.22905, -9.35272, 
-5.33312, -6.07564, -5.93556, -10.03071, -5.47273, -5.33463, 
-5.56217, 0, 0, 0, 0, 0, 0, 0, 0, 0, 0, 0, 0, 0, 0, 0, 0, 0, 
0, 0, 0, 0, 0, 0.79143, 0.76939, 0.79095, 0.81114, 0.81975, 0.83402, 
0.85037, 0.81104, 0.85395, 0.86692, 0.84637, 0.74867, 0.73383, 
0.79498, 0.74981, 0.81413, 0.80084, 0.83838, 0.79236, 0.83654, 
0.84699, 0.83671, 0.088, 0.0983, 0.0948, 0.0975, 0.1203, 0.1276, 
0.1383, 0.1273, 0.1635, 0.1715, 0.1897, 120, 136, 133.1, 142.9, 
172.6, 180.8, 188.6, 171.7, 215, 224, 234.6, 63, 880, 147, 241, 
1045, 447, 740, 378, 569, 1632, 52, 738, 179, 966, 151, 280, 
307, 56, 363, 464, 58, 1157, 100, 100, 100, 100, 100, 100, 100, 
100, 100, 100, 100, 2500, 2500, 2500, 2500, 2500, 2500, 2500, 
2500, 2500, 2500, 2500, 8940.69, 9271.626, 9134.843, 9386.17000000001, 
9977.36700000001, 10137.827, 10272.931, 9986.46999999997, 10928.559, 
11253.438, 11818.175, 10.07571, 2.01621, 9.17858, 5.75145, 2.30288, 
3.81766, 2.80198, 6.83895, 2.9604, 10.5267, 11.24337, -6.28185, 
-4.98256, -8.2531, -9.45342, -5.26683, -6.22037, -5.79103, -8.58412, 
-5.47349, -4.7537, -5.59474, 0, 0, 0, 0, 0, 0, 0, 0, 0, 0, 0, 
0, 0, 0, 0, 0, 0, 0, 0, 0, 0, 0, 0.79143, 0.77332, 0.79095, 0.80614, 
0.81498, 0.833, 0.84679, 0.8082, 0.85072, 0.86024, 0.84637, 0.74867, 
0.73294, 0.80086, 0.75457, 0.81371, 0.79249, 0.85025, 0.80731, 
0.83331, 0.83342, 0.83671, 0.089, 0.0994, 0.0957, 0.0995, 0.121, 
0.1266, 0.1403, 0.1269, 0.1624, 0.1777, 0.1904, 120, 137.3, 133.1, 
142.3, 172.7, 178.7, 190.7, 176.3, 215.1, 228.5, 234.2, 892, 
1695, 106, 1862, 235, 714, 1349, 1482, 1269, 124, 169, 3, 1, 
3, 1, 1, 1, 1, 1, 3, 12, 6, 100, 100, 100, 100, 100, 100, 100, 
100, 100, 100, 100, 2500, 2500, 2500, 2500, 2500, 2500, 2500, 
2500, 2500, 2500, 2500, 9059.136, 9286.188, 9276.90199999999, 
9779.837, 9881.57399999999, 10042.496, 10303.137, 10475.925, 
10882.938, 11363.466, 11826.906, 1, 1, 1, 1, 1, 1, 1, 1, 1, 1, 
1, 0.01111, 0.01111, 0.01111, 0.01111, 0.01111, 0.01111, 0.01111, 
0.01111, 0.01111, 0.01111, 0.01111, 0, 0, 0, 0, 0, 0, 0, 0, 0, 
0, 0, 0, 0, 0, 0, 0, 0, 0, 0, 0, 0, 0, 0.6818, 0.682, 0.64832, 
0.70581, 0.70775, 0.70144, 0.73686, 0.74324, 0.7564, 0.76934, 
0.7613, 0.67943, 0.6764, 0.66271, 0.71443, 0.7015, 0.6841, 0.75113, 
0.75341, 0.74677, 0.7755, 0.76103, 0.0888, 0.0962, 0.1013, 0.1072, 
0.1152, 0.1241, 0.1349, 0.1425, 0.1489, 0.1649, 0.174, 124.5, 
135.5, 148.1, 161.1, 173, 185, 196.6, 208, 218.1, 229.2, 244.6, 
1, 1, 1, 1, 1, 1, 1, 1, 1, 1, 1, 1, 1, 1, 1, 1, 1, 1, 1, 1, 1, 
1, 1, 1, 1, 1, 1, 1, 1, 1, 1, 1, 1, 1, 1, 1, 1, 1, 1, 1, 1, 1, 
1, 1, 3.649, 3.695, 3.618, 3.828, 3.888, 3.893, 4.088, 4.226, 
4.168, 4.54, 4.59), .Dim = c(11L, 40L), .Dimnames = list(NULL, 
    c("Sampling", "PSO.cost", "PSO.gamma", "PSO.data.balancing", 
    "PSO.feature.selection", "PSO.valid.acc", "PSO.test.acc", 
    "PSO.train.time", "PSO.n.support.vectors", "PSO.index", "PSO.n.solutions", 
    "PSO.generations", "PSO.n.evaluations", "PSO.cpu.time", "RS.cost", 
    "RS.gamma", "RS.data.balancing", "RS.feature.selection", 
    "RS.valid.acc", "RS.test.acc", "RS.train.time", "RS.n.support.vectors", 
    "RS.index", "RS.n.solutions", "RS.generations", "RS.n.evaluations", 
    "RS.cpu.time", "DF.cost", "DF.gamma", "DF.data.balancing", 
    "DF.feature.selection", "DF.valid.acc", "DF.test.acc", "DF.train.time", 
    "DF.n.support.vectors", "DF.index", "DF.n.solutions", "DF.generations", 
    "DF.n.evaluations", "DF.cpu.time")))
