full <-
structure(c(50, 55, 60, 65, 70, 75, 80, 85, 90, 95, 100, 8.61491, 
3.20388, 7.98461, 3.69682, 12.86446, 6.20725, 3.8597, 1.95641, 
6.76022, 9.01501, 1.73263, -4.85271, -5.84456, -9.62819, -6.49581, 
-8.24662, -7.45541, -7.05634, -5.35045, -9.36892, -7.20576, -5.51466, 
0, 0, 0, 0, 0, 0, 0, 0, 0, 0, 0, 0, 0, 0, 0, 0, 0, 0, 0, 0, 0, 
0, 0.79944, 0.80776, 0.81354, 0.82399, 0.8423, 0.83855, 0.83962, 
0.83366, 0.83678, 0.85494, 0.86045, 0.76709, 0.82531, 0.77641, 
0.83604, 0.81694, 0.82538, 0.82048, 0.8113, 0.81921, 0.85452, 
0.86349, 0.088, 0.1012, 0.095, 0.1113, 0.1084, 0.116, 0.1302, 
0.1574, 0.1354, 0.1477, 0.1788, 124.9, 136.2, 132.4, 154.7, 152.3, 
164.2, 175.1, 203.4, 183.1, 201.2, 235.3, 37, 1293, 10, 586, 
317, 165, 896, 632, 856, 258, 815, 895, 39, 939, 165, 493, 854, 
162, 320, 70, 805, 196, 100, 100, 100, 100, 100, 100, 100, 100, 
100, 100, 100, 2500, 2500, 2500, 2500, 2500, 2500, 2500, 2500, 
2500, 2500, 2500, 8840.559, 9287.856, 9225.629, 9565.82, 9642.47199999999, 
9902.114, 10236.983, 10873.148, 10471.163, 10721.153, 11693.463, 
2.83773, 9.04229, 8.17507, 2.97556, 11.91869, 11.76054, 4.40247, 
1.7568, 5.79107, 13.6365, 1.68378, -6.40354, -5.80652, -9.41881, 
-6.21352, -8.26051, -7.46914, -7.02402, -5.30378, -9.06424, -7.21026, 
-5.39905, 0, 0, 0, 0, 0, 0, 0, 0, 0, 0, 0, 0, 0, 0, 0, 0, 0, 
0, 0, 0, 0, 0, 0.79993, 0.8025, 0.81354, 0.82377, 0.8423, 0.83855, 
0.83947, 0.83021, 0.83323, 0.85494, 0.86045, 0.75947, 0.82531, 
0.77641, 0.83169, 0.81694, 0.82538, 0.81263, 0.8113, 0.80178, 
0.85452, 0.86349, 0.0872, 0.0974, 0.0948, 0.115, 0.1092, 0.1158, 
0.1237, 0.1559, 0.1311, 0.1494, 0.1841, 124.1, 135.7, 132.5, 
156.7, 152.2, 164.1, 174.6, 203.5, 185.4, 201.2, 236.3, 1941, 
46, 138, 1278, 2489, 38, 65, 1364, 1995, 370, 1887, 1, 69, 5, 
1, 1, 14, 2, 1, 1, 2, 1, 100, 100, 100, 100, 100, 100, 100, 100, 
100, 100, 100, 2500, 2500, 2500, 2500, 2500, 2500, 2500, 2500, 
2500, 2500, 2500, 8891.359, 9216.822, 9390.561, 9738.689, 9834.792, 
10169.6, 10504.206, 10736.08, 10966.609, 11261.53, 11674.114, 
1, 1, 1, 1, 1, 1, 1, 1, 1, 1, 1, 0.01111, 0.01111, 0.01111, 0.01111, 
0.01111, 0.01111, 0.01111, 0.01111, 0.01111, 0.01111, 0.01111, 
0, 0, 0, 0, 0, 0, 0, 0, 0, 0, 0, 0, 0, 0, 0, 0, 0, 0, 0, 0, 0, 
0, 0.6864, 0.6583, 0.67984, 0.69973, 0.72463, 0.73645, 0.73695, 
0.747, 0.73373, 0.75422, 0.77881, 0.67445, 0.68619, 0.6829, 0.70823, 
0.72362, 0.73573, 0.74049, 0.72464, 0.75083, 0.76851, 0.77246, 
0.0905, 0.0973, 0.1031, 0.1104, 0.1154, 0.1261, 0.1369, 0.1499, 
0.1506, 0.1625, 0.1676, 129.5, 141, 151.8, 163.3, 174.2, 184.4, 
197.3, 209.2, 219.3, 230.6, 244.2, 1, 1, 1, 1, 1, 1, 1, 1, 1, 
1, 1, 1, 1, 1, 1, 1, 1, 1, 1, 1, 1, 1, 1, 1, 1, 1, 1, 1, 1, 1, 
1, 1, 1, 1, 1, 1, 1, 1, 1, 1, 1, 1, 1, 1, 3.658, 3.685, 3.776, 
3.768, 3.89, 4.117, 4.163, 4.307, 4.284, 4.474, 4.533), .Dim = c(11L, 
40L), .Dimnames = list(NULL, c("Sampling", "PSO.cost", "PSO.gamma", 
"PSO.data.balancing", "PSO.feature.selection", "PSO.valid.acc", 
"PSO.test.acc", "PSO.train.time", "PSO.n.support.vectors", "PSO.index", 
"PSO.n.solutions", "PSO.generations", "PSO.n.evaluations", "PSO.cpu.time", 
"RS.cost", "RS.gamma", "RS.data.balancing", "RS.feature.selection", 
"RS.valid.acc", "RS.test.acc", "RS.train.time", "RS.n.support.vectors", 
"RS.index", "RS.n.solutions", "RS.generations", "RS.n.evaluations", 
"RS.cpu.time", "DF.cost", "DF.gamma", "DF.data.balancing", "DF.feature.selection", 
"DF.valid.acc", "DF.test.acc", "DF.train.time", "DF.n.support.vectors", 
"DF.index", "DF.n.solutions", "DF.generations", "DF.n.evaluations", 
"DF.cpu.time")))
