full <-
structure(c(50, 55, 60, 65, 70, 75, 80, 85, 90, 95, 100, 5.10955, 
4.13195, 7.32022, 6.82123, 5.06632, 4.671, 5.79089, 3.29514, 
2.32927, 2.54615, 2.00445, -8.51783, -6.84697, -7.55009, -6.93524, 
-7.41857, -7.14151, -8.04456, -6.12051, -5.78785, -6.18904, -5.27979, 
0, 0, 0, 0, 0, 0, 0, 0, 0, 0, 0, 0, 0, 0, 0, 0, 0, 0, 0, 0, 0, 
0, 0.78051, 0.80203, 0.82159, 0.82715, 0.83543, 0.84866, 0.87785, 
0.86479, 0.8458, 0.85368, 0.87848, 0.76324, 0.79481, 0.8158, 
0.82602, 0.83596, 0.82877, 0.86213, 0.85695, 0.83969, 0.86366, 
0.84838, 0.0869, 0.0987, 0.0986, 0.1103, 0.1118, 0.1138, 0.1239, 
0.1457, 0.1547, 0.1616, 0.1902, 118.8, 134.3, 136.8, 149.7, 155.7, 
166.2, 171.4, 196.9, 210.8, 213.8, 238.2, 514, 1198, 319, 108, 
945, 1421, 113, 396, 549, 512, 782, 123, 31, 1195, 1391, 43, 
88, 129, 73, 462, 79, 191, 100, 100, 100, 100, 100, 100, 100, 
100, 100, 100, 100, 2500, 2500, 2500, 2500, 2500, 2500, 2500, 
2500, 2500, 2500, 2500, 8933.816, 9260.358, 9286.35, 9465.888, 
9560.784, 9906.931, 9900.667, 10272.416, 10734.168, 10830.949, 
11276.146, 5.05074, 4.18176, 7.85131, 9.97216, 8.23125, 4.86851, 
6.99821, 7.76647, 4.59166, 3.13189, 2.65736, -8.382, -6.86576, 
-7.56185, -6.79866, -7.29081, -7.17422, -7.48421, -6.77351, -5.75848, 
-6.20737, -5.91534, 0, 0, 0, 0, 0, 0, 0, 0, 0, 0, 0, 0, 0, 0, 
0, 0, 0, 0, 0, 0, 0, 0, 0.77426, 0.80203, 0.82159, 0.82715, 0.83126, 
0.84082, 0.87381, 0.86122, 0.8391, 0.84701, 0.87267, 0.75699, 
0.79481, 0.8158, 0.82602, 0.81832, 0.82863, 0.85012, 0.85628, 
0.84992, 0.85688, 0.8515, 0.0877, 0.0947, 0.0995, 0.1048, 0.1104, 
0.1193, 0.1241, 0.1405, 0.1619, 0.1591, 0.1798, 119.2, 134.4, 
136.9, 150.7, 156.6, 166.1, 172.9, 189.3, 210.8, 213.1, 231.4, 
395, 1528, 87, 331, 174, 720, 473, 23, 65, 144, 944, 1, 1, 6, 
11, 9, 2, 2, 11, 4, 2, 2, 100, 100, 100, 100, 100, 100, 100, 
100, 100, 100, 100, 2500, 2500, 2500, 2500, 2500, 2500, 2500, 
2500, 2500, 2500, 2500, 9070.213, 9281.708, 9419.295, 9517.424, 
9758.625, 10030.099, 10334.525, 10494.699, 10703.23, 10835.427, 
11342.655, 1, 1, 1, 1, 1, 1, 1, 1, 1, 1, 1, 0.01111, 0.01111, 
0.01111, 0.01111, 0.01111, 0.01111, 0.01111, 0.01111, 0.01111, 
0.01111, 0.01111, 0, 0, 0, 0, 0, 0, 0, 0, 0, 0, 0, 0, 0, 0, 0, 
0, 0, 0, 0, 0, 0, 0, 0.65331, 0.66841, 0.70793, 0.72239, 0.7181, 
0.72669, 0.75723, 0.74991, 0.74993, 0.75435, 0.77868, 0.65331, 
0.65628, 0.69481, 0.72605, 0.71296, 0.74235, 0.7431, 0.7565, 
0.74682, 0.77082, 0.77033, 0.0899, 0.095, 0.1033, 0.111, 0.1187, 
0.1278, 0.1344, 0.1451, 0.144, 0.1626, 0.1767, 128.4, 140, 148.4, 
158.9, 170.7, 182.5, 195.4, 207.4, 217.3, 230.3, 245.3, 1, 1, 
1, 1, 1, 1, 1, 1, 1, 1, 1, 1, 1, 1, 1, 1, 1, 1, 1, 1, 1, 1, 1, 
1, 1, 1, 1, 1, 1, 1, 1, 1, 1, 1, 1, 1, 1, 1, 1, 1, 1, 1, 1, 1, 
3.651, 3.648, 3.747, 3.833, 3.937, 4.01, 4.064, 4.119, 4.028, 
4.314, 4.55), .Dim = c(11L, 40L), .Dimnames = list(NULL, c("Sampling", 
"PSO.cost", "PSO.gamma", "PSO.data.balancing", "PSO.feature.selection", 
"PSO.valid.acc", "PSO.test.acc", "PSO.train.time", "PSO.n.support.vectors", 
"PSO.index", "PSO.n.solutions", "PSO.generations", "PSO.n.evaluations", 
"PSO.cpu.time", "RS.cost", "RS.gamma", "RS.data.balancing", "RS.feature.selection", 
"RS.valid.acc", "RS.test.acc", "RS.train.time", "RS.n.support.vectors", 
"RS.index", "RS.n.solutions", "RS.generations", "RS.n.evaluations", 
"RS.cpu.time", "DF.cost", "DF.gamma", "DF.data.balancing", "DF.feature.selection", 
"DF.valid.acc", "DF.test.acc", "DF.train.time", "DF.n.support.vectors", 
"DF.index", "DF.n.solutions", "DF.generations", "DF.n.evaluations", 
"DF.cpu.time")))
