full <-
structure(c(50, 55, 60, 65, 70, 75, 80, 85, 90, 95, 100, 5.65145, 
14.03253, 4.46666, 6.37433, 4.56188, 3.27502, 4.55397, 3.2395, 
2.15585, 3.11535, 2.26596, -8.79967, -5.27509, -5.38202, -8.64429, 
-7.028, -5.86736, -7.19125, -7.22692, -5.60714, -5.77916, -5.69374, 
0, 0, 0, 0, 0, 0, 0, 0, 0, 0, 0, 0, 0, 0, 0, 0, 0, 0, 0, 0, 0, 
0, 0.80886, 0.82555, 0.83634, 0.8308, 0.84916, 0.82863, 0.84685, 
0.83796, 0.88382, 0.84735, 0.86472, 0.78741, 0.81404, 0.81181, 
0.80479, 0.82715, 0.81143, 0.85498, 0.81013, 0.86332, 0.83079, 
0.85168, 0.0803, 0.0962, 0.1111, 0.1011, 0.1131, 0.136, 0.1258, 
0.1342, 0.1629, 0.1722, 0.1927, 111.8, 135.4, 146.6, 137.2, 155.4, 
176.6, 172.2, 182, 210.2, 219.8, 232.7, 549, 804, 17, 337, 1445, 
444, 1011, 1201, 670, 797, 1697, 598, 124, 777, 93, 36, 59, 30, 
83, 333, 67, 6, 100, 100, 100, 100, 100, 100, 100, 100, 100, 
100, 100, 2500, 2500, 2500, 2500, 2500, 2500, 2500, 2500, 2500, 
2500, 2500, 9217.117, 9342.138, 10021.768, 9869.02699999999, 
10065.871, 10074.493, 10041.818, 10843.117, 11671.738, 11986.116, 
12401.72, 5.70065, 12.4268, 6.24013, 6.43678, 6.83756, 4.24358, 
8.96508, 3.09076, 1.81171, 11.01336, 2.70704, -8.43303, -5.28292, 
-5.4117, -8.60216, -7.20835, -5.6088, -7.1857, -7.20737, -5.29692, 
-5.61054, -5.52669, 0, 0, 0, 0, 0, 0, 0, 0, 0, 0, 0, 0, 0, 0, 
0, 0, 0, 0, 0, 0, 0, 0, 0.80886, 0.82555, 0.83634, 0.8308, 0.83702, 
0.82463, 0.84672, 0.83411, 0.87369, 0.84017, 0.85852, 0.78741, 
0.81404, 0.81181, 0.81368, 0.8228, 0.80743, 0.84056, 0.82381, 
0.8664, 0.82443, 0.84524, 0.0822, 0.0981, 0.1077, 0.0982, 0.1086, 
0.1324, 0.1268, 0.132, 0.1651, 0.1716, 0.1874, 112.8, 135.3, 
146.5, 137.2, 154.5, 178.2, 171.9, 182.1, 213.4, 221.7, 234.3, 
1426, 78, 16, 2073, 1405, 221, 205, 278, 1462, 169, 1488, 2, 
1, 7, 2, 1, 30, 8, 1, 2, 6, 2, 100, 100, 100, 100, 100, 100, 
100, 100, 100, 100, 100, 2500, 2500, 2500, 2500, 2500, 2500, 
2500, 2500, 2500, 2500, 2500, 9453.128, 9684.08000000001, 9907.38600000001, 
9884.00599999999, 9922.60100000001, 10152.557, 10637.725, 11500.518, 
11625.281, 12032.342, 12340.112, 1, 1, 1, 1, 1, 1, 1, 1, 1, 1, 
1, 0.01111, 0.01111, 0.01111, 0.01111, 0.01111, 0.01111, 0.01111, 
0.01111, 0.01111, 0.01111, 0.01111, 0, 0, 0, 0, 0, 0, 0, 0, 0, 
0, 0, 0, 0, 0, 0, 0, 0, 0, 0, 0, 0, 0, 0.69909, 0.7242, 0.7185, 
0.73125, 0.72243, 0.70231, 0.73577, 0.71732, 0.77485, 0.77063, 
0.76804, 0.66896, 0.68585, 0.73497, 0.71977, 0.72148, 0.71781, 
0.73151, 0.75059, 0.75777, 0.75946, 0.77187, 0.0918, 0.0995, 
0.1028, 0.1096, 0.1126, 0.1226, 0.1363, 0.1449, 0.1545, 0.1641, 
0.1835, 127, 138.1, 149.8, 161.7, 172.4, 184.4, 194.3, 207.2, 
217.4, 229.7, 245, 1, 1, 1, 1, 1, 1, 1, 1, 1, 1, 1, 1, 1, 1, 
1, 1, 1, 1, 1, 1, 1, 1, 1, 1, 1, 1, 1, 1, 1, 1, 1, 1, 1, 1, 1, 
1, 1, 1, 1, 1, 1, 1, 1, 1, 3.782, 3.894, 3.876, 3.962, 3.761, 
3.881, 4.365, 4.398, 4.63, 4.645, 5.077), .Dim = c(11L, 40L), .Dimnames = list(
    NULL, c("Sampling", "PSO.cost", "PSO.gamma", "PSO.data.balancing", 
    "PSO.feature.selection", "PSO.valid.acc", "PSO.test.acc", 
    "PSO.train.time", "PSO.n.support.vectors", "PSO.index", "PSO.n.solutions", 
    "PSO.generations", "PSO.n.evaluations", "PSO.cpu.time", "RS.cost", 
    "RS.gamma", "RS.data.balancing", "RS.feature.selection", 
    "RS.valid.acc", "RS.test.acc", "RS.train.time", "RS.n.support.vectors", 
    "RS.index", "RS.n.solutions", "RS.generations", "RS.n.evaluations", 
    "RS.cpu.time", "DF.cost", "DF.gamma", "DF.data.balancing", 
    "DF.feature.selection", "DF.valid.acc", "DF.test.acc", "DF.train.time", 
    "DF.n.support.vectors", "DF.index", "DF.n.solutions", "DF.generations", 
    "DF.n.evaluations", "DF.cpu.time")))
