full <-
structure(c(50, 55, 60, 65, 70, 75, 80, 85, 90, 95, 100, 3.33956, 
11.98253, 9.62287, 2.97073, 2.66929, 10.36096, 6.67361, 4.41335, 
7.76757, 4.39886, 5.83427, -6.50704, -6.12284, -7.80091, -6.25408, 
-5.78512, -5.84844, -6.78704, -5.49189, -6.11816, -6.8626, -6.4274, 
0, 0, 0, 0, 0, 0, 0, 0, 0, 0, 0, 0, 0, 0, 0, 0, 0, 0, 0, 0, 0, 
0, 0.78048, 0.79291, 0.76704, 0.834, 0.81606, 0.81559, 0.83898, 
0.81868, 0.85073, 0.85365, 0.88199, 0.76173, 0.76412, 0.75748, 
0.81821, 0.81932, 0.79142, 0.81974, 0.82763, 0.85396, 0.84075, 
0.86682, 0.0942, 0.1049, 0.1074, 0.12, 0.1316, 0.146, 0.1453, 
0.1605, 0.1688, 0.1702, 0.1928, 120.9, 134.8, 138.6, 156.9, 170.3, 
181, 180.2, 201.1, 206.5, 202.5, 220.9, 488, 28, 52, 1441, 2124, 
23, 113, 83, 99, 756, 423, 282, 1391, 1516, 16, 1, 1362, 412, 
1156, 1192, 65, 786, 100, 100, 100, 100, 100, 100, 100, 100, 
100, 100, 100, 2500, 2500, 2500, 2500, 2500, 2500, 2500, 2500, 
2500, 2500, 2500, 9959.143, 14325.289, 14576.007, 14647.643, 
15316.697, 15495.277, 15626.387, 15465.037, 15211.694, 16259.448, 
16733.248, 3.55012, 5.25109, 3.17252, 3.2563, 3.15749, 5.85235, 
8.46408, 3.51849, 10.38657, 4.48723, 4.27216, -6.49462, -7.80613, 
-6.49667, -6.65061, -6.07961, -5.87738, -6.98338, -5.71898, -6.07808, 
-6.82768, -6.64679, 0, 0, 0, 0, 0, 0, 0, 0, 0, 0, 0, 0, 0, 0, 
0, 0, 0, 0, 0, 0, 0, 0, 0.78048, 0.79764, 0.77025, 0.82965, 0.81206, 
0.81559, 0.83885, 0.81868, 0.85073, 0.85365, 0.87631, 0.76173, 
0.74918, 0.75113, 0.81042, 0.82332, 0.78725, 0.81219, 0.82018, 
0.85063, 0.83742, 0.86349, 0.0934, 0.1032, 0.1217, 0.1279, 0.1394, 
0.1423, 0.1385, 0.1586, 0.1701, 0.1784, 0.1801, 120.8, 129, 143, 
155.5, 168.1, 181.1, 179.6, 199.6, 206.4, 203.4, 217, 445, 115, 
735, 1521, 2462, 37, 54, 38, 438, 1751, 2412, 2, 2, 1, 2, 1, 
26, 13, 26, 11, 1, 1, 100, 100, 100, 100, 100, 100, 100, 100, 
100, 100, 100, 2500, 2500, 2500, 2500, 2500, 2500, 2500, 2500, 
2500, 2500, 2500, 13000.861, 14168.681, 14543.917, 15023.518, 
15185.461, 15344.504, 15631.612, 15524.849, 15484.917, 16984.952, 
16936.286, 1, 1, 1, 1, 1, 1, 1, 1, 1, 1, 1, 0.01111, 0.01111, 
0.01111, 0.01111, 0.01111, 0.01111, 0.01111, 0.01111, 0.01111, 
0.01111, 0.01111, 0, 0, 0, 0, 0, 0, 0, 0, 0, 0, 0, 0, 0, 0, 0, 
0, 0, 0, 0, 0, 0, 0, 0.6835, 0.66233, 0.66536, 0.70282, 0.69611, 
0.71929, 0.75626, 0.75761, 0.74497, 0.76018, 0.78512, 0.67281, 
0.63689, 0.6636, 0.68121, 0.72149, 0.71099, 0.75195, 0.74443, 
0.75531, 0.7763, 0.77915, 0.0988, 0.1068, 0.1164, 0.1317, 0.1406, 
0.1372, 0.1444, 0.1601, 0.1683, 0.1796, 0.1872, 125.1, 138.3, 
151.3, 164.1, 176.9, 188.9, 196.9, 206.6, 218.4, 229.1, 244, 
1, 1, 1, 1, 1, 1, 1, 1, 1, 1, 1, 1, 1, 1, 1, 1, 1, 1, 1, 1, 1, 
1, 1, 1, 1, 1, 1, 1, 1, 1, 1, 1, 1, 1, 1, 1, 1, 1, 1, 1, 1, 1, 
1, 1, 5.454, 5.722, 5.73, 6.375, 6.817, 5.712, 6.104, 6.354, 
6.556, 6.563, 6.256), .Dim = c(11L, 40L), .Dimnames = list(NULL, 
    c("Sampling", "PSO.cost", "PSO.gamma", "PSO.data.balancing", 
    "PSO.feature.selection", "PSO.valid.acc", "PSO.test.acc", 
    "PSO.train.time", "PSO.n.support.vectors", "PSO.index", "PSO.n.solutions", 
    "PSO.generations", "PSO.n.evaluations", "PSO.cpu.time", "RS.cost", 
    "RS.gamma", "RS.data.balancing", "RS.feature.selection", 
    "RS.valid.acc", "RS.test.acc", "RS.train.time", "RS.n.support.vectors", 
    "RS.index", "RS.n.solutions", "RS.generations", "RS.n.evaluations", 
    "RS.cpu.time", "DF.cost", "DF.gamma", "DF.data.balancing", 
    "DF.feature.selection", "DF.valid.acc", "DF.test.acc", "DF.train.time", 
    "DF.n.support.vectors", "DF.index", "DF.n.solutions", "DF.generations", 
    "DF.n.evaluations", "DF.cpu.time")))
