full <-
structure(c(50, 55, 60, 65, 70, 75, 80, 85, 90, 95, 100, 2.08868, 
2.73403, 3.48924, 6.35571, 6.50444, 3.28289, 4.59695, 1.88984, 
2.51087, 3.08253, 4.1623, -5.96596, -6.48108, -6.45545, -6.74943, 
-7.63709, -7.21774, -7.56978, -5.48723, -5.76494, -6.02212, -6.84559, 
0, 0, 0, 0, 0, 0, 0, 0, 0, 0, 0, 0, 0, 0, 0, 0, 0, 0, 0, 0, 0, 
0, 0.79094, 0.83189, 0.8347, 0.81652, 0.83884, 0.85995, 0.8381, 
0.85887, 0.86145, 0.86704, 0.855, 0.76091, 0.82446, 0.8336, 0.80435, 
0.81846, 0.83909, 0.82904, 0.83698, 0.86522, 0.84734, 0.83959, 
0.0917, 0.0975, 0.105, 0.1121, 0.1092, 0.1169, 0.1232, 0.1595, 
0.1677, 0.1687, 0.1652, 127.5, 137, 145.3, 155.6, 157.5, 171.6, 
177.3, 200.8, 213.7, 218.5, 217, 714, 568, 717, 179, 671, 789, 
78, 317, 984, 295, 515, 271, 48, 446, 158, 482, 120, 341, 642, 
36, 563, 367, 100, 100, 100, 100, 100, 100, 100, 100, 100, 100, 
100, 2500, 2500, 2500, 2500, 2500, 2500, 2500, 2500, 2500, 2500, 
2500, 8712.374, 8923.406, 9130.438, 9154.69500000001, 9344.253, 
9577.27900000001, 9672.77099999999, 10424.561, 10698.735, 10950.141, 
10869.808, 3.64598, 9.84356, 3.60978, 6.00542, 6.36338, 3.56237, 
5.62889, 1.81145, 11.68052, 3.05527, 4.30438, -6.36555, -7.37522, 
-6.50024, -6.73082, -7.64899, -7.99575, -7.2486, -5.63341, -5.80717, 
-6.05413, -6.76725, 0, 0, 0, 0, 0, 0, 0, 0, 0, 0, 0, 0, 0, 0, 
0, 0, 0, 0, 0, 0, 0, 0, 0.78428, 0.82715, 0.8347, 0.81652, 0.83884, 
0.85299, 0.83568, 0.85197, 0.85833, 0.86704, 0.85206, 0.75609, 
0.79038, 0.8386, 0.80435, 0.81846, 0.83421, 0.82206, 0.83008, 
0.85832, 0.85079, 0.8431, 0.0876, 0.0924, 0.1025, 0.1048, 0.1073, 
0.1125, 0.1295, 0.1574, 0.1662, 0.1648, 0.1694, 125.4, 131.5, 
145.1, 155.5, 157.4, 167.3, 178.2, 200.9, 213.2, 218.1, 217.5, 
1539, 410, 256, 1238, 243, 2133, 412, 819, 171, 1066, 1609, 2, 
11, 1, 1, 1, 1, 1, 2, 7, 1, 2, 100, 100, 100, 100, 100, 100, 
100, 100, 100, 100, 100, 2500, 2500, 2500, 2500, 2500, 2500, 
2500, 2500, 2500, 2500, 2500, 8723.924, 8996.694, 9114.866, 9198.283, 
9582.211, 9859.29400000001, 10182.553, 10425.564, 10622.019, 
11014.862, 11319.034, 1, 1, 1, 1, 1, 1, 1, 1, 1, 1, 1, 0.01111, 
0.01111, 0.01111, 0.01111, 0.01111, 0.01111, 0.01111, 0.01111, 
0.01111, 0.01111, 0.01111, 0, 0, 0, 0, 0, 0, 0, 0, 0, 0, 0, 0, 
0, 0, 0, 0, 0, 0, 0, 0, 0, 0, 0.68123, 0.68367, 0.72193, 0.73955, 
0.73611, 0.75109, 0.74183, 0.73164, 0.76357, 0.74686, 0.75998, 
0.6649, 0.70508, 0.74805, 0.72378, 0.72899, 0.74514, 0.74353, 
0.73112, 0.76713, 0.74362, 0.76636, 0.0872, 0.0979, 0.1073, 0.1073, 
0.1158, 0.1308, 0.1424, 0.1438, 0.1529, 0.1705, 0.173, 129.6, 
141.8, 153.8, 165.8, 177.9, 189.8, 199.1, 209.8, 221.6, 232.5, 
245, 1, 1, 1, 1, 1, 1, 1, 1, 1, 1, 1, 1, 1, 1, 1, 1, 1, 1, 1, 
1, 1, 1, 1, 1, 1, 1, 1, 1, 1, 1, 1, 1, 1, 1, 1, 1, 1, 1, 1, 1, 
1, 1, 1, 1, 3.384, 3.625, 3.752, 3.562, 3.668, 3.985, 4.184, 
4.019, 4.151, 4.555, 4.34), .Dim = c(11L, 40L), .Dimnames = list(
    NULL, c("Sampling", "PSO.cost", "PSO.gamma", "PSO.data.balancing", 
    "PSO.feature.selection", "PSO.valid.acc", "PSO.test.acc", 
    "PSO.train.time", "PSO.n.support.vectors", "PSO.index", "PSO.n.solutions", 
    "PSO.generations", "PSO.n.evaluations", "PSO.cpu.time", "RS.cost", 
    "RS.gamma", "RS.data.balancing", "RS.feature.selection", 
    "RS.valid.acc", "RS.test.acc", "RS.train.time", "RS.n.support.vectors", 
    "RS.index", "RS.n.solutions", "RS.generations", "RS.n.evaluations", 
    "RS.cpu.time", "DF.cost", "DF.gamma", "DF.data.balancing", 
    "DF.feature.selection", "DF.valid.acc", "DF.test.acc", "DF.train.time", 
    "DF.n.support.vectors", "DF.index", "DF.n.solutions", "DF.generations", 
    "DF.n.evaluations", "DF.cpu.time")))
