full <-
structure(c(50, 55, 60, 65, 70, 75, 80, 85, 90, 95, 100, 13.09509, 
9.97341, 8.09414, 2.35893, 2.47539, 2.60922, 9.47818, 7.16062, 
8.6295, 2.56738, 1.87384, -9.77649, -10.68598, -9.06616, -5.8711, 
-6.03393, -5.5867, -5.43326, -9.56462, -6.35496, -5.62328, -5.55308, 
0, 0, 0, 0, 0, 0, 0, 0, 0, 0, 0, 0, 0, 0, 0, 0, 0, 0, 0, 0, 0, 
0, 0.80897, 0.80711, 0.77883, 0.81891, 0.8369, 0.82927, 0.83462, 
0.82962, 0.84864, 0.8575, 0.86344, 0.80138, 0.75701, 0.75918, 
0.79739, 0.81043, 0.8251, 0.826, 0.81461, 0.82494, 0.84138, 0.84838, 
0.0836, 0.089, 0.0901, 0.1148, 0.117, 0.1288, 0.1391, 0.128, 
0.1492, 0.1759, 0.1957, 112.5, 121.2, 133.8, 160.3, 167.4, 178.6, 
190, 171.8, 202.2, 223.7, 235.4, 554, 907, 1334, 1975, 1807, 
1633, 125, 973, 7, 457, 1167, 326, 57, 238, 16, 2, 46, 298, 289, 
1137, 587, 187, 100, 100, 100, 100, 100, 100, 100, 100, 100, 
100, 100, 2500, 2500, 2500, 2500, 2500, 2500, 2500, 2500, 2500, 
2500, 2500, 8559.872, 8596.205, 8588.145, 9213.196, 9415.226, 
9848.379, 10364.866, 10176.557, 10802.491, 11492.209, 12398.856, 
14.87672, 10.32897, 13.95644, 3.36023, 2.48377, 7.53943, 4.04364, 
5.79459, 9.18883, 2.46346, 2.97486, -9.79325, -11.06516, -9.05731, 
-6.35635, -6.00402, -5.5957, -5.43245, -8.82218, -6.44659, -5.60295, 
-5.78163, 0, 0, 0, 0, 0, 0, 0, 0, 0, 0, 0, 0, 0, 0, 0, 0, 0, 
0, 0, 0, 0, 0, 0.80897, 0.80156, 0.77428, 0.80581, 0.82381, 0.82527, 
0.83462, 0.82605, 0.84864, 0.8575, 0.85471, 0.80763, 0.7459, 
0.74908, 0.79559, 0.81478, 0.8256, 0.826, 0.80771, 0.82494, 0.8446, 
0.84562, 0.0819, 0.088, 0.0923, 0.1103, 0.1237, 0.1286, 0.1408, 
0.1295, 0.1532, 0.1767, 0.1894, 112.6, 120.3, 133.6, 156.3, 168, 
178.2, 190, 174.2, 200.2, 223.8, 232.8, 216, 493, 377, 426, 1217, 
797, 2042, 1202, 169, 1942, 1698, 6, 3, 2, 1, 2, 3, 1, 1, 19, 
1, 1, 100, 100, 100, 100, 100, 100, 100, 100, 100, 100, 100, 
2500, 2500, 2500, 2500, 2500, 2500, 2500, 2500, 2500, 2500, 2500, 
8356.301, 8325.877, 8961.488, 9142.74000000001, 9631.761, 9525.046, 
10301.387, 10795.435, 11122.478, 11582.6, 12430.356, 1, 1, 1, 
1, 1, 1, 1, 1, 1, 1, 1, 0.01111, 0.01111, 0.01111, 0.01111, 0.01111, 
0.01111, 0.01111, 0.01111, 0.01111, 0.01111, 0.01111, 0, 0, 0, 
0, 0, 0, 0, 0, 0, 0, 0, 0, 0, 0, 0, 0, 0, 0, 0, 0, 0, 0, 0.66432, 
0.68027, 0.66942, 0.69692, 0.71122, 0.70672, 0.75315, 0.78352, 
0.78099, 0.76686, 0.77282, 0.6634, 0.69515, 0.65919, 0.71165, 
0.68325, 0.73049, 0.73855, 0.75854, 0.75739, 0.75753, 0.78798, 
0.0849, 0.09, 0.102, 0.1077, 0.1184, 0.1239, 0.1336, 0.1455, 
0.1539, 0.1648, 0.1787, 128.9, 142.8, 153.6, 166.1, 174.8, 185.9, 
196.8, 207.6, 218.3, 228.7, 244.6, 1, 1, 1, 1, 1, 1, 1, 1, 1, 
1, 1, 1, 1, 1, 1, 1, 1, 1, 1, 1, 1, 1, 1, 1, 1, 1, 1, 1, 1, 1, 
1, 1, 1, 1, 1, 1, 1, 1, 1, 1, 1, 1, 1, 1, 3.445, 3.304, 3.606, 
3.527, 3.835, 3.965, 4.12, 4.244, 4.418, 4.772, 4.805), .Dim = c(11L, 
40L), .Dimnames = list(NULL, c("Sampling", "PSO.cost", "PSO.gamma", 
"PSO.data.balancing", "PSO.feature.selection", "PSO.valid.acc", 
"PSO.test.acc", "PSO.train.time", "PSO.n.support.vectors", "PSO.index", 
"PSO.n.solutions", "PSO.generations", "PSO.n.evaluations", "PSO.cpu.time", 
"RS.cost", "RS.gamma", "RS.data.balancing", "RS.feature.selection", 
"RS.valid.acc", "RS.test.acc", "RS.train.time", "RS.n.support.vectors", 
"RS.index", "RS.n.solutions", "RS.generations", "RS.n.evaluations", 
"RS.cpu.time", "DF.cost", "DF.gamma", "DF.data.balancing", "DF.feature.selection", 
"DF.valid.acc", "DF.test.acc", "DF.train.time", "DF.n.support.vectors", 
"DF.index", "DF.n.solutions", "DF.generations", "DF.n.evaluations", 
"DF.cpu.time")))
