full <-
structure(c(50, 55, 60, 65, 70, 75, 80, 85, 90, 95, 100, 4.58852, 
8.7502, 5.99642, 3.28395, 2.90754, 9.16746, 3.55668, 3.1971, 
8.44344, 2.97828, 3.66399, -7.76756, -9.91342, -8.60115, -6.57038, 
-6.32811, -7.01152, -6.64628, -6.5174, -6.93827, -5.7825, -6.51154, 
0, 0, 0, 0, 0, 0, 0, 0, 0, 0, 0, 0, 0, 0, 0, 0, 0, 0, 0, 0, 0, 
0, 0.79427, 0.76196, 0.80812, 0.79922, 0.81601, 0.82665, 0.84897, 
0.86415, 0.87301, 0.86658, 0.86666, 0.7581, 0.74118, 0.74582, 
0.80302, 0.81844, 0.8189, 0.84039, 0.86511, 0.84326, 0.8572, 
0.84778, 0.0822, 0.0938, 0.0941, 0.1074, 0.1168, 0.1192, 0.131, 
0.1469, 0.1391, 0.1707, 0.1643, 119.2, 122.2, 132.3, 156.1, 165.8, 
169.1, 181.4, 192.3, 191.5, 218, 219.1, 604, 550, 415, 1357, 
843, 317, 562, 776, 250, 1418, 870, 191, 308, 260, 36, 29, 690, 
69, 66, 1187, 11, 188, 100, 100, 100, 100, 100, 100, 100, 100, 
100, 100, 100, 2500, 2500, 2500, 2500, 2500, 2500, 2500, 2500, 
2500, 2500, 2500, 8862.057, 9527.586, 9369.42800000001, 9172.21, 
9740.473, 9694.64600000001, 10044.558, 10680.534, 10100.974, 
11619.622, 11637.373, 5.33184, 9.36785, 6.67549, 3.22176, 4.64676, 
11.61463, 3.89972, 4.93596, 11.64133, 2.88456, 3.77455, -8.69198, 
-10.25311, -9.13083, -6.48678, -6.36855, -7.01024, -6.75646, 
-6.45075, -7.00643, -5.76478, -6.58184, 0, 0, 0, 0, 0, 0, 0, 
0, 0, 0, 0, 0, 0, 0, 0, 0, 0, 0, 0, 0, 0, 0, 0.78802, 0.75641, 
0.80286, 0.79922, 0.81428, 0.82665, 0.84171, 0.86125, 0.87301, 
0.86288, 0.86344, 0.77149, 0.73529, 0.74632, 0.79848, 0.80809, 
0.8189, 0.8481, 0.84722, 0.8467, 0.8572, 0.84778, 0.0859, 0.09, 
0.099, 0.1085, 0.1228, 0.1228, 0.1294, 0.1478, 0.1394, 0.1732, 
0.1697, 117.1, 120.9, 130.4, 156.6, 165.8, 169.1, 179.5, 193.4, 
190.5, 218.5, 218.5, 1726, 192, 518, 2149, 98, 2285, 1003, 322, 
33, 590, 2035, 1, 10, 4, 1, 11, 1, 1, 2, 5, 1, 1, 100, 100, 100, 
100, 100, 100, 100, 100, 100, 100, 100, 2500, 2500, 2500, 2500, 
2500, 2500, 2500, 2500, 2500, 2500, 2500, 9162.32, 9376.506, 
9528.647, 9323.054, 9879.932, 9813.55900000001, 10082.246, 10340.189, 
11109.481, 11579.383, 12224.558, 1, 1, 1, 1, 1, 1, 1, 1, 1, 1, 
1, 0.01111, 0.01111, 0.01111, 0.01111, 0.01111, 0.01111, 0.01111, 
0.01111, 0.01111, 0.01111, 0.01111, 0, 0, 0, 0, 0, 0, 0, 0, 0, 
0, 0, 0, 0, 0, 0, 0, 0, 0, 0, 0, 0, 0, 0.58616, 0.63098, 0.64191, 
0.66915, 0.69095, 0.72345, 0.73194, 0.75559, 0.73586, 0.77353, 
0.76697, 0.59543, 0.63709, 0.6602, 0.67061, 0.6995, 0.72739, 
0.7514, 0.74442, 0.74702, 0.76099, 0.75104, 0.0928, 0.0977, 0.1022, 
0.1086, 0.1167, 0.1247, 0.1331, 0.1433, 0.1559, 0.1626, 0.1757, 
130, 143.1, 155, 166.1, 178, 187.4, 198.8, 210.5, 219.8, 229.4, 
244.1, 1, 1, 1, 1, 1, 1, 1, 1, 1, 1, 1, 1, 1, 1, 1, 1, 1, 1, 
1, 1, 1, 1, 1, 1, 1, 1, 1, 1, 1, 1, 1, 1, 1, 1, 1, 1, 1, 1, 1, 
1, 1, 1, 1, 1, 3.752, 3.835, 3.583, 3.639, 3.983, 3.794, 3.872, 
4.067, 4.407, 4.462, 4.771), .Dim = c(11L, 40L), .Dimnames = list(
    NULL, c("Sampling", "PSO.cost", "PSO.gamma", "PSO.data.balancing", 
    "PSO.feature.selection", "PSO.valid.acc", "PSO.test.acc", 
    "PSO.train.time", "PSO.n.support.vectors", "PSO.index", "PSO.n.solutions", 
    "PSO.generations", "PSO.n.evaluations", "PSO.cpu.time", "RS.cost", 
    "RS.gamma", "RS.data.balancing", "RS.feature.selection", 
    "RS.valid.acc", "RS.test.acc", "RS.train.time", "RS.n.support.vectors", 
    "RS.index", "RS.n.solutions", "RS.generations", "RS.n.evaluations", 
    "RS.cpu.time", "DF.cost", "DF.gamma", "DF.data.balancing", 
    "DF.feature.selection", "DF.valid.acc", "DF.test.acc", "DF.train.time", 
    "DF.n.support.vectors", "DF.index", "DF.n.solutions", "DF.generations", 
    "DF.n.evaluations", "DF.cpu.time")))
