full <-
structure(c(50, 55, 60, 65, 70, 75, 80, 85, 90, 95, 100, 5.22748, 
8.73156, 5.34937, 2.2614, 5.02138, 3.21981, 3.77754, 3.01478, 
2.60699, 4.65322, 2.80211, -7.11826, -8.56026, -5.0009, -6.01945, 
-7.9952, -6.24988, -6.20785, -6.03319, -5.6609, -7.01924, -5.70882, 
0, 0, 0, 0, 0, 0, 0, 0, 0, 0, 0, 0, 0, 0, 0, 0, 0, 0, 0, 0, 0, 
0, 0.80718, 0.80635, 0.79362, 0.81333, 0.8068, 0.8177, 0.84551, 
0.84302, 0.84275, 0.83648, 0.8852, 0.78544, 0.78314, 0.7884, 
0.80993, 0.79018, 0.77569, 0.82914, 0.83254, 0.83255, 0.82334, 
0.86985, 0.0852, 0.0911, 0.1029, 0.1147, 0.1059, 0.1306, 0.1389, 
0.1527, 0.1647, 0.1533, 0.1872, 121.8, 128.2, 152.1, 160.9, 161.6, 
177.6, 186, 195, 211.6, 204.8, 233.3, 989, 47, 226, 209, 157, 
493, 361, 1047, 805, 111, 365, 266, 1158, 843, 88, 65, 128, 627, 
265, 523, 1298, 559, 100, 100, 100, 100, 100, 100, 100, 100, 
100, 100, 100, 2500, 2500, 2500, 2500, 2500, 2500, 2500, 2500, 
2500, 2500, 2500, 8584.006, 9275.053, 9111.113, 9570.894, 9507.216, 
9714.04700000001, 10145.709, 10609.929, 10933.899, 10880.509, 
11835.28, 7.78174, 9.21019, 12.18485, 11.5674, 8.68651, 2.96748, 
4.03436, 5.84643, 3.02594, 3.14327, 2.72856, -7.16245, -8.38158, 
-4.99977, -5.82655, -7.60704, -6.01765, -6.20303, -6.38822, -5.82028, 
-5.65583, -5.71978, 0, 0, 0, 0, 0, 0, 0, 0, 0, 0, 0, 0, 0, 0, 
0, 0, 0, 0, 0, 0, 0, 0, 0.8013, 0.80635, 0.79362, 0.809, 0.80265, 
0.8177, 0.84166, 0.83635, 0.83942, 0.83907, 0.8852, 0.78544, 
0.78314, 0.7884, 0.80019, 0.79457, 0.78439, 0.82914, 0.82209, 
0.82922, 0.84263, 0.86985, 0.0856, 0.0921, 0.1097, 0.1116, 0.1084, 
0.1277, 0.142, 0.1412, 0.1579, 0.1754, 0.1907, 121.7, 128.8, 
152.1, 161.4, 161.2, 178.9, 185.9, 190.3, 209.3, 221.5, 233, 
152, 159, 381, 184, 694, 312, 7, 1104, 1268, 184, 1706, 7, 18, 
6, 4, 14, 1, 1, 2, 1, 1, 1, 100, 100, 100, 100, 100, 100, 100, 
100, 100, 100, 100, 2500, 2500, 2500, 2500, 2500, 2500, 2500, 
2500, 2500, 2500, 2500, 8594.775, 8989.137, 9212.827, 9680.19699999999, 
9711.465, 9828.37700000001, 10448.995, 10574.254, 11104.997, 
11440.079, 12992.439, 1, 1, 1, 1, 1, 1, 1, 1, 1, 1, 1, 0.01111, 
0.01111, 0.01111, 0.01111, 0.01111, 0.01111, 0.01111, 0.01111, 
0.01111, 0.01111, 0.01111, 0, 0, 0, 0, 0, 0, 0, 0, 0, 0, 0, 0, 
0, 0, 0, 0, 0, 0, 0, 0, 0, 0, 0.6937, 0.69474, 0.70071, 0.72365, 
0.70791, 0.69727, 0.72869, 0.73149, 0.76152, 0.75365, 0.7788, 
0.69853, 0.72255, 0.71014, 0.69791, 0.7168, 0.70995, 0.74332, 
0.72869, 0.7712, 0.76669, 0.76961, 0.0885, 0.0948, 0.1061, 0.1068, 
0.1169, 0.1289, 0.1411, 0.1422, 0.1558, 0.1629, 0.1794, 129.5, 
142.4, 153.2, 165.8, 177.3, 187.1, 196.5, 207.4, 219.5, 230, 
245, 1, 1, 1, 1, 1, 1, 1, 1, 1, 1, 1, 1, 1, 1, 1, 1, 1, 1, 1, 
1, 1, 1, 1, 1, 1, 1, 1, 1, 1, 1, 1, 1, 1, 1, 1, 1, 1, 1, 1, 1, 
1, 1, 1, 1, 3.665, 3.538, 3.805, 3.512, 3.798, 4.034, 4.164, 
4.033, 4.43, 4.397, 5.337), .Dim = c(11L, 40L), .Dimnames = list(
    NULL, c("Sampling", "PSO.cost", "PSO.gamma", "PSO.data.balancing", 
    "PSO.feature.selection", "PSO.valid.acc", "PSO.test.acc", 
    "PSO.train.time", "PSO.n.support.vectors", "PSO.index", "PSO.n.solutions", 
    "PSO.generations", "PSO.n.evaluations", "PSO.cpu.time", "RS.cost", 
    "RS.gamma", "RS.data.balancing", "RS.feature.selection", 
    "RS.valid.acc", "RS.test.acc", "RS.train.time", "RS.n.support.vectors", 
    "RS.index", "RS.n.solutions", "RS.generations", "RS.n.evaluations", 
    "RS.cpu.time", "DF.cost", "DF.gamma", "DF.data.balancing", 
    "DF.feature.selection", "DF.valid.acc", "DF.test.acc", "DF.train.time", 
    "DF.n.support.vectors", "DF.index", "DF.n.solutions", "DF.generations", 
    "DF.n.evaluations", "DF.cpu.time")))
