full <-
structure(c(50, 55, 60, 65, 70, 75, 80, 85, 90, 95, 100, 6.37744, 
8.2901, 7.4871, 3.55902, 2.65317, 2.94134, 2.05215, 4.20816, 
1.79889, 2.94495, 4.11199, -9.24915, -10.82269, -10.21712, -6.61714, 
-5.89754, -6.61712, -4.95312, -6.43676, -5.47945, -6.15811, -6.8693, 
0, 0, 0, 0, 0, 0, 0, 0, 0, 0, 0, 0, 0, 0, 0, 0, 0, 0, 0, 0, 0, 
0, 0.78647, 0.78344, 0.77366, 0.80058, 0.82297, 0.80421, 0.82341, 
0.85442, 0.85043, 0.84816, 0.87085, 0.76194, 0.74895, 0.7359, 
0.75618, 0.79954, 0.80864, 0.81532, 0.83982, 0.83011, 0.81994, 
0.84421, 0.0823, 0.0881, 0.0982, 0.1141, 0.1203, 0.122, 0.1459, 
0.1458, 0.1651, 0.1676, 0.1557, 118.5, 124.7, 135.9, 157.2, 170.7, 
176.3, 198.9, 196.8, 216.4, 217.4, 216.3, 109, 305, 1597, 320, 
1438, 310, 1340, 354, 1360, 513, 296, 651, 205, 30, 342, 58, 
141, 106, 735, 25, 304, 551, 100, 100, 100, 100, 100, 100, 100, 
100, 100, 100, 100, 2500, 2500, 2500, 2500, 2500, 2500, 2500, 
2500, 2500, 2500, 2500, 8945.781, 9079.799, 9122.151, 9570.761, 
9729.394, 10056.611, 10384.64, 10646.733, 11173.473, 11284.042, 
11399.345, 6.66852, 8.27046, 7.56176, 3.53294, 2.94597, 3.78969, 
2.14166, 3.55027, 3.44668, 4.72202, 4.16002, -9.69775, -10.82754, 
-10.2161, -6.46008, -6.00893, -6.44318, -4.81249, -6.10372, -5.28809, 
-6.01271, -6.91087, 0, 0, 0, 0, 0, 0, 0, 0, 0, 0, 0, 0, 0, 0, 
0, 0, 0, 0, 0, 0, 0, 0, 0.7812, 0.78344, 0.76866, 0.80058, 0.82259, 
0.80036, 0.81961, 0.85072, 0.84652, 0.84504, 0.87085, 0.76749, 
0.74895, 0.7359, 0.75701, 0.79519, 0.80465, 0.80787, 0.85071, 
0.84313, 0.81973, 0.84421, 0.0816, 0.0881, 0.0951, 0.1167, 0.1189, 
0.1249, 0.1551, 0.1502, 0.1585, 0.1608, 0.1563, 118.1, 124.7, 
135.9, 158.1, 169.2, 178.9, 199.2, 201.1, 216.5, 218.6, 216.1, 
127, 2006, 490, 1170, 2275, 2326, 660, 30, 174, 1096, 1237, 4, 
1, 1, 2, 1, 1, 2, 4, 2, 1, 1, 100, 100, 100, 100, 100, 100, 100, 
100, 100, 100, 100, 2500, 2500, 2500, 2500, 2500, 2500, 2500, 
2500, 2500, 2500, 2500, 9276.156, 9432.124, 9453.176, 9638.22, 
9823.012, 10052.262, 10477.516, 10808.338, 11193.652, 11505.957, 
11910.465, 1, 1, 1, 1, 1, 1, 1, 1, 1, 1, 1, 0.01111, 0.01111, 
0.01111, 0.01111, 0.01111, 0.01111, 0.01111, 0.01111, 0.01111, 
0.01111, 0.01111, 0, 0, 0, 0, 0, 0, 0, 0, 0, 0, 0, 0, 0, 0, 0, 
0, 0, 0, 0, 0, 0, 0, 0.67531, 0.6591, 0.69525, 0.75984, 0.74671, 
0.75034, 0.75865, 0.76221, 0.76085, 0.76378, 0.7895, 0.66086, 
0.66744, 0.69322, 0.75172, 0.76394, 0.75463, 0.75923, 0.7464, 
0.75423, 0.75796, 0.76486, 0.088, 0.0991, 0.1067, 0.1089, 0.1214, 
0.1256, 0.1363, 0.1411, 0.1471, 0.1557, 0.169, 129.9, 142, 153.6, 
165.5, 177.6, 190.2, 200.7, 211.2, 221.2, 232.2, 245.2, 1, 1, 
1, 1, 1, 1, 1, 1, 1, 1, 1, 1, 1, 1, 1, 1, 1, 1, 1, 1, 1, 1, 1, 
1, 1, 1, 1, 1, 1, 1, 1, 1, 1, 1, 1, 1, 1, 1, 1, 1, 1, 1, 1, 1, 
3.584, 3.715, 3.851, 3.65, 4.007, 3.889, 4.06, 4.235, 4.349, 
4.458, 4.685), .Dim = c(11L, 40L), .Dimnames = list(NULL, c("Sampling", 
"PSO.cost", "PSO.gamma", "PSO.data.balancing", "PSO.feature.selection", 
"PSO.valid.acc", "PSO.test.acc", "PSO.train.time", "PSO.n.support.vectors", 
"PSO.index", "PSO.n.solutions", "PSO.generations", "PSO.n.evaluations", 
"PSO.cpu.time", "RS.cost", "RS.gamma", "RS.data.balancing", "RS.feature.selection", 
"RS.valid.acc", "RS.test.acc", "RS.train.time", "RS.n.support.vectors", 
"RS.index", "RS.n.solutions", "RS.generations", "RS.n.evaluations", 
"RS.cpu.time", "DF.cost", "DF.gamma", "DF.data.balancing", "DF.feature.selection", 
"DF.valid.acc", "DF.test.acc", "DF.train.time", "DF.n.support.vectors", 
"DF.index", "DF.n.solutions", "DF.generations", "DF.n.evaluations", 
"DF.cpu.time")))
