full <-
structure(c(50, 55, 60, 65, 70, 75, 80, 85, 90, 95, 100, 6.68836, 
7.52703, 14.48568, 8.86959, 3.58886, 4.05808, 5.90074, 4.7794, 
4.388, 1.94693, 1.78947, -8.41326, -8.86948, -6.99893, -5.57053, 
-6.31159, -6.66227, -6.68179, -7.32498, -7.22983, -5.85966, -5.14341, 
0, 0, 0, 0, 0, 0, 0, 0, 0, 0, 0, 0, 0, 0, 0, 0, 0, 0, 0, 0, 0, 
0, 0.81159, 0.79133, 0.77782, 0.80582, 0.80127, 0.83173, 0.81121, 
0.81108, 0.83836, 0.84825, 0.84643, 0.78044, 0.76958, 0.75604, 
0.75699, 0.80263, 0.8027, 0.80409, 0.80058, 0.83079, 0.83491, 
0.84965, 0.0861, 0.0969, 0.1048, 0.1186, 0.1295, 0.1267, 0.1362, 
0.1407, 0.148, 0.1758, 0.1993, 116.1, 125.9, 140.5, 158.6, 163.6, 
170, 178.6, 183.6, 193.3, 221.4, 240.4, 1096, 547, 143, 44, 149, 
801, 124, 1291, 292, 689, 928, 40, 122, 690, 1393, 671, 265, 
432, 56, 156, 352, 223, 100, 100, 100, 100, 100, 100, 100, 100, 
100, 100, 100, 2500, 2500, 2500, 2500, 2500, 2500, 2500, 2500, 
2500, 2500, 2500, 9030.863, 11231.544, 11297.461, 11730.188, 
12020.623, 11969.084, 12303.102, 12664.318, 11899.514, 11680.134, 
12041.468, 6.87154, 14.42043, 6.76897, 12.88334, 3.84231, 4.29285, 
8.71382, 4.82417, 5.62816, 2.44642, 1.78417, -8.44885, -8.87879, 
-6.9731, -5.54003, -6.2883, -6.65759, -6.77378, -7.36429, -7.23372, 
-6.17104, -5.17213, 0, 0, 0, 0, 0, 0, 0, 0, 0, 0, 0, 0, 0, 0, 
0, 0, 0, 0, 0, 0, 0, 0, 0.81117, 0.78508, 0.77782, 0.80582, 0.80127, 
0.82753, 0.81121, 0.81108, 0.83527, 0.8418, 0.84643, 0.78044, 
0.76958, 0.75604, 0.76199, 0.79878, 0.8067, 0.80064, 0.80058, 
0.82051, 0.83825, 0.84965, 0.0865, 0.0982, 0.1047, 0.1179, 0.1211, 
0.1285, 0.1369, 0.1395, 0.1477, 0.1722, 0.194, 116, 125.4, 140.6, 
158.7, 163.6, 170.1, 177.4, 183.6, 193.5, 216.9, 240.1, 114, 
215, 783, 45, 331, 1658, 434, 2486, 65, 158, 2274, 1, 11, 4, 
22, 1, 1, 4, 1, 3, 2, 1, 100, 100, 100, 100, 100, 100, 100, 100, 
100, 100, 100, 2500, 2500, 2500, 2500, 2500, 2500, 2500, 2500, 
2500, 2500, 2500, 8976.92, 11616.158, 11406.855, 12259.533, 11856.711, 
12181.851, 13161.976, 13038.27, 11509.93, 11726.764, 12110.87, 
1, 1, 1, 1, 1, 1, 1, 1, 1, 1, 1, 0.01111, 0.01111, 0.01111, 0.01111, 
0.01111, 0.01111, 0.01111, 0.01111, 0.01111, 0.01111, 0.01111, 
0, 0, 0, 0, 0, 0, 0, 0, 0, 0, 0, 0, 0, 0, 0, 0, 0, 0, 0, 0, 0, 
0, 0.6597, 0.66069, 0.69592, 0.68477, 0.72098, 0.74208, 0.72192, 
0.74602, 0.74461, 0.77106, 0.75708, 0.65237, 0.66791, 0.7022, 
0.69243, 0.72207, 0.76769, 0.73498, 0.74254, 0.76177, 0.78113, 
0.75931, 0.0849, 0.1003, 0.1077, 0.117, 0.1229, 0.1311, 0.1469, 
0.1516, 0.1597, 0.1656, 0.1787, 129.7, 141, 153.7, 166.3, 175.6, 
187.5, 199.3, 208.7, 218.9, 231.1, 243.5, 1, 1, 1, 1, 1, 1, 1, 
1, 1, 1, 1, 1, 1, 1, 1, 1, 1, 1, 1, 1, 1, 1, 1, 1, 1, 1, 1, 1, 
1, 1, 1, 1, 1, 1, 1, 1, 1, 1, 1, 1, 1, 1, 1, 1, 3.433, 4.527, 
4.56, 4.688, 4.796, 4.802, 5.441, 5.096, 4.511, 4.622, 4.806), .Dim = c(11L, 
40L), .Dimnames = list(NULL, c("Sampling", "PSO.cost", "PSO.gamma", 
"PSO.data.balancing", "PSO.feature.selection", "PSO.valid.acc", 
"PSO.test.acc", "PSO.train.time", "PSO.n.support.vectors", "PSO.index", 
"PSO.n.solutions", "PSO.generations", "PSO.n.evaluations", "PSO.cpu.time", 
"RS.cost", "RS.gamma", "RS.data.balancing", "RS.feature.selection", 
"RS.valid.acc", "RS.test.acc", "RS.train.time", "RS.n.support.vectors", 
"RS.index", "RS.n.solutions", "RS.generations", "RS.n.evaluations", 
"RS.cpu.time", "DF.cost", "DF.gamma", "DF.data.balancing", "DF.feature.selection", 
"DF.valid.acc", "DF.test.acc", "DF.train.time", "DF.n.support.vectors", 
"DF.index", "DF.n.solutions", "DF.generations", "DF.n.evaluations", 
"DF.cpu.time")))
