full <-
structure(c(50, 55, 60, 65, 70, 75, 80, 85, 90, 95, 100, 7.99128, 
6.9514, 6.23623, 3.9472, 5.23518, 14.00614, 3.08366, 8.29324, 
3.26846, 6.74056, 5.16495, -5.92182, -4.66626, -3.37455, -2.46866, 
-3.36103, -7.96941, -3.37578, -2.75066, -2.26672, -4.40596, -3.29498, 
0, 0, 0, 0, 0, 0, 0, 0, 0, 0, 0, 0, 0, 0, 0, 0, 0, 0, 0, 0, 0, 
0, 0.75, 0.82667, 0.78667, 0.74429, 0.71905, 0.78155, 0.77143, 
0.78651, 0.78889, 0.79, 0.71778, 0.67167, 0.80667, 0.77, 0.72905, 
0.70417, 0.73988, 0.68214, 0.68929, 0.73056, 0.77889, 0.74, 0.0086, 
0.0098, 0.0098, 0.0097, 0.0095, 0.0262, 0.0101, 0.0108, 0.0124, 
0.0116, 0.0115, 28.6, 29.8, 32.7, 38.3, 39.3, 36.4, 49.4, 47.9, 
53, 45.1, 48.8, 743, 51, 627, 599, 63, 77, 1778, 53, 1376, 217, 
468, 65, 627, 59, 412, 250, 1074, 22, 1361, 70, 332, 211, 100, 
100, 100, 100, 100, 100, 100, 100, 100, 100, 100, 2500, 2500, 
2500, 2500, 2500, 2500, 2500, 2500, 2500, 2500, 2500, 6481.266, 
6601.073, 6624.14, 6638.75, 6663.258, 6925.53600000001, 7946.781, 
8680.269, 8949.284, 9094.37600000002, 8851.65700000001, 6.64805, 
6.12453, 5.45916, 13.45357, 6.1707, 14.98783, 3.75681, 6.62911, 
9.92133, 6.35529, 5.55865, -5.28158, -3.92762, -3.26063, -7.53545, 
-3.8931, -8.02166, -3.76068, -2.9178, -2.21985, -4.25515, -3.43532, 
0, 0, 0, 0, 0, 0, 0, 0, 0, 0, 0, 0, 0, 0, 0, 0, 0, 0, 0, 0, 0, 
0, 0.73, 0.82667, 0.76667, 0.73, 0.71905, 0.78155, 0.77143, 0.78651, 
0.7875, 0.79, 0.71778, 0.68833, 0.80667, 0.73333, 0.61714, 0.70179, 
0.73988, 0.69464, 0.70357, 0.73056, 0.76778, 0.74, 0.0092, 0.0095, 
0.0092, 0.0172, 0.0098, 0.0322, 0.0107, 0.0116, 0.0108, 0.0126, 
0.0128, 28.8, 29.7, 33.8, 30.3, 37.8, 34.2, 48.8, 47.3, 50.6, 
45.4, 47.2, 58, 53, 105, 626, 528, 72, 654, 37, 186, 190, 532, 
8, 23, 32, 5, 2, 8, 1, 28, 16, 10, 3, 100, 100, 100, 100, 100, 
100, 100, 100, 100, 100, 100, 2500, 2500, 2500, 2500, 2500, 2500, 
2500, 2500, 2500, 2500, 2500, 6655.353, 6725.037, 6631.66800000001, 
6666.31600000001, 6644.386, 6409.833, 8392.121, 8850.62800000001, 
8873.848, 8979.70299999998, 8911.26500000001, 1, 1, 1, 1, 1, 
1, 1, 1, 1, 1, 1, 0.25, 0.25, 0.25, 0.25, 0.25, 0.25, 0.25, 0.25, 
0.25, 0.25, 0.25, 0, 0, 0, 0, 0, 0, 0, 0, 0, 0, 0, 0, 0, 0, 0, 
0, 0, 0, 0, 0, 0, 0, 0.46167, 0.53333, 0.62, 0.58286, 0.57976, 
0.63929, 0.64881, 0.63988, 0.60278, 0.68111, 0.66667, 0.43, 0.55167, 
0.62333, 0.59857, 0.57262, 0.65298, 0.63869, 0.66706, 0.60278, 
0.67, 0.64444, 0.0088, 0.0091, 0.0088, 0.0097, 0.009, 0.0092, 
0.0105, 0.0108, 0.0127, 0.0108, 0.0122, 35.7, 38.7, 42.7, 46.1, 
50.5, 53.9, 57.9, 60.8, 62.8, 67.6, 68.5, 1, 1, 1, 1, 1, 1, 1, 
1, 1, 1, 1, 1, 1, 1, 1, 1, 1, 1, 1, 1, 1, 1, 1, 1, 1, 1, 1, 1, 
1, 1, 1, 1, 1, 1, 1, 1, 1, 1, 1, 1, 1, 1, 1, 1, 2.698, 2.685, 
2.65, 2.674, 2.659, 2.616, 3.317, 3.399, 3.818, 3.44, 3.776), .Dim = c(11L, 
40L), .Dimnames = list(NULL, c("Sampling", "PSO.cost", "PSO.gamma", 
"PSO.data.balancing", "PSO.feature.selection", "PSO.valid.acc", 
"PSO.test.acc", "PSO.train.time", "PSO.n.support.vectors", "PSO.index", 
"PSO.n.solutions", "PSO.generations", "PSO.n.evaluations", "PSO.cpu.time", 
"RS.cost", "RS.gamma", "RS.data.balancing", "RS.feature.selection", 
"RS.valid.acc", "RS.test.acc", "RS.train.time", "RS.n.support.vectors", 
"RS.index", "RS.n.solutions", "RS.generations", "RS.n.evaluations", 
"RS.cpu.time", "DF.cost", "DF.gamma", "DF.data.balancing", "DF.feature.selection", 
"DF.valid.acc", "DF.test.acc", "DF.train.time", "DF.n.support.vectors", 
"DF.index", "DF.n.solutions", "DF.generations", "DF.n.evaluations", 
"DF.cpu.time")))
