full <-
structure(c(50, 55, 60, 65, 70, 75, 80, 85, 90, 95, 100, 14.25293, 
11.64354, 12.96149, 6.41654, 7.07604, 10.82093, 13.83397, 8.1773, 
6.98005, 9.10091, 2.65647, -8.16751, -6.88604, -6.76362, -4.45613, 
-5.39106, -5.67407, -6.76573, -4.73257, -2.57642, -3.09008, -2.77089, 
0, 0, 0, 0, 0, 0, 0, 0, 0, 0, 0, 0, 0, 0, 0, 0, 0, 0, 0, 0, 0, 
0, 0.675, 0.75, 0.70238, 0.75619, 0.77286, 0.77738, 0.7875, 0.79028, 
0.775, 0.76778, 0.77444, 0.62833, 0.7, 0.6881, 0.73857, 0.70143, 
0.725, 0.75, 0.7506, 0.74278, 0.72556, 0.71111, 0.0277, 0.0132, 
0.0154, 0.0099, 0.0092, 0.0138, 0.0214, 0.0119, 0.011, 0.0104, 
0.0105, 26.8, 29.5, 28.9, 36.7, 40, 33.5, 34.3, 38.6, 48.5, 46.7, 
57.1, 18, 34, 20, 81, 827, 275, 71, 158, 62, 255, 347, 91, 276, 
519, 205, 41, 160, 1465, 641, 1404, 1202, 622, 100, 100, 100, 
100, 100, 100, 100, 100, 100, 100, 100, 2500, 2500, 2500, 2500, 
2500, 2500, 2500, 2500, 2500, 2500, 2500, 6426.641, 6524.691, 
6590.087, 6217.601, 6184.929, 6527.364, 6896.31600000001, 6561.423, 
6397.59700000001, 6429.51800000001, 6475.73899999999, 14.11025, 
11.66254, 6.34308, 6.30985, 6.60605, 11.60542, 14.31183, 8.51687, 
8.74835, 7.69741, 3.03619, -8.09953, -6.06502, -2.80505, -4.48094, 
-5.10939, -6.01479, -6.80365, -4.85425, -2.59014, -3.05878, -2.84835, 
0, 0, 0, 0, 0, 0, 0, 0, 0, 0, 0, 0, 0, 0, 0, 0, 0, 0, 0, 0, 0, 
0, 0.675, 0.75, 0.70238, 0.75619, 0.77286, 0.77738, 0.7875, 0.79028, 
0.775, 0.76778, 0.77444, 0.62833, 0.73333, 0.6481, 0.75286, 0.71571, 
0.69821, 0.75, 0.7506, 0.74278, 0.72556, 0.74333, 0.0202, 0.0149, 
0.009, 0.0089, 0.0097, 0.0151, 0.0229, 0.0121, 0.0099, 0.0109, 
0.0109, 26.9, 27.3, 35.1, 36.9, 40.1, 33.4, 34.3, 38.3, 48.4, 
47.1, 55.8, 1140, 893, 298, 708, 66, 2184, 24, 72, 153, 354, 
374, 1, 2, 9, 4, 1, 1, 9, 5, 22, 5, 3, 100, 100, 100, 100, 100, 
100, 100, 100, 100, 100, 100, 2500, 2500, 2500, 2500, 2500, 2500, 
2500, 2500, 2500, 2500, 2500, 6340.733, 6242.673, 6523.773, 6193.768, 
6312.85000000001, 6556.356, 6560.08199999999, 6432.25499999999, 
6441.867, 6527.35500000001, 6516.17499999999, 1, 1, 1, 1, 1, 
1, 1, 1, 1, 1, 1, 0.25, 0.25, 0.25, 0.25, 0.25, 0.25, 0.25, 0.25, 
0.25, 0.25, 0.25, 0, 0, 0, 0, 0, 0, 0, 0, 0, 0, 0, 0, 0, 0, 0, 
0, 0, 0, 0, 0, 0, 0, 0.49167, 0.46833, 0.45714, 0.59667, 0.62762, 
0.63988, 0.63036, 0.66587, 0.58944, 0.62778, 0.65556, 0.45833, 
0.46, 0.51286, 0.62524, 0.64524, 0.64226, 0.60714, 0.67183, 0.62556, 
0.70667, 0.62333, 0.0089, 0.008, 0.0089, 0.009, 0.0098, 0.0101, 
0.0101, 0.0105, 0.0098, 0.0108, 0.0107, 36.2, 40.5, 44.7, 48.5, 
51.6, 54.9, 58.6, 62.3, 64.3, 67.1, 67.9, 1, 1, 1, 1, 1, 1, 1, 
1, 1, 1, 1, 1, 1, 1, 1, 1, 1, 1, 1, 1, 1, 1, 1, 1, 1, 1, 1, 1, 
1, 1, 1, 1, 1, 1, 1, 1, 1, 1, 1, 1, 1, 1, 1, 1, 2.508, 2.413, 
2.691, 2.436, 2.511, 2.621, 2.55, 2.585, 2.513, 2.632, 2.575), .Dim = c(11L, 
40L), .Dimnames = list(NULL, c("Sampling", "PSO.cost", "PSO.gamma", 
"PSO.data.balancing", "PSO.feature.selection", "PSO.valid.acc", 
"PSO.test.acc", "PSO.train.time", "PSO.n.support.vectors", "PSO.index", 
"PSO.n.solutions", "PSO.generations", "PSO.n.evaluations", "PSO.cpu.time", 
"RS.cost", "RS.gamma", "RS.data.balancing", "RS.feature.selection", 
"RS.valid.acc", "RS.test.acc", "RS.train.time", "RS.n.support.vectors", 
"RS.index", "RS.n.solutions", "RS.generations", "RS.n.evaluations", 
"RS.cpu.time", "DF.cost", "DF.gamma", "DF.data.balancing", "DF.feature.selection", 
"DF.valid.acc", "DF.test.acc", "DF.train.time", "DF.n.support.vectors", 
"DF.index", "DF.n.solutions", "DF.generations", "DF.n.evaluations", 
"DF.cpu.time")))
