full <-
structure(c(50, 55, 60, 65, 70, 75, 80, 85, 90, 95, 100, 5.8535, 
4.82784, 14.97875, 5.75119, 13.93711, 6.6305, 8.95407, 4.41112, 
14.48204, 14.84536, 4.57706, -3.31945, -4.29648, -7.53019, -2.89944, 
-6.44722, -4.02793, -4.84732, -2.83716, -9.18076, -8.27573, -2.95605, 
0, 0, 0, 0, 0, 0, 0, 0, 0, 0, 0, 0, 0, 0, 0, 0, 0, 0, 0, 0, 0, 
0, 0.73333, 0.70667, 0.76333, 0.80238, 0.83571, 0.75714, 0.79881, 
0.80198, 0.81389, 0.83444, 0.77444, 0.70333, 0.67167, 0.68333, 
0.80238, 0.74286, 0.70357, 0.74385, 0.7881, 0.70833, 0.75889, 
0.72111, 0.0078, 0.0081, 0.0165, 0.009, 0.0151, 0.0098, 0.0111, 
0.0098, 0.0231, 0.0363, 0.0103, 28.4, 31.7, 27.8, 37.5, 31.5, 
38.1, 37.3, 48.3, 47.4, 41.7, 51.4, 590, 843, 220, 374, 381, 
251, 135, 795, 123, 117, 184, 304, 52, 125, 363, 382, 62, 175, 
416, 100, 213, 555, 100, 100, 100, 100, 100, 100, 100, 100, 100, 
100, 100, 2500, 2500, 2500, 2500, 2500, 2500, 2500, 2500, 2500, 
2500, 2500, 6011.703, 5912.809, 6050.764, 5819.409, 5962.995, 
5939.07, 6022.067, 6028.60200000001, 6230.95999999999, 6307.75, 
6073.815, 4.63522, 5.19232, 3.5338, 6.30984, 14.28166, 9.26932, 
13.02688, 6.39302, 12.23641, 11.15088, 6.22317, -2.759, -4.55631, 
-2.30434, -3.14035, -6.12044, -5.445, -4.39152, -3.69657, -8.03072, 
-6.98291, -2.9109, 0, 0, 0, 0, 0, 0, 0, 0, 0, 0, 0, 0, 0, 0, 
0, 0, 0, 0, 0, 0, 0, 0, 0.71333, 0.70667, 0.76, 0.80238, 0.80714, 
0.75714, 0.78452, 0.7881, 0.81389, 0.83444, 0.76333, 0.70333, 
0.67167, 0.68333, 0.80238, 0.72857, 0.68869, 0.75635, 0.78948, 
0.70833, 0.76889, 0.71, 0.0082, 0.008, 0.0083, 0.0089, 0.0143, 
0.0107, 0.0103, 0.0098, 0.0155, 0.0149, 0.0098, 30.3, 31.2, 37.5, 
36.4, 31.4, 36.4, 36.7, 43, 47.2, 45.6, 48.9, 200, 540, 667, 
1039, 243, 705, 105, 542, 891, 82, 137, 5, 2, 2, 3, 7, 3, 47, 
1, 1, 18, 27, 100, 100, 100, 100, 100, 100, 100, 100, 100, 100, 
100, 2500, 2500, 2500, 2500, 2500, 2500, 2500, 2500, 2500, 2500, 
2500, 6047.44, 5909.236, 5888.542, 5834.14, 5805.458, 5954.45799999999, 
6015.49099999999, 6101.976, 6089.035, 6083.07400000001, 6066.73900000002, 
1, 1, 1, 1, 1, 1, 1, 1, 1, 1, 1, 0.25, 0.25, 0.25, 0.25, 0.25, 
0.25, 0.25, 0.25, 0.25, 0.25, 0.25, 0, 0, 0, 0, 0, 0, 0, 0, 0, 
0, 0, 0, 0, 0, 0, 0, 0, 0, 0, 0, 0, 0, 0.59667, 0.58833, 0.62333, 
0.60476, 0.58571, 0.52143, 0.62341, 0.63254, 0.70972, 0.68, 0.64556, 
0.66, 0.53167, 0.55667, 0.64048, 0.62619, 0.6125, 0.60774, 0.62004, 
0.69722, 0.68222, 0.60333, 0.0073, 0.008, 0.0084, 0.0085, 0.0086, 
0.009, 0.009, 0.0095, 0.0088, 0.0096, 0.0101, 36.5, 40, 42.4, 
46.3, 49.9, 54.5, 57.6, 61.6, 64.3, 66.7, 68.2, 1, 1, 1, 1, 1, 
1, 1, 1, 1, 1, 1, 1, 1, 1, 1, 1, 1, 1, 1, 1, 1, 1, 1, 1, 1, 1, 
1, 1, 1, 1, 1, 1, 1, 1, 1, 1, 1, 1, 1, 1, 1, 1, 1, 1, 2.274, 
2.367, 2.357, 2.315, 2.326, 2.337, 2.397, 2.472, 2.429, 2.445, 
2.426), .Dim = c(11L, 40L), .Dimnames = list(NULL, c("Sampling", 
"PSO.cost", "PSO.gamma", "PSO.data.balancing", "PSO.feature.selection", 
"PSO.valid.acc", "PSO.test.acc", "PSO.train.time", "PSO.n.support.vectors", 
"PSO.index", "PSO.n.solutions", "PSO.generations", "PSO.n.evaluations", 
"PSO.cpu.time", "RS.cost", "RS.gamma", "RS.data.balancing", "RS.feature.selection", 
"RS.valid.acc", "RS.test.acc", "RS.train.time", "RS.n.support.vectors", 
"RS.index", "RS.n.solutions", "RS.generations", "RS.n.evaluations", 
"RS.cpu.time", "DF.cost", "DF.gamma", "DF.data.balancing", "DF.feature.selection", 
"DF.valid.acc", "DF.test.acc", "DF.train.time", "DF.n.support.vectors", 
"DF.index", "DF.n.solutions", "DF.generations", "DF.n.evaluations", 
"DF.cpu.time")))
