full <-
structure(c(50, 55, 60, 65, 70, 75, 80, 85, 90, 95, 100, 8.11033, 
9.85844, 8.98319, 6.68064, 13.1826, 8.25685, 8.24175, 3.90264, 
7.74407, 6.55719, 5.55928, -7.68151, -3.09268, -5.07261, -3.47725, 
-3.13229, -5.87268, -5.26298, -3.40872, -4.68303, -3.09175, -3.48375, 
0, 0, 0, 0, 0, 0, 0, 0, 0, 0, 0, 0, 0, 0, 0, 0, 0, 0, 0, 0, 0, 
0, 0.64, 0.74833, 0.76714, 0.7481, 0.73214, 0.76667, 0.80357, 
0.76806, 0.78056, 0.79111, 0.79778, 0.52833, 0.69833, 0.6819, 
0.71476, 0.69464, 0.7506, 0.73929, 0.66587, 0.77778, 0.81333, 
0.74556, 0.0081, 0.0086, 0.0102, 0.0088, 0.0086, 0.0097, 0.0104, 
0.0089, 0.0108, 0.011, 0.0105, 28.1, 31.1, 30.2, 35.3, 37.5, 
40.1, 38.8, 48.5, 40.5, 46.4, 46.5, 90, 77, 468, 580, 1052, 53, 
178, 1075, 117, 29, 1135, 624, 1266, 283, 49, 37, 180, 199, 46, 
96, 1446, 74, 100, 100, 100, 100, 100, 100, 100, 100, 100, 100, 
100, 2500, 2500, 2500, 2500, 2500, 2500, 2500, 2500, 2500, 2500, 
2500, 5968.321, 6127.475, 6299.04, 6159.778, 5982.354, 6041.967, 
6301.106, 6235.372, 6338.507, 6536.37300000001, 6403.425, 8.08261, 
10.81466, 8.94482, 6.6136, 6.79712, 9.85775, 7.23296, 5.24329, 
14.68801, 5.52982, 6.18079, -7.40057, -3.0314, -5.0429, -3.49055, 
-3.1031, -6.65784, -4.68689, -4.41162, -2.25452, -3.05978, -3.78488, 
0, 0, 0, 0, 0, 0, 0, 0, 0, 0, 0, 0, 0, 0, 0, 0, 0, 0, 0, 0, 0, 
0, 0.64, 0.74833, 0.76714, 0.7481, 0.71786, 0.76667, 0.80357, 
0.74306, 0.77917, 0.79111, 0.78667, 0.50833, 0.69833, 0.6819, 
0.71476, 0.69464, 0.7506, 0.72679, 0.65655, 0.74306, 0.82444, 
0.73444, 0.0085, 0.0092, 0.0104, 0.0093, 0.0082, 0.0106, 0.01, 
0.0097, 0.0105, 0.0104, 0.011, 27.5, 31.5, 30.1, 35.3, 37.5, 
39.7, 39.5, 48.4, 52.2, 47.1, 45.3, 434, 42, 323, 799, 124, 41, 
169, 405, 230, 61, 817, 17, 29, 2, 2, 13, 8, 7, 3, 15, 40, 1, 
100, 100, 100, 100, 100, 100, 100, 100, 100, 100, 100, 2500, 
2500, 2500, 2500, 2500, 2500, 2500, 2500, 2500, 2500, 2500, 6045.972, 
6247.002, 6119.305, 6092.127, 6026.192, 6253.576, 6171.289, 6272.792, 
6439.219, 6293.333, 6509.834, 1, 1, 1, 1, 1, 1, 1, 1, 1, 1, 1, 
0.25, 0.25, 0.25, 0.25, 0.25, 0.25, 0.25, 0.25, 0.25, 0.25, 0.25, 
0, 0, 0, 0, 0, 0, 0, 0, 0, 0, 0, 0, 0, 0, 0, 0, 0, 0, 0, 0, 0, 
0, 0.54, 0.57333, 0.70548, 0.65905, 0.5625, 0.53988, 0.63214, 
0.61825, 0.61667, 0.64889, 0.62778, 0.56167, 0.59833, 0.69857, 
0.64571, 0.59167, 0.59583, 0.63571, 0.58075, 0.60556, 0.66111, 
0.67778, 0.0079, 0.0087, 0.009, 0.0082, 0.0093, 0.0097, 0.0089, 
0.0094, 0.0099, 0.0094, 0.0106, 35.9, 38, 41.1, 45.1, 49.3, 52.2, 
55.3, 60.5, 63.2, 66.9, 68.3, 1, 1, 1, 1, 1, 1, 1, 1, 1, 1, 1, 
1, 1, 1, 1, 1, 1, 1, 1, 1, 1, 1, 1, 1, 1, 1, 1, 1, 1, 1, 1, 1, 
1, 1, 1, 1, 1, 1, 1, 1, 1, 1, 1, 1, 2.38, 2.575, 2.539, 2.361, 
2.492, 2.624, 2.337, 2.469, 2.56, 2.436, 2.623), .Dim = c(11L, 
40L), .Dimnames = list(NULL, c("Sampling", "PSO.cost", "PSO.gamma", 
"PSO.data.balancing", "PSO.feature.selection", "PSO.valid.acc", 
"PSO.test.acc", "PSO.train.time", "PSO.n.support.vectors", "PSO.index", 
"PSO.n.solutions", "PSO.generations", "PSO.n.evaluations", "PSO.cpu.time", 
"RS.cost", "RS.gamma", "RS.data.balancing", "RS.feature.selection", 
"RS.valid.acc", "RS.test.acc", "RS.train.time", "RS.n.support.vectors", 
"RS.index", "RS.n.solutions", "RS.generations", "RS.n.evaluations", 
"RS.cpu.time", "DF.cost", "DF.gamma", "DF.data.balancing", "DF.feature.selection", 
"DF.valid.acc", "DF.test.acc", "DF.train.time", "DF.n.support.vectors", 
"DF.index", "DF.n.solutions", "DF.generations", "DF.n.evaluations", 
"DF.cpu.time")))
