full <-
structure(c(50, 55, 60, 65, 70, 75, 80, 85, 90, 95, 100, 3.09471, 
10.43395, 5.5387, 7.90421, 13.60267, 12.58166, 6.35432, 10.92642, 
10.04054, 10.0616, 8.18572, -2.78622, -6.28055, -2.32938, -4.4238, 
-6.86947, -7.16628, -3.44115, -3.35646, -5.58282, -6.45059, -4.60045, 
0, 0, 0, 0, 0, 0, 0, 0, 0, 0, 0, 0, 0, 0, 0, 0, 0, 0, 0, 0, 0, 
0, 0.67333, 0.69, 0.78333, 0.8181, 0.7381, 0.83512, 0.81052, 
0.76587, 0.76766, 0.81222, 0.79667, 0.67, 0.66167, 0.69333, 0.7919, 
0.72738, 0.80476, 0.77857, 0.76766, 0.68214, 0.75667, 0.72333, 
0.0082, 0.0104, 0.0088, 0.0089, 0.0215, 0.0168, 0.0099, 0.0098, 
0.0137, 0.0146, 0.0116, 31.6, 27.4, 36.3, 30.5, 28.5, 33, 38.6, 
39.2, 40.3, 45.6, 42.5, 453, 266, 40, 490, 568, 310, 1264, 124, 
75, 827, 798, 82, 390, 1184, 198, 51, 201, 20, 725, 452, 30, 
44, 100, 100, 100, 100, 100, 100, 100, 100, 100, 100, 100, 2500, 
2500, 2500, 2500, 2500, 2500, 2500, 2500, 2500, 2500, 2500, 5902.566, 
6019.746, 5890.856, 5915.665, 6029.631, 6140.92599999999, 5965.285, 
5960.01699999999, 6204.264, 6395.32399999999, 6277.742, 7.77922, 
9.89749, 12.54585, 7.57281, 12.67614, 13.40597, 6.66702, 3.96794, 
10.30554, 11.09791, 8.90884, -4.5797, -6.0665, -2.33473, -4.39352, 
-6.50917, -7.21544, -3.65084, -2.60879, -5.69676, -6.97835, -5.00919, 
0, 0, 0, 0, 0, 0, 0, 0, 0, 0, 0, 0, 0, 0, 0, 0, 0, 0, 0, 0, 0, 
0, 0.67, 0.69, 0.78333, 0.8181, 0.72381, 0.83512, 0.79802, 0.76587, 
0.76766, 0.81222, 0.79667, 0.62, 0.66167, 0.69333, 0.7919, 0.72738, 
0.80893, 0.77857, 0.78155, 0.68214, 0.76778, 0.70222, 0.0086, 
0.0101, 0.0088, 0.0088, 0.0166, 0.0215, 0.0093, 0.0097, 0.0143, 
0.0156, 0.0121, 26, 27.4, 36.3, 30.5, 28.7, 31.5, 38.2, 46.2, 
40.1, 45.7, 42.2, 553, 222, 170, 1828, 556, 1377, 343, 1926, 
149, 1, 1091, 4, 11, 18, 3, 6, 1, 2, 1, 7, 6, 3, 100, 100, 100, 
100, 100, 100, 100, 100, 100, 100, 100, 2500, 2500, 2500, 2500, 
2500, 2500, 2500, 2500, 2500, 2500, 2500, 6090.467, 5975.909, 
5856.19, 5817.334, 5983.621, 6092.22900000001, 5795.485, 5915.141, 
5898.77899999999, 6245.303, 6398.97800000002, 1, 1, 1, 1, 1, 
1, 1, 1, 1, 1, 1, 0.25, 0.25, 0.25, 0.25, 0.25, 0.25, 0.25, 0.25, 
0.25, 0.25, 0.25, 0, 0, 0, 0, 0, 0, 0, 0, 0, 0, 0, 0, 0, 0, 0, 
0, 0, 0, 0, 0, 0, 0, 0.53667, 0.54667, 0.585, 0.65619, 0.58452, 
0.6256, 0.69266, 0.64603, 0.61587, 0.62556, 0.66889, 0.55667, 
0.6, 0.66333, 0.65286, 0.63036, 0.65179, 0.67103, 0.66964, 0.61448, 
0.63667, 0.63556, 0.0081, 0.0082, 0.0078, 0.009, 0.008, 0.0093, 
0.009, 0.0094, 0.0096, 0.0096, 0.0106, 36.2, 39.9, 43.8, 47.5, 
51, 53.3, 56, 59.1, 64.3, 66.1, 67.8, 1, 1, 1, 1, 1, 1, 1, 1, 
1, 1, 1, 1, 1, 1, 1, 1, 1, 1, 1, 1, 1, 1, 1, 1, 1, 1, 1, 1, 1, 
1, 1, 1, 1, 1, 1, 1, 1, 1, 1, 1, 1, 1, 1, 1, 2.318, 2.36, 2.264, 
2.48, 2.237, 2.427, 2.356, 2.399, 2.414, 2.402, 2.554), .Dim = c(11L, 
40L), .Dimnames = list(NULL, c("Sampling", "PSO.cost", "PSO.gamma", 
"PSO.data.balancing", "PSO.feature.selection", "PSO.valid.acc", 
"PSO.test.acc", "PSO.train.time", "PSO.n.support.vectors", "PSO.index", 
"PSO.n.solutions", "PSO.generations", "PSO.n.evaluations", "PSO.cpu.time", 
"RS.cost", "RS.gamma", "RS.data.balancing", "RS.feature.selection", 
"RS.valid.acc", "RS.test.acc", "RS.train.time", "RS.n.support.vectors", 
"RS.index", "RS.n.solutions", "RS.generations", "RS.n.evaluations", 
"RS.cpu.time", "DF.cost", "DF.gamma", "DF.data.balancing", "DF.feature.selection", 
"DF.valid.acc", "DF.test.acc", "DF.train.time", "DF.n.support.vectors", 
"DF.index", "DF.n.solutions", "DF.generations", "DF.n.evaluations", 
"DF.cpu.time")))
