full <-
structure(c(50, 55, 60, 65, 70, 75, 80, 85, 90, 95, 100, 6.68015, 
7.71284, 5.60406, 10.84, 4.15238, 1.08567, 12.74704, 6.0613, 
9.7624, 8.34358, 13.24557, -4.0071, -3.1869, -3.01787, -6.20529, 
-3.4605, -3.46228, -3.97877, -3.69414, -5.90128, -4.41382, -7.60881, 
0, 0, 0, 0, 0, 0, 0, 0, 0, 0, 0, 0, 0, 0, 0, 0, 0, 0, 0, 0, 0, 
0, 0.80333, 0.80333, 0.81333, 0.75, 0.73619, 0.76726, 0.72202, 
0.76409, 0.76131, 0.74889, 0.77333, 0.75833, 0.78333, 0.69333, 
0.65238, 0.69429, 0.63024, 0.65556, 0.68413, 0.76726, 0.73667, 
0.69778, 0.0089, 0.0094, 0.0089, 0.0119, 0.0101, 0.0084, 0.0105, 
0.01, 0.0125, 0.0126, 0.0248, 26.3, 30.6, 33.8, 29.7, 40.7, 51.7, 
38.2, 41.7, 39.3, 42, 41.7, 539, 74, 29, 74, 401, 799, 9, 78, 
44, 497, 192, 89, 1175, 517, 215, 336, 330, 1141, 383, 248, 226, 
235, 100, 100, 100, 100, 100, 100, 100, 100, 100, 100, 100, 2500, 
2500, 2500, 2500, 2500, 2500, 2500, 2500, 2500, 2500, 2500, 6398.111, 
6319.616, 6347.285, 6268.52899999999, 6597.708, 6014.024, 6160.17200000001, 
6393.302, 6623.06400000001, 6585.659, 6664.85100000001, 13.12484, 
6.84685, 5.83003, 11.42797, 3.88313, 0.7628, 10.69196, 6.67623, 
10.75513, 14.97748, 10.85287, -3.63212, -3.27416, -3.07477, -6.4692, 
-3.4173, -3.30561, -4.02278, -4.00746, -6.45944, -4.71235, -6.31471, 
0, 0, 0, 0, 0, 0, 0, 0, 0, 0, 0, 0, 0, 0, 0, 0, 0, 0, 0, 0, 0, 
0, 0.78667, 0.80333, 0.81333, 0.73571, 0.73619, 0.76726, 0.72202, 
0.76409, 0.76131, 0.73778, 0.77333, 0.77833, 0.78333, 0.69333, 
0.66905, 0.70179, 0.6469, 0.65556, 0.70774, 0.76726, 0.73667, 
0.69778, 0.0093, 0.0089, 0.0087, 0.0124, 0.0099, 0.0089, 0.0104, 
0.0109, 0.0145, 0.0136, 0.0166, 26.9, 30.2, 33.6, 29, 41.3, 52.3, 
38.1, 40.2, 39.7, 41, 42.1, 89, 76, 2068, 1005, 427, 1317, 113, 
2068, 102, 1, 339, 4, 14, 1, 2, 2, 1, 64, 1, 7, 22, 5, 100, 100, 
100, 100, 100, 100, 100, 100, 100, 100, 100, 2500, 2500, 2500, 
2500, 2500, 2500, 2500, 2500, 2500, 2500, 2500, 6326.739, 6443.952, 
6301.61, 6448.095, 6221.685, 6099.356, 6200.173, 6576.59, 6424.37500000001, 
6450.83, 6462.04300000001, 1, 1, 1, 1, 1, 1, 1, 1, 1, 1, 1, 0.25, 
0.25, 0.25, 0.25, 0.25, 0.25, 0.25, 0.25, 0.25, 0.25, 0.25, 0, 
0, 0, 0, 0, 0, 0, 0, 0, 0, 0, 0, 0, 0, 0, 0, 0, 0, 0, 0, 0, 0, 
0.665, 0.69, 0.68333, 0.67143, 0.64512, 0.71476, 0.52837, 0.59246, 
0.68988, 0.61667, 0.63333, 0.605, 0.65667, 0.72, 0.60714, 0.64583, 
0.67702, 0.5502, 0.61389, 0.6377, 0.62667, 0.64444, 0.0085, 0.0085, 
0.0082, 0.0087, 0.0097, 0.0091, 0.0093, 0.0106, 0.0102, 0.0104, 
0.0104, 36.1, 40, 44.3, 47.6, 52, 54.3, 57.9, 60.4, 64.4, 67.1, 
67.9, 1, 1, 1, 1, 1, 1, 1, 1, 1, 1, 1, 1, 1, 1, 1, 1, 1, 1, 1, 
1, 1, 1, 1, 1, 1, 1, 1, 1, 1, 1, 1, 1, 1, 1, 1, 1, 1, 1, 1, 1, 
1, 1, 1, 1, 2.465, 2.546, 2.44, 2.458, 2.489, 2.387, 2.413, 2.63, 
2.591, 2.566, 2.6), .Dim = c(11L, 40L), .Dimnames = list(NULL, 
    c("Sampling", "PSO.cost", "PSO.gamma", "PSO.data.balancing", 
    "PSO.feature.selection", "PSO.valid.acc", "PSO.test.acc", 
    "PSO.train.time", "PSO.n.support.vectors", "PSO.index", "PSO.n.solutions", 
    "PSO.generations", "PSO.n.evaluations", "PSO.cpu.time", "RS.cost", 
    "RS.gamma", "RS.data.balancing", "RS.feature.selection", 
    "RS.valid.acc", "RS.test.acc", "RS.train.time", "RS.n.support.vectors", 
    "RS.index", "RS.n.solutions", "RS.generations", "RS.n.evaluations", 
    "RS.cpu.time", "DF.cost", "DF.gamma", "DF.data.balancing", 
    "DF.feature.selection", "DF.valid.acc", "DF.test.acc", "DF.train.time", 
    "DF.n.support.vectors", "DF.index", "DF.n.solutions", "DF.generations", 
    "DF.n.evaluations", "DF.cpu.time")))
