full <-
structure(c(50, 55, 60, 65, 70, 75, 80, 85, 90, 95, 100, 3.86349, 
9.61576, 3.72575, 13.00501, 4.15041, 5.75036, 3.07913, 4.11606, 
3.43717, 3.75865, 15, -4.13715, -7.30278, -3.41883, -3.32281, 
-3.77225, -4.00072, -3.87082, -3.61637, -3.37077, -3.8535, -8.14996, 
0, 0, 0, 0, 0, 0, 0, 0, 0, 0, 0, 0, 0, 0, 0, 0, 0, 0, 0, 0, 0, 
0, 0.76, 0.75167, 0.76833, 0.77048, 0.71905, 0.76131, 0.76964, 
0.81091, 0.8, 0.76778, 0.77778, 0.695, 0.65, 0.71, 0.68952, 0.70476, 
0.75893, 0.73988, 0.7623, 0.76389, 0.72556, 0.75444, 0.0091, 
0.0101, 0.0092, 0.0102, 0.0109, 0.0099, 0.0096, 0.0099, 0.0109, 
0.0108, 0.0604, 29.6, 29.2, 33.7, 35.4, 40.3, 38.7, 46.6, 45.7, 
51.4, 53.9, 41.1, 1020, 200, 958, 251, 762, 607, 1135, 9, 1003, 
2320, 179, 68, 154, 165, 1036, 45, 107, 57, 423, 179, 2, 180, 
100, 100, 100, 100, 100, 100, 100, 100, 100, 100, 100, 2500, 
2500, 2500, 2500, 2500, 2500, 2500, 2500, 2500, 2500, 2500, 7998.705, 
7986.267, 7944.312, 7927.668, 7711.88200000001, 7828.47199999999, 
7685.253, 7894.709, 7910.37500000001, 7928.87199999997, 8314.59899999999, 
14.15158, 7.65026, 3.55553, 9.22022, 13.87328, 14.61057, 4.61894, 
5.07473, 3.83024, 3.8035, 10.79589, -8.67977, -6.28945, -3.42732, 
-3.37901, -3.24547, -10.56144, -4.44619, -4.31426, -3.60095, 
-4.28471, -5.62796, 0, 0, 0, 0, 0, 0, 0, 0, 0, 0, 0, 0, 0, 0, 
0, 0, 0, 0, 0, 0, 0, 0, 0.74, 0.75167, 0.75167, 0.77048, 0.71667, 
0.74881, 0.74921, 0.81091, 0.78889, 0.74667, 0.77778, 0.735, 
0.63, 0.73, 0.68952, 0.73095, 0.71369, 0.7371, 0.7623, 0.75278, 
0.71444, 0.75333, 0.0119, 0.0094, 0.0093, 0.0099, 0.0095, 0.0157, 
0.01, 0.0104, 0.0111, 0.0112, 0.0165, 24.6, 29.5, 34.1, 35.3, 
35.8, 44.5, 44.5, 44.5, 50.6, 55, 40.3, 132, 1919, 467, 456, 
157, 209, 354, 234, 402, 686, 220, 14, 1, 3, 6, 23, 8, 2, 24, 
3, 47, 12, 100, 100, 100, 100, 100, 100, 100, 100, 100, 100, 
100, 2500, 2500, 2500, 2500, 2500, 2500, 2500, 2500, 2500, 2500, 
2500, 8142.574, 8039.216, 7947.463, 7884.806, 7728.141, 7524.387, 
7762.787, 7879.19899999999, 7900.24799999999, 8058.73499999999, 
8200.86599999998, 1, 1, 1, 1, 1, 1, 1, 1, 1, 1, 1, 0.25, 0.25, 
0.25, 0.25, 0.25, 0.25, 0.25, 0.25, 0.25, 0.25, 0.25, 0, 0, 0, 
0, 0, 0, 0, 0, 0, 0, 0, 0, 0, 0, 0, 0, 0, 0, 0, 0, 0, 0, 0.63, 
0.53, 0.62833, 0.65524, 0.64524, 0.67679, 0.71131, 0.73194, 0.71944, 
0.66, 0.61556, 0.565, 0.56833, 0.64, 0.6919, 0.68214, 0.70119, 
0.65853, 0.74762, 0.6625, 0.68222, 0.64778, 0.0098, 0.0092, 0.0096, 
0.0097, 0.0096, 0.0099, 0.01, 0.0099, 0.0099, 0.0108, 0.0114, 
35.6, 38.3, 41.4, 45.3, 48.6, 52.5, 55.4, 58.1, 61.9, 66.8, 68.3, 
1, 1, 1, 1, 1, 1, 1, 1, 1, 1, 1, 1, 1, 1, 1, 1, 1, 1, 1, 1, 1, 
1, 1, 1, 1, 1, 1, 1, 1, 1, 1, 1, 1, 1, 1, 1, 1, 1, 1, 1, 1, 1, 
1, 1, 3.326, 3.231, 3.261, 3.084, 3.141, 3.147, 3.202, 3.123, 
3.012, 3.275, 3.287), .Dim = c(11L, 40L), .Dimnames = list(NULL, 
    c("Sampling", "PSO.cost", "PSO.gamma", "PSO.data.balancing", 
    "PSO.feature.selection", "PSO.valid.acc", "PSO.test.acc", 
    "PSO.train.time", "PSO.n.support.vectors", "PSO.index", "PSO.n.solutions", 
    "PSO.generations", "PSO.n.evaluations", "PSO.cpu.time", "RS.cost", 
    "RS.gamma", "RS.data.balancing", "RS.feature.selection", 
    "RS.valid.acc", "RS.test.acc", "RS.train.time", "RS.n.support.vectors", 
    "RS.index", "RS.n.solutions", "RS.generations", "RS.n.evaluations", 
    "RS.cpu.time", "DF.cost", "DF.gamma", "DF.data.balancing", 
    "DF.feature.selection", "DF.valid.acc", "DF.test.acc", "DF.train.time", 
    "DF.n.support.vectors", "DF.index", "DF.n.solutions", "DF.generations", 
    "DF.n.evaluations", "DF.cpu.time")))
