full <-
structure(c(50, 55, 60, 65, 70, 75, 80, 85, 90, 95, 100, 2.41721, 
1.72078, 14.53869, 12.61772, 14.02053, 4.70571, 5.69829, 10.06576, 
10.84954, 12.16476, 4.41916, -2.23872, -2.4355, -5.97317, -7.50741, 
-8.34148, -3.09923, -3.28455, -6.79846, -6.70443, -3.99118, -3.27793, 
0, 0, 0, 0, 0, 0, 0, 0, 0, 0, 0, 0, 0, 0, 0, 0, 0, 0, 0, 0, 0, 
0, 0.715, 0.70333, 0.6981, 0.74286, 0.82381, 0.71508, 0.71548, 
0.75893, 0.76587, 0.73667, 0.78556, 0.635, 0.61167, 0.67905, 
0.62238, 0.75298, 0.70913, 0.69881, 0.69286, 0.70615, 0.70556, 
0.75222, 0.0086, 0.0082, 0.013, 0.0149, 0.0184, 0.0096, 0.0093, 
0.0117, 0.0145, 0.011, 0.0112, 32.7, 37, 29.4, 32.5, 35.6, 40.2, 
40.9, 42.6, 41.6, 42.2, 51.9, 36, 697, 32, 90, 145, 531, 76, 
410, 247, 32, 455, 531, 101, 539, 255, 87, 49, 1313, 104, 200, 
1355, 165, 100, 100, 100, 100, 100, 100, 100, 100, 100, 100, 
100, 2500, 2500, 2500, 2500, 2500, 2500, 2500, 2500, 2500, 2500, 
2500, 6138.435, 6315.444, 6455.016, 6366.601, 6480.957, 6288.787, 
6356.42199999999, 6568.06999999999, 6523.447, 8095.59600000001, 
8981.318, 3.26349, 1.75999, 3.18426, 12.59447, 12.80693, 11.89765, 
11.84666, 12.93543, 7.21554, 9.41793, 3.88628, -2.57805, -2.35339, 
-4.00241, -7.46865, -7.71105, -2.14784, -2.92133, -8.23032, -4.85934, 
-3.77672, -3.04216, 0, 0, 0, 0, 0, 0, 0, 0, 0, 0, 0, 0, 0, 0, 
0, 0, 0, 0, 0, 0, 0, 0, 0.715, 0.70333, 0.71571, 0.74286, 0.82381, 
0.7119, 0.71548, 0.75893, 0.76587, 0.73667, 0.78556, 0.615, 0.61167, 
0.6381, 0.62238, 0.75298, 0.72341, 0.7256, 0.68036, 0.71726, 
0.70556, 0.74111, 0.0078, 0.0088, 0.0084, 0.0148, 0.0149, 0.0094, 
0.01, 0.0158, 0.0115, 0.0127, 0.0116, 32, 37, 38.2, 32.5, 35.4, 
45.6, 43.4, 42.6, 44.2, 42.7, 54, 836, 719, 1990, 620, 1796, 
34, 2, 354, 1647, 126, 936, 5, 2, 2, 4, 1, 69, 41, 2, 2, 30, 
3, 100, 100, 100, 100, 100, 100, 100, 100, 100, 100, 100, 2500, 
2500, 2500, 2500, 2500, 2500, 2500, 2500, 2500, 2500, 2500, 6275.697, 
6384.666, 6282.748, 6263.581, 6316.187, 6250.65700000001, 6438.666, 
6430.253, 6618.493, 8946.058, 8913.82200000001, 1, 1, 1, 1, 1, 
1, 1, 1, 1, 1, 1, 0.25, 0.25, 0.25, 0.25, 0.25, 0.25, 0.25, 0.25, 
0.25, 0.25, 0.25, 0, 0, 0, 0, 0, 0, 0, 0, 0, 0, 0, 0, 0, 0, 0, 
0, 0, 0, 0, 0, 0, 0, 0.605, 0.57833, 0.57381, 0.55048, 0.62857, 
0.5881, 0.62619, 0.66786, 0.6123, 0.64889, 0.64333, 0.63, 0.61167, 
0.58714, 0.62714, 0.73036, 0.58492, 0.63968, 0.65496, 0.5619, 
0.64667, 0.63333, 0.0078, 0.008, 0.0091, 0.0082, 0.0095, 0.0089, 
0.0094, 0.0092, 0.0105, 0.0123, 0.0113, 34.3, 39.4, 43.2, 46.5, 
49.7, 54, 57.3, 59.9, 62.1, 65.7, 67.4, 1, 1, 1, 1, 1, 1, 1, 
1, 1, 1, 1, 1, 1, 1, 1, 1, 1, 1, 1, 1, 1, 1, 1, 1, 1, 1, 1, 1, 
1, 1, 1, 1, 1, 1, 1, 1, 1, 1, 1, 1, 1, 1, 1, 1, 2.478, 2.487, 
2.463, 2.436, 2.499, 2.482, 2.579, 2.531, 2.802, 3.822, 3.462
), .Dim = c(11L, 40L), .Dimnames = list(NULL, c("Sampling", "PSO.cost", 
"PSO.gamma", "PSO.data.balancing", "PSO.feature.selection", "PSO.valid.acc", 
"PSO.test.acc", "PSO.train.time", "PSO.n.support.vectors", "PSO.index", 
"PSO.n.solutions", "PSO.generations", "PSO.n.evaluations", "PSO.cpu.time", 
"RS.cost", "RS.gamma", "RS.data.balancing", "RS.feature.selection", 
"RS.valid.acc", "RS.test.acc", "RS.train.time", "RS.n.support.vectors", 
"RS.index", "RS.n.solutions", "RS.generations", "RS.n.evaluations", 
"RS.cpu.time", "DF.cost", "DF.gamma", "DF.data.balancing", "DF.feature.selection", 
"DF.valid.acc", "DF.test.acc", "DF.train.time", "DF.n.support.vectors", 
"DF.index", "DF.n.solutions", "DF.generations", "DF.n.evaluations", 
"DF.cpu.time")))
