full <-
structure(c(50, 55, 60, 65, 70, 75, 80, 85, 90, 95, 100, 13.82359, 
10.24273, 15, 4.1629, 4.40744, 5.82071, 9.78322, 6.14013, 13.00594, 
4.14236, 13.32002, -3.1601, -3.80192, -6.67332, -2.77836, -2.84545, 
-3.74343, -5.78578, -2.83695, -3.29624, -3.47177, -7.19512, 0, 
0, 0, 0, 0, 0, 0, 0, 0, 0, 0, 0, 0, 0, 0, 0, 0, 0, 0, 0, 0, 0, 
0.70667, 0.71167, 0.68571, 0.70238, 0.75619, 0.80536, 0.72143, 
0.7631, 0.77004, 0.80056, 0.74869, 0.68667, 0.63167, 0.61476, 
0.6881, 0.67167, 0.74762, 0.7625, 0.71587, 0.74504, 0.68167, 
0.70737, 0.009, 0.0091, 0.0161, 0.0091, 0.0089, 0.0088, 0.0121, 
0.0099, 0.0106, 0.0088, 0.03, 29.6, 29, 28.1, 39.2, 40.7, 37.9, 
36.7, 44, 43.7, 50.7, 40.4, 2231, 50, 73, 1878, 523, 438, 6, 
41, 45, 1428, 12, 1, 1309, 322, 3, 522, 75, 538, 1328, 814, 100, 
259, 100, 100, 100, 100, 100, 100, 100, 100, 100, 100, 100, 2500, 
2500, 2500, 2500, 2500, 2500, 2500, 2500, 2500, 2500, 2500, 6064.226, 
6113.631, 6130.823, 6093.332, 6000.911, 6112.788, 6057.42700000001, 
6106.64599999999, 6030.613, 6044.88799999999, 6337.68000000001, 
4.93245, 7.90782, 6.67117, 3.44909, 4.36529, 5.68718, 9.43423, 
7.3468, 13.24764, 5.1816, 12.94348, -3.3774, -3.72693, -3.62459, 
-2.59385, -2.66007, -3.71777, -5.25711, -2.3324, -3.34451, -4.13675, 
-6.90179, 0, 0, 0, 0, 0, 0, 0, 0, 0, 0, 0, 0, 0, 0, 0, 0, 0, 
0, 0, 0, 0, 0, 0.70667, 0.71167, 0.68571, 0.70238, 0.73952, 0.80536, 
0.72143, 0.7631, 0.77004, 0.78944, 0.74869, 0.65333, 0.63167, 
0.6181, 0.7081, 0.68833, 0.73512, 0.775, 0.70476, 0.74504, 0.65806, 
0.69626, 0.0076, 0.008, 0.0092, 0.0083, 0.0094, 0.0095, 0.0113, 
0.0099, 0.0096, 0.0096, 0.0257, 30.2, 29.3, 32, 40.2, 41.2, 38.3, 
35.3, 47.7, 43.5, 49.7, 40.2, 1378, 60, 614, 534, 1284, 464, 
4, 2, 1199, 1307, 1199, 2, 33, 8, 6, 2, 3, 64, 65, 6, 2, 4, 100, 
100, 100, 100, 100, 100, 100, 100, 100, 100, 100, 2500, 2500, 
2500, 2500, 2500, 2500, 2500, 2500, 2500, 2500, 2500, 6128.951, 
6036.571, 6045.723, 6047.56, 6016.376, 6092.15299999999, 6108.284, 
6070.03899999999, 6069.56899999999, 6132.77099999999, 6010.177, 
1, 1, 1, 1, 1, 1, 1, 1, 1, 1, 1, 0.25, 0.25, 0.25, 0.25, 0.25, 
0.25, 0.25, 0.25, 0.25, 0.25, 0.25, 0, 0, 0, 0, 0, 0, 0, 0, 0, 
0, 0, 0, 0, 0, 0, 0, 0, 0, 0, 0, 0, 0, 0.50667, 0.32333, 0.45238, 
0.53286, 0.57548, 0.67262, 0.61429, 0.59226, 0.63869, 0.66694, 
0.6598, 0.50667, 0.34833, 0.44048, 0.52429, 0.59631, 0.575, 0.64464, 
0.59504, 0.62163, 0.64694, 0.63071, 0.0083, 0.0087, 0.0081, 0.0081, 
0.0086, 0.0092, 0.0095, 0.0095, 0.0093, 0.0099, 0.0097, 36.5, 
40.4, 44.3, 48, 51.2, 54.4, 57.6, 61.5, 63.8, 67.6, 68, 1, 1, 
1, 1, 1, 1, 1, 1, 1, 1, 1, 1, 1, 1, 1, 1, 1, 1, 1, 1, 1, 1, 1, 
1, 1, 1, 1, 1, 1, 1, 1, 1, 1, 1, 1, 1, 1, 1, 1, 1, 1, 1, 1, 1, 
2.515, 2.493, 2.285, 2.298, 2.406, 2.492, 2.466, 2.365, 2.429, 
2.559, 2.463), .Dim = c(11L, 40L), .Dimnames = list(NULL, c("Sampling", 
"PSO.cost", "PSO.gamma", "PSO.data.balancing", "PSO.feature.selection", 
"PSO.valid.acc", "PSO.test.acc", "PSO.train.time", "PSO.n.support.vectors", 
"PSO.index", "PSO.n.solutions", "PSO.generations", "PSO.n.evaluations", 
"PSO.cpu.time", "RS.cost", "RS.gamma", "RS.data.balancing", "RS.feature.selection", 
"RS.valid.acc", "RS.test.acc", "RS.train.time", "RS.n.support.vectors", 
"RS.index", "RS.n.solutions", "RS.generations", "RS.n.evaluations", 
"RS.cpu.time", "DF.cost", "DF.gamma", "DF.data.balancing", "DF.feature.selection", 
"DF.valid.acc", "DF.test.acc", "DF.train.time", "DF.n.support.vectors", 
"DF.index", "DF.n.solutions", "DF.generations", "DF.n.evaluations", 
"DF.cpu.time")))
