full <-
structure(c(50, 55, 60, 65, 70, 75, 80, 85, 90, 95, 100, 4.35509, 
11.10722, 5.02606, 4.68812, 5.7977, 5.8297, 11.52753, 7.65882, 
13.01429, 14.01855, 12.41462, -5.7775, -6.19607, -3.71571, -3.26903, 
-4.50685, -2.00601, -6.91026, -2.83923, -6.87632, -3.01361, -3.88677, 
0, 0, 0, 0, 0, 0, 0, 0, 0, 0, 0, 0, 0, 0, 0, 0, 0, 0, 0, 0, 0, 
0, 0.72, 0.67167, 0.71833, 0.74476, 0.73393, 0.71548, 0.79544, 
0.79048, 0.7631, 0.80222, 0.79556, 0.72, 0.72, 0.69, 0.60762, 
0.68571, 0.6869, 0.68869, 0.75258, 0.79921, 0.74778, 0.75222, 
0.009, 0.0106, 0.0089, 0.0086, 0.009, 0.0087, 0.0132, 0.0094, 
0.0214, 0.0099, 0.0101, 28.5, 26.7, 33.4, 36.4, 38.3, 45, 37.4, 
43.7, 36.6, 48.2, 43.3, 1196, 1768, 86, 655, 340, 26, 245, 117, 
156, 208, 3, 31, 2, 690, 65, 124, 971, 104, 1051, 329, 898, 1382, 
100, 100, 100, 100, 100, 100, 100, 100, 100, 100, 100, 2500, 
2500, 2500, 2500, 2500, 2500, 2500, 2500, 2500, 2500, 2500, 6034.05, 
6151.56, 6115.154, 6101.5, 6112.863, 5840.907, 6030.901, 5924.73, 
6189.75399999999, 5928.061, 6003.629, 3.5158, 6.35226, 5.0188, 
4.74373, 5.5194, 7.14328, 11.58969, 11.19247, 13.13967, 6.38421, 
14.39218, -5.04557, -3.74185, -3.76303, -3.2531, -4.3147, -1.94829, 
-6.92739, -2.77806, -6.97804, -3.02515, -3.93126, 0, 0, 0, 0, 
0, 0, 0, 0, 0, 0, 0, 0, 0, 0, 0, 0, 0, 0, 0, 0, 0, 0, 0.72, 0.655, 
0.71833, 0.74476, 0.73393, 0.71548, 0.79544, 0.79048, 0.7631, 
0.80222, 0.79556, 0.72, 0.67, 0.70667, 0.60762, 0.67143, 0.6869, 
0.68869, 0.75258, 0.7756, 0.74778, 0.75222, 0.0084, 0.0087, 0.0085, 
0.0086, 0.0097, 0.0088, 0.0138, 0.0094, 0.0227, 0.01, 0.0106, 
29.5, 27.9, 33.4, 36.2, 39.1, 45.5, 37.3, 44.1, 36.2, 48.4, 43.1, 
131, 1521, 922, 465, 1288, 277, 1571, 45, 1136, 792, 271, 2, 
1, 2, 1, 1, 9, 1, 11, 3, 2, 10, 100, 100, 100, 100, 100, 100, 
100, 100, 100, 100, 100, 2500, 2500, 2500, 2500, 2500, 2500, 
2500, 2500, 2500, 2500, 2500, 6080.829, 6150.288, 6108.567, 6105.68, 
6033.79, 5884.018, 5908.364, 5948.13099999999, 5876.495, 5958.08500000001, 
6011.24300000002, 1, 1, 1, 1, 1, 1, 1, 1, 1, 1, 1, 0.25, 0.25, 
0.25, 0.25, 0.25, 0.25, 0.25, 0.25, 0.25, 0.25, 0.25, 0, 0, 0, 
0, 0, 0, 0, 0, 0, 0, 0, 0, 0, 0, 0, 0, 0, 0, 0, 0, 0, 0, 0.61333, 
0.50667, 0.63167, 0.63762, 0.6244, 0.6881, 0.61925, 0.65675, 
0.65853, 0.63889, 0.64556, 0.63333, 0.535, 0.62833, 0.6019, 0.60536, 
0.61369, 0.63075, 0.64107, 0.65853, 0.67222, 0.64556, 0.0088, 
0.0083, 0.0085, 0.0087, 0.0084, 0.0082, 0.0095, 0.0095, 0.009, 
0.0092, 0.0096, 36, 39.6, 42.7, 46.8, 51.9, 53.4, 57.1, 59.4, 
62.6, 66.7, 68.4, 1, 1, 1, 1, 1, 1, 1, 1, 1, 1, 1, 1, 1, 1, 1, 
1, 1, 1, 1, 1, 1, 1, 1, 1, 1, 1, 1, 1, 1, 1, 1, 1, 1, 1, 1, 1, 
1, 1, 1, 1, 1, 1, 1, 1, 2.447, 2.38, 2.46, 2.439, 2.282, 2.27, 
2.492, 2.461, 2.27, 2.332, 2.324), .Dim = c(11L, 40L), .Dimnames = list(
    NULL, c("Sampling", "PSO.cost", "PSO.gamma", "PSO.data.balancing", 
    "PSO.feature.selection", "PSO.valid.acc", "PSO.test.acc", 
    "PSO.train.time", "PSO.n.support.vectors", "PSO.index", "PSO.n.solutions", 
    "PSO.generations", "PSO.n.evaluations", "PSO.cpu.time", "RS.cost", 
    "RS.gamma", "RS.data.balancing", "RS.feature.selection", 
    "RS.valid.acc", "RS.test.acc", "RS.train.time", "RS.n.support.vectors", 
    "RS.index", "RS.n.solutions", "RS.generations", "RS.n.evaluations", 
    "RS.cpu.time", "DF.cost", "DF.gamma", "DF.data.balancing", 
    "DF.feature.selection", "DF.valid.acc", "DF.test.acc", "DF.train.time", 
    "DF.n.support.vectors", "DF.index", "DF.n.solutions", "DF.generations", 
    "DF.n.evaluations", "DF.cpu.time")))
