full <-
structure(c(50, 55, 60, 65, 70, 75, 80, 85, 90, 95, 100, 4.17992, 
3.39958, 11.68776, 12.64338, 8.53918, 10.93086, 7.83133, 8.5646, 
8.69611, 15, 5.75526, -3.65042, -2.59084, -5.90339, -5.45508, 
-5.52136, -2.22687, -4.7845, -3.93095, -2.91195, -3.77996, -4.60724, 
0, 0, 0, 0, 0, 0, 0, 0, 0, 0, 0, 0, 0, 0, 0, 0, 0, 0, 0, 0, 0, 
0, 0.76167, 0.77, 0.74333, 0.8, 0.73869, 0.77738, 0.78929, 0.78433, 
0.78389, 0.81444, 0.79889, 0.67667, 0.66667, 0.72333, 0.72762, 
0.6875, 0.73631, 0.70714, 0.68532, 0.70056, 0.76889, 0.73556, 
0.0086, 0.009, 0.0126, 0.0115, 0.0118, 0.0112, 0.0121, 0.0119, 
0.0119, 0.0121, 0.0117, 28.4, 33.3, 27.6, 30.5, 36.3, 45.2, 38.8, 
39.8, 46.6, 41.2, 51.6, 123, 53, 63, 130, 960, 79, 1244, 23, 
566, 134, 448, 561, 265, 1292, 1030, 51, 1543, 31, 1162, 209, 
971, 160, 100, 100, 100, 100, 100, 100, 100, 100, 100, 100, 100, 
2500, 2500, 2500, 2500, 2500, 2500, 2500, 2500, 2500, 2500, 2500, 
6479.182, 6531.76, 6610.547, 7953.927, 8727.304, 8810.02899999999, 
8856.549, 8884.273, 8844.30500000001, 8823.78599999999, 8955.185, 
4.40405, 3.9763, 13.17881, 11.2912, 8.12898, 11.95603, 12.1487, 
10.76732, 11.34724, 8.45569, 5.7753, -3.63356, -2.90104, -5.77919, 
-5.50232, -5.55093, -2.18593, -6.4674, -3.78857, -2.58452, -3.8022, 
-4.5663, 0, 0, 0, 0, 0, 0, 0, 0, 0, 0, 0, 0, 0, 0, 0, 0, 0, 0, 
0, 0, 0, 0, 0.76167, 0.77, 0.74333, 0.8, 0.72619, 0.77738, 0.7875, 
0.78433, 0.77278, 0.81444, 0.79889, 0.67667, 0.68667, 0.72333, 
0.72762, 0.62798, 0.73631, 0.70357, 0.68532, 0.70056, 0.76889, 
0.76556, 0.0087, 0.009, 0.0127, 0.0131, 0.0121, 0.0112, 0.015, 
0.0117, 0.0121, 0.0127, 0.0118, 28.3, 31.8, 27.5, 30.5, 37.4, 
45.8, 34.9, 40.3, 49.1, 41.2, 51.7, 888, 1940, 401, 490, 2437, 
221, 2293, 87, 16, 25, 196, 3, 1, 12, 4, 1, 14, 1, 26, 50, 2, 
1, 100, 100, 100, 100, 100, 100, 100, 100, 100, 100, 100, 2500, 
2500, 2500, 2500, 2500, 2500, 2500, 2500, 2500, 2500, 2500, 6479.514, 
6517.128, 6530.408, 8770.163, 8734.77, 8829.825, 8906.00599999999, 
8823.637, 8824.296, 8940.68600000002, 8962.75100000002, 1, 1, 
1, 1, 1, 1, 1, 1, 1, 1, 1, 0.25, 0.25, 0.25, 0.25, 0.25, 0.25, 
0.25, 0.25, 0.25, 0.25, 0.25, 0, 0, 0, 0, 0, 0, 0, 0, 0, 0, 0, 
0, 0, 0, 0, 0, 0, 0, 0, 0, 0, 0, 0.60833, 0.60333, 0.54976, 0.64571, 
0.61369, 0.61667, 0.68393, 0.73115, 0.61417, 0.64667, 0.66889, 
0.58167, 0.56, 0.53167, 0.60905, 0.62024, 0.6131, 0.65536, 0.68353, 
0.63917, 0.70111, 0.71222, 0.0084, 0.0086, 0.0088, 0.0103, 0.0106, 
0.0107, 0.0111, 0.0116, 0.0112, 0.0113, 0.0114, 36.8, 40.5, 44.1, 
47.9, 51.8, 54.6, 56.5, 58.4, 62.7, 65.5, 68.4, 1, 1, 1, 1, 1, 
1, 1, 1, 1, 1, 1, 1, 1, 1, 1, 1, 1, 1, 1, 1, 1, 1, 1, 1, 1, 1, 
1, 1, 1, 1, 1, 1, 1, 1, 1, 1, 1, 1, 1, 1, 1, 1, 1, 1, 2.551, 
2.658, 2.569, 3.506, 3.526, 3.498, 3.616, 3.593, 3.473, 3.528, 
3.552), .Dim = c(11L, 40L), .Dimnames = list(NULL, c("Sampling", 
"PSO.cost", "PSO.gamma", "PSO.data.balancing", "PSO.feature.selection", 
"PSO.valid.acc", "PSO.test.acc", "PSO.train.time", "PSO.n.support.vectors", 
"PSO.index", "PSO.n.solutions", "PSO.generations", "PSO.n.evaluations", 
"PSO.cpu.time", "RS.cost", "RS.gamma", "RS.data.balancing", "RS.feature.selection", 
"RS.valid.acc", "RS.test.acc", "RS.train.time", "RS.n.support.vectors", 
"RS.index", "RS.n.solutions", "RS.generations", "RS.n.evaluations", 
"RS.cpu.time", "DF.cost", "DF.gamma", "DF.data.balancing", "DF.feature.selection", 
"DF.valid.acc", "DF.test.acc", "DF.train.time", "DF.n.support.vectors", 
"DF.index", "DF.n.solutions", "DF.generations", "DF.n.evaluations", 
"DF.cpu.time")))
