full <-
structure(c(50, 55, 60, 65, 70, 75, 80, 85, 90, 95, 100, 7.53496, 
13.78683, 4.7435, 5.99567, 6.40899, 13.30853, 12.76629, 15, 8.27327, 
4.1052, 5.26892, -3.12247, -7.57024, -2.66666, -2.99983, -3.29842, 
-6.38256, -5.37161, -7.33465, -6.15714, -2.78189, -3.38129, 0, 
0, 0, 0, 0, 0, 0, 0, 0, 0, 0, 0, 0, 0, 0, 0, 0, 0, 0, 0, 0, 0, 
0.78167, 0.765, 0.84667, 0.80619, 0.77048, 0.78095, 0.78611, 
0.75476, 0.74405, 0.79, 0.81778, 0.78167, 0.735, 0.76, 0.8181, 
0.7225, 0.77956, 0.72817, 0.76548, 0.69643, 0.76778, 0.75222, 
0.0081, 0.0131, 0.0089, 0.0088, 0.0098, 0.0179, 0.0129, 0.0267, 
0.0117, 0.0117, 0.0113, 27.4, 24.6, 33.7, 34, 34.9, 30.6, 32.6, 
32.4, 49.9, 52.2, 49.3, 45, 231, 1806, 1580, 1887, 153, 173, 
63, 74, 2279, 1151, 1380, 557, 14, 113, 26, 708, 1161, 1391, 
66, 1, 35, 100, 100, 100, 100, 100, 100, 100, 100, 100, 100, 
100, 2500, 2500, 2500, 2500, 2500, 2500, 2500, 2500, 2500, 2500, 
2500, 5983.951, 6136.869, 6085.102, 6153.199, 6262.897, 6405.45699999999, 
7832.78, 8397.556, 8120.31299999999, 8140.63, 8078.67300000001, 
9.6096, 13.77186, 8.47083, 5.99861, 8.74087, 12.85502, 13.89507, 
14.0711, 6.2276, 5.28095, 4.5732, -3.05479, -7.47167, -2.51687, 
-2.95486, -3.23567, -6.21714, -5.40251, -6.91567, -5.06634, -3.46296, 
-3.64154, 0, 0, 0, 0, 0, 0, 0, 0, 0, 0, 0, 0, 0, 0, 0, 0, 0, 
0, 0, 0, 0, 0, 0.78167, 0.765, 0.83, 0.78952, 0.76714, 0.78095, 
0.78611, 0.75476, 0.74405, 0.78, 0.80667, 0.76167, 0.715, 0.74333, 
0.8181, 0.75917, 0.77956, 0.72817, 0.76548, 0.72004, 0.76889, 
0.77333, 0.0088, 0.014, 0.0091, 0.0093, 0.0091, 0.0169, 0.0151, 
0.0205, 0.0111, 0.0108, 0.0117, 27.7, 24.3, 33.7, 34.1, 34.8, 
30.9, 32.5, 32.7, 49.9, 48, 51.9, 78, 73, 56, 1320, 335, 309, 
333, 143, 700, 297, 656, 40, 15, 12, 1, 13, 10, 5, 10, 2, 5, 
7, 100, 100, 100, 100, 100, 100, 100, 100, 100, 100, 100, 2500, 
2500, 2500, 2500, 2500, 2500, 2500, 2500, 2500, 2500, 2500, 6080.503, 
6079.315, 6077.482, 6192.215, 6250.947, 6280.014, 8185.095, 8062.28300000001, 
8154.00200000001, 8137.15300000001, 7897.62299999999, 1, 1, 1, 
1, 1, 1, 1, 1, 1, 1, 1, 0.25, 0.25, 0.25, 0.25, 0.25, 0.25, 0.25, 
0.25, 0.25, 0.25, 0.25, 0, 0, 0, 0, 0, 0, 0, 0, 0, 0, 0, 0, 0, 
0, 0, 0, 0, 0, 0, 0, 0, 0, 0.68667, 0.65333, 0.64333, 0.65762, 
0.62488, 0.69286, 0.61806, 0.67579, 0.6127, 0.65889, 0.65444, 
0.68667, 0.59667, 0.65667, 0.66762, 0.62821, 0.6756, 0.60179, 
0.6754, 0.61409, 0.66889, 0.70778, 0.0082, 0.0086, 0.0086, 0.0091, 
0.009, 0.0094, 0.0111, 0.0114, 0.0119, 0.0114, 0.0106, 34.9, 
37.8, 42.5, 45.1, 48.3, 52.1, 55.3, 60, 63.9, 65.9, 69, 1, 1, 
1, 1, 1, 1, 1, 1, 1, 1, 1, 1, 1, 1, 1, 1, 1, 1, 1, 1, 1, 1, 1, 
1, 1, 1, 1, 1, 1, 1, 1, 1, 1, 1, 1, 1, 1, 1, 1, 1, 1, 1, 1, 1, 
2.439, 2.433, 2.43, 2.494, 2.452, 2.486, 3.425, 3.346, 3.431, 
3.399, 3.033), .Dim = c(11L, 40L), .Dimnames = list(NULL, c("Sampling", 
"PSO.cost", "PSO.gamma", "PSO.data.balancing", "PSO.feature.selection", 
"PSO.valid.acc", "PSO.test.acc", "PSO.train.time", "PSO.n.support.vectors", 
"PSO.index", "PSO.n.solutions", "PSO.generations", "PSO.n.evaluations", 
"PSO.cpu.time", "RS.cost", "RS.gamma", "RS.data.balancing", "RS.feature.selection", 
"RS.valid.acc", "RS.test.acc", "RS.train.time", "RS.n.support.vectors", 
"RS.index", "RS.n.solutions", "RS.generations", "RS.n.evaluations", 
"RS.cpu.time", "DF.cost", "DF.gamma", "DF.data.balancing", "DF.feature.selection", 
"DF.valid.acc", "DF.test.acc", "DF.train.time", "DF.n.support.vectors", 
"DF.index", "DF.n.solutions", "DF.generations", "DF.n.evaluations", 
"DF.cpu.time")))
