full <-
structure(c(50, 55, 60, 65, 70, 75, 80, 85, 90, 95, 100, 0.92084, 
1.51139, 8.62505, 10.4451, 8.0046, 15, 8.75191, 9.32068, 15, 
11.7974, 14.30719, -2.45647, -3.9902, -5.58008, -6.56168, -3.02406, 
-8.01265, -4.57747, -5.54491, -8.42376, -6.93358, -7.58708, 0, 
0, 0, 0, 0, 0, 0, 0, 0, 0, 0, 0, 0, 0, 0, 0, 0, 0, 0, 0, 0, 0, 
0.675, 0.62167, 0.68667, 0.73143, 0.7181, 0.7875, 0.77817, 0.78135, 
0.83083, 0.80111, 0.78556, 0.59333, 0.605, 0.68667, 0.60905, 
0.69905, 0.78929, 0.77282, 0.71429, 0.78, 0.79, 0.73111, 0.0086, 
0.009, 0.0097, 0.0104, 0.0099, 0.0334, 0.0108, 0.0118, 0.0536, 
0.0187, 0.0325, 33.8, 36, 31.6, 32.7, 39.1, 34.1, 36.9, 38.6, 
39.7, 42.1, 39.4, 1080, 238, 3, 69, 92, 180, 285, 1000, 1860, 
44, 212, 105, 50, 310, 108, 1038, 383, 257, 59, 1, 102, 96, 100, 
100, 100, 100, 100, 100, 100, 100, 100, 100, 100, 2500, 2500, 
2500, 2500, 2500, 2500, 2500, 2500, 2500, 2500, 2500, 6643.9, 
6705.109, 6692.364, 6649.895, 6594.505, 7128.25899999999, 6567.579, 
6350.61300000001, 6705.493, 6599.232, 6853.87699999998, 0.34435, 
0.92862, 8.12537, 10.84967, 8.46152, 13.63513, 8.86646, 4.21629, 
12.67906, 11.74357, 14.33559, -1.96833, -3.61165, -3.88585, -6.78504, 
-3.04832, -7.28142, -4.59594, -2.93983, -7.18786, -6.8618, -7.6133, 
0, 0, 0, 0, 0, 0, 0, 0, 0, 0, 0, 0, 0, 0, 0, 0, 0, 0, 0, 0, 0, 
0, 0.675, 0.60167, 0.68667, 0.73143, 0.7181, 0.775, 0.77817, 
0.7748, 0.80722, 0.80111, 0.78556, 0.55167, 0.62167, 0.67, 0.60905, 
0.69905, 0.78929, 0.77282, 0.72857, 0.78, 0.79, 0.73111, 0.0085, 
0.0085, 0.0093, 0.0106, 0.0098, 0.0232, 0.0107, 0.0097, 0.0232, 
0.0175, 0.0362, 35.7, 36.9, 31, 32.8, 39, 34.3, 36.4, 46.4, 40.1, 
41.6, 39.4, 149, 644, 129, 88, 350, 2178, 748, 109, 17, 852, 
720, 3, 3, 25, 5, 7, 1, 1, 3, 9, 2, 2, 100, 100, 100, 100, 100, 
100, 100, 100, 100, 100, 100, 2500, 2500, 2500, 2500, 2500, 2500, 
2500, 2500, 2500, 2500, 2500, 6712.926, 6547.191, 6652.575, 6728.514, 
6746.92, 6598.617, 6315.686, 6393.71500000001, 6424.227, 6467.22699999998, 
6641.30600000001, 1, 1, 1, 1, 1, 1, 1, 1, 1, 1, 1, 0.25, 0.25, 
0.25, 0.25, 0.25, 0.25, 0.25, 0.25, 0.25, 0.25, 0.25, 0, 0, 0, 
0, 0, 0, 0, 0, 0, 0, 0, 0, 0, 0, 0, 0, 0, 0, 0, 0, 0, 0, 0.63667, 
0.545, 0.62333, 0.56952, 0.58762, 0.59167, 0.63135, 0.66607, 
0.68833, 0.65889, 0.66667, 0.60833, 0.58667, 0.56333, 0.63143, 
0.58857, 0.56488, 0.63274, 0.66389, 0.69083, 0.64778, 0.64556, 
0.009, 0.0088, 0.0091, 0.0097, 0.0091, 0.0097, 0.0099, 0.0091, 
0.0101, 0.0101, 0.0105, 36.2, 39.8, 42.8, 46.8, 50, 53.9, 56.6, 
58.3, 62.9, 67, 68.4, 1, 1, 1, 1, 1, 1, 1, 1, 1, 1, 1, 1, 1, 
1, 1, 1, 1, 1, 1, 1, 1, 1, 1, 1, 1, 1, 1, 1, 1, 1, 1, 1, 1, 1, 
1, 1, 1, 1, 1, 1, 1, 1, 1, 1, 2.593, 2.642, 2.696, 2.739, 2.684, 
2.689, 2.673, 2.623, 2.623, 2.539, 2.671), .Dim = c(11L, 40L), .Dimnames = list(
    NULL, c("Sampling", "PSO.cost", "PSO.gamma", "PSO.data.balancing", 
    "PSO.feature.selection", "PSO.valid.acc", "PSO.test.acc", 
    "PSO.train.time", "PSO.n.support.vectors", "PSO.index", "PSO.n.solutions", 
    "PSO.generations", "PSO.n.evaluations", "PSO.cpu.time", "RS.cost", 
    "RS.gamma", "RS.data.balancing", "RS.feature.selection", 
    "RS.valid.acc", "RS.test.acc", "RS.train.time", "RS.n.support.vectors", 
    "RS.index", "RS.n.solutions", "RS.generations", "RS.n.evaluations", 
    "RS.cpu.time", "DF.cost", "DF.gamma", "DF.data.balancing", 
    "DF.feature.selection", "DF.valid.acc", "DF.test.acc", "DF.train.time", 
    "DF.n.support.vectors", "DF.index", "DF.n.solutions", "DF.generations", 
    "DF.n.evaluations", "DF.cpu.time")))
