full <-
structure(c(50, 55, 60, 65, 70, 75, 80, 85, 90, 95, 100, 3.5585, 
5.55644, 5.30314, 8.84277, 7.44679, 7.30714, 8.81535, 7.32769, 
14.56561, 4.78663, 8.091, -3.01091, -4.47292, -4.42002, -4.23248, 
-4.50047, -4.73638, -4.0179, -3.76795, -3.36203, -3.68338, -5.11127, 
0, 0, 0, 0, 0, 0, 0, 0, 0, 0, 0, 0, 0, 0, 0, 0, 0, 0, 0, 0, 0, 
0, 0.84667, 0.84, 0.82476, 0.80143, 0.82738, 0.80298, 0.83016, 
0.78889, 0.8246, 0.82222, 0.76556, 0.80333, 0.73333, 0.71476, 
0.72286, 0.75774, 0.7631, 0.81587, 0.80417, 0.81349, 0.71111, 
0.74444, 0.0121, 0.0103, 0.0095, 0.0096, 0.0105, 0.0112, 0.0102, 
0.0098, 0.0118, 0.0108, 0.0119, 29.5, 29.1, 31.2, 31.1, 33.5, 
34.9, 36.9, 38.4, 41.6, 48.8, 43.5, 121, 459, 92, 33, 131, 240, 
18, 153, 86, 476, 38, 202, 241, 228, 1285, 276, 115, 1080, 329, 
1080, 326, 509, 100, 100, 100, 100, 100, 100, 100, 100, 100, 
100, 100, 2500, 2500, 2500, 2500, 2500, 2500, 2500, 2500, 2500, 
2500, 2500, 8095.531, 8135.743, 7644.928, 7810.075, 7709.552, 
7859.393, 7674.92899999999, 7460.132, 7860.52100000001, 7901.06900000002, 
7992.557, 1.02345, 5.20076, 6.74803, 14.35843, 7.59981, 7.31546, 
12.40179, 7.6535, 6.80781, 4.3601, 8.32659, -2.27596, -4.30003, 
-5.11534, -4.23903, -4.59662, -4.70499, -3.95023, -3.99313, -3.37147, 
-3.38632, -5.11273, 0, 0, 0, 0, 0, 0, 0, 0, 0, 0, 0, 0, 0, 0, 
0, 0, 0, 0, 0, 0, 0, 0, 0.82833, 0.84, 0.82476, 0.80143, 0.82738, 
0.80298, 0.83016, 0.78889, 0.8246, 0.82222, 0.76556, 0.73, 0.73667, 
0.6981, 0.72286, 0.74345, 0.7631, 0.81587, 0.80417, 0.80238, 
0.71111, 0.73444, 0.0091, 0.0092, 0.0094, 0.0106, 0.0118, 0.0097, 
0.0103, 0.0112, 0.0108, 0.0113, 0.0123, 32.7, 29.3, 30.3, 31.1, 
33.3, 34.8, 37, 38.3, 41.6, 49.9, 43.2, 205, 1003, 144, 44, 1880, 
1000, 1, 151, 534, 1045, 33, 2, 1, 12, 32, 1, 1, 31, 3, 6, 1, 
6, 100, 100, 100, 100, 100, 100, 100, 100, 100, 100, 100, 2500, 
2500, 2500, 2500, 2500, 2500, 2500, 2500, 2500, 2500, 2500, 8005.967, 
8022.509, 7722.149, 7623.692, 8010.118, 7645.73, 7477.883, 7860.076, 
7960.63099999999, 7916.87099999998, 8103.079, 1, 1, 1, 1, 1, 
1, 1, 1, 1, 1, 1, 0.25, 0.25, 0.25, 0.25, 0.25, 0.25, 0.25, 0.25, 
0.25, 0.25, 0.25, 0, 0, 0, 0, 0, 0, 0, 0, 0, 0, 0, 0, 0, 0, 0, 
0, 0, 0, 0, 0, 0, 0, 0.74333, 0.665, 0.69143, 0.70619, 0.69405, 
0.70179, 0.72599, 0.66944, 0.67421, 0.65556, 0.64778, 0.75167, 
0.65167, 0.68476, 0.73714, 0.72262, 0.67917, 0.73393, 0.65417, 
0.65992, 0.58889, 0.65667, 0.0093, 0.0086, 0.0093, 0.0096, 0.01, 
0.0103, 0.0103, 0.0106, 0.0111, 0.0101, 0.011, 34.7, 38, 42.3, 
45.2, 48.7, 52.2, 55.9, 59.9, 63.9, 67, 67.8, 1, 1, 1, 1, 1, 
1, 1, 1, 1, 1, 1, 1, 1, 1, 1, 1, 1, 1, 1, 1, 1, 1, 1, 1, 1, 1, 
1, 1, 1, 1, 1, 1, 1, 1, 1, 1, 1, 1, 1, 1, 1, 1, 1, 1, 3.266, 
3.026, 2.977, 3.079, 3.043, 3.094, 3.096, 3.245, 3.24, 3.06, 
3.271), .Dim = c(11L, 40L), .Dimnames = list(NULL, c("Sampling", 
"PSO.cost", "PSO.gamma", "PSO.data.balancing", "PSO.feature.selection", 
"PSO.valid.acc", "PSO.test.acc", "PSO.train.time", "PSO.n.support.vectors", 
"PSO.index", "PSO.n.solutions", "PSO.generations", "PSO.n.evaluations", 
"PSO.cpu.time", "RS.cost", "RS.gamma", "RS.data.balancing", "RS.feature.selection", 
"RS.valid.acc", "RS.test.acc", "RS.train.time", "RS.n.support.vectors", 
"RS.index", "RS.n.solutions", "RS.generations", "RS.n.evaluations", 
"RS.cpu.time", "DF.cost", "DF.gamma", "DF.data.balancing", "DF.feature.selection", 
"DF.valid.acc", "DF.test.acc", "DF.train.time", "DF.n.support.vectors", 
"DF.index", "DF.n.solutions", "DF.generations", "DF.n.evaluations", 
"DF.cpu.time")))
