full <-
structure(c(50, 55, 60, 65, 70, 75, 80, 85, 90, 95, 100, -0.21548, 
8.87201, 15, 14.20682, 13.50195, 1.81451, 15, 8.59842, 10.28859, 
6.30317, 11.52794, -3.76888, -4.44224, -5.71964, -7.33071, -7.01803, 
-3.33074, -7.63171, -4.66708, -5.7101, -4.51787, -7.15141, 0, 
0, 0, 0, 0, 0, 0, 0, 0, 0, 0, 0, 0, 0, 0, 0, 0, 0, 0, 0, 0, 0, 
0.73167, 0.71667, 0.71143, 0.7681, 0.79226, 0.72083, 0.77996, 
0.80159, 0.76032, 0.79, 0.79778, 0.68667, 0.75667, 0.6581, 0.74667, 
0.7256, 0.64167, 0.69921, 0.71508, 0.74464, 0.74556, 0.79778, 
0.008, 0.009, 0.0103, 0.0193, 0.0139, 0.0088, 0.0274, 0.0111, 
0.0136, 0.0105, 0.0159, 33.6, 24.9, 25.9, 27.8, 28.5, 45.5, 33, 
38.3, 39.1, 48.1, 46, 466, 98, 78, 238, 569, 861, 392, 1034, 
298, 1133, 123, 110, 1237, 1433, 161, 63, 59, 37, 44, 264, 13, 
199, 100, 100, 100, 100, 100, 100, 100, 100, 100, 100, 100, 2500, 
2500, 2500, 2500, 2500, 2500, 2500, 2500, 2500, 2500, 2500, 6121.062, 
6127.465, 6138.098, 6079.922, 6076.194, 6002.751, 6198.69500000001, 
6357.841, 6435.033, 6378.439, 6505.62299999999, -0.08652, 12.30491, 
12.89675, 12.39147, 14.02045, 1.54699, 9.47973, 10.87886, 9.20107, 
9.29244, 11.24372, -3.95771, -4.30369, -6.1615, -6.49846, -7.32689, 
-3.34548, -3.2611, -5.8031, -5.42386, -6.11508, -7.01605, 0, 
0, 0, 0, 0, 0, 0, 0, 0, 0, 0, 0, 0, 0, 0, 0, 0, 0, 0, 0, 0, 0, 
0.71167, 0.71667, 0.71143, 0.7681, 0.77976, 0.70595, 0.77639, 
0.79048, 0.75714, 0.77889, 0.79778, 0.68667, 0.75667, 0.64143, 
0.76333, 0.7381, 0.62917, 0.73532, 0.70397, 0.72242, 0.73444, 
0.79778, 0.0083, 0.0086, 0.011, 0.0142, 0.0147, 0.0091, 0.0101, 
0.0145, 0.0125, 0.0131, 0.0154, 33.5, 25, 25.8, 27.8, 28.3, 46.1, 
39.8, 36.9, 41.4, 45.6, 46.1, 217, 24, 68, 30, 810, 1235, 225, 
159, 1380, 717, 2132, 1, 32, 22, 5, 5, 1, 27, 26, 4, 5, 5, 100, 
100, 100, 100, 100, 100, 100, 100, 100, 100, 100, 2500, 2500, 
2500, 2500, 2500, 2500, 2500, 2500, 2500, 2500, 2500, 6122.074, 
6131.038, 6070.728, 6004.502, 6025.32799999999, 6028.49699999999, 
6349.63399999999, 6337.46000000001, 6401.58100000001, 6392.99200000001, 
7638.53000000001, 1, 1, 1, 1, 1, 1, 1, 1, 1, 1, 1, 0.25, 0.25, 
0.25, 0.25, 0.25, 0.25, 0.25, 0.25, 0.25, 0.25, 0.25, 0, 0, 0, 
0, 0, 0, 0, 0, 0, 0, 0, 0, 0, 0, 0, 0, 0, 0, 0, 0, 0, 0, 0.63333, 
0.65667, 0.57452, 0.66476, 0.65179, 0.68155, 0.67738, 0.61885, 
0.66687, 0.66778, 0.65556, 0.68667, 0.69667, 0.57214, 0.72905, 
0.63929, 0.64821, 0.64702, 0.68829, 0.63214, 0.63444, 0.64444, 
0.0082, 0.0082, 0.0081, 0.0087, 0.0088, 0.009, 0.0091, 0.0093, 
0.0102, 0.0105, 0.0104, 34.3, 37.5, 42.2, 44.6, 48.2, 52.7, 55.7, 
59.5, 63.9, 67.6, 68.5, 1, 1, 1, 1, 1, 1, 1, 1, 1, 1, 1, 1, 1, 
1, 1, 1, 1, 1, 1, 1, 1, 1, 1, 1, 1, 1, 1, 1, 1, 1, 1, 1, 1, 1, 
1, 1, 1, 1, 1, 1, 1, 1, 1, 1, 2.497, 2.433, 2.391, 2.413, 2.384, 
2.441, 2.513, 2.5, 2.528, 2.599, 3.105), .Dim = c(11L, 40L), .Dimnames = list(
    NULL, c("Sampling", "PSO.cost", "PSO.gamma", "PSO.data.balancing", 
    "PSO.feature.selection", "PSO.valid.acc", "PSO.test.acc", 
    "PSO.train.time", "PSO.n.support.vectors", "PSO.index", "PSO.n.solutions", 
    "PSO.generations", "PSO.n.evaluations", "PSO.cpu.time", "RS.cost", 
    "RS.gamma", "RS.data.balancing", "RS.feature.selection", 
    "RS.valid.acc", "RS.test.acc", "RS.train.time", "RS.n.support.vectors", 
    "RS.index", "RS.n.solutions", "RS.generations", "RS.n.evaluations", 
    "RS.cpu.time", "DF.cost", "DF.gamma", "DF.data.balancing", 
    "DF.feature.selection", "DF.valid.acc", "DF.test.acc", "DF.train.time", 
    "DF.n.support.vectors", "DF.index", "DF.n.solutions", "DF.generations", 
    "DF.n.evaluations", "DF.cpu.time")))
