full <-
structure(c(50, 55, 60, 65, 70, 75, 80, 85, 90, 95, 100, 3.37957, 
2.73012, 14.55005, 15, 11.59028, 6.14475, 3.35987, 5.05585, 11.75774, 
6.54123, 5.36127, -4.06273, -2.67482, -3.23098, -7.8289, -2.91784, 
-4.1341, -2.23306, -3.09036, -7.64245, -3.94643, -3.96011, 0, 
0, 0, 0, 0, 0, 0, 0, 0, 0, 0, 0, 0, 0, 0, 0, 0, 0, 0, 0, 0, 0, 
0.64, 0.67333, 0.65476, 0.63798, 0.67857, 0.7631, 0.76171, 0.77718, 
0.77917, 0.76778, 0.77556, 0.55, 0.68667, 0.59643, 0.58024, 0.66429, 
0.73214, 0.70992, 0.73929, 0.74444, 0.74556, 0.74333, 0.008, 
0.0083, 0.0089, 0.0194, 0.0091, 0.0096, 0.0095, 0.0091, 0.0144, 
0.0099, 0.0097, 31.4, 35.8, 33.4, 29, 39.3, 37.7, 49.5, 45.8, 
44.9, 43.9, 48.8, 140, 894, 67, 347, 20, 322, 1309, 1611, 1190, 
25, 1866, 171, 81, 1286, 145, 338, 273, 45, 26, 25, 772, 3, 100, 
100, 100, 100, 100, 100, 100, 100, 100, 100, 100, 2500, 2500, 
2500, 2500, 2500, 2500, 2500, 2500, 2500, 2500, 2500, 6214.812, 
6294.045, 6324.997, 6523.492, 6276.966, 6306.554, 6299.101, 6080.87300000001, 
6104.18299999999, 6251.84, 6167.223, 3.93838, 4.06112, 13.99921, 
12.87272, 5.83352, 12.21416, 3.43432, 12.82187, 12.54459, 6.95192, 
9.60175, -4.50961, -3.92783, -8.10777, -6.91601, -3.73019, -3.65021, 
-2.25465, -6.77277, -7.90193, -3.96899, -6.21185, 0, 0, 0, 0, 
0, 0, 0, 0, 0, 0, 0, 0, 0, 0, 0, 0, 0, 0, 0, 0, 0, 0, 0.62, 0.67, 
0.66143, 0.63464, 0.67857, 0.74881, 0.76171, 0.76706, 0.76806, 
0.76778, 0.76556, 0.575, 0.63833, 0.73738, 0.59452, 0.63095, 
0.73214, 0.72242, 0.7125, 0.76667, 0.73444, 0.73333, 0.0077, 
0.0086, 0.0159, 0.0146, 0.009, 0.0095, 0.0093, 0.0175, 0.0187, 
0.0104, 0.0121, 31.2, 33.6, 30, 29.7, 36.4, 36.7, 49.1, 36.9, 
44.7, 43.4, 45.1, 271, 1012, 226, 1647, 232, 97, 15, 1372, 241, 
142, 811, 4, 2, 3, 1, 7, 12, 2, 1, 3, 11, 3, 100, 100, 100, 100, 
100, 100, 100, 100, 100, 100, 100, 2500, 2500, 2500, 2500, 2500, 
2500, 2500, 2500, 2500, 2500, 2500, 6175.701, 6315.065, 6296.147, 
6248.88, 6339.878, 6282.24099999999, 6168.876, 6045.492, 6182.13800000001, 
6175.83200000001, 6157.408, 1, 1, 1, 1, 1, 1, 1, 1, 1, 1, 1, 
0.25, 0.25, 0.25, 0.25, 0.25, 0.25, 0.25, 0.25, 0.25, 0.25, 0.25, 
0, 0, 0, 0, 0, 0, 0, 0, 0, 0, 0, 0, 0, 0, 0, 0, 0, 0, 0, 0, 0, 
0, 0.48, 0.565, 0.57381, 0.48988, 0.54286, 0.6375, 0.64484, 0.62143, 
0.61667, 0.61556, 0.66778, 0.43, 0.56833, 0.58476, 0.495, 0.5881, 
0.625, 0.62163, 0.63849, 0.60278, 0.61556, 0.66889, 0.0082, 0.0083, 
0.0086, 0.0087, 0.0092, 0.0091, 0.0086, 0.0094, 0.0097, 0.0092, 
0.0095, 36, 39.5, 42.8, 45.7, 48.7, 52.8, 56.2, 60.6, 64.4, 65.9, 
68.5, 1, 1, 1, 1, 1, 1, 1, 1, 1, 1, 1, 1, 1, 1, 1, 1, 1, 1, 1, 
1, 1, 1, 1, 1, 1, 1, 1, 1, 1, 1, 1, 1, 1, 1, 1, 1, 1, 1, 1, 1, 
1, 1, 1, 1, 2.496, 2.567, 2.512, 2.499, 2.529, 2.48, 2.304, 2.424, 
2.539, 2.421, 2.439), .Dim = c(11L, 40L), .Dimnames = list(NULL, 
    c("Sampling", "PSO.cost", "PSO.gamma", "PSO.data.balancing", 
    "PSO.feature.selection", "PSO.valid.acc", "PSO.test.acc", 
    "PSO.train.time", "PSO.n.support.vectors", "PSO.index", "PSO.n.solutions", 
    "PSO.generations", "PSO.n.evaluations", "PSO.cpu.time", "RS.cost", 
    "RS.gamma", "RS.data.balancing", "RS.feature.selection", 
    "RS.valid.acc", "RS.test.acc", "RS.train.time", "RS.n.support.vectors", 
    "RS.index", "RS.n.solutions", "RS.generations", "RS.n.evaluations", 
    "RS.cpu.time", "DF.cost", "DF.gamma", "DF.data.balancing", 
    "DF.feature.selection", "DF.valid.acc", "DF.test.acc", "DF.train.time", 
    "DF.n.support.vectors", "DF.index", "DF.n.solutions", "DF.generations", 
    "DF.n.evaluations", "DF.cpu.time")))
