full <-
structure(c(50, 55, 60, 65, 70, 75, 80, 85, 90, 95, 100, 10.15244, 
6.4895, 14.29096, 7.1665, 12.30295, 9.72629, 4.38209, 5.33841, 
15, 9.52367, 15, -2.7959, -2.96863, -3.92951, -3.87768, -2.66218, 
-3.43256, -4.97732, -2.22161, -9.05361, -5.89412, -9.26463, 0, 
0, 0, 0, 0, 0, 0, 0, 0, 0, 0, 0, 0, 0, 0, 0, 0, 0, 0, 0, 0, 0, 
0.765, 0.78833, 0.80667, 0.8381, 0.77738, 0.77798, 0.7871, 0.75794, 
0.75833, 0.77111, 0.77556, 0.74, 0.805, 0.78667, 0.78476, 0.76071, 
0.7244, 0.72063, 0.74048, 0.70139, 0.74778, 0.74111, 0.0097, 
0.0087, 0.0098, 0.0102, 0.0101, 0.0107, 0.0102, 0.0102, 0.0287, 
0.0134, 0.0267, 28.9, 31.8, 30.1, 32, 37.8, 37.1, 48.7, 48, 44.2, 
44.4, 48.5, 2, 140, 82, 73, 2, 26, 190, 28, 617, 326, 1069, 1526, 
1394, 1445, 488, 1650, 1384, 110, 1440, 37, 71, 16, 100, 100, 
100, 100, 100, 100, 100, 100, 100, 100, 100, 2500, 2500, 2500, 
2500, 2500, 2500, 2500, 2500, 2500, 2500, 2500, 8223.525, 8024.26, 
7800.73, 7792.309, 7757.766, 7636.83900000001, 7716.34199999999, 
7868.011, 7861.806, 7919.394, 8118.27900000001, 6.8936, 10.67043, 
9.92809, 7.32325, 11.82904, 7.76324, 5.42037, 4.5469, 11.24778, 
9.56256, 6.10763, -2.63768, -2.78971, -3.74416, -3.7622, -2.7128, 
-3.52729, -5.57052, -2.76879, -7.14981, -5.98507, -4.27471, 0, 
0, 0, 0, 0, 0, 0, 0, 0, 0, 0, 0, 0, 0, 0, 0, 0, 0, 0, 0, 0, 0, 
0.765, 0.78833, 0.80667, 0.8381, 0.77738, 0.77798, 0.7871, 0.75972, 
0.74722, 0.77111, 0.77444, 0.72, 0.76833, 0.78667, 0.80143, 0.76071, 
0.7244, 0.72063, 0.75159, 0.7125, 0.74778, 0.76444, 0.0109, 0.0089, 
0.0096, 0.0103, 0.0097, 0.0104, 0.0104, 0.0098, 0.0147, 0.0126, 
0.0111, 29.7, 32.3, 30.6, 32.3, 37.4, 36.8, 48.4, 44.8, 44.5, 
44.8, 47.5, 116, 140, 8, 576, 27, 122, 812, 1603, 1814, 2404, 
2244, 41, 21, 20, 15, 101, 87, 2, 1, 3, 1, 1, 100, 100, 100, 
100, 100, 100, 100, 100, 100, 100, 100, 2500, 2500, 2500, 2500, 
2500, 2500, 2500, 2500, 2500, 2500, 2500, 7994.314, 7857.673, 
7782.863, 7935.255, 7868.09699999999, 7727.193, 7882.41099999999, 
7786.37, 7573.902, 7947.959, 8073.61500000002, 1, 1, 1, 1, 1, 
1, 1, 1, 1, 1, 1, 0.25, 0.25, 0.25, 0.25, 0.25, 0.25, 0.25, 0.25, 
0.25, 0.25, 0.25, 0, 0, 0, 0, 0, 0, 0, 0, 0, 0, 0, 0, 0, 0, 0, 
0, 0, 0, 0, 0, 0, 0, 0.61167, 0.63, 0.55667, 0.72286, 0.69345, 
0.63393, 0.72242, 0.67877, 0.70139, 0.62556, 0.61222, 0.58167, 
0.61, 0.64333, 0.73476, 0.68155, 0.69762, 0.72063, 0.67917, 0.66528, 
0.63889, 0.66556, 0.0089, 0.0096, 0.0095, 0.0097, 0.0095, 0.0105, 
0.0101, 0.0102, 0.0102, 0.0107, 0.0113, 35.5, 39.1, 43.2, 47.5, 
50.7, 54.1, 56.9, 59.6, 63.9, 67.1, 68.5, 1, 1, 1, 1, 1, 1, 1, 
1, 1, 1, 1, 1, 1, 1, 1, 1, 1, 1, 1, 1, 1, 1, 1, 1, 1, 1, 1, 1, 
1, 1, 1, 1, 1, 1, 1, 1, 1, 1, 1, 1, 1, 1, 1, 1, 3.165, 3.186, 
3.16, 3.216, 3.108, 3.22, 3.085, 3.117, 3.121, 3.028, 3.275), .Dim = c(11L, 
40L), .Dimnames = list(NULL, c("Sampling", "PSO.cost", "PSO.gamma", 
"PSO.data.balancing", "PSO.feature.selection", "PSO.valid.acc", 
"PSO.test.acc", "PSO.train.time", "PSO.n.support.vectors", "PSO.index", 
"PSO.n.solutions", "PSO.generations", "PSO.n.evaluations", "PSO.cpu.time", 
"RS.cost", "RS.gamma", "RS.data.balancing", "RS.feature.selection", 
"RS.valid.acc", "RS.test.acc", "RS.train.time", "RS.n.support.vectors", 
"RS.index", "RS.n.solutions", "RS.generations", "RS.n.evaluations", 
"RS.cpu.time", "DF.cost", "DF.gamma", "DF.data.balancing", "DF.feature.selection", 
"DF.valid.acc", "DF.test.acc", "DF.train.time", "DF.n.support.vectors", 
"DF.index", "DF.n.solutions", "DF.generations", "DF.n.evaluations", 
"DF.cpu.time")))
