full <-
structure(c(50, 55, 60, 65, 70, 75, 80, 85, 90, 95, 100, 2.32135, 
1.1897, 1.04482, 4.31813, 8.74966, 8.4084, 6.40032, 4.63312, 
4.68752, 4.29693, 15, -3.23305, -2.81487, -2.01389, -3.39092, 
-4.84816, -2.66701, -4.11969, -4.26917, -3.69351, -2.63718, -8.53311, 
0, 0, 0, 0, 0, 0, 0, 0, 0, 0, 0, 0, 0, 0, 0, 0, 0, 0, 0, 0, 0, 
0, 0.73667, 0.73167, 0.73, 0.68762, 0.72976, 0.74048, 0.78313, 
0.78056, 0.78194, 0.79194, 0.75444, 0.65667, 0.70667, 0.66, 0.69, 
0.68631, 0.71012, 0.79563, 0.71944, 0.75833, 0.78944, 0.73222, 
0.0077, 0.0087, 0.0083, 0.0087, 0.0104, 0.0099, 0.0103, 0.0101, 
0.0098, 0.0103, 0.0369, 31, 35.9, 41.5, 37.6, 32.8, 41.6, 40.7, 
49.1, 48.4, 53.1, 42.7, 434, 721, 550, 635, 221, 39, 274, 335, 
532, 32, 149, 574, 206, 293, 200, 285, 1208, 388, 255, 126, 302, 
48, 100, 100, 100, 100, 100, 100, 100, 100, 100, 100, 100, 2500, 
2500, 2500, 2500, 2500, 2500, 2500, 2500, 2500, 2500, 2500, 6303.196, 
6420.343, 6252.6, 6351.706, 6693.058, 6743.109, 6563.90399999999, 
6316.038, 6598.34699999999, 6731.181, 6682.64099999999, 2.97078, 
1.13901, 1.14466, 4.19663, 7.79316, 6.64916, 5.45909, 9.22446, 
7.11588, 4.91933, 4.60531, -3.7158, -2.75556, -1.75648, -3.50576, 
-4.53854, -2.47757, -3.62788, -6.97382, -3.70623, -3.04278, -2.77167, 
0, 0, 0, 0, 0, 0, 0, 0, 0, 0, 0, 0, 0, 0, 0, 0, 0, 0, 0, 0, 0, 
0, 0.73667, 0.73167, 0.71, 0.67333, 0.72976, 0.74048, 0.78313, 
0.77877, 0.77083, 0.79194, 0.75333, 0.65667, 0.70667, 0.66, 0.67333, 
0.68631, 0.71012, 0.80813, 0.70694, 0.76806, 0.78944, 0.74556, 
0.0085, 0.0084, 0.009, 0.0093, 0.0103, 0.0101, 0.0095, 0.0108, 
0.0112, 0.0107, 0.0107, 30.5, 35.9, 42.6, 37.8, 33.2, 43.3, 42.1, 
48.4, 42.9, 49.6, 52.6, 781, 952, 672, 266, 56, 194, 2196, 309, 
492, 592, 265, 1, 2, 1, 5, 2, 30, 2, 4, 4, 9, 4, 100, 100, 100, 
100, 100, 100, 100, 100, 100, 100, 100, 2500, 2500, 2500, 2500, 
2500, 2500, 2500, 2500, 2500, 2500, 2500, 6329.526, 6356.563, 
6391.071, 6508.859, 6602.594, 6696.648, 6413.363, 6588.087, 6743.677, 
6598.531, 6627.22100000002, 1, 1, 1, 1, 1, 1, 1, 1, 1, 1, 1, 
0.25, 0.25, 0.25, 0.25, 0.25, 0.25, 0.25, 0.25, 0.25, 0.25, 0.25, 
0, 0, 0, 0, 0, 0, 0, 0, 0, 0, 0, 0, 0, 0, 0, 0, 0, 0, 0, 0, 0, 
0, 0.51833, 0.64167, 0.62, 0.56048, 0.60298, 0.61131, 0.65655, 
0.66944, 0.68056, 0.66167, 0.60556, 0.55167, 0.605, 0.56667, 
0.57714, 0.58452, 0.62321, 0.66905, 0.59226, 0.65417, 0.63694, 
0.63444, 0.0083, 0.0086, 0.0083, 0.0093, 0.0089, 0.0093, 0.0091, 
0.0098, 0.0098, 0.0099, 0.0099, 35.6, 39.3, 43.2, 46.2, 50.1, 
53.3, 57.3, 60.8, 64.3, 67.4, 67.8, 1, 1, 1, 1, 1, 1, 1, 1, 1, 
1, 1, 1, 1, 1, 1, 1, 1, 1, 1, 1, 1, 1, 1, 1, 1, 1, 1, 1, 1, 1, 
1, 1, 1, 1, 1, 1, 1, 1, 1, 1, 1, 1, 1, 1, 2.506, 2.597, 2.517, 
2.806, 2.615, 2.631, 2.364, 2.695, 2.698, 2.579, 2.713), .Dim = c(11L, 
40L), .Dimnames = list(NULL, c("Sampling", "PSO.cost", "PSO.gamma", 
"PSO.data.balancing", "PSO.feature.selection", "PSO.valid.acc", 
"PSO.test.acc", "PSO.train.time", "PSO.n.support.vectors", "PSO.index", 
"PSO.n.solutions", "PSO.generations", "PSO.n.evaluations", "PSO.cpu.time", 
"RS.cost", "RS.gamma", "RS.data.balancing", "RS.feature.selection", 
"RS.valid.acc", "RS.test.acc", "RS.train.time", "RS.n.support.vectors", 
"RS.index", "RS.n.solutions", "RS.generations", "RS.n.evaluations", 
"RS.cpu.time", "DF.cost", "DF.gamma", "DF.data.balancing", "DF.feature.selection", 
"DF.valid.acc", "DF.test.acc", "DF.train.time", "DF.n.support.vectors", 
"DF.index", "DF.n.solutions", "DF.generations", "DF.n.evaluations", 
"DF.cpu.time")))
