full <-
structure(c(50, 55, 60, 65, 70, 75, 80, 85, 90, 95, 100, 10.82281, 
9.46009, 7.45609, 3.77305, 5.08722, 4.2572, 4.12976, 4.85556, 
3.34104, 6.91692, 4.26709, -4.92734, -4.04159, -3.96971, -2.83543, 
-3.68287, -2.75151, -2.84255, -3.2519, -2.80768, -4.62343, -3.92018, 
0, 0, 0, 0, 0, 0, 0, 0, 0, 0, 0, 0, 0, 0, 0, 0, 0, 0, 0, 0, 0, 
0, 0.7, 0.77833, 0.71238, 0.74095, 0.76667, 0.75198, 0.7748, 
0.77381, 0.75159, 0.78333, 0.79556, 0.63, 0.68167, 0.64381, 0.70524, 
0.71964, 0.69742, 0.71468, 0.72202, 0.75615, 0.76111, 0.75222, 
0.0093, 0.0096, 0.0096, 0.0098, 0.0095, 0.0102, 0.0094, 0.0098, 
0.0104, 0.0113, 0.0103, 24.5, 28.4, 31.2, 39.4, 39.5, 42.1, 45, 
45.6, 52, 45.9, 53.7, 5, 82, 11, 999, 317, 109, 336, 2034, 1319, 
114, 1963, 1335, 1201, 1425, 10, 385, 188, 187, 1, 22, 624, 5, 
100, 100, 100, 100, 100, 100, 100, 100, 100, 100, 100, 2500, 
2500, 2500, 2500, 2500, 2500, 2500, 2500, 2500, 2500, 2500, 6440.61, 
6522.208, 6657.288, 6675.893, 6683.41, 6647.16500000001, 6559.227, 
6570.019, 6673.40199999999, 6692.06000000001, 6672.63400000002, 
0.75986, 9.28907, 12.21888, 4.33528, 4.42975, 3.93885, 6.22268, 
6.85041, 3.17253, 5.3084, 6.63648, -1.9679, -4.13281, -5.08965, 
-3.36056, -3.30924, -2.67366, -3.68961, -2.52335, -3.0568, -3.58023, 
-5.30467, 0, 0, 0, 0, 0, 0, 0, 0, 0, 0, 0, 0, 0, 0, 0, 0, 0, 
0, 0, 0, 0, 0, 0.71, 0.77833, 0.71238, 0.73857, 0.76667, 0.75198, 
0.7498, 0.75119, 0.7627, 0.78333, 0.78444, 0.6, 0.70167, 0.64381, 
0.68857, 0.70536, 0.69742, 0.68968, 0.7123, 0.74365, 0.78333, 
0.74111, 0.009, 0.0093, 0.0112, 0.0097, 0.0098, 0.0097, 0.0099, 
0.0107, 0.0106, 0.0104, 0.0111, 33.8, 28.2, 28.6, 37.6, 39.7, 
42.6, 39, 48.9, 51.7, 47.4, 52, 865, 112, 16, 1546, 2415, 2460, 
2386, 264, 995, 110, 952, 3, 9, 115, 1, 1, 1, 1, 11, 1, 16, 3, 
100, 100, 100, 100, 100, 100, 100, 100, 100, 100, 100, 2500, 
2500, 2500, 2500, 2500, 2500, 2500, 2500, 2500, 2500, 2500, 6478.183, 
6571.846, 6646.972, 6694.488, 6670.978, 6570.66100000001, 6571.019, 
6654.008, 6665.67400000001, 6690.24100000001, 6624.39000000001, 
1, 1, 1, 1, 1, 1, 1, 1, 1, 1, 1, 0.25, 0.25, 0.25, 0.25, 0.25, 
0.25, 0.25, 0.25, 0.25, 0.25, 0.25, 0, 0, 0, 0, 0, 0, 0, 0, 0, 
0, 0, 0, 0, 0, 0, 0, 0, 0, 0, 0, 0, 0, 0.665, 0.66, 0.47714, 
0.54667, 0.65476, 0.58056, 0.62321, 0.61746, 0.6631, 0.58444, 
0.63222, 0.615, 0.64, 0.53714, 0.56905, 0.62619, 0.52421, 0.64444, 
0.61468, 0.6756, 0.63889, 0.67333, 0.0084, 0.0086, 0.0093, 0.0093, 
0.0094, 0.0094, 0.0095, 0.01, 0.0104, 0.0105, 0.0098, 34.5, 37.9, 
41.9, 45.2, 49.2, 53, 56.3, 59.2, 62.6, 66.6, 68.1, 1, 1, 1, 
1, 1, 1, 1, 1, 1, 1, 1, 1, 1, 1, 1, 1, 1, 1, 1, 1, 1, 1, 1, 1, 
1, 1, 1, 1, 1, 1, 1, 1, 1, 1, 1, 1, 1, 1, 1, 1, 1, 1, 1, 1, 2.55, 
2.562, 2.691, 2.628, 2.661, 2.557, 2.579, 2.645, 2.695, 2.706, 
2.498), .Dim = c(11L, 40L), .Dimnames = list(NULL, c("Sampling", 
"PSO.cost", "PSO.gamma", "PSO.data.balancing", "PSO.feature.selection", 
"PSO.valid.acc", "PSO.test.acc", "PSO.train.time", "PSO.n.support.vectors", 
"PSO.index", "PSO.n.solutions", "PSO.generations", "PSO.n.evaluations", 
"PSO.cpu.time", "RS.cost", "RS.gamma", "RS.data.balancing", "RS.feature.selection", 
"RS.valid.acc", "RS.test.acc", "RS.train.time", "RS.n.support.vectors", 
"RS.index", "RS.n.solutions", "RS.generations", "RS.n.evaluations", 
"RS.cpu.time", "DF.cost", "DF.gamma", "DF.data.balancing", "DF.feature.selection", 
"DF.valid.acc", "DF.test.acc", "DF.train.time", "DF.n.support.vectors", 
"DF.index", "DF.n.solutions", "DF.generations", "DF.n.evaluations", 
"DF.cpu.time")))
