full <-
structure(c(50, 55, 60, 65, 70, 75, 80, 85, 90, 95, 100, 5.36376, 
2.70178, 4.09677, 2.85535, 2.86776, 4.72707, 6.15572, 8.58113, 
15, 14.53726, 10.26498, -3.75566, -3.05157, -3.93898, -3.4874, 
-3.13388, -3.92658, -4.90412, -3.7866, -8.18758, -7.85439, -2.50259, 
0, 0, 0, 0, 0, 0, 0, 0, 0, 0, 0, 0, 0, 0, 0, 0, 0, 0, 0, 0, 0, 
0, 0.77, 0.81667, 0.77667, 0.76952, 0.74345, 0.77798, 0.74603, 
0.75536, 0.75, 0.77056, 0.80778, 0.66, 0.75667, 0.72667, 0.73619, 
0.65536, 0.75952, 0.71091, 0.71706, 0.72083, 0.72611, 0.76333, 
0.0099, 0.0092, 0.0098, 0.0094, 0.0097, 0.0094, 0.0098, 0.0104, 
0.0377, 0.0277, 0.011, 28, 33.9, 35.2, 39.3, 40.9, 40.8, 43.2, 
40.4, 39.5, 38.5, 53.7, 80, 332, 452, 409, 364, 1143, 2292, 172, 
233, 175, 59, 574, 481, 53, 396, 203, 165, 1, 1300, 238, 237, 
1622, 100, 100, 100, 100, 100, 100, 100, 100, 100, 100, 100, 
2500, 2500, 2500, 2500, 2500, 2500, 2500, 2500, 2500, 2500, 2500, 
7826.171, 7873.335, 7641.857, 7768.99, 7871.409, 7781.238, 7506.78, 
7336.61199999999, 8239.978, 7874.41, 7783.766, 4.80017, 2.4751, 
3.47353, 3.52847, 3.03684, 4.27457, 2.13572, 9.52995, 12.83278, 
14.83437, 8.40816, -3.5155, -3.0226, -4.31198, -3.4683, -3.44217, 
-3.69283, -2.78311, -3.75125, -7.09405, -7.98234, -2.49348, 0, 
0, 0, 0, 0, 0, 0, 0, 0, 0, 0, 0, 0, 0, 0, 0, 0, 0, 0, 0, 0, 0, 
0.77, 0.81667, 0.77667, 0.75524, 0.73929, 0.76369, 0.74464, 0.75536, 
0.75, 0.77056, 0.80778, 0.66, 0.75667, 0.72667, 0.73619, 0.71071, 
0.73095, 0.68413, 0.71706, 0.72083, 0.73611, 0.76333, 0.0091, 
0.0093, 0.0094, 0.0089, 0.0097, 0.0101, 0.0093, 0.0109, 0.0195, 
0.026, 0.0114, 28.5, 34.2, 35.9, 38, 40.8, 41.4, 48.3, 40.6, 
39.5, 38.5, 53.8, 286, 463, 782, 2494, 1296, 1002, 735, 1943, 
489, 2214, 23, 7, 3, 1, 1, 1, 1, 1, 1, 1, 2, 21, 100, 100, 100, 
100, 100, 100, 100, 100, 100, 100, 100, 2500, 2500, 2500, 2500, 
2500, 2500, 2500, 2500, 2500, 2500, 2500, 7841.934, 7820.944, 
7797.659, 7828.865, 7939.645, 7691.118, 7332.064, 7769.955, 7728.644, 
7591.136, 7866.58299999998, 1, 1, 1, 1, 1, 1, 1, 1, 1, 1, 1, 
0.25, 0.25, 0.25, 0.25, 0.25, 0.25, 0.25, 0.25, 0.25, 0.25, 0.25, 
0, 0, 0, 0, 0, 0, 0, 0, 0, 0, 0, 0, 0, 0, 0, 0, 0, 0, 0, 0, 0, 
0, 0.655, 0.65833, 0.68667, 0.67429, 0.56786, 0.68929, 0.68452, 
0.66171, 0.65278, 0.68056, 0.64222, 0.68, 0.645, 0.74333, 0.65762, 
0.59464, 0.65417, 0.70159, 0.62421, 0.67222, 0.66778, 0.64556, 
0.0088, 0.0088, 0.0094, 0.0095, 0.01, 0.0096, 0.0097, 0.0099, 
0.0101, 0.0108, 0.01, 34.8, 38.8, 43.3, 47.6, 50, 51.9, 55.7, 
59.8, 62.8, 66.7, 69, 1, 1, 1, 1, 1, 1, 1, 1, 1, 1, 1, 1, 1, 
1, 1, 1, 1, 1, 1, 1, 1, 1, 1, 1, 1, 1, 1, 1, 1, 1, 1, 1, 1, 1, 
1, 1, 1, 1, 1, 1, 1, 1, 1, 1, 3.192, 3.162, 2.973, 3.175, 3.173, 
2.912, 3.055, 3.239, 3.175, 3.13, 2.877), .Dim = c(11L, 40L), .Dimnames = list(
    NULL, c("Sampling", "PSO.cost", "PSO.gamma", "PSO.data.balancing", 
    "PSO.feature.selection", "PSO.valid.acc", "PSO.test.acc", 
    "PSO.train.time", "PSO.n.support.vectors", "PSO.index", "PSO.n.solutions", 
    "PSO.generations", "PSO.n.evaluations", "PSO.cpu.time", "RS.cost", 
    "RS.gamma", "RS.data.balancing", "RS.feature.selection", 
    "RS.valid.acc", "RS.test.acc", "RS.train.time", "RS.n.support.vectors", 
    "RS.index", "RS.n.solutions", "RS.generations", "RS.n.evaluations", 
    "RS.cpu.time", "DF.cost", "DF.gamma", "DF.data.balancing", 
    "DF.feature.selection", "DF.valid.acc", "DF.test.acc", "DF.train.time", 
    "DF.n.support.vectors", "DF.index", "DF.n.solutions", "DF.generations", 
    "DF.n.evaluations", "DF.cpu.time")))
