full <-
structure(c(50, 55, 60, 65, 70, 75, 80, 85, 90, 95, 100, 4.42706, 
13.32514, 13.09577, 7.02327, 5.20769, 6.2908, 4.3704, 12.81536, 
15, 6.76375, 15, -5.58735, -4.56916, -6.65081, -5.89626, -3.62116, 
-3.87251, -2.94861, -2.7671, -7.41427, -4.67022, -7.76871, 0, 
0, 0, 0, 0, 0, 0, 0, 0, 0, 0, 0, 0, 0, 0, 0, 0, 0, 0, 0, 0, 0, 
0.74333, 0.75833, 0.73333, 0.76571, 0.72262, 0.75417, 0.74464, 
0.80139, 0.7375, 0.81333, 0.7598, 0.7, 0.7, 0.61833, 0.70619, 
0.65774, 0.75833, 0.74286, 0.73671, 0.77083, 0.78, 0.71253, 0.0083, 
0.0098, 0.0131, 0.0093, 0.0093, 0.0089, 0.0101, 0.0106, 0.0277, 
0.0113, 0.0342, 31.3, 27.5, 27.1, 35.5, 35.8, 35.6, 42.5, 44.6, 
36, 45.5, 38.2, 316, 66, 86, 94, 899, 363, 2239, 2, 463, 31, 
62, 303, 1595, 536, 74, 116, 132, 1, 1586, 489, 108, 417, 100, 
100, 100, 100, 100, 100, 100, 100, 100, 100, 100, 2500, 2500, 
2500, 2500, 2500, 2500, 2500, 2500, 2500, 2500, 2500, 6564.831, 
6709.435, 6805.457, 6632.572, 6669.079, 6289.489, 6943.63800000001, 
6837.571, 7366.64700000001, 7150.099, 7569.932, 7.48952, 10.39082, 
14.15293, 13.15805, 5.18654, 6.6957, 13.95552, 9.72415, 8.47897, 
3.05435, 11.28505, -6.85668, -4.70569, -7.17736, -9.13013, -3.61366, 
-3.99238, -8.83396, -2.6865, -4.8356, -2.60136, -6.94674, 0, 
0, 0, 0, 0, 0, 0, 0, 0, 0, 0, 0, 0, 0, 0, 0, 0, 0, 0, 0, 0, 0, 
0.74333, 0.75833, 0.73333, 0.74905, 0.72262, 0.75417, 0.74107, 
0.80139, 0.72639, 0.81222, 0.75162, 0.72, 0.7, 0.61833, 0.68619, 
0.65774, 0.78333, 0.76429, 0.74782, 0.75694, 0.76889, 0.72364, 
0.0093, 0.0097, 0.015, 0.0122, 0.009, 0.0092, 0.0158, 0.0105, 
0.0124, 0.0107, 0.0178, 29.4, 27.4, 27.1, 34.4, 35.8, 35.1, 38.6, 
45.3, 38.7, 56, 45.1, 408, 242, 101, 29, 1848, 277, 1, 76, 477, 
1740, 318, 7, 13, 4, 8, 1, 2, 47, 63, 8, 2, 4, 100, 100, 100, 
100, 100, 100, 100, 100, 100, 100, 100, 2500, 2500, 2500, 2500, 
2500, 2500, 2500, 2500, 2500, 2500, 2500, 6688.344, 6674.961, 
6606.68399999999, 6609.316, 6466.91699999999, 6709.56599999999, 
6873.25399999999, 6939.14600000001, 7162.698, 7178.09299999999, 
7207.65400000001, 1, 1, 1, 1, 1, 1, 1, 1, 1, 1, 1, 0.25, 0.25, 
0.25, 0.25, 0.25, 0.25, 0.25, 0.25, 0.25, 0.25, 0.25, 0, 0, 0, 
0, 0, 0, 0, 0, 0, 0, 0, 0, 0, 0, 0, 0, 0, 0, 0, 0, 0, 0, 0.57167, 
0.5, 0.55, 0.68381, 0.69107, 0.65357, 0.6744, 0.68948, 0.66528, 
0.67889, 0.64697, 0.62833, 0.525, 0.52667, 0.65524, 0.71845, 
0.71131, 0.68512, 0.71448, 0.62639, 0.65889, 0.65808, 0.0083, 
0.0085, 0.0093, 0.0087, 0.0087, 0.0095, 0.0094, 0.0101, 0.0102, 
0.0099, 0.0106, 35.8, 39.3, 43.3, 46.3, 48.8, 53.3, 56.7, 60, 
64, 65.6, 68.2, 1, 1, 1, 1, 1, 1, 1, 1, 1, 1, 1, 1, 1, 1, 1, 
1, 1, 1, 1, 1, 1, 1, 1, 1, 1, 1, 1, 1, 1, 1, 1, 1, 1, 1, 1, 1, 
1, 1, 1, 1, 1, 1, 1, 1, 2.667, 2.691, 2.664, 2.639, 2.442, 2.737, 
2.701, 2.805, 2.838, 2.832, 2.875), .Dim = c(11L, 40L), .Dimnames = list(
    NULL, c("Sampling", "PSO.cost", "PSO.gamma", "PSO.data.balancing", 
    "PSO.feature.selection", "PSO.valid.acc", "PSO.test.acc", 
    "PSO.train.time", "PSO.n.support.vectors", "PSO.index", "PSO.n.solutions", 
    "PSO.generations", "PSO.n.evaluations", "PSO.cpu.time", "RS.cost", 
    "RS.gamma", "RS.data.balancing", "RS.feature.selection", 
    "RS.valid.acc", "RS.test.acc", "RS.train.time", "RS.n.support.vectors", 
    "RS.index", "RS.n.solutions", "RS.generations", "RS.n.evaluations", 
    "RS.cpu.time", "DF.cost", "DF.gamma", "DF.data.balancing", 
    "DF.feature.selection", "DF.valid.acc", "DF.test.acc", "DF.train.time", 
    "DF.n.support.vectors", "DF.index", "DF.n.solutions", "DF.generations", 
    "DF.n.evaluations", "DF.cpu.time")))
