full <-
structure(c(50, 55, 60, 65, 70, 75, 80, 85, 90, 95, 100, 11.17201, 
5.89242, 5.9941, 4.14434, 9.13434, 7.16912, 4.16589, 6.41432, 
7.64382, 4.00998, 7.95448, -6.7523, -3.72074, -3.73253, -3.18024, 
-5.18783, -4.4838, -3.79889, -4.45985, -2.96153, -2.40588, -2.7927, 
0, 0, 0, 0, 0, 0, 0, 0, 0, 0, 0, 0, 0, 0, 0, 0, 0, 0, 0, 0, 0, 
0, 0.735, 0.68333, 0.78, 0.76619, 0.75714, 0.78393, 0.8129, 0.79048, 
0.75833, 0.78056, 0.78444, 0.625, 0.62, 0.71, 0.70714, 0.75714, 
0.72202, 0.75595, 0.77619, 0.76806, 0.71139, 0.73, 0.0098, 0.0079, 
0.0083, 0.0084, 0.0107, 0.0098, 0.0089, 0.0096, 0.0102, 0.0092, 
0.0097, 28.8, 32.3, 34.5, 39.1, 33.1, 36.8, 47.1, 44.7, 48.4, 
55, 50.2, 437, 647, 2169, 222, 273, 2441, 1444, 430, 12, 514, 
27, 51, 116, 3, 925, 270, 1, 86, 434, 1451, 501, 1216, 100, 100, 
100, 100, 100, 100, 100, 100, 100, 100, 100, 2500, 2500, 2500, 
2500, 2500, 2500, 2500, 2500, 2500, 2500, 2500, 5775.268, 5823.181, 
5810.466, 5823.391, 5862.517, 5939.55100000001, 5850.882, 5779.42200000001, 
5873.16799999999, 5939.08899999999, 5750.853, 6.64031, 6.03334, 
7.06426, 3.9532, 9.06562, 6.82945, 5.43949, 10.39503, 5.33254, 
3.99539, 7.41553, -4.3814, -3.62763, -4.18799, -3.3247, -5.12694, 
-4.37365, -4.28325, -6.24606, -4.184, -2.45707, -3.01943, 0, 
0, 0, 0, 0, 0, 0, 0, 0, 0, 0, 0, 0, 0, 0, 0, 0, 0, 0, 0, 0, 0, 
0.73, 0.65833, 0.76333, 0.76619, 0.75714, 0.78393, 0.77679, 0.79325, 
0.76944, 0.78056, 0.78444, 0.63, 0.62, 0.71, 0.72381, 0.74286, 
0.72202, 0.77262, 0.79187, 0.72083, 0.71139, 0.73, 0.0077, 0.0085, 
0.0092, 0.0081, 0.0104, 0.0092, 0.0098, 0.0123, 0.0097, 0.01, 
0.0098, 30.3, 31.3, 33.7, 39.5, 33.2, 37.4, 44.5, 40.5, 49.8, 
54.9, 48.1, 244, 1759, 239, 24, 2144, 994, 348, 1073, 708, 1463, 
97, 3, 2, 3, 7, 1, 1, 1, 1, 1, 1, 42, 100, 100, 100, 100, 100, 
100, 100, 100, 100, 100, 100, 2500, 2500, 2500, 2500, 2500, 2500, 
2500, 2500, 2500, 2500, 2500, 5760.315, 5813.945, 5753.711, 5813.221, 
5783.466, 5895.53200000001, 5842.054, 5779.656, 5837.353, 5902.243, 
5797.06200000001, 1, 1, 1, 1, 1, 1, 1, 1, 1, 1, 1, 0.25, 0.25, 
0.25, 0.25, 0.25, 0.25, 0.25, 0.25, 0.25, 0.25, 0.25, 0, 0, 0, 
0, 0, 0, 0, 0, 0, 0, 0, 0, 0, 0, 0, 0, 0, 0, 0, 0, 0, 0, 0.57, 
0.47667, 0.56667, 0.59762, 0.59286, 0.63571, 0.5744, 0.66687, 
0.63889, 0.64917, 0.64667, 0.52, 0.47333, 0.58333, 0.58429, 0.59286, 
0.6381, 0.62857, 0.62996, 0.62778, 0.65917, 0.64778, 0.0075, 
0.0081, 0.0086, 0.0082, 0.0081, 0.0087, 0.0082, 0.0094, 0.009, 
0.009, 0.0087, 36.4, 39.8, 43.9, 47.7, 50.3, 53.2, 58.4, 60.5, 
65, 68.6, 67.6, 1, 1, 1, 1, 1, 1, 1, 1, 1, 1, 1, 1, 1, 1, 1, 
1, 1, 1, 1, 1, 1, 1, 1, 1, 1, 1, 1, 1, 1, 1, 1, 1, 1, 1, 1, 1, 
1, 1, 1, 1, 1, 1, 1, 1, 2.26, 2.371, 2.418, 2.274, 2.258, 2.354, 
2.202, 2.442, 2.253, 2.27, 2.22), .Dim = c(11L, 40L), .Dimnames = list(
    NULL, c("Sampling", "PSO.cost", "PSO.gamma", "PSO.data.balancing", 
    "PSO.feature.selection", "PSO.valid.acc", "PSO.test.acc", 
    "PSO.train.time", "PSO.n.support.vectors", "PSO.index", "PSO.n.solutions", 
    "PSO.generations", "PSO.n.evaluations", "PSO.cpu.time", "RS.cost", 
    "RS.gamma", "RS.data.balancing", "RS.feature.selection", 
    "RS.valid.acc", "RS.test.acc", "RS.train.time", "RS.n.support.vectors", 
    "RS.index", "RS.n.solutions", "RS.generations", "RS.n.evaluations", 
    "RS.cpu.time", "DF.cost", "DF.gamma", "DF.data.balancing", 
    "DF.feature.selection", "DF.valid.acc", "DF.test.acc", "DF.train.time", 
    "DF.n.support.vectors", "DF.index", "DF.n.solutions", "DF.generations", 
    "DF.n.evaluations", "DF.cpu.time")))
