full <-
structure(c(50, 55, 60, 65, 70, 75, 80, 85, 90, 95, 100, -0.13169, 
2.32072, 4.42475, 1.3142, 10.51442, 0.27817, 6.12321, 3.29182, 
0.49402, 4.38892, -0.07616, -5.83144, -8.75789, -11.58524, -7.40205, 
-4.07134, -6.04155, -4.08689, -10.16365, -11.84909, -3.85615, 
-4.7134, 0, 0, 0, 0, 0, 0, 0, 0, 0, 0, 0, 0, 0, 0, 0, 0, 0, 0, 
0, 0, 0, 0, 0.25793, 0.26162, 0.25161, 0.25866, 0.25575, 0.2588, 
0.25388, 0.25531, 0.24785, 0.24634, 0.24404, 0.25392, 0.25435, 
0.24502, 0.26331, 0.24854, 0.25075, 0.24126, 0.25064, 0.24785, 
0.2453, 0.23805, 0.2298, 0.2542, 0.3041, 0.3462, 0.4514, 0.464, 
0.5648, 0.5554, 0.6154, 0.8065, 0.8128, 400, 437.3, 475.9, 517.8, 
560, 599.1, 640, 673.3, 714.7, 760, 800, 1610, 1491, 533, 713, 
1023, 1290, 2438, 83, 3, 148, 1894, 11, 21, 50, 57, 5, 20, 1, 
117, 1879, 302, 4, 100, 100, 100, 100, 100, 100, 100, 100, 100, 
100, 100, 2500, 2500, 2500, 2500, 2500, 2500, 2500, 2500, 2500, 
2500, 2500, 12848.108, 13723.882, 15437.923, 16337.218, 18108.812, 
19085.059, 21806.593, 22732.225, 24644.198, 27562.16, 30471.88, 
0.251, 3.56985, 1.50417, 1.65998, 8.3457, 0.2652, 12.44031, 3.99614, 
1.43418, -0.44629, -0.16766, -4.73391, -10.07817, -8.51642, -7.86497, 
-4.02771, -6.05457, -3.7165, -10.86572, -8.10675, -5.24139, -5.36585, 
0, 0, 0, 0, 0, 0, 0, 0, 0, 0, 0, 0, 0, 0, 0, 0, 0, 0, 0, 0, 0, 
0, 0.25781, 0.26162, 0.25161, 0.25717, 0.25442, 0.25614, 0.25376, 
0.25531, 0.24895, 0.24736, 0.24202, 0.242, 0.25445, 0.24664, 
0.26167, 0.25276, 0.24938, 0.25249, 0.24944, 0.24449, 0.24422, 
0.24004, 0.2251, 0.2527, 0.3023, 0.3447, 0.4333, 0.4755, 0.5613, 
0.5694, 0.6578, 0.7425, 0.8322, 400, 436.8, 477, 517.2, 560, 
599.1, 640, 672.6, 716.4, 759.8, 799.8, 1205, 2024, 169, 1007, 
873, 2124, 919, 12, 2144, 1541, 909, 1, 1, 7, 1, 2, 2, 1, 4, 
1, 1, 1, 100, 100, 100, 100, 100, 100, 100, 100, 100, 100, 100, 
2500, 2500, 2500, 2500, 2500, 2500, 2500, 2500, 2500, 2500, 2500, 
13353.805, 15079.463, 16565.033, 18279.975, 19701.554, 22002.622, 
24131.951, 26241.29, 29373.421, 31948.206, 34470.874, 1, 1, 1, 
1, 1, 1, 1, 1, 1, 1, 1, 0.025, 0.025, 0.025, 0.025, 0.025, 0.025, 
0.025, 0.025, 0.025, 0.025, 0.025, 0, 0, 0, 0, 0, 0, 0, 0, 0, 
0, 0, 0, 0, 0, 0, 0, 0, 0, 0, 0, 0, 0, 0.25596, 0.2437, 0.24143, 
0.25405, 0.2486, 0.2534, 0.24887, 0.25175, 0.24348, 0.24214, 
0.23904, 0.24792, 0.24909, 0.24983, 0.25398, 0.25438, 0.24671, 
0.24873, 0.25183, 0.24114, 0.23898, 0.23508, 0.222, 0.2776, 0.3181, 
0.3653, 0.4198, 0.497, 0.5391, 0.5912, 0.6743, 0.7327, 0.8077, 
400, 440, 479.9, 519.5, 559.4, 599.5, 639.5, 679.4, 719.5, 759.5, 
799.8, 1, 1, 1, 1, 1, 1, 1, 1, 1, 1, 1, 1, 1, 1, 1, 1, 1, 1, 
1, 1, 1, 1, 1, 1, 1, 1, 1, 1, 1, 1, 1, 1, 1, 1, 1, 1, 1, 1, 1, 
1, 1, 1, 1, 1, 4.899, 5.452, 6.009, 6.492, 7.008, 7.825, 8.074, 
8.804, 9.65, 10.485, 11.034), .Dim = c(11L, 40L), .Dimnames = list(
    NULL, c("Sampling", "PSO.cost", "PSO.gamma", "PSO.data.balancing", 
    "PSO.feature.selection", "PSO.valid.acc", "PSO.test.acc", 
    "PSO.train.time", "PSO.n.support.vectors", "PSO.index", "PSO.n.solutions", 
    "PSO.generations", "PSO.n.evaluations", "PSO.cpu.time", "RS.cost", 
    "RS.gamma", "RS.data.balancing", "RS.feature.selection", 
    "RS.valid.acc", "RS.test.acc", "RS.train.time", "RS.n.support.vectors", 
    "RS.index", "RS.n.solutions", "RS.generations", "RS.n.evaluations", 
    "RS.cpu.time", "DF.cost", "DF.gamma", "DF.data.balancing", 
    "DF.feature.selection", "DF.valid.acc", "DF.test.acc", "DF.train.time", 
    "DF.n.support.vectors", "DF.index", "DF.n.solutions", "DF.generations", 
    "DF.n.evaluations", "DF.cpu.time")))
