full <-
structure(c(50, 55, 60, 65, 70, 75, 80, 85, 90, 95, 100, 5.15904, 
8.33819, 14.23236, 2.31203, -0.06761, 0.01184, 0.00859, 0.14324, 
0.60223, 2.0963, 0.62763, -11.99109, -4.04631, -4.1725, -4.13241, 
-4.8219, -4.64481, -4.57731, -5.76157, -7.10474, -9.06177, -7.10938, 
0, 0, 0, 0, 0, 0, 0, 0, 0, 0, 0, 0, 0, 0, 0, 0, 0, 0, 0, 0, 0, 
0, 0.25802, 0.25817, 0.25982, 0.26001, 0.24999, 0.24279, 0.24003, 
0.23998, 0.24005, 0.23896, 0.24103, 0.25202, 0.25635, 0.24493, 
0.25541, 0.24568, 0.24416, 0.23751, 0.23409, 0.23779, 0.23792, 
0.24002, 0.2146, 0.2848, 0.332, 0.3864, 0.4281, 0.4793, 0.5348, 
0.5905, 0.6478, 0.7033, 0.7731, 395.7, 440, 480, 520, 560, 600, 
640, 679.4, 718.5, 755.9, 798, 1050, 84, 1246, 283, 1273, 537, 
318, 2432, 2038, 56, 201, 11, 382, 88, 197, 58, 74, 86, 1, 2, 
79, 48, 100, 100, 100, 100, 100, 100, 100, 100, 100, 100, 100, 
2500, 2500, 2500, 2500, 2500, 2500, 2500, 2500, 2500, 2500, 2500, 
12924.948, 14062.724, 15600.191, 17056.201, 18028.922, 19627.418, 
21494.149, 24441.315, 25605.405, 27977.853, 30182.925, 7.47485, 
13.47173, 13.42018, 2.75277, -0.08423, -0.25247, 1.60031, 1.99767, 
3.49226, 0.70663, 8.56133, -14.30396, -4.04439, -4.16437, -4.1277, 
-5.3162, -5.37246, -8.29772, -9.34978, -10.5718, -7.49646, -3.73164, 
0, 0, 0, 0, 0, 0, 0, 0, 0, 0, 0, 0, 0, 0, 0, 0, 0, 0, 0, 0, 0, 
0, 0.25802, 0.25817, 0.25982, 0.26001, 0.24856, 0.24275, 0.23881, 
0.23882, 0.23893, 0.23896, 0.24004, 0.25202, 0.25635, 0.24657, 
0.25541, 0.24713, 0.24138, 0.23504, 0.23882, 0.23445, 0.23686, 
0.23603, 0.2161, 0.2882, 0.3342, 0.3875, 0.4241, 0.4733, 0.5111, 
0.5691, 0.6379, 0.6919, 0.8491, 395.5, 440, 480, 520, 559.8, 
599.5, 636.9, 675.4, 715.7, 757.7, 800, 620, 153, 1478, 133, 
238, 5, 687, 3, 550, 602, 57, 4, 15, 1, 2, 1, 3, 4, 1342, 11, 
2, 6, 100, 100, 100, 100, 100, 100, 100, 100, 100, 100, 100, 
2500, 2500, 2500, 2500, 2500, 2500, 2500, 2500, 2500, 2500, 2500, 
13516.046, 15094.232, 16577.701, 18111.233, 20197.78, 22106.085, 
24656.442, 27125.348, 29152.852, 31591.444, 34660.343, 1, 1, 
1, 1, 1, 1, 1, 1, 1, 1, 1, 0.025, 0.025, 0.025, 0.025, 0.025, 
0.025, 0.025, 0.025, 0.025, 0.025, 0.025, 0, 0, 0, 0, 0, 0, 0, 
0, 0, 0, 0, 0, 0, 0, 0, 0, 0, 0, 0, 0, 0, 0, 0.25402, 0.25638, 
0.24993, 0.25072, 0.2457, 0.23879, 0.23753, 0.23878, 0.23114, 
0.2358, 0.23903, 0.25202, 0.2546, 0.25499, 0.2539, 0.2457, 0.24012, 
0.23503, 0.23644, 0.22553, 0.23266, 0.23305, 0.2306, 0.2779, 
0.3226, 0.3709, 0.417, 0.468, 0.5398, 0.6065, 0.6748, 0.7269, 
0.8096, 399.7, 439.6, 479.3, 519.5, 559.8, 599.5, 639.6, 679.6, 
719.7, 759.7, 799.6, 1, 1, 1, 1, 1, 1, 1, 1, 1, 1, 1, 1, 1, 1, 
1, 1, 1, 1, 1, 1, 1, 1, 1, 1, 1, 1, 1, 1, 1, 1, 1, 1, 1, 1, 1, 
1, 1, 1, 1, 1, 1, 1, 1, 1, 4.985, 5.467, 5.881, 6.406, 7.056, 
7.456, 8.383, 9.112, 9.858, 10.467, 11.416), .Dim = c(11L, 40L
), .Dimnames = list(NULL, c("Sampling", "PSO.cost", "PSO.gamma", 
"PSO.data.balancing", "PSO.feature.selection", "PSO.valid.acc", 
"PSO.test.acc", "PSO.train.time", "PSO.n.support.vectors", "PSO.index", 
"PSO.n.solutions", "PSO.generations", "PSO.n.evaluations", "PSO.cpu.time", 
"RS.cost", "RS.gamma", "RS.data.balancing", "RS.feature.selection", 
"RS.valid.acc", "RS.test.acc", "RS.train.time", "RS.n.support.vectors", 
"RS.index", "RS.n.solutions", "RS.generations", "RS.n.evaluations", 
"RS.cpu.time", "DF.cost", "DF.gamma", "DF.data.balancing", "DF.feature.selection", 
"DF.valid.acc", "DF.test.acc", "DF.train.time", "DF.n.support.vectors", 
"DF.index", "DF.n.solutions", "DF.generations", "DF.n.evaluations", 
"DF.cpu.time")))
