full <-
structure(c(50, 55, 60, 65, 70, 75, 80, 85, 90, 95, 100, 2.40973, 
7.62403, 13.7862, 11.49222, 1.59496, -0.00976, 5.35477, 8.79326, 
5.3704, 8.84494, 9.90326, -11.5586, -2.17002, 2.31763, -3.20791, 
-3.83795, -4.6784, -12.80251, -15, -3.70459, -15, -1.85882, 0, 
0, 0, 0, 0, 0, 0, 0, 0, 0, 0, 0, 0, 0, 0, 0, 0, 0, 0, 0, 0, 0, 
0.22808, 0.23829, 0.23172, 0.23389, 0.23861, 0.24944, 0.24253, 
0.24942, 0.24115, 0.2484, 0.24002, 0.22808, 0.23829, 0.23172, 
0.23389, 0.23712, 0.24405, 0.24129, 0.2389, 0.23893, 0.24006, 
0.24002, 0.2232, 0.2961, 0.3395, 0.3975, 0.447, 0.486, 0.5142, 
0.5848, 0.7099, 0.7389, 0.9134, 398.2, 440, 480, 520, 560, 600, 
636.7, 675, 720, 756.3, 800, 2, 5, 2, 3, 768, 816, 513, 268, 
132, 581, 2, 1691, 2105, 2198, 2160, 303, 38, 66, 106, 852, 74, 
1987, 100, 100, 100, 100, 100, 100, 100, 100, 100, 100, 100, 
2500, 2500, 2500, 2500, 2500, 2500, 2500, 2500, 2500, 2500, 2500, 
13134.192, 14164.592, 15891.776, 16956.345, 18400.781, 22445.792, 
24685.116, 26439.062, 27746.242, 31227.182, 32847.496, 7.17978, 
2.90034, 5.00263, 0.36997, 13.96378, -0.14453, 5.87288, 6.06553, 
5.02145, 7.64932, -0.12434, -14.63869, -11.65481, 1.63693, -0.07572, 
-3.86939, -5.90905, -13.31669, -12.3539, -3.76329, -13.8394, 
-4.55174, 0, 0, 0, 0, 0, 0, 0, 0, 0, 0, 0, 0, 0, 0, 0, 0, 0, 
0, 0, 0, 0, 0, 0.2282, 0.23829, 0.23172, 0.23389, 0.23861, 0.24809, 
0.24253, 0.24823, 0.24115, 0.24735, 0.24004, 0.22612, 0.23829, 
0.23172, 0.23389, 0.23859, 0.24407, 0.24129, 0.24122, 0.23893, 
0.2411, 0.23803, 0.2112, 0.2502, 0.3312, 0.4106, 0.4461, 0.4726, 
0.5177, 0.5828, 0.7125, 0.755, 0.8534, 398.2, 437.6, 480, 520, 
560, 599.5, 636.5, 675.7, 720, 756.4, 800, 2370, 2, 1, 1, 459, 
635, 351, 48, 179, 475, 492, 1, 1263, 1291, 1347, 8, 8, 9, 3, 
13, 2, 1, 100, 100, 100, 100, 100, 100, 100, 100, 100, 100, 100, 
2500, 2500, 2500, 2500, 2500, 2500, 2500, 2500, 2500, 2500, 2500, 
13639.665, 14864.966, 16613.724, 17944.13, 22272.65, 24510.01, 
27019.57, 28802.792, 31109.925, 34110.343, 36986.121, 1, 1, 1, 
1, 1, 1, 1, 1, 1, 1, 1, 0.025, 0.025, 0.025, 0.025, 0.025, 0.025, 
0.025, 0.025, 0.025, 0.025, 0.025, 0, 0, 0, 0, 0, 0, 0, 0, 0, 
0, 0, 0, 0, 0, 0, 0, 0, 0, 0, 0, 0, 0, 0.21203, 0.23644, 0.21143, 
0.2261, 0.22415, 0.24544, 0.23015, 0.24237, 0.23449, 0.23477, 
0.23508, 0.21624, 0.22926, 0.21813, 0.22468, 0.23142, 0.24274, 
0.23632, 0.24592, 0.22884, 0.24003, 0.23504, 0.2349, 0.2743, 
0.3189, 0.3735, 0.4249, 0.4807, 0.5435, 0.6097, 0.669, 0.7634, 
0.8225, 400, 440, 480, 520, 560, 600, 640, 679.5, 719.6, 759.5, 
799.6, 1, 1, 1, 1, 1, 1, 1, 1, 1, 1, 1, 1, 1, 1, 1, 1, 1, 1, 
1, 1, 1, 1, 1, 1, 1, 1, 1, 1, 1, 1, 1, 1, 1, 1, 1, 1, 1, 1, 1, 
1, 1, 1, 1, 1, 5.172, 5.382, 5.977, 6.537, 8.02, 8.589, 9.2, 
9.917, 10.606, 11.819, 11.982), .Dim = c(11L, 40L), .Dimnames = list(
    NULL, c("Sampling", "PSO.cost", "PSO.gamma", "PSO.data.balancing", 
    "PSO.feature.selection", "PSO.valid.acc", "PSO.test.acc", 
    "PSO.train.time", "PSO.n.support.vectors", "PSO.index", "PSO.n.solutions", 
    "PSO.generations", "PSO.n.evaluations", "PSO.cpu.time", "RS.cost", 
    "RS.gamma", "RS.data.balancing", "RS.feature.selection", 
    "RS.valid.acc", "RS.test.acc", "RS.train.time", "RS.n.support.vectors", 
    "RS.index", "RS.n.solutions", "RS.generations", "RS.n.evaluations", 
    "RS.cpu.time", "DF.cost", "DF.gamma", "DF.data.balancing", 
    "DF.feature.selection", "DF.valid.acc", "DF.test.acc", "DF.train.time", 
    "DF.n.support.vectors", "DF.index", "DF.n.solutions", "DF.generations", 
    "DF.n.evaluations", "DF.cpu.time")))
