full <-
structure(c(50, 55, 60, 65, 70, 75, 80, 85, 90, 95, 100, -1.57336, 
11.48013, 13.31158, 8.27022, 11.71077, 0.16599, 0.57042, 1, 6.43106, 
7.67301, 6.50875, -0.54903, 1.69797, 1.17484, -3.9977, -3.98135, 
-5.04729, -6.46436, 0.025, -4.00482, -3.82287, 2.5285, 0, 0, 
0, 0, 0, 0, 0, 0, 0, 0, 0, 0, 0, 0, 0, 0, 0, 0, 0, 0, 0, 0, 0.25598, 
0.25111, 0.25342, 0.25391, 0.25435, 0.25489, 0.25002, 0.24708, 
0.25105, 0.24425, 0.24001, 0.25598, 0.25111, 0.25342, 0.24309, 
0.24867, 0.24018, 0.24496, 0.24592, 0.23999, 0.2411, 0.24001, 
0.2303, 0.2904, 0.3366, 0.3874, 0.4356, 0.4931, 0.5282, 0.6056, 
0.6887, 0.771, 0.8809, 400, 440, 480, 520, 560, 599.8, 638.1, 
679.2, 720, 760, 800, 2, 3, 3, 579, 39, 2147, 2323, 1, 891, 143, 
2, 2124, 1949, 1842, 318, 693, 13, 1, 1, 19, 656, 1884, 100, 
100, 100, 100, 100, 100, 100, 100, 100, 100, 100, 2500, 2500, 
2500, 2500, 2500, 2500, 2500, 2500, 2500, 2500, 2500, 13033.315, 
14044.708, 15453.33, 16802.9, 18380.752, 19456.903, 22020.467, 
24317.525, 25937.763, 27435.246, 29428.413, 14.42664, 9.97039, 
-1.5362, 3.56126, 9.48641, 0.5388, 0.80428, 0.95826, 6.03669, 
3.44687, -0.83591, 1.94118, 2.91745, -13.81571, -4.01161, -3.99814, 
-4.5663, -6.99982, -7.31849, -3.90362, -3.83679, -2.36202, 0, 
0, 0, 0, 0, 0, 0, 0, 0, 0, 0, 0, 0, 0, 0, 0, 0, 0, 0, 0, 0, 0, 
0.25598, 0.25111, 0.25342, 0.25391, 0.25435, 0.25083, 0.25007, 
0.24593, 0.25, 0.24425, 0.24001, 0.25598, 0.25111, 0.25342, 0.24159, 
0.24867, 0.2375, 0.24871, 0.24708, 0.24553, 0.24006, 0.24001, 
0.2434, 0.3231, 0.2922, 0.3821, 0.4434, 0.5016, 0.5171, 0.5851, 
0.7151, 0.7939, 0.8527, 400, 440, 475.3, 520, 560, 600, 637.5, 
676.8, 720, 760, 800, 3, 3, 2, 22, 384, 2368, 1424, 1108, 1629, 
401, 1, 1365, 1374, 1336, 4, 5, 1, 1, 1, 2, 3, 1301, 100, 100, 
100, 100, 100, 100, 100, 100, 100, 100, 100, 2500, 2500, 2500, 
2500, 2500, 2500, 2500, 2500, 2500, 2500, 2500, 13611.866, 15084.523, 
16569.92, 18317.165, 20068.079, 22190.224, 24130.546, 26239.452, 
29387.198, 31844.822, 34232.692, 1, 1, 1, 1, 1, 1, 1, 1, 1, 1, 
1, 0.025, 0.025, 0.025, 0.025, 0.025, 0.025, 0.025, 0.025, 0.025, 
0.025, 0.025, 0, 0, 0, 0, 0, 0, 0, 0, 0, 0, 0, 0, 0, 0, 0, 0, 
0, 0, 0, 0, 0, 0, 0.25398, 0.24767, 0.24842, 0.2416, 0.25296, 
0.2455, 0.24998, 0.24708, 0.24446, 0.23794, 0.23095, 0.24981, 
0.24569, 0.25175, 0.24306, 0.24584, 0.24823, 0.24871, 0.24592, 
0.24668, 0.2379, 0.23197, 0.2316, 0.269, 0.3142, 0.3597, 0.4131, 
0.4802, 0.5402, 0.5976, 0.6715, 0.7534, 0.8328, 399.6, 439.9, 
479.8, 519.7, 559.8, 599.8, 639.5, 679.2, 719.7, 759.7, 799.6, 
1, 1, 1, 1, 1, 1, 1, 1, 1, 1, 1, 1, 1, 1, 1, 1, 1, 1, 1, 1, 1, 
1, 1, 1, 1, 1, 1, 1, 1, 1, 1, 1, 1, 1, 1, 1, 1, 1, 1, 1, 1, 1, 
1, 1, 4.977, 5.445, 5.786, 6.339, 6.738, 7.672, 8.224, 8.77, 
9.584, 10.536, 11.319), .Dim = c(11L, 40L), .Dimnames = list(
    NULL, c("Sampling", "PSO.cost", "PSO.gamma", "PSO.data.balancing", 
    "PSO.feature.selection", "PSO.valid.acc", "PSO.test.acc", 
    "PSO.train.time", "PSO.n.support.vectors", "PSO.index", "PSO.n.solutions", 
    "PSO.generations", "PSO.n.evaluations", "PSO.cpu.time", "RS.cost", 
    "RS.gamma", "RS.data.balancing", "RS.feature.selection", 
    "RS.valid.acc", "RS.test.acc", "RS.train.time", "RS.n.support.vectors", 
    "RS.index", "RS.n.solutions", "RS.generations", "RS.n.evaluations", 
    "RS.cpu.time", "DF.cost", "DF.gamma", "DF.data.balancing", 
    "DF.feature.selection", "DF.valid.acc", "DF.test.acc", "DF.train.time", 
    "DF.n.support.vectors", "DF.index", "DF.n.solutions", "DF.generations", 
    "DF.n.evaluations", "DF.cpu.time")))
