full <-
structure(c(50, 55, 60, 65, 70, 75, 80, 85, 90, 95, 100, 0.18841, 
7.97107, -1.59158, 7.23756, 0.49049, 1, 0.29583, 2.37846, 3.10502, 
6.38207, -0.28771, -6.0364, -15, -7.52752, -14.51932, -6.61985, 
0.025, -6.49963, -7.76382, -3.6667, -3.67882, -5.14221, 0, 0, 
0, 0, 0, 0, 0, 0, 0, 0, 0, 0, 0, 0, 0, 0, 0, 0, 0, 0, 0, 0, 0.25401, 
0.2436, 0.23673, 0.24154, 0.24434, 0.24531, 0.24881, 0.2484, 
0.24115, 0.24003, 0.24201, 0.25597, 0.24195, 0.23673, 0.23843, 
0.23573, 0.24404, 0.24501, 0.2224, 0.24115, 0.23898, 0.23798, 
0.2271, 0.2567, 0.2975, 0.3387, 0.4005, 0.4758, 0.5087, 0.5775, 
0.6963, 0.7652, 0.8288, 399.4, 435, 478, 514.5, 559, 599.9, 639.5, 
679.2, 720, 760, 799.6, 404, 694, 3, 416, 1304, 1, 1910, 2295, 
272, 94, 1997, 92, 47, 2001, 77, 43, 35, 2, 1, 96, 49, 2, 100, 
100, 100, 100, 100, 100, 100, 100, 100, 100, 100, 2500, 2500, 
2500, 2500, 2500, 2500, 2500, 2500, 2500, 2500, 2500, 12654.616, 
14343.785, 14743.723, 16309.635, 19643.253, 19696.373, 21433.417, 
23160.11, 25547.129, 28472.7450000001, 31694.258, 1.79318, 7.72256, 
4.04684, 3.4793, 6.05885, 6.00413, 0.88651, 2.60111, 2.31507, 
13.61695, -0.30785, -8.41918, -14.73821, 1.49712, -10.71069, 
-13.0482, -12.9453, -7.12536, -8.19956, -3.64836, -3.68432, -5.00667, 
0, 0, 0, 0, 0, 0, 0, 0, 0, 0, 0, 0, 0, 0, 0, 0, 0, 0, 0, 0, 0, 
0, 0.25401, 0.2436, 0.23673, 0.24154, 0.24433, 0.24531, 0.24881, 
0.24716, 0.24115, 0.24003, 0.24101, 0.24788, 0.24195, 0.23673, 
0.23843, 0.24, 0.24391, 0.24628, 0.22125, 0.24115, 0.23898, 0.23599, 
0.2168, 0.2521, 0.3328, 0.3364, 0.3875, 0.4513, 0.5072, 0.5738, 
0.6909, 0.7593, 0.839, 396.5, 435.1, 480, 514.6, 555, 597, 639.4, 
678.7, 720, 760, 799.7, 1550, 384, 1, 446, 2133, 51, 201, 398, 
212, 250, 102, 1, 3, 1360, 3, 1, 9, 3, 1, 10, 6, 1, 100, 100, 
100, 100, 100, 100, 100, 100, 100, 100, 100, 2500, 2500, 2500, 
2500, 2500, 2500, 2500, 2500, 2500, 2500, 2500, 13512.118, 14797.788, 
16284.54, 18181.203, 20626.709, 22092.525, 24137.817, 26509.428, 
28817.874, 32533.117, 35791.887, 1, 1, 1, 1, 1, 1, 1, 1, 1, 1, 
1, 0.025, 0.025, 0.025, 0.025, 0.025, 0.025, 0.025, 0.025, 0.025, 
0.025, 0.025, 0, 0, 0, 0, 0, 0, 0, 0, 0, 0, 0, 0, 0, 0, 0, 0, 
0, 0, 0, 0, 0, 0, 0.24812, 0.23272, 0.22829, 0.23251, 0.23718, 
0.24531, 0.24501, 0.23652, 0.23561, 0.23478, 0.23399, 0.25012, 
0.23454, 0.2317, 0.22769, 0.23859, 0.24404, 0.24375, 0.23415, 
0.23562, 0.23794, 0.22796, 0.2228, 0.2675, 0.3134, 0.3635, 0.419, 
0.4769, 0.5226, 0.5972, 0.6528, 0.7359, 0.841, 399.7, 439.7, 
480, 520, 560, 599.9, 640, 680, 719.9, 759.8, 799.6, 1, 1, 1, 
1, 1, 1, 1, 1, 1, 1, 1, 1, 1, 1, 1, 1, 1, 1, 1, 1, 1, 1, 1, 1, 
1, 1, 1, 1, 1, 1, 1, 1, 1, 1, 1, 1, 1, 1, 1, 1, 1, 1, 1, 1, 4.745, 
5.269, 5.768, 6.417, 6.898, 7.535, 8.239, 9.06, 9.63, 10.46, 
11.729), .Dim = c(11L, 40L), .Dimnames = list(NULL, c("Sampling", 
"PSO.cost", "PSO.gamma", "PSO.data.balancing", "PSO.feature.selection", 
"PSO.valid.acc", "PSO.test.acc", "PSO.train.time", "PSO.n.support.vectors", 
"PSO.index", "PSO.n.solutions", "PSO.generations", "PSO.n.evaluations", 
"PSO.cpu.time", "RS.cost", "RS.gamma", "RS.data.balancing", "RS.feature.selection", 
"RS.valid.acc", "RS.test.acc", "RS.train.time", "RS.n.support.vectors", 
"RS.index", "RS.n.solutions", "RS.generations", "RS.n.evaluations", 
"RS.cpu.time", "DF.cost", "DF.gamma", "DF.data.balancing", "DF.feature.selection", 
"DF.valid.acc", "DF.test.acc", "DF.train.time", "DF.n.support.vectors", 
"DF.index", "DF.n.solutions", "DF.generations", "DF.n.evaluations", 
"DF.cpu.time")))
