full <-
structure(c(50, 55, 60, 65, 70, 75, 80, 85, 90, 95, 100, -0.10839, 
0.98081, -1.02493, 6.17975, 3.18797, 4.11256, 14.16896, 3.84075, 
0.47375, 12.0818, 2.7829, -5.4163, -3.98415, 1.53359, -13.17447, 
-10.66919, 0.01923, -3.45419, -3.72887, -6.94956, 1.60258, -8.77984, 
0, 0, 0, 0, 0, 0, 0, 0, 0, 0, 0, 0, 0, 0, 0, 0, 0, 0, 0, 0, 0, 
0, 0.23618, 0.23277, 0.23508, 0.23102, 0.22862, 0.22535, 0.23123, 
0.23652, 0.23668, 0.24002, 0.24406, 0.23831, 0.22365, 0.23508, 
0.22013, 0.22719, 0.22535, 0.23, 0.23528, 0.23668, 0.24002, 0.23198, 
0.2179, 0.2778, 0.3149, 0.3427, 0.3925, 0.6015, 0.5862, 0.6506, 
0.639, 0.7968, 0.8206, 399.9, 440, 480, 516.3, 556, 600, 640, 
680, 718.3, 760, 797.5, 2323, 103, 5, 1014, 1075, 4, 2, 601, 
1198, 2, 715, 1, 53, 2207, 40, 63, 1940, 452, 77, 23, 2112, 67, 
100, 100, 100, 100, 100, 100, 100, 100, 100, 100, 100, 2500, 
2500, 2500, 2500, 2500, 2500, 2500, 2500, 2500, 2500, 2500, 12638.093, 
14142.429, 15467.232, 16807.701, 18063.075, 22286.599, 23948.344, 
25997.145, 28312.748, 30683.047, 34143.056, 0.03286, 5.09825, 
3.68951, 5.46091, 4.807, 8.10998, 3.01221, 3.03368, -0.25221, 
4.53012, 6.12764, -6.37161, -4.00361, 0.1113, -12.48991, -12.34292, 
-0.97381, -3.55032, -3.73219, -5.62398, -11.46186, -12.26952, 
0, 0, 0, 0, 0, 0, 0, 0, 0, 0, 0, 0, 0, 0, 0, 0, 0, 0, 0, 0, 0, 
0, 0.23811, 0.23277, 0.23508, 0.23102, 0.22862, 0.22535, 0.23123, 
0.23652, 0.23668, 0.24107, 0.24404, 0.23811, 0.22183, 0.23508, 
0.22321, 0.22719, 0.22535, 0.23, 0.23528, 0.23557, 0.23791, 0.22999, 
0.2177, 0.2786, 0.4018, 0.3447, 0.39, 0.5173, 0.582, 0.6611, 
0.6872, 0.7279, 0.8273, 399.1, 440, 480, 516.3, 555.9, 600, 640, 
680, 719.1, 756.8, 796.4, 1935, 6, 3, 227, 71, 1, 71, 485, 221, 
1360, 975, 1, 4, 1302, 5, 2, 1357, 28, 3, 3, 1, 1, 100, 100, 
100, 100, 100, 100, 100, 100, 100, 100, 100, 2500, 2500, 2500, 
2500, 2500, 2500, 2500, 2500, 2500, 2500, 2500, 13366.521, 14755.997, 
16358.592, 18372.96, 22037.999, 24265.898, 27321.135, 28766.826, 
31947.581, 34274.354, 37718.345, 1, 1, 1, 1, 1, 1, 1, 1, 1, 1, 
1, 0.025, 0.025, 0.025, 0.025, 0.025, 0.025, 0.025, 0.025, 0.025, 
0.025, 0.025, 0, 0, 0, 0, 0, 0, 0, 0, 0, 0, 0, 0, 0, 0, 0, 0, 
0, 0, 0, 0, 0, 0, 0.23226, 0.22718, 0.22341, 0.22172, 0.22296, 
0.21336, 0.22504, 0.22942, 0.22769, 0.23576, 0.23505, 0.2365, 
0.22722, 0.23177, 0.21405, 0.21868, 0.21608, 0.22009, 0.2271, 
0.22777, 0.23792, 0.237, 0.2251, 0.2667, 0.3224, 0.3714, 0.4222, 
0.4877, 0.5551, 0.5948, 0.6738, 0.7645, 0.8588, 399.9, 440, 479.8, 
519.8, 559.9, 599.5, 639.8, 679.6, 719.6, 759.6, 799.7, 1, 1, 
1, 1, 1, 1, 1, 1, 1, 1, 1, 1, 1, 1, 1, 1, 1, 1, 1, 1, 1, 1, 1, 
1, 1, 1, 1, 1, 1, 1, 1, 1, 1, 1, 1, 1, 1, 1, 1, 1, 1, 1, 1, 1, 
4.887, 5.262, 5.968, 6.526, 7.936, 8.571, 9.364, 9.46, 10.401, 
11.906, 12.856), .Dim = c(11L, 40L), .Dimnames = list(NULL, c("Sampling", 
"PSO.cost", "PSO.gamma", "PSO.data.balancing", "PSO.feature.selection", 
"PSO.valid.acc", "PSO.test.acc", "PSO.train.time", "PSO.n.support.vectors", 
"PSO.index", "PSO.n.solutions", "PSO.generations", "PSO.n.evaluations", 
"PSO.cpu.time", "RS.cost", "RS.gamma", "RS.data.balancing", "RS.feature.selection", 
"RS.valid.acc", "RS.test.acc", "RS.train.time", "RS.n.support.vectors", 
"RS.index", "RS.n.solutions", "RS.generations", "RS.n.evaluations", 
"RS.cpu.time", "DF.cost", "DF.gamma", "DF.data.balancing", "DF.feature.selection", 
"DF.valid.acc", "DF.test.acc", "DF.train.time", "DF.n.support.vectors", 
"DF.index", "DF.n.solutions", "DF.generations", "DF.n.evaluations", 
"DF.cpu.time")))
