full <-
structure(c(50, 55, 60, 65, 70, 75, 80, 85, 90, 95, 100, -0.32893, 
0.52947, 0.31869, 0.97169, 13.96766, 4.17251, 3.26132, 3.29745, 
3.95765, 5.92047, 4.09328, -4.4294, -4.55226, -5.75587, -6.72099, 
-3.90556, -11.09979, -10.42335, -4.0156, -10.65435, 0.14836, 
-3.0854, 0, 0, 0, 0, 0, 0, 0, 0, 0, 0, 0, 0, 0, 0, 0, 0, 0, 0, 
0, 0, 0, 0, 0.24798, 0.25098, 0.25012, 0.25542, 0.25004, 0.25197, 
0.24378, 0.24711, 0.24435, 0.23896, 0.24001, 0.24798, 0.23663, 
0.23337, 0.22935, 0.24574, 0.24799, 0.23756, 0.24126, 0.23213, 
0.23896, 0.24001, 0.236, 0.2847, 0.311, 0.3493, 0.4469, 0.4398, 
0.5035, 0.6232, 0.6292, 0.9918, 0.9062, 400, 440, 479.9, 519.1, 
560, 594.9, 636.8, 680, 714.9, 760, 800, 2, 915, 1638, 2464, 
51, 186, 394, 1220, 1964, 2, 3, 2015, 60, 6, 1, 320, 30, 102, 
42, 2, 2165, 1892, 100, 100, 100, 100, 100, 100, 100, 100, 100, 
100, 100, 2500, 2500, 2500, 2500, 2500, 2500, 2500, 2500, 2500, 
2500, 2500, 12745.069, 13735.382, 15112.816, 16677.248, 18279.555, 
21795.859, 23988.659, 25319.423, 27653.81, 31288.734, 32252.604, 
1.39803, 0.04744, 3.22211, 1.92282, 13.81423, 7.49968, 4.27441, 
0.27563, -0.13502, 2.38079, 3.59752, 2.04217, -6.31647, -10.46445, 
-4.11793, -3.91752, -14.39086, -11.40287, -6.73129, -5.89628, 
-9.20677, -13.42172, 0, 0, 0, 0, 0, 0, 0, 0, 0, 0, 0, 0, 0, 0, 
0, 0, 0, 0, 0, 0, 0, 0, 0.24798, 0.24737, 0.25001, 0.254, 0.25004, 
0.25199, 0.24378, 0.24707, 0.24222, 0.23997, 0.24001, 0.24798, 
0.24377, 0.24668, 0.2416, 0.24574, 0.24668, 0.23879, 0.23995, 
0.24109, 0.23999, 0.24001, 0.2424, 0.2677, 0.2936, 0.3762, 0.4334, 
0.4417, 0.4978, 0.5788, 0.6773, 0.7396, 0.7657, 400, 439.2, 476.8, 
520, 560, 594.6, 636.4, 678.5, 719, 755.9, 795.3, 1, 582, 536, 
543, 59, 1350, 528, 2372, 2463, 446, 1, 1394, 1, 2, 2, 14, 2, 
4, 1, 1, 5, 1331, 100, 100, 100, 100, 100, 100, 100, 100, 100, 
100, 100, 2500, 2500, 2500, 2500, 2500, 2500, 2500, 2500, 2500, 
2500, 2500, 13430.414, 14763.891, 16509.136, 18157.012, 21556.702, 
23886.491, 26120.347, 28997.655, 31579.126, 34922.787, 37548.382, 
1, 1, 1, 1, 1, 1, 1, 1, 1, 1, 1, 0.025, 0.025, 0.025, 0.025, 
0.025, 0.025, 0.025, 0.025, 0.025, 0.025, 0.025, 0, 0, 0, 0, 
0, 0, 0, 0, 0, 0, 0, 0, 0, 0, 0, 0, 0, 0, 0, 0, 0, 0, 0.23802, 
0.24198, 0.24334, 0.24614, 0.24143, 0.24112, 0.22889, 0.23995, 
0.23781, 0.23164, 0.23301, 0.24798, 0.24737, 0.24009, 0.24306, 
0.25, 0.24516, 0.23007, 0.23759, 0.23439, 0.23267, 0.22999, 0.2308, 
0.2697, 0.3253, 0.3722, 0.4183, 0.4748, 0.5288, 0.5956, 0.667, 
0.7392, 0.8126, 400, 439.9, 480, 520, 559.9, 599.9, 639.9, 680, 
719.5, 759.5, 799.7, 1, 1, 1, 1, 1, 1, 1, 1, 1, 1, 1, 1, 1, 1, 
1, 1, 1, 1, 1, 1, 1, 1, 1, 1, 1, 1, 1, 1, 1, 1, 1, 1, 1, 1, 1, 
1, 1, 1, 1, 1, 1, 1, 1, 1, 4.915, 5.412, 6.014, 6.498, 7.9, 8.547, 
9.004, 9.5, 10.333, 11.072, 11.879), .Dim = c(11L, 40L), .Dimnames = list(
    NULL, c("Sampling", "PSO.cost", "PSO.gamma", "PSO.data.balancing", 
    "PSO.feature.selection", "PSO.valid.acc", "PSO.test.acc", 
    "PSO.train.time", "PSO.n.support.vectors", "PSO.index", "PSO.n.solutions", 
    "PSO.generations", "PSO.n.evaluations", "PSO.cpu.time", "RS.cost", 
    "RS.gamma", "RS.data.balancing", "RS.feature.selection", 
    "RS.valid.acc", "RS.test.acc", "RS.train.time", "RS.n.support.vectors", 
    "RS.index", "RS.n.solutions", "RS.generations", "RS.n.evaluations", 
    "RS.cpu.time", "DF.cost", "DF.gamma", "DF.data.balancing", 
    "DF.feature.selection", "DF.valid.acc", "DF.test.acc", "DF.train.time", 
    "DF.n.support.vectors", "DF.index", "DF.n.solutions", "DF.generations", 
    "DF.n.evaluations", "DF.cpu.time")))
