full <-
structure(c(50, 55, 60, 65, 70, 75, 80, 85, 90, 95, 100, 3.52641, 
2.72063, 3.05198, -0.44329, 14.46908, 11.54399, 5.93622, 7.60206, 
4.21836, 3.79685, 3.08853, -3.78906, -9.97437, 1.65949, -5.81567, 
-3.64016, -4.13281, -13.16239, -3.9242, -4.22505, -3.87632, -3.96091, 
0, 0, 0, 0, 0, 0, 0, 0, 0, 0, 0, 0, 0, 0, 0, 0, 0, 0, 0, 0, 0, 
0, 0.23001, 0.23628, 0.23502, 0.23853, 0.23578, 0.23884, 0.23879, 
0.2436, 0.24007, 0.24014, 0.24105, 0.23001, 0.22904, 0.23502, 
0.23699, 0.23294, 0.22808, 0.23879, 0.23647, 0.22444, 0.2369, 
0.23704, 0.227, 0.2502, 0.3292, 0.3543, 0.4347, 0.4898, 0.5095, 
0.6326, 0.7003, 0.7891, 0.8581, 400, 438.2, 480, 519.9, 560, 
600, 637.3, 680, 720, 760, 800, 207, 180, 3, 61, 18, 486, 3, 
148, 503, 89, 664, 352, 48, 1971, 107, 396, 253, 1945, 64, 62, 
312, 27, 100, 100, 100, 100, 100, 100, 100, 100, 100, 100, 100, 
2500, 2500, 2500, 2500, 2500, 2500, 2500, 2500, 2500, 2500, 2500, 
12832.49, 13859.02, 15397.726, 16189.061, 18134.364, 20126.615, 
22199.678, 22995.156, 25883.167, 27267.536, 28952.714, 0.92122, 
3.76761, 4.95676, 10.98112, 1.53195, 5.41794, 0.92857, 8.86554, 
6.77444, 4.74655, 2.42295, -3.85427, -11.0742, -14.83091, 1.33254, 
-3.60862, -4.13347, -9.03808, -3.93339, -4.2251, -3.85588, -3.95926, 
0, 0, 0, 0, 0, 0, 0, 0, 0, 0, 0, 0, 0, 0, 0, 0, 0, 0, 0, 0, 0, 
0, 0.23001, 0.23628, 0.23502, 0.23699, 0.23578, 0.23884, 0.23879, 
0.2436, 0.24007, 0.24014, 0.24105, 0.23001, 0.22904, 0.23502, 
0.23699, 0.23294, 0.22673, 0.23879, 0.23647, 0.22444, 0.2369, 
0.23704, 0.232, 0.251, 0.3049, 0.3959, 0.4535, 0.4872, 0.5088, 
0.6351, 0.684, 0.7687, 0.8643, 400, 438, 478.1, 520, 560, 600, 
638.2, 680, 720, 760, 800, 63, 360, 3, 2, 150, 1002, 1, 1381, 
1420, 249, 859, 15, 3, 1340, 1333, 11, 1, 1329, 1, 1, 4, 1, 100, 
100, 100, 100, 100, 100, 100, 100, 100, 100, 100, 2500, 2500, 
2500, 2500, 2500, 2500, 2500, 2500, 2500, 2500, 2500, 13469.826, 
15047.373, 16604.042, 18365.624, 19930.264, 22308.013, 24177.732, 
26497.81, 28766.544, 31935.199, 34830.6740000001, 1, 1, 1, 1, 
1, 1, 1, 1, 1, 1, 1, 0.025, 0.025, 0.025, 0.025, 0.025, 0.025, 
0.025, 0.025, 0.025, 0.025, 0.025, 0, 0, 0, 0, 0, 0, 0, 0, 0, 
0, 0, 0, 0, 0, 0, 0, 0, 0, 0, 0, 0, 0, 0.21609, 0.21991, 0.2283, 
0.23079, 0.22428, 0.23201, 0.235, 0.23891, 0.23, 0.23391, 0.23303, 
0.21196, 0.22169, 0.22491, 0.23541, 0.22596, 0.23338, 0.23625, 
0.23887, 0.2367, 0.237, 0.23601, 0.2205, 0.2668, 0.3146, 0.358, 
0.4231, 0.4709, 0.5251, 0.607, 0.6851, 0.7265, 0.8001, 400, 439.9, 
480, 520, 560, 599.9, 640, 680, 720, 759.7, 799.2, 1, 1, 1, 1, 
1, 1, 1, 1, 1, 1, 1, 1, 1, 1, 1, 1, 1, 1, 1, 1, 1, 1, 1, 1, 1, 
1, 1, 1, 1, 1, 1, 1, 1, 1, 1, 1, 1, 1, 1, 1, 1, 1, 1, 1, 4.95, 
5.425, 5.821, 6.201, 7.093, 7.409, 7.9, 8.834, 9.796, 10.293, 
10.842), .Dim = c(11L, 40L), .Dimnames = list(NULL, c("Sampling", 
"PSO.cost", "PSO.gamma", "PSO.data.balancing", "PSO.feature.selection", 
"PSO.valid.acc", "PSO.test.acc", "PSO.train.time", "PSO.n.support.vectors", 
"PSO.index", "PSO.n.solutions", "PSO.generations", "PSO.n.evaluations", 
"PSO.cpu.time", "RS.cost", "RS.gamma", "RS.data.balancing", "RS.feature.selection", 
"RS.valid.acc", "RS.test.acc", "RS.train.time", "RS.n.support.vectors", 
"RS.index", "RS.n.solutions", "RS.generations", "RS.n.evaluations", 
"RS.cpu.time", "DF.cost", "DF.gamma", "DF.data.balancing", "DF.feature.selection", 
"DF.valid.acc", "DF.test.acc", "DF.train.time", "DF.n.support.vectors", 
"DF.index", "DF.n.solutions", "DF.generations", "DF.n.evaluations", 
"DF.cpu.time")))
