full <-
structure(c(50, 55, 60, 65, 70, 75, 80, 85, 90, 95, 100, -1.49306, 
7.22936, 5.45029, 13.21628, 9.78011, 12.45298, 4.83136, 5.17649, 
-0.05841, 1.57406, 6.94706, -6.41858, -15, -4.37533, 0.50645, 
-3.8556, -3.98764, -3.92943, -10.6646, -5.76197, -7.7238, -3.98479, 
0, 0, 0, 0, 0, 0, 0, 0, 0, 0, 0, 0, 0, 0, 0, 0, 0, 0, 0, 0, 0, 
0, 0.24212, 0.24734, 0.24992, 0.25076, 0.25279, 0.2455, 0.2438, 
0.24829, 0.23779, 0.24637, 0.24206, 0.24212, 0.24545, 0.24169, 
0.25076, 0.24707, 0.24292, 0.2376, 0.23517, 0.23443, 0.23586, 
0.23112, 0.2155, 0.2539, 0.3399, 0.4793, 0.44, 0.5045, 0.5728, 
0.5789, 0.6495, 0.7161, 0.8522, 399.4, 435.8, 480, 520, 560, 
600, 640, 676.1, 719.7, 757.5, 800, 3, 75, 1057, 2, 995, 1206, 
465, 971, 1637, 2364, 436, 1996, 308, 31, 2250, 222, 204, 175, 
56, 2121, 1, 439, 100, 100, 100, 100, 100, 100, 100, 100, 100, 
100, 100, 2500, 2500, 2500, 2500, 2500, 2500, 2500, 2500, 2500, 
2500, 2500, 12953.383, 13983.847, 15366.917, 17253.554, 18172.156, 
19875.018, 21507.671, 23677.144, 25939.641, 27393.457, 29923.414, 
-0.16494, -0.07751, 12.4036, 1.26958, 9.6871, 9.25665, 0.55044, 
4.46769, 5.86429, 1.32854, 7.65832, -2.43244, -6.51841, -4.37658, 
-10.19825, -3.85565, -3.9888, -4.24386, -9.36349, -12.66829, 
-7.40002, -3.99992, 0, 0, 0, 0, 0, 0, 0, 0, 0, 0, 0, 0, 0, 0, 
0, 0, 0, 0, 0, 0, 0, 0, 0.24212, 0.24734, 0.24992, 0.25076, 0.25279, 
0.2455, 0.24491, 0.24819, 0.23779, 0.2453, 0.24206, 0.24212, 
0.24545, 0.24169, 0.25076, 0.24707, 0.24292, 0.24374, 0.22806, 
0.23221, 0.23378, 0.2321, 0.2426, 0.2654, 0.3283, 0.3417, 0.4371, 
0.5036, 0.5578, 0.5982, 0.6249, 0.6934, 0.8475, 400, 439.6, 480, 
514.8, 560, 600, 640, 676.8, 715.7, 757.9, 800, 1, 43, 138, 1, 
2291, 245, 2367, 2497, 481, 141, 483, 1390, 21, 1, 1381, 1, 2, 
1, 1, 1310, 1, 7, 100, 100, 100, 100, 100, 100, 100, 100, 100, 
100, 100, 2500, 2500, 2500, 2500, 2500, 2500, 2500, 2500, 2500, 
2500, 2500, 13538.608, 15132.879, 16392.919, 18368.259, 19866.297, 
22022.079, 24305.167, 26696.794, 28426.588, 31398.803, 34295.885, 
1, 1, 1, 1, 1, 1, 1, 1, 1, 1, 1, 0.025, 0.025, 0.025, 0.025, 
0.025, 0.025, 0.025, 0.025, 0.025, 0.025, 0.025, 0, 0, 0, 0, 
0, 0, 0, 0, 0, 0, 0, 0, 0, 0, 0, 0, 0, 0, 0, 0, 0, 0, 0.23999, 
0.23833, 0.24322, 0.24465, 0.24429, 0.23618, 0.23757, 0.24002, 
0.23106, 0.23787, 0.23503, 0.23812, 0.24002, 0.24655, 0.24313, 
0.24429, 0.23472, 0.2326, 0.24118, 0.22664, 0.23267, 0.23606, 
0.2353, 0.2724, 0.3205, 0.373, 0.4204, 0.4828, 0.5407, 0.5996, 
0.6789, 0.7489, 0.802, 399.9, 440, 479.7, 520, 559.8, 599.9, 
639.9, 680, 719.8, 759.7, 799.5, 1, 1, 1, 1, 1, 1, 1, 1, 1, 1, 
1, 1, 1, 1, 1, 1, 1, 1, 1, 1, 1, 1, 1, 1, 1, 1, 1, 1, 1, 1, 1, 
1, 1, 1, 1, 1, 1, 1, 1, 1, 1, 1, 1, 1, 5.133, 5.464, 5.871, 6.552, 
6.949, 7.606, 8.309, 8.773, 9.749, 10.422, 11.159), .Dim = c(11L, 
40L), .Dimnames = list(NULL, c("Sampling", "PSO.cost", "PSO.gamma", 
"PSO.data.balancing", "PSO.feature.selection", "PSO.valid.acc", 
"PSO.test.acc", "PSO.train.time", "PSO.n.support.vectors", "PSO.index", 
"PSO.n.solutions", "PSO.generations", "PSO.n.evaluations", "PSO.cpu.time", 
"RS.cost", "RS.gamma", "RS.data.balancing", "RS.feature.selection", 
"RS.valid.acc", "RS.test.acc", "RS.train.time", "RS.n.support.vectors", 
"RS.index", "RS.n.solutions", "RS.generations", "RS.n.evaluations", 
"RS.cpu.time", "DF.cost", "DF.gamma", "DF.data.balancing", "DF.feature.selection", 
"DF.valid.acc", "DF.test.acc", "DF.train.time", "DF.n.support.vectors", 
"DF.index", "DF.n.solutions", "DF.generations", "DF.n.evaluations", 
"DF.cpu.time")))
