full <-
structure(c(50, 55, 60, 65, 70, 75, 80, 85, 90, 95, 100, 0.30059, 
2.11711, 6.58591, 3.99577, 5.7725, 4.29914, 0.44993, 0.26161, 
0.05131, 2.54269, 4.98132, -4.80821, -3.89627, -3.80053, -11.2687, 
-12.92261, -3.86273, -4.13512, -3.85313, -5.88536, -3.93907, 
-14.99093, 0, 0, 0, 0, 0, 0, 0, 0, 0, 0, 0, 0, 0, 0, 0, 0, 0, 
0, 0, 0, 0, 0, 0.23414, 0.2401, 0.23678, 0.2447, 0.24149, 0.24004, 
0.2414, 0.23886, 0.24225, 0.24004, 0.24001, 0.20616, 0.22931, 
0.23514, 0.23388, 0.236, 0.23871, 0.23888, 0.23884, 0.23554, 
0.23792, 0.24001, 0.2331, 0.2896, 0.3432, 0.3565, 0.3916, 0.4957, 
0.5638, 0.6368, 0.6679, 0.7808, 0.7636, 400, 440, 480, 516.4, 
556.4, 600, 640, 680, 719.3, 760, 795, 2396, 459, 31, 285, 1754, 
303, 837, 838, 2035, 78, 3, 1, 256, 1102, 23, 1, 500, 30, 56, 
2, 83, 1682, 100, 100, 100, 100, 100, 100, 100, 100, 100, 100, 
100, 2500, 2500, 2500, 2500, 2500, 2500, 2500, 2500, 2500, 2500, 
2500, 13061.454, 14441.982, 17770.256, 19468.285, 20675.31, 21925.929, 
23405.425, 25874.477, 25338.766, 29536.23, 31907.137, 0.38264, 
11.90218, 0.08714, 8.96944, 6.53298, 3.85422, 12.29958, 1.56631, 
0.00828, 0.76132, 14.09237, -5.57257, -3.916, -4.53665, -3.93931, 
-13.69206, -3.85669, -4.00854, -3.68152, -5.53487, -3.93262, 
-2.55644, 0, 0, 0, 0, 0, 0, 0, 0, 0, 0, 0, 0, 0, 0, 0, 0, 0, 
0, 0, 0, 0, 0, 0.22793, 0.23828, 0.23844, 0.24326, 0.24149, 0.24004, 
0.2401, 0.23886, 0.24111, 0.24004, 0.24001, 0.20584, 0.22931, 
0.23344, 0.24321, 0.236, 0.23871, 0.23378, 0.23884, 0.23771, 
0.23684, 0.24001, 0.2295, 0.2773, 0.3322, 0.383, 0.4024, 0.5025, 
0.5739, 0.6466, 0.6613, 0.7725, 0.8869, 400, 440, 480, 520, 556.3, 
600, 640, 680, 719.5, 760, 800, 1705, 75, 2310, 1759, 2476, 55, 
451, 98, 2086, 123, 1, 1, 7, 1, 5, 1, 3, 5, 13, 1, 1, 1278, 100, 
100, 100, 100, 100, 100, 100, 100, 100, 100, 100, 2500, 2500, 
2500, 2500, 2500, 2500, 2500, 2500, 2500, 2500, 2500, 14053.396, 
15608.039, 18684.115, 20363.96, 22035.369, 24071.566, 26676.07, 
28774.107, 30138.227, 34035.037, 36410.827, 1, 1, 1, 1, 1, 1, 
1, 1, 1, 1, 1, 0.025, 0.025, 0.025, 0.025, 0.025, 0.025, 0.025, 
0.025, 0.025, 0.025, 0.025, 0, 0, 0, 0, 0, 0, 0, 0, 0, 0, 0, 
0, 0, 0, 0, 0, 0, 0, 0, 0, 0, 0, 0.22574, 0.23293, 0.23177, 0.24167, 
0.23429, 0.23484, 0.2313, 0.22593, 0.23886, 0.23792, 0.23198, 
0.22406, 0.23841, 0.23347, 0.24167, 0.2415, 0.23079, 0.23896, 
0.23063, 0.23768, 0.23372, 0.23399, 0.2333, 0.2714, 0.3276, 0.3616, 
0.4312, 0.4793, 0.5281, 0.6158, 0.6655, 0.7376, 0.8312, 400, 
440, 480, 520, 560, 599.8, 639.9, 679.9, 719.6, 759.9, 799.4, 
1, 1, 1, 1, 1, 1, 1, 1, 1, 1, 1, 1, 1, 1, 1, 1, 1, 1, 1, 1, 1, 
1, 1, 1, 1, 1, 1, 1, 1, 1, 1, 1, 1, 1, 1, 1, 1, 1, 1, 1, 1, 1, 
1, 1, 5.214, 6.124, 6.755, 7.298, 8.037, 8.45, 8.741, 9.979, 
10.291, 11.437, 12.164), .Dim = c(11L, 40L), .Dimnames = list(
    NULL, c("Sampling", "PSO.cost", "PSO.gamma", "PSO.data.balancing", 
    "PSO.feature.selection", "PSO.valid.acc", "PSO.test.acc", 
    "PSO.train.time", "PSO.n.support.vectors", "PSO.index", "PSO.n.solutions", 
    "PSO.generations", "PSO.n.evaluations", "PSO.cpu.time", "RS.cost", 
    "RS.gamma", "RS.data.balancing", "RS.feature.selection", 
    "RS.valid.acc", "RS.test.acc", "RS.train.time", "RS.n.support.vectors", 
    "RS.index", "RS.n.solutions", "RS.generations", "RS.n.evaluations", 
    "RS.cpu.time", "DF.cost", "DF.gamma", "DF.data.balancing", 
    "DF.feature.selection", "DF.valid.acc", "DF.test.acc", "DF.train.time", 
    "DF.n.support.vectors", "DF.index", "DF.n.solutions", "DF.generations", 
    "DF.n.evaluations", "DF.cpu.time")))
