full <-
structure(c(50, 55, 60, 65, 70, 75, 80, 85, 90, 95, 100, 0.05515, 
0.02456, 0.57544, 1.80098, 5.7648, 0.21131, 1.98664, 0.04926, 
0.35436, 0.329, 3.4801, -6.41582, -6.41607, -7.19825, -8.10391, 
-12.89368, -5.76016, -4.06078, -6.75309, -4.38088, -1.07558, 
-3.653, 0, 0, 0, 0, 0, 0, 0, 0, 0, 0, 0, 0, 0, 0, 0, 0, 0, 0, 
0, 0, 0, 0, 0.24409, 0.24549, 0.24665, 0.246, 0.24292, 0.24661, 
0.24264, 0.24239, 0.24787, 0.24214, 0.24103, 0.23597, 0.23454, 
0.23509, 0.23994, 0.24294, 0.23736, 0.24006, 0.23879, 0.23906, 
0.24214, 0.24003, 0.2112, 0.2599, 0.3077, 0.3436, 0.4045, 0.4819, 
0.5596, 0.589, 0.6801, 0.784, 0.8645, 398.7, 438.6, 476.3, 516.9, 
554.5, 599.2, 640, 678.6, 720, 760, 800, 2428, 921, 483, 2357, 
296, 1842, 248, 1704, 724, 2, 130, 1, 54, 87, 1, 48, 13, 110, 
10, 58, 2058, 350, 100, 100, 100, 100, 100, 100, 100, 100, 100, 
100, 100, 2500, 2500, 2500, 2500, 2500, 2500, 2500, 2500, 2500, 
2500, 2500, 12555.156, 13845.941, 17781.603, 19043.893, 21032.028, 
22015.905, 23922.158, 25791.622, 25797.863, 30040.736, 30242.258, 
2.48229, 0.41076, 0.60862, 0.36111, 7.41211, 0.30249, 0.38194, 
0.80582, 0.62468, -1.94868, 13.63025, -3.80483, -7.12146, -7.59186, 
-12.68256, -14.54628, -5.87789, -4.12694, -7.96119, -7.41695, 
-11.03889, -3.70935, 0, 0, 0, 0, 0, 0, 0, 0, 0, 0, 0, 0, 0, 0, 
0, 0, 0, 0, 0, 0, 0, 0, 0.23813, 0.24542, 0.2451, 0.24465, 0.24292, 
0.24662, 0.24375, 0.24118, 0.24675, 0.24214, 0.24103, 0.23409, 
0.23272, 0.24334, 0.24465, 0.24294, 0.23334, 0.23887, 0.23879, 
0.24671, 0.24214, 0.24103, 0.2342, 0.255, 0.3107, 0.3391, 0.4021, 
0.4837, 0.5435, 0.5922, 0.6535, 0.6981, 0.843, 400, 437.4, 475.4, 
515.6, 554.2, 599.1, 640, 677.7, 717.7, 756.3, 800, 227, 1666, 
907, 1, 235, 196, 1623, 1082, 115, 1, 88, 9, 1, 1, 1361, 2, 1, 
1, 4, 3, 1353, 12, 100, 100, 100, 100, 100, 100, 100, 100, 100, 
100, 100, 2500, 2500, 2500, 2500, 2500, 2500, 2500, 2500, 2500, 
2500, 2500, 13470.121, 15528.337, 19374.401, 20229.849, 23071.842, 
24643.814, 26738.418, 28560.186, 31854.939, 34589.845, 35050.709, 
1, 1, 1, 1, 1, 1, 1, 1, 1, 1, 1, 0.025, 0.025, 0.025, 0.025, 
0.025, 0.025, 0.025, 0.025, 0.025, 0.025, 0.025, 0, 0, 0, 0, 
0, 0, 0, 0, 0, 0, 0, 0, 0, 0, 0, 0, 0, 0, 0, 0, 0, 0, 0.23805, 
0.22736, 0.23996, 0.23835, 0.23859, 0.24262, 0.23641, 0.23408, 
0.2402, 0.23686, 0.23803, 0.23009, 0.23285, 0.23676, 0.23994, 
0.23716, 0.23868, 0.23381, 0.23051, 0.24566, 0.23895, 0.23699, 
0.2237, 0.2822, 0.3289, 0.36, 0.432, 0.4752, 0.5512, 0.5943, 
0.6651, 0.7675, 0.8026, 399.7, 439.7, 479.3, 519.4, 559.6, 599.5, 
639.5, 679.6, 719.4, 759.6, 799.6, 1, 1, 1, 1, 1, 1, 1, 1, 1, 
1, 1, 1, 1, 1, 1, 1, 1, 1, 1, 1, 1, 1, 1, 1, 1, 1, 1, 1, 1, 1, 
1, 1, 1, 1, 1, 1, 1, 1, 1, 1, 1, 1, 1, 1, 4.99, 6.496, 7.021, 
6.949, 8.043, 8.348, 9.358, 9.489, 10.26, 11.749, 12.236), .Dim = c(11L, 
40L), .Dimnames = list(NULL, c("Sampling", "PSO.cost", "PSO.gamma", 
"PSO.data.balancing", "PSO.feature.selection", "PSO.valid.acc", 
"PSO.test.acc", "PSO.train.time", "PSO.n.support.vectors", "PSO.index", 
"PSO.n.solutions", "PSO.generations", "PSO.n.evaluations", "PSO.cpu.time", 
"RS.cost", "RS.gamma", "RS.data.balancing", "RS.feature.selection", 
"RS.valid.acc", "RS.test.acc", "RS.train.time", "RS.n.support.vectors", 
"RS.index", "RS.n.solutions", "RS.generations", "RS.n.evaluations", 
"RS.cpu.time", "DF.cost", "DF.gamma", "DF.data.balancing", "DF.feature.selection", 
"DF.valid.acc", "DF.test.acc", "DF.train.time", "DF.n.support.vectors", 
"DF.index", "DF.n.solutions", "DF.generations", "DF.n.evaluations", 
"DF.cpu.time")))
