full <-
structure(c(50, 55, 60, 65, 70, 75, 80, 85, 90, 95, 100, 0.19824, 
-0.3409, 0.41887, 2.68561, 5.55199, 3.51252, 9.38705, 7.8213, 
1.48897, 0.19293, 4.5461, -5.48994, -5.58933, -4.01283, -14.13046, 
-2.49181, -3.87677, 2.81741, -3.78572, -3.90726, -5.54377, -14.90768, 
0, 0, 0, 0, 0, 0, 0, 0, 0, 0, 0, 0, 0, 0, 0, 0, 0, 0, 0, 0, 0, 
0, 0.24411, 0.24367, 0.24504, 0.23847, 0.24291, 0.24133, 0.23877, 
0.24009, 0.24329, 0.24009, 0.24003, 0.22814, 0.24182, 0.23837, 
0.23847, 0.24291, 0.23603, 0.23877, 0.23768, 0.23888, 0.22748, 
0.24003, 0.2249, 0.2648, 0.3216, 0.3364, 0.436, 0.4889, 0.6299, 
0.6288, 0.6953, 0.7623, 0.8056, 400, 440, 480, 516.7, 560, 600, 
640, 680, 720, 759.2, 795.3, 566, 702, 480, 2, 2, 44, 3, 32, 
332, 1694, 2, 64, 272, 70, 1874, 1981, 563, 2031, 631, 474, 30, 
1693, 100, 100, 100, 100, 100, 100, 100, 100, 100, 100, 100, 
2500, 2500, 2500, 2500, 2500, 2500, 2500, 2500, 2500, 2500, 2500, 
13129.108, 13714.249, 15328.996, 16929.203, 18512.628, 19890.305, 
24606.312, 25468.848, 25206.661, 29914.718, 33666.247, 0.19621, 
-0.3164, 0.398, 0.10131, 6.56158, 1.48072, 9.36095, 3.72387, 
7.13711, 0.92237, 14.5622, -5.40741, -4.67814, -4.06424, 0.0707, 
2.20178, -3.88611, 2.9859, -3.81314, -3.90549, 0.82286, -1.83832, 
0, 0, 0, 0, 0, 0, 0, 0, 0, 0, 0, 0, 0, 0, 0, 0, 0, 0, 0, 0, 0, 
0, 0.24399, 0.24367, 0.24504, 0.23847, 0.24291, 0.24133, 0.23877, 
0.24009, 0.24329, 0.23687, 0.24003, 0.22814, 0.24, 0.24173, 0.23847, 
0.24291, 0.23603, 0.23877, 0.23768, 0.23888, 0.23687, 0.24003, 
0.2182, 0.2648, 0.3189, 0.4329, 0.448, 0.495, 0.6536, 0.6527, 
0.6973, 0.8761, 0.9227, 400, 440, 480, 520, 560, 600, 640, 680, 
720, 760, 800, 1809, 329, 1885, 1, 1, 4, 1, 36, 842, 2, 1, 1, 
4, 1, 1365, 1356, 19, 1344, 7, 4, 1334, 1350, 100, 100, 100, 
100, 100, 100, 100, 100, 100, 100, 100, 2500, 2500, 2500, 2500, 
2500, 2500, 2500, 2500, 2500, 2500, 2500, 13460.374, 14933.959, 
16327.227, 18072.359, 20035.998, 22825.155, 26474.813, 28569.7450000001, 
29832.379, 34295.47, 37489.096, 1, 1, 1, 1, 1, 1, 1, 1, 1, 1, 
1, 0.025, 0.025, 0.025, 0.025, 0.025, 0.025, 0.025, 0.025, 0.025, 
0.025, 0.025, 0, 0, 0, 0, 0, 0, 0, 0, 0, 0, 0, 0, 0, 0, 0, 0, 
0, 0, 0, 0, 0, 0, 0.23423, 0.23454, 0.23657, 0.22609, 0.23433, 
0.23465, 0.23117, 0.23182, 0.22776, 0.23165, 0.23596, 0.22846, 
0.23434, 0.22659, 0.22614, 0.23727, 0.23063, 0.23377, 0.2282, 
0.2344, 0.23267, 0.23299, 0.2192, 0.2735, 0.3096, 0.3606, 0.4198, 
0.4967, 0.5569, 0.6195, 0.6909, 0.7672, 0.8183, 400, 440, 480, 
520, 559.9, 599.8, 640, 679.7, 719.4, 759.4, 799.6, 1, 1, 1, 
1, 1, 1, 1, 1, 1, 1, 1, 1, 1, 1, 1, 1, 1, 1, 1, 1, 1, 1, 1, 1, 
1, 1, 1, 1, 1, 1, 1, 1, 1, 1, 1, 1, 1, 1, 1, 1, 1, 1, 1, 1, 4.907, 
5.502, 5.846, 6.371, 7.022, 8.75, 9.358, 10.023, 10.686, 11.575, 
12.291), .Dim = c(11L, 40L), .Dimnames = list(NULL, c("Sampling", 
"PSO.cost", "PSO.gamma", "PSO.data.balancing", "PSO.feature.selection", 
"PSO.valid.acc", "PSO.test.acc", "PSO.train.time", "PSO.n.support.vectors", 
"PSO.index", "PSO.n.solutions", "PSO.generations", "PSO.n.evaluations", 
"PSO.cpu.time", "RS.cost", "RS.gamma", "RS.data.balancing", "RS.feature.selection", 
"RS.valid.acc", "RS.test.acc", "RS.train.time", "RS.n.support.vectors", 
"RS.index", "RS.n.solutions", "RS.generations", "RS.n.evaluations", 
"RS.cpu.time", "DF.cost", "DF.gamma", "DF.data.balancing", "DF.feature.selection", 
"DF.valid.acc", "DF.test.acc", "DF.train.time", "DF.n.support.vectors", 
"DF.index", "DF.n.solutions", "DF.generations", "DF.n.evaluations", 
"DF.cpu.time")))
