full <-
structure(c(50, 55, 60, 65, 70, 75, 80, 85, 90, 95, 100, 1.31979, 
2.13595, 11.93753, 2.9557, 2.75106, 10.9256, 1.32582, 8.71153, 
6.73908, -0.12512, 2.67016, -8.60694, -9.19041, -3.87464, -9.55251, 
1.50257, 2.45287, -3.75508, -15, -13.77804, -6.03299, -9.46023, 
0, 0, 0, 0, 0, 0, 0, 0, 0, 0, 0, 0, 0, 0, 0, 0, 0, 0, 0, 0, 0, 
0, 0.24023, 0.2437, 0.24346, 0.24165, 0.24435, 0.24405, 0.24505, 
0.24358, 0.24447, 0.24213, 0.24201, 0.23611, 0.24192, 0.23328, 
0.22474, 0.24435, 0.24405, 0.24376, 0.23644, 0.24336, 0.24004, 
0.238, 0.2242, 0.2549, 0.3376, 0.343, 0.4546, 0.5002, 0.5636, 
0.5774, 0.6258, 0.7246, 0.7744, 399.3, 439.4, 480, 518.4, 560, 
600, 640, 675.9, 714.5, 758.7, 796.2, 246, 331, 1874, 754, 2, 
2, 43, 1179, 47, 1202, 312, 57, 51, 6, 4, 2030, 2035, 274, 38, 
55, 17, 37, 100, 100, 100, 100, 100, 100, 100, 100, 100, 100, 
100, 2500, 2500, 2500, 2500, 2500, 2500, 2500, 2500, 2500, 2500, 
2500, 12521.287, 13714.522, 15299.18, 16119.403, 18626.685, 20102.199, 
21188.081, 23366.23, 25508.29, 28253.275, 29865.528, 6.67404, 
0.32338, 0.63867, 1.48173, 1.32049, 5.06211, 2.98361, 6.64686, 
-0.10923, -0.16464, 4.08689, -14.24741, -6.58894, -3.89576, -7.56525, 
-0.30992, -1.3408, -3.75212, -12.73202, -6.38745, -5.90598, -10.99253, 
0, 0, 0, 0, 0, 0, 0, 0, 0, 0, 0, 0, 0, 0, 0, 0, 0, 0, 0, 0, 0, 
0, 0.24023, 0.2436, 0.24182, 0.24045, 0.24435, 0.24405, 0.24505, 
0.24351, 0.24447, 0.24213, 0.24201, 0.23611, 0.2438, 0.23328, 
0.22491, 0.24435, 0.24405, 0.24376, 0.23403, 0.24336, 0.24004, 
0.24, 0.2141, 0.2623, 0.3349, 0.3549, 0.4515, 0.5181, 0.5586, 
0.5949, 0.6438, 0.7219, 0.7683, 398.9, 440, 480, 519.1, 560, 
600, 640, 675.8, 718.8, 758.7, 795.5, 537, 6, 1244, 900, 1, 1, 
964, 382, 145, 370, 1924, 2, 4, 1, 1, 1389, 1360, 3, 1, 7, 3, 
1, 100, 100, 100, 100, 100, 100, 100, 100, 100, 100, 100, 2500, 
2500, 2500, 2500, 2500, 2500, 2500, 2500, 2500, 2500, 2500, 13432.053, 
14873.47, 16385.305, 18142.506, 19699.716, 21978.859, 24675.102, 
27310.326, 29316.574, 32105.781, 33899.945, 1, 1, 1, 1, 1, 1, 
1, 1, 1, 1, 1, 0.025, 0.025, 0.025, 0.025, 0.025, 0.025, 0.025, 
0.025, 0.025, 0.025, 0.025, 0, 0, 0, 0, 0, 0, 0, 0, 0, 0, 0, 
0, 0, 0, 0, 0, 0, 0, 0, 0, 0, 0, 0.23222, 0.23642, 0.23003, 0.2277, 
0.2371, 0.236, 0.23888, 0.24003, 0.24112, 0.24105, 0.23695, 0.22625, 
0.23649, 0.23001, 0.22161, 0.23134, 0.23738, 0.24137, 0.24235, 
0.2411, 0.23679, 0.23796, 0.2233, 0.2747, 0.3162, 0.372, 0.4293, 
0.4864, 0.5291, 0.5902, 0.6632, 0.7368, 0.8169, 400, 440, 479.9, 
520, 560, 600, 639.6, 679.9, 719.5, 759.2, 799.8, 1, 1, 1, 1, 
1, 1, 1, 1, 1, 1, 1, 1, 1, 1, 1, 1, 1, 1, 1, 1, 1, 1, 1, 1, 1, 
1, 1, 1, 1, 1, 1, 1, 1, 1, 1, 1, 1, 1, 1, 1, 1, 1, 1, 1, 4.913, 
5.372, 5.821, 6.389, 7.017, 7.65, 7.928, 8.924, 9.687, 10.503, 
11.129), .Dim = c(11L, 40L), .Dimnames = list(NULL, c("Sampling", 
"PSO.cost", "PSO.gamma", "PSO.data.balancing", "PSO.feature.selection", 
"PSO.valid.acc", "PSO.test.acc", "PSO.train.time", "PSO.n.support.vectors", 
"PSO.index", "PSO.n.solutions", "PSO.generations", "PSO.n.evaluations", 
"PSO.cpu.time", "RS.cost", "RS.gamma", "RS.data.balancing", "RS.feature.selection", 
"RS.valid.acc", "RS.test.acc", "RS.train.time", "RS.n.support.vectors", 
"RS.index", "RS.n.solutions", "RS.generations", "RS.n.evaluations", 
"RS.cpu.time", "DF.cost", "DF.gamma", "DF.data.balancing", "DF.feature.selection", 
"DF.valid.acc", "DF.test.acc", "DF.train.time", "DF.n.support.vectors", 
"DF.index", "DF.n.solutions", "DF.generations", "DF.n.evaluations", 
"DF.cpu.time")))
