full <-
structure(c(50, 55, 60, 65, 70, 75, 80, 85, 90, 95, 100, 3.9843, 
1, 6.14963, 4.47743, 2.22523, 11.85726, 2.28159, 3.20762, 0.35504, 
9.03726, 0.29127, -10.69523, 0.025, -12.7864, -11.41286, -8.76577, 
-1.10286, 0.25595, 0.51969, -4.1014, -4.09146, -4.01837, 0, 0, 
0, 0, 0, 0, 0, 0, 0, 0, 0, 0, 0, 0, 0, 0, 0, 0, 0, 0, 0, 0, 0.26613, 
0.26007, 0.25513, 0.25239, 0.25009, 0.24804, 0.25005, 0.2459, 
0.25115, 0.2432, 0.24203, 0.26196, 0.25465, 0.24846, 0.24934, 
0.24865, 0.24804, 0.25005, 0.2459, 0.24665, 0.23054, 0.24004, 
0.2132, 0.273, 0.3072, 0.3496, 0.3936, 0.5052, 0.7301, 0.7818, 
0.6816, 0.7906, 0.8506, 397.4, 440, 477.3, 516.8, 557.1, 600, 
640, 680, 720, 760, 800, 10, 1, 604, 177, 92, 2, 3, 2, 451, 528, 
1631, 41, 19, 38, 56, 92, 2001, 2085, 2083, 65, 41, 25, 100, 
100, 100, 100, 100, 100, 100, 100, 100, 100, 100, 2500, 2500, 
2500, 2500, 2500, 2500, 2500, 2500, 2500, 2500, 2500, 13042.128, 
14536.709, 15661.123, 16796.043, 18114.615, 20004.654, 21392.377, 
23691.047, 25845.307, 29089.134, 29223.789, 2.5245, 3.79494, 
2.04343, 5.62985, 6.17674, -0.74785, 6.17692, 14.39884, 5.54885, 
0.6778, 13.23043, -9.20734, -10.99787, -8.33716, -12.51941, -12.81242, 
-14.43421, 1.11727, -1.94884, -4.01439, -4.0593, 2.98157, 0, 
0, 0, 0, 0, 0, 0, 0, 0, 0, 0, 0, 0, 0, 0, 0, 0, 0, 0, 0, 0, 0, 
0.26613, 0.26007, 0.25513, 0.25239, 0.25009, 0.24804, 0.25005, 
0.2459, 0.25113, 0.24423, 0.24002, 0.26196, 0.25825, 0.24501, 
0.24934, 0.24715, 0.24804, 0.25005, 0.2459, 0.24336, 0.23159, 
0.24002, 0.2154, 0.2619, 0.3094, 0.3517, 0.3918, 0.4327, 0.578, 
0.6585, 0.6887, 0.769, 0.9835, 398.1, 437.1, 478.2, 516.3, 555.2, 
593.7, 640, 680, 720, 760, 800, 536, 160, 28, 57, 494, 1, 1, 
1, 308, 1672, 1, 6, 17, 11, 10, 3, 1408, 1421, 1349, 9, 1, 1342, 
100, 100, 100, 100, 100, 100, 100, 100, 100, 100, 100, 2500, 
2500, 2500, 2500, 2500, 2500, 2500, 2500, 2500, 2500, 2500, 13509.697, 
15003.406, 16783.06, 18194.729, 19768.903, 22101.76, 23886.332, 
26580.314, 29561.883, 32076.543, 34000.885, 1, 1, 1, 1, 1, 1, 
1, 1, 1, 1, 1, 0.025, 0.025, 0.025, 0.025, 0.025, 0.025, 0.025, 
0.025, 0.025, 0.025, 0.025, 0, 0, 0, 0, 0, 0, 0, 0, 0, 0, 0, 
0, 0, 0, 0, 0, 0, 0, 0, 0, 0, 0, 0.26196, 0.26007, 0.2501, 0.24927, 
0.24282, 0.23859, 0.24626, 0.24241, 0.24999, 0.24003, 0.23404, 
0.26405, 0.25465, 0.2534, 0.24463, 0.24719, 0.24135, 0.2513, 
0.24591, 0.24559, 0.23998, 0.23308, 0.2289, 0.2781, 0.3138, 0.3651, 
0.4145, 0.4825, 0.54, 0.5936, 0.672, 0.732, 0.8047, 400, 440, 
480, 520, 560, 599.9, 640, 680, 719.9, 759.7, 799.5, 1, 1, 1, 
1, 1, 1, 1, 1, 1, 1, 1, 1, 1, 1, 1, 1, 1, 1, 1, 1, 1, 1, 1, 1, 
1, 1, 1, 1, 1, 1, 1, 1, 1, 1, 1, 1, 1, 1, 1, 1, 1, 1, 1, 1, 4.974, 
5.43, 5.875, 6.454, 6.895, 7.452, 8.211, 8.994, 9.608, 10.403, 
10.839), .Dim = c(11L, 40L), .Dimnames = list(NULL, c("Sampling", 
"PSO.cost", "PSO.gamma", "PSO.data.balancing", "PSO.feature.selection", 
"PSO.valid.acc", "PSO.test.acc", "PSO.train.time", "PSO.n.support.vectors", 
"PSO.index", "PSO.n.solutions", "PSO.generations", "PSO.n.evaluations", 
"PSO.cpu.time", "RS.cost", "RS.gamma", "RS.data.balancing", "RS.feature.selection", 
"RS.valid.acc", "RS.test.acc", "RS.train.time", "RS.n.support.vectors", 
"RS.index", "RS.n.solutions", "RS.generations", "RS.n.evaluations", 
"RS.cpu.time", "DF.cost", "DF.gamma", "DF.data.balancing", "DF.feature.selection", 
"DF.valid.acc", "DF.test.acc", "DF.train.time", "DF.n.support.vectors", 
"DF.index", "DF.n.solutions", "DF.generations", "DF.n.evaluations", 
"DF.cpu.time")))
