full <-
structure(c(50, 55, 60, 65, 70, 75, 80, 85, 90, 95, 100, 1, 2.30554, 
3.43582, 6.00614, 11.97127, -0.18558, 7.71353, -1.72666, 0.10115, 
2.86144, 0.81322, 0.025, -8.53446, -4.1632, -14.39026, 1.99748, 
-5.38846, -15, -2.8812, -5.55021, -4.02987, -7.06528, 0, 0, 0, 
0, 0, 0, 0, 0, 0, 0, 0, 0, 0, 0, 0, 0, 0, 0, 0, 0, 0, 0, 0.27209, 
0.26723, 0.26336, 0.25851, 0.24999, 0.24401, 0.24004, 0.23649, 
0.23546, 0.23901, 0.24401, 0.27013, 0.26177, 0.24993, 0.25851, 
0.24999, 0.24267, 0.23878, 0.23649, 0.23002, 0.23583, 0.23498, 
0.2273, 0.2604, 0.3316, 0.3425, 0.4384, 0.4778, 0.4972, 0.6104, 
0.6657, 0.788, 0.7723, 400, 436.6, 480, 515, 560, 600, 635.4, 
680, 720, 760, 798.3, 1, 560, 129, 2, 2, 1546, 169, 2, 1821, 
633, 2344, 2065, 33, 189, 1751, 2218, 16, 121, 2161, 11, 351, 
1, 100, 100, 100, 100, 100, 100, 100, 100, 100, 100, 100, 2500, 
2500, 2500, 2500, 2500, 2500, 2500, 2500, 2500, 2500, 2500, 13142.358, 
13919.102, 15433.639, 19603.059, 20653.511, 22305.833, 23127.318, 
25642.335, 27813.225, 30163.707, 31785.155, -0.3719, 1.6517, 
14.95037, -0.0888, 14.91074, -0.26188, 6.5811, 10.27376, 0.20011, 
14.20845, 1.44596, 2.81831, -7.83284, -4.14211, -5.5788, 2.45325, 
-4.84636, -13.90605, -0.93491, -4.64796, -4.02954, -8.30294, 
0, 0, 0, 0, 0, 0, 0, 0, 0, 0, 0, 0, 0, 0, 0, 0, 0, 0, 0, 0, 0, 
0, 0.27209, 0.26541, 0.26177, 0.26005, 0.24999, 0.24404, 0.24004, 
0.23649, 0.23429, 0.23901, 0.24202, 0.27209, 0.26356, 0.25165, 
0.25695, 0.24999, 0.24271, 0.23878, 0.23649, 0.22779, 0.23583, 
0.23901, 0.2488, 0.2546, 0.3267, 0.3633, 0.447, 0.4692, 0.5023, 
0.6472, 0.6858, 0.7599, 0.7628, 400, 437.4, 480, 520, 560, 600, 
635.5, 680, 720, 760, 797.3, 2, 927, 665, 80, 2, 453, 71, 1, 
655, 862, 9, 1445, 5, 6, 1, 1347, 1, 16, 1353, 1, 1, 9, 100, 
100, 100, 100, 100, 100, 100, 100, 100, 100, 100, 2500, 2500, 
2500, 2500, 2500, 2500, 2500, 2500, 2500, 2500, 2500, 13523.961, 
15006.623, 17828.581, 20337.924, 22659.06, 24148.985, 26408.105, 
28740.964, 30943.902, 33818.797, 36255.563, 1, 1, 1, 1, 1, 1, 
1, 1, 1, 1, 1, 0.025, 0.025, 0.025, 0.025, 0.025, 0.025, 0.025, 
0.025, 0.025, 0.025, 0.025, 0, 0, 0, 0, 0, 0, 0, 0, 0, 0, 0, 
0, 0, 0, 0, 0, 0, 0, 0, 0, 0, 0, 0.27209, 0.26353, 0.26016, 0.25543, 
0.24852, 0.23865, 0.23131, 0.22938, 0.23434, 0.23262, 0.23703, 
0.27013, 0.26353, 0.2601, 0.25998, 0.24707, 0.23999, 0.23504, 
0.22938, 0.23225, 0.23054, 0.23098, 0.2288, 0.2724, 0.3171, 0.3641, 
0.4177, 0.4705, 0.5376, 0.5966, 0.6753, 0.7255, 0.8165, 400, 
440, 480, 520, 560, 600, 639.8, 679.7, 720, 759.8, 799.5, 1, 
1, 1, 1, 1, 1, 1, 1, 1, 1, 1, 1, 1, 1, 1, 1, 1, 1, 1, 1, 1, 1, 
1, 1, 1, 1, 1, 1, 1, 1, 1, 1, 1, 1, 1, 1, 1, 1, 1, 1, 1, 1, 1, 
1, 5.021, 5.498, 6.831, 7.225, 7.684, 8.412, 9.174, 9.517, 10.597, 
11.271, 12.224), .Dim = c(11L, 40L), .Dimnames = list(NULL, c("Sampling", 
"PSO.cost", "PSO.gamma", "PSO.data.balancing", "PSO.feature.selection", 
"PSO.valid.acc", "PSO.test.acc", "PSO.train.time", "PSO.n.support.vectors", 
"PSO.index", "PSO.n.solutions", "PSO.generations", "PSO.n.evaluations", 
"PSO.cpu.time", "RS.cost", "RS.gamma", "RS.data.balancing", "RS.feature.selection", 
"RS.valid.acc", "RS.test.acc", "RS.train.time", "RS.n.support.vectors", 
"RS.index", "RS.n.solutions", "RS.generations", "RS.n.evaluations", 
"RS.cpu.time", "DF.cost", "DF.gamma", "DF.data.balancing", "DF.feature.selection", 
"DF.valid.acc", "DF.test.acc", "DF.train.time", "DF.n.support.vectors", 
"DF.index", "DF.n.solutions", "DF.generations", "DF.n.evaluations", 
"DF.cpu.time")))
