full <-
structure(c(50, 55, 60, 65, 70, 75, 80, 85, 90, 95, 100, 0.08794, 
0.41594, 0.09644, 8.89097, 3.96133, 0.3992, 0.09675, 1.07338, 
5.10496, -0.00695, -0.30837, -6.26383, -7.07054, -5.79038, -3.8804, 
-4.10407, -4.29815, -5.58555, -7.14819, -3.51374, -4.85795, -4.94559, 
0, 0, 0, 0, 0, 0, 0, 0, 0, 0, 0, 0, 0, 0, 0, 0, 0, 0, 0, 0, 0, 
0, 0.23802, 0.24001, 0.23503, 0.23406, 0.24282, 0.23358, 0.23383, 
0.24463, 0.24109, 0.24318, 0.24101, 0.22789, 0.23468, 0.22327, 
0.23091, 0.23559, 0.2214, 0.22252, 0.22352, 0.23999, 0.23795, 
0.24001, 0.2159, 0.2665, 0.3061, 0.3776, 0.4279, 0.4994, 0.5307, 
0.5824, 0.7151, 0.7615, 0.8295, 399.9, 439.5, 480, 520, 560, 
600, 639.4, 678.9, 720, 759.9, 799.9, 162, 86, 1944, 26, 1616, 
741, 1267, 1610, 132, 1597, 1279, 53, 101, 1, 297, 47, 62, 18, 
22, 161, 9, 21, 100, 100, 100, 100, 100, 100, 100, 100, 100, 
100, 100, 2500, 2500, 2500, 2500, 2500, 2500, 2500, 2500, 2500, 
2500, 2500, 12700.188, 14011.623, 15060.848, 16561.793, 17946.122, 
19524.663, 21386.076, 23361.588, 26024.097, 27910.059, 29064.088, 
0.02468, -0.18244, 0.00255, 7.28247, 13.41306, 0.34359, -1.96472, 
0.70978, 9.65554, 0.00033, -0.32388, -6.10494, -5.44531, -5.5739, 
-3.83324, -3.9673, -6.29889, -11.40141, -6.42916, -3.47426, -4.8355, 
-5.73833, 0, 0, 0, 0, 0, 0, 0, 0, 0, 0, 0, 0, 0, 0, 0, 0, 0, 
0, 0, 0, 0, 0, 0.23802, 0.23829, 0.2334, 0.23406, 0.23856, 0.23214, 
0.23377, 0.23992, 0.24109, 0.24318, 0.24002, 0.22997, 0.23653, 
0.22497, 0.22942, 0.23139, 0.21624, 0.23377, 0.22466, 0.23999, 
0.23795, 0.239, 0.2264, 0.2764, 0.3058, 0.3753, 0.4443, 0.4591, 
0.4892, 0.5841, 0.711, 0.7337, 0.807, 400, 440, 480, 520, 560, 
599.5, 636.1, 679.1, 720, 759.9, 799.1, 123, 130, 1077, 349, 
17, 1384, 2, 1711, 324, 1194, 827, 1, 2, 1, 8, 10, 1, 1331, 1, 
6, 1, 1, 100, 100, 100, 100, 100, 100, 100, 100, 100, 100, 100, 
2500, 2500, 2500, 2500, 2500, 2500, 2500, 2500, 2500, 2500, 2500, 
13398.955, 14637.602, 16370.134, 18202.284, 20055.046, 21874.602, 
24226.454, 26326.841, 28691.212, 31485.596, 34704.155, 1, 1, 
1, 1, 1, 1, 1, 1, 1, 1, 1, 0.025, 0.025, 0.025, 0.025, 0.025, 
0.025, 0.025, 0.025, 0.025, 0.025, 0.025, 0, 0, 0, 0, 0, 0, 0, 
0, 0, 0, 0, 0, 0, 0, 0, 0, 0, 0, 0, 0, 0, 0, 0.2321, 0.23465, 
0.23331, 0.23245, 0.23574, 0.23208, 0.23257, 0.23646, 0.23554, 
0.23896, 0.23405, 0.23398, 0.23838, 0.21675, 0.23226, 0.23137, 
0.22277, 0.22631, 0.22704, 0.23444, 0.2369, 0.23999, 0.2313, 
0.2646, 0.3106, 0.373, 0.4296, 0.474, 0.5362, 0.5945, 0.6652, 
0.7469, 0.8058, 400, 440, 480, 520, 559.9, 599.8, 639.5, 679.8, 
719.5, 759.6, 799.2, 1, 1, 1, 1, 1, 1, 1, 1, 1, 1, 1, 1, 1, 1, 
1, 1, 1, 1, 1, 1, 1, 1, 1, 1, 1, 1, 1, 1, 1, 1, 1, 1, 1, 1, 1, 
1, 1, 1, 1, 1, 1, 1, 1, 1, 4.962, 5.123, 5.783, 6.447, 7.078, 
7.537, 8.263, 8.805, 9.522, 10.59, 11.147), .Dim = c(11L, 40L
), .Dimnames = list(NULL, c("Sampling", "PSO.cost", "PSO.gamma", 
"PSO.data.balancing", "PSO.feature.selection", "PSO.valid.acc", 
"PSO.test.acc", "PSO.train.time", "PSO.n.support.vectors", "PSO.index", 
"PSO.n.solutions", "PSO.generations", "PSO.n.evaluations", "PSO.cpu.time", 
"RS.cost", "RS.gamma", "RS.data.balancing", "RS.feature.selection", 
"RS.valid.acc", "RS.test.acc", "RS.train.time", "RS.n.support.vectors", 
"RS.index", "RS.n.solutions", "RS.generations", "RS.n.evaluations", 
"RS.cpu.time", "DF.cost", "DF.gamma", "DF.data.balancing", "DF.feature.selection", 
"DF.valid.acc", "DF.test.acc", "DF.train.time", "DF.n.support.vectors", 
"DF.index", "DF.n.solutions", "DF.generations", "DF.n.evaluations", 
"DF.cpu.time")))
