full <-
structure(c(50, 55, 60, 65, 70, 75, 80, 85, 90, 95, 100, 0.08801, 
6.29026, 8.11699, 0.34558, 1.8256, 5.49957, 1.53033, 2.67, 2.23156, 
0.78498, 6.49446, -5.30363, -4.02786, -4.05345, -5.39263, -4.03159, 
-4.12004, -7.33084, -9.39198, -9.09719, 2.60454, -12.92573, 0, 
0, 0, 0, 0, 0, 0, 0, 0, 0, 0, 0, 0, 0, 0, 0, 0, 0, 0, 0, 0, 0, 
0.2439, 0.24202, 0.23983, 0.2322, 0.2401, 0.23863, 0.24267, 0.2412, 
0.24446, 0.24108, 0.24202, 0.23221, 0.23828, 0.2331, 0.21842, 
0.23294, 0.2228, 0.22893, 0.23651, 0.23783, 0.24108, 0.23703, 
0.2211, 0.2838, 0.3278, 0.365, 0.4366, 0.4912, 0.5017, 0.5566, 
0.6176, 0.7986, 0.8013, 400, 440, 480, 519.9, 560, 600, 637.8, 
676.5, 715.6, 760, 796.8, 2001, 209, 933, 787, 530, 500, 2167, 
1838, 104, 4, 171, 39, 272, 4, 41, 450, 246, 1, 3, 149, 1972, 
80, 100, 100, 100, 100, 100, 100, 100, 100, 100, 100, 100, 2500, 
2500, 2500, 2500, 2500, 2500, 2500, 2500, 2500, 2500, 2500, 12481.541, 
14145.794, 15571.629, 17268.687, 18242.104, 19685.581, 20540.226, 
23816.969, 24877.234, 27787.068, 29751.053, 0.02492, 9.16717, 
0.49907, 13.01522, 2.5839, 14.47783, 1.60919, 6.92956, 7.49288, 
12.67593, 8.08136, -6.00504, -4.02954, -4.38964, -3.80498, -9.50864, 
-4.11847, -7.49156, -13.70049, -14.44479, -2.88095, -14.49252, 
0, 0, 0, 0, 0, 0, 0, 0, 0, 0, 0, 0, 0, 0, 0, 0, 0, 0, 0, 0, 0, 
0, 0.23798, 0.24202, 0.24011, 0.23078, 0.24016, 0.23863, 0.24142, 
0.24239, 0.24446, 0.24108, 0.24202, 0.23421, 0.23828, 0.23155, 
0.22612, 0.22142, 0.2228, 0.22893, 0.23652, 0.23783, 0.24108, 
0.23603, 0.217, 0.2746, 0.3202, 0.3753, 0.3881, 0.4929, 0.5005, 
0.5512, 0.6189, 0.7917, 0.8128, 399.8, 440, 480, 520, 556.4, 
600, 637.7, 675, 714.2, 760, 796.5, 1427, 1891, 2222, 361, 676, 
2356, 1139, 177, 53, 1, 377, 1, 1, 1, 9, 1, 1, 1, 4, 5, 1340, 
2, 100, 100, 100, 100, 100, 100, 100, 100, 100, 100, 100, 2500, 
2500, 2500, 2500, 2500, 2500, 2500, 2500, 2500, 2500, 2500, 13510.753, 
15112.194, 16689.616, 18665.768, 20024.239, 21523.834, 23964.244, 
26394.562, 28566.8, 31110.338, 34688.352, 1, 1, 1, 1, 1, 1, 1, 
1, 1, 1, 1, 0.025, 0.025, 0.025, 0.025, 0.025, 0.025, 0.025, 
0.025, 0.025, 0.025, 0.025, 0, 0, 0, 0, 0, 0, 0, 0, 0, 0, 0, 
0, 0, 0, 0, 0, 0, 0, 0, 0, 0, 0, 0.2379, 0.23083, 0.2383, 0.21987, 
0.22716, 0.23063, 0.23506, 0.23295, 0.23892, 0.23477, 0.23503, 
0.24014, 0.23093, 0.23652, 0.2215, 0.21855, 0.22933, 0.23266, 
0.23774, 0.23673, 0.23584, 0.23703, 0.2228, 0.2696, 0.3135, 0.3629, 
0.417, 0.4671, 0.5227, 0.5872, 0.6596, 0.7335, 0.8192, 400, 440, 
480, 519.9, 559.9, 599.5, 639.5, 679.5, 719.5, 759.5, 799.4, 
1, 1, 1, 1, 1, 1, 1, 1, 1, 1, 1, 1, 1, 1, 1, 1, 1, 1, 1, 1, 1, 
1, 1, 1, 1, 1, 1, 1, 1, 1, 1, 1, 1, 1, 1, 1, 1, 1, 1, 1, 1, 1, 
1, 1, 4.797, 5.56, 5.95, 6.49, 7.043, 7.391, 8.173, 8.885, 9.717, 
10.572, 11.673), .Dim = c(11L, 40L), .Dimnames = list(NULL, c("Sampling", 
"PSO.cost", "PSO.gamma", "PSO.data.balancing", "PSO.feature.selection", 
"PSO.valid.acc", "PSO.test.acc", "PSO.train.time", "PSO.n.support.vectors", 
"PSO.index", "PSO.n.solutions", "PSO.generations", "PSO.n.evaluations", 
"PSO.cpu.time", "RS.cost", "RS.gamma", "RS.data.balancing", "RS.feature.selection", 
"RS.valid.acc", "RS.test.acc", "RS.train.time", "RS.n.support.vectors", 
"RS.index", "RS.n.solutions", "RS.generations", "RS.n.evaluations", 
"RS.cpu.time", "DF.cost", "DF.gamma", "DF.data.balancing", "DF.feature.selection", 
"DF.valid.acc", "DF.test.acc", "DF.train.time", "DF.n.support.vectors", 
"DF.index", "DF.n.solutions", "DF.generations", "DF.n.evaluations", 
"DF.cpu.time")))
