full <-
structure(c(50, 55, 60, 65, 70, 75, 80, 85, 90, 95, 100, 0.18316, 
7.67673, 6.69387, 5.54944, 4.91733, 7.98818, 0.48765, 8.26812, 
15, -0.14312, 9.31835, -3.91131, -15, -14.87597, -12.83685, -3.87108, 
-15, -4.06102, -4.00906, -4.05152, -4.71793, -3.85128, 0, 0, 
0, 0, 0, 0, 0, 0, 0, 0, 0, 0, 0, 0, 0, 0, 0, 0, 0, 0, 0, 0, 0.24007, 
0.23643, 0.2384, 0.23861, 0.23861, 0.23863, 0.24246, 0.24255, 
0.24438, 0.23798, 0.24202, 0.23807, 0.22919, 0.2367, 0.23392, 
0.22856, 0.23203, 0.23246, 0.239, 0.23661, 0.23791, 0.23803, 
0.2385, 0.2453, 0.287, 0.3406, 0.4459, 0.455, 0.5614, 0.6139, 
0.6978, 0.7436, 0.8584, 400, 437.1, 476.2, 515.4, 560, 595.5, 
640, 680, 720, 760, 800, 340, 1144, 257, 1694, 1855, 122, 744, 
618, 645, 1468, 239, 90, 37, 104, 3, 2, 34, 60, 674, 441, 44, 
498, 100, 100, 100, 100, 100, 100, 100, 100, 100, 100, 100, 2500, 
2500, 2500, 2500, 2500, 2500, 2500, 2500, 2500, 2500, 2500, 12218.485, 
13240.989, 16692.303, 18359.752, 19835.846, 21410.51, 22770.844, 
22366.651, 24987.617, 27855.306, 30198.713, 9.42532, 3.43886, 
2.90171, 7.01709, 8.8862, 1.42551, 5.93674, 8.70607, 7.6964, 
-0.1301, 13.62732, -3.66132, -10.91614, -11.01383, -14.33211, 
-3.87137, -8.164, -3.93392, -4.00954, -4.04922, -4.4756, -3.8617, 
0, 0, 0, 0, 0, 0, 0, 0, 0, 0, 0, 0, 0, 0, 0, 0, 0, 0, 0, 0, 0, 
0, 0.24007, 0.23457, 0.2384, 0.23861, 0.23861, 0.23863, 0.24123, 
0.24255, 0.24438, 0.23482, 0.24202, 0.23807, 0.22915, 0.2367, 
0.23392, 0.22856, 0.23073, 0.23871, 0.239, 0.23661, 0.23583, 
0.23803, 0.2328, 0.2576, 0.3096, 0.3457, 0.4397, 0.4557, 0.5441, 
0.6125, 0.6997, 0.7492, 0.8837, 400, 437.3, 476, 515.3, 560, 
597.4, 640, 680, 720, 760, 800, 24, 145, 80, 60, 1065, 516, 1552, 
1454, 2132, 135, 118, 11, 4, 7, 3, 1, 4, 1, 1, 1, 5, 3, 100, 
100, 100, 100, 100, 100, 100, 100, 100, 100, 100, 2500, 2500, 
2500, 2500, 2500, 2500, 2500, 2500, 2500, 2500, 2500, 12960.524, 
14498.272, 18461.805, 20295.361, 21560.952, 24269.389, 23234.797, 
26375.89, 28564.395, 31248.605, 34866.981, 1, 1, 1, 1, 1, 1, 
1, 1, 1, 1, 1, 0.025, 0.025, 0.025, 0.025, 0.025, 0.025, 0.025, 
0.025, 0.025, 0.025, 0.025, 0, 0, 0, 0, 0, 0, 0, 0, 0, 0, 0, 
0, 0, 0, 0, 0, 0, 0, 0, 0, 0, 0, 0.22615, 0.22366, 0.22831, 0.23104, 
0.23585, 0.23063, 0.23372, 0.22958, 0.23555, 0.22429, 0.23803, 
0.24012, 0.23285, 0.22484, 0.23085, 0.23283, 0.22808, 0.23746, 
0.23898, 0.23777, 0.22425, 0.23403, 0.2207, 0.2616, 0.3277, 0.3616, 
0.4284, 0.4757, 0.5347, 0.5905, 0.6683, 0.7367, 0.8054, 399.6, 
439, 479, 519.5, 559.4, 599.4, 639.6, 679.2, 719.8, 759.7, 799.5, 
1, 1, 1, 1, 1, 1, 1, 1, 1, 1, 1, 1, 1, 1, 1, 1, 1, 1, 1, 1, 1, 
1, 1, 1, 1, 1, 1, 1, 1, 1, 1, 1, 1, 1, 1, 1, 1, 1, 1, 1, 1, 1, 
1, 1, 4.586, 5.01, 6.756, 6.887, 7.849, 8.172, 8.027, 8.604, 
9.522, 10.235, 10.898), .Dim = c(11L, 40L), .Dimnames = list(
    NULL, c("Sampling", "PSO.cost", "PSO.gamma", "PSO.data.balancing", 
    "PSO.feature.selection", "PSO.valid.acc", "PSO.test.acc", 
    "PSO.train.time", "PSO.n.support.vectors", "PSO.index", "PSO.n.solutions", 
    "PSO.generations", "PSO.n.evaluations", "PSO.cpu.time", "RS.cost", 
    "RS.gamma", "RS.data.balancing", "RS.feature.selection", 
    "RS.valid.acc", "RS.test.acc", "RS.train.time", "RS.n.support.vectors", 
    "RS.index", "RS.n.solutions", "RS.generations", "RS.n.evaluations", 
    "RS.cpu.time", "DF.cost", "DF.gamma", "DF.data.balancing", 
    "DF.feature.selection", "DF.valid.acc", "DF.test.acc", "DF.train.time", 
    "DF.n.support.vectors", "DF.index", "DF.n.solutions", "DF.generations", 
    "DF.n.evaluations", "DF.cpu.time")))
