full <-
structure(c(50, 55, 60, 65, 70, 75, 80, 85, 90, 95, 100, 7.65244, 
2.23001, 3.07388, 2.08482, 2.01972, 7.26341, 1.95095, 2.17743, 
5.84329, 6.04052, 0.01253, -1.58511, 2.244, -10.14746, -8.38139, 
-3.78928, -13.79406, -4.13088, -8.57004, -12.25264, -12.59083, 
-4.78224, 0, 0, 0, 0, 0, 0, 0, 0, 0, 0, 0, 0, 0, 0, 0, 0, 0, 
0, 0, 0, 0, 0, 0.25018, 0.24547, 0.23996, 0.23873, 0.2357, 0.23756, 
0.23755, 0.24238, 0.24678, 0.24427, 0.24403, 0.25018, 0.24547, 
0.23837, 0.23234, 0.23284, 0.22136, 0.22874, 0.24115, 0.23788, 
0.23578, 0.23803, 0.2467, 0.2868, 0.3111, 0.3426, 0.4418, 0.4576, 
0.5675, 0.5781, 0.6367, 0.7344, 0.8371, 400, 440, 476.8, 517.6, 
560, 596.4, 640, 676.6, 715.4, 755.9, 800, 3, 3, 2098, 2383, 
198, 1764, 1552, 725, 1044, 758, 1965, 1985, 2170, 1, 1, 156, 
19, 6, 40, 16, 50, 2, 100, 100, 100, 100, 100, 100, 100, 100, 
100, 100, 100, 2500, 2500, 2500, 2500, 2500, 2500, 2500, 2500, 
2500, 2500, 2500, 12937.159, 14257.55, 15569.053, 16546.039, 
18112.284, 19315.516, 21231.713, 23056.462, 25026.69, 28174.902, 
30510.795, 8.41223, 6.09788, 6.33552, 2.0406, 0.50269, 5.0844, 
12.62255, 2.43667, 4.68334, 6.98327, 13.8046, -0.23184, 2.8289, 
-13.54266, -8.34923, -4.0482, -11.65441, -4.13657, -8.8408, -11.05113, 
-13.55134, 1.78523, 0, 0, 0, 0, 0, 0, 0, 0, 0, 0, 0, 0, 0, 0, 
0, 0, 0, 0, 0, 0, 0, 0, 0.25018, 0.24547, 0.23834, 0.23719, 0.23858, 
0.23753, 0.23755, 0.24121, 0.24457, 0.24427, 0.24001, 0.25018, 
0.24547, 0.23837, 0.23234, 0.23289, 0.22545, 0.22749, 0.24231, 
0.23788, 0.23475, 0.24001, 0.2675, 0.3053, 0.2955, 0.3482, 0.4364, 
0.4562, 0.5606, 0.5826, 0.6284, 0.7428, 0.8868, 400, 440, 476.2, 
517.6, 560, 596.3, 640, 676.4, 715.1, 755.8, 800, 3, 1, 720, 
1888, 2399, 1838, 394, 917, 1493, 259, 1, 1358, 1351, 4, 1, 1, 
1, 4, 1, 2, 1, 1366, 100, 100, 100, 100, 100, 100, 100, 100, 
100, 100, 100, 2500, 2500, 2500, 2500, 2500, 2500, 2500, 2500, 
2500, 2500, 2500, 13695.215, 15060.413, 16851.611, 18426.191, 
19988.054, 21968.006, 24402.893, 26249.898, 29105.77, 31218.517, 
33987.69, 1, 1, 1, 1, 1, 1, 1, 1, 1, 1, 1, 0.025, 0.025, 0.025, 
0.025, 0.025, 0.025, 0.025, 0.025, 0.025, 0.025, 0.025, 0, 0, 
0, 0, 0, 0, 0, 0, 0, 0, 0, 0, 0, 0, 0, 0, 0, 0, 0, 0, 0, 0, 0.24614, 
0.2364, 0.23337, 0.22926, 0.22862, 0.22931, 0.23382, 0.23181, 
0.23785, 0.23365, 0.237, 0.2461, 0.24365, 0.23504, 0.22303, 0.23005, 
0.23335, 0.23251, 0.23291, 0.23343, 0.23572, 0.24003, 0.2335, 
0.2725, 0.3116, 0.3705, 0.4216, 0.4808, 0.5528, 0.5969, 0.6927, 
0.7319, 0.8503, 399.6, 439.6, 479.7, 519.7, 559.4, 599.7, 639.5, 
679.5, 719.6, 759.4, 799.5, 1, 1, 1, 1, 1, 1, 1, 1, 1, 1, 1, 
1, 1, 1, 1, 1, 1, 1, 1, 1, 1, 1, 1, 1, 1, 1, 1, 1, 1, 1, 1, 1, 
1, 1, 1, 1, 1, 1, 1, 1, 1, 1, 1, 1, 5.118, 5.451, 5.682, 6.394, 
6.864, 7.579, 8.368, 8.73, 9.904, 10.157, 11.591), .Dim = c(11L, 
40L), .Dimnames = list(NULL, c("Sampling", "PSO.cost", "PSO.gamma", 
"PSO.data.balancing", "PSO.feature.selection", "PSO.valid.acc", 
"PSO.test.acc", "PSO.train.time", "PSO.n.support.vectors", "PSO.index", 
"PSO.n.solutions", "PSO.generations", "PSO.n.evaluations", "PSO.cpu.time", 
"RS.cost", "RS.gamma", "RS.data.balancing", "RS.feature.selection", 
"RS.valid.acc", "RS.test.acc", "RS.train.time", "RS.n.support.vectors", 
"RS.index", "RS.n.solutions", "RS.generations", "RS.n.evaluations", 
"RS.cpu.time", "DF.cost", "DF.gamma", "DF.data.balancing", "DF.feature.selection", 
"DF.valid.acc", "DF.test.acc", "DF.train.time", "DF.n.support.vectors", 
"DF.index", "DF.n.solutions", "DF.generations", "DF.n.evaluations", 
"DF.cpu.time")))
