full <-
structure(c(50, 55, 60, 65, 70, 75, 80, 85, 90, 95, 100, 5.69519, 
5.29644, -0.58711, -0.18619, 0.77665, 14.44269, 0.25271, 7.89364, 
-0.40234, 5.00788, 2.61139, -12.88538, -1.85233, -12.78124, -5.66872, 
-4.16488, -4.17522, -4.13119, -3.64235, -4.7212, -11.2402, -9.39445, 
0, 0, 0, 0, 0, 0, 0, 0, 0, 0, 0, 0, 0, 0, 0, 0, 0, 0, 0, 0, 0, 
0, 0.24984, 0.24551, 0.24171, 0.2386, 0.25284, 0.2373, 0.24005, 
0.23886, 0.23448, 0.24527, 0.24102, 0.24996, 0.24551, 0.24171, 
0.23545, 0.24702, 0.22262, 0.23255, 0.23529, 0.23448, 0.23996, 
0.23603, 0.218, 0.2905, 0.2969, 0.3659, 0.4267, 0.4995, 0.5424, 
0.6347, 0.6869, 0.7275, 0.8007, 397, 440, 477.5, 520, 560, 600, 
640, 680, 720, 757, 796.3, 2163, 2, 3, 1938, 2397, 528, 1299, 
1641, 321, 1155, 38, 2, 2123, 2011, 2, 1, 277, 58, 57, 38, 19, 
83, 100, 100, 100, 100, 100, 100, 100, 100, 100, 100, 100, 2500, 
2500, 2500, 2500, 2500, 2500, 2500, 2500, 2500, 2500, 2500, 12619.374, 
13979.385, 15378.139, 17015.92, 17924.711, 19755.733, 21998.675, 
23847.51, 25581.035, 29224.032, 29982.948, 6.10659, 0.49487, 
5.03366, -0.18041, 8.19499, 11.78735, 0.11815, 1.27894, -0.23123, 
7.25647, 1.01481, -13.31347, -1.15781, -14.52617, -5.71364, -4.13448, 
-4.17733, -4.26472, -3.64128, -4.3099, -13.49395, -7.55041, 0, 
0, 0, 0, 0, 0, 0, 0, 0, 0, 0, 0, 0, 0, 0, 0, 0, 0, 0, 0, 0, 0, 
0.24992, 0.24551, 0.24171, 0.2386, 0.25, 0.2373, 0.23879, 0.23886, 
0.23448, 0.24527, 0.24102, 0.24791, 0.24551, 0.24171, 0.23545, 
0.24706, 0.22127, 0.23504, 0.23529, 0.23448, 0.23996, 0.23802, 
0.2215, 0.2913, 0.3041, 0.3631, 0.4349, 0.4893, 0.5419, 0.6205, 
0.6854, 0.7123, 0.7964, 397, 440, 476.6, 519.8, 560, 600, 640, 
680, 720, 757.1, 798.1, 981, 3, 1, 701, 700, 2086, 1966, 191, 
1207, 1183, 40, 3, 1302, 1356, 1, 3, 1, 2, 1, 2, 1, 7, 100, 100, 
100, 100, 100, 100, 100, 100, 100, 100, 100, 2500, 2500, 2500, 
2500, 2500, 2500, 2500, 2500, 2500, 2500, 2500, 13304.611, 14970.846, 
16582.479, 18175.891, 20232.97, 21816.441, 24183.545, 25835.977, 
29569.413, 32192.953, 34177.153, 1, 1, 1, 1, 1, 1, 1, 1, 1, 1, 
1, 0.025, 0.025, 0.025, 0.025, 0.025, 0.025, 0.025, 0.025, 0.025, 
0.025, 0.025, 0, 0, 0, 0, 0, 0, 0, 0, 0, 0, 0, 0, 0, 0, 0, 0, 
0, 0, 0, 0, 0, 0, 0.23776, 0.23988, 0.23501, 0.23237, 0.2457, 
0.22797, 0.22504, 0.23407, 0.22887, 0.24414, 0.241, 0.23792, 
0.24537, 0.23173, 0.23384, 0.24139, 0.22128, 0.2226, 0.23525, 
0.23112, 0.23888, 0.23703, 0.2315, 0.2711, 0.3189, 0.3711, 0.4252, 
0.4787, 0.538, 0.5975, 0.6878, 0.7528, 0.836, 400, 440, 480, 
520, 560, 600, 640, 679.9, 719.9, 759.7, 799.7, 1, 1, 1, 1, 1, 
1, 1, 1, 1, 1, 1, 1, 1, 1, 1, 1, 1, 1, 1, 1, 1, 1, 1, 1, 1, 1, 
1, 1, 1, 1, 1, 1, 1, 1, 1, 1, 1, 1, 1, 1, 1, 1, 1, 1, 5.003, 
5.262, 5.813, 6.434, 6.833, 7.584, 8.239, 8.755, 10.005, 10.661, 
11.494), .Dim = c(11L, 40L), .Dimnames = list(NULL, c("Sampling", 
"PSO.cost", "PSO.gamma", "PSO.data.balancing", "PSO.feature.selection", 
"PSO.valid.acc", "PSO.test.acc", "PSO.train.time", "PSO.n.support.vectors", 
"PSO.index", "PSO.n.solutions", "PSO.generations", "PSO.n.evaluations", 
"PSO.cpu.time", "RS.cost", "RS.gamma", "RS.data.balancing", "RS.feature.selection", 
"RS.valid.acc", "RS.test.acc", "RS.train.time", "RS.n.support.vectors", 
"RS.index", "RS.n.solutions", "RS.generations", "RS.n.evaluations", 
"RS.cpu.time", "DF.cost", "DF.gamma", "DF.data.balancing", "DF.feature.selection", 
"DF.valid.acc", "DF.test.acc", "DF.train.time", "DF.n.support.vectors", 
"DF.index", "DF.n.solutions", "DF.generations", "DF.n.evaluations", 
"DF.cpu.time")))
