full <-
structure(c(50, 55, 60, 65, 70, 75, 80, 85, 90, 95, 100, 5.45983, 
-0.51175, 6.19134, 7.47197, 0.11006, 5.92684, -1.98109, 0.09095, 
14.05156, 1.39612, 2.26986, -3.96519, -2.37962, -3.85064, 0.20556, 
-4.80438, 1.07061, -14.638, -4.65816, -3.20113, -14.43465, -9.0915, 
0, 0, 0, 0, 0, 0, 0, 0, 0, 0, 0, 0, 0, 0, 0, 0, 0, 0, 0, 0, 0, 
0, 0.22817, 0.23467, 0.23668, 0.23383, 0.24704, 0.24671, 0.24506, 
0.24834, 0.24335, 0.23896, 0.24202, 0.22201, 0.23467, 0.23509, 
0.23383, 0.23853, 0.24671, 0.24506, 0.24593, 0.24335, 0.23896, 
0.24101, 0.2336, 0.2769, 0.3354, 0.4903, 0.4316, 0.5187, 0.4915, 
0.6276, 0.719, 0.6927, 0.7799, 400, 440, 480, 520, 560, 600, 
635, 680, 720, 755.5, 796.8, 119, 2, 378, 2, 842, 3, 3, 876, 
2, 2, 1706, 266, 1981, 341, 2103, 18, 2064, 1847, 33, 2023, 2038, 
12, 100, 100, 100, 100, 100, 100, 100, 100, 100, 100, 100, 2500, 
2500, 2500, 2500, 2500, 2500, 2500, 2500, 2500, 2500, 2500, 12460.203, 
13813.581, 17807.982, 19395.786, 20721.467, 22414.962, 23702.478, 
25807.169, 28679.229, 30370.397, 32563.119, 6.92105, 7.82085, 
13.11258, -1.62823, -1.17851, 10.3662, 11.05728, 0.21025, 3.41385, 
9.25815, 2.32762, -3.96612, -3.35667, -3.83818, 0.72904, -3.23019, 
-2.66308, 2.39298, -4.42628, -12.30929, 2.15494, -9.1457, 0, 
0, 0, 0, 0, 0, 0, 0, 0, 0, 0, 0, 0, 0, 0, 0, 0, 0, 0, 0, 0, 0, 
0.22817, 0.23467, 0.23668, 0.23383, 0.24573, 0.24671, 0.24506, 
0.24835, 0.24335, 0.23896, 0.24202, 0.21996, 0.23467, 0.23509, 
0.23383, 0.24573, 0.24671, 0.24506, 0.24241, 0.24335, 0.23896, 
0.24101, 0.2288, 0.2853, 0.3337, 0.4041, 0.4312, 0.5233, 0.5767, 
0.6316, 0.6423, 0.7845, 0.8018, 400, 440, 480, 520, 560, 600, 
640, 680, 715, 760, 796.8, 626, 1, 470, 1, 1, 4, 1, 147, 1, 1, 
1253, 3, 1329, 3, 1366, 1340, 1280, 1402, 1, 1332, 1298, 3, 100, 
100, 100, 100, 100, 100, 100, 100, 100, 100, 100, 2500, 2500, 
2500, 2500, 2500, 2500, 2500, 2500, 2500, 2500, 2500, 13267.242, 
14637.767, 19074.402, 20642.308, 22569.348, 24262.008, 26534.948, 
28789.093, 31072.357, 34090.553, 36746.236, 1, 1, 1, 1, 1, 1, 
1, 1, 1, 1, 1, 0.025, 0.025, 0.025, 0.025, 0.025, 0.025, 0.025, 
0.025, 0.025, 0.025, 0.025, 0, 0, 0, 0, 0, 0, 0, 0, 0, 0, 0, 
0, 0, 0, 0, 0, 0, 0, 0, 0, 0, 0, 0.21816, 0.22381, 0.22668, 0.22772, 
0.24281, 0.24271, 0.24256, 0.2436, 0.23345, 0.23578, 0.23703, 
0.21412, 0.22917, 0.23337, 0.22614, 0.24139, 0.23866, 0.24119, 
0.24474, 0.23445, 0.23792, 0.238, 0.2234, 0.2706, 0.3163, 0.3787, 
0.4248, 0.4873, 0.5492, 0.6106, 0.6658, 0.7452, 0.8504, 400, 
440, 480, 520, 560, 600, 640, 680, 719.6, 759.6, 799.9, 1, 1, 
1, 1, 1, 1, 1, 1, 1, 1, 1, 1, 1, 1, 1, 1, 1, 1, 1, 1, 1, 1, 1, 
1, 1, 1, 1, 1, 1, 1, 1, 1, 1, 1, 1, 1, 1, 1, 1, 1, 1, 1, 1, 1, 
4.757, 5.302, 6.747, 7.452, 7.955, 8.48, 9.19, 9.915, 10.264, 
11.281, 12.754), .Dim = c(11L, 40L), .Dimnames = list(NULL, c("Sampling", 
"PSO.cost", "PSO.gamma", "PSO.data.balancing", "PSO.feature.selection", 
"PSO.valid.acc", "PSO.test.acc", "PSO.train.time", "PSO.n.support.vectors", 
"PSO.index", "PSO.n.solutions", "PSO.generations", "PSO.n.evaluations", 
"PSO.cpu.time", "RS.cost", "RS.gamma", "RS.data.balancing", "RS.feature.selection", 
"RS.valid.acc", "RS.test.acc", "RS.train.time", "RS.n.support.vectors", 
"RS.index", "RS.n.solutions", "RS.generations", "RS.n.evaluations", 
"RS.cpu.time", "DF.cost", "DF.gamma", "DF.data.balancing", "DF.feature.selection", 
"DF.valid.acc", "DF.test.acc", "DF.train.time", "DF.n.support.vectors", 
"DF.index", "DF.n.solutions", "DF.generations", "DF.n.evaluations", 
"DF.cpu.time")))
