full <-
structure(c(50, 55, 60, 65, 70, 75, 80, 85, 90, 95, 100, -1.53835, 
10.70345, 2.38708, 1.0478, 4.41746, 2.03778, 2.55207, 0.12799, 
13.72837, 7.31056, -0.84966, -6.09399, -3.35085, 2.33009, 2.98613, 
2.40559, -2.12895, -8.99236, -4.33412, -0.59667, -14.64942, -2.67044, 
0, 0, 0, 0, 0, 0, 0, 0, 0, 0, 0, 0, 0, 0, 0, 0, 0, 0, 0, 0, 0, 
0, 0.22601, 0.22361, 0.22345, 0.23082, 0.23438, 0.23199, 0.23382, 
0.23535, 0.24226, 0.24325, 0.24003, 0.22601, 0.22361, 0.22345, 
0.23082, 0.23438, 0.23199, 0.23507, 0.22941, 0.24226, 0.24325, 
0.24003, 0.2224, 0.2844, 0.3315, 0.446, 0.4569, 0.525, 0.4987, 
0.6237, 0.7293, 0.7199, 0.8559, 399.9, 440, 480, 520, 560, 600, 
638, 680, 720, 755.6, 800, 2, 3, 2, 2, 2, 6, 192, 530, 2, 38, 
2, 1994, 1865, 2295, 1979, 2141, 2125, 43, 33, 1882, 114, 2058, 
100, 100, 100, 100, 100, 100, 100, 100, 100, 100, 100, 2500, 
2500, 2500, 2500, 2500, 2500, 2500, 2500, 2500, 2500, 2500, 12530.055, 
13828.029, 15518.552, 16623.375, 18511.953, 20010.009, 21489.552, 
24473.454, 25994.072, 27768.398, 31997.269, 1.86375, 3.3159, 
1.18735, 0.01175, 3.96675, 0.09232, 14.10917, 8.60621, 2.98101, 
3.18336, 0.0051, -2.13383, -12.83579, -14.21442, -12.16285, -0.04803, 
-4.44718, -0.73821, -1.23972, -2.4687, -10.51169, -0.35062, 0, 
0, 0, 0, 0, 0, 0, 0, 0, 0, 0, 0, 0, 0, 0, 0, 0, 0, 0, 0, 0, 0, 
0.22601, 0.22361, 0.22345, 0.23082, 0.23438, 0.23339, 0.23377, 
0.23532, 0.24226, 0.24325, 0.24003, 0.22601, 0.22361, 0.22345, 
0.23082, 0.23438, 0.23078, 0.23377, 0.23532, 0.24226, 0.24217, 
0.24003, 0.2402, 0.2516, 0.2976, 0.3434, 0.508, 0.4782, 0.5675, 
0.6556, 0.7238, 0.719, 0.8555, 400, 437.8, 476.9, 516.3, 560, 
600, 640, 680, 720, 756.3, 800, 1, 1, 1, 4, 1, 1915, 2, 1, 6, 
185, 5, 1360, 1264, 1255, 1361, 1285, 1, 1260, 1338, 1325, 15, 
1359, 100, 100, 100, 100, 100, 100, 100, 100, 100, 100, 100, 
2500, 2500, 2500, 2500, 2500, 2500, 2500, 2500, 2500, 2500, 2500, 
13280.193, 14666.63, 16518.442, 18176.874, 20139.971, 21751.294, 
24506.164, 26614.769, 29417.178, 31818.88, 35224.447, 1, 1, 1, 
1, 1, 1, 1, 1, 1, 1, 1, 0.025, 0.025, 0.025, 0.025, 0.025, 0.025, 
0.025, 0.025, 0.025, 0.025, 0.025, 0, 0, 0, 0, 0, 0, 0, 0, 0, 
0, 0, 0, 0, 0, 0, 0, 0, 0, 0, 0, 0, 0, 0.21001, 0.2093, 0.21333, 
0.21844, 0.22715, 0.22543, 0.22883, 0.22948, 0.23782, 0.2316, 
0.23902, 0.21613, 0.21644, 0.21672, 0.21832, 0.2273, 0.22278, 
0.23258, 0.23064, 0.23665, 0.23897, 0.23096, 0.2244, 0.2662, 
0.3154, 0.3669, 0.4243, 0.4648, 0.5441, 0.6095, 0.6828, 0.7536, 
0.8322, 400, 439.9, 480, 520, 560, 600, 639.8, 679.6, 719.5, 
759.5, 799.6, 1, 1, 1, 1, 1, 1, 1, 1, 1, 1, 1, 1, 1, 1, 1, 1, 
1, 1, 1, 1, 1, 1, 1, 1, 1, 1, 1, 1, 1, 1, 1, 1, 1, 1, 1, 1, 1, 
1, 1, 1, 1, 1, 1, 1, 4.822, 5.219, 5.855, 6.491, 7.118, 7.533, 
8.4, 9.045, 9.834, 10.696, 11.621), .Dim = c(11L, 40L), .Dimnames = list(
    NULL, c("Sampling", "PSO.cost", "PSO.gamma", "PSO.data.balancing", 
    "PSO.feature.selection", "PSO.valid.acc", "PSO.test.acc", 
    "PSO.train.time", "PSO.n.support.vectors", "PSO.index", "PSO.n.solutions", 
    "PSO.generations", "PSO.n.evaluations", "PSO.cpu.time", "RS.cost", 
    "RS.gamma", "RS.data.balancing", "RS.feature.selection", 
    "RS.valid.acc", "RS.test.acc", "RS.train.time", "RS.n.support.vectors", 
    "RS.index", "RS.n.solutions", "RS.generations", "RS.n.evaluations", 
    "RS.cpu.time", "DF.cost", "DF.gamma", "DF.data.balancing", 
    "DF.feature.selection", "DF.valid.acc", "DF.test.acc", "DF.train.time", 
    "DF.n.support.vectors", "DF.index", "DF.n.solutions", "DF.generations", 
    "DF.n.evaluations", "DF.cpu.time")))
