full <-
structure(c(50, 55, 60, 65, 70, 75, 80, 85, 90, 95, 100, -1.81467, 
4.11009, 1, 1.72553, 2.19148, 15, 0.32465, 1.1105, 7.25415, -0.29285, 
-0.44115, -11.16195, -0.23366, 0.025, -7.40409, -11.25242, -3.79943, 
-5.45493, -6.88361, -13.6618, -5.38891, -5.35195, 0, 0, 0, 0, 
0, 0, 0, 0, 0, 0, 0, 0, 0, 0, 0, 0, 0, 0, 0, 0, 0, 0, 0.25808, 
0.26363, 0.25671, 0.25513, 0.25288, 0.25735, 0.25264, 0.25876, 
0.24554, 0.24004, 0.24102, 0.25808, 0.26363, 0.25504, 0.23839, 
0.25288, 0.2547, 0.24124, 0.24597, 0.23666, 0.24105, 0.24001, 
0.2173, 0.3132, 0.3211, 0.3586, 0.4035, 0.5077, 0.5401, 0.5834, 
0.6505, 0.7686, 0.7934, 398.7, 440, 480, 519.4, 557, 600, 639.8, 
678.6, 716.4, 759.8, 799.7, 2, 5, 1, 600, 2, 575, 2416, 1883, 
752, 809, 566, 1900, 1992, 2108, 25, 1804, 75, 1, 22, 9, 50, 
66, 100, 100, 100, 100, 100, 100, 100, 100, 100, 100, 100, 2500, 
2500, 2500, 2500, 2500, 2500, 2500, 2500, 2500, 2500, 2500, 12334.418, 
13826.915, 15468.587, 16895.375, 17999.786, 20193.886, 21364.035, 
22521.101, 25321.795, 27953.867, 29084.751, -1.29453, 6.5658, 
2.91204, 1.84331, 1.87086, 4.1048, 2.15064, 0.65237, 6.6797, 
4.41232, -0.17595, -14.80644, -3.14254, -9.38001, -7.50709, -12.32374, 
-3.80791, -1.73067, -6.29502, -13.51239, -11.28734, -4.55779, 
0, 0, 0, 0, 0, 0, 0, 0, 0, 0, 0, 0, 0, 0, 0, 0, 0, 0, 0, 0, 0, 
0, 0.25808, 0.26363, 0.26002, 0.25513, 0.25288, 0.25735, 0.25004, 
0.25287, 0.24447, 0.24002, 0.24102, 0.25808, 0.26363, 0.24668, 
0.23988, 0.25288, 0.2547, 0.25004, 0.24353, 0.24329, 0.24001, 
0.23901, 0.2036, 0.2968, 0.3095, 0.3554, 0.3944, 0.4968, 0.5686, 
0.5879, 0.6391, 0.6974, 0.8172, 397.7, 440, 478.9, 519.1, 557.1, 
600, 640, 679, 716.3, 756.1, 800, 1, 3, 183, 89, 1, 141, 2, 439, 
431, 2344, 1625, 1381, 1407, 10, 1, 1408, 5, 1331, 1, 9, 2, 1, 
100, 100, 100, 100, 100, 100, 100, 100, 100, 100, 100, 2500, 
2500, 2500, 2500, 2500, 2500, 2500, 2500, 2500, 2500, 2500, 13332.057, 
14952.85, 16604.771, 18139.354, 19613.238, 21813.588, 24175.584, 
26441.194, 28764.997, 31921.997, 34155.363, 1, 1, 1, 1, 1, 1, 
1, 1, 1, 1, 1, 0.025, 0.025, 0.025, 0.025, 0.025, 0.025, 0.025, 
0.025, 0.025, 0.025, 0.025, 0, 0, 0, 0, 0, 0, 0, 0, 0, 0, 0, 
0, 0, 0, 0, 0, 0, 0, 0, 0, 0, 0, 0.24996, 0.26181, 0.25671, 0.25072, 
0.25147, 0.25202, 0.2426, 0.24587, 0.23556, 0.23578, 0.23501, 
0.25404, 0.25998, 0.25504, 0.25075, 0.25149, 0.2494, 0.2463, 
0.24475, 0.23666, 0.23792, 0.23701, 0.2331, 0.2727, 0.3262, 0.3751, 
0.4147, 0.479, 0.5408, 0.6094, 0.6663, 0.7379, 0.8234, 399.9, 
439.5, 480, 520, 560, 600, 640, 679.9, 719.8, 759.9, 799.7, 1, 
1, 1, 1, 1, 1, 1, 1, 1, 1, 1, 1, 1, 1, 1, 1, 1, 1, 1, 1, 1, 1, 
1, 1, 1, 1, 1, 1, 1, 1, 1, 1, 1, 1, 1, 1, 1, 1, 1, 1, 1, 1, 1, 
1, 4.97, 5.421, 5.859, 6.543, 6.715, 7.581, 8.292, 8.962, 9.449, 
10.17, 11.085), .Dim = c(11L, 40L), .Dimnames = list(NULL, c("Sampling", 
"PSO.cost", "PSO.gamma", "PSO.data.balancing", "PSO.feature.selection", 
"PSO.valid.acc", "PSO.test.acc", "PSO.train.time", "PSO.n.support.vectors", 
"PSO.index", "PSO.n.solutions", "PSO.generations", "PSO.n.evaluations", 
"PSO.cpu.time", "RS.cost", "RS.gamma", "RS.data.balancing", "RS.feature.selection", 
"RS.valid.acc", "RS.test.acc", "RS.train.time", "RS.n.support.vectors", 
"RS.index", "RS.n.solutions", "RS.generations", "RS.n.evaluations", 
"RS.cpu.time", "DF.cost", "DF.gamma", "DF.data.balancing", "DF.feature.selection", 
"DF.valid.acc", "DF.test.acc", "DF.train.time", "DF.n.support.vectors", 
"DF.index", "DF.n.solutions", "DF.generations", "DF.n.evaluations", 
"DF.cpu.time")))
