full <-
structure(c(50, 55, 60, 65, 70, 75, 80, 85, 90, 95, 100, 3.00468, 
0.41741, 0.24695, 3.00283, 2.08815, -1.53759, 11.17305, 0.52628, 
0.6505, 1.2944, 0.95401, -4.02246, -4.08961, -4.41718, -9.74455, 
-9.07973, -12.42792, -3.74559, -6.90833, -14.5532, -8.50785, 
-7.46, 0, 0, 0, 0, 0, 0, 0, 0, 0, 0, 0, 0, 0, 0, 0, 0, 0, 0, 
0, 0, 0, 0, 0.25208, 0.2584, 0.26171, 0.25697, 0.24575, 0.24268, 
0.24005, 0.24351, 0.23668, 0.23371, 0.24203, 0.254, 0.25658, 
0.25663, 0.24769, 0.24151, 0.24268, 0.23626, 0.23886, 0.23668, 
0.23371, 0.23803, 0.2341, 0.2852, 0.3179, 0.348, 0.3904, 0.4423, 
0.5751, 0.5669, 0.6295, 0.7148, 0.7711, 400, 440, 480, 516, 557.2, 
596.6, 640, 679.1, 715.5, 757.5, 798.2, 499, 2220, 397, 801, 
91, 7, 377, 361, 2, 2, 565, 167, 1, 51, 60, 86, 1918, 188, 73, 
2027, 1797, 68, 100, 100, 100, 100, 100, 100, 100, 100, 100, 
100, 100, 2500, 2500, 2500, 2500, 2500, 2500, 2500, 2500, 2500, 
2500, 2500, 12054.309, 13478.43, 14372.569, 15546.421, 17875.029, 
19642.745, 21416.328, 22947.173, 25041.79, 27843.817, 28979.239, 
11.47563, -0.02112, -0.03845, 4.32806, 3.98116, 0.25702, 7.87509, 
7.02331, 2.63004, 14.64755, 7.7216, -4.02258, -4.69275, -5.8874, 
-11.13264, -11.07666, -7.97746, -3.71107, -14.02016, 0.42874, 
-2.54965, -14.25473, 0, 0, 0, 0, 0, 0, 0, 0, 0, 0, 0, 0, 0, 0, 
0, 0, 0, 0, 0, 0, 0, 0, 0.25208, 0.25834, 0.26004, 0.25697, 0.24575, 
0.24268, 0.24005, 0.24234, 0.23668, 0.23371, 0.24201, 0.254, 
0.25837, 0.25832, 0.24618, 0.24151, 0.24268, 0.23751, 0.23769, 
0.23668, 0.23371, 0.23599, 0.2327, 0.2729, 0.3085, 0.3465, 0.3899, 
0.46, 0.5679, 0.582, 0.8883, 0.7991, 0.7899, 400, 440, 479.2, 
515.8, 556.3, 597.9, 640, 677.3, 720, 760, 796, 1116, 369, 1810, 
1099, 147, 1, 387, 347, 3, 2, 2267, 2, 5, 1, 2, 9, 1333, 6, 7, 
1332, 1323, 1, 100, 100, 100, 100, 100, 100, 100, 100, 100, 100, 
100, 2500, 2500, 2500, 2500, 2500, 2500, 2500, 2500, 2500, 2500, 
2500, 12804.798, 14747.603, 16017.58, 17554.112, 19558.534, 21604.144, 
23900.813, 26433.016, 28811.313, 31336.378, 33822.531, 1, 1, 
1, 1, 1, 1, 1, 1, 1, 1, 1, 0.025, 0.025, 0.025, 0.025, 0.025, 
0.025, 0.025, 0.025, 0.025, 0.025, 0.025, 0, 0, 0, 0, 0, 0, 0, 
0, 0, 0, 0, 0, 0, 0, 0, 0, 0, 0, 0, 0, 0, 0, 0.246, 0.25476, 
0.26004, 0.25231, 0.24146, 0.23603, 0.23504, 0.23884, 0.23226, 
0.23366, 0.23809, 0.24604, 0.25837, 0.25499, 0.25077, 0.23875, 
0.23739, 0.24129, 0.24356, 0.23337, 0.22741, 0.23809, 0.222, 
0.2762, 0.3123, 0.3548, 0.4126, 0.476, 0.5434, 0.6098, 0.6838, 
0.7528, 0.8289, 400, 439.6, 479.6, 519.5, 559.5, 599.9, 639.7, 
679.8, 719.8, 759.7, 799.7, 1, 1, 1, 1, 1, 1, 1, 1, 1, 1, 1, 
1, 1, 1, 1, 1, 1, 1, 1, 1, 1, 1, 1, 1, 1, 1, 1, 1, 1, 1, 1, 1, 
1, 1, 1, 1, 1, 1, 1, 1, 1, 1, 1, 1, 4.552, 5.315, 5.539, 5.944, 
6.674, 7.405, 8.171, 8.817, 9.795, 10.449, 11.258), .Dim = c(11L, 
40L), .Dimnames = list(NULL, c("Sampling", "PSO.cost", "PSO.gamma", 
"PSO.data.balancing", "PSO.feature.selection", "PSO.valid.acc", 
"PSO.test.acc", "PSO.train.time", "PSO.n.support.vectors", "PSO.index", 
"PSO.n.solutions", "PSO.generations", "PSO.n.evaluations", "PSO.cpu.time", 
"RS.cost", "RS.gamma", "RS.data.balancing", "RS.feature.selection", 
"RS.valid.acc", "RS.test.acc", "RS.train.time", "RS.n.support.vectors", 
"RS.index", "RS.n.solutions", "RS.generations", "RS.n.evaluations", 
"RS.cpu.time", "DF.cost", "DF.gamma", "DF.data.balancing", "DF.feature.selection", 
"DF.valid.acc", "DF.test.acc", "DF.train.time", "DF.n.support.vectors", 
"DF.index", "DF.n.solutions", "DF.generations", "DF.n.evaluations", 
"DF.cpu.time")))
