full <-
structure(c(50, 55, 60, 65, 70, 75, 80, 85, 90, 95, 100, -0.11299, 
-0.02396, 7.76059, 0.45135, 4.34209, 9.24931, -0.10812, -0.02726, 
2.66668, 10.87825, 8.11886, -6.09989, -4.59691, 1.05022, -3.89821, 
-3.90743, -4.0903, -5.05947, -5.61599, -9.0052, -4.00992, -14.95533, 
0, 0, 0, 0, 0, 0, 0, 0, 0, 0, 0, 0, 0, 0, 0, 0, 0, 0, 0, 0, 0, 
0, 0.23593, 0.23819, 0.24173, 0.24156, 0.23719, 0.23332, 0.23372, 
0.23416, 0.23777, 0.2328, 0.241, 0.23394, 0.23628, 0.24173, 0.23235, 
0.23149, 0.22672, 0.22874, 0.22478, 0.2288, 0.22869, 0.23702, 
0.2181, 0.2694, 0.3534, 0.3689, 0.4476, 0.4971, 0.5238, 0.5813, 
0.6449, 0.7579, 0.7812, 399.8, 440, 480, 520, 560, 600, 640, 
679.7, 718.1, 760, 796, 330, 1555, 3, 2453, 1078, 850, 951, 699, 
2065, 1464, 9, 94, 25, 1902, 1, 51, 38, 83, 82, 8, 62, 81, 100, 
100, 100, 100, 100, 100, 100, 100, 100, 100, 100, 2500, 2500, 
2500, 2500, 2500, 2500, 2500, 2500, 2500, 2500, 2500, 12659.415, 
14038.789, 16065.547, 16873.627, 18733.305, 20163.638, 21346.133, 
23069.088, 26572.924, 28288.477, 30399.462, 5.85506, -0.12328, 
-0.09243, 0.75472, 6.36829, 5.11803, 7.69382, 10.91408, 4.95019, 
5.71597, 4.07519, -13.27429, -4.65412, -4.98876, -3.82436, -3.90565, 
-12.46463, -14.50322, -3.78745, -4.08998, -12.87353, -11.23876, 
0, 0, 0, 0, 0, 0, 0, 0, 0, 0, 0, 0, 0, 0, 0, 0, 0, 0, 0, 0, 0, 
0, 0.23593, 0.23641, 0.24184, 0.24002, 0.23719, 0.23202, 0.23002, 
0.23296, 0.23556, 0.23272, 0.24002, 0.23201, 0.23634, 0.24173, 
0.23235, 0.23149, 0.23069, 0.22625, 0.22712, 0.22222, 0.22954, 
0.23901, 0.2083, 0.2745, 0.3233, 0.3854, 0.4512, 0.4508, 0.4991, 
0.6308, 0.7078, 0.6911, 0.764, 397.3, 440, 480, 520, 560, 597.5, 
637.2, 680, 720, 756.6, 796.4, 52, 1240, 146, 176, 99, 220, 15, 
1017, 12, 727, 512, 14, 1, 1, 3, 2, 5, 5, 1, 1, 1, 1, 100, 100, 
100, 100, 100, 100, 100, 100, 100, 100, 100, 2500, 2500, 2500, 
2500, 2500, 2500, 2500, 2500, 2500, 2500, 2500, 13528.11, 15238.957, 
16728.829, 18440.179, 19913.267, 22134.604, 24183.596, 26712.059, 
29660.313, 31038.44, 33485.389, 1, 1, 1, 1, 1, 1, 1, 1, 1, 1, 
1, 0.025, 0.025, 0.025, 0.025, 0.025, 0.025, 0.025, 0.025, 0.025, 
0.025, 0.025, 0, 0, 0, 0, 0, 0, 0, 0, 0, 0, 0, 0, 0, 0, 0, 0, 
0, 0, 0, 0, 0, 0, 0.23186, 0.23098, 0.23851, 0.23692, 0.22584, 
0.224, 0.22872, 0.22949, 0.22769, 0.23172, 0.23005, 0.23393, 
0.23452, 0.24165, 0.23233, 0.22739, 0.22004, 0.22371, 0.22478, 
0.22664, 0.22542, 0.23301, 0.2237, 0.2748, 0.3241, 0.3745, 0.4084, 
0.4867, 0.5283, 0.5907, 0.6566, 0.7302, 0.8068, 400, 440, 480, 
520, 559.9, 599.6, 639.9, 679.8, 719.6, 759.8, 799.6, 1, 1, 1, 
1, 1, 1, 1, 1, 1, 1, 1, 1, 1, 1, 1, 1, 1, 1, 1, 1, 1, 1, 1, 1, 
1, 1, 1, 1, 1, 1, 1, 1, 1, 1, 1, 1, 1, 1, 1, 1, 1, 1, 1, 1, 4.9, 
5.555, 6.091, 6.652, 6.732, 7.808, 8.119, 8.758, 9.724, 10.397, 
11.373), .Dim = c(11L, 40L), .Dimnames = list(NULL, c("Sampling", 
"PSO.cost", "PSO.gamma", "PSO.data.balancing", "PSO.feature.selection", 
"PSO.valid.acc", "PSO.test.acc", "PSO.train.time", "PSO.n.support.vectors", 
"PSO.index", "PSO.n.solutions", "PSO.generations", "PSO.n.evaluations", 
"PSO.cpu.time", "RS.cost", "RS.gamma", "RS.data.balancing", "RS.feature.selection", 
"RS.valid.acc", "RS.test.acc", "RS.train.time", "RS.n.support.vectors", 
"RS.index", "RS.n.solutions", "RS.generations", "RS.n.evaluations", 
"RS.cpu.time", "DF.cost", "DF.gamma", "DF.data.balancing", "DF.feature.selection", 
"DF.valid.acc", "DF.test.acc", "DF.train.time", "DF.n.support.vectors", 
"DF.index", "DF.n.solutions", "DF.generations", "DF.n.evaluations", 
"DF.cpu.time")))
