full <-
structure(c(50, 55, 60, 65, 70, 75, 80, 85, 90, 95, 100, -0.01192, 
1, 0.27415, 2.60619, 2.10654, 2.92034, 4.94296, 5.1193, 8.85689, 
10.27635, -0.18593, -6.13785, 0.025, -4.91452, -9.29701, -9.32131, 
-9.60488, -11.78003, -3.07469, -0.06636, 0.711, -5.92316, 0, 
0, 0, 0, 0, 0, 0, 0, 0, 0, 0, 0, 0, 0, 0, 0, 0, 0, 0, 0, 0, 0, 
0.25206, 0.24362, 0.24824, 0.24011, 0.2457, 0.24269, 0.24002, 
0.2424, 0.24113, 0.23999, 0.24103, 0.25002, 0.24365, 0.22991, 
0.23384, 0.2386, 0.23736, 0.23876, 0.2424, 0.24113, 0.23999, 
0.23802, 0.2216, 0.2769, 0.3277, 0.3519, 0.3946, 0.4577, 0.5185, 
0.6564, 0.8005, 0.906, 0.7853, 400, 440, 480, 519.1, 558, 597.8, 
635.8, 680, 720, 760, 799, 1143, 1, 1864, 1536, 623, 966, 217, 
4, 5, 2, 1377, 19, 1, 11, 9, 46, 19, 62, 2073, 1948, 2369, 51, 
100, 100, 100, 100, 100, 100, 100, 100, 100, 100, 100, 2500, 
2500, 2500, 2500, 2500, 2500, 2500, 2500, 2500, 2500, 2500, 12902.639, 
14453.024, 15914.322, 16849.389, 18210.404, 19710.931, 21154.552, 
24079.732, 26198.617, 28295.6690000001, 29389.066, -0.78319, 
0.15391, 0.3963, 1.20553, 1.56122, 8.18496, 1.54825, 2.20679, 
3.49033, 3.83454, 0.05645, 2.33603, -6.05093, -5.20385, -7.65773, 
-8.70846, -14.97668, -8.24482, -0.3542, -12.3175, -13.11992, 
-6.53249, 0, 0, 0, 0, 0, 0, 0, 0, 0, 0, 0, 0, 0, 0, 0, 0, 0, 
0, 0, 0, 0, 0, 0.25002, 0.24547, 0.24478, 0.24011, 0.2457, 0.24269, 
0.24126, 0.2424, 0.24113, 0.23999, 0.24103, 0.25002, 0.2454, 
0.22482, 0.23384, 0.2386, 0.23736, 0.24251, 0.2424, 0.24113, 
0.23999, 0.23903, 0.2382, 0.2687, 0.3165, 0.3437, 0.3939, 0.4508, 
0.5111, 0.6514, 0.6324, 0.7095, 0.8063, 400, 440, 480, 519.8, 
558.5, 597.1, 638, 680, 715.6, 757.8, 798.5, 3, 304, 154, 1483, 
14, 504, 676, 1, 1, 1, 1537, 1377, 1, 1, 1, 1, 1, 1, 1314, 1340, 
1379, 2, 100, 100, 100, 100, 100, 100, 100, 100, 100, 100, 100, 
2500, 2500, 2500, 2500, 2500, 2500, 2500, 2500, 2500, 2500, 2500, 
13652.552, 15095.568, 16627.928, 18158.205, 19926.721, 22037.286, 
24527.434, 26142.514, 29728.617, 31092.03, 34338.163, 1, 1, 1, 
1, 1, 1, 1, 1, 1, 1, 1, 0.025, 0.025, 0.025, 0.025, 0.025, 0.025, 
0.025, 0.025, 0.025, 0.025, 0.025, 0, 0, 0, 0, 0, 0, 0, 0, 0, 
0, 0, 0, 0, 0, 0, 0, 0, 0, 0, 0, 0, 0, 0.24602, 0.24362, 0.2399, 
0.23855, 0.23852, 0.23067, 0.23123, 0.23286, 0.23223, 0.2348, 
0.23703, 0.24806, 0.24365, 0.23486, 0.23697, 0.22989, 0.23069, 
0.23873, 0.23544, 0.23661, 0.23477, 0.23304, 0.2293, 0.2763, 
0.3138, 0.367, 0.4247, 0.4771, 0.5436, 0.5917, 0.6771, 0.7559, 
0.8326, 400, 440, 480, 520, 560, 600, 640, 679.8, 719.7, 759.8, 
799.5, 1, 1, 1, 1, 1, 1, 1, 1, 1, 1, 1, 1, 1, 1, 1, 1, 1, 1, 
1, 1, 1, 1, 1, 1, 1, 1, 1, 1, 1, 1, 1, 1, 1, 1, 1, 1, 1, 1, 1, 
1, 1, 1, 1, 1, 5.082, 5.429, 5.881, 6.361, 6.928, 7.584, 8.156, 
8.875, 9.747, 10.536, 11.427), .Dim = c(11L, 40L), .Dimnames = list(
    NULL, c("Sampling", "PSO.cost", "PSO.gamma", "PSO.data.balancing", 
    "PSO.feature.selection", "PSO.valid.acc", "PSO.test.acc", 
    "PSO.train.time", "PSO.n.support.vectors", "PSO.index", "PSO.n.solutions", 
    "PSO.generations", "PSO.n.evaluations", "PSO.cpu.time", "RS.cost", 
    "RS.gamma", "RS.data.balancing", "RS.feature.selection", 
    "RS.valid.acc", "RS.test.acc", "RS.train.time", "RS.n.support.vectors", 
    "RS.index", "RS.n.solutions", "RS.generations", "RS.n.evaluations", 
    "RS.cpu.time", "DF.cost", "DF.gamma", "DF.data.balancing", 
    "DF.feature.selection", "DF.valid.acc", "DF.test.acc", "DF.train.time", 
    "DF.n.support.vectors", "DF.index", "DF.n.solutions", "DF.generations", 
    "DF.n.evaluations", "DF.cpu.time")))
