full <-
structure(c(50, 55, 60, 65, 70, 75, 80, 85, 90, 95, 100, 6.6494, 
-0.17531, 0.10068, 1.7262, 6.57416, 0.1592, 0.99228, 6.32768, 
-0.30768, 13.80082, 4.14508, -13.81907, -4.83054, -5.286, -8.97219, 
-13.06373, -6.53496, -7.81984, -12.73234, -5.09982, -2.27423, 
-10.74703, 0, 0, 0, 0, 0, 0, 0, 0, 0, 0, 0, 0, 0, 0, 0, 0, 0, 
0, 0, 0, 0, 0, 0.23806, 0.23655, 0.24667, 0.24002, 0.23872, 0.23466, 
0.23877, 0.24014, 0.24113, 0.24002, 0.24101, 0.22205, 0.23285, 
0.23174, 0.23687, 0.2217, 0.23197, 0.23502, 0.22951, 0.23779, 
0.24002, 0.23699, 0.2114, 0.2741, 0.3256, 0.3481, 0.3923, 0.4464, 
0.4996, 0.5824, 0.6716, 0.8234, 0.8012, 397.6, 440, 479.8, 514.5, 
555, 598.6, 637.4, 674.7, 719.8, 760, 795.7, 674, 249, 967, 213, 
1943, 300, 1176, 1710, 61, 2, 2340, 50, 81, 49, 76, 9, 111, 3, 
9, 199, 2058, 2, 100, 100, 100, 100, 100, 100, 100, 100, 100, 
100, 100, 2500, 2500, 2500, 2500, 2500, 2500, 2500, 2500, 2500, 
2500, 2500, 12591.916, 14001.751, 15475.521, 15922.191, 18093.985, 
19430.569, 20446.143, 22750.498, 25172.573, 28665.542, 30119.071, 
5.22388, 0.30124, 6.72754, 0.6295, -0.14793, 3.049, -0.00137, 
6.47479, -0.30897, 2.41452, -0.0525, -12.38151, -3.95563, -13.88269, 
-7.48768, -5.32794, -10.38575, -6.12974, -12.85757, -4.85565, 
-1.39176, -4.60403, 0, 0, 0, 0, 0, 0, 0, 0, 0, 0, 0, 0, 0, 0, 
0, 0, 0, 0, 0, 0, 0, 0, 0.23806, 0.23655, 0.24336, 0.24002, 0.23864, 
0.23466, 0.2375, 0.23897, 0.24113, 0.24002, 0.24002, 0.22205, 
0.2347, 0.23841, 0.23533, 0.23445, 0.2333, 0.23255, 0.23183, 
0.23779, 0.24002, 0.23402, 0.2104, 0.2842, 0.2971, 0.3477, 0.4136, 
0.4371, 0.5356, 0.5848, 0.6882, 0.8238, 0.8484, 397.6, 440, 474.1, 
516.4, 559.9, 595.9, 639.1, 674.6, 719.9, 760, 800, 2410, 1561, 
2, 1249, 381, 304, 931, 232, 460, 6, 458, 1, 1, 15, 4, 1, 17, 
1, 2, 2, 1333, 4, 100, 100, 100, 100, 100, 100, 100, 100, 100, 
100, 100, 2500, 2500, 2500, 2500, 2500, 2500, 2500, 2500, 2500, 
2500, 2500, 13527.791, 15006.261, 16383.143, 18224.245, 19834.907, 
21785.999, 24321.389, 26202.901, 29211.149, 32214.841, 33743.509, 
1, 1, 1, 1, 1, 1, 1, 1, 1, 1, 1, 0.025, 0.025, 0.025, 0.025, 
0.025, 0.025, 0.025, 0.025, 0.025, 0.025, 0.025, 0, 0, 0, 0, 
0, 0, 0, 0, 0, 0, 0, 0, 0, 0, 0, 0, 0, 0, 0, 0, 0, 0, 0.22584, 
0.22356, 0.245, 0.23228, 0.23576, 0.22792, 0.22749, 0.23413, 
0.23337, 0.23367, 0.23401, 0.22009, 0.22746, 0.23344, 0.23533, 
0.23023, 0.23066, 0.235, 0.23064, 0.23565, 0.23895, 0.23601, 
0.2241, 0.2675, 0.3208, 0.3597, 0.4097, 0.4807, 0.5357, 0.5949, 
0.6888, 0.754, 0.838, 400, 439.9, 479.8, 519.6, 559.9, 599.4, 
639.6, 679.4, 719.5, 759.7, 799.8, 1, 1, 1, 1, 1, 1, 1, 1, 1, 
1, 1, 1, 1, 1, 1, 1, 1, 1, 1, 1, 1, 1, 1, 1, 1, 1, 1, 1, 1, 1, 
1, 1, 1, 1, 1, 1, 1, 1, 1, 1, 1, 1, 1, 1, 4.738, 5.441, 5.782, 
6.263, 6.72, 7.578, 8.228, 8.745, 10.012, 10.6, 11.358), .Dim = c(11L, 
40L), .Dimnames = list(NULL, c("Sampling", "PSO.cost", "PSO.gamma", 
"PSO.data.balancing", "PSO.feature.selection", "PSO.valid.acc", 
"PSO.test.acc", "PSO.train.time", "PSO.n.support.vectors", "PSO.index", 
"PSO.n.solutions", "PSO.generations", "PSO.n.evaluations", "PSO.cpu.time", 
"RS.cost", "RS.gamma", "RS.data.balancing", "RS.feature.selection", 
"RS.valid.acc", "RS.test.acc", "RS.train.time", "RS.n.support.vectors", 
"RS.index", "RS.n.solutions", "RS.generations", "RS.n.evaluations", 
"RS.cpu.time", "DF.cost", "DF.gamma", "DF.data.balancing", "DF.feature.selection", 
"DF.valid.acc", "DF.test.acc", "DF.train.time", "DF.n.support.vectors", 
"DF.index", "DF.n.solutions", "DF.generations", "DF.n.evaluations", 
"DF.cpu.time")))
