full <-
structure(c(50, 55, 60, 65, 70, 75, 80, 85, 90, 95, 100, 4.94378, 
3.68624, -0.23921, -0.94624, -0.04742, 1.6423, 0.0706, 8.03172, 
-0.33474, 8.6923, 0.2718, -4.06871, -4.00281, -6.1733, -2.10739, 
-4.45936, -8.34377, -5.59148, -4.07998, -6.21852, -13.7116, -8.02196, 
0, 0, 0, 0, 0, 0, 0, 0, 0, 0, 0, 0, 0, 0, 0, 0, 0, 0, 0, 0, 0, 
0, 0.24, 0.22544, 0.21351, 0.22617, 0.2228, 0.22667, 0.23251, 
0.25055, 0.24451, 0.24843, 0.24001, 0.23011, 0.21998, 0.21179, 
0.22617, 0.21572, 0.20793, 0.22748, 0.24237, 0.24341, 0.23898, 
0.24001, 0.2297, 0.2906, 0.2993, 0.38, 0.4285, 0.4567, 0.5177, 
0.6264, 0.6649, 0.7967, 0.7709, 400, 440, 479.6, 520, 560, 597.6, 
640, 680, 719.5, 755.9, 797.6, 984, 3, 190, 2, 653, 1497, 554, 
519, 705, 1667, 2, 76, 266, 84, 2028, 36, 14, 33, 223, 63, 19, 
2082, 100, 100, 100, 100, 100, 100, 100, 100, 100, 100, 100, 
2500, 2500, 2500, 2500, 2500, 2500, 2500, 2500, 2500, 2500, 2500, 
12694.297, 13999.709, 15302.907, 16870.193, 18089.039, 20197.928, 
21004.497, 22616.399, 24572.046, 28333.516, 29944.752, 0.63827, 
7.83487, -0.36176, -1.36425, 12.9195, 2.79413, 0.0277, 9.44827, 
-0.45355, 8.75235, -0.03313, -4.11632, -4.0276, -5.77118, -1.84622, 
-2.71613, -9.61721, -5.37079, -4.0788, -4.75811, -13.75311, 0.47672, 
0, 0, 0, 0, 0, 0, 0, 0, 0, 0, 0, 0, 0, 0, 0, 0, 0, 0, 0, 0, 0, 
0, 0.238, 0.22544, 0.21515, 0.22617, 0.22143, 0.22665, 0.23128, 
0.25055, 0.24451, 0.24737, 0.24001, 0.22603, 0.21813, 0.21179, 
0.22617, 0.22143, 0.21063, 0.22745, 0.24237, 0.24341, 0.23898, 
0.24001, 0.2372, 0.2907, 0.3021, 0.3809, 0.4445, 0.4472, 0.5377, 
0.6211, 0.673, 0.7993, 0.9706, 400, 440, 479.8, 520, 560, 597.1, 
640, 680, 720, 755.9, 800, 1751, 359, 1346, 6, 1, 702, 1278, 
1442, 900, 212, 2, 1, 5, 1, 1277, 1303, 1, 2, 2, 1, 1, 1329, 
100, 100, 100, 100, 100, 100, 100, 100, 100, 100, 100, 2500, 
2500, 2500, 2500, 2500, 2500, 2500, 2500, 2500, 2500, 2500, 13512.349, 
15028.503, 16550.238, 18162.359, 20237.164, 22168.067, 24057.369, 
26343.578, 29232.637, 31748.854, 34787.384, 1, 1, 1, 1, 1, 1, 
1, 1, 1, 1, 1, 0.025, 0.025, 0.025, 0.025, 0.025, 0.025, 0.025, 
0.025, 0.025, 0.025, 0.025, 0, 0, 0, 0, 0, 0, 0, 0, 0, 0, 0, 
0, 0, 0, 0, 0, 0, 0, 0, 0, 0, 0, 0.22402, 0.21638, 0.19871, 0.21679, 
0.21419, 0.21463, 0.22878, 0.23304, 0.23572, 0.23681, 0.23703, 
0.21991, 0.21459, 0.20354, 0.21516, 0.21429, 0.21074, 0.22745, 
0.23895, 0.23901, 0.23793, 0.23699, 0.2356, 0.2644, 0.3114, 0.3621, 
0.4063, 0.4757, 0.5326, 0.6103, 0.6842, 0.7501, 0.8411, 399.9, 
440, 480, 519.9, 560, 599.9, 640, 679.8, 720, 759.5, 799.4, 1, 
1, 1, 1, 1, 1, 1, 1, 1, 1, 1, 1, 1, 1, 1, 1, 1, 1, 1, 1, 1, 1, 
1, 1, 1, 1, 1, 1, 1, 1, 1, 1, 1, 1, 1, 1, 1, 1, 1, 1, 1, 1, 1, 
1, 5.147, 5.341, 5.825, 6.364, 6.662, 7.455, 8.191, 8.964, 9.738, 
10.52, 11.685), .Dim = c(11L, 40L), .Dimnames = list(NULL, c("Sampling", 
"PSO.cost", "PSO.gamma", "PSO.data.balancing", "PSO.feature.selection", 
"PSO.valid.acc", "PSO.test.acc", "PSO.train.time", "PSO.n.support.vectors", 
"PSO.index", "PSO.n.solutions", "PSO.generations", "PSO.n.evaluations", 
"PSO.cpu.time", "RS.cost", "RS.gamma", "RS.data.balancing", "RS.feature.selection", 
"RS.valid.acc", "RS.test.acc", "RS.train.time", "RS.n.support.vectors", 
"RS.index", "RS.n.solutions", "RS.generations", "RS.n.evaluations", 
"RS.cpu.time", "DF.cost", "DF.gamma", "DF.data.balancing", "DF.feature.selection", 
"DF.valid.acc", "DF.test.acc", "DF.train.time", "DF.n.support.vectors", 
"DF.index", "DF.n.solutions", "DF.generations", "DF.n.evaluations", 
"DF.cpu.time")))
