full <-
structure(c(50, 55, 60, 65, 70, 75, 80, 85, 90, 95, 100, -0.07706, 
0.57452, 5.27697, 7.59641, 1.48913, 9.45275, 0.58184, 0.17548, 
-1.48112, -0.13274, 4.104, -4.52236, -7.38498, -4.07193, -3.95095, 
-4.02599, -1.65173, -1.42223, -5.56483, -7.0023, -6.4773, -4.17971, 
0, 0, 0, 0, 0, 0, 0, 0, 0, 0, 0, 0, 0, 0, 0, 0, 0, 0, 0, 0, 0, 
0, 0.23399, 0.24006, 0.24178, 0.2431, 0.23578, 0.23871, 0.23881, 
0.23998, 0.23113, 0.23584, 0.24111, 0.22595, 0.23633, 0.2318, 
0.24928, 0.22725, 0.23871, 0.23881, 0.23061, 0.23113, 0.23373, 
0.23102, 0.2264, 0.2543, 0.3271, 0.3794, 0.4277, 0.5257, 0.5735, 
0.6209, 0.646, 0.7161, 0.8482, 400, 438.2, 480, 520, 560, 600, 
640, 680, 718.7, 758.8, 800, 853, 142, 195, 393, 1533, 3, 2, 
2494, 2, 391, 1342, 38, 79, 91, 129, 5, 1865, 2067, 1, 2058, 
90, 36, 100, 100, 100, 100, 100, 100, 100, 100, 100, 100, 100, 
2500, 2500, 2500, 2500, 2500, 2500, 2500, 2500, 2500, 2500, 2500, 
12265.199, 13624.096, 14989.284, 16668.912, 18583.372, 20399.836, 
21769.472, 23625.192, 25555.165, 27193.933, 30052.139, 10.30197, 
4.02898, 2.26208, 2.52286, 1.23731, 3.10339, -0.13597, 0.43637, 
6.43501, 4.54813, 4.02386, -3.97242, -11.26843, -3.77726, -9.4336, 
-4.01612, 1.93471, -1.80414, -6.53607, 2.07948, -11.7824, -4.18957, 
0, 0, 0, 0, 0, 0, 0, 0, 0, 0, 0, 0, 0, 0, 0, 0, 0, 0, 0, 0, 0, 
0, 0.23199, 0.24185, 0.24172, 0.2431, 0.23578, 0.23871, 0.23881, 
0.23765, 0.23113, 0.23584, 0.24011, 0.22803, 0.23633, 0.24008, 
0.23372, 0.2287, 0.23871, 0.23881, 0.2341, 0.23113, 0.23163, 
0.23102, 0.2326, 0.2514, 0.3274, 0.3415, 0.4364, 0.5136, 0.5529, 
0.6009, 0.7025, 0.7063, 0.8461, 400, 437.3, 480, 517.2, 560, 
600, 640, 679.2, 720, 757.2, 800, 70, 1997, 251, 75, 142, 2, 
5, 1522, 2, 599, 447, 8, 3, 16, 19, 1, 1342, 1328, 1, 1327, 8, 
1, 100, 100, 100, 100, 100, 100, 100, 100, 100, 100, 100, 2500, 
2500, 2500, 2500, 2500, 2500, 2500, 2500, 2500, 2500, 2500, 13014.13, 
14679.816, 16349.725, 18425.09, 20169.055, 22128.241, 24265.88, 
27090.819, 29038.629, 31791.928, 34322.28, 1, 1, 1, 1, 1, 1, 
1, 1, 1, 1, 1, 0.025, 0.025, 0.025, 0.025, 0.025, 0.025, 0.025, 
0.025, 0.025, 0.025, 0.025, 0, 0, 0, 0, 0, 0, 0, 0, 0, 0, 0, 
0, 0, 0, 0, 0, 0, 0, 0, 0, 0, 0, 0.22182, 0.23087, 0.23014, 0.23683, 
0.22862, 0.22939, 0.23509, 0.23411, 0.22556, 0.23275, 0.23302, 
0.2199, 0.23448, 0.22177, 0.23372, 0.23447, 0.23336, 0.23764, 
0.23295, 0.22569, 0.22957, 0.23807, 0.2245, 0.2684, 0.3137, 0.3719, 
0.425, 0.4665, 0.5524, 0.6149, 0.6604, 0.7377, 0.8046, 400, 439.8, 
479.9, 519.7, 559.8, 599.7, 639.9, 680, 719.7, 759.5, 799.5, 
1, 1, 1, 1, 1, 1, 1, 1, 1, 1, 1, 1, 1, 1, 1, 1, 1, 1, 1, 1, 1, 
1, 1, 1, 1, 1, 1, 1, 1, 1, 1, 1, 1, 1, 1, 1, 1, 1, 1, 1, 1, 1, 
1, 1, 4.802, 5.263, 5.759, 6.522, 7.067, 7.283, 8.443, 9.082, 
9.427, 10.359, 11.132), .Dim = c(11L, 40L), .Dimnames = list(
    NULL, c("Sampling", "PSO.cost", "PSO.gamma", "PSO.data.balancing", 
    "PSO.feature.selection", "PSO.valid.acc", "PSO.test.acc", 
    "PSO.train.time", "PSO.n.support.vectors", "PSO.index", "PSO.n.solutions", 
    "PSO.generations", "PSO.n.evaluations", "PSO.cpu.time", "RS.cost", 
    "RS.gamma", "RS.data.balancing", "RS.feature.selection", 
    "RS.valid.acc", "RS.test.acc", "RS.train.time", "RS.n.support.vectors", 
    "RS.index", "RS.n.solutions", "RS.generations", "RS.n.evaluations", 
    "RS.cpu.time", "DF.cost", "DF.gamma", "DF.data.balancing", 
    "DF.feature.selection", "DF.valid.acc", "DF.test.acc", "DF.train.time", 
    "DF.n.support.vectors", "DF.index", "DF.n.solutions", "DF.generations", 
    "DF.n.evaluations", "DF.cpu.time")))
