full <-
structure(c(50, 55, 60, 65, 70, 75, 80, 85, 90, 95, 100, 5.81623, 
-0.1768, 0.62896, 0.6593, 0.04123, 0.16495, 1.72363, 12.27452, 
1.47945, 2.21906, 13.91364, -4.06028, -5.69235, -4.57928, -4.67179, 
-5.86475, -6.03833, -8.52379, -4.09716, -10.11749, -3.95201, 
1.60433, 0, 0, 0, 0, 0, 0, 0, 0, 0, 0, 0, 0, 0, 0, 0, 0, 0, 0, 
0, 0, 0, 0, 0.26212, 0.25645, 0.26512, 0.26643, 0.25008, 0.25465, 
0.25127, 0.25288, 0.24, 0.23998, 0.24003, 0.26008, 0.25453, 0.24684, 
0.25543, 0.24594, 0.24928, 0.24755, 0.24227, 0.24, 0.23467, 0.24003, 
0.2409, 0.2686, 0.3273, 0.3806, 0.4262, 0.4609, 0.5078, 0.6201, 
0.641, 0.7763, 0.8644, 400, 439.5, 480, 520, 559.9, 599.4, 637.9, 
680, 717.6, 760, 800, 828, 2055, 2488, 874, 1160, 1836, 834, 
492, 2, 553, 2, 22, 1, 1, 14, 25, 11, 28, 216, 2035, 46, 2168, 
100, 100, 100, 100, 100, 100, 100, 100, 100, 100, 100, 2500, 
2500, 2500, 2500, 2500, 2500, 2500, 2500, 2500, 2500, 2500, 13255.324, 
14636.111, 15573.2, 16429.349, 18371.346, 20250.373, 22028.067, 
23911.745, 26424.595, 28402.791, 30474.352, 3.55878, 0.05957, 
5.695, 0.95546, -0.30354, 0.18381, 1.7464, 14.87291, 0.23766, 
7.21333, 4.67869, -10.91646, -4.82526, -4.4488, -8.10203, -4.7934, 
-6.01405, -8.48487, -4.09799, -4.13545, -3.99249, -10.85486, 
0, 0, 0, 0, 0, 0, 0, 0, 0, 0, 0, 0, 0, 0, 0, 0, 0, 0, 0, 0, 0, 
0, 0.26212, 0.25827, 0.26012, 0.26004, 0.25002, 0.25197, 0.25127, 
0.25288, 0.24115, 0.23895, 0.24202, 0.26216, 0.25089, 0.24692, 
0.25694, 0.2472, 0.24928, 0.24755, 0.24227, 0.23997, 0.23257, 
0.22595, 0.2077, 0.2764, 0.3288, 0.3484, 0.4327, 0.4618, 0.5195, 
0.6343, 0.6828, 0.7639, 0.8012, 395.6, 440, 480, 516.8, 560, 
599.4, 637.9, 680, 720, 760, 796.8, 796, 1759, 58, 115, 141, 
2015, 376, 875, 2277, 2083, 2243, 1, 1, 7, 1, 1, 1, 14, 1, 1, 
19, 1, 100, 100, 100, 100, 100, 100, 100, 100, 100, 100, 100, 
2500, 2500, 2500, 2500, 2500, 2500, 2500, 2500, 2500, 2500, 2500, 
13646.11, 15392.716, 16561.255, 18196.01, 20592.876, 22094.25, 
24572.47, 26434.522, 28657.096, 31363.195, 34445.741, 1, 1, 1, 
1, 1, 1, 1, 1, 1, 1, 1, 0.025, 0.025, 0.025, 0.025, 0.025, 0.025, 
0.025, 0.025, 0.025, 0.025, 0.025, 0, 0, 0, 0, 0, 0, 0, 0, 0, 
0, 0, 0, 0, 0, 0, 0, 0, 0, 0, 0, 0, 0, 0.25219, 0.25284, 0.25328, 
0.2539, 0.24718, 0.25063, 0.24384, 0.2436, 0.23335, 0.23367, 
0.23801, 0.24835, 0.24722, 0.25345, 0.25696, 0.24588, 0.25063, 
0.24749, 0.23895, 0.23663, 0.23372, 0.235, 0.2224, 0.2782, 0.3113, 
0.356, 0.4277, 0.4714, 0.5305, 0.6069, 0.6596, 0.7306, 0.8352, 
399.9, 440, 479.9, 520, 560, 599.7, 640, 680, 719.9, 759.8, 799.5, 
1, 1, 1, 1, 1, 1, 1, 1, 1, 1, 1, 1, 1, 1, 1, 1, 1, 1, 1, 1, 1, 
1, 1, 1, 1, 1, 1, 1, 1, 1, 1, 1, 1, 1, 1, 1, 1, 1, 1, 1, 1, 1, 
1, 1, 4.847, 5.658, 5.814, 6.198, 7.201, 7.523, 8.137, 8.999, 
9.77, 10.136, 11.402), .Dim = c(11L, 40L), .Dimnames = list(NULL, 
    c("Sampling", "PSO.cost", "PSO.gamma", "PSO.data.balancing", 
    "PSO.feature.selection", "PSO.valid.acc", "PSO.test.acc", 
    "PSO.train.time", "PSO.n.support.vectors", "PSO.index", "PSO.n.solutions", 
    "PSO.generations", "PSO.n.evaluations", "PSO.cpu.time", "RS.cost", 
    "RS.gamma", "RS.data.balancing", "RS.feature.selection", 
    "RS.valid.acc", "RS.test.acc", "RS.train.time", "RS.n.support.vectors", 
    "RS.index", "RS.n.solutions", "RS.generations", "RS.n.evaluations", 
    "RS.cpu.time", "DF.cost", "DF.gamma", "DF.data.balancing", 
    "DF.feature.selection", "DF.valid.acc", "DF.test.acc", "DF.train.time", 
    "DF.n.support.vectors", "DF.index", "DF.n.solutions", "DF.generations", 
    "DF.n.evaluations", "DF.cpu.time")))
