full <-
structure(c(50, 55, 60, 65, 70, 75, 80, 85, 90, 95, 100, 10.44388, 
7.06162, 12.70599, 15, 7.49305, 9.87229, 14.66716, 14.51315, 
10.96764, 14.46326, 14.99694, -6.90523, -5.45422, -8.41106, -9.76562, 
-5.64148, -7.68146, -10.09667, -8.50848, -7.98842, -8.47202, 
-8.51572, 0, 0, 0, 0, 0, 0, 0, 0, 0, 0, 0, 0, 0, 0, 0, 0, 0, 
0, 0, 0, 0, 0, 0.96302, 0.96469, 0.96886, 0.96613, 0.96537, 0.96793, 
0.97016, 0.9693, 0.96936, 0.96941, 0.97003, 0.96043, 0.96234, 
0.96361, 0.96441, 0.9659, 0.96644, 0.96924, 0.96843, 0.9671, 
0.96863, 0.96893, 0.3751, 0.3743, 0.5937, 0.8776, 0.5575, 0.6451, 
1.2227, 1.4997, 1.0202, 1.9499, 2.6096, 206.1, 234, 227.5, 243.8, 
275.6, 281.9, 283.8, 280.4, 311.1, 299.9, 320.1, 1268, 999, 1335, 
1178, 694, 2104, 362, 1200, 928, 648, 967, 65, 203, 5, 43, 343, 
2, 105, 15, 226, 301, 160, 100, 100, 100, 100, 100, 100, 100, 
100, 100, 100, 100, 2500, 2500, 2500, 2500, 2500, 2500, 2500, 
2500, 2500, 2500, 2500, 17937.081, 18336.879, 23117.401, 27654.847, 
23605.385, 27426.027, 42053.329, 46160.167, 39432.283, 59515.569, 
77429.566, 10.36763, 6.51525, 12.18851, 14.3752, 7.31996, 11.37958, 
10.47354, 13.37383, 10.93773, 14.36487, 14.72928, -6.80034, -5.20645, 
-8.25864, -9.40736, -5.46232, -7.73771, -4.66014, -8.3784, -7.98147, 
-8.44863, -8.19491, 0, 0, 0, 0, 0, 0, 0, 0, 0, 0, 0, 0, 0, 0, 
0, 0, 0, 0, 0, 0, 0, 0, 0.96265, 0.96436, 0.96855, 0.96584, 0.96511, 
0.96743, 0.96993, 0.96886, 0.96936, 0.96921, 0.96966, 0.95932, 
0.96066, 0.96392, 0.96441, 0.96616, 0.96768, 0.96669, 0.96864, 
0.9671, 0.96882, 0.96929, 0.3717, 0.375, 0.555, 0.8106, 0.5536, 
0.7266, 0.9777, 1.2055, 1.1735, 1.9142, 2.4528, 206.4, 238.9, 
229.9, 245.6, 278, 270.3, 282.6, 288.2, 311.7, 300.2, 317.5, 
2040, 355, 270, 1522, 425, 2267, 1002, 2278, 571, 2010, 781, 
1, 1, 1, 1, 1, 2, 2, 2, 1, 2, 1, 100, 100, 100, 100, 100, 100, 
100, 100, 100, 100, 100, 2500, 2500, 2500, 2500, 2500, 2500, 
2500, 2500, 2500, 2500, 2500, 20885.242, 24674.259, 25526.269, 
27757.169, 31294.721, 34897.37, 42859.578, 44798.646, 56135.415, 
62109.566, 67509.627, 1, 1, 1, 1, 1, 1, 1, 1, 1, 1, 1, 0.1, 0.1, 
0.1, 0.1, 0.1, 0.1, 0.1, 0.1, 0.1, 0.1, 0.1, 0, 0, 0, 0, 0, 0, 
0, 0, 0, 0, 0, 0, 0, 0, 0, 0, 0, 0, 0, 0, 0, 0, 0.94932, 0.95292, 
0.95683, 0.9553, 0.95612, 0.9578, 0.95882, 0.95972, 0.95949, 
0.96103, 0.96004, 0.95081, 0.95157, 0.9559, 0.95445, 0.95585, 
0.95706, 0.95905, 0.96059, 0.9597, 0.96064, 0.95967, 0.3389, 
0.4229, 0.4557, 0.5255, 0.6003, 0.6692, 0.7783, 0.9147, 1.2241, 
1.3582, 1.4331, 301.6, 322.3, 343.1, 368.7, 388.4, 408.7, 428.8, 
446.3, 458.6, 475.3, 498.1, 1, 1, 1, 1, 1, 1, 1, 1, 1, 1, 1, 
1, 1, 1, 1, 1, 1, 1, 1, 1, 1, 1, 1, 1, 1, 1, 1, 1, 1, 1, 1, 1, 
1, 1, 1, 1, 1, 1, 1, 1, 1, 1, 1, 1, 6.422, 8.451, 7.716, 8.423, 
9.398, 10.149, 12.153, 13.594, 17.42, 19.188, 20.234), .Dim = c(11L, 
40L), .Dimnames = list(NULL, c("Sampling", "PSO.cost", "PSO.gamma", 
"PSO.data.balancing", "PSO.feature.selection", "PSO.valid.acc", 
"PSO.test.acc", "PSO.train.time", "PSO.n.support.vectors", "PSO.index", 
"PSO.n.solutions", "PSO.generations", "PSO.n.evaluations", "PSO.cpu.time", 
"RS.cost", "RS.gamma", "RS.data.balancing", "RS.feature.selection", 
"RS.valid.acc", "RS.test.acc", "RS.train.time", "RS.n.support.vectors", 
"RS.index", "RS.n.solutions", "RS.generations", "RS.n.evaluations", 
"RS.cpu.time", "DF.cost", "DF.gamma", "DF.data.balancing", "DF.feature.selection", 
"DF.valid.acc", "DF.test.acc", "DF.train.time", "DF.n.support.vectors", 
"DF.index", "DF.n.solutions", "DF.generations", "DF.n.evaluations", 
"DF.cpu.time")))
