full <-
structure(c(50, 55, 60, 65, 70, 75, 80, 85, 90, 95, 100, 14.98907, 
15, 14.39959, 14.98207, 13.08953, 14.49986, 15, 11.66672, 10.63184, 
14.14667, 15, -11.27721, -10.46681, -9.86299, -10.02535, -9.86266, 
-9.55664, -9.3035, -8.22723, -6.8779, -7.92812, -8.61201, 0, 
0, 0, 0, 0, 0, 0, 0, 0, 0, 0, 0, 0, 0, 0, 0, 0, 0, 0, 0, 0, 0, 
0.96967, 0.97107, 0.97009, 0.97153, 0.97225, 0.97262, 0.9711, 
0.9741, 0.97018, 0.97194, 0.97021, 0.96598, 0.97005, 0.96917, 
0.97039, 0.97225, 0.97113, 0.97018, 0.9717, 0.96977, 0.97077, 
0.96873, 0.426, 0.5443, 0.6238, 0.8209, 0.652, 0.9841, 1.2758, 
0.8931, 0.9965, 1.7106, 2.1821, 185, 187.2, 206.3, 215.7, 236.1, 
235.4, 245.3, 268.2, 292.1, 301, 319.6, 1071, 92, 1368, 1427, 
467, 338, 407, 432, 1131, 445, 2316, 3, 97, 15, 7, 251, 231, 
26, 249, 24, 156, 19, 100, 100, 100, 100, 100, 100, 100, 100, 
100, 100, 100, 2500, 2500, 2500, 2500, 2500, 2500, 2500, 2500, 
2500, 2500, 2500, 19009.144, 20683.383, 24415.862, 28951.193, 
26225.557, 34127.792, 36824.784, 33308.535, 41375.023, 50629.649, 
61159.029, 12.17104, 14.85012, 14.32989, 14.95335, 13.15388, 
14.17633, 13.7854, 11.67232, 7.73527, 13.35077, 14.42842, -9.37451, 
-10.39536, -9.81259, -10.17922, -9.74633, -10.20277, -10.85256, 
-8.24684, -5.48471, -7.69095, -8.27575, 0, 0, 0, 0, 0, 0, 0, 
0, 0, 0, 0, 0, 0, 0, 0, 0, 0, 0, 0, 0, 0, 0, 0.96894, 0.97073, 
0.96978, 0.97068, 0.97198, 0.97237, 0.9711, 0.9741, 0.96977, 
0.97135, 0.96966, 0.96709, 0.97005, 0.96917, 0.97068, 0.97198, 
0.97114, 0.96902, 0.9717, 0.96936, 0.97057, 0.96836, 0.3529, 
0.5348, 0.613, 0.7569, 0.6972, 0.8535, 0.8582, 0.8916, 0.8305, 
1.5095, 1.876, 183.8, 187.1, 206.3, 217, 234.5, 244.3, 273.4, 
268.6, 308.1, 303.9, 319.4, 1713, 425, 207, 737, 2467, 431, 1403, 
72, 1252, 2036, 2046, 1, 5, 1, 2, 1, 2, 1, 2, 2, 1, 2, 100, 100, 
100, 100, 100, 100, 100, 100, 100, 100, 100, 2500, 2500, 2500, 
2500, 2500, 2500, 2500, 2500, 2500, 2500, 2500, 20126.793, 22613.382, 
27593.546, 28525.792, 33066.038, 38392.539, 42509.977, 44485.834, 
44522.0110000001, 50192.2960000001, 54655.147, 1, 1, 1, 1, 1, 
1, 1, 1, 1, 1, 1, 0.1, 0.1, 0.1, 0.1, 0.1, 0.1, 0.1, 0.1, 0.1, 
0.1, 0.1, 0, 0, 0, 0, 0, 0, 0, 0, 0, 0, 0, 0, 0, 0, 0, 0, 0, 
0, 0, 0, 0, 0, 0.95635, 0.95727, 0.95591, 0.9593, 0.9593, 0.95929, 
0.96046, 0.96125, 0.96052, 0.9622, 0.95985, 0.95524, 0.95761, 
0.95499, 0.95901, 0.95982, 0.96003, 0.95977, 0.96103, 0.96032, 
0.96182, 0.96059, 0.3212, 0.3797, 0.4541, 0.515, 0.5996, 0.7144, 
0.7897, 0.8409, 0.8711, 0.958, 1.0973, 285, 309.4, 338.1, 352.5, 
372.4, 398, 420.4, 439.7, 449.6, 473.5, 496.7, 1, 1, 1, 1, 1, 
1, 1, 1, 1, 1, 1, 1, 1, 1, 1, 1, 1, 1, 1, 1, 1, 1, 1, 1, 1, 1, 
1, 1, 1, 1, 1, 1, 1, 1, 1, 1, 1, 1, 1, 1, 1, 1, 1, 1, 6.568, 
7.05, 8.443, 8.5, 9.756, 10.992, 11.844, 12.068, 12.101, 13.321, 
14.878), .Dim = c(11L, 40L), .Dimnames = list(NULL, c("Sampling", 
"PSO.cost", "PSO.gamma", "PSO.data.balancing", "PSO.feature.selection", 
"PSO.valid.acc", "PSO.test.acc", "PSO.train.time", "PSO.n.support.vectors", 
"PSO.index", "PSO.n.solutions", "PSO.generations", "PSO.n.evaluations", 
"PSO.cpu.time", "RS.cost", "RS.gamma", "RS.data.balancing", "RS.feature.selection", 
"RS.valid.acc", "RS.test.acc", "RS.train.time", "RS.n.support.vectors", 
"RS.index", "RS.n.solutions", "RS.generations", "RS.n.evaluations", 
"RS.cpu.time", "DF.cost", "DF.gamma", "DF.data.balancing", "DF.feature.selection", 
"DF.valid.acc", "DF.test.acc", "DF.train.time", "DF.n.support.vectors", 
"DF.index", "DF.n.solutions", "DF.generations", "DF.n.evaluations", 
"DF.cpu.time")))
