full <-
structure(c(50, 55, 60, 65, 70, 75, 80, 85, 90, 95, 100, 14.17813, 
13.66212, 14.72082, 14.72016, 14.86487, 11.25015, 14.92149, 8.26644, 
14.67536, 14.83033, 12.01784, -9.6369, -8.92182, -9.74514, -7.27698, 
-9.70838, -8.38965, -7.7026, -4.60853, -8.66616, -10.1475, -6.05733, 
0, 0, 0, 0, 0, 0, 0, 0, 0, 0, 0, 0, 0, 0, 0, 0, 0, 0, 0, 0, 0, 
0, 0.96966, 0.96839, 0.96824, 0.9684, 0.96696, 0.96768, 0.96946, 
0.96865, 0.96958, 0.96922, 0.96984, 0.96523, 0.96502, 0.96856, 
0.96385, 0.96485, 0.96447, 0.96691, 0.96734, 0.96732, 0.96805, 
0.96948, 0.5174, 0.5391, 0.6726, 1.1956, 0.9946, 0.7013, 1.6281, 
0.8313, 1.6409, 1.6075, 1.5206, 190.1, 199.9, 209.4, 219.1, 254.1, 
282.1, 268.7, 314.9, 299.7, 325.2, 320.4, 622, 1956, 445, 644, 
417, 1227, 1132, 760, 640, 2370, 945, 148, 7, 502, 4, 34, 30, 
27, 312, 159, 2, 61, 100, 100, 100, 100, 100, 100, 100, 100, 
100, 100, 100, 2500, 2500, 2500, 2500, 2500, 2500, 2500, 2500, 
2500, 2500, 2500, 19512.937, 19678.518, 24545.244, 36061.704, 
32836.71, 27519.091, 47909.95, 29405.37, 46132.635, 55738.3590000001, 
56018.9179999999, 13.85906, 13.66322, 14.95237, 14.8808, 12.96501, 
11.15951, 14.78541, 8.38331, 14.4084, 14.91845, 14.35072, -9.53302, 
-8.93257, -9.85858, -7.24035, -9.49415, -8.35603, -7.67486, -4.58247, 
-8.45666, -6.88134, -7.87623, 0, 0, 0, 0, 0, 0, 0, 0, 0, 0, 0, 
0, 0, 0, 0, 0, 0, 0, 0, 0, 0, 0, 0.96855, 0.96805, 0.96794, 0.96726, 
0.96643, 0.96718, 0.96807, 0.96821, 0.96937, 0.96903, 0.96929, 
0.9656, 0.96502, 0.96887, 0.96385, 0.96431, 0.96422, 0.96714, 
0.96822, 0.96773, 0.96825, 0.97003, 0.4886, 0.5476, 0.7101, 1.2802, 
0.7215, 0.7193, 1.5676, 0.826, 1.5921, 2.6415, 2.0575, 191, 200, 
208.2, 217.9, 264.6, 283.1, 268.5, 313.7, 299.3, 296.5, 319, 
104, 35, 2231, 255, 1209, 1389, 1642, 105, 733, 2031, 472, 2, 
1, 1, 1, 1, 2, 1, 7, 1, 1, 3, 100, 100, 100, 100, 100, 100, 100, 
100, 100, 100, 100, 2500, 2500, 2500, 2500, 2500, 2500, 2500, 
2500, 2500, 2500, 2500, 19920.674, 22486.05, 25262.886, 27228.176, 
30414.823, 34115.211, 36267.858, 40456.642, 46114.283, 50368.2710000001, 
53979.175, 1, 1, 1, 1, 1, 1, 1, 1, 1, 1, 1, 0.1, 0.1, 0.1, 0.1, 
0.1, 0.1, 0.1, 0.1, 0.1, 0.1, 0.1, 0, 0, 0, 0, 0, 0, 0, 0, 0, 
0, 0, 0, 0, 0, 0, 0, 0, 0, 0, 0, 0, 0, 0.95191, 0.95292, 0.95436, 
0.95559, 0.95691, 0.95534, 0.95581, 0.95907, 0.96073, 0.96046, 
0.96116, 0.95044, 0.95191, 0.95344, 0.95388, 0.95612, 0.95509, 
0.9572, 0.95885, 0.9595, 0.95851, 0.95949, 0.3401, 0.4048, 0.4644, 
0.5105, 0.5675, 0.6537, 0.7665, 0.8816, 0.9677, 1.0416, 1.1462, 
293.7, 323.1, 346.2, 373, 393.2, 421.7, 434.4, 451.3, 463.9, 
485.2, 495.7, 1, 1, 1, 1, 1, 1, 1, 1, 1, 1, 1, 1, 1, 1, 1, 1, 
1, 1, 1, 1, 1, 1, 1, 1, 1, 1, 1, 1, 1, 1, 1, 1, 1, 1, 1, 1, 1, 
1, 1, 1, 1, 1, 1, 1, 6.153, 6.972, 7.572, 8.003, 8.519, 9.406, 
10.875, 12.222, 13.309, 13.945, 14.988), .Dim = c(11L, 40L), .Dimnames = list(
    NULL, c("Sampling", "PSO.cost", "PSO.gamma", "PSO.data.balancing", 
    "PSO.feature.selection", "PSO.valid.acc", "PSO.test.acc", 
    "PSO.train.time", "PSO.n.support.vectors", "PSO.index", "PSO.n.solutions", 
    "PSO.generations", "PSO.n.evaluations", "PSO.cpu.time", "RS.cost", 
    "RS.gamma", "RS.data.balancing", "RS.feature.selection", 
    "RS.valid.acc", "RS.test.acc", "RS.train.time", "RS.n.support.vectors", 
    "RS.index", "RS.n.solutions", "RS.generations", "RS.n.evaluations", 
    "RS.cpu.time", "DF.cost", "DF.gamma", "DF.data.balancing", 
    "DF.feature.selection", "DF.valid.acc", "DF.test.acc", "DF.train.time", 
    "DF.n.support.vectors", "DF.index", "DF.n.solutions", "DF.generations", 
    "DF.n.evaluations", "DF.cpu.time")))
