full <-
structure(c(50, 55, 60, 65, 70, 75, 80, 85, 90, 95, 100, 14.28998, 
14.73413, 14.60817, 4.91279, 14.95927, 9.33175, 5.95439, 10.064, 
14.77263, 9.99886, 15, -7.79692, -9.54961, -8.14791, -6.04786, 
-8.24568, -5.58151, -4.77747, -6.70734, -8.68478, -5.89421, -8.97743, 
0, 0, 0, 0, 0, 0, 0, 0, 0, 0, 0, 0, 0, 0, 0, 0, 0, 0, 0, 0, 0, 
0, 0.96595, 0.96704, 0.96916, 0.96641, 0.96617, 0.96916, 0.96854, 
0.96844, 0.9706, 0.97078, 0.96985, 0.96151, 0.96569, 0.96608, 
0.96555, 0.96485, 0.96645, 0.966, 0.96691, 0.97039, 0.97019, 
0.96819, 0.6235, 0.6406, 0.8621, 0.4196, 1.244, 0.6124, 0.6555, 
0.7959, 1.8607, 1.1005, 1.9753, 180.3, 195.1, 203.1, 273.7, 235, 
259.1, 312, 293.3, 290.5, 313.8, 322.8, 402, 602, 999, 2103, 
710, 1200, 902, 2370, 264, 669, 588, 523, 80, 15, 53, 24, 100, 
97, 1, 702, 72, 255, 100, 100, 100, 100, 100, 100, 100, 100, 
100, 100, 100, 2500, 2500, 2500, 2500, 2500, 2500, 2500, 2500, 
2500, 2500, 2500, 22460.998, 21564.673, 27760.065, 19176.226, 
35216.42, 23525.906, 28131.08, 28911.073, 58286.008, 48804.617, 
54395.629, 14.52171, 10.76121, 11.23476, 7.36188, 14.89753, 9.78037, 
6.8102, 10.54329, 13.82504, 7.42581, 14.4337, -7.88242, -5.42525, 
-7.56655, -5.8466, -8.27224, -5.87781, -4.91327, -6.9296, -8.18671, 
-4.20759, -8.85771, 0, 0, 0, 0, 0, 0, 0, 0, 0, 0, 0, 0, 0, 0, 
0, 0, 0, 0, 0, 0, 0, 0, 0.96521, 0.96603, 0.96823, 0.96612, 0.96564, 
0.96866, 0.96808, 0.96843, 0.96977, 0.97058, 0.96948, 0.96299, 
0.96334, 0.96608, 0.96555, 0.96485, 0.96669, 0.96507, 0.96691, 
0.96977, 0.96883, 0.96818, 0.643, 0.4422, 0.4871, 0.4575, 1.2424, 
0.6348, 0.6451, 0.8217, 1.5562, 1.044, 1.7901, 180.3, 200.4, 
215, 248.8, 236.1, 255.8, 303.7, 293.7, 291.7, 339.4, 325.4, 
408, 2309, 2245, 1451, 521, 1787, 990, 1985, 2233, 100, 1678, 
1, 2, 1, 6, 1, 1, 1, 1, 1, 1, 1, 100, 100, 100, 100, 100, 100, 
100, 100, 100, 100, 100, 2500, 2500, 2500, 2500, 2500, 2500, 
2500, 2500, 2500, 2500, 2500, 19652.88, 21320.5, 23903.201, 26466.458, 
29194.015, 31582.1949999999, 36085.655, 39129.986, 54369.677, 
51292.593, 52350.382, 1, 1, 1, 1, 1, 1, 1, 1, 1, 1, 1, 0.1, 0.1, 
0.1, 0.1, 0.1, 0.1, 0.1, 0.1, 0.1, 0.1, 0.1, 0, 0, 0, 0, 0, 0, 
0, 0, 0, 0, 0, 0, 0, 0, 0, 0, 0, 0, 0, 0, 0, 0, 0.95191, 0.9556, 
0.95714, 0.95815, 0.95771, 0.96078, 0.95767, 0.95776, 0.96011, 
0.96104, 0.9606, 0.95227, 0.95526, 0.95713, 0.95758, 0.95824, 
0.95954, 0.95813, 0.95863, 0.9595, 0.96065, 0.96097, 0.3332, 
0.3602, 0.4185, 0.4817, 0.5483, 0.5994, 0.7071, 1.0247, 0.9839, 
0.9478, 1.0607, 294, 306.2, 325.9, 352.4, 369.6, 387, 417.7, 
436, 451.2, 468, 496.6, 1, 1, 1, 1, 1, 1, 1, 1, 1, 1, 1, 1, 1, 
1, 1, 1, 1, 1, 1, 1, 1, 1, 1, 1, 1, 1, 1, 1, 1, 1, 1, 1, 1, 1, 
1, 1, 1, 1, 1, 1, 1, 1, 1, 1, 6.181, 6.296, 7.016, 7.603, 8.312, 
8.871, 10.22, 15.28, 14.497, 12.877, 14.105), .Dim = c(11L, 40L
), .Dimnames = list(NULL, c("Sampling", "PSO.cost", "PSO.gamma", 
"PSO.data.balancing", "PSO.feature.selection", "PSO.valid.acc", 
"PSO.test.acc", "PSO.train.time", "PSO.n.support.vectors", "PSO.index", 
"PSO.n.solutions", "PSO.generations", "PSO.n.evaluations", "PSO.cpu.time", 
"RS.cost", "RS.gamma", "RS.data.balancing", "RS.feature.selection", 
"RS.valid.acc", "RS.test.acc", "RS.train.time", "RS.n.support.vectors", 
"RS.index", "RS.n.solutions", "RS.generations", "RS.n.evaluations", 
"RS.cpu.time", "DF.cost", "DF.gamma", "DF.data.balancing", "DF.feature.selection", 
"DF.valid.acc", "DF.test.acc", "DF.train.time", "DF.n.support.vectors", 
"DF.index", "DF.n.solutions", "DF.generations", "DF.n.evaluations", 
"DF.cpu.time")))
