full <-
structure(c(50, 55, 60, 65, 70, 75, 80, 85, 90, 95, 100, 14.94037, 
10.27643, 15, 11.02303, 15, 7.97527, 7.42802, 8.9712, 14.63932, 
10.52438, 9.20388, -9.97416, -7.82751, -11.15246, -7.45694, -9.41123, 
-5.42496, -7.76061, -4.7906, -7.98933, -6.42955, -4.92264, 0, 
0, 0, 0, 0, 0, 0, 0, 0, 0, 0, 0, 0, 0, 0, 0, 0, 0, 0, 0, 0, 0, 
0.97077, 0.97174, 0.9704, 0.96897, 0.97172, 0.97261, 0.97039, 
0.97082, 0.96997, 0.96942, 0.97151, 0.96782, 0.96971, 0.9704, 
0.96812, 0.97066, 0.96916, 0.96762, 0.96821, 0.96956, 0.96961, 
0.96911, 0.4722, 0.3511, 0.5382, 0.5021, 0.9429, 0.5712, 0.6395, 
0.79, 1.8186, 1.016, 1.0443, 172.4, 189.2, 202.6, 208, 214.8, 
252, 303.8, 289, 290.6, 318.8, 343.5, 1721, 1846, 312, 406, 202, 
661, 1581, 1453, 936, 1739, 956, 2, 4, 257, 47, 268, 187, 16, 
77, 6, 36, 369, 100, 100, 100, 100, 100, 100, 100, 100, 100, 
100, 100, 2500, 2500, 2500, 2500, 2500, 2500, 2500, 2500, 2500, 
2500, 2500, 18394.909, 18183.466, 20987.832, 19665.64, 30524.328, 
25768.051, 24486.442, 28110.236, 48194.295, 37793.097, 41433.352, 
14.72867, 10.33402, 14.93266, 11.64758, 14.19597, 9.57591, 9.50213, 
8.53277, 11.49458, 14.72962, 8.91318, -9.989, -7.85092, -10.80812, 
-7.73846, -9.06838, -6.35343, -8.98561, -4.69203, -8.41907, -8.3824, 
-4.90686, 0, 0, 0, 0, 0, 0, 0, 0, 0, 0, 0, 0, 0, 0, 0, 0, 0, 
0, 0, 0, 0, 0, 0.97041, 0.9714, 0.97009, 0.9684, 0.97145, 0.97163, 
0.96924, 0.96973, 0.96915, 0.96883, 0.97133, 0.96782, 0.96971, 
0.97102, 0.96869, 0.97039, 0.96941, 0.96693, 0.96886, 0.96792, 
0.96883, 0.96855, 0.4578, 0.3521, 0.5936, 0.551, 0.8244, 0.6022, 
0.6601, 0.7671, 0.9546, 1.8225, 1.0936, 174, 189.1, 200.4, 205.1, 
216.8, 243.2, 296.1, 292.5, 313.6, 307, 345.5, 902, 1337, 1664, 
2212, 777, 924, 35, 113, 575, 1737, 488, 1, 1, 3, 10, 4, 4, 3, 
1, 2, 3, 1, 100, 100, 100, 100, 100, 100, 100, 100, 100, 100, 
100, 2500, 2500, 2500, 2500, 2500, 2500, 2500, 2500, 2500, 2500, 
2500, 19738.195, 21960.042, 24799.925, 26994.879, 31437.849, 
34379.68, 35800.011, 39451.221, 42662.444, 46639.3879999999, 
50753.2189999999, 1, 1, 1, 1, 1, 1, 1, 1, 1, 1, 1, 0.1, 0.1, 
0.1, 0.1, 0.1, 0.1, 0.1, 0.1, 0.1, 0.1, 0.1, 0, 0, 0, 0, 0, 0, 
0, 0, 0, 0, 0, 0, 0, 0, 0, 0, 0, 0, 0, 0, 0, 0, 0.95561, 0.95996, 
0.96115, 0.96129, 0.96061, 0.96101, 0.96183, 0.96038, 0.96134, 
0.96084, 0.96171, 0.95635, 0.9603, 0.96176, 0.96129, 0.96114, 
0.96249, 0.96161, 0.96212, 0.9599, 0.96104, 0.96171, 0.3265, 
0.374, 0.4225, 0.4818, 0.5468, 0.6153, 0.7056, 0.7798, 0.8863, 
0.9725, 1.0829, 289.1, 307.3, 318.2, 336.7, 356.4, 382, 408.8, 
431.3, 450.8, 479.5, 498.2, 1, 1, 1, 1, 1, 1, 1, 1, 1, 1, 1, 
1, 1, 1, 1, 1, 1, 1, 1, 1, 1, 1, 1, 1, 1, 1, 1, 1, 1, 1, 1, 1, 
1, 1, 1, 1, 1, 1, 1, 1, 1, 1, 1, 1, 6.093, 6.668, 7.183, 8.413, 
9.146, 10.056, 10.232, 11.054, 12.101, 13.027, 14.355), .Dim = c(11L, 
40L), .Dimnames = list(NULL, c("Sampling", "PSO.cost", "PSO.gamma", 
"PSO.data.balancing", "PSO.feature.selection", "PSO.valid.acc", 
"PSO.test.acc", "PSO.train.time", "PSO.n.support.vectors", "PSO.index", 
"PSO.n.solutions", "PSO.generations", "PSO.n.evaluations", "PSO.cpu.time", 
"RS.cost", "RS.gamma", "RS.data.balancing", "RS.feature.selection", 
"RS.valid.acc", "RS.test.acc", "RS.train.time", "RS.n.support.vectors", 
"RS.index", "RS.n.solutions", "RS.generations", "RS.n.evaluations", 
"RS.cpu.time", "DF.cost", "DF.gamma", "DF.data.balancing", "DF.feature.selection", 
"DF.valid.acc", "DF.test.acc", "DF.train.time", "DF.n.support.vectors", 
"DF.index", "DF.n.solutions", "DF.generations", "DF.n.evaluations", 
"DF.cpu.time")))
