full <-
structure(c(50, 55, 60, 65, 70, 75, 80, 85, 90, 95, 100, 15, 
15, 13.8319, 12.58857, 8.90152, 12.94986, 15, 13.12658, 14.23438, 
10.39643, 14.95238, -7.69307, -8.13855, -8.7206, -6.80381, -7.07126, 
-7.31347, -7.67986, -7.62973, -7.97586, -6.30944, -8.77455, 0, 
0, 0, 0, 0, 0, 0, 0, 0, 0, 0, 0, 0, 0, 0, 0, 0, 0, 0, 0, 0, 0, 
0.96856, 0.96871, 0.96824, 0.96925, 0.9696, 0.97262, 0.97225, 
0.97169, 0.9708, 0.97117, 0.97059, 0.96596, 0.96737, 0.9667, 
0.96954, 0.96775, 0.96916, 0.9704, 0.97039, 0.96998, 0.96961, 
0.96856, 0.6719, 0.7162, 0.6243, 0.6737, 0.5328, 0.9066, 1.4743, 
1.0836, 1.6567, 1.0343, 2.0911, 159.7, 177.2, 193.9, 205.1, 245.1, 
238, 243, 266.2, 295.5, 313.6, 322.3, 159, 660, 1379, 1681, 370, 
676, 650, 1415, 1435, 357, 2491, 844, 403, 2, 15, 204, 572, 334, 
231, 8, 79, 14, 100, 100, 100, 100, 100, 100, 100, 100, 100, 
100, 100, 2500, 2500, 2500, 2500, 2500, 2500, 2500, 2500, 2500, 
2500, 2500, 23781.975, 25466.156, 24138.299, 28258.558, 23857.952, 
32319.118, 46455.653, 39826.889, 49297.4880000001, 44582.9990000001, 
52788.496, 14.58735, 14.96338, 10.8923, 12.33983, 9.17997, 12.76072, 
11.00786, 13.22015, 13.42822, 10.84609, 14.26054, -7.5993, -8.18067, 
-7.17809, -6.62358, -7.20865, -7.34621, -5.92725, -7.55519, -7.54082, 
-6.50465, -8.44787, 0, 0, 0, 0, 0, 0, 0, 0, 0, 0, 0, 0, 0, 0, 
0, 0, 0, 0, 0, 0, 0, 0, 0.96708, 0.96803, 0.96793, 0.96868, 0.9696, 
0.97212, 0.97202, 0.97126, 0.96977, 0.97078, 0.97041, 0.96633, 
0.96669, 0.96638, 0.96897, 0.96775, 0.96793, 0.96878, 0.96951, 
0.96895, 0.96961, 0.96838, 0.6346, 0.7248, 0.4693, 0.6456, 0.5485, 
0.8708, 0.8929, 1.1087, 1.3711, 1.0839, 1.8794, 160.1, 176.8, 
198.4, 206.4, 243.6, 239.4, 260.4, 265.9, 297, 312.4, 321.3, 
446, 1746, 1269, 184, 1472, 1683, 462, 441, 115, 231, 1489, 1, 
1, 6, 1, 1, 1, 1, 2, 6, 1, 1, 100, 100, 100, 100, 100, 100, 100, 
100, 100, 100, 100, 2500, 2500, 2500, 2500, 2500, 2500, 2500, 
2500, 2500, 2500, 2500, 20612.079, 24434.429, 27304.598, 28211.096, 
31473.794, 36226.462, 39167.463, 42882.064, 44752.9149999999, 
47967.748, 54608.067, 1, 1, 1, 1, 1, 1, 1, 1, 1, 1, 1, 0.1, 0.1, 
0.1, 0.1, 0.1, 0.1, 0.1, 0.1, 0.1, 0.1, 0.1, 0, 0, 0, 0, 0, 0, 
0, 0, 0, 0, 0, 0, 0, 0, 0, 0, 0, 0, 0, 0, 0, 0, 0.95597, 0.95696, 
0.9593, 0.95787, 0.9593, 0.95929, 0.96091, 0.96212, 0.96155, 
0.96104, 0.95987, 0.95708, 0.95831, 0.95869, 0.95787, 0.96141, 
0.95856, 0.95953, 0.96147, 0.96176, 0.96104, 0.96154, 0.3278, 
0.3762, 0.4382, 0.4828, 0.6052, 0.6689, 0.7546, 0.8272, 0.8827, 
1.02, 1.0533, 278.9, 300.6, 317.8, 338, 364.1, 385.8, 406.9, 
424.1, 451.2, 471.2, 499.4, 1, 1, 1, 1, 1, 1, 1, 1, 1, 1, 1, 
1, 1, 1, 1, 1, 1, 1, 1, 1, 1, 1, 1, 1, 1, 1, 1, 1, 1, 1, 1, 1, 
1, 1, 1, 1, 1, 1, 1, 1, 1, 1, 1, 1, 6.711, 7.299, 8.222, 8.677, 
10.173, 10.51, 11.259, 12.153, 12.53, 13.884, 14.13), .Dim = c(11L, 
40L), .Dimnames = list(NULL, c("Sampling", "PSO.cost", "PSO.gamma", 
"PSO.data.balancing", "PSO.feature.selection", "PSO.valid.acc", 
"PSO.test.acc", "PSO.train.time", "PSO.n.support.vectors", "PSO.index", 
"PSO.n.solutions", "PSO.generations", "PSO.n.evaluations", "PSO.cpu.time", 
"RS.cost", "RS.gamma", "RS.data.balancing", "RS.feature.selection", 
"RS.valid.acc", "RS.test.acc", "RS.train.time", "RS.n.support.vectors", 
"RS.index", "RS.n.solutions", "RS.generations", "RS.n.evaluations", 
"RS.cpu.time", "DF.cost", "DF.gamma", "DF.data.balancing", "DF.feature.selection", 
"DF.valid.acc", "DF.test.acc", "DF.train.time", "DF.n.support.vectors", 
"DF.index", "DF.n.solutions", "DF.generations", "DF.n.evaluations", 
"DF.cpu.time")))
