full <-
structure(c(50, 55, 60, 65, 70, 75, 80, 85, 90, 95, 100, 15, 
14.72841, 15, 14.36255, 13.02605, 14.47369, 14.6979, 14.96066, 
15, 14.94246, 8.08788, -12.12013, -6.82504, -7.54573, -9.92071, 
-7.77705, -7.98827, -9.75152, -8.3931, -7.02579, -9.00878, -4.54884, 
0, 0, 0, 0, 0, 0, 0, 0, 0, 0, 0, 0, 0, 0, 0, 0, 0, 0, 0, 0, 0, 
0, 0.97188, 0.97309, 0.97226, 0.97125, 0.9712, 0.97088, 0.97086, 
0.97039, 0.9704, 0.97078, 0.97022, 0.97038, 0.97074, 0.96948, 
0.97012, 0.96855, 0.96842, 0.96923, 0.96843, 0.96772, 0.96863, 
0.96726, 0.3504, 0.717, 0.8577, 0.6871, 0.7653, 1.1457, 1.0877, 
1.6065, 2.3478, 1.7359, 1.0056, 182.3, 172.4, 191.9, 225.1, 236.7, 
242.4, 275.8, 277.6, 284.9, 312.3, 353, 71, 578, 965, 1442, 1015, 
1975, 1498, 762, 445, 1473, 1075, 592, 320, 5, 22, 13, 2, 2, 
2, 96, 1, 26, 100, 100, 100, 100, 100, 100, 100, 100, 100, 100, 
100, 2500, 2500, 2500, 2500, 2500, 2500, 2500, 2500, 2500, 2500, 
2500, 15376.955, 23637.838, 26467.675, 26570.269, 28899.09, 36357.489, 
34015.382, 45989.067, 58678.101, 46898.3250000001, 36165.599, 
13.32838, 14.97755, 14.87394, 14.43071, 12.67396, 14.95327, 14.37776, 
14.30495, 14.46388, 14.56943, 13.55563, -9.74472, -6.90142, -7.69807, 
-9.96665, -7.69175, -8.44577, -8.03481, -7.57133, -6.87272, -8.89306, 
-7.77258, 0, 0, 0, 0, 0, 0, 0, 0, 0, 0, 0, 0, 0, 0, 0, 0, 0, 
0, 0, 0, 0, 0, 0.97151, 0.97242, 0.97165, 0.97125, 0.97067, 0.97039, 
0.97016, 0.96974, 0.96978, 0.97059, 0.96966, 0.96928, 0.97074, 
0.9701, 0.9704, 0.96856, 0.96916, 0.96946, 0.96865, 0.96813, 
0.96863, 0.96781, 0.3387, 0.7376, 0.8345, 0.6555, 0.7129, 1.2076, 
1.3035, 1.4629, 2.0232, 1.5404, 1.5678, 173, 171.7, 192.4, 225.6, 
238.7, 244.7, 261.2, 275.6, 286.5, 314.1, 321.5, 1583, 148, 1596, 
2013, 135, 1273, 645, 2219, 351, 1943, 432, 1, 1, 1, 1, 1, 2, 
5, 5, 2, 1, 2, 100, 100, 100, 100, 100, 100, 100, 100, 100, 100, 
100, 2500, 2500, 2500, 2500, 2500, 2500, 2500, 2500, 2500, 2500, 
2500, 19200.438, 21194.784, 24298.222, 26843.909, 29220.654, 
31507.951, 36413.81, 39292.057, 41922.0319999999, 46975.725, 
49662.7329999999, 1, 1, 1, 1, 1, 1, 1, 1, 1, 1, 1, 0.1, 0.1, 
0.1, 0.1, 0.1, 0.1, 0.1, 0.1, 0.1, 0.1, 0.1, 0, 0, 0, 0, 0, 0, 
0, 0, 0, 0, 0, 0, 0, 0, 0, 0, 0, 0, 0, 0, 0, 0, 0.95411, 0.95527, 
0.95407, 0.95417, 0.95534, 0.95607, 0.95605, 0.95864, 0.96072, 
0.95948, 0.96004, 0.95374, 0.95493, 0.955, 0.95389, 0.95666, 
0.95681, 0.95651, 0.95928, 0.95969, 0.96104, 0.96041, 0.3441, 
0.3823, 0.4596, 0.5101, 0.5655, 0.6238, 0.7283, 0.8065, 0.8697, 
0.9732, 1.0388, 302.2, 326.2, 343.7, 366.6, 378.9, 397.7, 422.8, 
446.1, 462.4, 480.5, 494.5, 1, 1, 1, 1, 1, 1, 1, 1, 1, 1, 1, 
1, 1, 1, 1, 1, 1, 1, 1, 1, 1, 1, 1, 1, 1, 1, 1, 1, 1, 1, 1, 1, 
1, 1, 1, 1, 1, 1, 1, 1, 1, 1, 1, 1, 6.269, 6.673, 7.518, 8.028, 
8.573, 9.226, 10.401, 11.321, 11.997, 13.145, 13.8), .Dim = c(11L, 
40L), .Dimnames = list(NULL, c("Sampling", "PSO.cost", "PSO.gamma", 
"PSO.data.balancing", "PSO.feature.selection", "PSO.valid.acc", 
"PSO.test.acc", "PSO.train.time", "PSO.n.support.vectors", "PSO.index", 
"PSO.n.solutions", "PSO.generations", "PSO.n.evaluations", "PSO.cpu.time", 
"RS.cost", "RS.gamma", "RS.data.balancing", "RS.feature.selection", 
"RS.valid.acc", "RS.test.acc", "RS.train.time", "RS.n.support.vectors", 
"RS.index", "RS.n.solutions", "RS.generations", "RS.n.evaluations", 
"RS.cpu.time", "DF.cost", "DF.gamma", "DF.data.balancing", "DF.feature.selection", 
"DF.valid.acc", "DF.test.acc", "DF.train.time", "DF.n.support.vectors", 
"DF.index", "DF.n.solutions", "DF.generations", "DF.n.evaluations", 
"DF.cpu.time")))
