full <-
structure(c(50, 55, 60, 65, 70, 75, 80, 85, 90, 95, 100, 15, 
15, 14.98115, 14.23722, 14.18702, 14.87994, 13.27864, 15, 12.69829, 
14.52727, 15, -10.73614, -7.79021, -9.49561, -7.28243, -7.53316, 
-7.92422, -6.03641, -8.78187, -7.45934, -8.99625, -8.46326, 0, 
0, 0, 0, 0, 0, 0, 0, 0, 0, 0, 0, 0, 0, 0, 0, 0, 0, 0, 0, 0, 0, 
0.9667, 0.96568, 0.96948, 0.96954, 0.96695, 0.9694, 0.96946, 
0.96952, 0.96875, 0.97058, 0.97059, 0.96559, 0.96534, 0.96918, 
0.96755, 0.96458, 0.96767, 0.96553, 0.96843, 0.96854, 0.96902, 
0.97022, 0.5151, 0.8989, 0.7685, 1.1133, 1.1824, 1.4984, 1.4904, 
1.5951, 1.2692, 1.6882, 2.2668, 194.8, 192.4, 210, 222.7, 239.8, 
253.3, 264.1, 277.4, 299.5, 309.1, 316.7, 2486, 273, 975, 631, 
985, 1124, 914, 186, 182, 616, 694, 1, 476, 2, 242, 29, 6, 491, 
167, 366, 272, 14, 100, 100, 100, 100, 100, 100, 100, 100, 100, 
100, 100, 2500, 2500, 2500, 2500, 2500, 2500, 2500, 2500, 2500, 
2500, 2500, 20516.029, 29165.303, 26605.222, 37346.663, 29348.747, 
41398.705, 44272.9559999999, 46714.051, 41762.884, 51365.3489999999, 
62439.458, 14.65087, 14.65965, 14.38097, 14.18635, 14.30019, 
9.98484, 13.77754, 14.32899, 12.90469, 14.50899, 14.82997, -8.9399, 
-9.29153, -9.12796, -7.23991, -7.61187, -4.83891, -6.21349, -8.25194, 
-7.50973, -8.95384, -8.33948, 0, 0, 0, 0, 0, 0, 0, 0, 0, 0, 0, 
0, 0, 0, 0, 0, 0, 0, 0, 0, 0, 0, 0.96559, 0.96534, 0.96856, 0.96926, 
0.96695, 0.96891, 0.96923, 0.96886, 0.96854, 0.97039, 0.97022, 
0.96486, 0.96737, 0.96887, 0.96783, 0.96484, 0.96768, 0.96599, 
0.96734, 0.96875, 0.96902, 0.97004, 0.5852, 0.6536, 0.733, 1.1064, 
1.1878, 0.7512, 1.7488, 1.4581, 1.2876, 1.6733, 2.1242, 186.7, 
198.7, 211.8, 222.2, 239.4, 271.4, 263.4, 275.7, 298.2, 308.3, 
317.7, 1434, 1346, 2478, 445, 2476, 1548, 1587, 641, 1430, 4, 
246, 2, 1, 1, 3, 1, 2, 1, 1, 1, 2, 4, 100, 100, 100, 100, 100, 
100, 100, 100, 100, 100, 100, 2500, 2500, 2500, 2500, 2500, 2500, 
2500, 2500, 2500, 2500, 2500, 20552.242, 22868.943, 25668.01, 
28810.643, 32637.126, 35085.7830000001, 38571.802, 41976.444, 
45691.2660000001, 50340.029, 51795.107, 1, 1, 1, 1, 1, 1, 1, 
1, 1, 1, 1, 0.1, 0.1, 0.1, 0.1, 0.1, 0.1, 0.1, 0.1, 0.1, 0.1, 
0.1, 0, 0, 0, 0, 0, 0, 0, 0, 0, 0, 0, 0, 0, 0, 0, 0, 0, 0, 0, 
0, 0, 0, 0.95154, 0.9529, 0.9553, 0.95474, 0.95453, 0.95609, 
0.95767, 0.95799, 0.95949, 0.96065, 0.96079, 0.95154, 0.95122, 
0.9556, 0.95702, 0.95453, 0.95584, 0.95813, 0.95711, 0.9597, 
0.96045, 0.96023, 0.3401, 0.3725, 0.4572, 0.5186, 0.5825, 0.667, 
0.7477, 0.871, 0.9087, 1.0026, 1.0881, 293.3, 311, 329.6, 358.5, 
374, 398.6, 420, 435.7, 459, 474.5, 497.8, 1, 1, 1, 1, 1, 1, 
1, 1, 1, 1, 1, 1, 1, 1, 1, 1, 1, 1, 1, 1, 1, 1, 1, 1, 1, 1, 1, 
1, 1, 1, 1, 1, 1, 1, 1, 1, 1, 1, 1, 1, 1, 1, 1, 1, 6.401, 6.56, 
7.843, 8.401, 9.102, 10.037, 10.81, 12.406, 12.692, 13.781, 14.577
), .Dim = c(11L, 40L), .Dimnames = list(NULL, c("Sampling", "PSO.cost", 
"PSO.gamma", "PSO.data.balancing", "PSO.feature.selection", "PSO.valid.acc", 
"PSO.test.acc", "PSO.train.time", "PSO.n.support.vectors", "PSO.index", 
"PSO.n.solutions", "PSO.generations", "PSO.n.evaluations", "PSO.cpu.time", 
"RS.cost", "RS.gamma", "RS.data.balancing", "RS.feature.selection", 
"RS.valid.acc", "RS.test.acc", "RS.train.time", "RS.n.support.vectors", 
"RS.index", "RS.n.solutions", "RS.generations", "RS.n.evaluations", 
"RS.cpu.time", "DF.cost", "DF.gamma", "DF.data.balancing", "DF.feature.selection", 
"DF.valid.acc", "DF.test.acc", "DF.train.time", "DF.n.support.vectors", 
"DF.index", "DF.n.solutions", "DF.generations", "DF.n.evaluations", 
"DF.cpu.time")))
