full <-
structure(c(50, 55, 60, 65, 70, 75, 80, 85, 90, 95, 100, 15, 
10.56409, 12.98551, 15, 15, 14.99875, 15, 14.8348, 14.96839, 
14.53567, 14.60174, -10.95541, -8.86207, -8.20527, -12.48793, 
-12.51569, -7.99436, -8.00671, -9.77268, -7.1172, -8.48521, -8.67801, 
0, 0, 0, 0, 0, 0, 0, 0, 0, 0, 0, 0, 0, 0, 0, 0, 0, 0, 0, 0, 0, 
0, 0.97225, 0.97074, 0.97287, 0.97294, 0.97251, 0.97187, 0.97039, 
0.96887, 0.97101, 0.97078, 0.97097, 0.96965, 0.96906, 0.9704, 
0.9718, 0.97013, 0.97138, 0.97016, 0.96778, 0.96566, 0.96824, 
0.96949, 0.3957, 0.3587, 0.5554, 0.5395, 0.6061, 1.2416, 1.4416, 
1.3108, 2.4126, 1.8684, 1.9886, 171.1, 195.8, 190.8, 226.7, 247.5, 
230.7, 251.5, 286.6, 284.2, 311, 321.1, 269, 1581, 297, 491, 
178, 1114, 1226, 701, 697, 1733, 1148, 385, 17, 219, 34, 406, 
173, 7, 149, 1, 2, 15, 100, 100, 100, 100, 100, 100, 100, 100, 
100, 100, 100, 2500, 2500, 2500, 2500, 2500, 2500, 2500, 2500, 
2500, 2500, 2500, 16876.219, 18051.095, 20814.348, 20909.286, 
23247.116, 38060.804, 42108.712, 37935.736, 64324.071, 58466.8119999999, 
56125.3929999999, 14.96811, 11.60174, 12.0254, 14.6819, 12.79342, 
12.3358, 14.82458, 14.32301, 14.4686, 14.49521, 14.28897, -11.09272, 
-9.37677, -8.13685, -12.41967, -10.29528, -8.42603, -11.63632, 
-9.57245, -6.79271, -7.66417, -8.6002, 0, 0, 0, 0, 0, 0, 0, 0, 
0, 0, 0, 0, 0, 0, 0, 0, 0, 0, 0, 0, 0, 0, 0.97224, 0.9704, 0.97256, 
0.97209, 0.97171, 0.97138, 0.96969, 0.96865, 0.96998, 0.96961, 
0.97059, 0.97002, 0.96939, 0.96948, 0.97124, 0.9704, 0.96966, 
0.96808, 0.96822, 0.96545, 0.96649, 0.96912, 0.4024, 0.3739, 
0.4759, 0.5017, 0.5767, 0.7319, 0.9126, 1.1603, 2.1111, 2.0072, 
1.887, 172.2, 193.5, 195.1, 228.1, 236.9, 247.2, 284.9, 287.4, 
285.3, 307, 322.2, 400, 475, 2126, 1081, 2036, 575, 2357, 2052, 
1821, 460, 124, 1, 1, 2, 2, 1, 1, 2, 3, 2, 1, 1, 100, 100, 100, 
100, 100, 100, 100, 100, 100, 100, 100, 2500, 2500, 2500, 2500, 
2500, 2500, 2500, 2500, 2500, 2500, 2500, 19780.434, 21522.43, 
24342.322, 26781.425, 31098.806, 35165.221, 39031.47, 41678.4069999999, 
45450.169, 49956.7609999999, 53137.6309999999, 1, 1, 1, 1, 1, 
1, 1, 1, 1, 1, 1, 0.1, 0.1, 0.1, 0.1, 0.1, 0.1, 0.1, 0.1, 0.1, 
0.1, 0.1, 0, 0, 0, 0, 0, 0, 0, 0, 0, 0, 0, 0, 0, 0, 0, 0, 0, 
0, 0, 0, 0, 0, 0.95338, 0.95426, 0.96084, 0.96014, 0.96114, 0.96077, 
0.95882, 0.95776, 0.96072, 0.95967, 0.96024, 0.95302, 0.95527, 
0.96115, 0.96014, 0.96088, 0.96003, 0.95998, 0.95711, 0.96093, 
0.96065, 0.96098, 0.3322, 0.3762, 0.4274, 0.4894, 0.5665, 0.6347, 
0.7909, 0.8324, 0.8993, 1.0433, 1.1588, 292.1, 304.7, 314.3, 
337.3, 355.5, 385.3, 417.3, 443.8, 455.7, 481, 498.7, 1, 1, 1, 
1, 1, 1, 1, 1, 1, 1, 1, 1, 1, 1, 1, 1, 1, 1, 1, 1, 1, 1, 1, 1, 
1, 1, 1, 1, 1, 1, 1, 1, 1, 1, 1, 1, 1, 1, 1, 1, 1, 1, 1, 1, 6.149, 
6.604, 7.27, 8.036, 8.911, 9.677, 11.491, 11.681, 12.555, 14.065, 
15.271), .Dim = c(11L, 40L), .Dimnames = list(NULL, c("Sampling", 
"PSO.cost", "PSO.gamma", "PSO.data.balancing", "PSO.feature.selection", 
"PSO.valid.acc", "PSO.test.acc", "PSO.train.time", "PSO.n.support.vectors", 
"PSO.index", "PSO.n.solutions", "PSO.generations", "PSO.n.evaluations", 
"PSO.cpu.time", "RS.cost", "RS.gamma", "RS.data.balancing", "RS.feature.selection", 
"RS.valid.acc", "RS.test.acc", "RS.train.time", "RS.n.support.vectors", 
"RS.index", "RS.n.solutions", "RS.generations", "RS.n.evaluations", 
"RS.cpu.time", "DF.cost", "DF.gamma", "DF.data.balancing", "DF.feature.selection", 
"DF.valid.acc", "DF.test.acc", "DF.train.time", "DF.n.support.vectors", 
"DF.index", "DF.n.solutions", "DF.generations", "DF.n.evaluations", 
"DF.cpu.time")))
