full <-
structure(c(50, 55, 60, 65, 70, 75, 80, 85, 90, 95, 100, 12.29317, 
14.1673, 15, 14.99446, 14.74904, 11.40669, 14.98873, 7.20163, 
15, 15, 14.64151, -7.7849, -13.65957, -7.16162, -12.26218, -13.0346, 
-4.03725, -13.13487, -5.30937, -12.30522, -8.27985, -7.66603, 
0, 0, 0, 0, 0, 0, 0, 0, 0, 0, 0, 0, 0, 0, 0, 0, 0, 0, 0, 0, 0, 
0, 0.96413, 0.96569, 0.96577, 0.96585, 0.96933, 0.96965, 0.96623, 
0.96865, 0.96916, 0.96941, 0.96929, 0.96449, 0.96266, 0.96207, 
0.96413, 0.96695, 0.96644, 0.9653, 0.9656, 0.96751, 0.96902, 
0.96818, 0.4635, 0.4059, 1.2543, 0.6665, 0.6914, 0.8843, 0.9076, 
0.765, 1.2006, 2.2213, 2.2784, 194.6, 237.7, 205, 264.6, 289.5, 
261.1, 318.3, 309.9, 334.1, 304.7, 312.5, 894, 1384, 339, 1147, 
317, 1010, 1974, 1048, 457, 460, 862, 74, 8, 234, 16, 16, 154, 
3, 256, 14, 48, 28, 100, 100, 100, 100, 100, 100, 100, 100, 100, 
100, 100, 2500, 2500, 2500, 2500, 2500, 2500, 2500, 2500, 2500, 
2500, 2500, 19648.24, 17853.678, 27251.344, 25073.587, 25336.567, 
30543.676, 31301.734, 28903.686, 38690.609, 57464.603, 62293.96, 
9.19965, 12.84706, 9.58197, 9.96001, 14.04597, 11.2826, 11.21991, 
5.75072, 14.93868, 9.01277, 7.29229, -4.8339, -12.25299, -4.90035, 
-3.93436, -12.41629, -4.01665, -6.59865, -4.54723, -12.38, -5.46915, 
-3.72924, 0, 0, 0, 0, 0, 0, 0, 0, 0, 0, 0, 0, 0, 0, 0, 0, 0, 
0, 0, 0, 0, 0, 0.96412, 0.96502, 0.96547, 0.96528, 0.96801, 0.96916, 
0.966, 0.96821, 0.96833, 0.96864, 0.96929, 0.96376, 0.96333, 
0.96362, 0.96272, 0.96669, 0.96595, 0.96391, 0.96581, 0.96772, 
0.96805, 0.96799, 0.3622, 0.4041, 0.496, 0.6085, 0.6703, 0.8828, 
0.9012, 0.7345, 1.1531, 1.0149, 1.0713, 201.8, 234.2, 225.5, 
252.2, 287.9, 261.4, 273.8, 327.1, 335.1, 330, 371.2, 195, 2272, 
1130, 1640, 1351, 565, 128, 1369, 1914, 1809, 1168, 1, 2, 1, 
2, 1, 1, 1, 3, 1, 1, 1, 100, 100, 100, 100, 100, 100, 100, 100, 
100, 100, 100, 2500, 2500, 2500, 2500, 2500, 2500, 2500, 2500, 
2500, 2500, 2500, 20296.059, 22171.291, 24804.223, 28222.601, 
30977.985, 34244.31, 38105.6960000001, 41497.026, 46173.421, 
51110.585, 52628.356, 1, 1, 1, 1, 1, 1, 1, 1, 1, 1, 1, 0.1, 0.1, 
0.1, 0.1, 0.1, 0.1, 0.1, 0.1, 0.1, 0.1, 0.1, 0, 0, 0, 0, 0, 0, 
0, 0, 0, 0, 0, 0, 0, 0, 0, 0, 0, 0, 0, 0, 0, 0, 0.95598, 0.95526, 
0.95529, 0.95417, 0.95532, 0.95929, 0.95952, 0.9595, 0.95908, 
0.96025, 0.96134, 0.95376, 0.95561, 0.95498, 0.95474, 0.95559, 
0.9588, 0.95929, 0.95863, 0.96031, 0.9622, 0.96097, 0.3421, 0.3863, 
0.4527, 0.5398, 0.595, 0.6691, 0.7785, 0.8393, 0.9524, 1.0408, 
1.1408, 297.5, 314.8, 335.7, 365.7, 381.7, 394.9, 420.1, 430.1, 
453.8, 476.3, 498.7, 1, 1, 1, 1, 1, 1, 1, 1, 1, 1, 1, 1, 1, 1, 
1, 1, 1, 1, 1, 1, 1, 1, 1, 1, 1, 1, 1, 1, 1, 1, 1, 1, 1, 1, 1, 
1, 1, 1, 1, 1, 1, 1, 1, 1, 6.389, 6.909, 7.7, 8.559, 9.19, 10.065, 
11.289, 11.78, 13.084, 14.119, 15.136), .Dim = c(11L, 40L), .Dimnames = list(
    NULL, c("Sampling", "PSO.cost", "PSO.gamma", "PSO.data.balancing", 
    "PSO.feature.selection", "PSO.valid.acc", "PSO.test.acc", 
    "PSO.train.time", "PSO.n.support.vectors", "PSO.index", "PSO.n.solutions", 
    "PSO.generations", "PSO.n.evaluations", "PSO.cpu.time", "RS.cost", 
    "RS.gamma", "RS.data.balancing", "RS.feature.selection", 
    "RS.valid.acc", "RS.test.acc", "RS.train.time", "RS.n.support.vectors", 
    "RS.index", "RS.n.solutions", "RS.generations", "RS.n.evaluations", 
    "RS.cpu.time", "DF.cost", "DF.gamma", "DF.data.balancing", 
    "DF.feature.selection", "DF.valid.acc", "DF.test.acc", "DF.train.time", 
    "DF.n.support.vectors", "DF.index", "DF.n.solutions", "DF.generations", 
    "DF.n.evaluations", "DF.cpu.time")))
