full <-
structure(c(50, 55, 60, 65, 70, 75, 80, 85, 90, 95, 100, 15, 
11.01317, 15, 14.33795, 13.18796, 14.98358, 14.8395, 14.86942, 
14.99944, 14.82257, 8.56879, -7.5485, -7.90485, -10.98804, -8.02941, 
-9.93964, -10.95608, -11.71452, -7.63801, -8.21281, -9.62141, 
-5.12522, 0, 0, 0, 0, 0, 0, 0, 0, 0, 0, 0, 0, 0, 0, 0, 0, 0, 
0, 0, 0, 0, 0, 0.97188, 0.97108, 0.97071, 0.97183, 0.97225, 0.97237, 
0.9734, 0.97388, 0.971, 0.97253, 0.9704, 0.96966, 0.96838, 0.96886, 
0.97211, 0.96908, 0.96916, 0.97201, 0.97236, 0.971, 0.97195, 
0.9704, 0.6468, 0.3859, 0.5403, 0.7724, 0.5883, 0.8874, 0.9108, 
1.5814, 1.7639, 1.56, 1.1049, 156.8, 185, 208, 205.6, 238.9, 
252.8, 275.7, 252, 269.5, 303.6, 346.8, 1650, 1468, 104, 536, 
583, 585, 947, 681, 2440, 252, 2463, 1, 39, 1207, 265, 410, 59, 
271, 105, 1, 176, 42, 100, 100, 100, 100, 100, 100, 100, 100, 
100, 100, 100, 2500, 2500, 2500, 2500, 2500, 2500, 2500, 2500, 
2500, 2500, 2500, 21660.406, 18991.799, 20718.165, 25786.232, 
22865.269, 31773.621, 32655.559, 48126.121, 52026.957, 49927.9400000001, 
41614.1490000001, 14.62744, 10.39509, 14.99808, 14.25047, 14.77114, 
14.91513, 14.94398, 14.91789, 14.89888, 14.96668, 7.5461, -7.29386, 
-7.5317, -11.11932, -7.82643, -10.99209, -10.89187, -11.59589, 
-7.71539, -8.1226, -9.7171, -4.91911, 0, 0, 0, 0, 0, 0, 0, 0, 
0, 0, 0, 0, 0, 0, 0, 0, 0, 0, 0, 0, 0, 0, 0.97151, 0.9704, 0.9704, 
0.97126, 0.97146, 0.97212, 0.97317, 0.97344, 0.97059, 0.97234, 
0.97022, 0.96929, 0.96805, 0.96887, 0.9704, 0.96882, 0.96965, 
0.97155, 0.97236, 0.971, 0.97175, 0.96985, 0.5893, 0.3671, 0.5335, 
0.7616, 0.7418, 0.8854, 0.8999, 1.518, 1.7235, 1.6188, 1.0531, 
157.6, 187.6, 210.1, 205.5, 239.7, 252.4, 273.6, 251.4, 270.9, 
303.4, 355.4, 429, 1245, 2075, 2050, 2390, 619, 1073, 1944, 1693, 
1338, 1674, 1, 1, 1, 1, 5, 1, 1, 1, 1, 1, 1, 100, 100, 100, 100, 
100, 100, 100, 100, 100, 100, 100, 2500, 2500, 2500, 2500, 2500, 
2500, 2500, 2500, 2500, 2500, 2500, 19861.777, 21645.158, 24365.058, 
26816.446, 30512.523, 36532.902, 39827.446, 42759.71, 49121.437, 
56031.4180000001, 55128.1020000001, 1, 1, 1, 1, 1, 1, 1, 1, 1, 
1, 1, 0.1, 0.1, 0.1, 0.1, 0.1, 0.1, 0.1, 0.1, 0.1, 0.1, 0.1, 
0, 0, 0, 0, 0, 0, 0, 0, 0, 0, 0, 0, 0, 0, 0, 0, 0, 0, 0, 0, 0, 
0, 0.96004, 0.9593, 0.95808, 0.95959, 0.95877, 0.95953, 0.96299, 
0.96038, 0.96011, 0.96201, 0.96226, 0.96005, 0.9593, 0.95684, 
0.95931, 0.96009, 0.95978, 0.96206, 0.96125, 0.96093, 0.96104, 
0.96152, 0.3284, 0.3702, 0.448, 0.5119, 0.6215, 0.699, 0.7778, 
0.83, 0.9607, 1.1161, 1.1242, 281.2, 301.7, 335.2, 353.5, 386.6, 
401.4, 412.3, 428.2, 449.8, 477.7, 498.6, 1, 1, 1, 1, 1, 1, 1, 
1, 1, 1, 1, 1, 1, 1, 1, 1, 1, 1, 1, 1, 1, 1, 1, 1, 1, 1, 1, 1, 
1, 1, 1, 1, 1, 1, 1, 1, 1, 1, 1, 1, 1, 1, 1, 1, 6.117, 6.601, 
7.416, 8.043, 10.282, 10.982, 12.033, 12.552, 13.873, 15.554, 
14.891), .Dim = c(11L, 40L), .Dimnames = list(NULL, c("Sampling", 
"PSO.cost", "PSO.gamma", "PSO.data.balancing", "PSO.feature.selection", 
"PSO.valid.acc", "PSO.test.acc", "PSO.train.time", "PSO.n.support.vectors", 
"PSO.index", "PSO.n.solutions", "PSO.generations", "PSO.n.evaluations", 
"PSO.cpu.time", "RS.cost", "RS.gamma", "RS.data.balancing", "RS.feature.selection", 
"RS.valid.acc", "RS.test.acc", "RS.train.time", "RS.n.support.vectors", 
"RS.index", "RS.n.solutions", "RS.generations", "RS.n.evaluations", 
"RS.cpu.time", "DF.cost", "DF.gamma", "DF.data.balancing", "DF.feature.selection", 
"DF.valid.acc", "DF.test.acc", "DF.train.time", "DF.n.support.vectors", 
"DF.index", "DF.n.solutions", "DF.generations", "DF.n.evaluations", 
"DF.cpu.time")))
