full <-
structure(c(50, 55, 60, 65, 70, 75, 80, 85, 90, 95, 100, 9.68073, 
11.17983, 13.03642, 14.99682, 15, 14.12805, 15, 14.83276, 14.95372, 
7.30896, 9.8067, -9.07578, -6.37112, -8.60264, -9.44417, -14.32099, 
-12.01288, -9.26394, -9.19591, -8.79179, -4.76944, -5.68133, 
0, 0, 0, 0, 0, 0, 0, 0, 0, 0, 0, 0, 0, 0, 0, 0, 0, 0, 0, 0, 0, 
0, 0.96745, 0.9714, 0.96978, 0.97012, 0.96643, 0.96792, 0.969, 
0.96843, 0.97039, 0.96961, 0.97003, 0.96597, 0.96703, 0.96577, 
0.9687, 0.96458, 0.96742, 0.96553, 0.96517, 0.96936, 0.96863, 
0.96781, 0.3038, 0.399, 0.5766, 0.9625, 0.6081, 0.7677, 1.2705, 
1.4769, 1.8457, 1.032, 1.1609, 204.4, 184.1, 211.5, 221.1, 307.9, 
297, 266.3, 290.6, 298.2, 346.4, 333.9, 1148, 450, 982, 1005, 
1039, 1813, 440, 1726, 865, 2162, 700, 29, 48, 30, 33, 2, 3, 
154, 7, 3, 8, 186, 100, 100, 100, 100, 100, 100, 100, 100, 100, 
100, 100, 2500, 2500, 2500, 2500, 2500, 2500, 2500, 2500, 2500, 
2500, 2500, 15926.22, 19790.348, 23196.529, 29852.613, 23826.354, 
26896.413, 38200.204, 45966.135, 56746.899, 47592.112, 43988.3169999999, 
11.53718, 14.51113, 12.95712, 11.37442, 11.36614, 7.74837, 14.70016, 
14.80434, 14.99126, 7.10206, 9.64146, -10.4814, -10.10853, -8.5654, 
-5.79036, -10.21058, -4.50843, -9.87386, -9.17977, -7.99982, 
-4.70493, -5.33684, 0, 0, 0, 0, 0, 0, 0, 0, 0, 0, 0, 0, 0, 0, 
0, 0, 0, 0, 0, 0, 0, 0, 0.96708, 0.97006, 0.96948, 0.96927, 0.96616, 
0.96694, 0.96854, 0.96821, 0.96956, 0.96941, 0.96966, 0.96485, 
0.96704, 0.96608, 0.96727, 0.96352, 0.9662, 0.96715, 0.96517, 
0.96854, 0.96844, 0.96818, 0.3257, 0.5206, 0.5733, 0.616, 0.5945, 
0.6188, 1.1509, 1.4934, 2.0504, 0.9758, 1.2335, 206.2, 196.9, 
211.7, 218.6, 284.5, 281.2, 276.7, 289.8, 292.7, 347.9, 338.1, 
363, 1731, 2248, 2104, 646, 358, 1343, 1544, 2195, 1383, 2087, 
5, 3, 1, 1, 2, 2, 5, 2, 2, 1, 1, 100, 100, 100, 100, 100, 100, 
100, 100, 100, 100, 100, 2500, 2500, 2500, 2500, 2500, 2500, 
2500, 2500, 2500, 2500, 2500, 20689.936, 22291.893, 28286.098, 
27406.958, 31054.176, 33710.757, 40708.571, 45034.238, 50024.6409999999, 
55022.549, 59757.495, 1, 1, 1, 1, 1, 1, 1, 1, 1, 1, 1, 0.1, 0.1, 
0.1, 0.1, 0.1, 0.1, 0.1, 0.1, 0.1, 0.1, 0.1, 0, 0, 0, 0, 0, 0, 
0, 0, 0, 0, 0, 0, 0, 0, 0, 0, 0, 0, 0, 0, 0, 0, 0.95969, 0.9583, 
0.96023, 0.96044, 0.95982, 0.96077, 0.95928, 0.96016, 0.95846, 
0.96084, 0.9606, 0.95931, 0.95998, 0.95961, 0.96015, 0.95824, 
0.96003, 0.96044, 0.9606, 0.95928, 0.96084, 0.96115, 0.3202, 
0.3756, 0.4301, 0.5058, 0.5733, 0.6528, 0.7837, 0.8809, 0.9431, 
1.0957, 1.2229, 283.8, 305, 335.5, 355, 384.7, 398.4, 417.4, 
439.3, 462.8, 481.5, 498, 1, 1, 1, 1, 1, 1, 1, 1, 1, 1, 1, 1, 
1, 1, 1, 1, 1, 1, 1, 1, 1, 1, 1, 1, 1, 1, 1, 1, 1, 1, 1, 1, 1, 
1, 1, 1, 1, 1, 1, 1, 1, 1, 1, 1, 6.189, 6.684, 7.18, 8.186, 8.754, 
9.757, 12.18, 13.189, 13.964, 15.564, 16.839), .Dim = c(11L, 
40L), .Dimnames = list(NULL, c("Sampling", "PSO.cost", "PSO.gamma", 
"PSO.data.balancing", "PSO.feature.selection", "PSO.valid.acc", 
"PSO.test.acc", "PSO.train.time", "PSO.n.support.vectors", "PSO.index", 
"PSO.n.solutions", "PSO.generations", "PSO.n.evaluations", "PSO.cpu.time", 
"RS.cost", "RS.gamma", "RS.data.balancing", "RS.feature.selection", 
"RS.valid.acc", "RS.test.acc", "RS.train.time", "RS.n.support.vectors", 
"RS.index", "RS.n.solutions", "RS.generations", "RS.n.evaluations", 
"RS.cpu.time", "DF.cost", "DF.gamma", "DF.data.balancing", "DF.feature.selection", 
"DF.valid.acc", "DF.test.acc", "DF.train.time", "DF.n.support.vectors", 
"DF.index", "DF.n.solutions", "DF.generations", "DF.n.evaluations", 
"DF.cpu.time")))
