full <-
structure(c(50, 55, 60, 65, 70, 75, 80, 85, 90, 95, 100, 15, 
13.66357, 15, 8.05989, 14.63575, 15, 13.25931, 14.91408, 12.75685, 
14.83021, 7.97061, -11.18369, -10.31909, -10.35284, -6.73395, 
-12.07212, -8.16929, -8.13155, -7.10831, -7.51231, -6.94044, 
-5.08922, 0, 0, 0, 0, 0, 0, 0, 0, 0, 0, 0, 0, 0, 0, 0, 0, 0, 
0, 0, 0, 0, 0, 0.97004, 0.97208, 0.96947, 0.96896, 0.96802, 0.97016, 
0.97247, 0.97082, 0.9706, 0.97117, 0.97115, 0.96856, 0.96973, 
0.96793, 0.96754, 0.96828, 0.96868, 0.969, 0.96669, 0.9706, 0.96825, 
0.96911, 0.3854, 0.3993, 0.632, 0.4766, 0.6939, 1.3174, 1.0024, 
2.0043, 1.2004, 2.5108, 1.0717, 174.4, 189.7, 207.2, 238.4, 267.6, 
242.8, 266.4, 263.2, 291.9, 293.8, 347.3, 1529, 865, 126, 475, 
143, 391, 338, 818, 1577, 874, 1439, 476, 87, 413, 59, 261, 550, 
640, 108, 1, 83, 19, 100, 100, 100, 100, 100, 100, 100, 100, 
100, 100, 100, 2500, 2500, 2500, 2500, 2500, 2500, 2500, 2500, 
2500, 2500, 2500, 16404.141, 17366.75, 23355.909, 23553.328, 
25854.867, 40091.709, 33833.263, 47916.566, 38358.001, 65240.603, 
45515.905, 14.47951, 13.15797, 11.368, 13.63127, 14.88084, 14.84205, 
12.83454, 14.83885, 11.74992, 11.96627, 8.20046, -11.47584, -10.2274, 
-9.44434, -9.8289, -12.28239, -8.15935, -7.94498, -7.04448, -6.70094, 
-7.20609, -5.22803, 0, 0, 0, 0, 0, 0, 0, 0, 0, 0, 0, 0, 0, 0, 
0, 0, 0, 0, 0, 0, 0, 0, 0.96967, 0.97141, 0.96916, 0.96839, 0.96802, 
0.96967, 0.97223, 0.97061, 0.97019, 0.97078, 0.97059, 0.97004, 
0.96939, 0.96855, 0.96954, 0.96775, 0.96893, 0.96854, 0.96691, 
0.96895, 0.97097, 0.96911, 0.3533, 0.385, 0.4511, 0.6817, 0.704, 
1.2643, 0.9562, 1.9041, 1.1014, 1.228, 1.072, 181, 194.2, 223.3, 
227.1, 268.3, 244.3, 266.9, 263.9, 293.8, 312.4, 345.6, 540, 
84, 2278, 1071, 2336, 2224, 1041, 2462, 472, 134, 370, 2, 8, 
1, 6, 1, 1, 1, 1, 2, 4, 5, 100, 100, 100, 100, 100, 100, 100, 
100, 100, 100, 100, 2500, 2500, 2500, 2500, 2500, 2500, 2500, 
2500, 2500, 2500, 2500, 20376.028, 22392.741, 27021.471, 28990.511, 
31285.317, 34989.536, 37791.416, 41575.512, 44379.852, 50325.2559999999, 
54896.287, 1, 1, 1, 1, 1, 1, 1, 1, 1, 1, 1, 0.1, 0.1, 0.1, 0.1, 
0.1, 0.1, 0.1, 0.1, 0.1, 0.1, 0.1, 0, 0, 0, 0, 0, 0, 0, 0, 0, 
0, 0, 0, 0, 0, 0, 0, 0, 0, 0, 0, 0, 0, 0.96079, 0.9593, 0.96053, 
0.95958, 0.96088, 0.96005, 0.95999, 0.95972, 0.95887, 0.96065, 
0.96153, 0.9619, 0.96031, 0.96176, 0.96043, 0.96088, 0.96029, 
0.96045, 0.95907, 0.96113, 0.96084, 0.96135, 0.3285, 0.3887, 
0.469, 0.5272, 0.6137, 0.6685, 0.7472, 0.8131, 0.9331, 1.0425, 
1.1261, 285.3, 304.6, 337.2, 352.4, 378.5, 400, 423.4, 438.4, 
460.4, 477.4, 498.1, 1, 1, 1, 1, 1, 1, 1, 1, 1, 1, 1, 1, 1, 1, 
1, 1, 1, 1, 1, 1, 1, 1, 1, 1, 1, 1, 1, 1, 1, 1, 1, 1, 1, 1, 1, 
1, 1, 1, 1, 1, 1, 1, 1, 1, 6.306, 6.893, 8.147, 8.547, 9.497, 
10.026, 10.901, 11.549, 12.733, 14.108, 14.932), .Dim = c(11L, 
40L), .Dimnames = list(NULL, c("Sampling", "PSO.cost", "PSO.gamma", 
"PSO.data.balancing", "PSO.feature.selection", "PSO.valid.acc", 
"PSO.test.acc", "PSO.train.time", "PSO.n.support.vectors", "PSO.index", 
"PSO.n.solutions", "PSO.generations", "PSO.n.evaluations", "PSO.cpu.time", 
"RS.cost", "RS.gamma", "RS.data.balancing", "RS.feature.selection", 
"RS.valid.acc", "RS.test.acc", "RS.train.time", "RS.n.support.vectors", 
"RS.index", "RS.n.solutions", "RS.generations", "RS.n.evaluations", 
"RS.cpu.time", "DF.cost", "DF.gamma", "DF.data.balancing", "DF.feature.selection", 
"DF.valid.acc", "DF.test.acc", "DF.train.time", "DF.n.support.vectors", 
"DF.index", "DF.n.solutions", "DF.generations", "DF.n.evaluations", 
"DF.cpu.time")))
