full <-
structure(c(50, 55, 60, 65, 70, 75, 80, 85, 90, 95, 100, 11.96276, 
11.87985, 11.76893, 13.36603, 14.60142, 13.80277, 15, 14.95429, 
14.45246, 15, 15, -8.366, -6.49915, -7.36506, -10.33154, -9.08736, 
-10.82197, -8.34367, -8.1837, -11.15779, -8.58338, -7.06306, 
0, 0, 0, 0, 0, 0, 0, 0, 0, 0, 0, 0, 0, 0, 0, 0, 0, 0, 0, 0, 0, 
0, 0.96893, 0.9694, 0.96979, 0.97039, 0.97119, 0.97188, 0.97248, 
0.97148, 0.96978, 0.97136, 0.97059, 0.96893, 0.9657, 0.96671, 
0.96782, 0.96829, 0.96867, 0.96877, 0.96887, 0.96937, 0.96902, 
0.96856, 0.3604, 0.509, 0.5261, 0.5772, 0.9024, 0.712, 1.6017, 
1.7506, 1.1327, 2.154, 3.0657, 172.9, 187.8, 199.9, 216, 216.8, 
241.1, 242, 263.5, 307, 298.3, 306.5, 422, 1226, 536, 1982, 803, 
58, 539, 865, 2316, 1311, 1129, 196, 200, 258, 159, 40, 648, 
497, 15, 1, 1, 2, 100, 100, 100, 100, 100, 100, 100, 100, 100, 
100, 100, 2500, 2500, 2500, 2500, 2500, 2500, 2500, 2500, 2500, 
2500, 2500, 16819.121, 19952.564, 21735.269, 22986.944, 28870.847, 
27240.924, 43269.514, 49526.866, 36165.794, 57132.33, 80214.547, 
12.16076, 11.65793, 14.45773, 12.59564, 12.78065, 13.85961, 14.65717, 
14.60095, 14.98457, 14.90821, 14.42909, -8.38818, -6.655, -8.53613, 
-9.61667, -9.07295, -10.87431, -8.00989, -8.00093, -11.41659, 
-8.44251, -6.85712, 0, 0, 0, 0, 0, 0, 0, 0, 0, 0, 0, 0, 0, 0, 
0, 0, 0, 0, 0, 0, 0, 0, 0.96856, 0.96873, 0.96917, 0.97039, 0.97066, 
0.97188, 0.97178, 0.97104, 0.96936, 0.97058, 0.96929, 0.96819, 
0.96671, 0.96609, 0.96783, 0.96882, 0.96867, 0.96854, 0.96865, 
0.96978, 0.96902, 0.96819, 0.3494, 0.4782, 0.8018, 0.5431, 0.6376, 
0.7501, 1.4534, 1.6296, 1.2512, 2.0264, 2.5366, 172.6, 187.8, 
196.3, 213.9, 224.1, 241.6, 243.3, 263.6, 305.3, 298.2, 308.4, 
1153, 217, 1469, 2379, 1511, 734, 1698, 1036, 198, 2346, 898, 
2, 1, 5, 1, 1, 2, 3, 1, 3, 3, 2, 100, 100, 100, 100, 100, 100, 
100, 100, 100, 100, 100, 2500, 2500, 2500, 2500, 2500, 2500, 
2500, 2500, 2500, 2500, 2500, 20214.234, 22384.34, 25648.549, 
27876.299, 29935.201, 33986.374, 37849.698, 40926.31, 45610.735, 
49784.7799999999, 55511.4060000001, 1, 1, 1, 1, 1, 1, 1, 1, 1, 
1, 1, 0.1, 0.1, 0.1, 0.1, 0.1, 0.1, 0.1, 0.1, 0.1, 0.1, 0.1, 
0, 0, 0, 0, 0, 0, 0, 0, 0, 0, 0, 0, 0, 0, 0, 0, 0, 0, 0, 0, 0, 
0, 0.96005, 0.95897, 0.96024, 0.96072, 0.96247, 0.96374, 0.96254, 
0.9619, 0.96155, 0.9624, 0.96078, 0.95857, 0.95964, 0.96117, 
0.96072, 0.96273, 0.96152, 0.96184, 0.96081, 0.96052, 0.96181, 
0.96079, 0.3218, 0.3922, 0.4474, 0.5088, 0.5523, 0.6887, 0.6936, 
0.8072, 0.9267, 1.0427, 1.1405, 283.2, 300.6, 320.6, 333.7, 354.7, 
372.5, 392.3, 421.8, 442.7, 466.2, 497.7, 1, 1, 1, 1, 1, 1, 1, 
1, 1, 1, 1, 1, 1, 1, 1, 1, 1, 1, 1, 1, 1, 1, 1, 1, 1, 1, 1, 1, 
1, 1, 1, 1, 1, 1, 1, 1, 1, 1, 1, 1, 1, 1, 1, 1, 6.231, 6.978, 
7.616, 8.415, 8.704, 10.372, 10.29, 11.408, 12.78, 14.14, 15.093
), .Dim = c(11L, 40L), .Dimnames = list(NULL, c("Sampling", "PSO.cost", 
"PSO.gamma", "PSO.data.balancing", "PSO.feature.selection", "PSO.valid.acc", 
"PSO.test.acc", "PSO.train.time", "PSO.n.support.vectors", "PSO.index", 
"PSO.n.solutions", "PSO.generations", "PSO.n.evaluations", "PSO.cpu.time", 
"RS.cost", "RS.gamma", "RS.data.balancing", "RS.feature.selection", 
"RS.valid.acc", "RS.test.acc", "RS.train.time", "RS.n.support.vectors", 
"RS.index", "RS.n.solutions", "RS.generations", "RS.n.evaluations", 
"RS.cpu.time", "DF.cost", "DF.gamma", "DF.data.balancing", "DF.feature.selection", 
"DF.valid.acc", "DF.test.acc", "DF.train.time", "DF.n.support.vectors", 
"DF.index", "DF.n.solutions", "DF.generations", "DF.n.evaluations", 
"DF.cpu.time")))
