full <-
structure(c(50, 55, 60, 65, 70, 75, 80, 85, 90, 95, 100, 15, 
12.15814, 15, 14.99904, 14.39399, 9.35046, 13.28218, 8.67648, 
9.23752, 15, 14.99965, -8.59185, -6.43794, -9.95298, -8.33891, 
-8.78433, -5.80256, -6.79532, -5.57583, -5.65857, -8.46789, -6.09028, 
0, 0, 0, 0, 0, 0, 0, 0, 0, 0, 0, 0, 0, 0, 0, 0, 0, 0, 0, 0, 0, 
0, 0.97079, 0.96906, 0.97009, 0.97182, 0.96933, 0.97137, 0.97225, 
0.96975, 0.97039, 0.96961, 0.96985, 0.96931, 0.96738, 0.96823, 
0.96755, 0.97093, 0.97039, 0.96993, 0.96931, 0.96772, 0.96883, 
0.96781, 0.6058, 0.4875, 0.6363, 0.9177, 0.8309, 0.6148, 1.1932, 
0.8021, 0.8644, 1.9402, 3.2888, 160.2, 179.1, 186.1, 195.4, 220.1, 
246.3, 247.9, 287.5, 309.8, 307.3, 299.3, 44, 945, 1314, 2259, 
1169, 45, 1214, 1676, 2125, 977, 1845, 829, 44, 3, 16, 14, 88, 
88, 52, 4, 5, 1, 100, 100, 100, 100, 100, 100, 100, 100, 100, 
100, 100, 2500, 2500, 2500, 2500, 2500, 2500, 2500, 2500, 2500, 
2500, 2500, 22123.327, 20138.623, 23125.547, 28651.796, 29088.993, 
26468.84, 38103.025, 35698.819, 36832.763, 46069.621, 86891.3500000001, 
14.76462, 12.47816, 14.92488, 14.89945, 14.59814, 9.06712, 13.36915, 
7.65744, 9.17213, 9.84055, 13.80857, -8.41744, -6.59508, -10.06612, 
-8.14977, -8.57029, -5.45563, -6.86136, -5.15716, -5.54125, -5.87257, 
-6.54716, 0, 0, 0, 0, 0, 0, 0, 0, 0, 0, 0, 0, 0, 0, 0, 0, 0, 
0, 0, 0, 0, 0, 0.97041, 0.96873, 0.96916, 0.97097, 0.96881, 0.97113, 
0.97178, 0.96953, 0.96998, 0.96961, 0.96911, 0.96931, 0.96738, 
0.96793, 0.96755, 0.96855, 0.97015, 0.97016, 0.96909, 0.96792, 
0.96786, 0.96745, 0.5744, 0.5275, 0.6062, 0.9072, 0.9119, 0.6158, 
1.1832, 0.7526, 0.8795, 1.0484, 2.1786, 160.3, 177.5, 188.7, 
194.3, 216.4, 249.1, 247.8, 296.6, 310.8, 321.7, 311, 2247, 1009, 
2077, 1394, 1410, 1955, 1826, 1697, 662, 1371, 1673, 4, 3, 1, 
1, 1, 9, 1, 3, 1, 1, 1, 100, 100, 100, 100, 100, 100, 100, 100, 
100, 100, 100, 2500, 2500, 2500, 2500, 2500, 2500, 2500, 2500, 
2500, 2500, 2500, 20428.823, 22542.677, 25140.014, 26625.921, 
28989.086, 31652.681, 36465.677, 40606.818, 44438.158, 47739.0149999999, 
56095.4380000001, 1, 1, 1, 1, 1, 1, 1, 1, 1, 1, 1, 0.1, 0.1, 
0.1, 0.1, 0.1, 0.1, 0.1, 0.1, 0.1, 0.1, 0.1, 0, 0, 0, 0, 0, 0, 
0, 0, 0, 0, 0, 0, 0, 0, 0, 0, 0, 0, 0, 0, 0, 0, 0.95265, 0.95595, 
0.95467, 0.95872, 0.9585, 0.96201, 0.96045, 0.96038, 0.96175, 
0.96123, 0.9606, 0.95339, 0.95561, 0.95714, 0.959, 0.96035, 0.96028, 
0.96091, 0.96017, 0.96011, 0.96084, 0.96005, 0.3261, 0.391, 0.4473, 
0.4779, 0.5495, 0.6204, 0.7227, 0.8221, 0.9189, 0.9808, 1.1335, 
288.8, 306.8, 326.2, 337.6, 357.5, 379.3, 401.7, 426.1, 455.6, 
478.7, 497.6, 1, 1, 1, 1, 1, 1, 1, 1, 1, 1, 1, 1, 1, 1, 1, 1, 
1, 1, 1, 1, 1, 1, 1, 1, 1, 1, 1, 1, 1, 1, 1, 1, 1, 1, 1, 1, 1, 
1, 1, 1, 1, 1, 1, 1, 6.063, 6.896, 7.598, 7.733, 8.558, 9.39, 
10.57, 11.732, 12.685, 13.343, 15.81), .Dim = c(11L, 40L), .Dimnames = list(
    NULL, c("Sampling", "PSO.cost", "PSO.gamma", "PSO.data.balancing", 
    "PSO.feature.selection", "PSO.valid.acc", "PSO.test.acc", 
    "PSO.train.time", "PSO.n.support.vectors", "PSO.index", "PSO.n.solutions", 
    "PSO.generations", "PSO.n.evaluations", "PSO.cpu.time", "RS.cost", 
    "RS.gamma", "RS.data.balancing", "RS.feature.selection", 
    "RS.valid.acc", "RS.test.acc", "RS.train.time", "RS.n.support.vectors", 
    "RS.index", "RS.n.solutions", "RS.generations", "RS.n.evaluations", 
    "RS.cpu.time", "DF.cost", "DF.gamma", "DF.data.balancing", 
    "DF.feature.selection", "DF.valid.acc", "DF.test.acc", "DF.train.time", 
    "DF.n.support.vectors", "DF.index", "DF.n.solutions", "DF.generations", 
    "DF.n.evaluations", "DF.cpu.time")))
