full <-
structure(c(50, 55, 60, 65, 70, 75, 80, 85, 90, 95, 100, 12.77969, 
14.08567, 14.90188, 14.58459, 14.96431, 10.28456, 14.14516, 14.28668, 
9.23823, 15, 9.5169, -10.64655, -9.11742, -6.70892, -5.52575, 
-4.90257, -4.76098, -10.63862, -8.09785, -5.09339, -8.48936, 
-5.55363, 0, 0, 0, 0, 0, 0, 0, 0, 0, 0, 0, 0, 0, 0, 0, 0, 0, 
0, 0, 0, 0, 0, 0.97264, 0.97241, 0.9704, 0.96927, 0.97066, 0.97088, 
0.96994, 0.96909, 0.9708, 0.97175, 0.97133, 0.96931, 0.97073, 
0.96979, 0.96528, 0.96722, 0.96792, 0.96693, 0.96778, 0.96956, 
0.97, 0.97041, 0.3501, 0.5138, 0.9291, 1.1983, 1.7775, 0.7709, 
0.9403, 1.567, 1.0023, 2.1457, 1.2277, 178.7, 176, 184.3, 201.5, 
215.8, 259.3, 288, 280.9, 313.3, 304.6, 336.4, 90, 1039, 1781, 
2295, 1023, 2256, 439, 1820, 680, 200, 1365, 53, 55, 1, 3, 47, 
1, 60, 9, 250, 741, 27, 100, 100, 100, 100, 100, 100, 100, 100, 
100, 100, 100, 2500, 2500, 2500, 2500, 2500, 2500, 2500, 2500, 
2500, 2500, 2500, 16667.056, 20155.413, 27082.297, 33819.455, 
42945.202, 32251.721, 33148.623, 46947.215, 37159.938, 60211.863, 
42293.804, 12.96101, 13.92105, 14.67112, 8.33152, 10.09477, 9.97526, 
14.71257, 14.30764, 9.57297, 14.96534, 9.82374, -10.76563, -9.05218, 
-6.60574, -5.42455, -6.52379, -4.63726, -12.48204, -8.1519, -5.078, 
-8.79354, -5.60082, 0, 0, 0, 0, 0, 0, 0, 0, 0, 0, 0, 0, 0, 0, 
0, 0, 0, 0, 0, 0, 0, 0, 0.97264, 0.97207, 0.97009, 0.96898, 0.97013, 
0.97039, 0.96971, 0.96822, 0.97018, 0.97136, 0.97078, 0.96968, 
0.97039, 0.96948, 0.96586, 0.96881, 0.96694, 0.96623, 0.968, 
0.96895, 0.97058, 0.97022, 0.3463, 0.4986, 0.8652, 0.4706, 0.5916, 
0.7196, 0.9022, 1.4826, 1.0315, 1.9944, 1.1555, 178.9, 176.2, 
185.1, 234.1, 236.4, 261.4, 309.9, 280.9, 312, 309.2, 333.6, 
1844, 657, 2023, 1206, 1277, 1454, 581, 1322, 652, 1313, 2461, 
1, 1, 1, 1, 2, 1, 1, 1, 2, 3, 1, 100, 100, 100, 100, 100, 100, 
100, 100, 100, 100, 100, 2500, 2500, 2500, 2500, 2500, 2500, 
2500, 2500, 2500, 2500, 2500, 19733.328, 21931.01, 24795.633, 
27361.19, 30707.597, 34342.517, 38581.63, 44429.523, 48081.269, 
52006.1699999999, 56177.683, 1, 1, 1, 1, 1, 1, 1, 1, 1, 1, 1, 
0.1, 0.1, 0.1, 0.1, 0.1, 0.1, 0.1, 0.1, 0.1, 0.1, 0.1, 0, 0, 
0, 0, 0, 0, 0, 0, 0, 0, 0, 0, 0, 0, 0, 0, 0, 0, 0, 0, 0, 0, 0.9608, 
0.96198, 0.95776, 0.95902, 0.95929, 0.95904, 0.95884, 0.9593, 
0.96072, 0.96006, 0.96097, 0.96007, 0.96165, 0.95776, 0.9576, 
0.95929, 0.95879, 0.95676, 0.95929, 0.96052, 0.95967, 0.96079, 
0.3214, 0.3546, 0.4332, 0.5083, 0.5797, 0.6815, 0.7932, 0.9026, 
1.0326, 1.1663, 1.1581, 268.3, 296, 329.9, 353.8, 369.3, 394.3, 
419.3, 446.4, 463, 480.4, 493.4, 1, 1, 1, 1, 1, 1, 1, 1, 1, 1, 
1, 1, 1, 1, 1, 1, 1, 1, 1, 1, 1, 1, 1, 1, 1, 1, 1, 1, 1, 1, 1, 
1, 1, 1, 1, 1, 1, 1, 1, 1, 1, 1, 1, 1, 6.278, 6.395, 7.524, 8.208, 
8.933, 10.265, 11.782, 12.774, 14.182, 15.707, 15.446), .Dim = c(11L, 
40L), .Dimnames = list(NULL, c("Sampling", "PSO.cost", "PSO.gamma", 
"PSO.data.balancing", "PSO.feature.selection", "PSO.valid.acc", 
"PSO.test.acc", "PSO.train.time", "PSO.n.support.vectors", "PSO.index", 
"PSO.n.solutions", "PSO.generations", "PSO.n.evaluations", "PSO.cpu.time", 
"RS.cost", "RS.gamma", "RS.data.balancing", "RS.feature.selection", 
"RS.valid.acc", "RS.test.acc", "RS.train.time", "RS.n.support.vectors", 
"RS.index", "RS.n.solutions", "RS.generations", "RS.n.evaluations", 
"RS.cpu.time", "DF.cost", "DF.gamma", "DF.data.balancing", "DF.feature.selection", 
"DF.valid.acc", "DF.test.acc", "DF.train.time", "DF.n.support.vectors", 
"DF.index", "DF.n.solutions", "DF.generations", "DF.n.evaluations", 
"DF.cpu.time")))
