full <-
structure(c(50, 55, 60, 65, 70, 75, 80, 85, 90, 95, 100, 10.122, 
7.59098, 10.10879, 7.93144, 14.31094, 12.46806, 13.66326, 10.67478, 
15, 15, 8.77223, -7.07523, -5.19475, -5.93705, -4.93139, -8.15124, 
-7.31996, -8.1335, -6.36251, -6.40557, -9.10405, -4.48693, 0, 
0, 0, 0, 0, 0, 0, 0, 0, 0, 0, 0, 0, 0, 0, 0, 0, 0, 0, 0, 0, 0, 
0.97151, 0.96837, 0.96856, 0.97011, 0.96855, 0.96867, 0.96854, 
0.96931, 0.96936, 0.96961, 0.97021, 0.96744, 0.96738, 0.96455, 
0.96527, 0.96512, 0.96571, 0.96645, 0.96735, 0.96854, 0.96766, 
0.96726, 0.3415, 0.388, 0.4963, 0.4876, 1.0188, 0.8687, 1.0756, 
0.9116, 2.8184, 1.9083, 1.2731, 183.1, 215.4, 213.3, 240, 227.6, 
246.7, 260.1, 287.8, 286.9, 311.3, 350.2, 624, 872, 220, 981, 
1755, 1711, 1215, 990, 217, 1133, 683, 124, 189, 72, 34, 18, 
3, 17, 48, 232, 22, 402, 100, 100, 100, 100, 100, 100, 100, 100, 
100, 100, 100, 2500, 2500, 2500, 2500, 2500, 2500, 2500, 2500, 
2500, 2500, 2500, 16127.948, 17994.182, 21188.265, 21330.633, 
30319.598, 32251.328, 37965.462, 36269.407, 69547.0600000001, 
60102.8049999999, 41749.233, 10.4056, 7.65467, 11.78183, 9.01664, 
14.20872, 11.17597, 14.87169, 11.34069, 14.88513, 14.25317, 8.9533, 
-7.1223, -5.55131, -7.22354, -5.36637, -7.99936, -6.43586, -8.68724, 
-6.55194, -6.40539, -8.08442, -4.64093, 0, 0, 0, 0, 0, 0, 0, 
0, 0, 0, 0, 0, 0, 0, 0, 0, 0, 0, 0, 0, 0, 0, 0.97077, 0.96737, 
0.96856, 0.96983, 0.96855, 0.96769, 0.96761, 0.96865, 0.96916, 
0.96922, 0.96984, 0.9667, 0.96704, 0.9664, 0.96613, 0.96485, 
0.96793, 0.96668, 0.96756, 0.96936, 0.96746, 0.96689, 0.3578, 
0.3759, 0.5347, 0.4962, 1.039, 0.7237, 1.3031, 1.0128, 2.7493, 
1.8532, 1.1492, 180.9, 212.1, 205.9, 234.7, 228.5, 250.6, 255.6, 
284.6, 286.7, 308.3, 348.8, 1739, 2463, 1477, 2245, 2143, 2103, 
2368, 1275, 1191, 1958, 1942, 1, 5, 1, 2, 1, 3, 3, 2, 1, 2, 1, 
100, 100, 100, 100, 100, 100, 100, 100, 100, 100, 100, 2500, 
2500, 2500, 2500, 2500, 2500, 2500, 2500, 2500, 2500, 2500, 20631.418, 
23982.845, 26401.861, 28054.927, 31414.298, 33333.753, 36450.659, 
43631.097, 45371.3, 53422.12, 56866.074, 1, 1, 1, 1, 1, 1, 1, 
1, 1, 1, 1, 0.1, 0.1, 0.1, 0.1, 0.1, 0.1, 0.1, 0.1, 0.1, 0.1, 
0.1, 0, 0, 0, 0, 0, 0, 0, 0, 0, 0, 0, 0, 0, 0, 0, 0, 0, 0, 0, 
0, 0, 0, 0.95782, 0.95762, 0.95837, 0.95958, 0.95876, 0.96003, 
0.95835, 0.95777, 0.95826, 0.95948, 0.96189, 0.95744, 0.95863, 
0.95868, 0.96044, 0.95929, 0.96077, 0.95881, 0.95799, 0.95908, 
0.95948, 0.96042, 0.3541, 0.4074, 0.4385, 0.5122, 0.5474, 0.6226, 
0.715, 0.8577, 0.968, 1.0696, 1.1842, 295.5, 313, 327, 349, 365.7, 
390.8, 415.4, 443.2, 468, 477.7, 497.8, 1, 1, 1, 1, 1, 1, 1, 
1, 1, 1, 1, 1, 1, 1, 1, 1, 1, 1, 1, 1, 1, 1, 1, 1, 1, 1, 1, 1, 
1, 1, 1, 1, 1, 1, 1, 1, 1, 1, 1, 1, 1, 1, 1, 1, 6.891, 7.392, 
7.684, 8.32, 8.511, 9.387, 10.538, 12.157, 13.351, 14.328, 15.754
), .Dim = c(11L, 40L), .Dimnames = list(NULL, c("Sampling", "PSO.cost", 
"PSO.gamma", "PSO.data.balancing", "PSO.feature.selection", "PSO.valid.acc", 
"PSO.test.acc", "PSO.train.time", "PSO.n.support.vectors", "PSO.index", 
"PSO.n.solutions", "PSO.generations", "PSO.n.evaluations", "PSO.cpu.time", 
"RS.cost", "RS.gamma", "RS.data.balancing", "RS.feature.selection", 
"RS.valid.acc", "RS.test.acc", "RS.train.time", "RS.n.support.vectors", 
"RS.index", "RS.n.solutions", "RS.generations", "RS.n.evaluations", 
"RS.cpu.time", "DF.cost", "DF.gamma", "DF.data.balancing", "DF.feature.selection", 
"DF.valid.acc", "DF.test.acc", "DF.train.time", "DF.n.support.vectors", 
"DF.index", "DF.n.solutions", "DF.generations", "DF.n.evaluations", 
"DF.cpu.time")))
