full <-
structure(c(50, 55, 60, 65, 70, 75, 80, 85, 90, 95, 100, 15, 
15, 15, 14.30944, 15, 15, 14.96696, 15, 14.71012, 14.86546, 14.96995, 
-9.3564, -10.35042, -12.8874, -8.65476, -9.47204, -10.07597, 
-8.55904, -10.00069, -8.75869, -6.8991, -6.66837, 0, 0, 0, 0, 
0, 0, 0, 0, 0, 0, 0, 0, 0, 0, 0, 0, 0, 0, 0, 0, 0, 0, 0.97188, 
0.97141, 0.97102, 0.96956, 0.97278, 0.97335, 0.97316, 0.97104, 
0.97224, 0.97175, 0.97151, 0.97113, 0.97074, 0.96855, 0.96899, 
0.97173, 0.97064, 0.97062, 0.97105, 0.97018, 0.96902, 0.96985, 
0.4879, 0.4881, 0.4832, 0.7337, 0.8958, 0.9902, 1.4863, 1.3495, 
1.7904, 3.0283, 3.2235, 165.3, 177, 216.9, 203, 221.1, 236.2, 
246, 278.7, 293.5, 297, 305, 395, 2016, 245, 694, 2044, 1626, 
684, 1389, 537, 458, 1585, 231, 3, 570, 33, 61, 2, 14, 11, 26, 
26, 12, 100, 100, 100, 100, 100, 100, 100, 100, 100, 100, 100, 
2500, 2500, 2500, 2500, 2500, 2500, 2500, 2500, 2500, 2500, 2500, 
19581.09, 22516.15, 19992.415, 26382.47, 31607.364, 34871.446, 
45275.575, 44005.796, 53798.753, 74460.762, 78862.657, 14.83129, 
14.8797, 14.57583, 14.30566, 14.85338, 14.96725, 14.70263, 14.50138, 
14.19414, 12.37562, 10.24377, -9.82827, -8.56982, -12.44172, 
-9.03544, -9.17001, -9.9995, -8.59573, -8.53642, -8.55923, -8.24246, 
-5.19369, 0, 0, 0, 0, 0, 0, 0, 0, 0, 0, 0, 0, 0, 0, 0, 0, 0, 
0, 0, 0, 0, 0, 0.97077, 0.97074, 0.9704, 0.96899, 0.97225, 0.97261, 
0.9727, 0.97061, 0.97183, 0.97019, 0.97151, 0.96965, 0.96872, 
0.96825, 0.96957, 0.97146, 0.97039, 0.97108, 0.97061, 0.96998, 
0.96844, 0.97059, 0.4727, 0.6063, 0.473, 0.7256, 0.9026, 0.9656, 
1.4013, 1.4224, 1.6946, 1.2781, 1.2977, 169.2, 168.8, 215.8, 
205.1, 218.2, 235.6, 248.8, 268, 295.3, 316.7, 334.5, 463, 1756, 
439, 2331, 1343, 769, 1984, 2117, 1114, 717, 1458, 10, 2, 2, 
2, 1, 1, 1, 3, 2, 4, 2, 100, 100, 100, 100, 100, 100, 100, 100, 
100, 100, 100, 2500, 2500, 2500, 2500, 2500, 2500, 2500, 2500, 
2500, 2500, 2500, 20846.538, 22373.202, 25301.088, 29807.926, 
35376.812, 37387.546, 41844.495, 45235.261, 49569.932, 54486.5580000001, 
58478.4280000001, 1, 1, 1, 1, 1, 1, 1, 1, 1, 1, 1, 0.1, 0.1, 
0.1, 0.1, 0.1, 0.1, 0.1, 0.1, 0.1, 0.1, 0.1, 0, 0, 0, 0, 0, 0, 
0, 0, 0, 0, 0, 0, 0, 0, 0, 0, 0, 0, 0, 0, 0, 0, 0.95485, 0.95459, 
0.95591, 0.95646, 0.95586, 0.95855, 0.9579, 0.95929, 0.96011, 
0.95967, 0.96097, 0.95448, 0.95593, 0.95714, 0.95618, 0.95454, 
0.95756, 0.95906, 0.96038, 0.96031, 0.96006, 0.96005, 0.3527, 
0.4027, 0.4622, 0.5476, 0.6581, 0.7254, 0.7779, 0.9528, 1.1472, 
1.1165, 1.2511, 303.5, 318, 337.8, 361.4, 393.5, 406.9, 426.1, 
446.3, 462.7, 489.3, 497.9, 1, 1, 1, 1, 1, 1, 1, 1, 1, 1, 1, 
1, 1, 1, 1, 1, 1, 1, 1, 1, 1, 1, 1, 1, 1, 1, 1, 1, 1, 1, 1, 1, 
1, 1, 1, 1, 1, 1, 1, 1, 1, 1, 1, 1, 6.613, 7.1, 7.791, 9.709, 
10.841, 11.482, 11.956, 13.992, 16.35, 16.007, 17.309), .Dim = c(11L, 
40L), .Dimnames = list(NULL, c("Sampling", "PSO.cost", "PSO.gamma", 
"PSO.data.balancing", "PSO.feature.selection", "PSO.valid.acc", 
"PSO.test.acc", "PSO.train.time", "PSO.n.support.vectors", "PSO.index", 
"PSO.n.solutions", "PSO.generations", "PSO.n.evaluations", "PSO.cpu.time", 
"RS.cost", "RS.gamma", "RS.data.balancing", "RS.feature.selection", 
"RS.valid.acc", "RS.test.acc", "RS.train.time", "RS.n.support.vectors", 
"RS.index", "RS.n.solutions", "RS.generations", "RS.n.evaluations", 
"RS.cpu.time", "DF.cost", "DF.gamma", "DF.data.balancing", "DF.feature.selection", 
"DF.valid.acc", "DF.test.acc", "DF.train.time", "DF.n.support.vectors", 
"DF.index", "DF.n.solutions", "DF.generations", "DF.n.evaluations", 
"DF.cpu.time")))
