full <-
structure(c(50, 55, 60, 65, 70, 75, 80, 85, 90, 95, 100, 14.91166, 
15, 14.98518, 15, 15, 9.27742, 14.51798, 13.40702, 13.75883, 
12.43935, 13.38236, -8.31198, -10.93912, -10.96592, -11.04724, 
-6.26919, -5.98285, -7.44479, -7.51209, -6.68275, -6.22335, -9.45107, 
0, 0, 0, 0, 0, 0, 0, 0, 0, 0, 0, 0, 0, 0, 0, 0, 0, 0, 0, 0, 0, 
0, 0.97448, 0.97578, 0.9741, 0.97353, 0.9741, 0.97311, 0.97456, 
0.97322, 0.97327, 0.97019, 0.97096, 0.97003, 0.97141, 0.97132, 
0.97182, 0.97066, 0.9704, 0.97409, 0.97082, 0.97203, 0.96726, 
0.9693, 0.5382, 0.4564, 0.5601, 0.5633, 1.5406, 0.5911, 1.2767, 
1.1636, 1.7124, 1.577, 1.4486, 148, 170.2, 188.9, 200.7, 196.7, 
236.5, 225.3, 249.3, 271.6, 301.1, 339.2, 363, 186, 412, 298, 
312, 1242, 1139, 508, 1068, 1279, 2443, 157, 45, 394, 367, 952, 
33, 2, 35, 20, 47, 143, 100, 100, 100, 100, 100, 100, 100, 100, 
100, 100, 100, 2500, 2500, 2500, 2500, 2500, 2500, 2500, 2500, 
2500, 2500, 2500, 19258.453, 18978.757, 20978.868, 22395.795, 
39652.183, 24518.666, 41750.956, 36446.553, 52241.815, 52350.7220000001, 
49793.871, 14.31223, 14.78248, 13.76542, 14.77712, 8.64022, 9.26224, 
14.45802, 13.44901, 13.64275, 12.49768, 13.26802, -9.4166, -10.15075, 
-9.46465, -11.06634, -5.43145, -6.06153, -7.42829, -7.53258, 
-6.65157, -6.22983, -9.37618, 0, 0, 0, 0, 0, 0, 0, 0, 0, 0, 0, 
0, 0, 0, 0, 0, 0, 0, 0, 0, 0, 0, 0.97447, 0.9741, 0.97317, 0.97324, 
0.97332, 0.97286, 0.9741, 0.97322, 0.97285, 0.97, 0.97096, 0.97189, 
0.97174, 0.97194, 0.97239, 0.97383, 0.9699, 0.97386, 0.97082, 
0.97182, 0.96746, 0.96948, 0.4147, 0.4669, 0.521, 0.5647, 0.5237, 
0.5799, 1.3375, 1.1883, 1.6345, 1.5186, 1.3816, 149.2, 166.6, 
185.4, 201.9, 223.4, 235.8, 225.7, 249.2, 271.3, 301.1, 339.4, 
1059, 1297, 1021, 2374, 827, 1247, 490, 366, 381, 2310, 2125, 
1, 3, 3, 1, 1, 1, 1, 2, 1, 1, 1, 100, 100, 100, 100, 100, 100, 
100, 100, 100, 100, 100, 2500, 2500, 2500, 2500, 2500, 2500, 
2500, 2500, 2500, 2500, 2500, 20443.611, 22458.702, 24300.736, 
26490.629, 30152.537, 34845.174, 38784.471, 42882.829, 49095.826, 
52687.219, 54172.713, 1, 1, 1, 1, 1, 1, 1, 1, 1, 1, 1, 0.1, 0.1, 
0.1, 0.1, 0.1, 0.1, 0.1, 0.1, 0.1, 0.1, 0.1, 0, 0, 0, 0, 0, 0, 
0, 0, 0, 0, 0, 0, 0, 0, 0, 0, 0, 0, 0, 0, 0, 0, 0.95672, 0.95897, 
0.95745, 0.96129, 0.95928, 0.96004, 0.9616, 0.96168, 0.96031, 
0.95987, 0.96245, 0.95672, 0.95998, 0.95807, 0.961, 0.95928, 
0.96053, 0.96206, 0.96081, 0.96113, 0.96026, 0.96227, 0.3316, 
0.3856, 0.4498, 0.515, 0.5463, 0.6406, 0.8247, 0.881, 1.0178, 
1.1178, 1.1245, 281.7, 302.5, 324.4, 339.5, 356.5, 378.5, 397, 
415.6, 443.1, 470, 497.6, 1, 1, 1, 1, 1, 1, 1, 1, 1, 1, 1, 1, 
1, 1, 1, 1, 1, 1, 1, 1, 1, 1, 1, 1, 1, 1, 1, 1, 1, 1, 1, 1, 1, 
1, 1, 1, 1, 1, 1, 1, 1, 1, 1, 1, 6.389, 7.012, 7.515, 8.304, 
8.74, 9.803, 12.052, 12.599, 13.865, 15.153, 14.776), .Dim = c(11L, 
40L), .Dimnames = list(NULL, c("Sampling", "PSO.cost", "PSO.gamma", 
"PSO.data.balancing", "PSO.feature.selection", "PSO.valid.acc", 
"PSO.test.acc", "PSO.train.time", "PSO.n.support.vectors", "PSO.index", 
"PSO.n.solutions", "PSO.generations", "PSO.n.evaluations", "PSO.cpu.time", 
"RS.cost", "RS.gamma", "RS.data.balancing", "RS.feature.selection", 
"RS.valid.acc", "RS.test.acc", "RS.train.time", "RS.n.support.vectors", 
"RS.index", "RS.n.solutions", "RS.generations", "RS.n.evaluations", 
"RS.cpu.time", "DF.cost", "DF.gamma", "DF.data.balancing", "DF.feature.selection", 
"DF.valid.acc", "DF.test.acc", "DF.train.time", "DF.n.support.vectors", 
"DF.index", "DF.n.solutions", "DF.generations", "DF.n.evaluations", 
"DF.cpu.time")))
