full <-
structure(c(50, 55, 60, 65, 70, 75, 80, 85, 90, 95, 100, 10.99528, 
14.08348, 14.97899, 7.50275, 14.59172, 15, 11.75939, 14.98167, 
15, 15, 14.47331, -10.07952, -10.87106, -6.54988, -4.91342, -9.0218, 
-8.33833, -7.27231, -9.09017, -9.11927, -8.05147, -6.77941, 0, 
0, 0, 0, 0, 0, 0, 0, 0, 0, 0, 0, 0, 0, 0, 0, 0, 0, 0, 0, 0, 0, 
0.96634, 0.96738, 0.96794, 0.96925, 0.96881, 0.96965, 0.969, 
0.9693, 0.97039, 0.97136, 0.97058, 0.96559, 0.96469, 0.96671, 
0.96613, 0.96775, 0.96768, 0.96854, 0.97017, 0.96998, 0.96883, 
0.97003, 0.3121, 0.4703, 1.2257, 0.4351, 0.9533, 1.2216, 0.8336, 
1.449, 1.6019, 2.0219, 2.5053, 197.2, 200.3, 195.7, 233.7, 226.7, 
239.6, 274.6, 284, 293.9, 298.9, 310.3, 922, 1812, 1562, 272, 
262, 1294, 701, 1202, 610, 334, 715, 42, 13, 2, 28, 625, 9, 42, 
4, 115, 33, 107, 100, 100, 100, 100, 100, 100, 100, 100, 100, 
100, 100, 2500, 2500, 2500, 2500, 2500, 2500, 2500, 2500, 2500, 
2500, 2500, 16118.002, 17316.43, 28014.392, 21953.291, 28358.958, 
36216.264, 29912.534, 43607.164, 40001.995, 54324.89, 55305.6899999999, 
10.71498, 8.69547, 14.95015, 8.04666, 8.6794, 14.97318, 11.58748, 
14.9711, 7.76782, 13.45911, 11.31201, -9.90851, -8.38409, -6.48474, 
-4.7828, -5.86528, -8.76748, -7.23779, -8.75876, -5.60982, -7.89836, 
-5.3159, 0, 0, 0, 0, 0, 0, 0, 0, 0, 0, 0, 0, 0, 0, 0, 0, 0, 0, 
0, 0, 0, 0, 0.96634, 0.96704, 0.96763, 0.96868, 0.96881, 0.96891, 
0.96854, 0.96887, 0.97018, 0.97039, 0.97003, 0.96522, 0.96671, 
0.9664, 0.9667, 0.96722, 0.96718, 0.96854, 0.96887, 0.96833, 
0.9698, 0.96966, 0.308, 0.3346, 1.2768, 0.4496, 0.5103, 1.0952, 
0.804, 1.5812, 0.7728, 1.3521, 1.4259, 196.7, 213.2, 196, 233.8, 
240.8, 241.2, 275.8, 282.9, 321.8, 306.2, 327.2, 383, 1517, 1058, 
2427, 840, 1722, 761, 395, 1218, 1698, 2158, 1, 3, 4, 12, 4, 
2, 5, 1, 3, 2, 6, 100, 100, 100, 100, 100, 100, 100, 100, 100, 
100, 100, 2500, 2500, 2500, 2500, 2500, 2500, 2500, 2500, 2500, 
2500, 2500, 19052.679, 21735.348, 24193.943, 26883.531, 29785.643, 
32702.44, 36453.848, 41070.817, 43204.3150000001, 45344.1059999999, 
53217.045, 1, 1, 1, 1, 1, 1, 1, 1, 1, 1, 1, 0.1, 0.1, 0.1, 0.1, 
0.1, 0.1, 0.1, 0.1, 0.1, 0.1, 0.1, 0, 0, 0, 0, 0, 0, 0, 0, 0, 
0, 0, 0, 0, 0, 0, 0, 0, 0, 0, 0, 0, 0, 0.95893, 0.95897, 0.95745, 
0.959, 0.96142, 0.9578, 0.96021, 0.95667, 0.95928, 0.96123, 0.9606, 
0.95782, 0.95998, 0.95714, 0.96014, 0.96115, 0.95879, 0.9586, 
0.95754, 0.9597, 0.96201, 0.96134, 0.3164, 0.3662, 0.4354, 0.4902, 
0.5518, 0.6299, 0.7669, 0.8363, 0.9104, 0.9625, 1.2136, 280, 
300.8, 329.2, 345.2, 364.7, 398.5, 431.6, 450.2, 469.2, 476.6, 
497.9, 1, 1, 1, 1, 1, 1, 1, 1, 1, 1, 1, 1, 1, 1, 1, 1, 1, 1, 
1, 1, 1, 1, 1, 1, 1, 1, 1, 1, 1, 1, 1, 1, 1, 1, 1, 1, 1, 1, 1, 
1, 1, 1, 1, 1, 5.853, 6.556, 7.261, 7.861, 8.522, 9.215, 10.925, 
11.597, 12.335, 12.966, 16.631), .Dim = c(11L, 40L), .Dimnames = list(
    NULL, c("Sampling", "PSO.cost", "PSO.gamma", "PSO.data.balancing", 
    "PSO.feature.selection", "PSO.valid.acc", "PSO.test.acc", 
    "PSO.train.time", "PSO.n.support.vectors", "PSO.index", "PSO.n.solutions", 
    "PSO.generations", "PSO.n.evaluations", "PSO.cpu.time", "RS.cost", 
    "RS.gamma", "RS.data.balancing", "RS.feature.selection", 
    "RS.valid.acc", "RS.test.acc", "RS.train.time", "RS.n.support.vectors", 
    "RS.index", "RS.n.solutions", "RS.generations", "RS.n.evaluations", 
    "RS.cpu.time", "DF.cost", "DF.gamma", "DF.data.balancing", 
    "DF.feature.selection", "DF.valid.acc", "DF.test.acc", "DF.train.time", 
    "DF.n.support.vectors", "DF.index", "DF.n.solutions", "DF.generations", 
    "DF.n.evaluations", "DF.cpu.time")))
