full <-
structure(c(50, 55, 60, 65, 70, 75, 80, 85, 90, 95, 100, 15, 
14.70694, 12.31116, 14.92959, 14.47841, 15, 12.31847, 12.91461, 
15, 14.99079, 14.97229, -6.95188, -8.8512, -7.68183, -9.83894, 
-9.59089, -7.47559, -7.27566, -7.96816, -8.71457, -8.64016, -7.9722, 
0, 0, 0, 0, 0, 0, 0, 0, 0, 0, 0, 0, 0, 0, 0, 0, 0, 0, 0, 0, 0, 
0, 0.96707, 0.96737, 0.96732, 0.96782, 0.96987, 0.96891, 0.97016, 
0.96931, 0.96956, 0.96961, 0.97003, 0.96336, 0.96535, 0.96547, 
0.96782, 0.96802, 0.96694, 0.96622, 0.96822, 0.96874, 0.96727, 
0.96984, 0.737, 0.6664, 0.5542, 0.7663, 0.7873, 1.5195, 0.9419, 
1.1381, 1.7065, 2.0097, 2.3098, 171.7, 195.7, 211, 221.7, 236.6, 
242.4, 267.3, 277.7, 278.3, 308.1, 313.1, 441, 617, 985, 311, 
224, 1616, 1068, 434, 425, 980, 1697, 202, 96, 24, 140, 349, 
8, 127, 116, 183, 7, 133, 100, 100, 100, 100, 100, 100, 100, 
100, 100, 100, 100, 2500, 2500, 2500, 2500, 2500, 2500, 2500, 
2500, 2500, 2500, 2500, 23674.798, 23227.332, 23492.859, 24974.827, 
25833.905, 39259.213, 34946.1740000001, 36772.826, 49423.957, 
53293.875, 63533.216, 14.68855, 14.90842, 14.72093, 10.56177, 
13.51599, 13.51553, 11.86698, 12.47501, 14.12958, 14.65442, 13.90854, 
-6.99414, -8.92083, -9.04014, -7.18393, -9.24702, -7.5373, -7.09463, 
-7.69294, -9.93968, -8.34382, -7.37497, 0, 0, 0, 0, 0, 0, 0, 
0, 0, 0, 0, 0, 0, 0, 0, 0, 0, 0, 0, 0, 0, 0, 0.96633, 0.96704, 
0.96701, 0.96754, 0.9696, 0.96817, 0.96969, 0.96909, 0.96874, 
0.96922, 0.96948, 0.96151, 0.96535, 0.96608, 0.9664, 0.96881, 
0.96669, 0.96599, 0.96865, 0.96854, 0.96727, 0.9691, 0.6796, 
0.7041, 0.7353, 0.4934, 0.6846, 1.0282, 0.9101, 1.0543, 1.1964, 
1.8505, 1.842, 173.6, 194.7, 204.2, 231, 239.5, 246.7, 268.7, 
279.9, 293.6, 310.1, 315.4, 1170, 2437, 2392, 1854, 1991, 973, 
206, 54, 859, 318, 637, 1, 1, 1, 1, 1, 2, 1, 2, 9, 1, 1, 100, 
100, 100, 100, 100, 100, 100, 100, 100, 100, 100, 2500, 2500, 
2500, 2500, 2500, 2500, 2500, 2500, 2500, 2500, 2500, 19140.521, 
21831.639, 24145.291, 25444.725, 27785.074, 36539.484, 40668.727, 
44666.383, 46578.147, 46648.057, 50131.978, 1, 1, 1, 1, 1, 1, 
1, 1, 1, 1, 1, 0.1, 0.1, 0.1, 0.1, 0.1, 0.1, 0.1, 0.1, 0.1, 0.1, 
0.1, 0, 0, 0, 0, 0, 0, 0, 0, 0, 0, 0, 0, 0, 0, 0, 0, 0, 0, 0, 
0, 0, 0, 0.95486, 0.95392, 0.95529, 0.95815, 0.9593, 0.95583, 
0.95882, 0.95929, 0.95908, 0.95929, 0.95985, 0.95634, 0.95357, 
0.9556, 0.95815, 0.95877, 0.9578, 0.9572, 0.95951, 0.96031, 0.96006, 
0.96023, 0.3187, 0.3893, 0.4533, 0.4943, 0.5531, 0.6794, 0.7946, 
0.903, 0.9639, 0.9624, 1.0573, 287.6, 313.2, 334.6, 357.1, 375.9, 
402.6, 423.9, 444.5, 461.1, 479, 496.3, 1, 1, 1, 1, 1, 1, 1, 
1, 1, 1, 1, 1, 1, 1, 1, 1, 1, 1, 1, 1, 1, 1, 1, 1, 1, 1, 1, 1, 
1, 1, 1, 1, 1, 1, 1, 1, 1, 1, 1, 1, 1, 1, 1, 1, 5.928, 6.665, 
7.322, 7.755, 8.415, 10.738, 11.953, 13.065, 13.605, 12.868, 
13.872), .Dim = c(11L, 40L), .Dimnames = list(NULL, c("Sampling", 
"PSO.cost", "PSO.gamma", "PSO.data.balancing", "PSO.feature.selection", 
"PSO.valid.acc", "PSO.test.acc", "PSO.train.time", "PSO.n.support.vectors", 
"PSO.index", "PSO.n.solutions", "PSO.generations", "PSO.n.evaluations", 
"PSO.cpu.time", "RS.cost", "RS.gamma", "RS.data.balancing", "RS.feature.selection", 
"RS.valid.acc", "RS.test.acc", "RS.train.time", "RS.n.support.vectors", 
"RS.index", "RS.n.solutions", "RS.generations", "RS.n.evaluations", 
"RS.cpu.time", "DF.cost", "DF.gamma", "DF.data.balancing", "DF.feature.selection", 
"DF.valid.acc", "DF.test.acc", "DF.train.time", "DF.n.support.vectors", 
"DF.index", "DF.n.solutions", "DF.generations", "DF.n.evaluations", 
"DF.cpu.time")))
