full <-
structure(c(50, 55, 60, 65, 70, 75, 80, 85, 90, 95, 100, 15, 
14.31313, 15, 8.01615, 15, 15, 15, 14.85346, 12.50445, 14.80978, 
14.99183, -11.6742, -8.88884, -10.64473, -4.4472, -8.20338, -8.85352, 
-9.64892, -7.30892, -6.42115, -6.89569, -7.91538, 0, 0, 0, 0, 
0, 0, 0, 0, 0, 0, 0, 0, 0, 0, 0, 0, 0, 0, 0, 0, 0, 0, 0.96967, 
0.96871, 0.96947, 0.96812, 0.96907, 0.97039, 0.97202, 0.97083, 
0.97286, 0.96961, 0.97059, 0.96597, 0.96601, 0.9667, 0.96726, 
0.96511, 0.97113, 0.96855, 0.96887, 0.96916, 0.96864, 0.96892, 
0.4458, 0.6164, 0.6331, 0.4899, 1.2428, 1.3989, 1.3819, 1.9368, 
1.4172, 2.9738, 2.8649, 193.1, 195.7, 208.3, 246.1, 232, 245.3, 
265.1, 267.6, 288.7, 297.7, 312.7, 540, 437, 548, 1559, 118, 
2242, 482, 921, 852, 1455, 957, 135, 205, 14, 12, 96, 112, 225, 
4, 171, 62, 51, 100, 100, 100, 100, 100, 100, 100, 100, 100, 
100, 100, 2500, 2500, 2500, 2500, 2500, 2500, 2500, 2500, 2500, 
2500, 2500, 18827.778, 23170.634, 23816.29, 20673.821, 37262.546, 
39088.221, 42326.737, 56604.78, 50055.628, 75673.3370000001, 
79817.7540000001, 14.59921, 9.26226, 14.44517, 14.6483, 14.50807, 
13.34848, 8.34696, 9.6503, 13.28518, 14.33709, 14.69346, -9.41491, 
-4.53349, -8.98674, -7.63396, -8.34807, -8.25461, -5.36602, -4.43736, 
-6.76291, -8.54934, -7.97036, 0, 0, 0, 0, 0, 0, 0, 0, 0, 0, 0, 
0, 0, 0, 0, 0, 0, 0, 0, 0, 0, 0, 0.96856, 0.96838, 0.96854, 0.96811, 
0.96801, 0.9699, 0.97178, 0.97039, 0.97224, 0.96922, 0.96985, 
0.96597, 0.96434, 0.96762, 0.96783, 0.9659, 0.9694, 0.96901, 
0.96756, 0.96998, 0.96786, 0.96929, 0.5209, 0.4149, 0.7006, 1.0518, 
1.0606, 0.9421, 0.7227, 0.9429, 1.7264, 1.9392, 2.5097, 180.5, 
211, 201.2, 213.5, 233, 251.7, 277.3, 298.7, 286.9, 309.4, 315.1, 
2127, 640, 652, 1848, 517, 1445, 450, 1731, 1814, 425, 1561, 
1, 1, 2, 2, 2, 2, 1, 1, 1, 1, 1, 100, 100, 100, 100, 100, 100, 
100, 100, 100, 100, 100, 2500, 2500, 2500, 2500, 2500, 2500, 
2500, 2500, 2500, 2500, 2500, 19963.749, 22348.446, 24728.04, 
27673.98, 30653.579, 39556.946, 41739.058, 45006.682, 55743.6599999999, 
64330.9580000001, 56378.451, 1, 1, 1, 1, 1, 1, 1, 1, 1, 1, 1, 
0.1, 0.1, 0.1, 0.1, 0.1, 0.1, 0.1, 0.1, 0.1, 0.1, 0.1, 0, 0, 
0, 0, 0, 0, 0, 0, 0, 0, 0, 0, 0, 0, 0, 0, 0, 0, 0, 0, 0, 0, 0.95709, 
0.95762, 0.95745, 0.95901, 0.95692, 0.95855, 0.95999, 0.95973, 
0.96032, 0.95987, 0.9606, 0.95784, 0.95761, 0.95684, 0.95673, 
0.95745, 0.95855, 0.96091, 0.95973, 0.96135, 0.96045, 0.9606, 
0.3286, 0.3691, 0.4216, 0.5001, 0.587, 0.6848, 0.7458, 0.8389, 
1.1546, 1.3261, 1.0873, 278.8, 300.1, 321.5, 351.1, 374.9, 396.5, 
406.6, 431.7, 458.9, 482.7, 497.5, 1, 1, 1, 1, 1, 1, 1, 1, 1, 
1, 1, 1, 1, 1, 1, 1, 1, 1, 1, 1, 1, 1, 1, 1, 1, 1, 1, 1, 1, 1, 
1, 1, 1, 1, 1, 1, 1, 1, 1, 1, 1, 1, 1, 1, 6.352, 6.816, 7.299, 
8.099, 9.176, 11.158, 11.75, 12.765, 16.841, 18.787, 14.518), .Dim = c(11L, 
40L), .Dimnames = list(NULL, c("Sampling", "PSO.cost", "PSO.gamma", 
"PSO.data.balancing", "PSO.feature.selection", "PSO.valid.acc", 
"PSO.test.acc", "PSO.train.time", "PSO.n.support.vectors", "PSO.index", 
"PSO.n.solutions", "PSO.generations", "PSO.n.evaluations", "PSO.cpu.time", 
"RS.cost", "RS.gamma", "RS.data.balancing", "RS.feature.selection", 
"RS.valid.acc", "RS.test.acc", "RS.train.time", "RS.n.support.vectors", 
"RS.index", "RS.n.solutions", "RS.generations", "RS.n.evaluations", 
"RS.cpu.time", "DF.cost", "DF.gamma", "DF.data.balancing", "DF.feature.selection", 
"DF.valid.acc", "DF.test.acc", "DF.train.time", "DF.n.support.vectors", 
"DF.index", "DF.n.solutions", "DF.generations", "DF.n.evaluations", 
"DF.cpu.time")))
