full <-
structure(c(50, 55, 60, 65, 70, 75, 80, 85, 90, 95, 100, 15, 
15, 14.99455, 14.86529, 15, 14.83128, 15, 14.98088, 15, 14.99971, 
14.98515, -8.32227, -7.9794, -8.2895, -6.11123, -8.5462, -8.58442, 
-8.22727, -12.33859, -9.1282, -8.53119, -8.08161, 0, 0, 0, 0, 
0, 0, 0, 0, 0, 0, 0, 0, 0, 0, 0, 0, 0, 0, 0, 0, 0, 0, 0.96893, 
0.96805, 0.96673, 0.9704, 0.97066, 0.97113, 0.97179, 0.97148, 
0.971, 0.97136, 0.97058, 0.96671, 0.96536, 0.96549, 0.96442, 
0.96828, 0.96916, 0.96901, 0.97083, 0.97039, 0.97273, 0.96855, 
0.6761, 0.7944, 0.8289, 1.2795, 1.0143, 1.0816, 1.3385, 0.9523, 
1.6534, 2.094, 2.5208, 170.2, 182.9, 196.2, 208, 220, 234, 241.6, 
304.6, 284.1, 295.2, 314.6, 150, 500, 886, 308, 398, 1195, 1452, 
427, 59, 1013, 1270, 393, 173, 50, 243, 800, 11, 4, 48, 378, 
3, 4, 100, 100, 100, 100, 100, 100, 100, 100, 100, 100, 100, 
2500, 2500, 2500, 2500, 2500, 2500, 2500, 2500, 2500, 2500, 2500, 
22877.247, 26084.014, 27648.813, 40079.618, 34628.138, 34706.513, 
40006.313, 32967.769, 47649.9130000001, 61275.9, 69689.626, 14.25006, 
11.96692, 14.64899, 14.60563, 13.72642, 14.52724, 14.70183, 11.34754, 
14.16371, 14.58883, 14.86051, -7.94803, -7.23339, -11.28835, 
-5.97439, -7.77819, -8.51051, -10.24872, -4.5347, -8.68883, -8.51886, 
-7.5765, 0, 0, 0, 0, 0, 0, 0, 0, 0, 0, 0, 0, 0, 0, 0, 0, 0, 0, 
0, 0, 0, 0, 0.96819, 0.96805, 0.96672, 0.97011, 0.97013, 0.97064, 
0.97132, 0.97083, 0.971, 0.97078, 0.97003, 0.96708, 0.96569, 
0.96424, 0.96414, 0.96722, 0.96866, 0.9704, 0.96865, 0.97141, 
0.97234, 0.96855, 0.5713, 0.4558, 0.519, 1.2328, 0.8911, 1.0305, 
0.8808, 1.001, 1.4107, 1.8534, 2.4964, 173.1, 191.1, 218.3, 210.7, 
222.8, 235.6, 260.3, 269.7, 286, 298.1, 313.1, 1132, 202, 398, 
680, 548, 2429, 698, 1907, 725, 980, 1244, 2, 1, 1, 1, 1, 1, 
1, 2, 1, 1, 4, 100, 100, 100, 100, 100, 100, 100, 100, 100, 100, 
100, 2500, 2500, 2500, 2500, 2500, 2500, 2500, 2500, 2500, 2500, 
2500, 19792.252, 24187.444, 26789.412, 30318.364, 33580.014, 
32395.303, 36899.236, 39952.211, 43704.174, 54109.3999999999, 
57793.1459999999, 1, 1, 1, 1, 1, 1, 1, 1, 1, 1, 1, 0.1, 0.1, 
0.1, 0.1, 0.1, 0.1, 0.1, 0.1, 0.1, 0.1, 0.1, 0, 0, 0, 0, 0, 0, 
0, 0, 0, 0, 0, 0, 0, 0, 0, 0, 0, 0, 0, 0, 0, 0, 0.95634, 0.95695, 
0.95808, 0.95645, 0.95929, 0.96102, 0.96092, 0.96038, 0.96114, 
0.95948, 0.96134, 0.95634, 0.95863, 0.95777, 0.95617, 0.96193, 
0.95855, 0.95976, 0.96103, 0.96134, 0.95948, 0.96115, 0.3332, 
0.3917, 0.4496, 0.5255, 0.6238, 0.651, 0.7242, 0.819, 0.9371, 
1.0379, 1.237, 285.8, 304.8, 327.2, 355.6, 372.6, 396.2, 415, 
431.6, 455, 473.5, 497.8, 1, 1, 1, 1, 1, 1, 1, 1, 1, 1, 1, 1, 
1, 1, 1, 1, 1, 1, 1, 1, 1, 1, 1, 1, 1, 1, 1, 1, 1, 1, 1, 1, 1, 
1, 1, 1, 1, 1, 1, 1, 1, 1, 1, 1, 6.285, 7.877, 8.552, 9.365, 
10.665, 9.759, 10.52, 11.502, 12.866, 15.024, 17.201), .Dim = c(11L, 
40L), .Dimnames = list(NULL, c("Sampling", "PSO.cost", "PSO.gamma", 
"PSO.data.balancing", "PSO.feature.selection", "PSO.valid.acc", 
"PSO.test.acc", "PSO.train.time", "PSO.n.support.vectors", "PSO.index", 
"PSO.n.solutions", "PSO.generations", "PSO.n.evaluations", "PSO.cpu.time", 
"RS.cost", "RS.gamma", "RS.data.balancing", "RS.feature.selection", 
"RS.valid.acc", "RS.test.acc", "RS.train.time", "RS.n.support.vectors", 
"RS.index", "RS.n.solutions", "RS.generations", "RS.n.evaluations", 
"RS.cpu.time", "DF.cost", "DF.gamma", "DF.data.balancing", "DF.feature.selection", 
"DF.valid.acc", "DF.test.acc", "DF.train.time", "DF.n.support.vectors", 
"DF.index", "DF.n.solutions", "DF.generations", "DF.n.evaluations", 
"DF.cpu.time")))
