full <-
structure(c(50, 55, 60, 65, 70, 75, 80, 85, 90, 95, 100, 7.46227, 
14.85207, 15, 13.54714, 14.14526, 15, 13.32876, 7.83167, 14.94942, 
8.463, 7.58833, -5.42162, -10.71063, -7.77385, -8.02147, -11.65159, 
-10.27365, -8.64437, -4.01759, -8.76566, -5.44697, -4.78291, 
0, 0, 0, 0, 0, 0, 0, 0, 0, 0, 0, 0, 0, 0, 0, 0, 0, 0, 0, 0, 0, 
0, 0.96819, 0.96839, 0.96885, 0.9684, 0.96881, 0.96941, 0.96878, 
0.9693, 0.96998, 0.97136, 0.97022, 0.96264, 0.96737, 0.96608, 
0.9667, 0.96696, 0.96817, 0.96762, 0.96843, 0.96833, 0.96961, 
0.96838, 0.3244, 0.5688, 1.0807, 0.8275, 0.6905, 1.0498, 1.0544, 
0.8538, 1.8026, 0.9057, 1.0385, 203, 198.2, 199.1, 222.7, 251.1, 
252.6, 276.8, 319.4, 292.8, 323.9, 353.8, 2026, 306, 1278, 2287, 
396, 982, 1191, 347, 1957, 1125, 617, 12, 966, 4, 1, 143, 13, 
50, 130, 1, 164, 21, 100, 100, 100, 100, 100, 100, 100, 100, 
100, 100, 100, 2500, 2500, 2500, 2500, 2500, 2500, 2500, 2500, 
2500, 2500, 2500, 17167.401, 21743.679, 30774.128, 27696.221, 
25689.264, 33550.042, 35741.435, 30790.331, 53879.947, 33076.3779999999, 
48871.978, 13.2909, 14.70225, 14.70686, 13.85642, 14.08421, 10.69155, 
13.52904, 7.41643, 7.00354, 8.72461, 14.47074, -9.73659, -10.5816, 
-7.92619, -8.43917, -11.73361, -5.92086, -8.67441, -3.74117, 
-4.726, -5.58242, -8.07348, 0, 0, 0, 0, 0, 0, 0, 0, 0, 0, 0, 
0, 0, 0, 0, 0, 0, 0, 0, 0, 0, 0, 0.96709, 0.96805, 0.96823, 0.96783, 
0.96854, 0.96916, 0.96809, 0.96886, 0.96936, 0.97097, 0.96985, 
0.96671, 0.96771, 0.96453, 0.9667, 0.96643, 0.96719, 0.96739, 
0.96908, 0.96751, 0.96922, 0.97115, 0.4189, 0.5602, 0.9085, 0.8344, 
0.6777, 0.7256, 1.0841, 0.8628, 0.8234, 0.9803, 1.9567, 192.6, 
199.1, 200.3, 221.1, 253.1, 250.3, 275.3, 326.1, 326.2, 321.1, 
318, 334, 1640, 2229, 2110, 48, 1186, 531, 837, 1627, 712, 2451, 
2, 1, 1, 1, 1, 1, 1, 3, 2, 1, 2, 100, 100, 100, 100, 100, 100, 
100, 100, 100, 100, 100, 2500, 2500, 2500, 2500, 2500, 2500, 
2500, 2500, 2500, 2500, 2500, 20639.347, 22890.533, 25484.908, 
28374.448, 31025.762, 33799.201, 38113.015, 42334.396, 46077.628, 
49427.5560000001, 54346.486, 1, 1, 1, 1, 1, 1, 1, 1, 1, 1, 1, 
0.1, 0.1, 0.1, 0.1, 0.1, 0.1, 0.1, 0.1, 0.1, 0.1, 0.1, 0, 0, 
0, 0, 0, 0, 0, 0, 0, 0, 0, 0, 0, 0, 0, 0, 0, 0, 0, 0, 0, 0, 0.95339, 
0.95561, 0.95744, 0.95986, 0.95956, 0.96028, 0.95975, 0.9595, 
0.96011, 0.9622, 0.96134, 0.95488, 0.95628, 0.95621, 0.95986, 
0.96035, 0.96052, 0.96022, 0.96038, 0.96093, 0.96123, 0.9619, 
0.339, 0.3826, 0.4414, 0.5111, 0.603, 0.6286, 0.7469, 0.856, 
0.9346, 1.0285, 1.142, 295.5, 309.9, 331.6, 353.3, 370.3, 386.9, 
415.9, 438.9, 454.1, 473.8, 495.6, 1, 1, 1, 1, 1, 1, 1, 1, 1, 
1, 1, 1, 1, 1, 1, 1, 1, 1, 1, 1, 1, 1, 1, 1, 1, 1, 1, 1, 1, 1, 
1, 1, 1, 1, 1, 1, 1, 1, 1, 1, 1, 1, 1, 1, 6.47, 7.06, 7.735, 
8.442, 9.575, 9.454, 10.972, 12.191, 12.999, 13.845, 15.08), .Dim = c(11L, 
40L), .Dimnames = list(NULL, c("Sampling", "PSO.cost", "PSO.gamma", 
"PSO.data.balancing", "PSO.feature.selection", "PSO.valid.acc", 
"PSO.test.acc", "PSO.train.time", "PSO.n.support.vectors", "PSO.index", 
"PSO.n.solutions", "PSO.generations", "PSO.n.evaluations", "PSO.cpu.time", 
"RS.cost", "RS.gamma", "RS.data.balancing", "RS.feature.selection", 
"RS.valid.acc", "RS.test.acc", "RS.train.time", "RS.n.support.vectors", 
"RS.index", "RS.n.solutions", "RS.generations", "RS.n.evaluations", 
"RS.cpu.time", "DF.cost", "DF.gamma", "DF.data.balancing", "DF.feature.selection", 
"DF.valid.acc", "DF.test.acc", "DF.train.time", "DF.n.support.vectors", 
"DF.index", "DF.n.solutions", "DF.generations", "DF.n.evaluations", 
"DF.cpu.time")))
