full <-
structure(c(50, 55, 60, 65, 70, 75, 80, 85, 90, 95, 100, 15, 
14.87673, 15, 14.28655, 14.94439, 15, 15, 6.55668, 14.88644, 
14.88027, 15, -12.23205, -8.99959, -9.53909, -7.83497, -10.04867, 
-9.53221, -9.61501, -5.06848, -6.6151, -8.71985, -7.62644, 0, 
0, 0, 0, 0, 0, 0, 0, 0, 0, 0, 0, 0, 0, 0, 0, 0, 0, 0, 0, 0, 0, 
0.97004, 0.97141, 0.97009, 0.96813, 0.96749, 0.96768, 0.96809, 
0.96801, 0.96999, 0.97078, 0.97096, 0.96634, 0.96805, 0.96762, 
0.96471, 0.96617, 0.96596, 0.96462, 0.96605, 0.9669, 0.96961, 
0.96911, 0.3616, 0.5656, 0.743, 0.8613, 1.032, 1.3207, 1.5009, 
0.7616, 2.5677, 2.1122, 2.8742, 187.1, 176.4, 207.9, 220.7, 252.6, 
261.8, 274.1, 315.8, 287.6, 307, 313.5, 741, 1879, 414, 333, 
1093, 1403, 761, 807, 1320, 1709, 2256, 133, 1, 163, 275, 93, 
53, 13, 33, 5, 20, 11, 100, 100, 100, 100, 100, 100, 100, 100, 
100, 100, 100, 2500, 2500, 2500, 2500, 2500, 2500, 2500, 2500, 
2500, 2500, 2500, 16392.038, 21072.494, 25473.852, 29818.497, 
34068.96, 35583.408, 50002.114, 32027.779, 68522.441, 62011.0110000001, 
58275.112, 14.99115, 14.66714, 14.50981, 14.56481, 14.68853, 
14.63904, 14.47434, 6.67057, 14.81907, 14.01802, 14.61633, -12.24324, 
-8.93504, -9.32655, -7.99523, -9.70701, -9.34022, -7.42267, -5.15384, 
-7.20909, -6.72822, -7.52778, 0, 0, 0, 0, 0, 0, 0, 0, 0, 0, 0, 
0, 0, 0, 0, 0, 0, 0, 0, 0, 0, 0, 0.96967, 0.97074, 0.96917, 0.96756, 
0.96722, 0.96669, 0.96739, 0.96779, 0.96978, 0.96981, 0.97059, 
0.9656, 0.96805, 0.96732, 0.96499, 0.96643, 0.96546, 0.96415, 
0.96561, 0.96649, 0.96786, 0.96874, 0.3668, 0.5546, 0.6683, 0.9689, 
0.9769, 1.2133, 1.687, 0.7578, 2.3771, 2.2246, 2.4285, 186.7, 
176.4, 209, 220, 251.2, 262.1, 266.4, 314.9, 294, 301.2, 313.7, 
361, 482, 69, 922, 1632, 1166, 1593, 2356, 523, 990, 1601, 1, 
1, 1, 1, 1, 1, 1, 2, 1, 2, 1, 100, 100, 100, 100, 100, 100, 100, 
100, 100, 100, 100, 2500, 2500, 2500, 2500, 2500, 2500, 2500, 
2500, 2500, 2500, 2500, 19597.45, 21869.575, 24194.622, 30315.761, 
34626.217, 38634.216, 41699.543, 45132.562, 48052.558, 57404.904, 
63683.723, 1, 1, 1, 1, 1, 1, 1, 1, 1, 1, 1, 0.1, 0.1, 0.1, 0.1, 
0.1, 0.1, 0.1, 0.1, 0.1, 0.1, 0.1, 0, 0, 0, 0, 0, 0, 0, 0, 0, 
0, 0, 0, 0, 0, 0, 0, 0, 0, 0, 0, 0, 0, 0.95598, 0.95224, 0.95283, 
0.95332, 0.95533, 0.95707, 0.95676, 0.95906, 0.95991, 0.96162, 
0.96115, 0.95598, 0.95425, 0.95499, 0.9536, 0.9548, 0.95682, 
0.95768, 0.95885, 0.96012, 0.96104, 0.96152, 0.3351, 0.3795, 
0.4448, 0.5119, 0.6166, 0.7282, 0.763, 0.8714, 0.9636, 1.1376, 
1.2582, 294.6, 319.3, 341.4, 362.2, 384.1, 398, 418.4, 438, 466.2, 
481.4, 496.9, 1, 1, 1, 1, 1, 1, 1, 1, 1, 1, 1, 1, 1, 1, 1, 1, 
1, 1, 1, 1, 1, 1, 1, 1, 1, 1, 1, 1, 1, 1, 1, 1, 1, 1, 1, 1, 1, 
1, 1, 1, 1, 1, 1, 1, 6.095, 6.606, 7.321, 8.704, 10.154, 11.352, 
11.716, 12.974, 13.918, 15.748, 17.163), .Dim = c(11L, 40L), .Dimnames = list(
    NULL, c("Sampling", "PSO.cost", "PSO.gamma", "PSO.data.balancing", 
    "PSO.feature.selection", "PSO.valid.acc", "PSO.test.acc", 
    "PSO.train.time", "PSO.n.support.vectors", "PSO.index", "PSO.n.solutions", 
    "PSO.generations", "PSO.n.evaluations", "PSO.cpu.time", "RS.cost", 
    "RS.gamma", "RS.data.balancing", "RS.feature.selection", 
    "RS.valid.acc", "RS.test.acc", "RS.train.time", "RS.n.support.vectors", 
    "RS.index", "RS.n.solutions", "RS.generations", "RS.n.evaluations", 
    "RS.cpu.time", "DF.cost", "DF.gamma", "DF.data.balancing", 
    "DF.feature.selection", "DF.valid.acc", "DF.test.acc", "DF.train.time", 
    "DF.n.support.vectors", "DF.index", "DF.n.solutions", "DF.generations", 
    "DF.n.evaluations", "DF.cpu.time")))
