full <-
structure(c(50, 55, 60, 65, 70, 75, 80, 85, 90, 95, 100, 15, 
12.58012, 10.2574, 14.00589, 14.9076, 14.81251, 14.98254, 15, 
14.41351, 13.78279, 14.80018, -11.24722, -8.12258, -7.36196, 
-11.11297, -11.22895, -11.77097, -9.63211, -11.85226, -7.8159, 
-7.454, -6.84652, 0, 0, 0, 0, 0, 0, 0, 0, 0, 0, 0, 0, 0, 0, 0, 
0, 0, 0, 0, 0, 0, 0, 0.96858, 0.96739, 0.96733, 0.96955, 0.96986, 
0.97089, 0.97155, 0.97039, 0.97204, 0.97214, 0.97058, 0.9656, 
0.96738, 0.96393, 0.96812, 0.96933, 0.96892, 0.97063, 0.97039, 
0.96957, 0.9698, 0.96984, 0.4521, 0.5118, 0.4765, 0.596, 0.7763, 
0.8052, 1.1987, 1.078, 1.8255, 1.6642, 2.9248, 188.9, 201.7, 
222.4, 235.5, 245.9, 266.2, 258, 297.6, 279.6, 292.1, 306.3, 
907, 1489, 304, 527, 628, 540, 482, 516, 2277, 1407, 1443, 6, 
55, 599, 141, 16, 29, 80, 22, 2, 90, 4, 100, 100, 100, 100, 100, 
100, 100, 100, 100, 100, 100, 2500, 2500, 2500, 2500, 2500, 2500, 
2500, 2500, 2500, 2500, 2500, 18928.871, 22036.165, 19573.396, 
22576.059, 27623.67, 28147.023, 37620.395, 39928.65, 49402.354, 
56492.098, 74063.272, 14.35039, 14.89144, 9.55238, 14.95688, 
10.36776, 14.56533, 14.87652, 9.33807, 13.16199, 13.8404, 14.45954, 
-10.95097, -9.84114, -7.15872, -12.81676, -7.07981, -11.57568, 
-9.64231, -7.05449, -7.74024, -7.53362, -10.87896, 0, 0, 0, 0, 
0, 0, 0, 0, 0, 0, 0, 0, 0, 0, 0, 0, 0, 0, 0, 0, 0, 0, 0.96821, 
0.96638, 0.96702, 0.96954, 0.96934, 0.9704, 0.97109, 0.97017, 
0.97142, 0.97214, 0.96948, 0.96487, 0.96638, 0.96424, 0.96755, 
0.96748, 0.96917, 0.97063, 0.96974, 0.97122, 0.9698, 0.96689, 
0.4258, 0.6431, 0.4542, 0.5795, 0.5961, 0.7617, 1.1526, 0.7802, 
1.315, 1.6746, 1.4782, 190.5, 201.5, 224.2, 246.6, 241.1, 266.6, 
258.2, 290.6, 283.8, 293, 348.4, 2203, 207, 364, 449, 2492, 1078, 
2487, 394, 2338, 1554, 597, 1, 3, 3, 1, 1, 1, 1, 2, 2, 1, 1, 
100, 100, 100, 100, 100, 100, 100, 100, 100, 100, 100, 2500, 
2500, 2500, 2500, 2500, 2500, 2500, 2500, 2500, 2500, 2500, 20785.409, 
22831.315, 25137.564, 27218.441, 31431.769, 33658.725, 37415.4, 
42022.398, 46474.5379999999, 49231.232, 52332.466, 1, 1, 1, 1, 
1, 1, 1, 1, 1, 1, 1, 0.1, 0.1, 0.1, 0.1, 0.1, 0.1, 0.1, 0.1, 
0.1, 0.1, 0.1, 0, 0, 0, 0, 0, 0, 0, 0, 0, 0, 0, 0, 0, 0, 0, 0, 
0, 0, 0, 0, 0, 0, 0.95451, 0.95292, 0.95283, 0.95645, 0.95585, 
0.95954, 0.96092, 0.96212, 0.96238, 0.96337, 0.95893, 0.95377, 
0.95426, 0.95468, 0.95701, 0.95611, 0.95979, 0.96184, 0.96212, 
0.96135, 0.96259, 0.96005, 0.3466, 0.4098, 0.4587, 0.5078, 0.5844, 
0.6395, 0.711, 0.8199, 0.9419, 1.0245, 1.1084, 295.2, 321.9, 
344.6, 361.3, 376.9, 385.7, 399.9, 425.7, 440.8, 463.7, 501.1, 
1, 1, 1, 1, 1, 1, 1, 1, 1, 1, 1, 1, 1, 1, 1, 1, 1, 1, 1, 1, 1, 
1, 1, 1, 1, 1, 1, 1, 1, 1, 1, 1, 1, 1, 1, 1, 1, 1, 1, 1, 1, 1, 
1, 1, 6.641, 7.176, 7.509, 8.004, 9.094, 9.896, 10.539, 11.578, 
13.124, 13.805, 14.656), .Dim = c(11L, 40L), .Dimnames = list(
    NULL, c("Sampling", "PSO.cost", "PSO.gamma", "PSO.data.balancing", 
    "PSO.feature.selection", "PSO.valid.acc", "PSO.test.acc", 
    "PSO.train.time", "PSO.n.support.vectors", "PSO.index", "PSO.n.solutions", 
    "PSO.generations", "PSO.n.evaluations", "PSO.cpu.time", "RS.cost", 
    "RS.gamma", "RS.data.balancing", "RS.feature.selection", 
    "RS.valid.acc", "RS.test.acc", "RS.train.time", "RS.n.support.vectors", 
    "RS.index", "RS.n.solutions", "RS.generations", "RS.n.evaluations", 
    "RS.cpu.time", "DF.cost", "DF.gamma", "DF.data.balancing", 
    "DF.feature.selection", "DF.valid.acc", "DF.test.acc", "DF.train.time", 
    "DF.n.support.vectors", "DF.index", "DF.n.solutions", "DF.generations", 
    "DF.n.evaluations", "DF.cpu.time")))
