full <-
structure(c(50, 55, 60, 65, 70, 75, 80, 85, 90, 95, 100, 10.83747, 
11.5853, 12.24903, 15, 7.85306, 14.97026, 12.34478, 14.97767, 
12.41344, 15, 15, -10.05695, -9.53215, -9.06414, -9.6652, -5.77923, 
-8.87128, -6.75936, -8.3474, -7.9272, -9.55351, -9.3315, 0, 0, 
0, 0, 0, 0, 0, 0, 0, 0, 0, 0, 0, 0, 0, 0, 0, 0, 0, 0, 0, 0, 0.96673, 
0.97108, 0.97131, 0.97125, 0.97172, 0.97039, 0.97063, 0.96931, 
0.96895, 0.96961, 0.97077, 0.96488, 0.96805, 0.96792, 0.96811, 
0.97013, 0.96866, 0.96716, 0.9693, 0.96607, 0.96942, 0.96837, 
0.329, 0.388, 0.49, 0.8243, 0.5345, 1.1461, 0.9449, 1.606, 1.1072, 
1.7298, 1.9855, 198.6, 198.3, 204.1, 214.2, 244.3, 235, 256.2, 
265.8, 299.6, 315.5, 326.7, 695, 1105, 1028, 822, 2249, 1051, 
1515, 2463, 1219, 1544, 1026, 171, 76, 46, 71, 1, 2, 37, 3, 51, 
8, 8, 100, 100, 100, 100, 100, 100, 100, 100, 100, 100, 100, 
2500, 2500, 2500, 2500, 2500, 2500, 2500, 2500, 2500, 2500, 2500, 
15698.763, 17978.281, 20127.519, 25856.867, 22133.678, 35757.223, 
30795.873, 47198.726, 40572.682, 47550.542, 56662.33, 10.69342, 
9.48069, 11.90818, 7.64113, 14.69757, 14.09678, 13.35692, 14.74239, 
12.33045, 14.49324, 14.74725, -9.95682, -8.26393, -8.96229, -5.65826, 
-9.63334, -9.16011, -7.1009, -8.27217, -7.90469, -9.8892, -9.1183, 
0, 0, 0, 0, 0, 0, 0, 0, 0, 0, 0, 0, 0, 0, 0, 0, 0, 0, 0, 0, 0, 
0, 0.96673, 0.97041, 0.97101, 0.97011, 0.97145, 0.96965, 0.9704, 
0.96844, 0.96854, 0.96922, 0.97003, 0.96414, 0.96973, 0.96731, 
0.96896, 0.96933, 0.9694, 0.96716, 0.96909, 0.96627, 0.96883, 
0.96818, 0.3172, 0.352, 0.4804, 0.477, 0.8798, 0.9162, 1.1546, 
1.4773, 1.1401, 1.5092, 1.8485, 199.8, 201.3, 206.6, 237.1, 226, 
243.9, 253.3, 266.3, 299.4, 321.8, 325.3, 2046, 2266, 854, 1159, 
823, 2497, 2487, 281, 1421, 916, 997, 6, 1, 1, 1, 1, 1, 1, 1, 
1, 1, 1, 100, 100, 100, 100, 100, 100, 100, 100, 100, 100, 100, 
2500, 2500, 2500, 2500, 2500, 2500, 2500, 2500, 2500, 2500, 2500, 
20183.539, 22750.011, 25476.295, 28270.217, 31276.51, 33832.801, 
37214.367, 39953.646, 45161.977, 51337.5650000001, 51813.04, 
1, 1, 1, 1, 1, 1, 1, 1, 1, 1, 1, 0.1, 0.1, 0.1, 0.1, 0.1, 0.1, 
0.1, 0.1, 0.1, 0.1, 0.1, 0, 0, 0, 0, 0, 0, 0, 0, 0, 0, 0, 0, 
0, 0, 0, 0, 0, 0, 0, 0, 0, 0, 0.95489, 0.95562, 0.95652, 0.9573, 
0.96167, 0.96126, 0.95952, 0.95929, 0.9597, 0.96045, 0.96079, 
0.95377, 0.95529, 0.95621, 0.95787, 0.95982, 0.95978, 0.96161, 
0.95885, 0.96052, 0.96007, 0.9606, 0.328, 0.3829, 0.4583, 0.5125, 
0.562, 0.6578, 0.7471, 0.7996, 0.9362, 1.0577, 1.1165, 285.5, 
307.9, 334.8, 358.5, 364.4, 391.9, 411.1, 430.8, 456.3, 477.3, 
497.6, 1, 1, 1, 1, 1, 1, 1, 1, 1, 1, 1, 1, 1, 1, 1, 1, 1, 1, 
1, 1, 1, 1, 1, 1, 1, 1, 1, 1, 1, 1, 1, 1, 1, 1, 1, 1, 1, 1, 1, 
1, 1, 1, 1, 1, 6.276, 6.931, 7.842, 8.352, 9.035, 9.982, 11.032, 
11.492, 13.033, 14.364, 14.918), .Dim = c(11L, 40L), .Dimnames = list(
    NULL, c("Sampling", "PSO.cost", "PSO.gamma", "PSO.data.balancing", 
    "PSO.feature.selection", "PSO.valid.acc", "PSO.test.acc", 
    "PSO.train.time", "PSO.n.support.vectors", "PSO.index", "PSO.n.solutions", 
    "PSO.generations", "PSO.n.evaluations", "PSO.cpu.time", "RS.cost", 
    "RS.gamma", "RS.data.balancing", "RS.feature.selection", 
    "RS.valid.acc", "RS.test.acc", "RS.train.time", "RS.n.support.vectors", 
    "RS.index", "RS.n.solutions", "RS.generations", "RS.n.evaluations", 
    "RS.cpu.time", "DF.cost", "DF.gamma", "DF.data.balancing", 
    "DF.feature.selection", "DF.valid.acc", "DF.test.acc", "DF.train.time", 
    "DF.n.support.vectors", "DF.index", "DF.n.solutions", "DF.generations", 
    "DF.n.evaluations", "DF.cpu.time")))
