full <-
structure(c(50, 55, 60, 65, 70, 75, 80, 85, 90, 95, 100, 7.92838, 
13.8079, 7.81968, 8.88369, 11.84926, 14.23367, 15, 13.17832, 
15, 8.36358, 14.64368, -5.9481, -8.41532, -4.86076, -4.95893, 
-8.20139, -7.96392, -8.2485, -7.09429, -8.60515, -6.37702, -8.27863, 
0, 0, 0, 0, 0, 0, 0, 0, 0, 0, 0, 0, 0, 0, 0, 0, 0, 0, 0, 0, 0, 
0, 0.9667, 0.96534, 0.96763, 0.96727, 0.96695, 0.9667, 0.96761, 
0.96952, 0.96895, 0.96922, 0.97188, 0.96448, 0.96132, 0.96424, 
0.96613, 0.96563, 0.96719, 0.96645, 0.96669, 0.96669, 0.96688, 
0.97059, 0.31, 0.6171, 0.4371, 0.513, 0.6944, 1.2786, 1.6086, 
1.5102, 1.9249, 0.8663, 1.9882, 201.6, 207.6, 246, 252.6, 260.6, 
256.7, 268.6, 285.8, 296.5, 334, 318.6, 338, 1716, 915, 516, 
761, 1372, 1229, 925, 830, 1912, 1622, 185, 25, 119, 598, 57, 
1, 2, 134, 148, 44, 7, 100, 100, 100, 100, 100, 100, 100, 100, 
100, 100, 100, 2500, 2500, 2500, 2500, 2500, 2500, 2500, 2500, 
2500, 2500, 2500, 14975.019, 21521.498, 20537.82, 20214.388, 
26533.142, 37780.073, 45468.991, 51536.997, 47904.6410000001, 
34055.4, 57695.0870000001, 7.33729, 13.50551, 8.01109, 8.84256, 
14.84961, 11.20612, 14.83278, 12.96287, 14.83046, 8.28391, 14.39597, 
-5.59225, -8.35486, -4.84991, -4.85951, -11.38392, -5.95868, 
-8.22339, -7.05687, -8.53658, -6.23061, -8.17566, 0, 0, 0, 0, 
0, 0, 0, 0, 0, 0, 0, 0, 0, 0, 0, 0, 0, 0, 0, 0, 0, 0, 0.96596, 
0.96501, 0.96701, 0.96698, 0.96643, 0.96645, 0.96738, 0.96909, 
0.96874, 0.96883, 0.97114, 0.96374, 0.96166, 0.96362, 0.96498, 
0.96431, 0.96373, 0.96622, 0.96691, 0.9671, 0.96708, 0.9704, 
0.3058, 0.5587, 0.437, 0.5116, 0.8035, 0.7957, 1.5422, 1.3625, 
1.8036, 0.8592, 1.8371, 206.1, 208.2, 246.2, 252.5, 270.2, 264.9, 
270.9, 285.9, 296.5, 333.7, 319.9, 1063, 2008, 259, 2171, 280, 
11, 379, 1971, 564, 684, 753, 2, 1, 1, 2, 1, 1, 1, 1, 1, 1, 1, 
100, 100, 100, 100, 100, 100, 100, 100, 100, 100, 100, 2500, 
2500, 2500, 2500, 2500, 2500, 2500, 2500, 2500, 2500, 2500, 19679.556, 
21744.748, 24071.727, 27058.846, 29521.427, 32389.555, 38571.866, 
45436.508, 43373.36, 44919.556, 50219.1549999999, 1, 1, 1, 1, 
1, 1, 1, 1, 1, 1, 1, 0.1, 0.1, 0.1, 0.1, 0.1, 0.1, 0.1, 0.1, 
0.1, 0.1, 0.1, 0, 0, 0, 0, 0, 0, 0, 0, 0, 0, 0, 0, 0, 0, 0, 0, 
0, 0, 0, 0, 0, 0, 0.95412, 0.95257, 0.95652, 0.95417, 0.95585, 
0.95683, 0.95744, 0.95951, 0.9601, 0.96065, 0.96134, 0.95486, 
0.95392, 0.95652, 0.95417, 0.95638, 0.95634, 0.95859, 0.95973, 
0.96031, 0.96104, 0.96171, 0.3401, 0.4007, 0.4559, 0.5004, 0.588, 
0.6588, 0.8795, 0.8474, 0.8985, 0.9427, 1.0375, 306.4, 331.8, 
346.8, 368.5, 395.4, 415.3, 433.8, 452.7, 469, 479, 495.7, 1, 
1, 1, 1, 1, 1, 1, 1, 1, 1, 1, 1, 1, 1, 1, 1, 1, 1, 1, 1, 1, 1, 
1, 1, 1, 1, 1, 1, 1, 1, 1, 1, 1, 1, 1, 1, 1, 1, 1, 1, 1, 1, 1, 
1, 6.127, 6.777, 7.368, 7.905, 8.794, 9.649, 13.032, 11.694, 
12.242, 12.724, 13.82), .Dim = c(11L, 40L), .Dimnames = list(
    NULL, c("Sampling", "PSO.cost", "PSO.gamma", "PSO.data.balancing", 
    "PSO.feature.selection", "PSO.valid.acc", "PSO.test.acc", 
    "PSO.train.time", "PSO.n.support.vectors", "PSO.index", "PSO.n.solutions", 
    "PSO.generations", "PSO.n.evaluations", "PSO.cpu.time", "RS.cost", 
    "RS.gamma", "RS.data.balancing", "RS.feature.selection", 
    "RS.valid.acc", "RS.test.acc", "RS.train.time", "RS.n.support.vectors", 
    "RS.index", "RS.n.solutions", "RS.generations", "RS.n.evaluations", 
    "RS.cpu.time", "DF.cost", "DF.gamma", "DF.data.balancing", 
    "DF.feature.selection", "DF.valid.acc", "DF.test.acc", "DF.train.time", 
    "DF.n.support.vectors", "DF.index", "DF.n.solutions", "DF.generations", 
    "DF.n.evaluations", "DF.cpu.time")))
