full <-
structure(c(50, 55, 60, 65, 70, 75, 80, 85, 90, 95, 100, 11.05855, 
10.74876, 13.46778, 14.46347, 14.0718, 7.46716, 14.94985, 14.98436, 
8.16144, 15, 14.9571, -5.87795, -7.37164, -9.86372, -8.62494, 
-9.22232, -4.55357, -7.31942, -6.99326, -5.52405, -8.01597, -8.41759, 
0, 0, 0, 0, 0, 0, 0, 0, 0, 0, 0, 0, 0, 0, 0, 0, 0, 0, 0, 0, 0, 
0, 0.96632, 0.97007, 0.96917, 0.96926, 0.96802, 0.9699, 0.97016, 
0.96995, 0.96958, 0.97019, 0.97207, 0.96225, 0.9657, 0.96763, 
0.9667, 0.96644, 0.96719, 0.96623, 0.96778, 0.96711, 0.96825, 
0.97003, 0.3954, 0.3848, 0.5216, 0.8711, 0.8846, 0.6177, 1.804, 
2.3885, 0.7808, 2.1571, 2.1116, 180.5, 191.8, 203.7, 215.3, 247.3, 
275.4, 257.9, 268.7, 313.9, 303.9, 318.7, 733, 404, 1228, 1726, 
1819, 1367, 1384, 657, 2089, 227, 1067, 97, 777, 92, 3, 45, 63, 
29, 389, 3, 380, 18, 100, 100, 100, 100, 100, 100, 100, 100, 
100, 100, 100, 2500, 2500, 2500, 2500, 2500, 2500, 2500, 2500, 
2500, 2500, 2500, 16822.122, 16967.976, 20342.978, 28265.801, 
25401.334, 23570.957, 50553.863, 62736.455, 36024.725, 59305.273, 
59018.5229999999, 10.89253, 10.83429, 13.26008, 14.8233, 14.77658, 
6.72115, 14.7203, 12.74413, 14.11781, 7.73564, 14.32561, -5.88238, 
-7.5742, -9.72612, -8.88737, -9.45956, -4.26141, -7.12511, -8.04261, 
-7.69584, -3.97757, -8.51051, 0, 0, 0, 0, 0, 0, 0, 0, 0, 0, 0, 
0, 0, 0, 0, 0, 0, 0, 0, 0, 0, 0, 0.96558, 0.96974, 0.96886, 0.96869, 
0.96776, 0.96941, 0.9697, 0.96908, 0.96916, 0.96941, 0.9717, 
0.963, 0.96603, 0.96763, 0.96613, 0.96618, 0.96818, 0.96623, 
0.96691, 0.96834, 0.96727, 0.96984, 0.3751, 0.3854, 0.5183, 0.9096, 
0.98, 0.6013, 1.783, 1.0542, 1.5508, 0.9596, 1.7699, 180.9, 191.7, 
204, 214.7, 245.8, 283.5, 257.4, 283, 288, 347.8, 323.2, 368, 
2303, 1186, 2320, 1264, 1640, 1267, 21, 826, 726, 2096, 7, 1, 
2, 1, 1, 1, 1, 2, 7, 1, 1, 100, 100, 100, 100, 100, 100, 100, 
100, 100, 100, 100, 2500, 2500, 2500, 2500, 2500, 2500, 2500, 
2500, 2500, 2500, 2500, 19935.621, 21743.555, 24488.811, 26407.014, 
29689.958, 33942.915, 36098.461, 39020.091, 41762.248, 47551.2810000001, 
50606.028, 1, 1, 1, 1, 1, 1, 1, 1, 1, 1, 1, 0.1, 0.1, 0.1, 0.1, 
0.1, 0.1, 0.1, 0.1, 0.1, 0.1, 0.1, 0, 0, 0, 0, 0, 0, 0, 0, 0, 
0, 0, 0, 0, 0, 0, 0, 0, 0, 0, 0, 0, 0, 0.95633, 0.95694, 0.95838, 
0.95845, 0.95825, 0.96102, 0.96022, 0.96059, 0.96135, 0.95968, 
0.96189, 0.95743, 0.9556, 0.95808, 0.95901, 0.95904, 0.96077, 
0.95953, 0.96125, 0.96217, 0.95987, 0.96134, 0.3196, 0.3711, 
0.431, 0.4916, 0.5615, 0.6345, 0.7124, 0.7853, 0.8855, 1.0114, 
1.0556, 284.9, 307.2, 324.7, 345.5, 364, 383.4, 407.6, 429.6, 
450.4, 480.1, 495.7, 1, 1, 1, 1, 1, 1, 1, 1, 1, 1, 1, 1, 1, 1, 
1, 1, 1, 1, 1, 1, 1, 1, 1, 1, 1, 1, 1, 1, 1, 1, 1, 1, 1, 1, 1, 
1, 1, 1, 1, 1, 1, 1, 1, 1, 6.002, 6.546, 7.287, 7.842, 8.655, 
9.435, 10.401, 11.047, 12.193, 13.469, 13.985), .Dim = c(11L, 
40L), .Dimnames = list(NULL, c("Sampling", "PSO.cost", "PSO.gamma", 
"PSO.data.balancing", "PSO.feature.selection", "PSO.valid.acc", 
"PSO.test.acc", "PSO.train.time", "PSO.n.support.vectors", "PSO.index", 
"PSO.n.solutions", "PSO.generations", "PSO.n.evaluations", "PSO.cpu.time", 
"RS.cost", "RS.gamma", "RS.data.balancing", "RS.feature.selection", 
"RS.valid.acc", "RS.test.acc", "RS.train.time", "RS.n.support.vectors", 
"RS.index", "RS.n.solutions", "RS.generations", "RS.n.evaluations", 
"RS.cpu.time", "DF.cost", "DF.gamma", "DF.data.balancing", "DF.feature.selection", 
"DF.valid.acc", "DF.test.acc", "DF.train.time", "DF.n.support.vectors", 
"DF.index", "DF.n.solutions", "DF.generations", "DF.n.evaluations", 
"DF.cpu.time")))
