full <-
structure(c(50, 55, 60, 65, 70, 75, 80, 85, 90, 95, 100, 14.59729, 
14.4614, 15, 15, 10.86286, 15, 14.5875, 14.18889, 11.30316, 15, 
10.52903, -8.93313, -11.71521, -8.16822, -11.96586, -5.89394, 
-7.27935, -9.81284, -10.32226, -6.54791, -8.02836, -5.43503, 
0, 0, 0, 0, 0, 0, 0, 0, 0, 0, 0, 0, 0, 0, 0, 0, 0, 0, 0, 0, 0, 
0, 0.9656, 0.96839, 0.97071, 0.97011, 0.97224, 0.97211, 0.97131, 
0.97257, 0.97162, 0.97136, 0.96985, 0.96189, 0.96636, 0.96824, 
0.96783, 0.96934, 0.97261, 0.9697, 0.9693, 0.96895, 0.96961, 
0.96837, 0.5565, 0.4696, 0.8281, 0.6148, 0.6194, 1.2184, 1.0299, 
1.1217, 1.1764, 2.274, 1.3344, 169, 191.3, 181.2, 221.3, 214, 
210.8, 240.1, 272.4, 283.3, 293.1, 329.3, 1199, 283, 820, 207, 
878, 901, 967, 1429, 1913, 2141, 499, 108, 527, 105, 312, 44, 
53, 44, 18, 5, 2, 80, 100, 100, 100, 100, 100, 100, 100, 100, 
100, 100, 100, 2500, 2500, 2500, 2500, 2500, 2500, 2500, 2500, 
2500, 2500, 2500, 20651.53, 19203.587, 25762.019, 22990.215, 
25607.465, 30413.668, 36181.862, 39274.191, 48315.175, 62195.7069999999, 
45448.998, 11.75644, 9.03454, 11.76455, 14.7505, 11.11775, 5.58836, 
4.55937, 14.24244, 11.35342, 14.28392, 8.53652, -7.43444, -5.12197, 
-6.93303, -11.86134, -6.01855, -4.77797, -4.21155, -8.03028, 
-6.55442, -7.58611, -4.05262, 0, 0, 0, 0, 0, 0, 0, 0, 0, 0, 0, 
0, 0, 0, 0, 0, 0, 0, 0, 0, 0, 0, 0.96522, 0.96905, 0.9704, 0.96983, 
0.97224, 0.97163, 0.97086, 0.97257, 0.97162, 0.97078, 0.96948, 
0.96338, 0.96736, 0.97009, 0.96755, 0.96934, 0.96941, 0.96924, 
0.97126, 0.96895, 0.96844, 0.96744, 0.3835, 0.3734, 0.5073, 0.6232, 
0.6066, 0.5726, 0.6953, 1.3291, 1.1028, 1.9624, 1.1979, 171.3, 
189.8, 188.1, 222.8, 211.1, 272.7, 306, 252.4, 282.9, 294.8, 
351.1, 477, 1766, 525, 2039, 2285, 453, 2055, 2390, 1713, 2405, 
93, 1, 1, 2, 1, 1, 1, 2, 1, 1, 2, 6, 100, 100, 100, 100, 100, 
100, 100, 100, 100, 100, 100, 2500, 2500, 2500, 2500, 2500, 2500, 
2500, 2500, 2500, 2500, 2500, 20554.434, 22447.272, 24595.198, 
27438.007, 30495.896, 37111.738, 41663.478, 45564.223, 51349.916, 
54926.179, 59913.0110000001, 1, 1, 1, 1, 1, 1, 1, 1, 1, 1, 1, 
0.1, 0.1, 0.1, 0.1, 0.1, 0.1, 0.1, 0.1, 0.1, 0.1, 0.1, 0, 0, 
0, 0, 0, 0, 0, 0, 0, 0, 0, 0, 0, 0, 0, 0, 0, 0, 0, 0, 0, 0, 0.95929, 
0.95795, 0.96176, 0.96072, 0.96035, 0.96152, 0.96092, 0.96081, 
0.96155, 0.96084, 0.96097, 0.95893, 0.96031, 0.95868, 0.96044, 
0.96035, 0.96127, 0.96276, 0.96168, 0.96176, 0.96103, 0.96097, 
0.341, 0.3925, 0.4454, 0.538, 0.5908, 0.6998, 0.8028, 0.9012, 
1.007, 1.0874, 1.2535, 291.6, 309.5, 328.2, 356, 374.1, 398.3, 
413, 430.3, 454.7, 474.6, 495.1, 1, 1, 1, 1, 1, 1, 1, 1, 1, 1, 
1, 1, 1, 1, 1, 1, 1, 1, 1, 1, 1, 1, 1, 1, 1, 1, 1, 1, 1, 1, 1, 
1, 1, 1, 1, 1, 1, 1, 1, 1, 1, 1, 1, 1, 6.518, 7.004, 7.646, 8.605, 
8.984, 11.264, 12.482, 13.278, 14.392, 15.336, 17.143), .Dim = c(11L, 
40L), .Dimnames = list(NULL, c("Sampling", "PSO.cost", "PSO.gamma", 
"PSO.data.balancing", "PSO.feature.selection", "PSO.valid.acc", 
"PSO.test.acc", "PSO.train.time", "PSO.n.support.vectors", "PSO.index", 
"PSO.n.solutions", "PSO.generations", "PSO.n.evaluations", "PSO.cpu.time", 
"RS.cost", "RS.gamma", "RS.data.balancing", "RS.feature.selection", 
"RS.valid.acc", "RS.test.acc", "RS.train.time", "RS.n.support.vectors", 
"RS.index", "RS.n.solutions", "RS.generations", "RS.n.evaluations", 
"RS.cpu.time", "DF.cost", "DF.gamma", "DF.data.balancing", "DF.feature.selection", 
"DF.valid.acc", "DF.test.acc", "DF.train.time", "DF.n.support.vectors", 
"DF.index", "DF.n.solutions", "DF.generations", "DF.n.evaluations", 
"DF.cpu.time")))
