full <-
structure(c(50, 55, 60, 65, 70, 75, 80, 85, 90, 95, 100, 9.80186, 
13.64623, 14.51043, 7.96396, 15, 6.77769, 12.34963, 11.43413, 
11.5526, 8.73682, 9.75581, -12.50496, -8.92426, -13.9899, -10.41334, 
-9.05821, -9.95324, -7.59584, -8.63222, -15, -8.35367, -6.35646, 
0, 0, 0, 0, 0, 0, 0, 0, 0, 0, 0, 0, 0, 0, 0, 0, 0, 0, 0, 0, 0, 
0, 0.91415, 0.92814, 0.93395, 0.93753, 0.93829, 0.94946, 0.96997, 
0.97624, 0.97326, 0.97054, 0.98003, 0.92184, 0.91219, 0.93062, 
0.93466, 0.93832, 0.94744, 0.96003, 0.96228, 0.97089, 0.96846, 
0.96833, 0.0642, 0.0691, 0.0752, 0.0836, 0.0924, 0.0999, 0.1092, 
0.1117, 0.1313, 0.1327, 0.142, 183.8, 199, 209.9, 226.3, 243.3, 
257.5, 283, 292.6, 301, 321.8, 352, 9, 47, 21, 31, 29, 946, 73, 
35, 294, 29, 9, 1775, 1735, 1780, 172, 1351, 8, 1504, 426, 207, 
1941, 957, 100, 100, 100, 100, 100, 100, 100, 100, 100, 100, 
100, 2500, 2500, 2500, 2500, 2500, 2500, 2500, 2500, 2500, 2500, 
2500, 7661.51, 8096.606, 7963.065, 8415.531, 8291.319, 8652.13800000001, 
8927.851, 9128.74699999999, 9738.50899999999, 9684.61599999998, 
10002.328, 13.93882, 11.34117, 9.17214, 9.03878, 3.24628, 6.04313, 
5.80735, 9.46098, 10.77164, 12.7595, 3.98462, -12.89839, -9.17259, 
-11.1972, -11.41201, -7.00582, -9.19804, -7.47356, -11.89804, 
-14.30322, -14.78025, -7.1763, 0, 0, 0, 0, 0, 0, 0, 0, 0, 0, 
0, 0, 0, 0, 0, 0, 0, 0, 0, 0, 0, 0, 0.91415, 0.92814, 0.93395, 
0.93753, 0.93837, 0.94946, 0.96997, 0.97624, 0.97326, 0.97077, 
0.98018, 0.92184, 0.91219, 0.93062, 0.93476, 0.93251, 0.94744, 
0.95746, 0.96704, 0.96867, 0.96437, 0.97033, 0.0601, 0.0689, 
0.0755, 0.085, 0.0852, 0.0936, 0.109, 0.1205, 0.1241, 0.1373, 
0.1474, 183.1, 198.4, 211.2, 225.7, 255.2, 260, 283.4, 281.3, 
302.3, 303.8, 347.9, 18, 56, 7, 1669, 115, 109, 1, 46, 1660, 
964, 1989, 132, 72, 201, 1, 5, 1, 36, 61, 1, 2, 1, 100, 100, 
100, 100, 100, 100, 100, 100, 100, 100, 100, 2500, 2500, 2500, 
2500, 2500, 2500, 2500, 2500, 2500, 2500, 2500, 7985.192, 7880.63, 
8141.218, 8528.531, 8563.019, 9198.81600000001, 9282.59600000001, 
9629.44699999999, 10143.462, 10138.427, 10856.123, 1, 1, 1, 1, 
1, 1, 1, 1, 1, 1, 1, 0.04762, 0.04762, 0.04762, 0.04762, 0.04762, 
0.04762, 0.04762, 0.04762, 0.04762, 0.04762, 0.04762, 0, 0, 0, 
0, 0, 0, 0, 0, 0, 0, 0, 0, 0, 0, 0, 0, 0, 0, 0, 0, 0, 0, 0.7333, 
0.74406, 0.76665, 0.79832, 0.81098, 0.82909, 0.83758, 0.85177, 
0.86435, 0.85377, 0.89194, 0.72096, 0.76675, 0.79946, 0.79348, 
0.81763, 0.82384, 0.85024, 0.85177, 0.87083, 0.8685, 0.88786, 
0.0654, 0.0732, 0.0799, 0.0897, 0.0985, 0.1082, 0.111, 0.1239, 
0.1332, 0.1508, 0.1627, 198.5, 215.5, 236, 252.2, 270.9, 289.2, 
307.2, 326.4, 343.2, 359.7, 376.5, 1, 1, 1, 1, 1, 1, 1, 1, 1, 
1, 1, 1, 1, 1, 1, 1, 1, 1, 1, 1, 1, 1, 1, 1, 1, 1, 1, 1, 1, 1, 
1, 1, 1, 1, 1, 1, 1, 1, 1, 1, 1, 1, 1, 1, 3.23, 3.264, 3.328, 
3.419, 3.425, 3.584, 3.491, 3.605, 3.723, 4.073, 4.21), .Dim = c(11L, 
40L), .Dimnames = list(NULL, c("Sampling", "PSO.cost", "PSO.gamma", 
"PSO.data.balancing", "PSO.feature.selection", "PSO.valid.acc", 
"PSO.test.acc", "PSO.train.time", "PSO.n.support.vectors", "PSO.index", 
"PSO.n.solutions", "PSO.generations", "PSO.n.evaluations", "PSO.cpu.time", 
"RS.cost", "RS.gamma", "RS.data.balancing", "RS.feature.selection", 
"RS.valid.acc", "RS.test.acc", "RS.train.time", "RS.n.support.vectors", 
"RS.index", "RS.n.solutions", "RS.generations", "RS.n.evaluations", 
"RS.cpu.time", "DF.cost", "DF.gamma", "DF.data.balancing", "DF.feature.selection", 
"DF.valid.acc", "DF.test.acc", "DF.train.time", "DF.n.support.vectors", 
"DF.index", "DF.n.solutions", "DF.generations", "DF.n.evaluations", 
"DF.cpu.time")))
