full <-
structure(c(50, 55, 60, 65, 70, 75, 80, 85, 90, 95, 100, 6.53334, 
10.95077, 4.49127, 9.23618, 7.00656, 6.94131, 6.01863, 6.31148, 
11.71203, 7.25916, 10.16777, -9.01261, -12.62646, -7.45364, -8.41096, 
-7.48677, -9.71293, -9.8309, -7.13442, -14.91444, -10.28964, 
-11.50349, 0, 0, 0, 0, 0, 0, 0, 0, 0, 0, 0, 0, 0, 0, 0, 0, 0, 
0, 0, 0, 0, 0, 0.90953, 0.91087, 0.94789, 0.95037, 0.95488, 0.95754, 
0.95768, 0.95981, 0.9779, 0.98103, 0.98214, 0.88812, 0.91169, 
0.94699, 0.93814, 0.9525, 0.9574, 0.95016, 0.95045, 0.96663, 
0.96637, 0.97613, 0.0614, 0.0674, 0.0741, 0.0817, 0.0865, 0.0924, 
0.1035, 0.1141, 0.131, 0.139, 0.1548, 178.8, 190.5, 215, 224.9, 
247.9, 250, 273.7, 298.4, 291.3, 310.5, 317.6, 437, 10, 838, 
113, 164, 498, 290, 41, 270, 129, 24, 180, 1850, 63, 1199, 468, 
295, 67, 240, 87, 455, 2143, 100, 100, 100, 100, 100, 100, 100, 
100, 100, 100, 100, 2500, 2500, 2500, 2500, 2500, 2500, 2500, 
2500, 2500, 2500, 2500, 7872.041, 7924.844, 7979.24, 8168.16699999999, 
8240.397, 8613.50199999999, 9040.32400000001, 10971.465, 12027.162, 
11862.359, 12221.044, 10.80063, 14.2301, 4.88868, 14.78163, 13.87745, 
6.42015, 5.86035, 12.4908, 8.07209, 7.56366, 14.72454, -8.967, 
-14.96189, -7.56038, -8.38603, -7.49049, -9.38531, -9.55908, 
-7.21926, -11.30897, -10.57337, -13.23694, 0, 0, 0, 0, 0, 0, 
0, 0, 0, 0, 0, 0, 0, 0, 0, 0, 0, 0, 0, 0, 0, 0, 0.90569, 0.91487, 
0.94432, 0.95037, 0.95488, 0.95754, 0.95768, 0.95981, 0.97573, 
0.98103, 0.98214, 0.88812, 0.91514, 0.94699, 0.93814, 0.9525, 
0.96274, 0.95504, 0.95045, 0.96663, 0.9686, 0.97613, 0.0611, 
0.0682, 0.0734, 0.0818, 0.0849, 0.0965, 0.103, 0.1218, 0.1308, 
0.1418, 0.1561, 178.9, 190.3, 214.9, 224.9, 247.9, 250.6, 274.2, 
297.8, 294.9, 309.2, 314.6, 137, 1980, 945, 393, 35, 95, 1810, 
5, 233, 344, 4, 65, 1, 1, 26, 5, 5, 1, 20, 4, 3, 134, 100, 100, 
100, 100, 100, 100, 100, 100, 100, 100, 100, 2500, 2500, 2500, 
2500, 2500, 2500, 2500, 2500, 2500, 2500, 2500, 7915.255, 7989.667, 
8151.898, 8214.29, 8339.648, 9087.928, 9384.22600000001, 12183.586, 
12297.756, 12399.9, 12762.071, 1, 1, 1, 1, 1, 1, 1, 1, 1, 1, 
1, 0.04762, 0.04762, 0.04762, 0.04762, 0.04762, 0.04762, 0.04762, 
0.04762, 0.04762, 0.04762, 0.04762, 0, 0, 0, 0, 0, 0, 0, 0, 0, 
0, 0, 0, 0, 0, 0, 0, 0, 0, 0, 0, 0, 0, 0.7682, 0.75936, 0.79453, 
0.78175, 0.80278, 0.81915, 0.84232, 0.86604, 0.85984, 0.87822, 
0.88273, 0.7482, 0.75674, 0.7806, 0.78715, 0.78638, 0.82861, 
0.83982, 0.84769, 0.86229, 0.87223, 0.88293, 0.0646, 0.0724, 
0.0799, 0.0865, 0.0993, 0.1052, 0.1148, 0.1299, 0.1464, 0.1557, 
0.1673, 194.5, 215.2, 233.5, 252.5, 268.6, 289.1, 306.3, 323.3, 
341.2, 358.8, 376.6, 1, 1, 1, 1, 1, 1, 1, 1, 1, 1, 1, 1, 1, 1, 
1, 1, 1, 1, 1, 1, 1, 1, 1, 1, 1, 1, 1, 1, 1, 1, 1, 1, 1, 1, 1, 
1, 1, 1, 1, 1, 1, 1, 1, 1, 3.133, 3.18, 3.204, 3.217, 3.459, 
3.614, 3.697, 4.811, 4.982, 4.889, 4.995), .Dim = c(11L, 40L), .Dimnames = list(
    NULL, c("Sampling", "PSO.cost", "PSO.gamma", "PSO.data.balancing", 
    "PSO.feature.selection", "PSO.valid.acc", "PSO.test.acc", 
    "PSO.train.time", "PSO.n.support.vectors", "PSO.index", "PSO.n.solutions", 
    "PSO.generations", "PSO.n.evaluations", "PSO.cpu.time", "RS.cost", 
    "RS.gamma", "RS.data.balancing", "RS.feature.selection", 
    "RS.valid.acc", "RS.test.acc", "RS.train.time", "RS.n.support.vectors", 
    "RS.index", "RS.n.solutions", "RS.generations", "RS.n.evaluations", 
    "RS.cpu.time", "DF.cost", "DF.gamma", "DF.data.balancing", 
    "DF.feature.selection", "DF.valid.acc", "DF.test.acc", "DF.train.time", 
    "DF.n.support.vectors", "DF.index", "DF.n.solutions", "DF.generations", 
    "DF.n.evaluations", "DF.cpu.time")))
