full <-
structure(c(50, 55, 60, 65, 70, 75, 80, 85, 90, 95, 100, 8.84373, 
6.46164, 6.79012, 11.13703, 8.32976, 6.22647, 11.52246, 7.44845, 
8.05826, 4.6488, 5.31242, -12.32395, -9.70141, -9.77376, -15, 
-7.71246, -9.13977, -14.69731, -10.52625, -8.46271, -7.92445, 
-8.75297, 0, 0, 0, 0, 0, 0, 0, 0, 0, 0, 0, 0, 0, 0, 0, 0, 0, 
0, 0, 0, 0, 0, 0.92416, 0.94616, 0.94291, 0.94844, 0.95984, 0.96844, 
0.95759, 0.97134, 0.97169, 0.97266, 0.97623, 0.92109, 0.93902, 
0.94932, 0.9325, 0.95714, 0.95763, 0.94484, 0.95724, 0.96429, 
0.97028, 0.97038, 0.0594, 0.0671, 0.069, 0.0801, 0.0891, 0.0957, 
0.11, 0.124, 0.1278, 0.1406, 0.147, 182.6, 199.2, 210, 226.2, 
247.9, 259.2, 269.5, 286.7, 305.2, 328.8, 336.2, 50, 1706, 410, 
94, 63, 5, 2225, 684, 8, 29, 342, 182, 10, 497, 139, 1584, 896, 
1, 75, 1714, 406, 110, 100, 100, 100, 100, 100, 100, 100, 100, 
100, 100, 100, 2500, 2500, 2500, 2500, 2500, 2500, 2500, 2500, 
2500, 2500, 2500, 7790.131, 7871.624, 7778.095, 7884.77899999999, 
8316.516, 8654.33099999999, 11145.019, 11371.489, 11554.94, 11646.436, 
11977.737, 4.18881, 7.28656, 14.89152, 6.82274, 13.59869, 8.68095, 
7.16859, 6.9759, 7.5807, 4.69369, 5.96609, -7.93007, -10.51213, 
-9.80877, -10.54036, -7.70689, -8.34759, -10.40607, -10.10654, 
-8.91965, -8.27967, -9.41588, 0, 0, 0, 0, 0, 0, 0, 0, 0, 0, 0, 
0, 0, 0, 0, 0, 0, 0, 0, 0, 0, 0, 0.92786, 0.94259, 0.93958, 0.94541, 
0.95984, 0.96844, 0.95753, 0.96884, 0.97169, 0.97266, 0.97623, 
0.9055, 0.94272, 0.94599, 0.93866, 0.95714, 0.96019, 0.93746, 
0.95974, 0.96638, 0.97028, 0.97038, 0.0603, 0.0682, 0.0715, 0.076, 
0.0909, 0.0936, 0.1117, 0.121, 0.1312, 0.1377, 0.1495, 187, 198.6, 
209.8, 227.7, 248, 264.1, 272.1, 287.1, 302, 327.6, 331.5, 1711, 
1055, 176, 226, 6, 49, 665, 908, 7, 280, 611, 2, 1, 18, 30, 37, 
24, 3, 4, 433, 3, 1, 100, 100, 100, 100, 100, 100, 100, 100, 
100, 100, 100, 2500, 2500, 2500, 2500, 2500, 2500, 2500, 2500, 
2500, 2500, 2500, 7976.613, 7984.945, 7866.808, 8302.532, 8562.36200000001, 
9422.05899999999, 11501.016, 11667.368, 12033.163, 12225.829, 
12661.139, 1, 1, 1, 1, 1, 1, 1, 1, 1, 1, 1, 0.04762, 0.04762, 
0.04762, 0.04762, 0.04762, 0.04762, 0.04762, 0.04762, 0.04762, 
0.04762, 0.04762, 0, 0, 0, 0, 0, 0, 0, 0, 0, 0, 0, 0, 0, 0, 0, 
0, 0, 0, 0, 0, 0, 0, 0.75153, 0.75399, 0.81971, 0.82259, 0.81769, 
0.82723, 0.84015, 0.84927, 0.85591, 0.86934, 0.87863, 0.75586, 
0.76168, 0.79756, 0.83153, 0.80672, 0.84088, 0.83527, 0.83499, 
0.84202, 0.87781, 0.87287, 0.0599, 0.0679, 0.0804, 0.0855, 0.094, 
0.1124, 0.1189, 0.1343, 0.1402, 0.1489, 0.166, 197.1, 216.4, 
233.4, 251.2, 268.9, 287.6, 305.4, 323.2, 341.1, 359.2, 376.7, 
1, 1, 1, 1, 1, 1, 1, 1, 1, 1, 1, 1, 1, 1, 1, 1, 1, 1, 1, 1, 1, 
1, 1, 1, 1, 1, 1, 1, 1, 1, 1, 1, 1, 1, 1, 1, 1, 1, 1, 1, 1, 1, 
1, 1, 2.904, 2.97, 3.237, 3.31, 3.272, 4.461, 4.475, 4.787, 4.614, 
4.653, 5.073), .Dim = c(11L, 40L), .Dimnames = list(NULL, c("Sampling", 
"PSO.cost", "PSO.gamma", "PSO.data.balancing", "PSO.feature.selection", 
"PSO.valid.acc", "PSO.test.acc", "PSO.train.time", "PSO.n.support.vectors", 
"PSO.index", "PSO.n.solutions", "PSO.generations", "PSO.n.evaluations", 
"PSO.cpu.time", "RS.cost", "RS.gamma", "RS.data.balancing", "RS.feature.selection", 
"RS.valid.acc", "RS.test.acc", "RS.train.time", "RS.n.support.vectors", 
"RS.index", "RS.n.solutions", "RS.generations", "RS.n.evaluations", 
"RS.cpu.time", "DF.cost", "DF.gamma", "DF.data.balancing", "DF.feature.selection", 
"DF.valid.acc", "DF.test.acc", "DF.train.time", "DF.n.support.vectors", 
"DF.index", "DF.n.solutions", "DF.generations", "DF.n.evaluations", 
"DF.cpu.time")))
