full <-
structure(c(50, 55, 60, 65, 70, 75, 80, 85, 90, 95, 100, 12.28351, 
9.36098, 12.26568, 10.71195, 11.87884, 9.63955, 13.1883, 7.45835, 
8.23877, 5.22569, 6.8575, -15, -7.66752, -15, -14.95732, -15, 
-12.57684, -8.04285, -10.58765, -7.2462, -8.32635, -9.59484, 
0, 0, 0, 0, 0, 0, 0, 0, 0, 0, 0, 0, 0, 0, 0, 0, 0, 0, 0, 0, 0, 
0, 0.91063, 0.92408, 0.9393, 0.95053, 0.94034, 0.95972, 0.96516, 
0.96708, 0.97143, 0.97709, 0.98027, 0.90859, 0.92357, 0.92603, 
0.93534, 0.93376, 0.95729, 0.96253, 0.9601, 0.96892, 0.97487, 
0.97235, 0.0595, 0.0672, 0.0727, 0.0778, 0.0903, 0.0999, 0.1026, 
0.1174, 0.1285, 0.1297, 0.1483, 179.8, 203.9, 210.2, 230.9, 236.6, 
251.9, 278.4, 284.1, 315.5, 323.9, 326.6, 93, 31, 77, 388, 187, 
24, 83, 278, 27, 1768, 607, 431, 1431, 95, 80, 128, 1613, 473, 
120, 1328, 9, 65, 100, 100, 100, 100, 100, 100, 100, 100, 100, 
100, 100, 2500, 2500, 2500, 2500, 2500, 2500, 2500, 2500, 2500, 
2500, 2500, 7947.705, 8259.762, 8136.34, 8401.649, 8419.04700000001, 
8870.53200000001, 8863.292, 9383.723, 9381.44700000001, 9567.399, 
9890.67899999997, 11.75656, 11.34218, 9.94894, 8.67136, 9.81463, 
11.72267, 8.23756, 8.21644, 9.94049, 5.60228, 6.84194, -14.38244, 
-7.62136, -13.11123, -12.98076, -12.85512, -12.58089, -8.03094, 
-11.33377, -7.35607, -8.63323, -9.59559, 0, 0, 0, 0, 0, 0, 0, 
0, 0, 0, 0, 0, 0, 0, 0, 0, 0, 0, 0, 0, 0, 0, 0.91063, 0.92408, 
0.9393, 0.9475, 0.94034, 0.95972, 0.96516, 0.96708, 0.97143, 
0.97709, 0.98027, 0.90859, 0.92357, 0.92603, 0.93211, 0.9367, 
0.95707, 0.96253, 0.9601, 0.96897, 0.97274, 0.97235, 0.0604, 
0.0663, 0.0698, 0.0761, 0.09, 0.1013, 0.1077, 0.1179, 0.1268, 
0.1353, 0.1466, 179.9, 204.1, 211.1, 232.1, 237, 249.8, 278.8, 
282.3, 314.5, 322.2, 327, 331, 23, 133, 54, 569, 6, 903, 40, 
22, 2420, 1037, 6, 37, 4, 15, 6, 237, 2, 3, 31, 1, 1, 100, 100, 
100, 100, 100, 100, 100, 100, 100, 100, 100, 2500, 2500, 2500, 
2500, 2500, 2500, 2500, 2500, 2500, 2500, 2500, 8090.87, 8146.411, 
8391.695, 8419.744, 8678.43100000001, 9129.481, 9235.984, 9691.20099999999, 
9729.15700000001, 10124.491, 10508.529, 1, 1, 1, 1, 1, 1, 1, 
1, 1, 1, 1, 0.04762, 0.04762, 0.04762, 0.04762, 0.04762, 0.04762, 
0.04762, 0.04762, 0.04762, 0.04762, 0.04762, 0, 0, 0, 0, 0, 0, 
0, 0, 0, 0, 0, 0, 0, 0, 0, 0, 0, 0, 0, 0, 0, 0, 0.74955, 0.7738, 
0.79569, 0.81009, 0.80186, 0.81591, 0.83234, 0.84655, 0.87252, 
0.87478, 0.87052, 0.73782, 0.78254, 0.78579, 0.81027, 0.80875, 
0.81869, 0.81733, 0.86345, 0.86283, 0.87074, 0.88033, 0.0663, 
0.0737, 0.0765, 0.0858, 0.0913, 0.1012, 0.1159, 0.1269, 0.1392, 
0.1502, 0.1595, 195.1, 213.5, 232.1, 250.2, 268.6, 287.7, 304.4, 
321.9, 341.2, 358.8, 375.6, 1, 1, 1, 1, 1, 1, 1, 1, 1, 1, 1, 
1, 1, 1, 1, 1, 1, 1, 1, 1, 1, 1, 1, 1, 1, 1, 1, 1, 1, 1, 1, 1, 
1, 1, 1, 1, 1, 1, 1, 1, 1, 1, 1, 1, 3.233, 3.346, 3.174, 3.367, 
3.227, 3.438, 3.771, 3.858, 3.95, 4.03, 4.155), .Dim = c(11L, 
40L), .Dimnames = list(NULL, c("Sampling", "PSO.cost", "PSO.gamma", 
"PSO.data.balancing", "PSO.feature.selection", "PSO.valid.acc", 
"PSO.test.acc", "PSO.train.time", "PSO.n.support.vectors", "PSO.index", 
"PSO.n.solutions", "PSO.generations", "PSO.n.evaluations", "PSO.cpu.time", 
"RS.cost", "RS.gamma", "RS.data.balancing", "RS.feature.selection", 
"RS.valid.acc", "RS.test.acc", "RS.train.time", "RS.n.support.vectors", 
"RS.index", "RS.n.solutions", "RS.generations", "RS.n.evaluations", 
"RS.cpu.time", "DF.cost", "DF.gamma", "DF.data.balancing", "DF.feature.selection", 
"DF.valid.acc", "DF.test.acc", "DF.train.time", "DF.n.support.vectors", 
"DF.index", "DF.n.solutions", "DF.generations", "DF.n.evaluations", 
"DF.cpu.time")))
