full <-
structure(c(50, 55, 60, 65, 70, 75, 80, 85, 90, 95, 100, 11.40656, 
4.78231, 7.92835, 13.01096, 5.62584, 4.41525, 12.80561, 15, 10.64317, 
4.11218, 10.47478, -14.89656, -8.34687, -7.8773, -9.93025, -8.68072, 
-7.25065, -11.08809, -12.51271, -13.5802, -7.91995, -13.6874, 
0, 0, 0, 0, 0, 0, 0, 0, 0, 0, 0, 0, 0, 0, 0, 0, 0, 0, 0, 0, 0, 
0, 0.89121, 0.92488, 0.94715, 0.94215, 0.95174, 0.9555, 0.9594, 
0.96737, 0.97366, 0.97498, 0.98166, 0.89925, 0.92196, 0.95037, 
0.94822, 0.94538, 0.94965, 0.96705, 0.96282, 0.97143, 0.96683, 
0.97778, 0.0612, 0.0695, 0.0774, 0.083, 0.0884, 0.1025, 0.1103, 
0.118, 0.13, 0.1376, 0.1514, 183.3, 205.5, 222.2, 228.9, 247.7, 
270.9, 270.7, 281.5, 294.2, 330.8, 318.9, 17, 609, 39, 6, 738, 
1425, 5, 57, 99, 2471, 1521, 453, 95, 625, 1065, 88, 76, 1713, 
2062, 389, 1, 1, 100, 100, 100, 100, 100, 100, 100, 100, 100, 
100, 100, 2500, 2500, 2500, 2500, 2500, 2500, 2500, 2500, 2500, 
2500, 2500, 7859.648, 7843.368, 8148.303, 8365.32999999999, 8522.16, 
8833.62700000001, 9116.67300000001, 9316.492, 9509.73699999999, 
9673.484, 9895.52000000002, 10.38355, 4.81923, 12.07853, 8.42116, 
6.63289, 4.16418, 12.30938, 14.92716, 14.89315, 3.87581, 11.49993, 
-13.76535, -8.37004, -7.62435, -9.83326, -9.74107, -7.18958, 
-11.97677, -14.33571, -9.35747, -7.72193, -14.6857, 0, 0, 0, 
0, 0, 0, 0, 0, 0, 0, 0, 0, 0, 0, 0, 0, 0, 0, 0, 0, 0, 0, 0.89121, 
0.92488, 0.94715, 0.94215, 0.94871, 0.9555, 0.9594, 0.96737, 
0.97366, 0.9729, 0.98166, 0.90694, 0.92196, 0.94715, 0.94822, 
0.94538, 0.95215, 0.96455, 0.96282, 0.97143, 0.96465, 0.97778, 
0.0616, 0.0665, 0.0741, 0.0827, 0.0921, 0.1018, 0.1131, 0.1229, 
0.1294, 0.1327, 0.1511, 182.8, 205.6, 223.1, 229.2, 244.1, 271.4, 
268.6, 281.3, 305.7, 332.5, 318.1, 484, 685, 29, 234, 865, 559, 
16, 26, 191, 549, 425, 11, 1, 81, 10, 7, 3, 202, 155, 53, 2, 
1, 100, 100, 100, 100, 100, 100, 100, 100, 100, 100, 100, 2500, 
2500, 2500, 2500, 2500, 2500, 2500, 2500, 2500, 2500, 2500, 8012.837, 
7940.831, 8300.449, 8584.072, 8829.424, 9046.995, 9405.486, 9700.304, 
9996.34400000001, 10151.606, 10540.973, 1, 1, 1, 1, 1, 1, 1, 
1, 1, 1, 1, 0.04762, 0.04762, 0.04762, 0.04762, 0.04762, 0.04762, 
0.04762, 0.04762, 0.04762, 0.04762, 0.04762, 0, 0, 0, 0, 0, 0, 
0, 0, 0, 0, 0, 0, 0, 0, 0, 0, 0, 0, 0, 0, 0, 0, 0.71517, 0.72885, 
0.78314, 0.8277, 0.81426, 0.85118, 0.8344, 0.85742, 0.87056, 
0.86871, 0.88163, 0.725, 0.75494, 0.76357, 0.82245, 0.80839, 
0.84397, 0.84699, 0.83614, 0.87485, 0.88096, 0.89575, 0.0667, 
0.0712, 0.0784, 0.0923, 0.0966, 0.1077, 0.1189, 0.1267, 0.1407, 
0.1456, 0.1644, 195, 213.2, 231.8, 249.9, 269.1, 287.2, 305.3, 
325, 342.7, 361.1, 376.1, 1, 1, 1, 1, 1, 1, 1, 1, 1, 1, 1, 1, 
1, 1, 1, 1, 1, 1, 1, 1, 1, 1, 1, 1, 1, 1, 1, 1, 1, 1, 1, 1, 1, 
1, 1, 1, 1, 1, 1, 1, 1, 1, 1, 1, 3.234, 3.121, 3.166, 3.493, 
3.4, 3.609, 3.732, 3.699, 4.001, 3.874, 4.258), .Dim = c(11L, 
40L), .Dimnames = list(NULL, c("Sampling", "PSO.cost", "PSO.gamma", 
"PSO.data.balancing", "PSO.feature.selection", "PSO.valid.acc", 
"PSO.test.acc", "PSO.train.time", "PSO.n.support.vectors", "PSO.index", 
"PSO.n.solutions", "PSO.generations", "PSO.n.evaluations", "PSO.cpu.time", 
"RS.cost", "RS.gamma", "RS.data.balancing", "RS.feature.selection", 
"RS.valid.acc", "RS.test.acc", "RS.train.time", "RS.n.support.vectors", 
"RS.index", "RS.n.solutions", "RS.generations", "RS.n.evaluations", 
"RS.cpu.time", "DF.cost", "DF.gamma", "DF.data.balancing", "DF.feature.selection", 
"DF.valid.acc", "DF.test.acc", "DF.train.time", "DF.n.support.vectors", 
"DF.index", "DF.n.solutions", "DF.generations", "DF.n.evaluations", 
"DF.cpu.time")))
