full <-
structure(c(50, 55, 60, 65, 70, 75, 80, 85, 90, 95, 100, 9.0065, 
5.53102, 15, 10.25349, 7.62227, 5.37654, 3.69912, 8.85791, 9.60147, 
5.3744, 14.04687, -9.29847, -8.38778, -7.62591, -13.22884, -6.53473, 
-7.33966, -6.81988, -6.63587, -12.80255, -8.58299, -12.8927, 
0, 0, 0, 0, 0, 0, 0, 0, 0, 0, 0, 0, 0, 0, 0, 0, 0, 0, 0, 0, 0, 
0, 0.91618, 0.93957, 0.9442, 0.956, 0.9596, 0.95731, 0.95741, 
0.96431, 0.97127, 0.96872, 0.97593, 0.89034, 0.93204, 0.93016, 
0.94699, 0.94854, 0.9576, 0.94792, 0.95976, 0.96004, 0.97067, 
0.97969, 0.0617, 0.0688, 0.0766, 0.0796, 0.0885, 0.1014, 0.1059, 
0.121, 0.1266, 0.1316, 0.1462, 184.4, 201.8, 221.1, 227.1, 257.4, 
270.2, 288.4, 303.9, 296.1, 321.8, 317, 84, 253, 49, 168, 90, 
136, 1963, 146, 459, 609, 9, 1326, 267, 1345, 142, 1237, 165, 
29, 798, 83, 317, 1972, 100, 100, 100, 100, 100, 100, 100, 100, 
100, 100, 100, 2500, 2500, 2500, 2500, 2500, 2500, 2500, 2500, 
2500, 2500, 2500, 7946.71, 8107.678, 8351.052, 8597.024, 8797.94900000001, 
8886.27499999999, 9005.28600000001, 9369.69099999999, 9458.13400000002, 
9521.27600000001, 9958.68399999998, 12.23694, 5.58625, 10.4923, 
11.01181, 14.14313, 6.35763, 3.33086, 11.75306, 8.95244, 5.06001, 
12.04289, -9.28726, -8.37565, -7.58664, -14.05151, -6.491, -8.94738, 
-6.43012, -6.66799, -12.00306, -8.33993, -13.1879, 0, 0, 0, 0, 
0, 0, 0, 0, 0, 0, 0, 0, 0, 0, 0, 0, 0, 0, 0, 0, 0, 0, 0.91618, 
0.93957, 0.9442, 0.956, 0.9596, 0.95731, 0.95484, 0.96431, 0.97122, 
0.96872, 0.97593, 0.89034, 0.93549, 0.93016, 0.94699, 0.94854, 
0.96286, 0.94792, 0.95976, 0.96454, 0.97067, 0.97969, 0.0637, 
0.0667, 0.0749, 0.0818, 0.0895, 0.1017, 0.1093, 0.1205, 0.1272, 
0.1306, 0.1521, 184.4, 201.7, 221.2, 226.7, 258, 261.6, 290.3, 
303.5, 295.8, 324, 316.8, 62, 1454, 218, 29, 267, 400, 111, 648, 
765, 1389, 110, 16, 5, 25, 6, 10, 9, 1, 5, 4, 1, 101, 100, 100, 
100, 100, 100, 100, 100, 100, 100, 100, 100, 2500, 2500, 2500, 
2500, 2500, 2500, 2500, 2500, 2500, 2500, 2500, 8045.993, 8226.971, 
8544.971, 8764.768, 8997.246, 9254.285, 9480.151, 9782.75400000002, 
9775.22100000002, 10130.789, 10532.423, 1, 1, 1, 1, 1, 1, 1, 
1, 1, 1, 1, 0.04762, 0.04762, 0.04762, 0.04762, 0.04762, 0.04762, 
0.04762, 0.04762, 0.04762, 0.04762, 0.04762, 0, 0, 0, 0, 0, 0, 
0, 0, 0, 0, 0, 0, 0, 0, 0, 0, 0, 0, 0, 0, 0, 0, 0.7429, 0.75079, 
0.76882, 0.79021, 0.79787, 0.84089, 0.83793, 0.85329, 0.87156, 
0.87575, 0.88806, 0.72792, 0.75466, 0.77946, 0.7835, 0.79437, 
0.83819, 0.84299, 0.84149, 0.87198, 0.87158, 0.88945, 0.0639, 
0.0738, 0.0827, 0.0905, 0.1006, 0.1098, 0.1193, 0.1224, 0.1392, 
0.143, 0.1627, 197, 215.7, 234.2, 251.2, 269.8, 286.2, 305.2, 
322.5, 340.8, 357, 378.5, 1, 1, 1, 1, 1, 1, 1, 1, 1, 1, 1, 1, 
1, 1, 1, 1, 1, 1, 1, 1, 1, 1, 1, 1, 1, 1, 1, 1, 1, 1, 1, 1, 1, 
1, 1, 1, 1, 1, 1, 1, 1, 1, 1, 1, 3.18, 3.3, 3.43, 3.485, 3.592, 
3.661, 3.715, 3.637, 3.985, 3.817, 4.238), .Dim = c(11L, 40L), .Dimnames = list(
    NULL, c("Sampling", "PSO.cost", "PSO.gamma", "PSO.data.balancing", 
    "PSO.feature.selection", "PSO.valid.acc", "PSO.test.acc", 
    "PSO.train.time", "PSO.n.support.vectors", "PSO.index", "PSO.n.solutions", 
    "PSO.generations", "PSO.n.evaluations", "PSO.cpu.time", "RS.cost", 
    "RS.gamma", "RS.data.balancing", "RS.feature.selection", 
    "RS.valid.acc", "RS.test.acc", "RS.train.time", "RS.n.support.vectors", 
    "RS.index", "RS.n.solutions", "RS.generations", "RS.n.evaluations", 
    "RS.cpu.time", "DF.cost", "DF.gamma", "DF.data.balancing", 
    "DF.feature.selection", "DF.valid.acc", "DF.test.acc", "DF.train.time", 
    "DF.n.support.vectors", "DF.index", "DF.n.solutions", "DF.generations", 
    "DF.n.evaluations", "DF.cpu.time")))
