full <-
structure(c(50, 55, 60, 65, 70, 75, 80, 85, 90, 95, 100, 12.71441, 
3.89146, 13.57055, 10.0459, 4.80534, 8.44496, 2.98246, 9.87929, 
12.00316, 13.29607, 12.63153, -8.60452, -7.43659, -15, -12.68134, 
-7.91919, -8.8555, -7.14072, -12.90505, -12.42201, -7.65701, 
-6.71151, 0, 0, 0, 0, 0, 0, 0, 0, 0, 0, 0, 0, 0, 0, 0, 0, 0, 
0, 0, 0, 0, 0, 0.89562, 0.92184, 0.93042, 0.94777, 0.95381, 0.95214, 
0.95747, 0.96039, 0.96934, 0.97466, 0.97181, 0.90209, 0.90422, 
0.9243, 0.929, 0.94523, 0.94723, 0.94018, 0.96499, 0.96693, 0.97058, 
0.97778, 0.0629, 0.0653, 0.0751, 0.0847, 0.0881, 0.0954, 0.1017, 
0.1177, 0.1295, 0.1283, 0.1452, 187.2, 209.2, 214.9, 227.5, 252.9, 
265.1, 291.7, 282.5, 291.9, 328.3, 349.5, 14, 1550, 52, 2, 1846, 
43, 2057, 14, 7, 23, 15, 1578, 21, 2279, 1674, 1, 1254, 15, 153, 
2047, 1343, 1587, 100, 100, 100, 100, 100, 100, 100, 100, 100, 
100, 100, 2500, 2500, 2500, 2500, 2500, 2500, 2500, 2500, 2500, 
2500, 2500, 7725.673, 7834.608, 7982.73, 8196.026, 8392.657, 
8573.46200000001, 8763.58500000001, 8930.516, 8993.17500000002, 
9088.16, 9463.21599999999, 8.06387, 7.22604, 14.2639, 13.71006, 
4.82936, 12.16638, 2.99811, 10.13089, 14.76819, 6.63295, 5.27521, 
-10.63347, -11.24181, -14.35636, -12.94323, -7.90756, -8.88172, 
-6.88465, -13.04784, -13.13453, -7.80741, -6.95974, 0, 0, 0, 
0, 0, 0, 0, 0, 0, 0, 0, 0, 0, 0, 0, 0, 0, 0, 0, 0, 0, 0, 0.89932, 
0.91838, 0.93042, 0.94777, 0.95103, 0.95214, 0.95483, 0.96039, 
0.96934, 0.97466, 0.97181, 0.90209, 0.90809, 0.9243, 0.93507, 
0.94523, 0.94723, 0.9428, 0.96731, 0.96693, 0.97058, 0.97389, 
0.0594, 0.0652, 0.0749, 0.0862, 0.09, 0.0974, 0.1034, 0.1127, 
0.1312, 0.1346, 0.1449, 185.2, 206.5, 214.9, 226.6, 252.6, 265, 
291.9, 281.9, 291.2, 327.3, 347.5, 1904, 2039, 250, 43, 2159, 
285, 1375, 26, 10, 6, 6, 2, 1, 12, 214, 1, 25, 1, 10, 257, 66, 
107, 100, 100, 100, 100, 100, 100, 100, 100, 100, 100, 100, 2500, 
2500, 2500, 2500, 2500, 2500, 2500, 2500, 2500, 2500, 2500, 7744.87, 
7927.337, 8151.803, 8391.121, 8610.49699999999, 8872.88499999999, 
9091.57000000001, 9077.02699999999, 9229.89599999998, 9738.845, 
10183.631, 1, 1, 1, 1, 1, 1, 1, 1, 1, 1, 1, 0.04762, 0.04762, 
0.04762, 0.04762, 0.04762, 0.04762, 0.04762, 0.04762, 0.04762, 
0.04762, 0.04762, 0, 0, 0, 0, 0, 0, 0, 0, 0, 0, 0, 0, 0, 0, 0, 
0, 0, 0, 0, 0, 0, 0, 0.7221, 0.75884, 0.75856, 0.81529, 0.82517, 
0.84185, 0.8528, 0.86625, 0.86662, 0.88514, 0.88991, 0.71484, 
0.74338, 0.77485, 0.81879, 0.84452, 0.82948, 0.86328, 0.85922, 
0.8681, 0.87445, 0.88199, 0.0622, 0.0684, 0.0816, 0.0881, 0.0961, 
0.1067, 0.1147, 0.1272, 0.1299, 0.1444, 0.159, 196.6, 216.8, 
236.3, 254.7, 274.4, 292.5, 308.6, 327.4, 343, 358.4, 377, 1, 
1, 1, 1, 1, 1, 1, 1, 1, 1, 1, 1, 1, 1, 1, 1, 1, 1, 1, 1, 1, 1, 
1, 1, 1, 1, 1, 1, 1, 1, 1, 1, 1, 1, 1, 1, 1, 1, 1, 1, 1, 1, 1, 
1, 3.111, 3.129, 3.311, 3.301, 3.432, 3.524, 3.568, 3.67, 3.567, 
3.728, 4.008), .Dim = c(11L, 40L), .Dimnames = list(NULL, c("Sampling", 
"PSO.cost", "PSO.gamma", "PSO.data.balancing", "PSO.feature.selection", 
"PSO.valid.acc", "PSO.test.acc", "PSO.train.time", "PSO.n.support.vectors", 
"PSO.index", "PSO.n.solutions", "PSO.generations", "PSO.n.evaluations", 
"PSO.cpu.time", "RS.cost", "RS.gamma", "RS.data.balancing", "RS.feature.selection", 
"RS.valid.acc", "RS.test.acc", "RS.train.time", "RS.n.support.vectors", 
"RS.index", "RS.n.solutions", "RS.generations", "RS.n.evaluations", 
"RS.cpu.time", "DF.cost", "DF.gamma", "DF.data.balancing", "DF.feature.selection", 
"DF.valid.acc", "DF.test.acc", "DF.train.time", "DF.n.support.vectors", 
"DF.index", "DF.n.solutions", "DF.generations", "DF.n.evaluations", 
"DF.cpu.time")))
