full <-
structure(c(50, 55, 60, 65, 70, 75, 80, 85, 90, 95, 100, 14.09903, 
7.3964, 6.67696, 9.01809, 13.9414, 13.55598, 12.53974, 5.39626, 
8.79576, 13.82397, 10.36475, -13.363, -9.19429, -10.22734, -10.99505, 
-14.36743, -10.56884, -12.3657, -8.62146, -11.87419, -12.457, 
-13.83802, 0, 0, 0, 0, 0, 0, 0, 0, 0, 0, 0, 0, 0, 0, 0, 0, 0, 
0, 0, 0, 0, 0, 0.93266, 0.93491, 0.93929, 0.94133, 0.95422, 0.95468, 
0.9655, 0.97156, 0.97151, 0.97534, 0.97427, 0.92139, 0.91992, 
0.92157, 0.95697, 0.95763, 0.94649, 0.95051, 0.95706, 0.97431, 
0.97527, 0.97446, 0.0587, 0.0639, 0.0744, 0.0837, 0.0893, 0.0961, 
0.1063, 0.1122, 0.1237, 0.1351, 0.1437, 182.5, 199, 213.8, 225.4, 
234.7, 252.6, 262.1, 288.9, 294.2, 303.7, 319.8, 13, 42, 206, 
25, 3, 16, 7, 545, 507, 15, 425, 1995, 1682, 65, 1554, 1323, 
1922, 1561, 40, 27, 1928, 34, 100, 100, 100, 100, 100, 100, 100, 
100, 100, 100, 100, 2500, 2500, 2500, 2500, 2500, 2500, 2500, 
2500, 2500, 2500, 2500, 7588.718, 7798.491, 8005.834, 8441.456, 
8745.85, 8950.56499999999, 9175.75899999999, 9389.788, 9659.394, 
9881.33900000001, 10203.465, 10.27316, 13.52617, 6.98391, 12.59317, 
8.31325, 9.72962, 14.03697, 5.54279, 9.55772, 11.23856, 13.17225, 
-12.56398, -8.91889, -10.34734, -10.90699, -9.52628, -11.25742, 
-14.47422, -8.78559, -12.66562, -10.51862, -13.60862, 0, 0, 0, 
0, 0, 0, 0, 0, 0, 0, 0, 0, 0, 0, 0, 0, 0, 0, 0, 0, 0, 0, 0.93266, 
0.93491, 0.93929, 0.94133, 0.95422, 0.95468, 0.9655, 0.97156, 
0.97151, 0.97534, 0.97423, 0.92139, 0.91992, 0.92813, 0.95697, 
0.95763, 0.94392, 0.95051, 0.95706, 0.97431, 0.97309, 0.97438, 
0.0613, 0.0646, 0.0708, 0.0809, 0.087, 0.0974, 0.1057, 0.1114, 
0.1244, 0.1335, 0.1474, 182.8, 199.6, 212.8, 225.5, 240, 251.6, 
260.9, 288.5, 292.6, 310.6, 314.8, 3, 62, 1266, 37, 25, 5, 8, 
1553, 1222, 6, 67, 203, 75, 1, 201, 147, 199, 259, 1, 2, 331, 
78, 100, 100, 100, 100, 100, 100, 100, 100, 100, 100, 100, 2500, 
2500, 2500, 2500, 2500, 2500, 2500, 2500, 2500, 2500, 2500, 7726.34, 
7947.838, 8132.86500000001, 8774.586, 8976.66799999999, 9265.359, 
9520.681, 9781.31299999999, 10090.789, 10380.621, 10741.645, 
1, 1, 1, 1, 1, 1, 1, 1, 1, 1, 1, 0.04762, 0.04762, 0.04762, 0.04762, 
0.04762, 0.04762, 0.04762, 0.04762, 0.04762, 0.04762, 0.04762, 
0, 0, 0, 0, 0, 0, 0, 0, 0, 0, 0, 0, 0, 0, 0, 0, 0, 0, 0, 0, 0, 
0, 0.74396, 0.75359, 0.81795, 0.79005, 0.83832, 0.84467, 0.85004, 
0.86547, 0.87283, 0.88232, 0.8848, 0.76836, 0.7633, 0.7987, 0.83032, 
0.82051, 0.8449, 0.85229, 0.86075, 0.8727, 0.86924, 0.87814, 
0.0618, 0.0679, 0.0809, 0.0872, 0.0964, 0.106, 0.115, 0.1235, 
0.1343, 0.1454, 0.1586, 195.9, 214.3, 232.3, 250.9, 267.8, 287.8, 
305.2, 322.8, 342.1, 360.5, 376.6, 1, 1, 1, 1, 1, 1, 1, 1, 1, 
1, 1, 1, 1, 1, 1, 1, 1, 1, 1, 1, 1, 1, 1, 1, 1, 1, 1, 1, 1, 1, 
1, 1, 1, 1, 1, 1, 1, 1, 1, 1, 1, 1, 1, 1, 2.957, 3.022, 3.288, 
3.492, 3.607, 3.689, 3.717, 3.866, 3.982, 4.062, 4.187), .Dim = c(11L, 
40L), .Dimnames = list(NULL, c("Sampling", "PSO.cost", "PSO.gamma", 
"PSO.data.balancing", "PSO.feature.selection", "PSO.valid.acc", 
"PSO.test.acc", "PSO.train.time", "PSO.n.support.vectors", "PSO.index", 
"PSO.n.solutions", "PSO.generations", "PSO.n.evaluations", "PSO.cpu.time", 
"RS.cost", "RS.gamma", "RS.data.balancing", "RS.feature.selection", 
"RS.valid.acc", "RS.test.acc", "RS.train.time", "RS.n.support.vectors", 
"RS.index", "RS.n.solutions", "RS.generations", "RS.n.evaluations", 
"RS.cpu.time", "DF.cost", "DF.gamma", "DF.data.balancing", "DF.feature.selection", 
"DF.valid.acc", "DF.test.acc", "DF.train.time", "DF.n.support.vectors", 
"DF.index", "DF.n.solutions", "DF.generations", "DF.n.evaluations", 
"DF.cpu.time")))
