full <-
structure(c(50, 55, 60, 65, 70, 75, 80, 85, 90, 95, 100, 10.5974, 
14.76473, 5.52753, 11.13146, 8.94063, 12.02652, 10.98583, 6.64389, 
12.96376, 11.81931, 7.5659, -13.53239, -10.06508, -7.78029, -9.96913, 
-8.56389, -9.74701, -8.41838, -7.79872, -9.30966, -11.19633, 
-11.15398, 0, 0, 0, 0, 0, 0, 0, 0, 0, 0, 0, 0, 0, 0, 0, 0, 0, 
0, 0, 0, 0, 0, 0.89253, 0.93936, 0.93668, 0.94713, 0.94796, 0.95827, 
0.96728, 0.96483, 0.9668, 0.97933, 0.98152, 0.89452, 0.92827, 
0.9429, 0.93502, 0.94498, 0.95199, 0.96256, 0.95507, 0.96903, 
0.96404, 0.97986, 0.0582, 0.0647, 0.0701, 0.0783, 0.0851, 0.0946, 
0.1073, 0.1122, 0.1166, 0.129, 0.1377, 182.7, 201.9, 220.5, 231.4, 
250.6, 260.9, 284, 299.6, 304.6, 308.8, 324.9, 44, 26, 11, 20, 
57, 47, 11, 13, 10, 9, 117, 329, 1394, 1436, 1476, 1128, 1418, 
1635, 1662, 1765, 1577, 89, 100, 100, 100, 100, 100, 100, 100, 
100, 100, 100, 100, 2500, 2500, 2500, 2500, 2500, 2500, 2500, 
2500, 2500, 2500, 2500, 7295.956, 7471.294, 7590.328, 7734.838, 
7941.501, 8200.31599999999, 8407.88, 8552.77099999999, 8746.53500000002, 
8990.454, 9191.516, 10.78925, 12.7318, 11.63034, 7.69504, 10.20298, 
10.99969, 8.70438, 10.10023, 14.26485, 11.75037, 9.67188, -13.8368, 
-10.14777, -8.64431, -8.93758, -8.67327, -9.71109, -8.55156, 
-8.2162, -11.21245, -14.30077, -13.21893, 0, 0, 0, 0, 0, 0, 0, 
0, 0, 0, 0, 0, 0, 0, 0, 0, 0, 0, 0, 0, 0, 0, 0.89253, 0.93936, 
0.93668, 0.94713, 0.94796, 0.95827, 0.96728, 0.96483, 0.9668, 
0.97933, 0.98152, 0.89452, 0.92827, 0.93957, 0.93502, 0.94498, 
0.95199, 0.96256, 0.95507, 0.96675, 0.96404, 0.97769, 0.0584, 
0.0646, 0.0722, 0.0805, 0.0854, 0.0991, 0.1058, 0.1109, 0.122, 
0.136, 0.1407, 183.1, 201.8, 219.3, 233.6, 250.2, 260.9, 283.5, 
297.7, 296.7, 304, 321.2, 201, 253, 90, 29, 3, 36, 3, 41, 2, 
22, 76, 10, 11, 82, 108, 18, 31, 75, 159, 175, 84, 4, 100, 100, 
100, 100, 100, 100, 100, 100, 100, 100, 100, 2500, 2500, 2500, 
2500, 2500, 2500, 2500, 2500, 2500, 2500, 2500, 7396.246, 7468.923, 
7772.109, 7976.888, 8179.03700000001, 8441.03600000001, 8721.641, 
8971.455, 9216.16899999999, 9525.35399999999, 9857.95299999998, 
1, 1, 1, 1, 1, 1, 1, 1, 1, 1, 1, 0.04762, 0.04762, 0.04762, 0.04762, 
0.04762, 0.04762, 0.04762, 0.04762, 0.04762, 0.04762, 0.04762, 
0, 0, 0, 0, 0, 0, 0, 0, 0, 0, 0, 0, 0, 0, 0, 0, 0, 0, 0, 0, 0, 
0, 0.76903, 0.80464, 0.79048, 0.8373, 0.8419, 0.84078, 0.85481, 
0.85526, 0.86943, 0.86965, 0.8794, 0.77574, 0.79347, 0.8136, 
0.81846, 0.83676, 0.83507, 0.86, 0.86565, 0.88218, 0.86488, 0.88375, 
0.0616, 0.0689, 0.0771, 0.086, 0.0935, 0.1043, 0.1151, 0.1221, 
0.134, 0.142, 0.1507, 197.4, 217.6, 236.5, 254.8, 272.9, 289.8, 
308.8, 324.5, 342.2, 358.9, 376.8, 1, 1, 1, 1, 1, 1, 1, 1, 1, 
1, 1, 1, 1, 1, 1, 1, 1, 1, 1, 1, 1, 1, 1, 1, 1, 1, 1, 1, 1, 1, 
1, 1, 1, 1, 1, 1, 1, 1, 1, 1, 1, 1, 1, 1, 2.944, 2.964, 3.066, 
3.177, 3.191, 3.401, 3.565, 3.538, 3.672, 3.685, 3.763), .Dim = c(11L, 
40L), .Dimnames = list(NULL, c("Sampling", "PSO.cost", "PSO.gamma", 
"PSO.data.balancing", "PSO.feature.selection", "PSO.valid.acc", 
"PSO.test.acc", "PSO.train.time", "PSO.n.support.vectors", "PSO.index", 
"PSO.n.solutions", "PSO.generations", "PSO.n.evaluations", "PSO.cpu.time", 
"RS.cost", "RS.gamma", "RS.data.balancing", "RS.feature.selection", 
"RS.valid.acc", "RS.test.acc", "RS.train.time", "RS.n.support.vectors", 
"RS.index", "RS.n.solutions", "RS.generations", "RS.n.evaluations", 
"RS.cpu.time", "DF.cost", "DF.gamma", "DF.data.balancing", "DF.feature.selection", 
"DF.valid.acc", "DF.test.acc", "DF.train.time", "DF.n.support.vectors", 
"DF.index", "DF.n.solutions", "DF.generations", "DF.n.evaluations", 
"DF.cpu.time")))
