full <-
structure(c(50, 55, 60, 65, 70, 75, 80, 85, 90, 95, 100, 8.20988, 
5.9812, 15, 14.73724, 11.24529, 7.17544, 4.58196, 14.74168, 10.47854, 
15, 12.19836, -11.21874, -9.13788, -9.4657, -7.78039, -14.6317, 
-10.07983, -7.6657, -14.36027, -13.21932, -7.28023, -10.39372, 
0, 0, 0, 0, 0, 0, 0, 0, 0, 0, 0, 0, 0, 0, 0, 0, 0, 0, 0, 0, 0, 
0, 0.92502, 0.91322, 0.94037, 0.94565, 0.94588, 0.96305, 0.97253, 
0.97603, 0.96929, 0.96882, 0.98619, 0.90748, 0.90914, 0.92668, 
0.93901, 0.94291, 0.95799, 0.96503, 0.97164, 0.9646, 0.9686, 
0.97835, 0.0635, 0.0654, 0.0763, 0.0799, 0.0924, 0.0965, 0.105, 
0.1176, 0.1305, 0.1345, 0.1515, 183.1, 202.5, 213.7, 232.9, 240.5, 
259.2, 284, 280.8, 292.9, 330, 322.2, 68, 462, 75, 82, 59, 11, 
196, 15, 93, 53, 3, 127, 94, 1481, 499, 231, 350, 746, 1876, 
1492, 1374, 1685, 100, 100, 100, 100, 100, 100, 100, 100, 100, 
100, 100, 2500, 2500, 2500, 2500, 2500, 2500, 2500, 2500, 2500, 
2500, 2500, 7682.486, 7979.217, 8040.555, 8340.138, 8436.172, 
8699.228, 8701.23499999999, 9053.321, 9401.33199999999, 9726.93999999997, 
10441.082, 8.22177, 9.58286, 12.62869, 7.78872, 8.93213, 10.28171, 
4.45266, 10.4998, 13.87534, 6.54061, 13.2795, -11.09858, -6.53418, 
-9.14234, -7.68199, -12.11696, -13.30265, -7.54433, -12.30118, 
-13.01573, -7.22605, -14.35134, 0, 0, 0, 0, 0, 0, 0, 0, 0, 0, 
0, 0, 0, 0, 0, 0, 0, 0, 0, 0, 0, 0, 0.92502, 0.91037, 0.94037, 
0.94565, 0.94588, 0.96305, 0.97253, 0.97603, 0.96929, 0.96882, 
0.98619, 0.90748, 0.90176, 0.92668, 0.93607, 0.94585, 0.96326, 
0.96747, 0.97164, 0.96915, 0.9686, 0.97835, 0.063, 0.0673, 0.0746, 
0.082, 0.0923, 0.1025, 0.1045, 0.1174, 0.1288, 0.1354, 0.1524, 
183, 207.6, 214.3, 233.5, 240.6, 254.4, 284.6, 282.6, 292.7, 
329.9, 313.7, 261, 17, 44, 76, 4, 27, 352, 23, 80, 157, 19, 3, 
9, 31, 13, 17, 28, 3, 119, 42, 22, 306, 100, 100, 100, 100, 100, 
100, 100, 100, 100, 100, 100, 2500, 2500, 2500, 2500, 2500, 2500, 
2500, 2500, 2500, 2500, 2500, 7742.175, 8118.638, 8361.001, 8458.283, 
8879.349, 8905.766, 9097.973, 9375.21200000001, 9922.791, 10545.714, 
10882.271, 1, 1, 1, 1, 1, 1, 1, 1, 1, 1, 1, 0.04762, 0.04762, 
0.04762, 0.04762, 0.04762, 0.04762, 0.04762, 0.04762, 0.04762, 
0.04762, 0.04762, 0, 0, 0, 0, 0, 0, 0, 0, 0, 0, 0, 0, 0, 0, 0, 
0, 0, 0, 0, 0, 0, 0, 0.73385, 0.75436, 0.79707, 0.80743, 0.80547, 
0.83745, 0.83759, 0.85265, 0.87848, 0.87245, 0.89045, 0.72998, 
0.75068, 0.77032, 0.81233, 0.80596, 0.82754, 0.84047, 0.84347, 
0.8675, 0.87429, 0.8982, 0.0645, 0.0717, 0.0798, 0.0881, 0.0928, 
0.1054, 0.1125, 0.122, 0.1379, 0.1552, 0.157, 197.2, 214.2, 233, 
252.2, 270.4, 289.4, 306.3, 326.5, 341.9, 360.4, 377.9, 1, 1, 
1, 1, 1, 1, 1, 1, 1, 1, 1, 1, 1, 1, 1, 1, 1, 1, 1, 1, 1, 1, 1, 
1, 1, 1, 1, 1, 1, 1, 1, 1, 1, 1, 1, 1, 1, 1, 1, 1, 1, 1, 1, 1, 
3.132, 3.15, 3.341, 3.419, 3.287, 3.481, 3.453, 3.538, 3.921, 
4.276, 4.143), .Dim = c(11L, 40L), .Dimnames = list(NULL, c("Sampling", 
"PSO.cost", "PSO.gamma", "PSO.data.balancing", "PSO.feature.selection", 
"PSO.valid.acc", "PSO.test.acc", "PSO.train.time", "PSO.n.support.vectors", 
"PSO.index", "PSO.n.solutions", "PSO.generations", "PSO.n.evaluations", 
"PSO.cpu.time", "RS.cost", "RS.gamma", "RS.data.balancing", "RS.feature.selection", 
"RS.valid.acc", "RS.test.acc", "RS.train.time", "RS.n.support.vectors", 
"RS.index", "RS.n.solutions", "RS.generations", "RS.n.evaluations", 
"RS.cpu.time", "DF.cost", "DF.gamma", "DF.data.balancing", "DF.feature.selection", 
"DF.valid.acc", "DF.test.acc", "DF.train.time", "DF.n.support.vectors", 
"DF.index", "DF.n.solutions", "DF.generations", "DF.n.evaluations", 
"DF.cpu.time")))
