full <-
structure(c(50, 55, 60, 65, 70, 75, 80, 85, 90, 95, 100, 10.07217, 
14.1912, 6.26904, 6.83821, 8.30427, 11.71053, 11.39384, 11.40618, 
7.98477, 10.075, 6.05044, -11.45971, -12.57974, -10.08369, -9.96067, 
-11.86227, -15, -13.64653, -11.86714, -8.34344, -13.16645, -8.80799, 
0, 0, 0, 0, 0, 0, 0, 0, 0, 0, 0, 0, 0, 0, 0, 0, 0, 0, 0, 0, 0, 
0, 0.92311, 0.92267, 0.95383, 0.96023, 0.96612, 0.95987, 0.97283, 
0.97677, 0.96875, 0.97467, 0.97599, 0.91988, 0.92003, 0.93679, 
0.94127, 0.95542, 0.9652, 0.98015, 0.96216, 0.96881, 0.97443, 
0.97391, 0.0619, 0.0698, 0.0736, 0.0846, 0.0921, 0.1025, 0.1132, 
0.123, 0.1277, 0.1415, 0.1413, 182.6, 198.8, 218.8, 228.8, 245.9, 
257.7, 267.7, 285.7, 313.5, 306.5, 332.6, 9, 5, 390, 47, 88, 
57, 4, 6, 4, 62, 682, 2001, 2040, 98, 162, 121, 988, 1720, 1557, 
1589, 112, 93, 100, 100, 100, 100, 100, 100, 100, 100, 100, 100, 
100, 2500, 2500, 2500, 2500, 2500, 2500, 2500, 2500, 2500, 2500, 
2500, 7963.744, 7806.662, 7956.117, 9490.838, 8267.60500000001, 
8566.62999999999, 8814.02899999999, 9186.35000000001, 9455.731, 
9627.565, 9805.49299999999, 11.11334, 11.85362, 8.37796, 9.08754, 
10.48752, 4.27351, 10.21892, 9.31743, 10.20722, 6.39303, 6.11728, 
-12.4347, -14.02271, -12.10454, -12.28536, -14.01046, -8.49575, 
-10.60674, -12.15186, -8.48838, -9.57747, -8.92946, 0, 0, 0, 
0, 0, 0, 0, 0, 0, 0, 0, 0, 0, 0, 0, 0, 0, 0, 0, 0, 0, 0, 0.92311, 
0.92267, 0.95383, 0.96023, 0.96612, 0.96001, 0.97283, 0.97677, 
0.96875, 0.97467, 0.97599, 0.91988, 0.92003, 0.93334, 0.94733, 
0.9523, 0.93859, 0.98015, 0.95978, 0.96881, 0.97661, 0.97191, 
0.0651, 0.0692, 0.0744, 0.0878, 0.0876, 0.0985, 0.1122, 0.1172, 
0.1226, 0.1348, 0.1461, 182.2, 198.8, 217.8, 226.4, 245.3, 272.3, 
271.9, 285.8, 312, 314, 331.3, 39, 4, 41, 335, 94, 505, 10, 19, 
13, 360, 2344, 189, 298, 3, 9, 4, 3, 355, 263, 128, 8, 1, 100, 
100, 100, 100, 100, 100, 100, 100, 100, 100, 100, 2500, 2500, 
2500, 2500, 2500, 2500, 2500, 2500, 2500, 2500, 2500, 7858.452, 
7860.911, 8161.28, 8951.075, 8542.11499999999, 8950.28999999999, 
9228.622, 9632.83200000001, 9911.141, 10220.003, 10690.358, 1, 
1, 1, 1, 1, 1, 1, 1, 1, 1, 1, 0.04762, 0.04762, 0.04762, 0.04762, 
0.04762, 0.04762, 0.04762, 0.04762, 0.04762, 0.04762, 0.04762, 
0, 0, 0, 0, 0, 0, 0, 0, 0, 0, 0, 0, 0, 0, 0, 0, 0, 0, 0, 0, 0, 
0, 0.72107, 0.75304, 0.7727, 0.79199, 0.80596, 0.82588, 0.8256, 
0.86106, 0.86212, 0.8593, 0.88657, 0.71231, 0.753, 0.75292, 0.7979, 
0.81772, 0.81265, 0.82345, 0.85396, 0.86875, 0.87038, 0.88594, 
0.0649, 0.0723, 0.0789, 0.0848, 0.0995, 0.1093, 0.1195, 0.1298, 
0.14, 0.152, 0.1617, 196.2, 214.9, 234.8, 252.6, 272, 291.6, 
308.8, 327.2, 343.6, 360.9, 376, 1, 1, 1, 1, 1, 1, 1, 1, 1, 1, 
1, 1, 1, 1, 1, 1, 1, 1, 1, 1, 1, 1, 1, 1, 1, 1, 1, 1, 1, 1, 1, 
1, 1, 1, 1, 1, 1, 1, 1, 1, 1, 1, 1, 1, 3.13, 3.22, 3.182, 3.202, 
3.563, 3.588, 3.771, 3.885, 3.957, 4.086, 4.221), .Dim = c(11L, 
40L), .Dimnames = list(NULL, c("Sampling", "PSO.cost", "PSO.gamma", 
"PSO.data.balancing", "PSO.feature.selection", "PSO.valid.acc", 
"PSO.test.acc", "PSO.train.time", "PSO.n.support.vectors", "PSO.index", 
"PSO.n.solutions", "PSO.generations", "PSO.n.evaluations", "PSO.cpu.time", 
"RS.cost", "RS.gamma", "RS.data.balancing", "RS.feature.selection", 
"RS.valid.acc", "RS.test.acc", "RS.train.time", "RS.n.support.vectors", 
"RS.index", "RS.n.solutions", "RS.generations", "RS.n.evaluations", 
"RS.cpu.time", "DF.cost", "DF.gamma", "DF.data.balancing", "DF.feature.selection", 
"DF.valid.acc", "DF.test.acc", "DF.train.time", "DF.n.support.vectors", 
"DF.index", "DF.n.solutions", "DF.generations", "DF.n.evaluations", 
"DF.cpu.time")))
