full <-
structure(c(50, 55, 60, 65, 70, 75, 80, 85, 90, 95, 100, 11.95502, 
8.48282, 6.95329, 3.92883, 14.3795, 12.53672, 11.68272, 2.72665, 
11.61426, 15, 13.93991, -14.77404, -11.34438, -9.91984, -7.29606, 
-13.98655, -13.81422, -15, -6.22869, -15, -6.52525, -8.6103, 
0, 0, 0, 0, 0, 0, 0, 0, 0, 0, 0, 0, 0, 0, 0, 0, 0, 0, 0, 0, 0, 
0, 0.9334, 0.94622, 0.94691, 0.9576, 0.96296, 0.96274, 0.95831, 
0.96703, 0.97776, 0.97233, 0.98195, 0.92233, 0.92846, 0.94399, 
0.94574, 0.9541, 0.96531, 0.96153, 0.95544, 0.96627, 0.97232, 
0.97602, 0.0644, 0.072, 0.076, 0.0832, 0.0943, 0.095, 0.1103, 
0.1133, 0.1237, 0.1365, 0.1411, 183.4, 201.9, 215.3, 240.1, 241.3, 
253.1, 270.5, 308.9, 298.2, 335.4, 333.1, 113, 1537, 17, 1135, 
8, 2, 33, 926, 286, 175, 36, 445, 27, 1701, 100, 1899, 1890, 
252, 45, 197, 38, 1585, 100, 100, 100, 100, 100, 100, 100, 100, 
100, 100, 100, 2500, 2500, 2500, 2500, 2500, 2500, 2500, 2500, 
2500, 2500, 2500, 7948.332, 8134.853, 8304.859, 8548.347, 8780.63, 
8937.25099999999, 8918.026, 9204.989, 9389.19700000001, 9713.05299999999, 
11245.95, 11.17325, 8.23426, 14.16396, 3.66759, 11.52057, 9.04463, 
9.76883, 2.73303, 10.58952, 3.61437, 13.49179, -14.01531, -11.09198, 
-9.82414, -7.06053, -12.4165, -9.72087, -13.08111, -6.25549, 
-14.12396, -6.5427, -8.88664, 0, 0, 0, 0, 0, 0, 0, 0, 0, 0, 0, 
0, 0, 0, 0, 0, 0, 0, 0, 0, 0, 0, 0.9334, 0.94622, 0.94691, 0.95457, 
0.96296, 0.96274, 0.95831, 0.96703, 0.97766, 0.97446, 0.98195, 
0.92233, 0.92846, 0.94399, 0.94574, 0.9541, 0.96808, 0.96153, 
0.95317, 0.96627, 0.97232, 0.97602, 0.0632, 0.0659, 0.0748, 0.0831, 
0.0895, 0.0986, 0.1107, 0.1153, 0.1243, 0.1364, 0.1464, 183.8, 
202, 215.7, 240.3, 241.7, 259.1, 270.6, 308.6, 298.8, 336.1, 
331.4, 557, 1159, 2, 1831, 26, 3, 197, 1719, 1148, 1368, 84, 
5, 1, 264, 1, 111, 300, 10, 1, 1, 1, 50, 100, 100, 100, 100, 
100, 100, 100, 100, 100, 100, 100, 2500, 2500, 2500, 2500, 2500, 
2500, 2500, 2500, 2500, 2500, 2500, 8037.135, 8219.311, 8438.665, 
8762.335, 8968.25200000001, 9135.856, 9364.61900000001, 9576.15600000002, 
9960.424, 10177.007, 12938.966, 1, 1, 1, 1, 1, 1, 1, 1, 1, 1, 
1, 0.04762, 0.04762, 0.04762, 0.04762, 0.04762, 0.04762, 0.04762, 
0.04762, 0.04762, 0.04762, 0.04762, 0, 0, 0, 0, 0, 0, 0, 0, 0, 
0, 0, 0, 0, 0, 0, 0, 0, 0, 0, 0, 0, 0, 0.69752, 0.75549, 0.76022, 
0.77939, 0.80873, 0.83264, 0.85099, 0.8571, 0.87041, 0.87965, 
0.87828, 0.69703, 0.75338, 0.74627, 0.78184, 0.79717, 0.82703, 
0.84662, 0.8646, 0.87248, 0.87752, 0.88425, 0.0645, 0.0744, 0.0788, 
0.0862, 0.0993, 0.1094, 0.1203, 0.1247, 0.1413, 0.1521, 0.1618, 
197.3, 216.7, 235.6, 254.9, 271.6, 290.5, 309.1, 324.6, 342.6, 
359.4, 376.1, 1, 1, 1, 1, 1, 1, 1, 1, 1, 1, 1, 1, 1, 1, 1, 1, 
1, 1, 1, 1, 1, 1, 1, 1, 1, 1, 1, 1, 1, 1, 1, 1, 1, 1, 1, 1, 1, 
1, 1, 1, 1, 1, 1, 1, 3.218, 3.306, 3.373, 3.47, 3.552, 3.647, 
3.784, 3.651, 4.022, 4.059, 5.073), .Dim = c(11L, 40L), .Dimnames = list(
    NULL, c("Sampling", "PSO.cost", "PSO.gamma", "PSO.data.balancing", 
    "PSO.feature.selection", "PSO.valid.acc", "PSO.test.acc", 
    "PSO.train.time", "PSO.n.support.vectors", "PSO.index", "PSO.n.solutions", 
    "PSO.generations", "PSO.n.evaluations", "PSO.cpu.time", "RS.cost", 
    "RS.gamma", "RS.data.balancing", "RS.feature.selection", 
    "RS.valid.acc", "RS.test.acc", "RS.train.time", "RS.n.support.vectors", 
    "RS.index", "RS.n.solutions", "RS.generations", "RS.n.evaluations", 
    "RS.cpu.time", "DF.cost", "DF.gamma", "DF.data.balancing", 
    "DF.feature.selection", "DF.valid.acc", "DF.test.acc", "DF.train.time", 
    "DF.n.support.vectors", "DF.index", "DF.n.solutions", "DF.generations", 
    "DF.n.evaluations", "DF.cpu.time")))
