full <-
structure(c(50, 55, 60, 65, 70, 75, 80, 85, 90, 95, 100, 8.08363, 
10.09957, 9.58075, 13.12397, 13.18659, 12.36684, 8.09364, 11.89239, 
7.50046, 10.95375, 12.77248, -11.36089, -10.09529, -9.32471, 
-8.85998, -7.95434, -8.75244, -11.10853, -15, -10.84994, -9.25068, 
-9.13325, 0, 0, 0, 0, 0, 0, 0, 0, 0, 0, 0, 0, 0, 0, 0, 0, 0, 
0, 0, 0, 0, 0, 0.93652, 0.93761, 0.9399, 0.95751, 0.96545, 0.96898, 
0.96516, 0.97404, 0.9779, 0.97891, 0.97986, 0.91678, 0.93458, 
0.94015, 0.94507, 0.95717, 0.95544, 0.96027, 0.96479, 0.9646, 
0.96865, 0.97586, 0.0607, 0.069, 0.0762, 0.0773, 0.0886, 0.095, 
0.1076, 0.1169, 0.1242, 0.1368, 0.1481, 184.8, 200.8, 218, 232.1, 
252.9, 263.6, 274, 281.8, 300.1, 318, 330.1, 1829, 4, 6, 102, 
102, 31, 421, 202, 364, 27, 3, 2, 1137, 1454, 1033, 1226, 1323, 
20, 74, 107, 1518, 1554, 100, 100, 100, 100, 100, 100, 100, 100, 
100, 100, 100, 2500, 2500, 2500, 2500, 2500, 2500, 2500, 2500, 
2500, 2500, 2500, 7614.777, 7757.802, 7977.67, 7889.17, 8238.681, 
8435.749, 9060.323, 9410.71400000001, 9631.58299999998, 9600.44899999999, 
9999.75899999999, 9.10333, 9.36454, 9.47113, 13.06598, 9.27632, 
6.9967, 6.50514, 9.9567, 7.92107, 12.67872, 10.75794, -10.9, 
-12.9376, -10.93674, -8.7047, -8.26685, -8.39672, -9.57527, -12.05688, 
-11.29248, -8.89874, -9.22569, 0, 0, 0, 0, 0, 0, 0, 0, 0, 0, 
0, 0, 0, 0, 0, 0, 0, 0, 0, 0, 0, 0, 0.93602, 0.93787, 0.9399, 
0.95751, 0.96545, 0.96898, 0.96516, 0.97195, 0.97573, 0.97891, 
0.97986, 0.93247, 0.93483, 0.94015, 0.94507, 0.95423, 0.9583, 
0.96027, 0.96479, 0.9646, 0.96865, 0.97586, 0.0622, 0.0674, 0.0752, 
0.0782, 0.0906, 0.0972, 0.1069, 0.1185, 0.1265, 0.1307, 0.1468, 
184.4, 201.1, 215.3, 232.9, 251.2, 266.2, 278.4, 281, 298.9, 
319.8, 329.9, 5, 67, 2, 3, 6, 77, 503, 53, 191, 26, 18, 409, 
1, 386, 16, 35, 48, 3, 121, 11, 65, 90, 100, 100, 100, 100, 100, 
100, 100, 100, 100, 100, 100, 2500, 2500, 2500, 2500, 2500, 2500, 
2500, 2500, 2500, 2500, 2500, 7747.268, 7859.451, 7967.534, 8092.75900000001, 
8509.651, 9178.69500000001, 9423.08100000001, 9799.10299999999, 
9924.04499999998, 10259.741, 10646.434, 1, 1, 1, 1, 1, 1, 1, 
1, 1, 1, 1, 0.04762, 0.04762, 0.04762, 0.04762, 0.04762, 0.04762, 
0.04762, 0.04762, 0.04762, 0.04762, 0.04762, 0, 0, 0, 0, 0, 0, 
0, 0, 0, 0, 0, 0, 0, 0, 0, 0, 0, 0, 0, 0, 0, 0, 0.77976, 0.78865, 
0.82988, 0.84063, 0.82633, 0.85214, 0.84879, 0.84759, 0.86823, 
0.88068, 0.8854, 0.76677, 0.8003, 0.82012, 0.8376, 0.82291, 0.83126, 
0.8587, 0.84801, 0.86587, 0.89564, 0.87739, 0.0648, 0.0725, 0.0752, 
0.0906, 0.0973, 0.1061, 0.117, 0.1272, 0.1391, 0.1512, 0.1604, 
196.5, 215.4, 234.2, 253.2, 271.4, 289.4, 308.4, 326.6, 341.7, 
360.5, 377.5, 1, 1, 1, 1, 1, 1, 1, 1, 1, 1, 1, 1, 1, 1, 1, 1, 
1, 1, 1, 1, 1, 1, 1, 1, 1, 1, 1, 1, 1, 1, 1, 1, 1, 1, 1, 1, 1, 
1, 1, 1, 1, 1, 1, 1, 3.077, 3.169, 2.993, 3.446, 3.463, 3.6, 
3.731, 3.881, 3.9, 4.065, 4.153), .Dim = c(11L, 40L), .Dimnames = list(
    NULL, c("Sampling", "PSO.cost", "PSO.gamma", "PSO.data.balancing", 
    "PSO.feature.selection", "PSO.valid.acc", "PSO.test.acc", 
    "PSO.train.time", "PSO.n.support.vectors", "PSO.index", "PSO.n.solutions", 
    "PSO.generations", "PSO.n.evaluations", "PSO.cpu.time", "RS.cost", 
    "RS.gamma", "RS.data.balancing", "RS.feature.selection", 
    "RS.valid.acc", "RS.test.acc", "RS.train.time", "RS.n.support.vectors", 
    "RS.index", "RS.n.solutions", "RS.generations", "RS.n.evaluations", 
    "RS.cpu.time", "DF.cost", "DF.gamma", "DF.data.balancing", 
    "DF.feature.selection", "DF.valid.acc", "DF.test.acc", "DF.train.time", 
    "DF.n.support.vectors", "DF.index", "DF.n.solutions", "DF.generations", 
    "DF.n.evaluations", "DF.cpu.time")))
