full <-
structure(c(50, 55, 60, 65, 70, 75, 80, 85, 90, 95, 100, 6.64628, 
9.55742, 11.67458, 8.91592, 6.48412, 10.92542, 8.51139, 11.94793, 
12.27501, 5.09286, 13.74179, -10.17826, -12.81673, -8.57577, 
-11.80511, -9.83911, -10.85295, -11.10072, -15, -10.24656, -7.62002, 
-13.1635, 0, 0, 0, 0, 0, 0, 0, 0, 0, 0, 0, 0, 0, 0, 0, 0, 0, 
0, 0, 0, 0, 0, 0.92487, 0.94185, 0.94316, 0.94464, 0.95753, 0.95963, 
0.96244, 0.98117, 0.98036, 0.97915, 0.97789, 0.90868, 0.93593, 
0.93015, 0.96001, 0.95491, 0.95662, 0.96288, 0.97413, 0.97611, 
0.97708, 0.97176, 0.0592, 0.0677, 0.0783, 0.0828, 0.0923, 0.1001, 
0.108, 0.1166, 0.1262, 0.1332, 0.1486, 185.2, 199.5, 218.1, 232.8, 
252.6, 259.8, 273.1, 282.7, 299.3, 328.8, 313.4, 1512, 220, 14, 
129, 4, 21, 36, 77, 14, 37, 12, 3, 55, 1054, 130, 743, 1587, 
247, 393, 1229, 1295, 1824, 100, 100, 100, 100, 100, 100, 100, 
100, 100, 100, 100, 2500, 2500, 2500, 2500, 2500, 2500, 2500, 
2500, 2500, 2500, 2500, 7934.98, 8178.519, 8405.549, 8500.213, 
8733.889, 8870.299, 9063.329, 9383.553, 9526.69, 9807.88800000001, 
10224.363, 11.04506, 8.87651, 13.05686, 9.76279, 13.20524, 13.65983, 
11.02694, 11.823, 7.06728, 11.41563, 7.10618, -14.58372, -12.09054, 
-8.80831, -12.7992, -11.1199, -12.47862, -13.78241, -14.38535, 
-10.09658, -7.73425, -8.90595, 0, 0, 0, 0, 0, 0, 0, 0, 0, 0, 
0, 0, 0, 0, 0, 0, 0, 0, 0, 0, 0, 0, 0.9213, 0.94185, 0.94316, 
0.94464, 0.95753, 0.95963, 0.96244, 0.98117, 0.98036, 0.97915, 
0.97789, 0.90868, 0.93593, 0.93015, 0.95707, 0.95768, 0.95662, 
0.96544, 0.98128, 0.97383, 0.9749, 0.96976, 0.0623, 0.0691, 0.0775, 
0.0841, 0.0932, 0.1004, 0.108, 0.118, 0.123, 0.1339, 0.1434, 
183.9, 199.3, 217.6, 232.6, 248.1, 258.2, 270.2, 282, 299.9, 
327.7, 334.2, 302, 39, 49, 60, 7, 17, 19, 183, 5, 412, 3, 3, 
6, 117, 4, 87, 316, 16, 15, 53, 22, 310, 100, 100, 100, 100, 
100, 100, 100, 100, 100, 100, 100, 2500, 2500, 2500, 2500, 2500, 
2500, 2500, 2500, 2500, 2500, 2500, 8036.282, 8273.045, 8430.432, 
8756.647, 8855.738, 9133.364, 9420.586, 9693.04900000001, 10018.656, 
10539.091, 10796.597, 1, 1, 1, 1, 1, 1, 1, 1, 1, 1, 1, 0.04762, 
0.04762, 0.04762, 0.04762, 0.04762, 0.04762, 0.04762, 0.04762, 
0.04762, 0.04762, 0.04762, 0, 0, 0, 0, 0, 0, 0, 0, 0, 0, 0, 0, 
0, 0, 0, 0, 0, 0, 0, 0, 0, 0, 0.74589, 0.80976, 0.79898, 0.81837, 
0.82056, 0.84534, 0.85168, 0.85936, 0.8758, 0.88936, 0.88386, 
0.74536, 0.77726, 0.78553, 0.80843, 0.81714, 0.82364, 0.87966, 
0.8685, 0.87353, 0.8852, 0.88396, 0.0639, 0.0705, 0.0806, 0.0907, 
0.0956, 0.1063, 0.115, 0.1266, 0.1359, 0.149, 0.1584, 197.5, 
216.8, 236.4, 255.5, 274.3, 293.5, 311.4, 327.7, 346.6, 362.5, 
377, 1, 1, 1, 1, 1, 1, 1, 1, 1, 1, 1, 1, 1, 1, 1, 1, 1, 1, 1, 
1, 1, 1, 1, 1, 1, 1, 1, 1, 1, 1, 1, 1, 1, 1, 1, 1, 1, 1, 1, 1, 
1, 1, 1, 1, 3.224, 3.287, 3.357, 3.483, 3.515, 3.611, 3.765, 
3.861, 3.907, 4.139, 4.171), .Dim = c(11L, 40L), .Dimnames = list(
    NULL, c("Sampling", "PSO.cost", "PSO.gamma", "PSO.data.balancing", 
    "PSO.feature.selection", "PSO.valid.acc", "PSO.test.acc", 
    "PSO.train.time", "PSO.n.support.vectors", "PSO.index", "PSO.n.solutions", 
    "PSO.generations", "PSO.n.evaluations", "PSO.cpu.time", "RS.cost", 
    "RS.gamma", "RS.data.balancing", "RS.feature.selection", 
    "RS.valid.acc", "RS.test.acc", "RS.train.time", "RS.n.support.vectors", 
    "RS.index", "RS.n.solutions", "RS.generations", "RS.n.evaluations", 
    "RS.cpu.time", "DF.cost", "DF.gamma", "DF.data.balancing", 
    "DF.feature.selection", "DF.valid.acc", "DF.test.acc", "DF.train.time", 
    "DF.n.support.vectors", "DF.index", "DF.n.solutions", "DF.generations", 
    "DF.n.evaluations", "DF.cpu.time")))
