full <-
structure(c(50, 55, 60, 65, 70, 75, 80, 85, 90, 95, 100, 9.62766, 
11.79948, 12.47925, 12.15421, 12.70131, 13.92436, 10.50003, 14.66793, 
4.82483, 6.92418, 11.5831, -7.2696, -7.6104, -15, -11.91647, 
-7.48996, -10.01073, -13.75281, -8.43468, -7.99981, -6.6138, 
-7.47939, 0, 0, 0, 0, 0, 0, 0, 0, 0, 0, 0, 0, 0, 0, 0, 0, 0, 
0, 0, 0, 0, 0, 0.91289, 0.91457, 0.94724, 0.95874, 0.96049, 0.97077, 
0.97235, 0.96947, 0.96692, 0.96657, 0.97375, 0.89063, 0.90748, 
0.93496, 0.95906, 0.9546, 0.95508, 0.96227, 0.96952, 0.96454, 
0.97278, 0.97597, 0.0597, 0.0633, 0.0715, 0.0802, 0.094, 0.0931, 
0.1022, 0.1127, 0.116, 0.129, 0.1376, 189, 206.1, 213.4, 230.5, 
257.2, 260.3, 272.1, 295.6, 309.1, 333.7, 343.8, 264, 194, 70, 
38, 2, 11, 764, 8, 1807, 11, 87, 632, 782, 136, 1945, 1760, 1822, 
93, 1604, 3, 713, 1193, 100, 100, 100, 100, 100, 100, 100, 100, 
100, 100, 100, 2500, 2500, 2500, 2500, 2500, 2500, 2500, 2500, 
2500, 2500, 2500, 7349.029, 7871.425, 8006.568, 8199.641, 8458.68799999999, 
8600.327, 8777.29300000001, 8527.432, 8669.84, 8947.69899999999, 
9287.61600000001, 13.43437, 8.66194, 10.22426, 12.05243, 14.37854, 
11.38391, 11.06591, 14.73229, 5.82142, 14.02645, 13.87798, -12.04453, 
-7.64972, -12.73648, -12.59534, -6.62421, -12.21577, -14.34359, 
-8.7095, -9.22639, -7.21072, -7.45307, 0, 0, 0, 0, 0, 0, 0, 0, 
0, 0, 0, 0, 0, 0, 0, 0, 0, 0, 0, 0, 0, 0, 0.91591, 0.91457, 0.94724, 
0.95874, 0.96049, 0.97077, 0.97235, 0.96947, 0.96479, 0.96657, 
0.97375, 0.90668, 0.90748, 0.93496, 0.95906, 0.95436, 0.95508, 
0.96227, 0.96952, 0.96671, 0.97278, 0.97597, 0.06, 0.0655, 0.071, 
0.0839, 0.0922, 0.0974, 0.107, 0.1106, 0.1166, 0.129, 0.1435, 
184, 206, 213.9, 229.9, 261.2, 256.8, 272.4, 293.3, 303.1, 330.3, 
344.1, 1119, 478, 580, 41, 1, 5, 150, 10, 289, 21, 140, 1, 23, 
3, 133, 537, 186, 4, 149, 9, 108, 14, 100, 100, 100, 100, 100, 
100, 100, 100, 100, 100, 100, 2500, 2500, 2500, 2500, 2500, 2500, 
2500, 2500, 2500, 2500, 2500, 7754.943, 7943.838, 8170.783, 8374.38, 
8642.659, 8887.617, 8961.014, 8894.236, 9173.421, 9528.818, 9942.628, 
1, 1, 1, 1, 1, 1, 1, 1, 1, 1, 1, 0.04762, 0.04762, 0.04762, 0.04762, 
0.04762, 0.04762, 0.04762, 0.04762, 0.04762, 0.04762, 0.04762, 
0, 0, 0, 0, 0, 0, 0, 0, 0, 0, 0, 0, 0, 0, 0, 0, 0, 0, 0, 0, 0, 
0, 0.7395, 0.76243, 0.77116, 0.7954, 0.80755, 0.82369, 0.87017, 
0.8576, 0.87101, 0.88847, 0.88278, 0.74045, 0.76256, 0.77649, 
0.79848, 0.8275, 0.83416, 0.8502, 0.87179, 0.86698, 0.87795, 
0.87174, 0.0644, 0.0719, 0.0794, 0.0895, 0.0995, 0.1027, 0.1121, 
0.1209, 0.1299, 0.1409, 0.1545, 197.6, 217.1, 235.7, 254.7, 273.6, 
290.1, 309.1, 327.9, 342.1, 359.2, 378.8, 1, 1, 1, 1, 1, 1, 1, 
1, 1, 1, 1, 1, 1, 1, 1, 1, 1, 1, 1, 1, 1, 1, 1, 1, 1, 1, 1, 1, 
1, 1, 1, 1, 1, 1, 1, 1, 1, 1, 1, 1, 1, 1, 1, 1, 3.131, 3.144, 
3.266, 3.382, 3.421, 3.522, 3.391, 3.479, 3.55, 3.705, 3.876), .Dim = c(11L, 
40L), .Dimnames = list(NULL, c("Sampling", "PSO.cost", "PSO.gamma", 
"PSO.data.balancing", "PSO.feature.selection", "PSO.valid.acc", 
"PSO.test.acc", "PSO.train.time", "PSO.n.support.vectors", "PSO.index", 
"PSO.n.solutions", "PSO.generations", "PSO.n.evaluations", "PSO.cpu.time", 
"RS.cost", "RS.gamma", "RS.data.balancing", "RS.feature.selection", 
"RS.valid.acc", "RS.test.acc", "RS.train.time", "RS.n.support.vectors", 
"RS.index", "RS.n.solutions", "RS.generations", "RS.n.evaluations", 
"RS.cpu.time", "DF.cost", "DF.gamma", "DF.data.balancing", "DF.feature.selection", 
"DF.valid.acc", "DF.test.acc", "DF.train.time", "DF.n.support.vectors", 
"DF.index", "DF.n.solutions", "DF.generations", "DF.n.evaluations", 
"DF.cpu.time")))
