full <-
structure(c(50, 55, 60, 65, 70, 75, 80, 85, 90, 95, 100, 4.24074, 
10.0012, 8.71936, 14.52423, 5.856, 5.57674, 13.8919, 10.87001, 
11.21609, 12.02191, 15, -7.58958, -11.42171, -9.33514, -14.55595, 
-9.13356, -8.60309, -8.93993, -11.63646, -10.39494, -15, -7.29641, 
0, 0, 0, 0, 0, 0, 0, 0, 0, 0, 0, 0, 0, 0, 0, 0, 0, 0, 0, 0, 0, 
0, 0.90647, 0.9088, 0.93401, 0.94737, 0.95724, 0.96248, 0.96765, 
0.98153, 0.97592, 0.97699, 0.97802, 0.89819, 0.89846, 0.91735, 
0.92232, 0.95186, 0.9568, 0.96009, 0.9695, 0.97354, 0.97716, 
0.97582, 0.0615, 0.0693, 0.0773, 0.0863, 0.0902, 0.1004, 0.1103, 
0.1225, 0.1305, 0.1408, 0.1417, 188.2, 198.2, 215.9, 227.2, 249.8, 
267.8, 280.4, 284.8, 301.6, 305.9, 346.8, 2434, 16, 39, 115, 
106, 485, 51, 38, 34, 319, 89, 2, 1749, 1636, 75, 143, 55, 1466, 
1778, 1485, 217, 1334, 100, 100, 100, 100, 100, 100, 100, 100, 
100, 100, 100, 2500, 2500, 2500, 2500, 2500, 2500, 2500, 2500, 
2500, 2500, 2500, 7814.963, 8029.14, 8225.235, 8355.111, 8469.921, 
8756.694, 8963.33799999999, 9056.97500000001, 9408.69999999998, 
9537.19899999999, 9767.41399999999, 4.13725, 13.19474, 14.25414, 
12.6604, 5.38741, 5.82078, 9.4043, 10.56328, 14.4265, 8.76844, 
8.95263, -7.35538, -10.60199, -9.12657, -14.91235, -8.78174, 
-8.88852, -8.74177, -11.00058, -10.72105, -12.31981, -7.52711, 
0, 0, 0, 0, 0, 0, 0, 0, 0, 0, 0, 0, 0, 0, 0, 0, 0, 0, 0, 0, 0, 
0, 0.9029, 0.9088, 0.93401, 0.94737, 0.95724, 0.96248, 0.96765, 
0.98153, 0.97592, 0.97508, 0.97802, 0.90171, 0.89089, 0.91735, 
0.92232, 0.94908, 0.95402, 0.96009, 0.9695, 0.97354, 0.97086, 
0.97582, 0.0619, 0.0696, 0.075, 0.0873, 0.0912, 0.1015, 0.1093, 
0.1208, 0.1274, 0.1356, 0.143, 189, 199, 216.3, 227.2, 251.9, 
266.7, 280.7, 285.3, 300.5, 314.8, 345, 285, 6, 27, 125, 1261, 
316, 47, 10, 32, 196, 4, 2, 121, 43, 2, 2, 3, 41, 143, 74, 7, 
23, 100, 100, 100, 100, 100, 100, 100, 100, 100, 100, 100, 2500, 
2500, 2500, 2500, 2500, 2500, 2500, 2500, 2500, 2500, 2500, 7837.781, 
8053.891, 8256.67600000001, 8210.22500000001, 8654.78899999999, 
9095.012, 9182.114, 9561.06400000001, 9739.13499999998, 10147.477, 
10548.778, 1, 1, 1, 1, 1, 1, 1, 1, 1, 1, 1, 0.04762, 0.04762, 
0.04762, 0.04762, 0.04762, 0.04762, 0.04762, 0.04762, 0.04762, 
0.04762, 0.04762, 0, 0, 0, 0, 0, 0, 0, 0, 0, 0, 0, 0, 0, 0, 0, 
0, 0, 0, 0, 0, 0, 0, 0.74588, 0.77266, 0.78493, 0.78936, 0.82618, 
0.79984, 0.83197, 0.8547, 0.86224, 0.86788, 0.88035, 0.71873, 
0.76013, 0.77764, 0.78681, 0.82315, 0.81263, 0.8224, 0.8524, 
0.85799, 0.87812, 0.87658, 0.065, 0.0701, 0.0834, 0.0883, 0.0978, 
0.1088, 0.1179, 0.131, 0.1335, 0.1487, 0.1595, 198.6, 215.9, 
234.5, 252.9, 272.5, 290, 307.8, 328.1, 345.5, 360.4, 377, 1, 
1, 1, 1, 1, 1, 1, 1, 1, 1, 1, 1, 1, 1, 1, 1, 1, 1, 1, 1, 1, 1, 
1, 1, 1, 1, 1, 1, 1, 1, 1, 1, 1, 1, 1, 1, 1, 1, 1, 1, 1, 1, 1, 
1, 3.105, 3.132, 3.374, 3.29, 3.517, 3.609, 3.785, 3.862, 3.655, 
4.003, 4.155), .Dim = c(11L, 40L), .Dimnames = list(NULL, c("Sampling", 
"PSO.cost", "PSO.gamma", "PSO.data.balancing", "PSO.feature.selection", 
"PSO.valid.acc", "PSO.test.acc", "PSO.train.time", "PSO.n.support.vectors", 
"PSO.index", "PSO.n.solutions", "PSO.generations", "PSO.n.evaluations", 
"PSO.cpu.time", "RS.cost", "RS.gamma", "RS.data.balancing", "RS.feature.selection", 
"RS.valid.acc", "RS.test.acc", "RS.train.time", "RS.n.support.vectors", 
"RS.index", "RS.n.solutions", "RS.generations", "RS.n.evaluations", 
"RS.cpu.time", "DF.cost", "DF.gamma", "DF.data.balancing", "DF.feature.selection", 
"DF.valid.acc", "DF.test.acc", "DF.train.time", "DF.n.support.vectors", 
"DF.index", "DF.n.solutions", "DF.generations", "DF.n.evaluations", 
"DF.cpu.time")))
