full <-
structure(c(50, 55, 60, 65, 70, 75, 80, 85, 90, 95, 100, 10.25365, 
7.42681, 7.45128, 11.0632, 9.02947, 11.34032, 10.13682, 13.95901, 
7.91549, 8.21334, 7.80425, -13.87346, -11.29355, -8.16965, -12.75473, 
-12.08169, -15, -8.12832, -11.26307, -7.58578, -7.83743, -8.41213, 
0, 0, 0, 0, 0, 0, 0, 0, 0, 0, 0, 0, 0, 0, 0, 0, 0, 0, 0, 0, 0, 
0, 0.91272, 0.92295, 0.92986, 0.93536, 0.96277, 0.95534, 0.96774, 
0.96461, 0.97139, 0.97876, 0.97619, 0.90494, 0.91286, 0.91404, 
0.93196, 0.94839, 0.94671, 0.95992, 0.96011, 0.97338, 0.97269, 
0.97402, 0.0603, 0.0633, 0.0738, 0.0862, 0.09, 0.0997, 0.1077, 
0.1213, 0.128, 0.1364, 0.1441, 181.9, 200.3, 218.4, 228.3, 239, 
257.2, 279.7, 285.4, 313, 326.1, 335.3, 227, 50, 4, 76, 866, 
353, 38, 3, 16, 26, 46, 43, 99, 1704, 1198, 15, 134, 612, 1852, 
1144, 1569, 1287, 100, 100, 100, 100, 100, 100, 100, 100, 100, 
100, 100, 2500, 2500, 2500, 2500, 2500, 2500, 2500, 2500, 2500, 
2500, 2500, 7609.387, 7715.245, 8040.565, 8313.167, 8476.43799999999, 
8652.8, 8801.253, 9171.50300000001, 9244.56200000001, 9607.49400000001, 
9836.90400000001, 9.86945, 9.11938, 8.73787, 4.12814, 11.48386, 
6.9759, 8.74517, 11.55466, 8.22836, 13.29148, 12.48867, -13.66167, 
-12.86776, -7.87322, -7.12854, -14.56931, -10.49916, -8.11632, 
-8.88922, -7.58916, -7.31941, -8.94471, 0, 0, 0, 0, 0, 0, 0, 
0, 0, 0, 0, 0, 0, 0, 0, 0, 0, 0, 0, 0, 0, 0, 0.90872, 0.92295, 
0.92986, 0.93553, 0.96277, 0.9579, 0.96774, 0.96461, 0.97139, 
0.97876, 0.97619, 0.90928, 0.91286, 0.91404, 0.92624, 0.94839, 
0.95213, 0.95992, 0.96476, 0.97338, 0.97269, 0.97402, 0.0604, 
0.0633, 0.0745, 0.0836, 0.0902, 0.0996, 0.1036, 0.1111, 0.1216, 
0.1313, 0.1478, 182.8, 199.4, 219.5, 237.1, 239, 258.7, 279.7, 
292.3, 313.1, 330.9, 332.7, 478, 824, 44, 1040, 37, 1462, 1009, 
8, 38, 14, 24, 14, 8, 127, 1, 1, 2, 4, 215, 31, 121, 67, 100, 
100, 100, 100, 100, 100, 100, 100, 100, 100, 100, 2500, 2500, 
2500, 2500, 2500, 2500, 2500, 2500, 2500, 2500, 2500, 7794.475, 
7866.733, 8208.81, 8480.916, 8690.988, 8928.30500000001, 9264.94399999999, 
9403.876, 9911.777, 10102.532, 10464.907, 1, 1, 1, 1, 1, 1, 1, 
1, 1, 1, 1, 0.04762, 0.04762, 0.04762, 0.04762, 0.04762, 0.04762, 
0.04762, 0.04762, 0.04762, 0.04762, 0.04762, 0, 0, 0, 0, 0, 0, 
0, 0, 0, 0, 0, 0, 0, 0, 0, 0, 0, 0, 0, 0, 0, 0, 0.7239, 0.76598, 
0.78766, 0.78917, 0.79899, 0.82938, 0.85567, 0.8471, 0.86865, 
0.88246, 0.88188, 0.72695, 0.78053, 0.78139, 0.78915, 0.80169, 
0.85024, 0.85554, 0.85215, 0.86374, 0.87384, 0.87821, 0.0606, 
0.068, 0.0802, 0.0891, 0.1003, 0.1021, 0.1188, 0.1279, 0.1379, 
0.1432, 0.1616, 195.4, 214, 231.4, 250.8, 269, 287.7, 306, 323.4, 
343.4, 360.4, 377.1, 1, 1, 1, 1, 1, 1, 1, 1, 1, 1, 1, 1, 1, 1, 
1, 1, 1, 1, 1, 1, 1, 1, 1, 1, 1, 1, 1, 1, 1, 1, 1, 1, 1, 1, 1, 
1, 1, 1, 1, 1, 1, 1, 1, 1, 2.949, 3.038, 3.33, 3.358, 3.582, 
3.335, 3.693, 3.809, 3.899, 3.832, 4.191), .Dim = c(11L, 40L), .Dimnames = list(
    NULL, c("Sampling", "PSO.cost", "PSO.gamma", "PSO.data.balancing", 
    "PSO.feature.selection", "PSO.valid.acc", "PSO.test.acc", 
    "PSO.train.time", "PSO.n.support.vectors", "PSO.index", "PSO.n.solutions", 
    "PSO.generations", "PSO.n.evaluations", "PSO.cpu.time", "RS.cost", 
    "RS.gamma", "RS.data.balancing", "RS.feature.selection", 
    "RS.valid.acc", "RS.test.acc", "RS.train.time", "RS.n.support.vectors", 
    "RS.index", "RS.n.solutions", "RS.generations", "RS.n.evaluations", 
    "RS.cpu.time", "DF.cost", "DF.gamma", "DF.data.balancing", 
    "DF.feature.selection", "DF.valid.acc", "DF.test.acc", "DF.train.time", 
    "DF.n.support.vectors", "DF.index", "DF.n.solutions", "DF.generations", 
    "DF.n.evaluations", "DF.cpu.time")))
