full <-
structure(c(50, 55, 60, 65, 70, 75, 80, 85, 90, 95, 100, 14.12444, 
10.10293, 6.59886, 6.1465, 11.03702, 15, 9.05734, 11.64343, 7.94012, 
9.57914, 9.3105, -11.91841, -13.5624, -9.77135, -9.30427, -15, 
-8.04262, -12.04083, -14.97676, -10.1716, -10.70988, -7.83338, 
0, 0, 0, 0, 0, 0, 0, 0, 0, 0, 0, 0, 0, 0, 0, 0, 0, 0, 0, 0, 0, 
0, 0.93942, 0.94162, 0.95037, 0.95392, 0.96321, 0.96281, 0.96604, 
0.97464, 0.97606, 0.9769, 0.97807, 0.93158, 0.93077, 0.9437, 
0.9477, 0.95184, 0.95528, 0.97086, 0.95323, 0.96453, 0.98102, 
0.97599, 0.0608, 0.0666, 0.0726, 0.0802, 0.0869, 0.0969, 0.1092, 
0.1164, 0.1239, 0.1343, 0.1426, 183.5, 202, 218.5, 235.3, 246.7, 
268, 271.3, 280.1, 300.5, 309.4, 340.2, 6, 85, 665, 814, 78, 
29, 139, 449, 5, 17, 34, 1842, 50, 196, 61, 292, 1466, 128, 294, 
1696, 1261, 1522, 100, 100, 100, 100, 100, 100, 100, 100, 100, 
100, 100, 2500, 2500, 2500, 2500, 2500, 2500, 2500, 2500, 2500, 
2500, 2500, 7414.14, 7624.463, 7815.608, 8050.582, 8412.891, 
8681.10100000001, 8886.118, 9128.823, 9382.28, 9622.647, 9627.12899999999, 
8.81927, 10.68334, 6.49091, 8.9459, 10.56659, 13.65773, 9.39583, 
12.43988, 7.29072, 10.64266, 14.02473, -9.88493, -14.09871, -9.73006, 
-10.22086, -14.62657, -12.5576, -12.42045, -14.48947, -10.09985, 
-13.06497, -7.6402, 0, 0, 0, 0, 0, 0, 0, 0, 0, 0, 0, 0, 0, 0, 
0, 0, 0, 0, 0, 0, 0, 0, 0.93942, 0.94162, 0.95037, 0.95382, 0.96321, 
0.96281, 0.96604, 0.97242, 0.97606, 0.9769, 0.97807, 0.93158, 
0.93077, 0.94682, 0.94467, 0.95184, 0.95508, 0.97086, 0.95789, 
0.96453, 0.98102, 0.97599, 0.0588, 0.0652, 0.0718, 0.0824, 0.0881, 
0.0997, 0.1079, 0.1192, 0.1244, 0.1374, 0.1393, 184.6, 202.1, 
218.5, 232.7, 248.1, 253.8, 270.8, 277.7, 301.4, 304.1, 341.5, 
21, 12, 125, 3, 707, 11, 73, 944, 10, 4, 18, 182, 7, 6, 269, 
6, 154, 4, 10, 230, 118, 70, 100, 100, 100, 100, 100, 100, 100, 
100, 100, 100, 100, 2500, 2500, 2500, 2500, 2500, 2500, 2500, 
2500, 2500, 2500, 2500, 7506.79, 7718.19, 7959.434, 8333.662, 
8647.742, 8923.889, 9135.512, 9476.10100000001, 9837.81399999998, 
10188.316, 10230.916, 1, 1, 1, 1, 1, 1, 1, 1, 1, 1, 1, 0.04762, 
0.04762, 0.04762, 0.04762, 0.04762, 0.04762, 0.04762, 0.04762, 
0.04762, 0.04762, 0.04762, 0, 0, 0, 0, 0, 0, 0, 0, 0, 0, 0, 0, 
0, 0, 0, 0, 0, 0, 0, 0, 0, 0, 0.73608, 0.76939, 0.78699, 0.80683, 
0.80552, 0.8372, 0.84264, 0.85968, 0.87212, 0.88011, 0.88352, 
0.75908, 0.77402, 0.74714, 0.7971, 0.81737, 0.82979, 0.84142, 
0.86007, 0.86993, 0.86721, 0.88777, 0.061, 0.0681, 0.0763, 0.0864, 
0.0945, 0.1048, 0.1145, 0.1248, 0.1351, 0.1473, 0.1587, 195.7, 
215.7, 236.3, 255.1, 272.8, 290.2, 309.8, 326.3, 343.4, 360.5, 
376.3, 1, 1, 1, 1, 1, 1, 1, 1, 1, 1, 1, 1, 1, 1, 1, 1, 1, 1, 
1, 1, 1, 1, 1, 1, 1, 1, 1, 1, 1, 1, 1, 1, 1, 1, 1, 1, 1, 1, 1, 
1, 1, 1, 1, 1, 2.991, 3.077, 3.186, 3.328, 3.389, 3.545, 3.604, 
3.741, 3.802, 4.002, 4.001), .Dim = c(11L, 40L), .Dimnames = list(
    NULL, c("Sampling", "PSO.cost", "PSO.gamma", "PSO.data.balancing", 
    "PSO.feature.selection", "PSO.valid.acc", "PSO.test.acc", 
    "PSO.train.time", "PSO.n.support.vectors", "PSO.index", "PSO.n.solutions", 
    "PSO.generations", "PSO.n.evaluations", "PSO.cpu.time", "RS.cost", 
    "RS.gamma", "RS.data.balancing", "RS.feature.selection", 
    "RS.valid.acc", "RS.test.acc", "RS.train.time", "RS.n.support.vectors", 
    "RS.index", "RS.n.solutions", "RS.generations", "RS.n.evaluations", 
    "RS.cpu.time", "DF.cost", "DF.gamma", "DF.data.balancing", 
    "DF.feature.selection", "DF.valid.acc", "DF.test.acc", "DF.train.time", 
    "DF.n.support.vectors", "DF.index", "DF.n.solutions", "DF.generations", 
    "DF.n.evaluations", "DF.cpu.time")))
