full <-
structure(c(50, 55, 60, 65, 70, 75, 80, 85, 90, 95, 100, 4.41469, 
11.58278, 6.3734, 10.29827, 4.77653, 9.60889, 15, 11.98701, 15, 
4.62773, 10.86364, -7.62274, -15, -9.75636, -13.41652, -8.0839, 
-10.96392, -7.3878, -14.6137, -11.05754, -7.7482, -9.90503, 0, 
0, 0, 0, 0, 0, 0, 0, 0, 0, 0, 0, 0, 0, 0, 0, 0, 0, 0, 0, 0, 0, 
0.90996, 0.92348, 0.93739, 0.93856, 0.95716, 0.95422, 0.96025, 
0.96519, 0.97564, 0.9747, 0.97605, 0.89577, 0.90515, 0.92783, 
0.92073, 0.94846, 0.94319, 0.95268, 0.9582, 0.96925, 0.96428, 
0.97205, 0.0578, 0.0656, 0.0694, 0.0862, 0.09, 0.1002, 0.1052, 
0.1134, 0.1214, 0.1327, 0.1471, 188.4, 199, 214.7, 227.7, 251.1, 
254.1, 284, 276.5, 296, 323.9, 327.4, 625, 2104, 68, 72, 638, 
101, 115, 236, 36, 830, 26, 259, 1, 238, 51, 95, 885, 982, 25, 
1621, 30, 1650, 100, 100, 100, 100, 100, 100, 100, 100, 100, 
100, 100, 2500, 2500, 2500, 2500, 2500, 2500, 2500, 2500, 2500, 
2500, 2500, 7209.149, 7440.957, 7714.996, 8242.125, 8223.252, 
8447.99100000001, 8719.44100000001, 8834.52899999999, 9138.61299999998, 
9469.478, 9705.06200000001, 3.98212, 9.08184, 6.52557, 4.69143, 
7.82884, 8.21735, 6.05711, 7.18384, 12.10324, 5.73066, 13.99608, 
-7.37994, -11.65187, -9.9504, -8.64698, -11.21573, -10.81031, 
-7.38318, -9.91443, -13.18098, -8.39603, -10.97353, 0, 0, 0, 
0, 0, 0, 0, 0, 0, 0, 0, 0, 0, 0, 0, 0, 0, 0, 0, 0, 0, 0, 0.90996, 
0.91922, 0.93739, 0.93825, 0.95724, 0.95422, 0.96025, 0.96292, 
0.97564, 0.97262, 0.97605, 0.89591, 0.91259, 0.92783, 0.93296, 
0.94544, 0.94319, 0.95268, 0.9582, 0.96925, 0.96419, 0.97409, 
0.0572, 0.0685, 0.073, 0.0803, 0.09, 0.0962, 0.1045, 0.1117, 
0.1222, 0.1348, 0.142, 188.6, 198.2, 214.7, 237.5, 244, 254.7, 
284, 284.3, 293.3, 317.9, 321.2, 106, 11, 802, 1350, 283, 1, 
42, 127, 1, 53, 48, 2, 236, 2, 1, 1, 18, 11, 21, 155, 98, 202, 
100, 100, 100, 100, 100, 100, 100, 100, 100, 100, 100, 2500, 
2500, 2500, 2500, 2500, 2500, 2500, 2500, 2500, 2500, 2500, 7246.757, 
7674.862, 7922.40399999999, 8400.246, 8466.765, 8768.16799999999, 
9080.63400000001, 9326.98699999999, 9579.23500000002, 10162.053, 
10252.564, 1, 1, 1, 1, 1, 1, 1, 1, 1, 1, 1, 0.04762, 0.04762, 
0.04762, 0.04762, 0.04762, 0.04762, 0.04762, 0.04762, 0.04762, 
0.04762, 0.04762, 0, 0, 0, 0, 0, 0, 0, 0, 0, 0, 0, 0, 0, 0, 0, 
0, 0, 0, 0, 0, 0, 0, 0.75649, 0.73496, 0.80616, 0.82186, 0.82357, 
0.84285, 0.83278, 0.83666, 0.8664, 0.8721, 0.87995, 0.76759, 
0.74349, 0.78728, 0.80032, 0.81838, 0.83758, 0.82773, 0.85113, 
0.85962, 0.86357, 0.88201, 0.0646, 0.0695, 0.0782, 0.085, 0.0987, 
0.1015, 0.1151, 0.1288, 0.1345, 0.1459, 0.153, 195.4, 214.7, 
233, 252.3, 270.1, 289.2, 305.2, 325.3, 341.7, 358.3, 376.7, 
1, 1, 1, 1, 1, 1, 1, 1, 1, 1, 1, 1, 1, 1, 1, 1, 1, 1, 1, 1, 1, 
1, 1, 1, 1, 1, 1, 1, 1, 1, 1, 1, 1, 1, 1, 1, 1, 1, 1, 1, 1, 1, 
1, 1, 3.04, 3.086, 3.169, 3.275, 3.484, 3.301, 3.607, 3.784, 
3.808, 3.985, 3.822), .Dim = c(11L, 40L), .Dimnames = list(NULL, 
    c("Sampling", "PSO.cost", "PSO.gamma", "PSO.data.balancing", 
    "PSO.feature.selection", "PSO.valid.acc", "PSO.test.acc", 
    "PSO.train.time", "PSO.n.support.vectors", "PSO.index", "PSO.n.solutions", 
    "PSO.generations", "PSO.n.evaluations", "PSO.cpu.time", "RS.cost", 
    "RS.gamma", "RS.data.balancing", "RS.feature.selection", 
    "RS.valid.acc", "RS.test.acc", "RS.train.time", "RS.n.support.vectors", 
    "RS.index", "RS.n.solutions", "RS.generations", "RS.n.evaluations", 
    "RS.cpu.time", "DF.cost", "DF.gamma", "DF.data.balancing", 
    "DF.feature.selection", "DF.valid.acc", "DF.test.acc", "DF.train.time", 
    "DF.n.support.vectors", "DF.index", "DF.n.solutions", "DF.generations", 
    "DF.n.evaluations", "DF.cpu.time")))
