full <-
structure(c(50, 55, 60, 65, 70, 75, 80, 85, 90, 95, 100, 11.56944, 
10.28626, 10.93106, 14.90282, 11.9085, 8.66256, 11.52214, 6.88778, 
10.81952, 10.49023, 12.54741, -11.22406, -8.81208, -11.08264, 
-11.32943, -15, -11.86021, -9.21352, -6.67952, -8.55825, -9.33779, 
-14.03594, 0, 0, 0, 0, 0, 0, 0, 0, 0, 0, 0, 0, 0, 0, 0, 0, 0, 
0, 0, 0, 0, 0, 0.92804, 0.94679, 0.94067, 0.95734, 0.95411, 0.94413, 
0.96311, 0.96751, 0.96253, 0.98102, 0.97604, 0.91344, 0.92005, 
0.92365, 0.94126, 0.94853, 0.94342, 0.96318, 0.95809, 0.96036, 
0.97681, 0.98015, 0.0596, 0.0687, 0.0773, 0.08, 0.0905, 0.0988, 
0.1103, 0.1202, 0.1218, 0.1309, 0.1541, 180.6, 202.2, 213.1, 
225.4, 243.5, 258.7, 276, 302.9, 308.5, 315, 315.1, 44, 18, 5, 
21, 58, 84, 25, 56, 42, 18, 6, 2002, 1488, 1683, 2003, 244, 70, 
1884, 678, 114, 1752, 1963, 100, 100, 100, 100, 100, 100, 100, 
100, 100, 100, 100, 2500, 2500, 2500, 2500, 2500, 2500, 2500, 
2500, 2500, 2500, 2500, 7678.815, 8017.864, 8080.253, 8273.29500000001, 
8580.134, 8776.893, 8942.74800000001, 9187.83, 9336.81400000001, 
9543.696, 9883.53399999999, 13.58772, 10.04305, 13.13635, 12.01459, 
11.74557, 9.42884, 7.48968, 7.83248, 11.91315, 12.62242, 14.99269, 
-13.8549, -8.38852, -14.07138, -13.5703, -14.87133, -11.76759, 
-9.16025, -6.70303, -14.69386, -14.28974, -14.54789, 0, 0, 0, 
0, 0, 0, 0, 0, 0, 0, 0, 0, 0, 0, 0, 0, 0, 0, 0, 0, 0, 0, 0.92804, 
0.94679, 0.94067, 0.95734, 0.95411, 0.94399, 0.96311, 0.96751, 
0.96253, 0.98102, 0.97604, 0.91344, 0.92005, 0.92365, 0.94126, 
0.94853, 0.95139, 0.96318, 0.95809, 0.96476, 0.97894, 0.98015, 
0.0614, 0.0693, 0.0783, 0.0835, 0.0953, 0.0995, 0.1076, 0.1139, 
0.1293, 0.1364, 0.1496, 179.3, 203.1, 212.1, 224.2, 243.3, 256.6, 
276.1, 303.1, 290.7, 300.4, 314.6, 2, 17, 17, 26, 855, 1032, 
40, 433, 385, 6, 11, 178, 70, 316, 129, 3, 6, 99, 8, 5, 350, 
107, 100, 100, 100, 100, 100, 100, 100, 100, 100, 100, 100, 2500, 
2500, 2500, 2500, 2500, 2500, 2500, 2500, 2500, 2500, 2500, 7919.723, 
8064.6, 8273.668, 8581.525, 8895.655, 8892.19099999999, 9500.986, 
9341.13799999999, 9767.41899999999, 10142.366, 10590.187, 1, 
1, 1, 1, 1, 1, 1, 1, 1, 1, 1, 0.04762, 0.04762, 0.04762, 0.04762, 
0.04762, 0.04762, 0.04762, 0.04762, 0.04762, 0.04762, 0.04762, 
0, 0, 0, 0, 0, 0, 0, 0, 0, 0, 0, 0, 0, 0, 0, 0, 0, 0, 0, 0, 0, 
0, 0.70142, 0.78686, 0.78044, 0.80516, 0.80239, 0.83467, 0.82912, 
0.82938, 0.86204, 0.87149, 0.87212, 0.70867, 0.77574, 0.78745, 
0.78954, 0.79996, 0.8158, 0.82864, 0.83354, 0.85551, 0.87566, 
0.88227, 0.0638, 0.0731, 0.077, 0.086, 0.0959, 0.11, 0.117, 0.1287, 
0.1329, 0.1467, 0.1586, 196.4, 216, 236.2, 254.2, 272.2, 290.1, 
309.4, 325.2, 342.2, 359.1, 377.4, 1, 1, 1, 1, 1, 1, 1, 1, 1, 
1, 1, 1, 1, 1, 1, 1, 1, 1, 1, 1, 1, 1, 1, 1, 1, 1, 1, 1, 1, 1, 
1, 1, 1, 1, 1, 1, 1, 1, 1, 1, 1, 1, 1, 1, 3.242, 3.252, 3.087, 
3.234, 3.502, 3.623, 3.645, 3.835, 3.68, 4.057, 4.203), .Dim = c(11L, 
40L), .Dimnames = list(NULL, c("Sampling", "PSO.cost", "PSO.gamma", 
"PSO.data.balancing", "PSO.feature.selection", "PSO.valid.acc", 
"PSO.test.acc", "PSO.train.time", "PSO.n.support.vectors", "PSO.index", 
"PSO.n.solutions", "PSO.generations", "PSO.n.evaluations", "PSO.cpu.time", 
"RS.cost", "RS.gamma", "RS.data.balancing", "RS.feature.selection", 
"RS.valid.acc", "RS.test.acc", "RS.train.time", "RS.n.support.vectors", 
"RS.index", "RS.n.solutions", "RS.generations", "RS.n.evaluations", 
"RS.cpu.time", "DF.cost", "DF.gamma", "DF.data.balancing", "DF.feature.selection", 
"DF.valid.acc", "DF.test.acc", "DF.train.time", "DF.n.support.vectors", 
"DF.index", "DF.n.solutions", "DF.generations", "DF.n.evaluations", 
"DF.cpu.time")))
