full <-
structure(c(50, 55, 60, 65, 70, 75, 80, 85, 90, 95, 100, 6.52434, 
7.06877, 14.01197, 12.87644, 10.67481, 6.77875, 12.02343, 11.19639, 
14.54626, 3.86256, 9.49224, -9.57432, -10.24609, -12.56636, -9.37979, 
-7.71603, -10.15831, -10.45916, -14.50639, -12.18078, -7.03053, 
-10.27734, 0, 0, 0, 0, 0, 0, 0, 0, 0, 0, 0, 0, 0, 0, 0, 0, 0, 
0, 0, 0, 0, 0, 0.90094, 0.93846, 0.94127, 0.95685, 0.96307, 0.96361, 
0.97264, 0.974, 0.98033, 0.97281, 0.98429, 0.91242, 0.93475, 
0.94827, 0.9541, 0.95458, 0.9484, 0.96742, 0.96923, 0.97361, 
0.97273, 0.98021, 0.0602, 0.0658, 0.0769, 0.0845, 0.0918, 0.1011, 
0.1094, 0.1166, 0.1254, 0.1313, 0.1473, 179.6, 197.9, 213.8, 
231.4, 251.3, 260.8, 273.8, 283.9, 290.3, 333.4, 323.4, 47, 462, 
37, 20, 113, 421, 129, 605, 2, 733, 35, 1177, 120, 1457, 1319, 
242, 150, 1225, 19, 1708, 25, 1340, 100, 100, 100, 100, 100, 
100, 100, 100, 100, 100, 100, 2500, 2500, 2500, 2500, 2500, 2500, 
2500, 2500, 2500, 2500, 2500, 7717.794, 7849.886, 8132.239, 8397.96, 
8593.22300000001, 8732.85900000001, 9001.49799999999, 9223.504, 
9325.446, 9432.09299999999, 10104.17, 5.51446, 7.22954, 10.80967, 
12.82471, 5.3596, 7.38899, 11.79627, 14.53719, 12.53576, 5.46655, 
14.66815, -8.68445, -10.36864, -12.93563, -8.95328, -8.32597, 
-10.76742, -10.46734, -13.46934, -10.66553, -8.76095, -10.02234, 
0, 0, 0, 0, 0, 0, 0, 0, 0, 0, 0, 0, 0, 0, 0, 0, 0, 0, 0, 0, 0, 
0, 0.90094, 0.93846, 0.94127, 0.95685, 0.96307, 0.96361, 0.97264, 
0.97384, 0.98033, 0.97268, 0.98429, 0.90407, 0.93475, 0.94827, 
0.9541, 0.95479, 0.9484, 0.96742, 0.96929, 0.97361, 0.97273, 
0.98021, 0.0599, 0.0627, 0.0769, 0.084, 0.0889, 0.1034, 0.1094, 
0.1206, 0.127, 0.1294, 0.149, 181.5, 197.6, 213.7, 233.2, 249.8, 
260.3, 274, 281.5, 295.3, 321.1, 324.2, 60, 60, 14, 1, 163, 1653, 
34, 26, 3, 145, 37, 33, 3, 50, 187, 20, 1, 6, 140, 331, 17, 25, 
100, 100, 100, 100, 100, 100, 100, 100, 100, 100, 100, 2500, 
2500, 2500, 2500, 2500, 2500, 2500, 2500, 2500, 2500, 2500, 7939.845, 
8038.888, 8439.232, 8687.204, 8782.228, 9059.564, 9203.00300000001, 
9502.41899999999, 9715.75100000002, 10278.137, 11110.067, 1, 
1, 1, 1, 1, 1, 1, 1, 1, 1, 1, 0.04762, 0.04762, 0.04762, 0.04762, 
0.04762, 0.04762, 0.04762, 0.04762, 0.04762, 0.04762, 0.04762, 
0, 0, 0, 0, 0, 0, 0, 0, 0, 0, 0, 0, 0, 0, 0, 0, 0, 0, 0, 0, 0, 
0, 0.74389, 0.76451, 0.78486, 0.81559, 0.8263, 0.85278, 0.8598, 
0.87748, 0.86529, 0.86542, 0.87477, 0.72009, 0.76412, 0.77597, 
0.81264, 0.81779, 0.8404, 0.868, 0.85898, 0.86513, 0.87403, 0.89103, 
0.065, 0.0713, 0.083, 0.0908, 0.0937, 0.1111, 0.1132, 0.1213, 
0.1393, 0.1516, 0.1628, 196.6, 215.6, 235, 254.9, 272.6, 289.1, 
307, 322.7, 342.5, 360.3, 377.5, 1, 1, 1, 1, 1, 1, 1, 1, 1, 1, 
1, 1, 1, 1, 1, 1, 1, 1, 1, 1, 1, 1, 1, 1, 1, 1, 1, 1, 1, 1, 1, 
1, 1, 1, 1, 1, 1, 1, 1, 1, 1, 1, 1, 1, 3.184, 3.076, 3.432, 3.446, 
3.308, 3.701, 3.409, 3.549, 3.884, 4.096, 4.293), .Dim = c(11L, 
40L), .Dimnames = list(NULL, c("Sampling", "PSO.cost", "PSO.gamma", 
"PSO.data.balancing", "PSO.feature.selection", "PSO.valid.acc", 
"PSO.test.acc", "PSO.train.time", "PSO.n.support.vectors", "PSO.index", 
"PSO.n.solutions", "PSO.generations", "PSO.n.evaluations", "PSO.cpu.time", 
"RS.cost", "RS.gamma", "RS.data.balancing", "RS.feature.selection", 
"RS.valid.acc", "RS.test.acc", "RS.train.time", "RS.n.support.vectors", 
"RS.index", "RS.n.solutions", "RS.generations", "RS.n.evaluations", 
"RS.cpu.time", "DF.cost", "DF.gamma", "DF.data.balancing", "DF.feature.selection", 
"DF.valid.acc", "DF.test.acc", "DF.train.time", "DF.n.support.vectors", 
"DF.index", "DF.n.solutions", "DF.generations", "DF.n.evaluations", 
"DF.cpu.time")))
