full <-
structure(c(50, 55, 60, 65, 70, 75, 80, 85, 90, 95, 100, 5.74461, 
7.56644, 11.48156, 15, 10.19841, 6.62437, 10.26184, 8.90115, 
6.39119, 11.62778, 8.2883, -8.80116, -11.58343, -13.21452, -15, 
-7.80363, -10.29532, -13.9297, -10.62155, -8.89694, -15, -11.65537, 
0, 0, 0, 0, 0, 0, 0, 0, 0, 0, 0, 0, 0, 0, 0, 0, 0, 0, 0, 0, 0, 
0, 0.90031, 0.90844, 0.91964, 0.93611, 0.93958, 0.95487, 0.9651, 
0.97178, 0.95822, 0.97737, 0.97386, 0.90287, 0.90427, 0.91041, 
0.93691, 0.93682, 0.94646, 0.96235, 0.97155, 0.96499, 0.96682, 
0.97778, 0.0587, 0.067, 0.0773, 0.0854, 0.088, 0.0998, 0.1093, 
0.1185, 0.1225, 0.1356, 0.142, 185.9, 203.7, 214.2, 227.9, 255.2, 
266.5, 275.9, 283, 304.6, 306.4, 321.2, 141, 246, 15, 66, 83, 
1012, 128, 33, 26, 39, 3, 300, 87, 1917, 1844, 498, 30, 160, 
1417, 1029, 974, 278, 100, 100, 100, 100, 100, 100, 100, 100, 
100, 100, 100, 2500, 2500, 2500, 2500, 2500, 2500, 2500, 2500, 
2500, 2500, 2500, 7728.312, 7934.726, 8013.605, 8209.019, 8507.91300000001, 
8624.696, 8712.557, 9099.08900000001, 9344.85399999999, 9607.383, 
9911.34599999999, 6.36155, 5.69542, 14.7854, 13.65222, 13.78964, 
10.94143, 11.26298, 8.64761, 8.73987, 11.21771, 9.6074, -9.32595, 
-9.68542, -8.70218, -14.70652, -7.88078, -14.65364, -14.89826, 
-9.86991, -8.31342, -14.58421, -13.03571, 0, 0, 0, 0, 0, 0, 0, 
0, 0, 0, 0, 0, 0, 0, 0, 0, 0, 0, 0, 0, 0, 0, 0.90031, 0.90844, 
0.91964, 0.93611, 0.93958, 0.95487, 0.9651, 0.97178, 0.95822, 
0.97737, 0.97386, 0.90672, 0.90427, 0.91364, 0.93691, 0.93682, 
0.94646, 0.96235, 0.97155, 0.96276, 0.96482, 0.97778, 0.0625, 
0.0671, 0.0746, 0.0814, 0.0904, 0.1013, 0.109, 0.1158, 0.1212, 
0.1383, 0.1482, 185.2, 204, 217.7, 227.9, 254.7, 263.9, 276, 
286.1, 309.7, 306.5, 319.3, 902, 544, 19, 40, 95, 187, 605, 32, 
21, 200, 77, 2, 4, 361, 13, 12, 4, 1, 81, 94, 6, 31, 100, 100, 
100, 100, 100, 100, 100, 100, 100, 100, 100, 2500, 2500, 2500, 
2500, 2500, 2500, 2500, 2500, 2500, 2500, 2500, 8000.369, 8151.169, 
8158.83199999999, 8189.423, 8701.69799999999, 8743.955, 9223.416, 
9534.546, 9779.905, 10252.137, 10591.729, 1, 1, 1, 1, 1, 1, 1, 
1, 1, 1, 1, 0.04762, 0.04762, 0.04762, 0.04762, 0.04762, 0.04762, 
0.04762, 0.04762, 0.04762, 0.04762, 0.04762, 0, 0, 0, 0, 0, 0, 
0, 0, 0, 0, 0, 0, 0, 0, 0, 0, 0, 0, 0, 0, 0, 0, 0.75249, 0.76722, 
0.78085, 0.78697, 0.80873, 0.83556, 0.84444, 0.86375, 0.85868, 
0.86602, 0.87208, 0.73588, 0.77122, 0.79432, 0.79408, 0.79813, 
0.83008, 0.8546, 0.8642, 0.84984, 0.86802, 0.88799, 0.0658, 0.0727, 
0.0779, 0.085, 0.0942, 0.1083, 0.1187, 0.1248, 0.1428, 0.1496, 
0.1634, 197.4, 217.7, 236.9, 255.3, 273.3, 293.7, 310.7, 326, 
345.6, 361.1, 376.9, 1, 1, 1, 1, 1, 1, 1, 1, 1, 1, 1, 1, 1, 1, 
1, 1, 1, 1, 1, 1, 1, 1, 1, 1, 1, 1, 1, 1, 1, 1, 1, 1, 1, 1, 1, 
1, 1, 1, 1, 1, 1, 1, 1, 1, 3.164, 3.229, 3.231, 3.22, 3.299, 
3.464, 3.706, 3.62, 3.939, 4.055, 4.19), .Dim = c(11L, 40L), .Dimnames = list(
    NULL, c("Sampling", "PSO.cost", "PSO.gamma", "PSO.data.balancing", 
    "PSO.feature.selection", "PSO.valid.acc", "PSO.test.acc", 
    "PSO.train.time", "PSO.n.support.vectors", "PSO.index", "PSO.n.solutions", 
    "PSO.generations", "PSO.n.evaluations", "PSO.cpu.time", "RS.cost", 
    "RS.gamma", "RS.data.balancing", "RS.feature.selection", 
    "RS.valid.acc", "RS.test.acc", "RS.train.time", "RS.n.support.vectors", 
    "RS.index", "RS.n.solutions", "RS.generations", "RS.n.evaluations", 
    "RS.cpu.time", "DF.cost", "DF.gamma", "DF.data.balancing", 
    "DF.feature.selection", "DF.valid.acc", "DF.test.acc", "DF.train.time", 
    "DF.n.support.vectors", "DF.index", "DF.n.solutions", "DF.generations", 
    "DF.n.evaluations", "DF.cpu.time")))
