full <-
structure(c(50, 55, 60, 65, 70, 75, 80, 85, 90, 95, 100, 7.25049, 
8.28432, 6.7939, 4.81563, 7.57128, 10.84603, 10.31564, 11.92265, 
7.11197, 13.16759, 11.16038, -9.75682, -7.12179, -10.00712, -8.03104, 
-10.76959, -10.58865, -10.98745, -14.92672, -10.09622, -11.00404, 
-14.56286, 0, 0, 0, 0, 0, 0, 0, 0, 0, 0, 0, 0, 0, 0, 0, 0, 0, 
0, 0, 0, 0, 0, 0.89243, 0.94769, 0.95024, 0.94825, 0.95157, 0.97335, 
0.97028, 0.97415, 0.96477, 0.97094, 0.97795, 0.91137, 0.91677, 
0.94345, 0.93279, 0.96027, 0.968, 0.97498, 0.96941, 0.9622, 0.9752, 
0.9739, 0.058, 0.065, 0.0757, 0.0837, 0.0873, 0.1009, 0.1086, 
0.1184, 0.1231, 0.1342, 0.1406, 178.7, 203.1, 210.9, 232.1, 237.8, 
251.1, 262.3, 272.5, 295.6, 305.9, 317.5, 34, 132, 68, 420, 231, 
8, 2, 881, 1566, 4, 488, 723, 1139, 212, 174, 135, 1810, 1783, 
36, 3, 1980, 251, 100, 100, 100, 100, 100, 100, 100, 100, 100, 
100, 100, 2500, 2500, 2500, 2500, 2500, 2500, 2500, 2500, 2500, 
2500, 2500, 7776.816, 7839.796, 7979.88, 8320.669, 8600.872, 
8940.77900000001, 9079.023, 9325.802, 9556.80800000002, 9834.658, 
10086.517, 11.77716, 14.16802, 6.83855, 4.27782, 9.15346, 12.20628, 
14.33863, 14.05308, 14.77956, 7.88223, 10.17439, -9.82572, -7.17604, 
-10.00343, -7.49622, -12.223, -12.41083, -11.11551, -14.45508, 
-9.79114, -7.66654, -13.54048, 0, 0, 0, 0, 0, 0, 0, 0, 0, 0, 
0, 0, 0, 0, 0, 0, 0, 0, 0, 0, 0, 0, 0.89243, 0.94769, 0.95024, 
0.94825, 0.95157, 0.97335, 0.97028, 0.97188, 0.96472, 0.97094, 
0.97795, 0.91137, 0.91344, 0.94345, 0.93565, 0.9629, 0.968, 0.97498, 
0.97396, 0.9622, 0.96899, 0.9739, 0.062, 0.0639, 0.0726, 0.0782, 
0.0915, 0.0993, 0.1088, 0.1205, 0.1267, 0.1359, 0.146, 178.3, 
202.9, 211, 234.8, 235.6, 248.9, 261.9, 270.8, 297.4, 326.9, 
317.7, 462, 110, 289, 691, 1088, 2, 21, 10, 41, 1, 932, 7, 12, 
9, 1, 5, 163, 212, 145, 73, 431, 8, 100, 100, 100, 100, 100, 
100, 100, 100, 100, 100, 100, 2500, 2500, 2500, 2500, 2500, 2500, 
2500, 2500, 2500, 2500, 2500, 7744.256, 7986.289, 8222.165, 8606.934, 
8914.535, 9295.78700000001, 9397.77399999999, 9731.79700000001, 
10097.048, 10255.875, 10704.966, 1, 1, 1, 1, 1, 1, 1, 1, 1, 1, 
1, 0.04762, 0.04762, 0.04762, 0.04762, 0.04762, 0.04762, 0.04762, 
0.04762, 0.04762, 0.04762, 0.04762, 0, 0, 0, 0, 0, 0, 0, 0, 0, 
0, 0, 0, 0, 0, 0, 0, 0, 0, 0, 0, 0, 0, 0.74395, 0.77622, 0.80068, 
0.82564, 0.80963, 0.83423, 0.84765, 0.85433, 0.86228, 0.87409, 
0.8904, 0.75234, 0.77691, 0.79389, 0.81655, 0.82016, 0.82923, 
0.83278, 0.86342, 0.87316, 0.86979, 0.88059, 0.066, 0.069, 0.0785, 
0.0911, 0.1011, 0.1081, 0.1167, 0.1273, 0.1389, 0.1449, 0.1656, 
197.8, 215.9, 233.4, 250, 269.3, 286.8, 303.9, 323, 342.9, 359.8, 
376.7, 1, 1, 1, 1, 1, 1, 1, 1, 1, 1, 1, 1, 1, 1, 1, 1, 1, 1, 
1, 1, 1, 1, 1, 1, 1, 1, 1, 1, 1, 1, 1, 1, 1, 1, 1, 1, 1, 1, 1, 
1, 1, 1, 1, 1, 3.198, 3.057, 3.225, 3.555, 3.617, 3.648, 3.68, 
3.841, 3.952, 3.907, 4.345), .Dim = c(11L, 40L), .Dimnames = list(
    NULL, c("Sampling", "PSO.cost", "PSO.gamma", "PSO.data.balancing", 
    "PSO.feature.selection", "PSO.valid.acc", "PSO.test.acc", 
    "PSO.train.time", "PSO.n.support.vectors", "PSO.index", "PSO.n.solutions", 
    "PSO.generations", "PSO.n.evaluations", "PSO.cpu.time", "RS.cost", 
    "RS.gamma", "RS.data.balancing", "RS.feature.selection", 
    "RS.valid.acc", "RS.test.acc", "RS.train.time", "RS.n.support.vectors", 
    "RS.index", "RS.n.solutions", "RS.generations", "RS.n.evaluations", 
    "RS.cpu.time", "DF.cost", "DF.gamma", "DF.data.balancing", 
    "DF.feature.selection", "DF.valid.acc", "DF.test.acc", "DF.train.time", 
    "DF.n.support.vectors", "DF.index", "DF.n.solutions", "DF.generations", 
    "DF.n.evaluations", "DF.cpu.time")))
