full <-
structure(c(50, 55, 60, 65, 70, 75, 80, 85, 90, 95, 100, 15, 
5.49067, 5.34616, 9.1227, 5.40572, 3.33371, 9.31623, 12.04241, 
6.90849, 8.0567, 6.32532, -10.3524, -6.65732, -8.67963, -8.81706, 
-8.73356, -6.86274, -12.2621, -7.99862, -9.73056, -11.38705, 
-7.74714, 0, 0, 0, 0, 0, 0, 0, 0, 0, 0, 0, 0, 0, 0, 0, 0, 0, 
0, 0, 0, 0, 0, 0.95146, 0.95534, 0.94732, 0.96053, 0.96578, 0.95774, 
0.96796, 0.95759, 0.96466, 0.97873, 0.97386, 0.93643, 0.94885, 
0.9501, 0.96053, 0.95427, 0.95227, 0.9527, 0.95475, 0.95778, 
0.96398, 0.97195, 0.0613, 0.0641, 0.0702, 0.08, 0.089, 0.094, 
0.1095, 0.1138, 0.128, 0.1348, 0.1441, 182.9, 209.1, 214.7, 229.1, 
246.4, 273, 269.5, 294.7, 303.1, 311.7, 340.2, 74, 31, 13, 7, 
270, 2033, 63, 37, 35, 201, 37, 1384, 1451, 101, 1591, 274, 9, 
125, 1512, 316, 213, 664, 100, 100, 100, 100, 100, 100, 100, 
100, 100, 100, 100, 2500, 2500, 2500, 2500, 2500, 2500, 2500, 
2500, 2500, 2500, 2500, 7663.257, 7817.223, 7899.423, 8073.24600000001, 
8322.00599999999, 8450.81099999999, 8755.769, 8979.071, 9236.10399999999, 
9534.94500000001, 9901.28600000002, 10.69132, 10.33701, 5.65101, 
7.54706, 5.41753, 3.97139, 9.83698, 13.87104, 9.9535, 7.5597, 
11.11606, -10.56555, -14.49594, -8.92387, -10.06378, -8.99524, 
-7.58658, -12.80736, -8.26101, -12.78528, -10.88274, -7.04497, 
0, 0, 0, 0, 0, 0, 0, 0, 0, 0, 0, 0, 0, 0, 0, 0, 0, 0, 0, 0, 0, 
0, 0.95146, 0.95535, 0.94732, 0.96053, 0.96578, 0.958, 0.96796, 
0.95759, 0.96466, 0.97873, 0.97386, 0.93643, 0.92683, 0.95323, 
0.96365, 0.9541, 0.95497, 0.9527, 0.95475, 0.96678, 0.96398, 
0.97206, 0.0607, 0.0619, 0.0723, 0.0791, 0.0869, 0.098, 0.1082, 
0.1165, 0.1318, 0.1335, 0.145, 182.7, 201.5, 214, 225.3, 247.3, 
269.6, 269.2, 293.2, 296.3, 313.2, 346.8, 124, 2258, 1189, 48, 
230, 2367, 329, 32, 20, 359, 28, 34, 1, 5, 145, 3, 1, 3, 45, 
36, 3, 33, 100, 100, 100, 100, 100, 100, 100, 100, 100, 100, 
100, 2500, 2500, 2500, 2500, 2500, 2500, 2500, 2500, 2500, 2500, 
2500, 7717.209, 7878.988, 8074.031, 8301.449, 8509.967, 8836.505, 
9130.027, 9357.09299999999, 9702.01400000002, 10067.649, 10767.116, 
1, 1, 1, 1, 1, 1, 1, 1, 1, 1, 1, 0.04762, 0.04762, 0.04762, 0.04762, 
0.04762, 0.04762, 0.04762, 0.04762, 0.04762, 0.04762, 0.04762, 
0, 0, 0, 0, 0, 0, 0, 0, 0, 0, 0, 0, 0, 0, 0, 0, 0, 0, 0, 0, 0, 
0, 0.78777, 0.82164, 0.81958, 0.84799, 0.84177, 0.84942, 0.87574, 
0.85982, 0.85884, 0.8633, 0.88014, 0.79248, 0.79949, 0.81573, 
0.84507, 0.83876, 0.83247, 0.85886, 0.85249, 0.87784, 0.86761, 
0.88243, 0.0611, 0.0681, 0.0784, 0.0863, 0.0982, 0.1073, 0.1138, 
0.1223, 0.1373, 0.1486, 0.1607, 199, 218.3, 236.8, 255.7, 274, 
293.1, 309.3, 325.3, 343.9, 360.2, 377.4, 1, 1, 1, 1, 1, 1, 1, 
1, 1, 1, 1, 1, 1, 1, 1, 1, 1, 1, 1, 1, 1, 1, 1, 1, 1, 1, 1, 1, 
1, 1, 1, 1, 1, 1, 1, 1, 1, 1, 1, 1, 1, 1, 1, 1, 2.99, 3.009, 
3.213, 3.222, 3.455, 3.545, 3.542, 3.589, 3.879, 3.999, 4.219
), .Dim = c(11L, 40L), .Dimnames = list(NULL, c("Sampling", "PSO.cost", 
"PSO.gamma", "PSO.data.balancing", "PSO.feature.selection", "PSO.valid.acc", 
"PSO.test.acc", "PSO.train.time", "PSO.n.support.vectors", "PSO.index", 
"PSO.n.solutions", "PSO.generations", "PSO.n.evaluations", "PSO.cpu.time", 
"RS.cost", "RS.gamma", "RS.data.balancing", "RS.feature.selection", 
"RS.valid.acc", "RS.test.acc", "RS.train.time", "RS.n.support.vectors", 
"RS.index", "RS.n.solutions", "RS.generations", "RS.n.evaluations", 
"RS.cpu.time", "DF.cost", "DF.gamma", "DF.data.balancing", "DF.feature.selection", 
"DF.valid.acc", "DF.test.acc", "DF.train.time", "DF.n.support.vectors", 
"DF.index", "DF.n.solutions", "DF.generations", "DF.n.evaluations", 
"DF.cpu.time")))
