full <-
structure(c(50, 55, 60, 65, 70, 75, 80, 85, 90, 95, 100, 12.46821, 
6.30943, 12.40637, 6.96116, 8.3154, 4.76778, 11.57662, 11.45401, 
11.39069, 12.93141, 13.53107, -9.55734, -9.78335, -15, -10.19642, 
-9.10871, -7.3918, -12.63711, -10.68543, -15, -14.85524, -7.11941, 
0, 0, 0, 0, 0, 0, 0, 0, 0, 0, 0, 0, 0, 0, 0, 0, 0, 0, 0, 0, 0, 
0, 0.90266, 0.92153, 0.95468, 0.95212, 0.95146, 0.96293, 0.97301, 
0.97158, 0.98196, 0.9767, 0.97794, 0.91434, 0.91728, 0.93762, 
0.93968, 0.9455, 0.94991, 0.97033, 0.96253, 0.96243, 0.9703, 
0.97805, 0.0624, 0.0655, 0.0765, 0.0823, 0.0877, 0.0966, 0.1106, 
0.1138, 0.1255, 0.1458, 0.1398, 182.3, 200.3, 211.7, 228.6, 246.1, 
269, 269.3, 280.8, 299.3, 303.2, 345.6, 730, 12, 61, 1222, 4, 
5, 58, 4, 295, 3, 63, 14, 114, 210, 1636, 1889, 1342, 1852, 1483, 
132, 2235, 1196, 100, 100, 100, 100, 100, 100, 100, 100, 100, 
100, 100, 2500, 2500, 2500, 2500, 2500, 2500, 2500, 2500, 2500, 
2500, 2500, 7992.608, 7856.097, 8051.159, 8256.582, 8494.976, 
8712.46500000001, 8945.98699999999, 9192.387, 11527.89, 11933.709, 
9968.82199999999, 5.29316, 6.83447, 8.71396, 12.63131, 10.88135, 
9.41983, 12.95774, 13.20233, 11.0911, 12.49278, 10.63103, -7.86686, 
-10.33607, -11.28992, -9.71266, -8.11571, -7.50609, -14.65974, 
-12.03484, -14.67524, -13.09761, -7.18038, 0, 0, 0, 0, 0, 0, 
0, 0, 0, 0, 0, 0, 0, 0, 0, 0, 0, 0, 0, 0, 0, 0, 0.90228, 0.92153, 
0.95468, 0.95212, 0.95146, 0.96293, 0.97301, 0.97158, 0.98196, 
0.9767, 0.97794, 0.90279, 0.91728, 0.93762, 0.93656, 0.9455, 
0.95254, 0.97033, 0.96481, 0.96243, 0.9703, 0.97805, 0.0581, 
0.0672, 0.0728, 0.0846, 0.0871, 0.0996, 0.1132, 0.1186, 0.1331, 
0.1394, 0.1399, 186.2, 200, 212.6, 227.9, 250.9, 268.4, 268.5, 
278.4, 299.6, 304.4, 344.8, 1778, 1759, 357, 45, 2, 11, 4, 4, 
455, 92, 29, 3, 4, 3, 83, 190, 72, 206, 264, 5, 107, 27, 100, 
100, 100, 100, 100, 100, 100, 100, 100, 100, 100, 2500, 2500, 
2500, 2500, 2500, 2500, 2500, 2500, 2500, 2500, 2500, 8048.762, 
7965.493, 8203.309, 8450.922, 8738.817, 8992.024, 9281.088, 9691.967, 
11966.783, 10587.147, 10587.574, 1, 1, 1, 1, 1, 1, 1, 1, 1, 1, 
1, 0.04762, 0.04762, 0.04762, 0.04762, 0.04762, 0.04762, 0.04762, 
0.04762, 0.04762, 0.04762, 0.04762, 0, 0, 0, 0, 0, 0, 0, 0, 0, 
0, 0, 0, 0, 0, 0, 0, 0, 0, 0, 0, 0, 0, 0.77748, 0.78023, 0.77554, 
0.80405, 0.82121, 0.82152, 0.83088, 0.82131, 0.84304, 0.85689, 
0.89261, 0.78204, 0.76988, 0.77526, 0.79738, 0.81225, 0.82971, 
0.83662, 0.84036, 0.83584, 0.85858, 0.89234, 0.0665, 0.0693, 
0.0793, 0.0865, 0.098, 0.1059, 0.1168, 0.1274, 0.1405, 0.1479, 
0.1564, 197.3, 216.9, 235, 252.7, 272.3, 289.1, 308, 325.4, 343.7, 
359.7, 377.4, 1, 1, 1, 1, 1, 1, 1, 1, 1, 1, 1, 1, 1, 1, 1, 1, 
1, 1, 1, 1, 1, 1, 1, 1, 1, 1, 1, 1, 1, 1, 1, 1, 1, 1, 1, 1, 1, 
1, 1, 1, 1, 1, 1, 1, 3.242, 3.146, 3.285, 3.319, 3.534, 3.53, 
3.731, 4.525, 4.753, 4.142, 3.995), .Dim = c(11L, 40L), .Dimnames = list(
    NULL, c("Sampling", "PSO.cost", "PSO.gamma", "PSO.data.balancing", 
    "PSO.feature.selection", "PSO.valid.acc", "PSO.test.acc", 
    "PSO.train.time", "PSO.n.support.vectors", "PSO.index", "PSO.n.solutions", 
    "PSO.generations", "PSO.n.evaluations", "PSO.cpu.time", "RS.cost", 
    "RS.gamma", "RS.data.balancing", "RS.feature.selection", 
    "RS.valid.acc", "RS.test.acc", "RS.train.time", "RS.n.support.vectors", 
    "RS.index", "RS.n.solutions", "RS.generations", "RS.n.evaluations", 
    "RS.cpu.time", "DF.cost", "DF.gamma", "DF.data.balancing", 
    "DF.feature.selection", "DF.valid.acc", "DF.test.acc", "DF.train.time", 
    "DF.n.support.vectors", "DF.index", "DF.n.solutions", "DF.generations", 
    "DF.n.evaluations", "DF.cpu.time")))
