full <-
structure(c(50, 55, 60, 65, 70, 75, 80, 85, 90, 95, 100, 13.02899, 
9.14869, 5.75819, 11.39193, 11.045, 9.32611, 4.85782, 13.8498, 
9.16739, 4.51523, 5.39892, -13.24, -7.38539, -7.59581, -7.75745, 
-7.31552, -7.87177, -6.74285, -6.40979, -10.27356, -7.3853, -8.3154, 
0, 0, 0, 0, 0, 0, 0, 0, 0, 0, 0, 0, 0, 0, 0, 0, 0, 0, 0, 0, 0, 
0, 0.93751, 0.95296, 0.94413, 0.95077, 0.95109, 0.9627, 0.97007, 
0.96718, 0.97975, 0.97898, 0.97583, 0.94052, 0.92355, 0.9366, 
0.9536, 0.95058, 0.96286, 0.95524, 0.96273, 0.96235, 0.96813, 
0.97615, 0.0632, 0.0683, 0.0726, 0.0837, 0.0872, 0.099, 0.1078, 
0.1165, 0.129, 0.1356, 0.1426, 182.5, 207.2, 221.1, 237.2, 255.6, 
267.6, 290.6, 309.7, 301, 333.5, 336.7, 2, 6, 30, 116, 6, 28, 
24, 32, 41, 725, 9, 1965, 1588, 1471, 1025, 1177, 1354, 1446, 
1498, 1081, 45, 209, 100, 100, 100, 100, 100, 100, 100, 100, 
100, 100, 100, 2500, 2500, 2500, 2500, 2500, 2500, 2500, 2500, 
2500, 2500, 2500, 7691.028, 7994.709, 8079.305, 8413.489, 8513.946, 
8746.057, 8890.855, 9147.416, 9172.247, 9509.43300000002, 9662.674, 
10.39956, 12.01475, 14.9889, 7.10312, 10.40502, 10.2734, 7.57061, 
14.1207, 8.24751, 9.18627, 11.24628, -12.77435, -7.42097, -7.8352, 
-7.77141, -7.46984, -7.61584, -7.39065, -6.68718, -10.44202, 
-12.42, -14.29524, 0, 0, 0, 0, 0, 0, 0, 0, 0, 0, 0, 0, 0, 0, 
0, 0, 0, 0, 0, 0, 0, 0, 0.93751, 0.95296, 0.94413, 0.95077, 0.95109, 
0.9627, 0.97007, 0.96718, 0.97975, 0.97706, 0.97583, 0.94052, 
0.92355, 0.94031, 0.9536, 0.95058, 0.96286, 0.95274, 0.96273, 
0.96235, 0.96609, 0.97006, 0.0605, 0.0679, 0.0752, 0.0829, 0.0881, 
0.0981, 0.1017, 0.1189, 0.1237, 0.1353, 0.1496, 182.5, 207.2, 
219.7, 237.2, 255.1, 269, 285.4, 308.1, 300.6, 307.8, 316, 9, 
29, 15, 260, 232, 27, 46, 12, 16, 2153, 340, 206, 41, 61, 11, 
35, 50, 87, 58, 106, 1, 19, 100, 100, 100, 100, 100, 100, 100, 
100, 100, 100, 100, 2500, 2500, 2500, 2500, 2500, 2500, 2500, 
2500, 2500, 2500, 2500, 7947.98, 7829.056, 8246.114, 8538.988, 
8652.38900000001, 9036.64599999999, 9449.57400000001, 9390.95600000001, 
9688.95000000001, 9992.06299999999, 10212.766, 1, 1, 1, 1, 1, 
1, 1, 1, 1, 1, 1, 0.04762, 0.04762, 0.04762, 0.04762, 0.04762, 
0.04762, 0.04762, 0.04762, 0.04762, 0.04762, 0.04762, 0, 0, 0, 
0, 0, 0, 0, 0, 0, 0, 0, 0, 0, 0, 0, 0, 0, 0, 0, 0, 0, 0, 0.74765, 
0.7713, 0.79404, 0.8102, 0.84892, 0.84675, 0.84053, 0.86129, 
0.86778, 0.87364, 0.8756, 0.72919, 0.77225, 0.79337, 0.80656, 
0.84327, 0.83619, 0.85268, 0.86548, 0.86923, 0.87153, 0.87401, 
0.0635, 0.0704, 0.0809, 0.0899, 0.0989, 0.1083, 0.1153, 0.129, 
0.1419, 0.1473, 0.1601, 198.6, 217.5, 235.7, 253.2, 271.3, 288.4, 
307.9, 326.5, 343, 358.9, 376.4, 1, 1, 1, 1, 1, 1, 1, 1, 1, 1, 
1, 1, 1, 1, 1, 1, 1, 1, 1, 1, 1, 1, 1, 1, 1, 1, 1, 1, 1, 1, 1, 
1, 1, 1, 1, 1, 1, 1, 1, 1, 1, 1, 1, 1, 3.046, 3.081, 3.298, 3.465, 
3.504, 3.648, 3.696, 3.715, 3.871, 3.973, 4.089), .Dim = c(11L, 
40L), .Dimnames = list(NULL, c("Sampling", "PSO.cost", "PSO.gamma", 
"PSO.data.balancing", "PSO.feature.selection", "PSO.valid.acc", 
"PSO.test.acc", "PSO.train.time", "PSO.n.support.vectors", "PSO.index", 
"PSO.n.solutions", "PSO.generations", "PSO.n.evaluations", "PSO.cpu.time", 
"RS.cost", "RS.gamma", "RS.data.balancing", "RS.feature.selection", 
"RS.valid.acc", "RS.test.acc", "RS.train.time", "RS.n.support.vectors", 
"RS.index", "RS.n.solutions", "RS.generations", "RS.n.evaluations", 
"RS.cpu.time", "DF.cost", "DF.gamma", "DF.data.balancing", "DF.feature.selection", 
"DF.valid.acc", "DF.test.acc", "DF.train.time", "DF.n.support.vectors", 
"DF.index", "DF.n.solutions", "DF.generations", "DF.n.evaluations", 
"DF.cpu.time")))
