full <-
structure(c(50, 55, 60, 65, 70, 75, 80, 85, 90, 95, 100, 4.83808, 
14.4027, 3.96915, 12.95182, 11.94439, 8.99761, 6.02424, 9.69891, 
4.47835, 12.40457, 12.05366, -7.83482, -11.04599, -7.17656, -6.89619, 
-10.77082, -7.00213, -9.04564, -11.9756, -7.7664, -10.13367, 
-6.82776, 0, 0, 0, 0, 0, 0, 0, 0, 0, 0, 0, 0, 0, 0, 0, 0, 0, 
0, 0, 0, 0, 0, 0.93299, 0.94412, 0.95144, 0.95016, 0.95153, 0.95537, 
0.97279, 0.97177, 0.97331, 0.98332, 0.97994, 0.92882, 0.94042, 
0.948, 0.94713, 0.94892, 0.95265, 0.96056, 0.96718, 0.96901, 
0.97275, 0.97169, 0.062, 0.0666, 0.0729, 0.0815, 0.0933, 0.0988, 
0.1086, 0.12, 0.1204, 0.1364, 0.1439, 187.9, 199.1, 225.5, 241.6, 
245.6, 273.3, 278.7, 281, 315.7, 310.9, 351, 951, 102, 2049, 
9, 33, 150, 2374, 10, 679, 15, 216, 49, 1322, 1, 1252, 1185, 
176, 1, 1972, 177, 1384, 804, 100, 100, 100, 100, 100, 100, 100, 
100, 100, 100, 100, 2500, 2500, 2500, 2500, 2500, 2500, 2500, 
2500, 2500, 2500, 2500, 7647.336, 8068.621, 8140.035, 8350.84, 
8685.74100000001, 8784.98299999999, 9037.367, 9102.97, 9138.777, 
9635.22399999999, 9765.22899999999, 4.28155, 11.83768, 7.56623, 
8.85934, 3.76747, 7.15823, 9.22302, 13.79649, 4.5082, 13.9314, 
14.90167, -7.32693, -10.76995, -11.14591, -7.21432, -7.06902, 
-7.03102, -9.03295, -11.82427, -7.70468, -10.36075, -6.82949, 
0, 0, 0, 0, 0, 0, 0, 0, 0, 0, 0, 0, 0, 0, 0, 0, 0, 0, 0, 0, 0, 
0, 0.93299, 0.94412, 0.95122, 0.95016, 0.95178, 0.95537, 0.97046, 
0.97177, 0.97331, 0.98332, 0.97994, 0.93282, 0.94412, 0.94466, 
0.95026, 0.94615, 0.95535, 0.96294, 0.96718, 0.97128, 0.97275, 
0.97169, 0.0609, 0.0693, 0.0755, 0.0836, 0.0918, 0.099, 0.1083, 
0.1202, 0.1263, 0.1383, 0.1432, 189.6, 199.5, 217.5, 241.4, 258.8, 
273, 278.2, 281.2, 315.8, 309.9, 351, 1721, 124, 48, 68, 1961, 
431, 54, 3, 1604, 26, 1537, 1, 22, 24, 45, 2, 5, 64, 208, 1, 
96, 1, 100, 100, 100, 100, 100, 100, 100, 100, 100, 100, 100, 
2500, 2500, 2500, 2500, 2500, 2500, 2500, 2500, 2500, 2500, 2500, 
7944.624, 8158.044, 8225.423, 8546.76100000001, 8886.406, 9015.92200000001, 
9470.74900000001, 9374.21800000001, 9735.56999999998, 10122.82, 
10198.417, 1, 1, 1, 1, 1, 1, 1, 1, 1, 1, 1, 0.04762, 0.04762, 
0.04762, 0.04762, 0.04762, 0.04762, 0.04762, 0.04762, 0.04762, 
0.04762, 0.04762, 0, 0, 0, 0, 0, 0, 0, 0, 0, 0, 0, 0, 0, 0, 0, 
0, 0, 0, 0, 0, 0, 0, 0.74372, 0.73005, 0.79054, 0.82556, 0.83693, 
0.82745, 0.84543, 0.86397, 0.87615, 0.8787, 0.88649, 0.76023, 
0.78258, 0.79647, 0.8031, 0.83645, 0.82758, 0.84357, 0.86103, 
0.8781, 0.88301, 0.88829, 0.0614, 0.0731, 0.0817, 0.0899, 0.0982, 
0.1071, 0.1193, 0.1319, 0.1383, 0.1509, 0.1531, 198.1, 216.7, 
236, 255.9, 273.8, 291.6, 310.2, 328.1, 346.7, 362.1, 377.8, 
1, 1, 1, 1, 1, 1, 1, 1, 1, 1, 1, 1, 1, 1, 1, 1, 1, 1, 1, 1, 1, 
1, 1, 1, 1, 1, 1, 1, 1, 1, 1, 1, 1, 1, 1, 1, 1, 1, 1, 1, 1, 1, 
1, 1, 2.977, 3.253, 3.322, 3.389, 3.499, 3.628, 3.79, 3.806, 
3.844, 4.036, 3.841), .Dim = c(11L, 40L), .Dimnames = list(NULL, 
    c("Sampling", "PSO.cost", "PSO.gamma", "PSO.data.balancing", 
    "PSO.feature.selection", "PSO.valid.acc", "PSO.test.acc", 
    "PSO.train.time", "PSO.n.support.vectors", "PSO.index", "PSO.n.solutions", 
    "PSO.generations", "PSO.n.evaluations", "PSO.cpu.time", "RS.cost", 
    "RS.gamma", "RS.data.balancing", "RS.feature.selection", 
    "RS.valid.acc", "RS.test.acc", "RS.train.time", "RS.n.support.vectors", 
    "RS.index", "RS.n.solutions", "RS.generations", "RS.n.evaluations", 
    "RS.cpu.time", "DF.cost", "DF.gamma", "DF.data.balancing", 
    "DF.feature.selection", "DF.valid.acc", "DF.test.acc", "DF.train.time", 
    "DF.n.support.vectors", "DF.index", "DF.n.solutions", "DF.generations", 
    "DF.n.evaluations", "DF.cpu.time")))
