full <-
structure(c(50, 55, 60, 65, 70, 75, 80, 85, 90, 95, 100, 8.30744, 
10.16638, 8.90429, 11.05894, 6.98231, 4.24575, 5.26901, 12.10516, 
12.07167, 13.40848, 11.61386, -6.09868, -12.7332, -12.01413, 
-14.36219, -10.38653, -7.04344, -8.00808, -15, -15, -11.92602, 
-11.22646, 0, 0, 0, 0, 0, 0, 0, 0, 0, 0, 0, 0, 0, 0, 0, 0, 0, 
0, 0, 0, 0, 0, 0.88337, 0.92223, 0.93992, 0.95253, 0.94658, 0.96054, 
0.96797, 0.97434, 0.98225, 0.96859, 0.97859, 0.85526, 0.9295, 
0.93012, 0.93357, 0.94925, 0.95733, 0.95076, 0.97145, 0.96908, 
0.97476, 0.97646, 0.0642, 0.0645, 0.0725, 0.0865, 0.0872, 0.0956, 
0.1035, 0.1198, 0.1248, 0.1338, 0.146, 192.2, 197.4, 213.7, 230.5, 
246.7, 272, 286, 281.3, 292.4, 305.6, 320.4, 15, 18, 622, 250, 
65, 280, 803, 404, 68, 55, 29, 679, 1628, 149, 112, 152, 35, 
176, 146, 213, 1891, 486, 100, 100, 100, 100, 100, 100, 100, 
100, 100, 100, 100, 2500, 2500, 2500, 2500, 2500, 2500, 2500, 
2500, 2500, 2500, 2500, 7649.442, 7780.71, 7973.302, 8226.849, 
8344.84899999999, 8591.94500000001, 8666.484, 9083.30100000001, 
9315.29299999998, 9422.30000000002, 9660.736, 4.07491, 12.33224, 
8.96803, 9.19522, 6.58104, 10.22624, 4.89007, 13.85817, 9.84331, 
14.38874, 11.71179, -6.08182, -11.4129, -12.09019, -12.50894, 
-9.87364, -8.18288, -7.88911, -14.56605, -12.8211, -14.34762, 
-10.95633, 0, 0, 0, 0, 0, 0, 0, 0, 0, 0, 0, 0, 0, 0, 0, 0, 0, 
0, 0, 0, 0, 0, 0.88337, 0.92223, 0.93992, 0.95253, 0.94658, 0.95798, 
0.96559, 0.97211, 0.98225, 0.96859, 0.97859, 0.85526, 0.92928, 
0.93346, 0.93024, 0.95211, 0.96003, 0.95082, 0.9786, 0.96908, 
0.97476, 0.97646, 0.0598, 0.0658, 0.0723, 0.0797, 0.0877, 0.0985, 
0.1102, 0.1175, 0.132, 0.1385, 0.1425, 192.2, 197.9, 213.5, 230.6, 
247.8, 264.7, 286.7, 278.4, 293.1, 302.2, 321.7, 139, 121, 852, 
1890, 408, 95, 381, 100, 1568, 18, 234, 8, 63, 3, 2, 6, 95, 7, 
43, 1, 104, 23, 100, 100, 100, 100, 100, 100, 100, 100, 100, 
100, 100, 2500, 2500, 2500, 2500, 2500, 2500, 2500, 2500, 2500, 
2500, 2500, 7662.173, 7942.256, 8147.576, 8363.198, 8619.363, 
8846.34700000001, 9006.95, 9444.111, 9699.076, 9893.59899999999, 
10282.09, 1, 1, 1, 1, 1, 1, 1, 1, 1, 1, 1, 0.04762, 0.04762, 
0.04762, 0.04762, 0.04762, 0.04762, 0.04762, 0.04762, 0.04762, 
0.04762, 0.04762, 0, 0, 0, 0, 0, 0, 0, 0, 0, 0, 0, 0, 0, 0, 0, 
0, 0, 0, 0, 0, 0, 0, 0.75541, 0.79688, 0.79622, 0.8215, 0.80911, 
0.82274, 0.83593, 0.85195, 0.86088, 0.87183, 0.86968, 0.74437, 
0.78912, 0.80649, 0.80898, 0.83184, 0.82589, 0.83294, 0.86163, 
0.85895, 0.86132, 0.87765, 0.0634, 0.0694, 0.0831, 0.0879, 0.0939, 
0.1032, 0.1128, 0.1261, 0.1322, 0.1432, 0.1593, 197.9, 217.9, 
236.1, 255.7, 273.7, 292.9, 310.2, 325.4, 343, 359.8, 375.9, 
1, 1, 1, 1, 1, 1, 1, 1, 1, 1, 1, 1, 1, 1, 1, 1, 1, 1, 1, 1, 1, 
1, 1, 1, 1, 1, 1, 1, 1, 1, 1, 1, 1, 1, 1, 1, 1, 1, 1, 1, 1, 1, 
1, 1, 3.098, 3.116, 3.421, 3.353, 3.295, 3.374, 3.508, 3.779, 
3.706, 3.789, 4.113), .Dim = c(11L, 40L), .Dimnames = list(NULL, 
    c("Sampling", "PSO.cost", "PSO.gamma", "PSO.data.balancing", 
    "PSO.feature.selection", "PSO.valid.acc", "PSO.test.acc", 
    "PSO.train.time", "PSO.n.support.vectors", "PSO.index", "PSO.n.solutions", 
    "PSO.generations", "PSO.n.evaluations", "PSO.cpu.time", "RS.cost", 
    "RS.gamma", "RS.data.balancing", "RS.feature.selection", 
    "RS.valid.acc", "RS.test.acc", "RS.train.time", "RS.n.support.vectors", 
    "RS.index", "RS.n.solutions", "RS.generations", "RS.n.evaluations", 
    "RS.cpu.time", "DF.cost", "DF.gamma", "DF.data.balancing", 
    "DF.feature.selection", "DF.valid.acc", "DF.test.acc", "DF.train.time", 
    "DF.n.support.vectors", "DF.index", "DF.n.solutions", "DF.generations", 
    "DF.n.evaluations", "DF.cpu.time")))
