full <-
structure(c(50, 55, 60, 65, 70, 75, 80, 85, 90, 95, 100, 12.76914, 
14.38759, 8.24631, 10.82891, 7.39348, 6.01536, 11.97405, 12.02371, 
3.72991, 11.66446, 11.41907, -8.04095, -14.13484, -10.19864, 
-8.43233, -10.72339, -7.58237, -15, -14.11393, -7.37261, -14.49373, 
-10.76743, 0, 0, 0, 0, 0, 0, 0, 0, 0, 0, 0, 0, 0, 0, 0, 0, 0, 
0, 0, 0, 0, 0, 0.92491, 0.92713, 0.93752, 0.95071, 0.94303, 0.94337, 
0.96521, 0.96218, 0.97133, 0.97474, 0.97578, 0.90793, 0.92023, 
0.92598, 0.92026, 0.92916, 0.94052, 0.94498, 0.97177, 0.96016, 
0.96609, 0.97186, 0.062, 0.0699, 0.0767, 0.0833, 0.0914, 0.0997, 
0.1131, 0.1228, 0.1267, 0.1359, 0.1455, 187.7, 196.7, 215.3, 
235.5, 246.6, 270.8, 271.9, 278.5, 321.4, 302.9, 323.7, 19, 6, 
33, 71, 397, 33, 596, 18, 1928, 961, 78, 714, 2150, 1702, 1297, 
106, 82, 41, 2277, 4, 62, 1230, 100, 100, 100, 100, 100, 100, 
100, 100, 100, 100, 100, 2500, 2500, 2500, 2500, 2500, 2500, 
2500, 2500, 2500, 2500, 2500, 8097.885, 8176.687, 8339.56, 8400.683, 
8546.22399999999, 8836.55499999999, 9037.35000000001, 9319.50900000001, 
9398.52000000002, 9580.15099999998, 11455.506, 14.37379, 11.97731, 
14.51235, 9.29856, 11.11907, 8.70241, 9.99122, 13.39605, 4.28438, 
11.95998, 14.92744, -8.2688, -14.10417, -10.23256, -8.6141, -14.49734, 
-7.57354, -13.05319, -14.20574, -7.5128, -14.79038, -10.72211, 
0, 0, 0, 0, 0, 0, 0, 0, 0, 0, 0, 0, 0, 0, 0, 0, 0, 0, 0, 0, 0, 
0, 0.92491, 0.92713, 0.93752, 0.95071, 0.94311, 0.94337, 0.96521, 
0.96218, 0.97128, 0.97474, 0.97578, 0.90793, 0.92023, 0.92598, 
0.92026, 0.92916, 0.94052, 0.94498, 0.97177, 0.96456, 0.96609, 
0.97186, 0.0623, 0.0698, 0.075, 0.0818, 0.0922, 0.0955, 0.1134, 
0.1218, 0.1254, 0.1379, 0.1531, 187.4, 196.6, 215.2, 234.7, 244.5, 
270.7, 272.9, 278.1, 318.9, 302.7, 324, 220, 13, 3, 71, 2333, 
82, 976, 39, 2476, 489, 57, 14, 103, 273, 33, 1, 4, 2, 48, 1, 
2, 67, 100, 100, 100, 100, 100, 100, 100, 100, 100, 100, 100, 
2500, 2500, 2500, 2500, 2500, 2500, 2500, 2500, 2500, 2500, 2500, 
8252.377, 8144.134, 8650.636, 8495.22700000001, 8935.70299999999, 
9036.37299999999, 9264.3, 9601.51499999998, 9778.06400000001, 
10247.338, 12707.262, 1, 1, 1, 1, 1, 1, 1, 1, 1, 1, 1, 0.04762, 
0.04762, 0.04762, 0.04762, 0.04762, 0.04762, 0.04762, 0.04762, 
0.04762, 0.04762, 0.04762, 0, 0, 0, 0, 0, 0, 0, 0, 0, 0, 0, 0, 
0, 0, 0, 0, 0, 0, 0, 0, 0, 0, 0.72178, 0.77447, 0.79771, 0.83241, 
0.8255, 0.83942, 0.85264, 0.85374, 0.86959, 0.87392, 0.88029, 
0.7241, 0.76329, 0.80377, 0.8166, 0.83721, 0.83886, 0.85006, 
0.85642, 0.86479, 0.88012, 0.88017, 0.065, 0.0723, 0.0829, 0.0891, 
0.1003, 0.1075, 0.116, 0.1294, 0.131, 0.1449, 0.1578, 199, 217.5, 
235.2, 254.4, 272.1, 290.3, 308.5, 328.6, 343.6, 360.8, 377.3, 
1, 1, 1, 1, 1, 1, 1, 1, 1, 1, 1, 1, 1, 1, 1, 1, 1, 1, 1, 1, 1, 
1, 1, 1, 1, 1, 1, 1, 1, 1, 1, 1, 1, 1, 1, 1, 1, 1, 1, 1, 1, 1, 
1, 1, 3.289, 3.278, 3.445, 3.477, 3.609, 3.676, 3.665, 3.906, 
3.7, 3.862, 4.824), .Dim = c(11L, 40L), .Dimnames = list(NULL, 
    c("Sampling", "PSO.cost", "PSO.gamma", "PSO.data.balancing", 
    "PSO.feature.selection", "PSO.valid.acc", "PSO.test.acc", 
    "PSO.train.time", "PSO.n.support.vectors", "PSO.index", "PSO.n.solutions", 
    "PSO.generations", "PSO.n.evaluations", "PSO.cpu.time", "RS.cost", 
    "RS.gamma", "RS.data.balancing", "RS.feature.selection", 
    "RS.valid.acc", "RS.test.acc", "RS.train.time", "RS.n.support.vectors", 
    "RS.index", "RS.n.solutions", "RS.generations", "RS.n.evaluations", 
    "RS.cpu.time", "DF.cost", "DF.gamma", "DF.data.balancing", 
    "DF.feature.selection", "DF.valid.acc", "DF.test.acc", "DF.train.time", 
    "DF.n.support.vectors", "DF.index", "DF.n.solutions", "DF.generations", 
    "DF.n.evaluations", "DF.cpu.time")))
