full <-
structure(c(50, 55, 60, 65, 70, 75, 80, 85, 90, 95, 100, 9.02074, 
10.1888, 10.28044, 7.68075, 9.22735, 5.65296, 5.34158, 14.01849, 
12.95109, 12.05969, 13.42937, -7.85932, -13.0979, -9.63659, -7.91365, 
-8.56583, -7.23417, -8.88618, -7.71517, -14.06214, -15, -11.21727, 
0, 0, 0, 0, 0, 0, 0, 0, 0, 0, 0, 0, 0, 0, 0, 0, 0, 0, 0, 0, 0, 
0, 0.93608, 0.93159, 0.94003, 0.9595, 0.95735, 0.96247, 0.97046, 
0.9672, 0.96864, 0.97028, 0.97603, 0.89601, 0.92129, 0.94056, 
0.95315, 0.95426, 0.96545, 0.96452, 0.9718, 0.95965, 0.97041, 
0.97403, 0.06, 0.0661, 0.0768, 0.0846, 0.0907, 0.099, 0.107, 
0.1168, 0.1336, 0.1367, 0.1465, 186.9, 199.3, 215.3, 236.3, 251.5, 
275, 277.9, 297.8, 290.5, 301, 319.4, 38, 79, 15, 119, 151, 28, 
326, 40, 20, 229, 30, 1191, 249, 1608, 1186, 747, 1319, 176, 
1320, 1920, 102, 1608, 100, 100, 100, 100, 100, 100, 100, 100, 
100, 100, 100, 2500, 2500, 2500, 2500, 2500, 2500, 2500, 2500, 
2500, 2500, 2500, 7598.616, 7748.695, 7824.314, 8188.888, 8351.07999999999, 
8616.93799999999, 8823.05499999999, 9150.371, 9625.003, 9739.83799999999, 
10047.578, 10.12787, 5.63209, 14.87757, 13.2543, 5.76084, 13.59952, 
4.23653, 14.5204, 12.32174, 3.70942, 13.10207, -7.79493, -9.17491, 
-9.67262, -7.89627, -8.55196, -7.27261, -7.76629, -7.58648, -11.49724, 
-7.03843, -10.93085, 0, 0, 0, 0, 0, 0, 0, 0, 0, 0, 0, 0, 0, 0, 
0, 0, 0, 0, 0, 0, 0, 0, 0.93608, 0.93172, 0.94003, 0.9595, 0.95735, 
0.96247, 0.97046, 0.9672, 0.96864, 0.97028, 0.97603, 0.89601, 
0.92473, 0.94056, 0.95315, 0.95426, 0.96545, 0.96452, 0.9718, 
0.96182, 0.97032, 0.97403, 0.0582, 0.0684, 0.0717, 0.0837, 0.0908, 
0.1013, 0.1063, 0.1182, 0.1298, 0.1372, 0.1492, 187, 202.3, 215.2, 
236.4, 251.9, 275, 283.9, 298.6, 292.9, 333.1, 320.4, 68, 315, 
33, 128, 196, 167, 1715, 11, 3, 1943, 52, 29, 2, 113, 9, 7, 37, 
2, 65, 270, 1, 89, 100, 100, 100, 100, 100, 100, 100, 100, 100, 
100, 100, 2500, 2500, 2500, 2500, 2500, 2500, 2500, 2500, 2500, 
2500, 2500, 7753.727, 7791.284, 8047.226, 8245.797, 8563.28899999999, 
8983.292, 9192.592, 9713.06200000002, 10013.375, 10326.064, 10720.199, 
1, 1, 1, 1, 1, 1, 1, 1, 1, 1, 1, 0.04762, 0.04762, 0.04762, 0.04762, 
0.04762, 0.04762, 0.04762, 0.04762, 0.04762, 0.04762, 0.04762, 
0, 0, 0, 0, 0, 0, 0, 0, 0, 0, 0, 0, 0, 0, 0, 0, 0, 0, 0, 0, 0, 
0, 0.75257, 0.78731, 0.78161, 0.82982, 0.80923, 0.83456, 0.84198, 
0.85472, 0.87569, 0.87521, 0.87835, 0.7533, 0.75732, 0.78329, 
0.82312, 0.80857, 0.82758, 0.83045, 0.85483, 0.86031, 0.88395, 
0.88051, 0.0665, 0.0729, 0.0838, 0.0902, 0.0967, 0.1087, 0.1187, 
0.128, 0.1406, 0.1513, 0.1636, 196.7, 216.4, 234.7, 253.3, 272.5, 
290.6, 307.8, 326.1, 343, 359.2, 377.7, 1, 1, 1, 1, 1, 1, 1, 
1, 1, 1, 1, 1, 1, 1, 1, 1, 1, 1, 1, 1, 1, 1, 1, 1, 1, 1, 1, 1, 
1, 1, 1, 1, 1, 1, 1, 1, 1, 1, 1, 1, 1, 1, 1, 1, 3.247, 3.133, 
3.364, 3.34, 3.352, 3.59, 3.669, 3.806, 3.96, 4.046, 4.2), .Dim = c(11L, 
40L), .Dimnames = list(NULL, c("Sampling", "PSO.cost", "PSO.gamma", 
"PSO.data.balancing", "PSO.feature.selection", "PSO.valid.acc", 
"PSO.test.acc", "PSO.train.time", "PSO.n.support.vectors", "PSO.index", 
"PSO.n.solutions", "PSO.generations", "PSO.n.evaluations", "PSO.cpu.time", 
"RS.cost", "RS.gamma", "RS.data.balancing", "RS.feature.selection", 
"RS.valid.acc", "RS.test.acc", "RS.train.time", "RS.n.support.vectors", 
"RS.index", "RS.n.solutions", "RS.generations", "RS.n.evaluations", 
"RS.cpu.time", "DF.cost", "DF.gamma", "DF.data.balancing", "DF.feature.selection", 
"DF.valid.acc", "DF.test.acc", "DF.train.time", "DF.n.support.vectors", 
"DF.index", "DF.n.solutions", "DF.generations", "DF.n.evaluations", 
"DF.cpu.time")))
