full <-
structure(c(50, 55, 60, 65, 70, 75, 80, 85, 90, 95, 100, 1.92106, 
4.54593, 2.33675, 4.8628, 4.52499, 4.40551, 5.72179, 3.22535, 
5.31219, 6.15797, 13.27807, -7.69983, -9.32709, -7.65342, -9.80809, 
-10.28624, -9.78779, -10.80708, -9.02202, -10.284, -10.51661, 
-14.88075, 0, 0, 0, 0, 0, 0, 0, 0, 0, 0, 0, 0, 0, 0, 0, 0, 0, 
0, 0, 0, 0, 0, 0.54005, 0.54897, 0.56737, 0.55815, 0.56174, 0.56322, 
0.56905, 0.57836, 0.56176, 0.56343, 0.57714, 0.52792, 0.5316, 
0.53937, 0.55634, 0.56058, 0.55416, 0.55352, 0.57083, 0.55688, 
0.55242, 0.55796, 3.2696, 3.9942, 5.4462, 5.4145, 6.1951, 7.3515, 
8.2771, 10.4708, 12.1579, 13.373, 18.5273, 955, 985.4, 1148.2, 
1139, 1233.4, 1329.5, 1384.2, 1537.3, 1564.8, 1647.4, 1628.4, 
1509, 929, 2263, 2077, 465, 658, 604, 1548, 1969, 2309, 2487, 
52, 42, 3, 15, 168, 236, 153, 22, 21, 5, 1, 100, 100, 100, 100, 
100, 100, 100, 100, 100, 100, 100, 2500, 2500, 2500, 2500, 2500, 
2500, 2500, 2500, 2500, 2500, 2500, 103844.618, 119983.665, 148369.928, 
160645.652, 180908.832, 210739.533, 244854.142, 288610.004, 326954.579, 
397248.009, 495418.302, 2.05172, 6.63836, 2.81338, 4.67171, 4.91759, 
6.39146, 5.32477, 3.43518, 4.91289, 6.08835, 12.71792, -7.80593, 
-11.81008, -8.05891, -9.77242, -10.36817, -11.80737, -10.46493, 
-9.19342, -10.03197, -10.43767, -14.66169, 0, 0, 0, 0, 0, 0, 
0, 0, 0, 0, 0, 0, 0, 0, 0, 0, 0, 0, 0, 0, 0, 0, 0.53844, 0.5461, 
0.56472, 0.55444, 0.56001, 0.55951, 0.56655, 0.57554, 0.55954, 
0.56048, 0.57514, 0.52632, 0.5483, 0.53668, 0.56064, 0.56286, 
0.55522, 0.55252, 0.57318, 0.55643, 0.55369, 0.56037, 3.4691, 
3.6874, 5.0982, 5.4386, 6.2237, 6.7616, 9.3026, 9.3815, 11.5511, 
13.9343, 17.3974, 951.2, 922.8, 1131.1, 1140.6, 1224.7, 1280.6, 
1394.4, 1529.8, 1574.8, 1651.9, 1629.5, 1077, 1753, 1975, 478, 
718, 992, 52, 1493, 1982, 505, 1414, 1, 1, 1, 1, 1, 1, 1, 1, 
1, 1, 1, 100, 100, 100, 100, 100, 100, 100, 100, 100, 100, 100, 
2500, 2500, 2500, 2500, 2500, 2500, 2500, 2500, 2500, 2500, 2500, 
105847.075, 129187.651, 157324.865, 181531.32, 210232.731, 250039.88, 
291942.968, 316611.357, 382966.383, 446696.604, 474324.391, 1, 
1, 1, 1, 1, 1, 1, 1, 1, 1, 1, 0.01, 0.01, 0.01, 0.01, 0.01, 0.01, 
0.01, 0.01, 0.01, 0.01, 0.01, 0, 0, 0, 0, 0, 0, 0, 0, 0, 0, 0, 
0, 0, 0, 0, 0, 0, 0, 0, 0, 0, 0, 0.51609, 0.52359, 0.54535, 0.53782, 
0.54573, 0.53007, 0.53803, 0.54726, 0.53998, 0.54277, 0.55474, 
0.51757, 0.52287, 0.54538, 0.54888, 0.54916, 0.54555, 0.53551, 
0.55104, 0.5413, 0.54064, 0.55438, 3.4727, 4.5682, 4.9364, 6.341, 
7.27, 9.374, 10.6057, 10.6168, 14.021, 15.4409, 16.0722, 991.1, 
1087.1, 1185.6, 1283, 1383.5, 1481.4, 1581.7, 1675.3, 1772.6, 
1866.9, 1964, 1, 1, 1, 1, 1, 1, 1, 1, 1, 1, 1, 1, 1, 1, 1, 1, 
1, 1, 1, 1, 1, 1, 1, 1, 1, 1, 1, 1, 1, 1, 1, 1, 1, 1, 1, 1, 1, 
1, 1, 1, 1, 1, 1, 1, 40.278, 52.03, 55.994, 71.092, 81.139, 103.447, 
116.98, 117.406, 152.785, 167.873, 175.014), .Dim = c(11L, 40L
), .Dimnames = list(NULL, c("Sampling", "PSO.cost", "PSO.gamma", 
"PSO.data.balancing", "PSO.feature.selection", "PSO.valid.acc", 
"PSO.test.acc", "PSO.train.time", "PSO.n.support.vectors", "PSO.index", 
"PSO.n.solutions", "PSO.generations", "PSO.n.evaluations", "PSO.cpu.time", 
"RS.cost", "RS.gamma", "RS.data.balancing", "RS.feature.selection", 
"RS.valid.acc", "RS.test.acc", "RS.train.time", "RS.n.support.vectors", 
"RS.index", "RS.n.solutions", "RS.generations", "RS.n.evaluations", 
"RS.cpu.time", "DF.cost", "DF.gamma", "DF.data.balancing", "DF.feature.selection", 
"DF.valid.acc", "DF.test.acc", "DF.train.time", "DF.n.support.vectors", 
"DF.index", "DF.n.solutions", "DF.generations", "DF.n.evaluations", 
"DF.cpu.time")))
