full <-
structure(c(50, 55, 60, 65, 70, 75, 80, 85, 90, 95, 100, 2.59673, 
8.1187, 8.04253, 10.58039, 2.36387, 3.4957, 1.60992, 2.94283, 
2.10975, 4.5241, 5.92479, -7.94189, -13.61308, -15, -14.95455, 
-8.36268, -9.10948, -7.37717, -8.6668, -8.38936, -9.585, -10.92532, 
0, 0, 0, 0, 0, 0, 0, 0, 0, 0, 0, 0, 0, 0, 0, 0, 0, 0, 0, 0, 0, 
0, 0.55676, 0.5592, 0.56736, 0.56863, 0.5589, 0.56369, 0.56004, 
0.56094, 0.56044, 0.57182, 0.57637, 0.52714, 0.5563, 0.56198, 
0.54402, 0.56624, 0.55893, 0.55805, 0.55578, 0.56042, 0.56757, 
0.56998, 3.2029, 3.75, 4.476, 5.2889, 6.6916, 7.5555, 9.8278, 
9.5934, 11.841, 13.3903, 14.5567, 950.8, 920.6, 1050.2, 1057.8, 
1300.3, 1351.5, 1535.1, 1558.7, 1657.4, 1688.1, 1716.2, 818, 
814, 474, 1709, 2058, 1106, 1528, 1353, 1217, 2497, 643, 45, 
13, 59, 1, 4, 76, 16, 21, 61, 1, 48, 100, 100, 100, 100, 100, 
100, 100, 100, 100, 100, 100, 2500, 2500, 2500, 2500, 2500, 2500, 
2500, 2500, 2500, 2500, 2500, 97455.537, 109896.145, 128123.461, 
154341.742, 188814.485, 214726.117, 273323.006, 286554.041, 331384.332, 
388471.34, 474149.182999999, 4.48948, 8.43524, 6.18517, 10.07545, 
2.57539, 3.67969, 2.23531, 3.26646, 1.69685, 10.07288, 5.62389, 
-9.70761, -13.95745, -13.17395, -14.45787, -8.70955, -9.2555, 
-7.85175, -8.86835, -7.34972, -14.60047, -10.5188, 0, 0, 0, 0, 
0, 0, 0, 0, 0, 0, 0, 0, 0, 0, 0, 0, 0, 0, 0, 0, 0, 0, 0.55834, 
0.55556, 0.5667, 0.56555, 0.5572, 0.56263, 0.55653, 0.55906, 
0.55911, 0.56971, 0.57597, 0.54231, 0.55267, 0.56332, 0.54525, 
0.56054, 0.55786, 0.56056, 0.55484, 0.55555, 0.57767, 0.57038, 
2.9621, 3.8347, 4.6941, 5.4005, 6.6251, 7.7069, 9.9406, 10.2746, 
12.3715, 13.6046, 14.0612, 880.6, 920.4, 1055.5, 1059.8, 1284.4, 
1345.8, 1508, 1548.6, 1730.7, 1561.6, 1731.7, 1777, 21, 271, 
132, 715, 1492, 2422, 1401, 845, 1339, 198, 1, 3, 1, 1, 1, 1, 
1, 1, 1, 3, 1, 100, 100, 100, 100, 100, 100, 100, 100, 100, 100, 
100, 2500, 2500, 2500, 2500, 2500, 2500, 2500, 2500, 2500, 2500, 
2500, 105224.278, 131673.164, 151061.193, 180097.219, 217974.379, 
248443.946, 288743, 324269.676, 386058.151, 434025.032000001, 
459691.734, 1, 1, 1, 1, 1, 1, 1, 1, 1, 1, 1, 0.01, 0.01, 0.01, 
0.01, 0.01, 0.01, 0.01, 0.01, 0.01, 0.01, 0.01, 0, 0, 0, 0, 0, 
0, 0, 0, 0, 0, 0, 0, 0, 0, 0, 0, 0, 0, 0, 0, 0, 0, 0.53831, 0.52647, 
0.5387, 0.54343, 0.53607, 0.53388, 0.54603, 0.54402, 0.5489, 
0.55836, 0.55235, 0.5239, 0.52872, 0.54609, 0.54714, 0.53658, 
0.53175, 0.54653, 0.54212, 0.5551, 0.55747, 0.55439, 3.645, 4.5005, 
5.2639, 6.2678, 7.4113, 8.8193, 10.2972, 11.5875, 13.7217, 14.8903, 
16.2549, 990.1, 1086.6, 1182, 1281.8, 1380.9, 1475.3, 1574.6, 
1668.4, 1768.6, 1864.2, 1964, 1, 1, 1, 1, 1, 1, 1, 1, 1, 1, 1, 
1, 1, 1, 1, 1, 1, 1, 1, 1, 1, 1, 1, 1, 1, 1, 1, 1, 1, 1, 1, 1, 
1, 1, 1, 1, 1, 1, 1, 1, 1, 1, 1, 1, 41.909, 51.035, 59.448, 70.247, 
82.382, 97.406, 113.442, 127.663, 149.649, 162.145, 176.952), .Dim = c(11L, 
40L), .Dimnames = list(NULL, c("Sampling", "PSO.cost", "PSO.gamma", 
"PSO.data.balancing", "PSO.feature.selection", "PSO.valid.acc", 
"PSO.test.acc", "PSO.train.time", "PSO.n.support.vectors", "PSO.index", 
"PSO.n.solutions", "PSO.generations", "PSO.n.evaluations", "PSO.cpu.time", 
"RS.cost", "RS.gamma", "RS.data.balancing", "RS.feature.selection", 
"RS.valid.acc", "RS.test.acc", "RS.train.time", "RS.n.support.vectors", 
"RS.index", "RS.n.solutions", "RS.generations", "RS.n.evaluations", 
"RS.cpu.time", "DF.cost", "DF.gamma", "DF.data.balancing", "DF.feature.selection", 
"DF.valid.acc", "DF.test.acc", "DF.train.time", "DF.n.support.vectors", 
"DF.index", "DF.n.solutions", "DF.generations", "DF.n.evaluations", 
"DF.cpu.time")))
