full <-
structure(c(50, 55, 60, 65, 70, 75, 80, 85, 90, 95, 100, 8.44872, 
1.79131, 3.02436, 8.88416, 9.04288, 5.63547, 6.45132, 3.60036, 
4.80292, 9.11931, 2.73629, -13.21038, -7.61263, -8.50039, -15, 
-14.43027, -11.37708, -11.27042, -9.63012, -11.80608, -14.05136, 
-8.45144, 0, 0, 0, 0, 0, 0, 0, 0, 0, 0, 0, 0, 0, 0, 0, 0, 0, 
0, 0, 0, 0, 0, 0.52173, 0.5433, 0.53736, 0.55574, 0.55434, 0.56213, 
0.56553, 0.55667, 0.55951, 0.57266, 0.57365, 0.51606, 0.53096, 
0.5314, 0.53973, 0.54231, 0.54611, 0.54651, 0.54675, 0.54751, 
0.56381, 0.56603, 2.8965, 4.0874, 4.5804, 5.2573, 6.1269, 7.396, 
7.7656, 10.4349, 11.3998, 12.7846, 15.4969, 834.9, 1056.6, 1112.8, 
1121.4, 1184, 1287.4, 1356.8, 1514.3, 1593.5, 1568.4, 1842, 967, 
1210, 2311, 1552, 695, 1050, 949, 935, 624, 2381, 1734, 32, 35, 
2, 4, 123, 36, 40, 51, 38, 1, 3, 100, 100, 100, 100, 100, 100, 
100, 100, 100, 100, 100, 2500, 2500, 2500, 2500, 2500, 2500, 
2500, 2500, 2500, 2500, 2500, 95188.989, 120390.943, 140094.281, 
153794.712, 175027.098, 212673.419, 242273.862, 303549.469, 330926.535, 
362406.948, 437642.191, 2.96747, 2.08541, 3.08662, 8.73523, 9.14045, 
5.30836, 6.70707, 2.97222, 5.01815, 8.67788, 1.86655, -8.45213, 
-8.86478, -8.5158, -14.79722, -14.88532, -11.14274, -11.40057, 
-9.19414, -12.02794, -13.21762, -7.88789, 0, 0, 0, 0, 0, 0, 0, 
0, 0, 0, 0, 0, 0, 0, 0, 0, 0, 0, 0, 0, 0, 0, 0.52017, 0.54113, 
0.53469, 0.55452, 0.55206, 0.56052, 0.56503, 0.55526, 0.55863, 
0.57182, 0.57046, 0.52406, 0.53235, 0.53338, 0.53911, 0.54403, 
0.54824, 0.54901, 0.54534, 0.54795, 0.5659, 0.56564, 3.3061, 
4.0423, 4.4986, 5.2848, 6.3919, 7.6727, 8.4259, 9.8038, 11.5481, 
13.2948, 15.9263, 929.9, 1023.3, 1112.8, 1119.6, 1195.1, 1293.7, 
1353.3, 1535.9, 1590.9, 1569.4, 1875.7, 218, 1545, 153, 572, 
911, 1996, 1070, 1171, 301, 1142, 2098, 2, 1, 1, 1, 2, 1, 1, 
1, 1, 1, 2, 100, 100, 100, 100, 100, 100, 100, 100, 100, 100, 
100, 2500, 2500, 2500, 2500, 2500, 2500, 2500, 2500, 2500, 2500, 
2500, 106493.768, 128547.385, 153900.52, 179584.107, 211642.372, 
249826.948, 286156.676, 319461.768, 382769.855, 433118.471, 475951.363, 
1, 1, 1, 1, 1, 1, 1, 1, 1, 1, 1, 0.01, 0.01, 0.01, 0.01, 0.01, 
0.01, 0.01, 0.01, 0.01, 0.01, 0.01, 0, 0, 0, 0, 0, 0, 0, 0, 0, 
0, 0, 0, 0, 0, 0, 0, 0, 0, 0, 0, 0, 0, 0.50411, 0.52656, 0.50871, 
0.52982, 0.52576, 0.53492, 0.53151, 0.53924, 0.53773, 0.55498, 
0.55526, 0.49611, 0.52368, 0.51677, 0.52742, 0.53201, 0.54187, 
0.52803, 0.53549, 0.53951, 0.55792, 0.56763, 3.4366, 4.4712, 
4.9116, 6.2731, 7.5396, 8.7643, 10.6755, 11.796, 14.1127, 15.6531, 
16.0928, 988.5, 1087.2, 1183.8, 1283.4, 1382.9, 1476.6, 1573.8, 
1669.6, 1769.2, 1866.1, 1963.6, 1, 1, 1, 1, 1, 1, 1, 1, 1, 1, 
1, 1, 1, 1, 1, 1, 1, 1, 1, 1, 1, 1, 1, 1, 1, 1, 1, 1, 1, 1, 1, 
1, 1, 1, 1, 1, 1, 1, 1, 1, 1, 1, 1, 1, 39.799, 50.795, 55.742, 
70.136, 83.749, 96.723, 117.612, 129.837, 153.957, 170.327, 175.325
), .Dim = c(11L, 40L), .Dimnames = list(NULL, c("Sampling", "PSO.cost", 
"PSO.gamma", "PSO.data.balancing", "PSO.feature.selection", "PSO.valid.acc", 
"PSO.test.acc", "PSO.train.time", "PSO.n.support.vectors", "PSO.index", 
"PSO.n.solutions", "PSO.generations", "PSO.n.evaluations", "PSO.cpu.time", 
"RS.cost", "RS.gamma", "RS.data.balancing", "RS.feature.selection", 
"RS.valid.acc", "RS.test.acc", "RS.train.time", "RS.n.support.vectors", 
"RS.index", "RS.n.solutions", "RS.generations", "RS.n.evaluations", 
"RS.cpu.time", "DF.cost", "DF.gamma", "DF.data.balancing", "DF.feature.selection", 
"DF.valid.acc", "DF.test.acc", "DF.train.time", "DF.n.support.vectors", 
"DF.index", "DF.n.solutions", "DF.generations", "DF.n.evaluations", 
"DF.cpu.time")))
