full <-
structure(c(50, 55, 60, 65, 70, 75, 80, 85, 90, 95, 100, 3.68414, 
7.96494, 11.15498, 5.88329, 4.27379, 5.00699, 6.17116, 9.90867, 
2.25672, 2.07457, 2.57127, -8.94838, -14.00485, -15, -11.46943, 
-9.33694, -11.27501, -10.98418, -13.45783, -8.22969, -7.77898, 
-8.8251, 0, 0, 0, 0, 0, 0, 0, 0, 0, 0, 0, 0, 0, 0, 0, 0, 0, 0, 
0, 0, 0, 0, 0.52241, 0.53531, 0.53936, 0.5545, 0.56398, 0.55201, 
0.56251, 0.56228, 0.56577, 0.57971, 0.56604, 0.49839, 0.52803, 
0.5253, 0.54772, 0.55484, 0.54132, 0.56, 0.55665, 0.57111, 0.573, 
0.56243, 3.083, 3.6769, 4.7841, 5.1509, 6.5271, 7.0834, 9.2098, 
9.9014, 11.5284, 14.0568, 14.966, 918.4, 953.8, 979.7, 1125.8, 
1255.9, 1308.2, 1368.2, 1384, 1669.8, 1789.8, 1817.6, 747, 1380, 
1814, 1164, 1804, 634, 1897, 2109, 1194, 1656, 2221, 18, 11, 
1, 11, 22, 37, 33, 1, 50, 14, 2, 100, 100, 100, 100, 100, 100, 
100, 100, 100, 100, 100, 2500, 2500, 2500, 2500, 2500, 2500, 
2500, 2500, 2500, 2500, 2500, 94689.137, 110123.038, 145875.639, 
165993.71, 182130.971, 209623.878, 243657.333, 301938.26, 323898.436, 
394900.917, 431253.652, 7.22419, 8.80671, 2.14786, 6.48381, 4.84844, 
7.57646, 3.18603, 7.80067, 1.92996, 1.81849, 3.10488, -13.61886, 
-14.80138, -8.07554, -12.51794, -10.32963, -13.73992, -9.28075, 
-11.34004, -7.91079, -7.64623, -9.46596, 0, 0, 0, 0, 0, 0, 0, 
0, 0, 0, 0, 0, 0, 0, 0, 0, 0, 0, 0, 0, 0, 0, 0.51918, 0.53385, 
0.53937, 0.55204, 0.55943, 0.55201, 0.56, 0.55949, 0.56355, 0.5776, 
0.56445, 0.5104, 0.52949, 0.52663, 0.54773, 0.55884, 0.54399, 
0.55549, 0.55336, 0.56577, 0.57341, 0.56125, 3.2076, 3.4987, 
5.1189, 4.9079, 6.6517, 6.1976, 9.3424, 10.5775, 12.3303, 14.2763, 
14.5839, 884.5, 951.4, 1132.1, 1130.1, 1219.9, 1285.8, 1445.3, 
1451.7, 1690.2, 1799.3, 1788.1, 2377, 1827, 5, 729, 1223, 72, 
324, 879, 821, 1028, 2338, 1, 1, 1, 1, 1, 2, 1, 2, 1, 1, 1, 100, 
100, 100, 100, 100, 100, 100, 100, 100, 100, 100, 2500, 2500, 
2500, 2500, 2500, 2500, 2500, 2500, 2500, 2500, 2500, 107073.682, 
128730.184, 154544.535, 178020.777, 213800.349, 250434.352, 283137.79, 
332354.786, 375671.521, 426339.464, 477084.581999999, 1, 1, 1, 
1, 1, 1, 1, 1, 1, 1, 1, 0.01, 0.01, 0.01, 0.01, 0.01, 0.01, 0.01, 
0.01, 0.01, 0.01, 0.01, 0, 0, 0, 0, 0, 0, 0, 0, 0, 0, 0, 0, 0, 
0, 0, 0, 0, 0, 0, 0, 0, 0, 0.48645, 0.50981, 0.50397, 0.52991, 
0.548, 0.5317, 0.54349, 0.53691, 0.54088, 0.55992, 0.55563, 0.48803, 
0.51124, 0.50468, 0.53059, 0.54799, 0.53545, 0.53898, 0.53832, 
0.55066, 0.55952, 0.55204, 3.495, 4.5079, 5.1118, 6.2789, 7.4405, 
9.5289, 9.6746, 11.6114, 13.5294, 15.7979, 16.7946, 990.3, 1088.8, 
1187.5, 1284.3, 1380, 1478.5, 1574.7, 1673.3, 1772.7, 1869.6, 
1963.6, 1, 1, 1, 1, 1, 1, 1, 1, 1, 1, 1, 1, 1, 1, 1, 1, 1, 1, 
1, 1, 1, 1, 1, 1, 1, 1, 1, 1, 1, 1, 1, 1, 1, 1, 1, 1, 1, 1, 1, 
1, 1, 1, 1, 1, 40.51, 51.46, 57.895, 70.423, 82.651, 105.034, 
106.644, 127.995, 148.229, 172.209, 183.062), .Dim = c(11L, 40L
), .Dimnames = list(NULL, c("Sampling", "PSO.cost", "PSO.gamma", 
"PSO.data.balancing", "PSO.feature.selection", "PSO.valid.acc", 
"PSO.test.acc", "PSO.train.time", "PSO.n.support.vectors", "PSO.index", 
"PSO.n.solutions", "PSO.generations", "PSO.n.evaluations", "PSO.cpu.time", 
"RS.cost", "RS.gamma", "RS.data.balancing", "RS.feature.selection", 
"RS.valid.acc", "RS.test.acc", "RS.train.time", "RS.n.support.vectors", 
"RS.index", "RS.n.solutions", "RS.generations", "RS.n.evaluations", 
"RS.cpu.time", "DF.cost", "DF.gamma", "DF.data.balancing", "DF.feature.selection", 
"DF.valid.acc", "DF.test.acc", "DF.train.time", "DF.n.support.vectors", 
"DF.index", "DF.n.solutions", "DF.generations", "DF.n.evaluations", 
"DF.cpu.time")))
