full <-
structure(c(50, 55, 60, 65, 70, 75, 80, 85, 90, 95, 100, 9.66403, 
5.51438, 4.81904, 4.31717, 2.16514, 3.25893, 2.82605, 1.72224, 
1.07692, 1.31863, 5.50819, -14.9937, -11.21598, -11.50427, -9.92501, 
-7.34346, -9.42019, -8.50421, -7.51968, -7.55698, -7.81166, -10.43761, 
0, 0, 0, 0, 0, 0, 0, 0, 0, 0, 0, 0, 0, 0, 0, 0, 0, 0, 0, 0, 0, 
0, 0.53045, 0.53451, 0.54, 0.55139, 0.56173, 0.55366, 0.56255, 
0.56276, 0.5751, 0.56205, 0.5745, 0.51767, 0.53089, 0.52996, 
0.54524, 0.55718, 0.54402, 0.56149, 0.54488, 0.55998, 0.55743, 
0.56326, 2.8637, 3.7256, 4.6185, 5.1435, 7.3615, 7.2311, 9.1405, 
11.8996, 12.8834, 15.4924, 16.6444, 843.8, 957.3, 1066.1, 1149.1, 
1365.1, 1347.1, 1473.9, 1625.7, 1718, 1788.2, 1737.8, 1072, 1342, 
1563, 500, 1366, 621, 2469, 1815, 1738, 2192, 321, 61, 23, 7, 
98, 54, 166, 75, 3, 5, 3, 19, 100, 100, 100, 100, 100, 100, 100, 
100, 100, 100, 100, 2500, 2500, 2500, 2500, 2500, 2500, 2500, 
2500, 2500, 2500, 2500, 94886.872, 112924.728, 138748.086, 150892.768, 
204147.914, 209578.495, 253147.543, 328906.972, 356016.029, 426992.36, 
466460.852, 8.82374, 3.49539, 4.34933, 4.17882, 2.08558, 3.40023, 
2.61249, 2.02095, 3.42194, 2.32195, 5.59202, -14.16625, -9.3692, 
-11.08521, -9.78226, -7.40066, -9.54211, -9.25139, -7.80088, 
-9.14828, -8.62594, -10.54847, 0, 0, 0, 0, 0, 0, 0, 0, 0, 0, 
0, 0, 0, 0, 0, 0, 0, 0, 0, 0, 0, 0, 0.52965, 0.5316, 0.53732, 
0.54832, 0.55831, 0.55259, 0.55952, 0.55947, 0.57199, 0.55911, 
0.57369, 0.51687, 0.52725, 0.52997, 0.54647, 0.55776, 0.54348, 
0.5535, 0.54866, 0.5591, 0.55532, 0.56286, 3.0381, 3.9879, 4.7794, 
5.5778, 6.9734, 7.5715, 8.247, 9.9265, 12.1872, 15.3745, 16.2385, 
844.9, 993.3, 1073.2, 1153.5, 1361.1, 1343, 1453.3, 1607.5, 1623.4, 
1745.9, 1732.7, 1910, 1234, 389, 588, 1919, 2055, 1801, 529, 
475, 2358, 1158, 1, 1, 1, 1, 1, 1, 1, 1, 1, 2, 1, 100, 100, 100, 
100, 100, 100, 100, 100, 100, 100, 100, 2500, 2500, 2500, 2500, 
2500, 2500, 2500, 2500, 2500, 2500, 2500, 106496.035, 132377.713, 
158680.703, 172228.772, 207920.118, 245195.665, 291991.596, 316426.69, 
402938.425, 487953.51, 525110.430000001, 1, 1, 1, 1, 1, 1, 1, 
1, 1, 1, 1, 0.01, 0.01, 0.01, 0.01, 0.01, 0.01, 0.01, 0.01, 0.01, 
0.01, 0.01, 0, 0, 0, 0, 0, 0, 0, 0, 0, 0, 0, 0, 0, 0, 0, 0, 0, 
0, 0, 0, 0, 0, 0.50006, 0.50036, 0.51396, 0.51813, 0.54117, 0.53498, 
0.54451, 0.5411, 0.56221, 0.54649, 0.55405, 0.50411, 0.51276, 
0.51201, 0.5206, 0.54465, 0.52639, 0.536, 0.53127, 0.55332, 0.54396, 
0.55048, 3.6446, 4.5158, 4.9644, 6.3481, 7.3472, 8.6916, 10.122, 
10.7021, 14.5187, 17.0576, 19.0468, 990.2, 1090.4, 1189.4, 1287.5, 
1384.7, 1480.3, 1577.4, 1676.2, 1770, 1866.2, 1965.6, 1, 1, 1, 
1, 1, 1, 1, 1, 1, 1, 1, 1, 1, 1, 1, 1, 1, 1, 1, 1, 1, 1, 1, 1, 
1, 1, 1, 1, 1, 1, 1, 1, 1, 1, 1, 1, 1, 1, 1, 1, 1, 1, 1, 1, 41.992, 
51.399, 56.434, 71.454, 81.674, 96.093, 112.032, 117.851, 158.808, 
185.825, 208.001), .Dim = c(11L, 40L), .Dimnames = list(NULL, 
    c("Sampling", "PSO.cost", "PSO.gamma", "PSO.data.balancing", 
    "PSO.feature.selection", "PSO.valid.acc", "PSO.test.acc", 
    "PSO.train.time", "PSO.n.support.vectors", "PSO.index", "PSO.n.solutions", 
    "PSO.generations", "PSO.n.evaluations", "PSO.cpu.time", "RS.cost", 
    "RS.gamma", "RS.data.balancing", "RS.feature.selection", 
    "RS.valid.acc", "RS.test.acc", "RS.train.time", "RS.n.support.vectors", 
    "RS.index", "RS.n.solutions", "RS.generations", "RS.n.evaluations", 
    "RS.cpu.time", "DF.cost", "DF.gamma", "DF.data.balancing", 
    "DF.feature.selection", "DF.valid.acc", "DF.test.acc", "DF.train.time", 
    "DF.n.support.vectors", "DF.index", "DF.n.solutions", "DF.generations", 
    "DF.n.evaluations", "DF.cpu.time")))
