full <-
structure(c(50, 55, 60, 65, 70, 75, 80, 85, 90, 95, 100, 1.82453, 
3.41201, 4.97962, 4.01434, 2.07754, 8.04114, 8.0219, 5.49924, 
2.73361, 5.98831, 9.06834, -7.28829, -9.88887, -11.11841, -9.87077, 
-8.49105, -13.5141, -14.54225, -10.45104, -8.82524, -10.75713, 
-12.38036, 0, 0, 0, 0, 0, 0, 0, 0, 0, 0, 0, 0, 0, 0, 0, 0, 0, 
0, 0, 0, 0, 0, 0.54246, 0.54475, 0.54065, 0.55954, 0.56569, 0.55893, 
0.56949, 0.57548, 0.58311, 0.57976, 0.58437, 0.51923, 0.51926, 
0.54128, 0.54471, 0.55539, 0.54879, 0.56452, 0.56325, 0.56356, 
0.57263, 0.56519, 3.6057, 3.9155, 4.6791, 5.4044, 6.7905, 6.9608, 
8.855, 10.5116, 11.6814, 13.4304, 14.7745, 977.1, 993.1, 1052.2, 
1162.3, 1304.5, 1264.2, 1385.1, 1479.5, 1639.8, 1638.2, 1678.6, 
656, 1094, 2009, 1373, 1453, 442, 1877, 1255, 1727, 707, 2330, 
104, 93, 54, 4, 175, 22, 4, 38, 56, 225, 1, 100, 100, 100, 100, 
100, 100, 100, 100, 100, 100, 100, 2500, 2500, 2500, 2500, 2500, 
2500, 2500, 2500, 2500, 2500, 2500, 101448.2, 116665.874, 138599.428, 
158235.928, 189677.651, 211494.843, 251185.075, 309050.479, 332791.447, 
380102.505, 432303.632999999, 2.02064, 3.16662, 1.36507, 4.14806, 
1.82822, 7.28987, 7.81408, 5.71746, 3.04055, 6.1814, 2.85333, 
-7.49481, -9.58258, -7.10005, -10.00834, -8.25143, -12.54124, 
-14.28958, -10.56567, -8.91916, -10.89346, -9.05071, 0, 0, 0, 
0, 0, 0, 0, 0, 0, 0, 0, 0, 0, 0, 0, 0, 0, 0, 0, 0, 0, 0, 0.54167, 
0.5433, 0.54001, 0.55645, 0.56342, 0.55681, 0.56949, 0.57313, 
0.58223, 0.57724, 0.58197, 0.51601, 0.52364, 0.53599, 0.54471, 
0.55312, 0.54933, 0.56702, 0.56183, 0.56222, 0.57347, 0.57, 3.6117, 
4.1021, 5.4944, 5.4641, 6.0988, 7.6305, 9.0049, 11.0243, 12.7008, 
13.9295, 14.3533, 970.8, 998, 1173.8, 1158.3, 1314.8, 1266.1, 
1382.9, 1475.8, 1632.8, 1632.9, 1805.6, 870, 902, 140, 306, 809, 
2492, 1447, 551, 842, 1066, 1351, 1, 1, 1, 1, 1, 1, 1, 2, 1, 
1, 1, 100, 100, 100, 100, 100, 100, 100, 100, 100, 100, 100, 
2500, 2500, 2500, 2500, 2500, 2500, 2500, 2500, 2500, 2500, 2500, 
106181.534, 131933.372, 155370.545, 180902.122, 211477.948, 253589.438, 
304473.971, 346705.39, 394995.315, 441751.255, 463827.402, 1, 
1, 1, 1, 1, 1, 1, 1, 1, 1, 1, 0.01, 0.01, 0.01, 0.01, 0.01, 0.01, 
0.01, 0.01, 0.01, 0.01, 0.01, 0, 0, 0, 0, 0, 0, 0, 0, 0, 0, 0, 
0, 0, 0, 0, 0, 0, 0, 0, 0, 0, 0, 0.51118, 0.5244, 0.53136, 0.5343, 
0.54228, 0.53442, 0.5575, 0.55853, 0.55377, 0.55998, 0.57398, 
0.50084, 0.53168, 0.52594, 0.53426, 0.54172, 0.53442, 0.55602, 
0.5562, 0.55826, 0.54694, 0.5532, 3.6481, 4.5152, 5.2306, 6.3393, 
7.3372, 9.015, 10.8589, 12.4972, 14.6437, 16.244, 15.9357, 991, 
1089.2, 1188.1, 1286.2, 1380.8, 1481, 1578.9, 1676, 1771.6, 1868.3, 
1965.8, 1, 1, 1, 1, 1, 1, 1, 1, 1, 1, 1, 1, 1, 1, 1, 1, 1, 1, 
1, 1, 1, 1, 1, 1, 1, 1, 1, 1, 1, 1, 1, 1, 1, 1, 1, 1, 1, 1, 1, 
1, 1, 1, 1, 1, 42.089, 51.231, 59.142, 71.085, 81.678, 99.536, 
119.12, 136.854, 159.769, 176.652, 173.861), .Dim = c(11L, 40L
), .Dimnames = list(NULL, c("Sampling", "PSO.cost", "PSO.gamma", 
"PSO.data.balancing", "PSO.feature.selection", "PSO.valid.acc", 
"PSO.test.acc", "PSO.train.time", "PSO.n.support.vectors", "PSO.index", 
"PSO.n.solutions", "PSO.generations", "PSO.n.evaluations", "PSO.cpu.time", 
"RS.cost", "RS.gamma", "RS.data.balancing", "RS.feature.selection", 
"RS.valid.acc", "RS.test.acc", "RS.train.time", "RS.n.support.vectors", 
"RS.index", "RS.n.solutions", "RS.generations", "RS.n.evaluations", 
"RS.cpu.time", "DF.cost", "DF.gamma", "DF.data.balancing", "DF.feature.selection", 
"DF.valid.acc", "DF.test.acc", "DF.train.time", "DF.n.support.vectors", 
"DF.index", "DF.n.solutions", "DF.generations", "DF.n.evaluations", 
"DF.cpu.time")))
