full <-
structure(c(50, 55, 60, 65, 70, 75, 80, 85, 90, 95, 100, 9.60084, 
3.60408, 6.18238, 7.22796, 1.93626, 9.14704, 2.82631, 1.83345, 
2.52414, 11.19374, 4.11589, -15, -8.50069, -11.31742, -12.31341, 
-8.8131, -14.34128, -8.46472, -8.65084, -8.47861, -15, -9.4497, 
0, 0, 0, 0, 0, 0, 0, 0, 0, 0, 0, 0, 0, 0, 0, 0, 0, 0, 0, 0, 0, 
0, 0.55445, 0.56871, 0.56803, 0.56987, 0.58118, 0.57071, 0.567, 
0.56847, 0.5658, 0.57475, 0.57515, 0.54074, 0.5469, 0.56068, 
0.56493, 0.56455, 0.56745, 0.559, 0.55767, 0.55873, 0.55577, 
0.56477, 3.0118, 4.1513, 4.1515, 5.1768, 6.8123, 6.9065, 8.9001, 
10.7007, 12.0773, 14.9032, 14.9522, 832.3, 1017.9, 1012, 1081.1, 
1292.5, 1240.3, 1468.4, 1570.8, 1658.5, 1542.2, 1785, 2066, 1639, 
720, 689, 2463, 2380, 2306, 2324, 1291, 354, 1329, 3, 23, 63, 
34, 1, 1, 1, 1, 26, 560, 46, 100, 100, 100, 100, 100, 100, 100, 
100, 100, 100, 100, 2500, 2500, 2500, 2500, 2500, 2500, 2500, 
2500, 2500, 2500, 2500, 95814.305, 116594.031, 131817.292, 156351.173, 
193878.261, 200206.757, 263150.488, 305998.41, 340334.275, 438116.375, 
413837.578, 6.67302, 3.37001, 5.94413, 6.97071, 1.85525, 9.14923, 
2.71257, 1.99516, 2.49696, 10.9615, 4.52463, -11.44653, -8.44036, 
-11.15382, -12.15627, -8.50905, -14.22585, -8.53375, -8.92721, 
-8.45345, -14.96949, -9.72633, 0, 0, 0, 0, 0, 0, 0, 0, 0, 0, 
0, 0, 0, 0, 0, 0, 0, 0, 0, 0, 0, 0, 0.55125, 0.56507, 0.56537, 
0.56802, 0.57658, 0.56964, 0.5625, 0.56706, 0.5658, 0.5718, 0.57314, 
0.5408, 0.54978, 0.56067, 0.5637, 0.56685, 0.56747, 0.5595, 0.56002, 
0.55917, 0.55746, 0.56478, 3.0135, 3.8876, 4.7393, 5.165, 6.3651, 
6.8281, 8.878, 9.7183, 13.0741, 14.9942, 14.9892, 838.6, 1018.1, 
1016.9, 1084, 1300.3, 1236.9, 1464.1, 1562.1, 1660.2, 1543.4, 
1770.5, 1936, 1151, 1948, 2361, 2338, 414, 162, 1756, 349, 1252, 
1289, 1, 1, 1, 3, 1, 2, 2, 2, 1, 1, 1, 100, 100, 100, 100, 100, 
100, 100, 100, 100, 100, 100, 2500, 2500, 2500, 2500, 2500, 2500, 
2500, 2500, 2500, 2500, 2500, 108841.703, 124205.004, 160212.892, 
181516.424, 216571.779, 245786.668, 289711.542, 340286.353, 421258.489, 
496856.647, 468559.13, 1, 1, 1, 1, 1, 1, 1, 1, 1, 1, 1, 0.01, 
0.01, 0.01, 0.01, 0.01, 0.01, 0.01, 0.01, 0.01, 0.01, 0.01, 0, 
0, 0, 0, 0, 0, 0, 0, 0, 0, 0, 0, 0, 0, 0, 0, 0, 0, 0, 0, 0, 0, 
0.53763, 0.5338, 0.54396, 0.54529, 0.55489, 0.55734, 0.5425, 
0.54919, 0.5507, 0.55873, 0.56237, 0.52165, 0.51993, 0.53667, 
0.52801, 0.53773, 0.55041, 0.5445, 0.54355, 0.55472, 0.55494, 
0.55199, 3.5792, 4.3064, 5.4224, 6.281, 7.5344, 8.9405, 10.3264, 
11.0935, 15.2045, 18.0133, 16.4443, 992, 1089.1, 1188.8, 1284.2, 
1383.6, 1479.9, 1578.5, 1676.6, 1770.1, 1866.2, 1964, 1, 1, 1, 
1, 1, 1, 1, 1, 1, 1, 1, 1, 1, 1, 1, 1, 1, 1, 1, 1, 1, 1, 1, 1, 
1, 1, 1, 1, 1, 1, 1, 1, 1, 1, 1, 1, 1, 1, 1, 1, 1, 1, 1, 1, 42.441, 
49.28, 61.123, 71.446, 84.83, 98.666, 113.766, 122.87, 166.381, 
196.258, 179.109), .Dim = c(11L, 40L), .Dimnames = list(NULL, 
    c("Sampling", "PSO.cost", "PSO.gamma", "PSO.data.balancing", 
    "PSO.feature.selection", "PSO.valid.acc", "PSO.test.acc", 
    "PSO.train.time", "PSO.n.support.vectors", "PSO.index", "PSO.n.solutions", 
    "PSO.generations", "PSO.n.evaluations", "PSO.cpu.time", "RS.cost", 
    "RS.gamma", "RS.data.balancing", "RS.feature.selection", 
    "RS.valid.acc", "RS.test.acc", "RS.train.time", "RS.n.support.vectors", 
    "RS.index", "RS.n.solutions", "RS.generations", "RS.n.evaluations", 
    "RS.cpu.time", "DF.cost", "DF.gamma", "DF.data.balancing", 
    "DF.feature.selection", "DF.valid.acc", "DF.test.acc", "DF.train.time", 
    "DF.n.support.vectors", "DF.index", "DF.n.solutions", "DF.generations", 
    "DF.n.evaluations", "DF.cpu.time")))
