full <-
structure(c(50, 55, 60, 65, 70, 75, 80, 85, 90, 95, 100, 2.46769, 
0.54426, 6.68333, 10.44867, 4.93597, 2.05717, 7.55228, 2.37663, 
5.21058, 7.46048, 3.16256, -7.53432, -6.01078, -12.13601, -14.98895, 
-9.84615, -7.65521, -13.10371, -7.75396, -12.75507, -13.12015, 
-8.93789, 0, 0, 0, 0, 0, 0, 0, 0, 0, 0, 0, 0, 0, 0, 0, 0, 0, 
0, 0, 0, 0, 0, 0.55924, 0.56294, 0.56528, 0.54773, 0.56287, 0.56113, 
0.57049, 0.56567, 0.56931, 0.57436, 0.57398, 0.55366, 0.54837, 
0.55394, 0.54835, 0.54855, 0.56222, 0.55549, 0.55434, 0.55909, 
0.5579, 0.56036, 3.5957, 4.3493, 3.8411, 5.6102, 5.9371, 8.3458, 
9.0949, 11.2956, 12.8513, 15.3576, 14.4665, 966.6, 1099.1, 1003.7, 
1054.4, 1227.4, 1429.1, 1343.3, 1617.5, 1612, 1602, 1811.7, 2191, 
1425, 2008, 1125, 1523, 2246, 1130, 1236, 2473, 1354, 2265, 15, 
36, 14, 10, 7, 2, 64, 55, 1, 14, 2, 100, 100, 100, 100, 100, 
100, 100, 100, 100, 100, 100, 2500, 2500, 2500, 2500, 2500, 2500, 
2500, 2500, 2500, 2500, 2500, 105300.365, 118306.075, 124687.442, 
171624.16, 175711.014, 230301.131, 251518.551, 318610.729, 343973.223, 
427653.035, 417543.442, 3.4139, 0.53364, 3.70809, 1.48037, 7.09538, 
1.02414, 8.77865, 2.82155, 5.83876, 8.09395, 4.8623, -8.02907, 
-5.979, -9.55387, -7.0958, -11.27643, -6.94567, -14.40798, -8.12791, 
-13.41169, -13.53765, -9.58297, 0, 0, 0, 0, 0, 0, 0, 0, 0, 0, 
0, 0, 0, 0, 0, 0, 0, 0, 0, 0, 0, 0, 0.55602, 0.56221, 0.56525, 
0.54589, 0.55884, 0.55846, 0.5685, 0.56003, 0.56754, 0.57267, 
0.57279, 0.55525, 0.54547, 0.54724, 0.53181, 0.54798, 0.56113, 
0.5565, 0.55341, 0.55776, 0.55958, 0.57036, 3.5483, 4.5275, 3.9639, 
6.5544, 6.2134, 8.801, 8.9719, 11.5884, 12.8311, 14.0602, 14.9729, 
954.1, 1099.1, 1061.5, 1266.4, 1176.1, 1462.8, 1340.1, 1595.3, 
1610.7, 1590, 1785.8, 1048, 2257, 2172, 1, 812, 401, 1857, 418, 
1457, 1375, 310, 1, 1, 1, 2, 1, 1, 1, 1, 2, 1, 1, 100, 100, 100, 
100, 100, 100, 100, 100, 100, 100, 100, 2500, 2500, 2500, 2500, 
2500, 2500, 2500, 2500, 2500, 2500, 2500, 108236.98, 127928.569, 
153348.724, 186824.592, 200258.826, 260138.277, 305209.801, 350988.72, 
425833.612, 474622.603, 491275.089, 1, 1, 1, 1, 1, 1, 1, 1, 1, 
1, 1, 0.01, 0.01, 0.01, 0.01, 0.01, 0.01, 0.01, 0.01, 0.01, 0.01, 
0.01, 0, 0, 0, 0, 0, 0, 0, 0, 0, 0, 0, 0, 0, 0, 0, 0, 0, 0, 0, 
0, 0, 0, 0.532, 0.54911, 0.55062, 0.53056, 0.5349, 0.54938, 0.55446, 
0.5501, 0.56132, 0.54992, 0.56238, 0.54167, 0.54327, 0.54195, 
0.52322, 0.54277, 0.55261, 0.55345, 0.54681, 0.55598, 0.5461, 
0.56199, 3.654, 4.416, 5.1541, 6.1766, 6.9806, 9.1, 10.5776, 
12.7148, 15.616, 15.2484, 16.9006, 989.4, 1083.7, 1179.9, 1281.3, 
1381.3, 1476.2, 1578.1, 1677.1, 1774.3, 1868, 1966.6, 1, 1, 1, 
1, 1, 1, 1, 1, 1, 1, 1, 1, 1, 1, 1, 1, 1, 1, 1, 1, 1, 1, 1, 1, 
1, 1, 1, 1, 1, 1, 1, 1, 1, 1, 1, 1, 1, 1, 1, 1, 1, 1, 1, 1, 42.989, 
50.405, 58.25, 69.178, 77.6, 100.532, 117.037, 139.517, 170.871, 
165.654, 184.398), .Dim = c(11L, 40L), .Dimnames = list(NULL, 
    c("Sampling", "PSO.cost", "PSO.gamma", "PSO.data.balancing", 
    "PSO.feature.selection", "PSO.valid.acc", "PSO.test.acc", 
    "PSO.train.time", "PSO.n.support.vectors", "PSO.index", "PSO.n.solutions", 
    "PSO.generations", "PSO.n.evaluations", "PSO.cpu.time", "RS.cost", 
    "RS.gamma", "RS.data.balancing", "RS.feature.selection", 
    "RS.valid.acc", "RS.test.acc", "RS.train.time", "RS.n.support.vectors", 
    "RS.index", "RS.n.solutions", "RS.generations", "RS.n.evaluations", 
    "RS.cpu.time", "DF.cost", "DF.gamma", "DF.data.balancing", 
    "DF.feature.selection", "DF.valid.acc", "DF.test.acc", "DF.train.time", 
    "DF.n.support.vectors", "DF.index", "DF.n.solutions", "DF.generations", 
    "DF.n.evaluations", "DF.cpu.time")))
