full <-
structure(c(50, 55, 60, 65, 70, 75, 80, 85, 90, 95, 100, 8.86636, 
3.20344, 2.52922, 6.75919, 2.69133, 4.71378, 7.50946, 3.54892, 
8.15521, 9.62033, 10.44611, -14.79107, -8.70141, -8.20246, -12.14089, 
-8.35171, -11.555, -14.9402, -9.25835, -14.55592, -14.9575, -12.96649, 
0, 0, 0, 0, 0, 0, 0, 0, 0, 0, 0, 0, 0, 0, 0, 0, 0, 0, 0, 0, 0, 
0, 0.5672, 0.5658, 0.55801, 0.56309, 0.55372, 0.56376, 0.57102, 
0.57323, 0.56626, 0.5701, 0.57601, 0.55528, 0.55562, 0.55131, 
0.55017, 0.54229, 0.5547, 0.55902, 0.56287, 0.56536, 0.55495, 
0.5608, 2.5915, 3.8568, 4.9461, 4.6695, 6.6898, 7.1243, 8.1913, 
11.6578, 11.059, 14.6327, 18.8822, 848, 1001, 1123.9, 1102.4, 
1305.4, 1323.4, 1431.1, 1522.2, 1531.8, 1577.4, 1671, 569, 2085, 
1192, 2208, 1868, 1192, 741, 1373, 1501, 2103, 875, 81, 1, 52, 
2, 23, 23, 28, 3, 3, 1, 9, 100, 100, 100, 100, 100, 100, 100, 
100, 100, 100, 100, 2500, 2500, 2500, 2500, 2500, 2500, 2500, 
2500, 2500, 2500, 2500, 81433.745, 115801.703, 139302.473, 144615.513, 
194826.883, 198274.762, 239104.173, 330819.291, 310201.936, 407924.017, 
540246.555000001, 7.47541, 5.49845, 2.30106, 6.96722, 2.93667, 
1.4396, 7.01127, 4.25221, 8.4849, 9.11806, 11.39077, -13.27647, 
-11.4224, -8.03899, -12.26155, -8.64275, -7.8336, -14.3274, -10.49644, 
-14.92832, -14.45024, -13.52264, 0, 0, 0, 0, 0, 0, 0, 0, 0, 0, 
0, 0, 0, 0, 0, 0, 0, 0, 0, 0, 0, 0, 0.56481, 0.56216, 0.55535, 
0.56063, 0.54914, 0.56373, 0.57051, 0.57274, 0.56581, 0.56883, 
0.57441, 0.55608, 0.56582, 0.55198, 0.55201, 0.54114, 0.56427, 
0.55552, 0.56711, 0.56536, 0.55284, 0.56119, 2.7914, 3.6346, 
4.8832, 5.3037, 6.4814, 8.2795, 8.7126, 11.1505, 10.8244, 15.0359, 
18.038, 847.5, 944, 1130.6, 1100.1, 1292.2, 1425, 1425.9, 1488.7, 
1533.3, 1579.5, 1660.7, 308, 84, 2208, 1546, 1215, 2270, 380, 
1403, 950, 80, 996, 1, 1, 1, 1, 2, 1, 3, 1, 2, 1, 1, 100, 100, 
100, 100, 100, 100, 100, 100, 100, 100, 100, 2500, 2500, 2500, 
2500, 2500, 2500, 2500, 2500, 2500, 2500, 2500, 100613.681, 129154.345, 
146291.787, 180747.083, 201877.328, 255897.273, 303038.988, 368891.497, 
369086.339, 566702.848999999, 491823.316000001, 1, 1, 1, 1, 1, 
1, 1, 1, 1, 1, 1, 0.01, 0.01, 0.01, 0.01, 0.01, 0.01, 0.01, 0.01, 
0.01, 0.01, 0.01, 0, 0, 0, 0, 0, 0, 0, 0, 0, 0, 0, 0, 0, 0, 0, 
0, 0, 0, 0, 0, 0, 0, 0.53679, 0.5381, 0.53865, 0.53351, 0.52345, 
0.54933, 0.55148, 0.55153, 0.54846, 0.54526, 0.55, 0.55041, 0.52797, 
0.53466, 0.53845, 0.52629, 0.55149, 0.546, 0.55578, 0.54979, 
0.54778, 0.5496, 3.3402, 4.4681, 5.1919, 6.0182, 7.2456, 8.7806, 
11.048, 12.9395, 12.8277, 20.7249, 15.7983, 991.2, 1088.6, 1188.5, 
1286.9, 1387.4, 1483, 1579.7, 1674.2, 1771.8, 1870, 1961.4, 1, 
1, 1, 1, 1, 1, 1, 1, 1, 1, 1, 1, 1, 1, 1, 1, 1, 1, 1, 1, 1, 1, 
1, 1, 1, 1, 1, 1, 1, 1, 1, 1, 1, 1, 1, 1, 1, 1, 1, 1, 1, 1, 1, 
1, 38.988, 51.175, 58.797, 68.847, 80.499, 97.775, 122.271, 142.117, 
140.152, 224.955, 172.15), .Dim = c(11L, 40L), .Dimnames = list(
    NULL, c("Sampling", "PSO.cost", "PSO.gamma", "PSO.data.balancing", 
    "PSO.feature.selection", "PSO.valid.acc", "PSO.test.acc", 
    "PSO.train.time", "PSO.n.support.vectors", "PSO.index", "PSO.n.solutions", 
    "PSO.generations", "PSO.n.evaluations", "PSO.cpu.time", "RS.cost", 
    "RS.gamma", "RS.data.balancing", "RS.feature.selection", 
    "RS.valid.acc", "RS.test.acc", "RS.train.time", "RS.n.support.vectors", 
    "RS.index", "RS.n.solutions", "RS.generations", "RS.n.evaluations", 
    "RS.cpu.time", "DF.cost", "DF.gamma", "DF.data.balancing", 
    "DF.feature.selection", "DF.valid.acc", "DF.test.acc", "DF.train.time", 
    "DF.n.support.vectors", "DF.index", "DF.n.solutions", "DF.generations", 
    "DF.n.evaluations", "DF.cpu.time")))
