full <-
structure(c(50, 55, 60, 65, 70, 75, 80, 85, 90, 95, 100, 6.54145, 
6.34841, 5.78521, 5.2859, 6.86005, 8.18801, 2.23602, 4.79497, 
4.88067, 2.58227, 12.36605, -12.50308, -12.43449, -10.2274, -11.96062, 
-13.07487, -13.13331, -8.47526, -10.52872, -10.11126, -9.1318, 
-14.72305, 0, 0, 0, 0, 0, 0, 0, 0, 0, 0, 0, 0, 0, 0, 0, 0, 0, 
0, 0, 0, 0, 0, 0.54728, 0.55492, 0.55209, 0.56433, 0.55714, 0.58076, 
0.56952, 0.58253, 0.58131, 0.57727, 0.57757, 0.5449, 0.53453, 
0.54738, 0.55447, 0.54517, 0.56366, 0.55599, 0.57692, 0.55333, 
0.56549, 0.56677, 3.0113, 3.6976, 4.9023, 5.4925, 6.0646, 7.4357, 
8.9249, 10.1768, 11.8518, 13.9392, 16.6145, 859.3, 953.2, 1051.2, 
1136.6, 1202.3, 1239.9, 1477.7, 1476.7, 1570.9, 1720, 1626.9, 
307, 1681, 2190, 879, 1641, 1333, 839, 1518, 1718, 299, 1897, 
24, 1, 1, 58, 1, 5, 37, 35, 25, 37, 1, 100, 100, 100, 100, 100, 
100, 100, 100, 100, 100, 100, 2500, 2500, 2500, 2500, 2500, 2500, 
2500, 2500, 2500, 2500, 2500, 90349.509, 110386.841, 140169.863, 
159370.979, 174407.393, 211732.44, 265725.362, 284548.155, 321231.721, 
396888.525, 456454.407000001, 6.70507, 6.85447, 2.96402, 5.47904, 
8.38033, 8.36043, 10.36052, 4.64359, 5.18487, 7.33825, 11.61235, 
-12.62227, -12.89783, -9.12171, -12.3299, -14.58934, -13.32955, 
-14.69763, -10.50756, -10.2485, -13.39983, -14.33164, 0, 0, 0, 
0, 0, 0, 0, 0, 0, 0, 0, 0, 0, 0, 0, 0, 0, 0, 0, 0, 0, 0, 0.5457, 
0.55273, 0.55073, 0.56187, 0.55486, 0.57968, 0.56804, 0.58066, 
0.5782, 0.57431, 0.57557, 0.54328, 0.5367, 0.55537, 0.55143, 
0.54289, 0.56206, 0.54699, 0.57692, 0.55199, 0.56551, 0.56598, 
2.9836, 3.6946, 4.9282, 5.2663, 5.9243, 7.5163, 7.3281, 9.7957, 
12.2938, 13.3172, 16.3179, 856.6, 949.9, 1091.4, 1144.3, 1199, 
1238, 1299.2, 1479.8, 1564.6, 1611.8, 1632.2, 1931, 2159, 316, 
731, 428, 2061, 677, 1924, 2211, 389, 2162, 1, 1, 1, 1, 2, 1, 
1, 1, 1, 2, 1, 100, 100, 100, 100, 100, 100, 100, 100, 100, 100, 
100, 2500, 2500, 2500, 2500, 2500, 2500, 2500, 2500, 2500, 2500, 
2500, 103923.799, 128625.614, 154048.464, 181674.22, 209576.158, 
264836.834, 272953.261, 321175.086, 387840.544, 437809.345999999, 
475966.517, 1, 1, 1, 1, 1, 1, 1, 1, 1, 1, 1, 0.01, 0.01, 0.01, 
0.01, 0.01, 0.01, 0.01, 0.01, 0.01, 0.01, 0.01, 0, 0, 0, 0, 0, 
0, 0, 0, 0, 0, 0, 0, 0, 0, 0, 0, 0, 0, 0, 0, 0, 0, 0.51683, 0.528, 
0.52012, 0.53102, 0.53832, 0.55893, 0.5365, 0.55579, 0.55731, 
0.55624, 0.55517, 0.51919, 0.52074, 0.53341, 0.52857, 0.52232, 
0.5616, 0.53396, 0.54448, 0.55202, 0.56002, 0.55599, 3.5629, 
4.4161, 5.3795, 6.1988, 7.6736, 9.1669, 10.6051, 10.9969, 14.1252, 
16.1706, 16.4218, 991, 1085, 1187.6, 1281.2, 1381.4, 1479.1, 
1576.6, 1671.9, 1771.1, 1865, 1961.5, 1, 1, 1, 1, 1, 1, 1, 1, 
1, 1, 1, 1, 1, 1, 1, 1, 1, 1, 1, 1, 1, 1, 1, 1, 1, 1, 1, 1, 1, 
1, 1, 1, 1, 1, 1, 1, 1, 1, 1, 1, 1, 1, 1, 1, 41.024, 50.333, 
60.659, 69.347, 85.38, 101.07, 116.952, 121.221, 153.934, 175.757, 
178.749), .Dim = c(11L, 40L), .Dimnames = list(NULL, c("Sampling", 
"PSO.cost", "PSO.gamma", "PSO.data.balancing", "PSO.feature.selection", 
"PSO.valid.acc", "PSO.test.acc", "PSO.train.time", "PSO.n.support.vectors", 
"PSO.index", "PSO.n.solutions", "PSO.generations", "PSO.n.evaluations", 
"PSO.cpu.time", "RS.cost", "RS.gamma", "RS.data.balancing", "RS.feature.selection", 
"RS.valid.acc", "RS.test.acc", "RS.train.time", "RS.n.support.vectors", 
"RS.index", "RS.n.solutions", "RS.generations", "RS.n.evaluations", 
"RS.cpu.time", "DF.cost", "DF.gamma", "DF.data.balancing", "DF.feature.selection", 
"DF.valid.acc", "DF.test.acc", "DF.train.time", "DF.n.support.vectors", 
"DF.index", "DF.n.solutions", "DF.generations", "DF.n.evaluations", 
"DF.cpu.time")))
