full <-
structure(c(50, 55, 60, 65, 70, 75, 80, 85, 90, 95, 100, 6.04415, 
5.20692, 6.18704, 6.60627, 5.02559, 8.14994, 11.28002, 10.51306, 
3.48603, 4.73034, 4.74997, -11.09982, -10.39752, -11.58567, -12.93111, 
-10.97901, -12.55129, -14.84303, -15, -9.59192, -9.7608, -9.39859, 
0, 0, 0, 0, 0, 0, 0, 0, 0, 0, 0, 0, 0, 0, 0, 0, 0, 0, 0, 0, 0, 
0, 0.54956, 0.54554, 0.55541, 0.56674, 0.55999, 0.56698, 0.56197, 
0.5666, 0.56001, 0.57009, 0.56836, 0.53914, 0.52947, 0.53484, 
0.56122, 0.552, 0.55578, 0.54899, 0.54546, 0.5458, 0.56461, 0.56876, 
3.1124, 3.7725, 4.5486, 5.0454, 6.3922, 7.5659, 9.1885, 9.1364, 
11.285, 13.6216, 15.443, 862.9, 960.3, 1027.6, 1124.7, 1220.6, 
1236.7, 1299.2, 1398.8, 1611.8, 1690.6, 1799.9, 864, 610, 1066, 
1576, 1528, 1700, 1246, 516, 2013, 1877, 1329, 162, 124, 39, 
10, 12, 6, 2, 32, 11, 6, 33, 100, 100, 100, 100, 100, 100, 100, 
100, 100, 100, 100, 2500, 2500, 2500, 2500, 2500, 2500, 2500, 
2500, 2500, 2500, 2500, 92030.351, 111970.41, 132141.889, 153440.405, 
180961.055, 221142.281, 247578.712, 281173.814, 311774.818, 399422.581, 
424122.538000001, 5.9175, 4.82473, 6.12097, 3.14679, 4.92547, 
7.73944, 10.52046, 9.68412, 3.44643, 4.92967, 2.0636, -10.95634, 
-10.16835, -11.56457, -9.91268, -10.83313, -12.37848, -14.39215, 
-14.43386, -8.67285, -9.88836, -7.78626, 0, 0, 0, 0, 0, 0, 0, 
0, 0, 0, 0, 0, 0, 0, 0, 0, 0, 0, 0, 0, 0, 0, 0.54796, 0.54478, 
0.55275, 0.56614, 0.55885, 0.56537, 0.55947, 0.56472, 0.55777, 
0.57009, 0.56717, 0.54155, 0.53385, 0.53484, 0.56123, 0.55314, 
0.56057, 0.551, 0.55439, 0.54091, 0.56377, 0.56357, 3.1526, 3.8673, 
3.9775, 5.4419, 6.0926, 7.4084, 8.4189, 9.7762, 11.5231, 13.3552, 
15.7736, 864.8, 967.2, 1027.7, 1174.8, 1221.9, 1242.5, 1305.8, 
1408, 1655.6, 1685.6, 1884.8, 2021, 1334, 1893, 2071, 312, 2203, 
2024, 913, 208, 909, 1743, 1, 1, 1, 1, 1, 1, 1, 2, 1, 1, 1, 100, 
100, 100, 100, 100, 100, 100, 100, 100, 100, 100, 2500, 2500, 
2500, 2500, 2500, 2500, 2500, 2500, 2500, 2500, 2500, 106240.69, 
130402.791, 151161.385, 179552.183, 209736.881, 247308.606, 288342.333, 
329128.449, 376629.956, 428640.459, 463340.41, 1, 1, 1, 1, 1, 
1, 1, 1, 1, 1, 1, 0.01, 0.01, 0.01, 0.01, 0.01, 0.01, 0.01, 0.01, 
0.01, 0.01, 0.01, 0, 0, 0, 0, 0, 0, 0, 0, 0, 0, 0, 0, 0, 0, 0, 
0, 0, 0, 0, 0, 0, 0, 0.51597, 0.50693, 0.526, 0.53841, 0.53831, 
0.5366, 0.54247, 0.5365, 0.53868, 0.55115, 0.54637, 0.52478, 
0.5244, 0.52734, 0.544, 0.52914, 0.52643, 0.5365, 0.54873, 0.54624, 
0.55495, 0.55716, 3.3852, 4.4788, 4.6938, 6.2493, 7.0046, 8.5122, 
10.7608, 12.0791, 12.8189, 15.3634, 16.3592, 991.1, 1088.3, 1186.9, 
1285, 1385.1, 1481.4, 1582.4, 1674.3, 1770, 1869.2, 1965.2, 1, 
1, 1, 1, 1, 1, 1, 1, 1, 1, 1, 1, 1, 1, 1, 1, 1, 1, 1, 1, 1, 1, 
1, 1, 1, 1, 1, 1, 1, 1, 1, 1, 1, 1, 1, 1, 1, 1, 1, 1, 1, 1, 1, 
1, 39.239, 51.059, 53.318, 70.037, 77.902, 94.037, 118.44, 132.952, 
140.276, 167.439, 178.259), .Dim = c(11L, 40L), .Dimnames = list(
    NULL, c("Sampling", "PSO.cost", "PSO.gamma", "PSO.data.balancing", 
    "PSO.feature.selection", "PSO.valid.acc", "PSO.test.acc", 
    "PSO.train.time", "PSO.n.support.vectors", "PSO.index", "PSO.n.solutions", 
    "PSO.generations", "PSO.n.evaluations", "PSO.cpu.time", "RS.cost", 
    "RS.gamma", "RS.data.balancing", "RS.feature.selection", 
    "RS.valid.acc", "RS.test.acc", "RS.train.time", "RS.n.support.vectors", 
    "RS.index", "RS.n.solutions", "RS.generations", "RS.n.evaluations", 
    "RS.cpu.time", "DF.cost", "DF.gamma", "DF.data.balancing", 
    "DF.feature.selection", "DF.valid.acc", "DF.test.acc", "DF.train.time", 
    "DF.n.support.vectors", "DF.index", "DF.n.solutions", "DF.generations", 
    "DF.n.evaluations", "DF.cpu.time")))
