full <-
structure(c(50, 55, 60, 65, 70, 75, 80, 85, 90, 95, 100, 7.786, 
8.03211, 4.20319, 9.37976, 3.81231, 3.22907, 3.04114, 9.39153, 
2.80473, 6.84048, 10.17407, -13.29762, -13.16438, -10.72059, 
-14.8893, -10.16373, -9.08526, -8.51524, -15, -9.38007, -11.29148, 
-14.5026, 0, 0, 0, 0, 0, 0, 0, 0, 0, 0, 0, 0, 0, 0, 0, 0, 0, 
0, 0, 0, 0, 0, 0.53614, 0.54677, 0.57, 0.55806, 0.55426, 0.56052, 
0.55951, 0.57506, 0.57729, 0.57387, 0.57079, 0.53041, 0.55053, 
0.55536, 0.55007, 0.53647, 0.542, 0.55249, 0.56329, 0.55908, 
0.55957, 0.5692, 2.9827, 3.6671, 4.6546, 5.1704, 6.1653, 7.7279, 
9.0421, 9.8203, 12.538, 13.9747, 15.195, 848.4, 920.4, 1063.6, 
1094.2, 1248.4, 1355.6, 1467.8, 1417.5, 1620.6, 1610.5, 1644, 
1946, 1114, 1996, 2377, 633, 800, 2397, 1732, 1672, 827, 2360, 
5, 60, 2, 2, 52, 231, 1, 2, 50, 62, 20, 100, 100, 100, 100, 100, 
100, 100, 100, 100, 100, 100, 2500, 2500, 2500, 2500, 2500, 2500, 
2500, 2500, 2500, 2500, 2500, 90166.542, 107890.986, 136979.536, 
157934.002, 180512.287, 219142.297, 253533.416, 284195.824, 336801.493, 
390858.057, 439557.812, 8.8509, 7.57033, 5.75558, 8.93579, 3.85923, 
3.68301, 2.09707, 7.49193, 2.68389, 7.41586, 10.19571, -14.26518, 
-12.70597, -11.69132, -14.35072, -10.18837, -9.02793, -7.97105, 
-13.35788, -9.27479, -11.62257, -14.55234, 0, 0, 0, 0, 0, 0, 
0, 0, 0, 0, 0, 0, 0, 0, 0, 0, 0, 0, 0, 0, 0, 0, 0.53372, 0.54532, 
0.56799, 0.5562, 0.55254, 0.55897, 0.558, 0.57319, 0.57463, 0.57176, 
0.57039, 0.52962, 0.55198, 0.55666, 0.547, 0.53647, 0.54619, 
0.55349, 0.56376, 0.55908, 0.55705, 0.56999, 2.9996, 3.8192, 
4.1535, 4.944, 6.1881, 8.944, 9.0569, 9.7701, 12.6851, 13.8232, 
15.2964, 843.4, 923.3, 1033.3, 1092.4, 1248.3, 1356.7, 1498.1, 
1434.7, 1624.7, 1600.7, 1644.1, 1489, 2260, 1177, 2149, 679, 
278, 2427, 1254, 522, 261, 812, 1, 1, 1, 1, 2, 2, 1, 1, 1, 3, 
1, 100, 100, 100, 100, 100, 100, 100, 100, 100, 100, 100, 2500, 
2500, 2500, 2500, 2500, 2500, 2500, 2500, 2500, 2500, 2500, 104630.884, 
129533.281, 155633.917, 179794.195, 213180.114, 263189.034, 281476.276, 
324711.841, 396258.913, 445374.538000001, 479061.706, 1, 1, 1, 
1, 1, 1, 1, 1, 1, 1, 1, 0.01, 0.01, 0.01, 0.01, 0.01, 0.01, 0.01, 
0.01, 0.01, 0.01, 0.01, 0, 0, 0, 0, 0, 0, 0, 0, 0, 0, 0, 0, 0, 
0, 0, 0, 0, 0, 0, 0, 0, 0, 0.52076, 0.52353, 0.53334, 0.53478, 
0.53542, 0.53867, 0.54451, 0.54918, 0.55284, 0.54942, 0.55555, 
0.51041, 0.52574, 0.538, 0.53971, 0.52233, 0.53765, 0.54049, 
0.55624, 0.55064, 0.54817, 0.56038, 3.4859, 4.6046, 5.3697, 5.9718, 
7.4321, 9.4608, 9.9532, 11.8314, 14.4082, 15.9867, 16.1708, 992.4, 
1089.4, 1188.3, 1286.3, 1379.9, 1479.7, 1576.4, 1674.6, 1769.8, 
1863.9, 1962.7, 1, 1, 1, 1, 1, 1, 1, 1, 1, 1, 1, 1, 1, 1, 1, 
1, 1, 1, 1, 1, 1, 1, 1, 1, 1, 1, 1, 1, 1, 1, 1, 1, 1, 1, 1, 1, 
1, 1, 1, 1, 1, 1, 1, 1, 40.24, 52.505, 60.511, 67.109, 82.406, 
104.331, 109.727, 129.437, 157.121, 173.592, 176.195), .Dim = c(11L, 
40L), .Dimnames = list(NULL, c("Sampling", "PSO.cost", "PSO.gamma", 
"PSO.data.balancing", "PSO.feature.selection", "PSO.valid.acc", 
"PSO.test.acc", "PSO.train.time", "PSO.n.support.vectors", "PSO.index", 
"PSO.n.solutions", "PSO.generations", "PSO.n.evaluations", "PSO.cpu.time", 
"RS.cost", "RS.gamma", "RS.data.balancing", "RS.feature.selection", 
"RS.valid.acc", "RS.test.acc", "RS.train.time", "RS.n.support.vectors", 
"RS.index", "RS.n.solutions", "RS.generations", "RS.n.evaluations", 
"RS.cpu.time", "DF.cost", "DF.gamma", "DF.data.balancing", "DF.feature.selection", 
"DF.valid.acc", "DF.test.acc", "DF.train.time", "DF.n.support.vectors", 
"DF.index", "DF.n.solutions", "DF.generations", "DF.n.evaluations", 
"DF.cpu.time")))
