full <-
structure(c(50, 55, 60, 65, 70, 75, 80, 85, 90, 95, 100, 5.83178, 
9.52012, 2.04171, 5.4884, 2.17394, 2.28399, 2.79251, 2.47619, 
5.93599, 7.38016, 7.37321, -5.75303, -15, -7.53402, -10.48626, 
-8.80473, -7.93615, -8.76965, -7.78688, -10.73553, -13.51665, 
-11.92699, 0, 0, 0, 0, 0, 0, 0, 0, 0, 0, 0, 0, 0, 0, 0, 0, 0, 
0, 0, 0, 0, 0, 0.53525, 0.54615, 0.54799, 0.55506, 0.56514, 0.55686, 
0.56097, 0.55013, 0.56936, 0.56293, 0.56883, 0.52157, 0.53817, 
0.54197, 0.53601, 0.55373, 0.55527, 0.55249, 0.54779, 0.56356, 
0.55663, 0.55805, 3.4422, 3.7672, 5.4623, 5.3844, 6.2396, 8.0338, 
9.5487, 10.6378, 12.0772, 13.0714, 14.0907, 1000, 929.7, 1155.3, 
1127.4, 1295.4, 1426, 1470.3, 1615.2, 1552.6, 1620, 1683.1, 1911, 
1175, 1529, 1136, 1089, 2482, 1997, 2309, 1001, 2293, 1660, 1, 
2, 38, 40, 41, 1, 9, 1, 40, 1, 11, 100, 100, 100, 100, 100, 100, 
100, 100, 100, 100, 100, 2500, 2500, 2500, 2500, 2500, 2500, 
2500, 2500, 2500, 2500, 2500, 102553.368, 112006.196, 146685.807, 
156984.459, 178725.638, 219727.205, 253470.992, 295679.607, 331855.826, 
371996.2, 403833.822000001, 1.97782, 4.37633, 1.6524, 4.66367, 
2.13575, 2.62926, 3.45932, 2.76025, 7.06124, 7.18313, 7.10569, 
-5.75493, -9.59293, -7.19497, -10.18883, -8.7714, -8.19715, -9.40559, 
-8.05618, -11.18966, -13.35144, -11.7049, 0, 0, 0, 0, 0, 0, 0, 
0, 0, 0, 0, 0, 0, 0, 0, 0, 0, 0, 0, 0, 0, 0, 0.53285, 0.54545, 
0.54464, 0.55258, 0.56399, 0.55473, 0.55847, 0.54872, 0.56671, 
0.56125, 0.56723, 0.52157, 0.54398, 0.54262, 0.54092, 0.55087, 
0.55153, 0.55447, 0.55201, 0.56179, 0.55663, 0.56044, 3.8438, 
3.9027, 5.2105, 5.2573, 6.5116, 7.9499, 9.6381, 10.3176, 12.8374, 
13.2101, 13.9598, 1000, 980.8, 1170.7, 1142, 1297, 1412.9, 1443.3, 
1600.5, 1538.1, 1622.2, 1690.4, 1255, 1108, 1295, 2469, 1647, 
357, 310, 86, 1488, 1103, 125, 5, 1, 1, 1, 1, 1, 1, 2, 1, 1, 
1, 100, 100, 100, 100, 100, 100, 100, 100, 100, 100, 100, 2500, 
2500, 2500, 2500, 2500, 2500, 2500, 2500, 2500, 2500, 2500, 106147.605, 
130378.602, 153074.946, 178656.556, 203902.38, 248268.624, 294648.788, 
319950.656, 399291.877, 429137.420000001, 467960.811, 1, 1, 1, 
1, 1, 1, 1, 1, 1, 1, 1, 0.01, 0.01, 0.01, 0.01, 0.01, 0.01, 0.01, 
0.01, 0.01, 0.01, 0.01, 0, 0, 0, 0, 0, 0, 0, 0, 0, 0, 0, 0, 0, 
0, 0, 0, 0, 0, 0, 0, 0, 0, 0.50963, 0.52579, 0.52465, 0.52486, 
0.54456, 0.54351, 0.54097, 0.52987, 0.54404, 0.54609, 0.56202, 
0.51916, 0.53741, 0.532, 0.52243, 0.54343, 0.54459, 0.54247, 
0.54022, 0.54798, 0.55453, 0.56485, 3.6169, 4.4028, 5.2255, 6.1307, 
6.8246, 8.718, 9.5466, 11.1083, 13.4018, 14.8033, 16.4822, 990.7, 
1087.9, 1185.5, 1283.7, 1382.9, 1483.5, 1579.1, 1675.2, 1773, 
1868.4, 1965.1, 1, 1, 1, 1, 1, 1, 1, 1, 1, 1, 1, 1, 1, 1, 1, 
1, 1, 1, 1, 1, 1, 1, 1, 1, 1, 1, 1, 1, 1, 1, 1, 1, 1, 1, 1, 1, 
1, 1, 1, 1, 1, 1, 1, 1, 41.709, 50.112, 58.89, 68.71, 76.293, 
96.431, 105.182, 122.165, 146.126, 161.249, 179.597), .Dim = c(11L, 
40L), .Dimnames = list(NULL, c("Sampling", "PSO.cost", "PSO.gamma", 
"PSO.data.balancing", "PSO.feature.selection", "PSO.valid.acc", 
"PSO.test.acc", "PSO.train.time", "PSO.n.support.vectors", "PSO.index", 
"PSO.n.solutions", "PSO.generations", "PSO.n.evaluations", "PSO.cpu.time", 
"RS.cost", "RS.gamma", "RS.data.balancing", "RS.feature.selection", 
"RS.valid.acc", "RS.test.acc", "RS.train.time", "RS.n.support.vectors", 
"RS.index", "RS.n.solutions", "RS.generations", "RS.n.evaluations", 
"RS.cpu.time", "DF.cost", "DF.gamma", "DF.data.balancing", "DF.feature.selection", 
"DF.valid.acc", "DF.test.acc", "DF.train.time", "DF.n.support.vectors", 
"DF.index", "DF.n.solutions", "DF.generations", "DF.n.evaluations", 
"DF.cpu.time")))
