full <-
structure(c(50, 55, 60, 65, 70, 75, 80, 85, 90, 95, 100, 8.63304, 
1.15972, 8.49495, 3.0204, 3.70326, 5.66917, 2.22437, 1.60539, 
4.78776, 11.29862, 1.33725, -14.43388, -7.65682, -15, -9.76298, 
-10.15079, -12.36347, -8.59748, -7.67842, -9.95302, -14.85492, 
-7.35284, 0, 0, 0, 0, 0, 0, 0, 0, 0, 0, 0, 0, 0, 0, 0, 0, 0, 
0, 0, 0, 0, 0, 0.5521, 0.56962, 0.56993, 0.5742, 0.59425, 0.56906, 
0.57448, 0.57409, 0.5716, 0.56883, 0.57476, 0.55917, 0.54912, 
0.56797, 0.55944, 0.58279, 0.55573, 0.56301, 0.56709, 0.56006, 
0.54778, 0.56359, 2.9984, 3.8118, 4.318, 5.6064, 6.7569, 7.257, 
9.0585, 10.9461, 11.9963, 14.3919, 16.2419, 825.2, 1047.1, 1031.2, 
1164.1, 1226.3, 1300.7, 1465.5, 1608.3, 1580.7, 1528.1, 1912.9, 
1685, 2203, 425, 1126, 2105, 1910, 2146, 2020, 2427, 1464, 1865, 
20, 4, 300, 75, 2, 2, 6, 13, 1, 9, 8, 100, 100, 100, 100, 100, 
100, 100, 100, 100, 100, 100, 2500, 2500, 2500, 2500, 2500, 2500, 
2500, 2500, 2500, 2500, 2500, 90101.683, 116074.725, 130747.12, 
159175.517, 184549.155, 209968.932, 253264.855, 296735.61, 327791.322, 
383684.157, 441179.929, 8.89481, 1.1441, 1.54403, 3.58218, 3.61316, 
7.73073, 1.12904, 1.82409, 4.53982, 11.32382, 1.36524, -14.67584, 
-7.65946, -7.99945, -10.28158, -9.97606, -14.44292, -7.46583, 
-7.7104, -9.41854, -13.86212, -7.40673, 0, 0, 0, 0, 0, 0, 0, 
0, 0, 0, 0, 0, 0, 0, 0, 0, 0, 0, 0, 0, 0, 0, 0.5513, 0.56888, 
0.57193, 0.57173, 0.59253, 0.56638, 0.57, 0.57175, 0.57073, 0.56714, 
0.57436, 0.56078, 0.54767, 0.57462, 0.55699, 0.58393, 0.55359, 
0.56201, 0.56519, 0.56274, 0.54482, 0.56439, 3.006, 4.2602, 5.1012, 
5.5078, 6.661, 7.4402, 9.4993, 10.9935, 12.2595, 14.9809, 16.3234, 
824.1, 1047.3, 1127.7, 1150.6, 1227.7, 1293.8, 1526.1, 1607.9, 
1607.6, 1541.5, 1909.2, 428, 726, 2395, 2333, 1074, 150, 1923, 
2256, 651, 167, 1908, 1, 1, 1, 1, 1, 1, 1, 1, 1, 1, 1, 100, 100, 
100, 100, 100, 100, 100, 100, 100, 100, 100, 2500, 2500, 2500, 
2500, 2500, 2500, 2500, 2500, 2500, 2500, 2500, 105480.303, 129227.738, 
157734.091, 176937.885, 216039.055, 244247.147, 288431.151, 324257.617, 
387592.153, 433849.641, 468147.132, 1, 1, 1, 1, 1, 1, 1, 1, 1, 
1, 1, 0.01, 0.01, 0.01, 0.01, 0.01, 0.01, 0.01, 0.01, 0.01, 0.01, 
0.01, 0, 0, 0, 0, 0, 0, 0, 0, 0, 0, 0, 0, 0, 0, 0, 0, 0, 0, 0, 
0, 0, 0, 0.53363, 0.54259, 0.55128, 0.54959, 0.5691, 0.54878, 
0.55902, 0.55431, 0.55831, 0.5545, 0.55517, 0.53762, 0.52367, 
0.55597, 0.54591, 0.5708, 0.54933, 0.55597, 0.56518, 0.56673, 
0.55197, 0.56357, 3.5217, 4.4522, 5.4536, 5.7375, 7.4553, 8.4469, 
9.6194, 11.5925, 13.9946, 15.9547, 15.6491, 987.6, 1087.9, 1183.3, 
1283, 1377.5, 1473.1, 1572.5, 1672.1, 1769.7, 1864.8, 1966.4, 
1, 1, 1, 1, 1, 1, 1, 1, 1, 1, 1, 1, 1, 1, 1, 1, 1, 1, 1, 1, 1, 
1, 1, 1, 1, 1, 1, 1, 1, 1, 1, 1, 1, 1, 1, 1, 1, 1, 1, 1, 1, 1, 
1, 1, 40.731, 50.709, 61.459, 64.769, 82.741, 93.556, 106.046, 
127.578, 152.418, 173.876, 170.559), .Dim = c(11L, 40L), .Dimnames = list(
    NULL, c("Sampling", "PSO.cost", "PSO.gamma", "PSO.data.balancing", 
    "PSO.feature.selection", "PSO.valid.acc", "PSO.test.acc", 
    "PSO.train.time", "PSO.n.support.vectors", "PSO.index", "PSO.n.solutions", 
    "PSO.generations", "PSO.n.evaluations", "PSO.cpu.time", "RS.cost", 
    "RS.gamma", "RS.data.balancing", "RS.feature.selection", 
    "RS.valid.acc", "RS.test.acc", "RS.train.time", "RS.n.support.vectors", 
    "RS.index", "RS.n.solutions", "RS.generations", "RS.n.evaluations", 
    "RS.cpu.time", "DF.cost", "DF.gamma", "DF.data.balancing", 
    "DF.feature.selection", "DF.valid.acc", "DF.test.acc", "DF.train.time", 
    "DF.n.support.vectors", "DF.index", "DF.n.solutions", "DF.generations", 
    "DF.n.evaluations", "DF.cpu.time")))
