full <-
structure(c(50, 55, 60, 65, 70, 75, 80, 85, 90, 95, 100, 1.89172, 
2.10264, 3.47089, 0.62903, 8.61107, 2.77861, 8.82542, 8.93523, 
3.68956, 2.21824, 2.1775, -7.46557, -7.38911, -8.99059, -6.28671, 
-13.71053, -8.81374, -14.0808, -14.58824, -8.8833, -8.05089, 
-8.48291, 0, 0, 0, 0, 0, 0, 0, 0, 0, 0, 0, 0, 0, 0, 0, 0, 0, 
0, 0, 0, 0, 0, 0.58639, 0.57833, 0.56196, 0.5662, 0.55096, 0.56212, 
0.57148, 0.55811, 0.56627, 0.56885, 0.57081, 0.5688, 0.57249, 
0.54002, 0.54219, 0.54924, 0.54135, 0.5525, 0.54916, 0.55694, 
0.56507, 0.5684, 3.5866, 4.3811, 4.3252, 6.6533, 6.1704, 8.0763, 
7.9577, 10.4618, 12.8252, 15.1544, 16.0301, 961.8, 1065.7, 1083.4, 
1293.7, 1160.3, 1366.5, 1331.8, 1426.3, 1638.2, 1770.1, 1837.5, 
1646, 2269, 2453, 866, 640, 1895, 745, 1462, 1819, 2499, 1996, 
114, 4, 5, 182, 11, 21, 17, 11, 5, 50, 29, 100, 100, 100, 100, 
100, 100, 100, 100, 100, 100, 100, 2500, 2500, 2500, 2500, 2500, 
2500, 2500, 2500, 2500, 2500, 2500, 99805.494, 119022.881, 134885.183, 
176107.935, 181670.011, 220417.757, 239140.043, 299628.336, 347439.368, 
411228.919, 438084.777, 1.98247, 1.97669, 4.56978, 0.78045, 8.64989, 
3.71469, 8.91172, 8.92063, 2.94139, 1.94227, 2.98108, -7.51499, 
-7.28576, -9.85049, -6.33887, -13.76438, -8.94724, -14.1973, 
-14.57917, -8.50895, -7.75381, -9.03952, 0, 0, 0, 0, 0, 0, 0, 
0, 0, 0, 0, 0, 0, 0, 0, 0, 0, 0, 0, 0, 0, 0, 0.5832, 0.57613, 
0.56061, 0.5619, 0.54924, 0.56049, 0.56997, 0.55717, 0.56271, 
0.56758, 0.56961, 0.5712, 0.57177, 0.54668, 0.54465, 0.54924, 
0.54188, 0.5535, 0.54916, 0.55783, 0.5638, 0.568, 3.3448, 4.2801, 
4.5242, 6.3391, 6.4351, 7.7831, 8.9953, 9.6401, 12.7136, 15.3395, 
16.2138, 961, 1070.7, 1050.1, 1293.5, 1160.9, 1358.1, 1331.3, 
1426.5, 1653.9, 1791.2, 1806.1, 734, 1330, 1137, 858, 2483, 1002, 
63, 1537, 2498, 2371, 303, 1, 1, 1, 1, 1, 1, 1, 1, 1, 1, 1, 100, 
100, 100, 100, 100, 100, 100, 100, 100, 100, 100, 2500, 2500, 
2500, 2500, 2500, 2500, 2500, 2500, 2500, 2500, 2500, 103599.93, 
128672.604, 153381.51, 178140.074, 211262.893, 248492.913, 290811.849, 
330770.619, 407998.647, 463803.341, 490748.542, 1, 1, 1, 1, 1, 
1, 1, 1, 1, 1, 1, 0.01, 0.01, 0.01, 0.01, 0.01, 0.01, 0.01, 0.01, 
0.01, 0.01, 0.01, 0, 0, 0, 0, 0, 0, 0, 0, 0, 0, 0, 0, 0, 0, 0, 
0, 0, 0, 0, 0, 0, 0, 0.55362, 0.5514, 0.5293, 0.55451, 0.51783, 
0.53763, 0.55046, 0.53175, 0.5476, 0.55625, 0.5484, 0.54561, 
0.5557, 0.5233, 0.54404, 0.52575, 0.54241, 0.54094, 0.53269, 
0.54359, 0.55454, 0.55399, 3.3718, 4.4077, 5.4261, 6.1287, 7.1879, 
8.5878, 10.9163, 11.5971, 14.1323, 15.9612, 18.1109, 988.6, 1087.8, 
1185.5, 1280.4, 1381.6, 1477.7, 1574, 1673.2, 1770.1, 1868.1, 
1963.2, 1, 1, 1, 1, 1, 1, 1, 1, 1, 1, 1, 1, 1, 1, 1, 1, 1, 1, 
1, 1, 1, 1, 1, 1, 1, 1, 1, 1, 1, 1, 1, 1, 1, 1, 1, 1, 1, 1, 1, 
1, 1, 1, 1, 1, 39.243, 50.097, 61.092, 69.037, 79.902, 95.019, 
120.075, 127.661, 153.804, 173.953, 196.987), .Dim = c(11L, 40L
), .Dimnames = list(NULL, c("Sampling", "PSO.cost", "PSO.gamma", 
"PSO.data.balancing", "PSO.feature.selection", "PSO.valid.acc", 
"PSO.test.acc", "PSO.train.time", "PSO.n.support.vectors", "PSO.index", 
"PSO.n.solutions", "PSO.generations", "PSO.n.evaluations", "PSO.cpu.time", 
"RS.cost", "RS.gamma", "RS.data.balancing", "RS.feature.selection", 
"RS.valid.acc", "RS.test.acc", "RS.train.time", "RS.n.support.vectors", 
"RS.index", "RS.n.solutions", "RS.generations", "RS.n.evaluations", 
"RS.cpu.time", "DF.cost", "DF.gamma", "DF.data.balancing", "DF.feature.selection", 
"DF.valid.acc", "DF.test.acc", "DF.train.time", "DF.n.support.vectors", 
"DF.index", "DF.n.solutions", "DF.generations", "DF.n.evaluations", 
"DF.cpu.time")))
