full <-
structure(c(50, 55, 60, 65, 70, 75, 80, 85, 90, 95, 100, 1.39953, 
4.81831, 4.28921, 2.97719, 10.38793, 8.39417, 5.34282, 10.87405, 
4.99934, 6.92962, 5.92323, -7.08778, -10.57989, -9.88032, -8.40204, 
-15, -13.11508, -10.01146, -14.9913, -10.04779, -10.97703, -10.56623, 
0, 0, 0, 0, 0, 0, 0, 0, 0, 0, 0, 0, 0, 0, 0, 0, 0, 0, 0, 0, 0, 
0, 0.55431, 0.57969, 0.56982, 0.56738, 0.56061, 0.55944, 0.57296, 
0.57272, 0.56843, 0.56843, 0.57362, 0.54473, 0.57097, 0.55183, 
0.54153, 0.5509, 0.55621, 0.56845, 0.56326, 0.55956, 0.55785, 
0.56721, 3.5411, 3.6074, 4.3733, 6.3357, 6.3132, 7.5119, 9.1208, 
9.2876, 12.5939, 17.5785, 15.5438, 979.2, 950.7, 1056.8, 1206.2, 
1144.2, 1237.8, 1400.8, 1380, 1580.8, 1643.7, 1734.1, 1750, 1984, 
2321, 1631, 907, 397, 1626, 2437, 2215, 1533, 1657, 2, 128, 10, 
36, 21, 1, 16, 1, 6, 74, 4, 100, 100, 100, 100, 100, 100, 100, 
100, 100, 100, 100, 2500, 2500, 2500, 2500, 2500, 2500, 2500, 
2500, 2500, 2500, 2500, 97614.854, 109903.883, 129739.325, 183030.379, 
184903.915, 221042.418, 262383.168, 293704.981, 367098.211, 494245.965, 
475454.49, 2.04078, 2.37142, 4.58603, 2.63979, 9.00527, 7.89598, 
5.55856, 10.35668, 5.26498, 7.40975, 7.61434, -7.77176, -8.5705, 
-10.1181, -8.0898, -13.59658, -12.68878, -10.08724, -14.22702, 
-12.25636, -11.24177, -11.47477, 0, 0, 0, 0, 0, 0, 0, 0, 0, 0, 
0, 0, 0, 0, 0, 0, 0, 0, 0, 0, 0, 0, 0.54948, 0.57752, 0.56515, 
0.56185, 0.55832, 0.55731, 0.57195, 0.56849, 0.56579, 0.56759, 
0.57241, 0.54229, 0.5659, 0.55251, 0.53783, 0.54976, 0.55674, 
0.56795, 0.56279, 0.55157, 0.55743, 0.5728, 3.0365, 3.9082, 4.9005, 
5.6455, 6.1479, 7.8759, 9.5347, 10.2319, 15.8341, 15.5687, 15.6994, 
953.7, 1012.2, 1047.7, 1223, 1148, 1243.9, 1397.8, 1379, 1588.7, 
1635, 1704.6, 1721, 1916, 1582, 2197, 1558, 674, 2434, 900, 1754, 
870, 959, 1, 1, 1, 1, 1, 1, 1, 2, 1, 1, 1, 100, 100, 100, 100, 
100, 100, 100, 100, 100, 100, 100, 2500, 2500, 2500, 2500, 2500, 
2500, 2500, 2500, 2500, 2500, 2500, 102148.484, 125845.315, 167619.413, 
192493.796, 220554.066, 263343.412, 294340.88, 340162.649, 482608.501, 
474948.492000001, 487740.405, 1, 1, 1, 1, 1, 1, 1, 1, 1, 1, 1, 
0.01, 0.01, 0.01, 0.01, 0.01, 0.01, 0.01, 0.01, 0.01, 0.01, 0.01, 
0, 0, 0, 0, 0, 0, 0, 0, 0, 0, 0, 0, 0, 0, 0, 0, 0, 0, 0, 0, 0, 
0, 0.52952, 0.54915, 0.53982, 0.54215, 0.53716, 0.53701, 0.53598, 
0.55057, 0.55466, 0.54487, 0.55681, 0.53596, 0.54628, 0.52853, 
0.53168, 0.52744, 0.54289, 0.54342, 0.54633, 0.55199, 0.5499, 
0.55921, 3.2181, 4.4312, 5.8326, 6.0674, 7.5263, 9.505, 10.309, 
14.7445, 18.2582, 16.6506, 16.9716, 989.4, 1087.9, 1187.3, 1284, 
1383.9, 1478.3, 1576.1, 1676.1, 1770.7, 1871.7, 1965, 1, 1, 1, 
1, 1, 1, 1, 1, 1, 1, 1, 1, 1, 1, 1, 1, 1, 1, 1, 1, 1, 1, 1, 1, 
1, 1, 1, 1, 1, 1, 1, 1, 1, 1, 1, 1, 1, 1, 1, 1, 1, 1, 1, 1, 37.568, 
50.773, 66.462, 69.606, 83.463, 105.563, 113.49, 163.679, 198.944, 
181.384, 184.77), .Dim = c(11L, 40L), .Dimnames = list(NULL, 
    c("Sampling", "PSO.cost", "PSO.gamma", "PSO.data.balancing", 
    "PSO.feature.selection", "PSO.valid.acc", "PSO.test.acc", 
    "PSO.train.time", "PSO.n.support.vectors", "PSO.index", "PSO.n.solutions", 
    "PSO.generations", "PSO.n.evaluations", "PSO.cpu.time", "RS.cost", 
    "RS.gamma", "RS.data.balancing", "RS.feature.selection", 
    "RS.valid.acc", "RS.test.acc", "RS.train.time", "RS.n.support.vectors", 
    "RS.index", "RS.n.solutions", "RS.generations", "RS.n.evaluations", 
    "RS.cpu.time", "DF.cost", "DF.gamma", "DF.data.balancing", 
    "DF.feature.selection", "DF.valid.acc", "DF.test.acc", "DF.train.time", 
    "DF.n.support.vectors", "DF.index", "DF.n.solutions", "DF.generations", 
    "DF.n.evaluations", "DF.cpu.time")))
