full <-
structure(c(50, 55, 60, 65, 70, 75, 80, 85, 90, 95, 100, 2.34103, 
2.00843, 2.96682, 2.80628, 6.11985, 8.83693, 5.3341, 1.57288, 
9.26299, 8.77512, 5.31252, -8.19771, -7.91964, -9.02685, -9.18865, 
-13.23551, -14.25814, -12.63127, -8.09819, -12.89004, -12.56851, 
-10.34401, 0, 0, 0, 0, 0, 0, 0, 0, 0, 0, 0, 0, 0, 0, 0, 0, 0, 
0, 0, 0, 0, 0, 0.56005, 0.55264, 0.55394, 0.56806, 0.55255, 0.55202, 
0.55803, 0.56709, 0.57381, 0.56971, 0.57846, 0.55374, 0.55264, 
0.53663, 0.55084, 0.54057, 0.55147, 0.54404, 0.55815, 0.56048, 
0.55749, 0.56403, 3.3342, 4.0696, 4.7255, 5.6252, 6.1373, 7.4341, 
8.3191, 11.0413, 12.7052, 14.2606, 14.8719, 937.1, 1038.6, 1090.4, 
1183.4, 1251.8, 1258.3, 1429.2, 1593.4, 1483.4, 1585, 1739.8, 
1060, 2467, 1587, 1681, 565, 1273, 1575, 2041, 1694, 455, 555, 
3, 1, 2, 24, 31, 15, 9, 6, 23, 10, 35, 100, 100, 100, 100, 100, 
100, 100, 100, 100, 100, 100, 2500, 2500, 2500, 2500, 2500, 2500, 
2500, 2500, 2500, 2500, 2500, 96160.438, 116830.508, 137789.074, 
158662.496, 186521.329, 203583.747, 250423.513, 295662.795, 349929.112, 
404469.572, 422132.688, 4.31743, 1.8676, 2.74374, 3.04537, 5.3898, 
8.6979, 2.64583, 0.98727, 6.81131, 5.85757, 4.05293, -10.21534, 
-7.83096, -8.86143, -9.35585, -12.47006, -14.11976, -9.57949, 
-7.88287, -11.23397, -10.44128, -9.62693, 0, 0, 0, 0, 0, 0, 0, 
0, 0, 0, 0, 0, 0, 0, 0, 0, 0, 0, 0, 0, 0, 0, 0.55926, 0.5512, 
0.55193, 0.5662, 0.5514, 0.55149, 0.55603, 0.56567, 0.57159, 
0.5676, 0.57646, 0.5505, 0.55335, 0.5366, 0.54959, 0.54171, 0.55199, 
0.54904, 0.5605, 0.55783, 0.56674, 0.56564, 2.9955, 3.8407, 4.7328, 
5.6088, 6.265, 7.4459, 9.3259, 10.5756, 12.6357, 14.3528, 14.7905, 
884.2, 1041.3, 1097, 1176.6, 1252.5, 1258.4, 1454.9, 1609.1, 
1530.8, 1660.5, 1773.3, 58, 2238, 277, 302, 1712, 1839, 817, 
152, 2327, 1586, 856, 1, 1, 1, 1, 1, 1, 1, 1, 2, 1, 1, 100, 100, 
100, 100, 100, 100, 100, 100, 100, 100, 100, 2500, 2500, 2500, 
2500, 2500, 2500, 2500, 2500, 2500, 2500, 2500, 106599.164, 128480.262, 
150362.443, 181507.318, 211242.401, 256535.263, 296653.077, 334853.913, 
398614.838, 453384.308, 484832.158, 1, 1, 1, 1, 1, 1, 1, 1, 1, 
1, 1, 0.01, 0.01, 0.01, 0.01, 0.01, 0.01, 0.01, 0.01, 0.01, 0.01, 
0.01, 0, 0, 0, 0, 0, 0, 0, 0, 0, 0, 0, 0, 0, 0, 0, 0, 0, 0, 0, 
0, 0, 0, 0.52648, 0.52495, 0.53066, 0.53543, 0.52681, 0.53121, 
0.53202, 0.55721, 0.56178, 0.54611, 0.55683, 0.5361, 0.52209, 
0.52468, 0.5293, 0.53199, 0.53545, 0.53549, 0.5511, 0.55024, 
0.55663, 0.54643, 3.4197, 4.0427, 4.8736, 6.0051, 7.4004, 8.739, 
10.0408, 11.6805, 13.8401, 16.0205, 16.9778, 987.8, 1086.3, 1185.7, 
1285, 1384.7, 1480.8, 1578.2, 1672.9, 1772.5, 1868.5, 1964.6, 
1, 1, 1, 1, 1, 1, 1, 1, 1, 1, 1, 1, 1, 1, 1, 1, 1, 1, 1, 1, 1, 
1, 1, 1, 1, 1, 1, 1, 1, 1, 1, 1, 1, 1, 1, 1, 1, 1, 1, 1, 1, 1, 
1, 1, 39.717, 46.41, 55.276, 67.464, 82.136, 96.448, 110.618, 
129.009, 151.099, 174.144, 184.827), .Dim = c(11L, 40L), .Dimnames = list(
    NULL, c("Sampling", "PSO.cost", "PSO.gamma", "PSO.data.balancing", 
    "PSO.feature.selection", "PSO.valid.acc", "PSO.test.acc", 
    "PSO.train.time", "PSO.n.support.vectors", "PSO.index", "PSO.n.solutions", 
    "PSO.generations", "PSO.n.evaluations", "PSO.cpu.time", "RS.cost", 
    "RS.gamma", "RS.data.balancing", "RS.feature.selection", 
    "RS.valid.acc", "RS.test.acc", "RS.train.time", "RS.n.support.vectors", 
    "RS.index", "RS.n.solutions", "RS.generations", "RS.n.evaluations", 
    "RS.cpu.time", "DF.cost", "DF.gamma", "DF.data.balancing", 
    "DF.feature.selection", "DF.valid.acc", "DF.test.acc", "DF.train.time", 
    "DF.n.support.vectors", "DF.index", "DF.n.solutions", "DF.generations", 
    "DF.n.evaluations", "DF.cpu.time")))
