full <-
structure(c(50, 55, 60, 65, 70, 75, 80, 85, 90, 95, 100, 3.74729, 
2.73362, 2.37178, 2.32595, 3.76106, 2.1441, 3.00739, 4.98218, 
5.02603, 2.96581, 3.17775, -8.55584, -7.81012, -7.67207, -7.84403, 
-9.19675, -7.46701, -8.34824, -9.50532, -9.63275, -8.59954, -9.57801, 
0, 0, 0, 0, 0, 0, 0, 0, 0, 0, 0, 0, 0, 0, 0, 0, 0, 0, 0, 0, 0, 
0, 0.53991, 0.54403, 0.56935, 0.56737, 0.54801, 0.55365, 0.57752, 
0.56467, 0.58805, 0.55918, 0.5792, 0.52481, 0.53162, 0.55936, 
0.55995, 0.54458, 0.53769, 0.56497, 0.54776, 0.57247, 0.55032, 
0.5772, 3.0422, 4.4335, 5.0302, 5.6179, 6.1811, 8.7181, 9.7259, 
9.6416, 11.047, 15.7732, 15.9038, 931.6, 1053.5, 1151.8, 1235.4, 
1258, 1443.6, 1489.6, 1524.1, 1598, 1734.4, 1790.8, 1616, 2393, 
2039, 1603, 1053, 1320, 2007, 2068, 2039, 1819, 1183, 14, 2, 
5, 18, 59, 22, 1, 9, 3, 10, 39, 100, 100, 100, 100, 100, 100, 
100, 100, 100, 100, 100, 2500, 2500, 2500, 2500, 2500, 2500, 
2500, 2500, 2500, 2500, 2500, 92545.608, 129860.239, 148767.022, 
171997.864, 178231.578, 239802.186, 262146.279, 291473.919, 321421.853, 
447006.213, 419615.989, 3.88285, 1.28181, 2.70638, 4.37803, 3.27909, 
1.60717, 2.72842, 4.98217, 5.54539, 2.964, 2.90817, -8.62721, 
-6.5767, -7.92504, -9.10593, -8.94344, -6.84592, -8.20448, -9.52355, 
-9.90109, -8.46468, -9.28101, 0, 0, 0, 0, 0, 0, 0, 0, 0, 0, 0, 
0, 0, 0, 0, 0, 0, 0, 0, 0, 0, 0, 0.5375, 0.53893, 0.56737, 0.5624, 
0.54573, 0.54833, 0.57603, 0.5628, 0.58537, 0.55749, 0.57761, 
0.52561, 0.51776, 0.5574, 0.55996, 0.54401, 0.53927, 0.55997, 
0.55011, 0.57335, 0.55241, 0.5784, 3.4146, 4.5667, 5.1993, 5.4336, 
6.4327, 9.778, 9.8347, 10.5061, 12.2344, 14.2485, 14.4164, 930.2, 
1093.6, 1140.2, 1179.8, 1268.3, 1478.4, 1495.8, 1522.7, 1590.4, 
1744.3, 1801.9, 1038, 499, 1985, 102, 1107, 2126, 2289, 492, 
1593, 1881, 1863, 1, 1, 1, 1, 1, 1, 1, 1, 1, 1, 1, 100, 100, 
100, 100, 100, 100, 100, 100, 100, 100, 100, 2500, 2500, 2500, 
2500, 2500, 2500, 2500, 2500, 2500, 2500, 2500, 104481.959, 130672.822, 
158193.84, 167162.293, 211784.399, 258730.759, 305192.726, 322891.61, 
379056.7, 449767.667, 475715.238, 1, 1, 1, 1, 1, 1, 1, 1, 1, 
1, 1, 0.01, 0.01, 0.01, 0.01, 0.01, 0.01, 0.01, 0.01, 0.01, 0.01, 
0.01, 0, 0, 0, 0, 0, 0, 0, 0, 0, 0, 0, 0, 0, 0, 0, 0, 0, 0, 0, 
0, 0, 0, 0.52234, 0.51787, 0.54397, 0.53467, 0.53543, 0.53495, 
0.54947, 0.54399, 0.56627, 0.54571, 0.5676, 0.51431, 0.52511, 
0.53871, 0.54396, 0.532, 0.53604, 0.54697, 0.55012, 0.56363, 
0.55075, 0.56839, 3.6722, 4.4374, 5.1675, 5.5209, 7.8146, 9.5132, 
10.69, 11.6489, 15.4766, 15.7032, 16.2448, 988.2, 1088.3, 1188.7, 
1286.1, 1385.5, 1480.2, 1580.1, 1670.4, 1768.3, 1864.9, 1965.4, 
1, 1, 1, 1, 1, 1, 1, 1, 1, 1, 1, 1, 1, 1, 1, 1, 1, 1, 1, 1, 1, 
1, 1, 1, 1, 1, 1, 1, 1, 1, 1, 1, 1, 1, 1, 1, 1, 1, 1, 1, 1, 1, 
1, 1, 43.237, 50.619, 59.368, 62.366, 86.66, 105.404, 118.29, 
128.157, 168.707, 170.769, 176.884), .Dim = c(11L, 40L), .Dimnames = list(
    NULL, c("Sampling", "PSO.cost", "PSO.gamma", "PSO.data.balancing", 
    "PSO.feature.selection", "PSO.valid.acc", "PSO.test.acc", 
    "PSO.train.time", "PSO.n.support.vectors", "PSO.index", "PSO.n.solutions", 
    "PSO.generations", "PSO.n.evaluations", "PSO.cpu.time", "RS.cost", 
    "RS.gamma", "RS.data.balancing", "RS.feature.selection", 
    "RS.valid.acc", "RS.test.acc", "RS.train.time", "RS.n.support.vectors", 
    "RS.index", "RS.n.solutions", "RS.generations", "RS.n.evaluations", 
    "RS.cpu.time", "DF.cost", "DF.gamma", "DF.data.balancing", 
    "DF.feature.selection", "DF.valid.acc", "DF.test.acc", "DF.train.time", 
    "DF.n.support.vectors", "DF.index", "DF.n.solutions", "DF.generations", 
    "DF.n.evaluations", "DF.cpu.time")))
