full <-
structure(c(50, 55, 60, 65, 70, 75, 80, 85, 90, 95, 100, 1.95368, 
3.68274, 2.14314, 5.62118, 1.97364, 7.23539, 9.20696, 10.10102, 
9.05233, 7.14354, 3.93654, -8.16215, -12.51173, -8.86783, -11.10525, 
-8.97594, -12.37282, -14.17997, -15, -14.89826, -10.8561, -10.21957, 
0, 0, 0, 0, 0, 0, 0, 0, 0, 0, 0, 0, 0, 0, 0, 0, 0, 0, 0, 0, 0, 
0, 0.54251, 0.5258, 0.54337, 0.55077, 0.53831, 0.54611, 0.572, 
0.56431, 0.57242, 0.56797, 0.57279, 0.53125, 0.49963, 0.54068, 
0.5384, 0.52968, 0.536, 0.5615, 0.55162, 0.56845, 0.55071, 0.5704, 
3.1944, 3.8726, 4.1761, 5.3179, 6.3146, 7.038, 8.1965, 9.102, 
10.9543, 13.9746, 14.8106, 940.3, 1052.5, 1111.3, 1120.2, 1298.7, 
1261.5, 1334.7, 1408.7, 1516.8, 1651.5, 1764, 1797, 2143, 2129, 
2183, 741, 1190, 2162, 864, 2269, 1872, 903, 25, 1, 12, 1, 117, 
35, 2, 11, 2, 11, 72, 100, 100, 100, 100, 100, 100, 100, 100, 
100, 100, 100, 2500, 2500, 2500, 2500, 2500, 2500, 2500, 2500, 
2500, 2500, 2500, 96554.511, 112860.828, 127243.572, 160377.028, 
184406.087, 212636.086, 243155.188, 305448.767, 331386.425, 418728.699, 
416835.46, 1.27271, 0.91022, 2.1942, 5.25985, 2.3585, 7.18963, 
10.04452, 4.96637, 8.18007, 7.10043, 3.58382, -7.37192, -10.38952, 
-8.99757, -10.91596, -9.28428, -12.32793, -14.83827, -11.22159, 
-13.9655, -12.13927, -9.09913, 0, 0, 0, 0, 0, 0, 0, 0, 0, 0, 
0, 0, 0, 0, 0, 0, 0, 0, 0, 0, 0, 0, 0.54083, 0.52503, 0.5407, 
0.55015, 0.53487, 0.54451, 0.5695, 0.56336, 0.57065, 0.56629, 
0.57158, 0.52725, 0.4924, 0.54267, 0.54024, 0.52341, 0.536, 0.562, 
0.5568, 0.56711, 0.56336, 0.56401, 3.3671, 3.5442, 4.7046, 5.3053, 
6.3892, 7.4968, 7.7471, 9.441, 11.6066, 13.2871, 14.4513, 969.2, 
1076.4, 1110.7, 1126.4, 1287.8, 1261.7, 1328.8, 1482.5, 1517.7, 
1604.3, 1804.6, 637, 2471, 1947, 1180, 392, 1589, 1358, 1258, 
1361, 1141, 2045, 1, 2, 1, 1, 1, 1, 1, 1, 1, 1, 1, 100, 100, 
100, 100, 100, 100, 100, 100, 100, 100, 100, 2500, 2500, 2500, 
2500, 2500, 2500, 2500, 2500, 2500, 2500, 2500, 104471.448, 123337.629, 
146633.144, 183549.457, 211653.315, 251696.822, 272334.399, 318915.143, 
375450.918, 429943.962, 471866.083000001, 1, 1, 1, 1, 1, 1, 1, 
1, 1, 1, 1, 0.01, 0.01, 0.01, 0.01, 0.01, 0.01, 0.01, 0.01, 0.01, 
0.01, 0.01, 0, 0, 0, 0, 0, 0, 0, 0, 0, 0, 0, 0, 0, 0, 0, 0, 0, 
0, 0, 0, 0, 0, 0.51126, 0.52068, 0.52467, 0.51936, 0.52629, 0.52372, 
0.5515, 0.54878, 0.54708, 0.5604, 0.55157, 0.51925, 0.50541, 
0.52132, 0.52428, 0.5188, 0.51304, 0.5465, 0.55017, 0.54936, 
0.55327, 0.55358, 3.55, 3.8775, 5.1892, 6.2316, 7.5573, 8.7074, 
8.9516, 11.663, 13.7037, 15.5726, 16.2338, 990.5, 1087.7, 1186.8, 
1285.3, 1383, 1479.8, 1576.7, 1672.7, 1769.6, 1868.3, 1967, 1, 
1, 1, 1, 1, 1, 1, 1, 1, 1, 1, 1, 1, 1, 1, 1, 1, 1, 1, 1, 1, 1, 
1, 1, 1, 1, 1, 1, 1, 1, 1, 1, 1, 1, 1, 1, 1, 1, 1, 1, 1, 1, 1, 
1, 40.884, 44.567, 58.538, 70.681, 84.999, 96.379, 99.872, 129.517, 
149.368, 169.183, 176.767), .Dim = c(11L, 40L), .Dimnames = list(
    NULL, c("Sampling", "PSO.cost", "PSO.gamma", "PSO.data.balancing", 
    "PSO.feature.selection", "PSO.valid.acc", "PSO.test.acc", 
    "PSO.train.time", "PSO.n.support.vectors", "PSO.index", "PSO.n.solutions", 
    "PSO.generations", "PSO.n.evaluations", "PSO.cpu.time", "RS.cost", 
    "RS.gamma", "RS.data.balancing", "RS.feature.selection", 
    "RS.valid.acc", "RS.test.acc", "RS.train.time", "RS.n.support.vectors", 
    "RS.index", "RS.n.solutions", "RS.generations", "RS.n.evaluations", 
    "RS.cpu.time", "DF.cost", "DF.gamma", "DF.data.balancing", 
    "DF.feature.selection", "DF.valid.acc", "DF.test.acc", "DF.train.time", 
    "DF.n.support.vectors", "DF.index", "DF.n.solutions", "DF.generations", 
    "DF.n.evaluations", "DF.cpu.time")))
