full <-
structure(c(50, 55, 60, 65, 70, 75, 80, 85, 90, 95, 100, 5.9709, 
7.97373, 5.76067, 7.41689, 2.99388, 8.88365, 3.63696, 4.62164, 
2.45213, 6.29291, 3.9363, -11.35011, -14.99621, -12.22373, -13.68428, 
-9.3062, -14.26067, -9.50979, -10.21263, -8.31073, -11.85782, 
-9.40517, 0, 0, 0, 0, 0, 0, 0, 0, 0, 0, 0, 0, 0, 0, 0, 0, 0, 
0, 0, 0, 0, 0, 0.5593, 0.57241, 0.5694, 0.57051, 0.57886, 0.57664, 
0.58951, 0.57361, 0.57867, 0.57511, 0.57759, 0.54657, 0.56876, 
0.54873, 0.54955, 0.56285, 0.57769, 0.56897, 0.56564, 0.57202, 
0.56668, 0.57478, 2.9323, 3.8622, 4.5635, 5.4566, 6.7093, 6.9459, 
8.5789, 10.5772, 12.4583, 13.5288, 14.019, 844.7, 967.5, 1044.8, 
1104.1, 1256.1, 1231.4, 1416.8, 1476.3, 1665, 1611.9, 1786.1, 
2085, 1804, 583, 1088, 361, 1364, 886, 2280, 1497, 892, 1160, 
5, 11, 88, 6, 46, 5, 76, 12, 42, 86, 22, 100, 100, 100, 100, 
100, 100, 100, 100, 100, 100, 100, 2500, 2500, 2500, 2500, 2500, 
2500, 2500, 2500, 2500, 2500, 2500, 93735.462, 108704.327, 133574.696, 
150468.145, 189543.388, 199870.321, 239773.611, 297108.957, 331173.193, 
368219.804, 418699.095, 1.64448, 7.31941, 6.25415, 7.40539, 2.19435, 
9.58057, 3.69105, 4.20995, 2.31561, 6.70266, 4.00438, -8.26041, 
-14.31878, -12.75169, -13.67852, -8.88484, -14.70636, -9.3592, 
-9.83557, -8.19217, -12.27344, -9.46816, 0, 0, 0, 0, 0, 0, 0, 
0, 0, 0, 0, 0, 0, 0, 0, 0, 0, 0, 0, 0, 0, 0, 0.55772, 0.57022, 
0.56807, 0.56928, 0.57544, 0.57504, 0.58601, 0.57268, 0.57735, 
0.57216, 0.57639, 0.54816, 0.56804, 0.5454, 0.54955, 0.56285, 
0.57662, 0.56847, 0.5694, 0.57024, 0.56583, 0.57318, 3.3636, 
3.8039, 4.5197, 5.1493, 6.6407, 6.845, 7.6587, 10.3981, 12.4153, 
13.6963, 14.7324, 936.6, 967, 1043.3, 1104.2, 1278.1, 1222.3, 
1421.5, 1491.4, 1671.4, 1606.1, 1782.7, 203, 1176, 86, 1847, 
93, 498, 606, 2053, 2068, 1930, 32, 1, 1, 1, 1, 2, 1, 1, 1, 1, 
1, 1, 100, 100, 100, 100, 100, 100, 100, 100, 100, 100, 100, 
2500, 2500, 2500, 2500, 2500, 2500, 2500, 2500, 2500, 2500, 2500, 
105549.32, 128938.617, 154464.954, 182587.712, 215340.901, 252847.494, 
283430.038, 337521.371, 381963.343, 437506.714, 464911.724, 1, 
1, 1, 1, 1, 1, 1, 1, 1, 1, 1, 0.01, 0.01, 0.01, 0.01, 0.01, 0.01, 
0.01, 0.01, 0.01, 0.01, 0.01, 0, 0, 0, 0, 0, 0, 0, 0, 0, 0, 0, 
0, 0, 0, 0, 0, 0, 0, 0, 0, 0, 0, 0.53855, 0.54765, 0.53003, 0.55754, 
0.55663, 0.55208, 0.55702, 0.55528, 0.55737, 0.56077, 0.56758, 
0.5313, 0.53819, 0.54335, 0.54955, 0.55715, 0.55529, 0.55849, 
0.56187, 0.56005, 0.54815, 0.56159, 3.6834, 4.5963, 5.2773, 6.0269, 
7.7669, 9.4149, 10.3366, 11.1042, 13.8316, 15.3723, 15.8202, 
988.9, 1085.3, 1183.8, 1276.1, 1377, 1471.7, 1571.4, 1666.7, 
1771, 1865.9, 1964.9, 1, 1, 1, 1, 1, 1, 1, 1, 1, 1, 1, 1, 1, 
1, 1, 1, 1, 1, 1, 1, 1, 1, 1, 1, 1, 1, 1, 1, 1, 1, 1, 1, 1, 1, 
1, 1, 1, 1, 1, 1, 1, 1, 1, 1, 42.374, 52.17, 59.672, 67.809, 
86.221, 103.863, 113.837, 121.715, 151.056, 167.578, 172.513), .Dim = c(11L, 
40L), .Dimnames = list(NULL, c("Sampling", "PSO.cost", "PSO.gamma", 
"PSO.data.balancing", "PSO.feature.selection", "PSO.valid.acc", 
"PSO.test.acc", "PSO.train.time", "PSO.n.support.vectors", "PSO.index", 
"PSO.n.solutions", "PSO.generations", "PSO.n.evaluations", "PSO.cpu.time", 
"RS.cost", "RS.gamma", "RS.data.balancing", "RS.feature.selection", 
"RS.valid.acc", "RS.test.acc", "RS.train.time", "RS.n.support.vectors", 
"RS.index", "RS.n.solutions", "RS.generations", "RS.n.evaluations", 
"RS.cpu.time", "DF.cost", "DF.gamma", "DF.data.balancing", "DF.feature.selection", 
"DF.valid.acc", "DF.test.acc", "DF.train.time", "DF.n.support.vectors", 
"DF.index", "DF.n.solutions", "DF.generations", "DF.n.evaluations", 
"DF.cpu.time")))
