full <-
structure(c(50, 55, 60, 65, 70, 75, 80, 85, 90, 95, 100, 3.45069, 
4.83376, 3.21273, 8.73721, 1.45907, 0.91027, 10.05629, 2.52272, 
3.2254, 1.49011, 8.81814, -10.73523, -11.39617, -9.32487, -15, 
-7.132, -6.96494, -14.83861, -8.75948, -9.2136, -7.6162, -14.97431, 
0, 0, 0, 0, 0, 0, 0, 0, 0, 0, 0, 0, 0, 0, 0, 0, 0, 0, 0, 0, 0, 
0, 0.52872, 0.55852, 0.562, 0.56183, 0.54451, 0.54789, 0.55549, 
0.56329, 0.57203, 0.55957, 0.56796, 0.51914, 0.54036, 0.55663, 
0.55262, 0.53027, 0.53878, 0.53901, 0.54966, 0.56625, 0.54862, 
0.55637, 3.1825, 3.6343, 4.4847, 5.2903, 7.426, 8.039, 9.1116, 
10.3213, 11.8036, 14.2732, 15.7631, 911.9, 964.8, 1067, 1107.2, 
1364.4, 1466.7, 1310.2, 1548.1, 1621.1, 1801.8, 1700.5, 1180, 
787, 2130, 1286, 1336, 1090, 2071, 2138, 1329, 2435, 975, 39, 
54, 3, 41, 44, 37, 3, 1, 59, 1, 2, 100, 100, 100, 100, 100, 100, 
100, 100, 100, 100, 100, 2500, 2500, 2500, 2500, 2500, 2500, 
2500, 2500, 2500, 2500, 2500, 98159.781, 113018.645, 134196.369, 
151814.118, 199544.307, 234035.371, 253718.22, 291840.487, 327483.556, 
454303.233, 434050.711, 3.54474, 4.81224, 3.6292, 8.00888, 1.44918, 
0.96102, 10.11698, 1.87865, 5.72711, 1.53676, 6.47343, -10.86306, 
-11.40953, -9.48723, -14.27186, -7.20567, -7.04266, -14.34345, 
-8.41166, -11.4569, -7.73237, -12.6653, 0, 0, 0, 0, 0, 0, 0, 
0, 0, 0, 0, 0, 0, 0, 0, 0, 0, 0, 0, 0, 0, 0, 0.52793, 0.55706, 
0.55866, 0.5606, 0.54281, 0.54682, 0.553, 0.56328, 0.56981, 0.55748, 
0.56676, 0.51755, 0.53963, 0.55801, 0.55201, 0.53084, 0.53879, 
0.5415, 0.55107, 0.56313, 0.55073, 0.55997, 3.1571, 3.7532, 4.5297, 
5.1594, 6.5656, 9.2999, 8.8133, 9.9088, 11.8201, 14.7265, 13.9711, 
912.7, 965.9, 1059.4, 1108, 1359, 1462.1, 1297.2, 1571.6, 1539.4, 
1791.9, 1712.7, 102, 1031, 135, 687, 687, 839, 1767, 336, 2344, 
1377, 1953, 1, 1, 1, 1, 1, 1, 1, 1, 2, 1, 1, 100, 100, 100, 100, 
100, 100, 100, 100, 100, 100, 100, 2500, 2500, 2500, 2500, 2500, 
2500, 2500, 2500, 2500, 2500, 2500, 108171.784, 131500.401, 158664.788, 
183754.5, 201469.988, 268370.475, 295307.891, 323448.949, 395798.383, 
467973.17, 480676.62, 1, 1, 1, 1, 1, 1, 1, 1, 1, 1, 1, 0.01, 
0.01, 0.01, 0.01, 0.01, 0.01, 0.01, 0.01, 0.01, 0.01, 0.01, 0, 
0, 0, 0, 0, 0, 0, 0, 0, 0, 0, 0, 0, 0, 0, 0, 0, 0, 0, 0, 0, 0, 
0.51998, 0.52798, 0.53336, 0.53294, 0.52969, 0.54147, 0.52798, 
0.55106, 0.54847, 0.54567, 0.55235, 0.5184, 0.52945, 0.53263, 
0.53663, 0.53604, 0.53346, 0.52997, 0.54731, 0.56004, 0.5499, 
0.55558, 3.6321, 4.4362, 5.4456, 6.4078, 6.7611, 9.2552, 10.36, 
10.7632, 13.9312, 19.5806, 16.1351, 991.3, 1088.5, 1185.7, 1283, 
1381, 1482.4, 1574.1, 1667.9, 1770.5, 1864.7, 1965.6, 1, 1, 1, 
1, 1, 1, 1, 1, 1, 1, 1, 1, 1, 1, 1, 1, 1, 1, 1, 1, 1, 1, 1, 1, 
1, 1, 1, 1, 1, 1, 1, 1, 1, 1, 1, 1, 1, 1, 1, 1, 1, 1, 1, 1, 42.664, 
51.486, 61.465, 72.092, 76.381, 102.872, 114.991, 118.666, 151.753, 
213.394, 176.614), .Dim = c(11L, 40L), .Dimnames = list(NULL, 
    c("Sampling", "PSO.cost", "PSO.gamma", "PSO.data.balancing", 
    "PSO.feature.selection", "PSO.valid.acc", "PSO.test.acc", 
    "PSO.train.time", "PSO.n.support.vectors", "PSO.index", "PSO.n.solutions", 
    "PSO.generations", "PSO.n.evaluations", "PSO.cpu.time", "RS.cost", 
    "RS.gamma", "RS.data.balancing", "RS.feature.selection", 
    "RS.valid.acc", "RS.test.acc", "RS.train.time", "RS.n.support.vectors", 
    "RS.index", "RS.n.solutions", "RS.generations", "RS.n.evaluations", 
    "RS.cpu.time", "DF.cost", "DF.gamma", "DF.data.balancing", 
    "DF.feature.selection", "DF.valid.acc", "DF.test.acc", "DF.train.time", 
    "DF.n.support.vectors", "DF.index", "DF.n.solutions", "DF.generations", 
    "DF.n.evaluations", "DF.cpu.time")))
