full <-
structure(c(50, 55, 60, 65, 70, 75, 80, 85, 90, 95, 100, 9.37755, 
9.73386, 1.76395, 2.53008, 2.41726, 6.51964, 11.09736, 4.78376, 
10.22879, 2.10897, 5.08172, -15, -14.99878, -8.17224, -8.56798, 
-8.67735, -15, -14.99514, -10.87819, -14.92101, -8.12544, -9.94686, 
0, 0, 0, 0, 0, 0, 0, 0, 0, 0, 0, 0, 0, 0, 0, 0, 0, 0, 0, 0, 0, 
0, 0.56392, 0.5584, 0.56061, 0.56003, 0.5743, 0.56271, 0.55146, 
0.56094, 0.568, 0.57262, 0.56922, 0.55611, 0.55186, 0.54199, 
0.55756, 0.5583, 0.54774, 0.53748, 0.54538, 0.55374, 0.56252, 
0.5688, 2.7737, 3.7038, 4.4346, 5.7944, 6.7002, 7.6139, 8.4776, 
9.6706, 11.5367, 14.5245, 14.9616, 837.4, 914.3, 1119.9, 1188, 
1277.5, 1386.7, 1284.6, 1467.6, 1483.1, 1765, 1760.5, 387, 343, 
789, 1401, 1738, 1155, 2490, 1692, 1060, 1448, 1348, 22, 239, 
491, 10, 10, 54, 1, 15, 4, 54, 19, 100, 100, 100, 100, 100, 100, 
100, 100, 100, 100, 100, 2500, 2500, 2500, 2500, 2500, 2500, 
2500, 2500, 2500, 2500, 2500, 87701.52, 106940.856, 133410.61, 
169238.169, 190590.66, 210951.573, 250288.278, 287580.856, 326527.297, 
411405.35, 437620.415, 8.94035, 9.06452, 1.60492, 6.46032, 2.46377, 
3.80895, 6.57637, 4.51654, 9.85165, 2.18325, 2.91975, -14.54224, 
-14.51624, -8.14851, -11.41532, -8.74025, -12.26812, -13.42697, 
-10.74681, -14.36037, -8.08649, -8.74866, 0, 0, 0, 0, 0, 0, 0, 
0, 0, 0, 0, 0, 0, 0, 0, 0, 0, 0, 0, 0, 0, 0, 0.56073, 0.55624, 
0.55728, 0.55818, 0.57258, 0.56271, 0.54796, 0.55953, 0.56711, 
0.56967, 0.56841, 0.55611, 0.55843, 0.54132, 0.54279, 0.55887, 
0.54828, 0.54499, 0.54586, 0.55642, 0.56169, 0.57001, 2.7855, 
3.2746, 4.8783, 5.3492, 6.5839, 7.3937, 8.5102, 9.8026, 11.5173, 
15.204, 15.3842, 837.1, 919.3, 1122.7, 1090.9, 1275.5, 1391.2, 
1387.5, 1474.9, 1483.4, 1769, 1821.4, 895, 2142, 244, 1023, 1450, 
362, 1069, 1156, 472, 153, 832, 1, 1, 1, 1, 1, 2, 1, 1, 1, 1, 
1, 100, 100, 100, 100, 100, 100, 100, 100, 100, 100, 100, 2500, 
2500, 2500, 2500, 2500, 2500, 2500, 2500, 2500, 2500, 2500, 100855.457, 
127685.732, 154558.942, 180830.509, 208529.414, 247470.504, 288563.478, 
333653.003, 391885.136, 452973.532000001, 475557.824, 1, 1, 1, 
1, 1, 1, 1, 1, 1, 1, 1, 0.01, 0.01, 0.01, 0.01, 0.01, 0.01, 0.01, 
0.01, 0.01, 0.01, 0.01, 0, 0, 0, 0, 0, 0, 0, 0, 0, 0, 0, 0, 0, 
0, 0, 0, 0, 0, 0, 0, 0, 0, 0.5424, 0.53294, 0.53865, 0.53906, 
0.55715, 0.55947, 0.54151, 0.54492, 0.55155, 0.55744, 0.54962, 
0.54406, 0.54168, 0.54531, 0.5434, 0.55829, 0.54825, 0.53997, 
0.5482, 0.5489, 0.55579, 0.55718, 3.4617, 4.475, 5.4585, 6.6677, 
7.2711, 8.5766, 9.969, 11.2533, 13.8718, 16.1778, 16.3581, 989.5, 
1086.9, 1186.8, 1282.9, 1378.3, 1477.5, 1573.5, 1672.7, 1772.2, 
1867.9, 1965.5, 1, 1, 1, 1, 1, 1, 1, 1, 1, 1, 1, 1, 1, 1, 1, 
1, 1, 1, 1, 1, 1, 1, 1, 1, 1, 1, 1, 1, 1, 1, 1, 1, 1, 1, 1, 1, 
1, 1, 1, 1, 1, 1, 1, 1, 40.056, 50.995, 61.525, 74.622, 80.75, 
94.871, 110.087, 123.359, 151.47, 175.971, 178.295), .Dim = c(11L, 
40L), .Dimnames = list(NULL, c("Sampling", "PSO.cost", "PSO.gamma", 
"PSO.data.balancing", "PSO.feature.selection", "PSO.valid.acc", 
"PSO.test.acc", "PSO.train.time", "PSO.n.support.vectors", "PSO.index", 
"PSO.n.solutions", "PSO.generations", "PSO.n.evaluations", "PSO.cpu.time", 
"RS.cost", "RS.gamma", "RS.data.balancing", "RS.feature.selection", 
"RS.valid.acc", "RS.test.acc", "RS.train.time", "RS.n.support.vectors", 
"RS.index", "RS.n.solutions", "RS.generations", "RS.n.evaluations", 
"RS.cpu.time", "DF.cost", "DF.gamma", "DF.data.balancing", "DF.feature.selection", 
"DF.valid.acc", "DF.test.acc", "DF.train.time", "DF.n.support.vectors", 
"DF.index", "DF.n.solutions", "DF.generations", "DF.n.evaluations", 
"DF.cpu.time")))
