full <-
structure(c(50, 55, 60, 65, 70, 75, 80, 85, 90, 95, 100, 2.39996, 
3.25407, 1.49932, 4.5717, 5.01935, 3.10088, 8.14254, 3.96251, 
4.47263, 2.86042, 0.80635, -8.6741, -10.49883, -7.11143, -10.18876, 
-10.44902, -9.17661, -12.65357, -9.29925, -10.73038, -9.52115, 
-7.63844, 0, 0, 0, 0, 0, 0, 0, 0, 0, 0, 0, 0, 0, 0, 0, 0, 0, 
0, 0, 0, 0, 0, 0.55356, 0.54401, 0.55869, 0.55386, 0.55658, 0.55731, 
0.55755, 0.56518, 0.57289, 0.56843, 0.57802, 0.54711, 0.54391, 
0.55198, 0.55264, 0.54513, 0.54984, 0.54502, 0.553, 0.5649, 0.56758, 
0.55923, 3.2386, 3.7421, 5.1851, 5.2686, 6.0943, 6.5361, 8.3141, 
9.5989, 12.632, 15.4737, 15.9896, 923.8, 1000.7, 1166.2, 1136.1, 
1213.4, 1355, 1324, 1529, 1578.2, 1714.1, 1899.2, 2032, 930, 
279, 939, 779, 39, 998, 2435, 1723, 1935, 2209, 2, 15, 36, 65, 
117, 16, 193, 2, 35, 15, 5, 100, 100, 100, 100, 100, 100, 100, 
100, 100, 100, 100, 2500, 2500, 2500, 2500, 2500, 2500, 2500, 
2500, 2500, 2500, 2500, 96485.28, 107915.671, 138051.303, 154409.669, 
174384.352, 211560.103, 239228.772, 295492.193, 344622.078, 443674.104, 
470469.049, 3.29524, 5.54693, 1.42936, 4.52943, 4.73014, 3.14758, 
8.07514, 3.71072, 4.50627, 2.90806, 2.0573, -9.56433, -11.55293, 
-7.13629, -10.15567, -10.21376, -9.20771, -12.68268, -9.18526, 
-10.757, -9.59929, -8.5673, 0, 0, 0, 0, 0, 0, 0, 0, 0, 0, 0, 
0, 0, 0, 0, 0, 0, 0, 0, 0, 0, 0, 0.55033, 0.54186, 0.55469, 0.55325, 
0.55545, 0.55731, 0.55554, 0.5619, 0.57245, 0.56548, 0.57641, 
0.53988, 0.54537, 0.55398, 0.55264, 0.54399, 0.54984, 0.54701, 
0.55395, 0.56489, 0.56969, 0.56242, 3.1444, 3.5869, 4.7965, 5.1878, 
6.356, 6.9252, 8.662, 9.8377, 13.5284, 16.8878, 14.2062, 903.9, 
947.7, 1165, 1137.2, 1221, 1354.1, 1325.4, 1534.6, 1577, 1713.7, 
1839.9, 847, 737, 1394, 633, 2469, 1576, 700, 635, 1797, 989, 
1893, 1, 2, 2, 1, 1, 1, 3, 2, 1, 1, 1, 100, 100, 100, 100, 100, 
100, 100, 100, 100, 100, 100, 2500, 2500, 2500, 2500, 2500, 2500, 
2500, 2500, 2500, 2500, 2500, 105208.8, 125064.967, 148236.877, 
176428.554, 207191.003, 239311.32, 289123.055, 324717.005, 420734.086, 
516468.682, 460945.174000001, 1, 1, 1, 1, 1, 1, 1, 1, 1, 1, 1, 
0.01, 0.01, 0.01, 0.01, 0.01, 0.01, 0.01, 0.01, 0.01, 0.01, 0.01, 
0, 0, 0, 0, 0, 0, 0, 0, 0, 0, 0, 0, 0, 0, 0, 0, 0, 0, 0, 0, 0, 
0, 0.52163, 0.5113, 0.53338, 0.52493, 0.52688, 0.53711, 0.54301, 
0.55296, 0.55868, 0.54822, 0.56242, 0.52967, 0.52581, 0.52869, 
0.52437, 0.52628, 0.53867, 0.5475, 0.54215, 0.55113, 0.54991, 
0.56204, 3.4891, 4.3155, 5.2199, 6.0143, 7.364, 8.0093, 9.9296, 
11.7555, 15.6971, 17.6684, 15.8377, 990.8, 1089.9, 1185.5, 1284.5, 
1378.6, 1479.3, 1574.8, 1673.2, 1771.8, 1870.8, 1967.5, 1, 1, 
1, 1, 1, 1, 1, 1, 1, 1, 1, 1, 1, 1, 1, 1, 1, 1, 1, 1, 1, 1, 1, 
1, 1, 1, 1, 1, 1, 1, 1, 1, 1, 1, 1, 1, 1, 1, 1, 1, 1, 1, 1, 1, 
40.447, 49.276, 58.984, 67.468, 81.812, 88.736, 109.419, 129.622, 
171.319, 191.878, 172.373), .Dim = c(11L, 40L), .Dimnames = list(
    NULL, c("Sampling", "PSO.cost", "PSO.gamma", "PSO.data.balancing", 
    "PSO.feature.selection", "PSO.valid.acc", "PSO.test.acc", 
    "PSO.train.time", "PSO.n.support.vectors", "PSO.index", "PSO.n.solutions", 
    "PSO.generations", "PSO.n.evaluations", "PSO.cpu.time", "RS.cost", 
    "RS.gamma", "RS.data.balancing", "RS.feature.selection", 
    "RS.valid.acc", "RS.test.acc", "RS.train.time", "RS.n.support.vectors", 
    "RS.index", "RS.n.solutions", "RS.generations", "RS.n.evaluations", 
    "RS.cpu.time", "DF.cost", "DF.gamma", "DF.data.balancing", 
    "DF.feature.selection", "DF.valid.acc", "DF.test.acc", "DF.train.time", 
    "DF.n.support.vectors", "DF.index", "DF.n.solutions", "DF.generations", 
    "DF.n.evaluations", "DF.cpu.time")))
