full <-
structure(c(50, 55, 60, 65, 70, 75, 80, 85, 90, 95, 100, 8.25376, 
5.1303, 2.07273, 4.71829, 5.046, 3.09546, 7.17463, 6.49871, 4.4265, 
2.65777, 5.98908, -12.41674, -10.6593, -7.77605, -10.96308, -10.23029, 
-9.41885, -11.85078, -10.71178, -11.18484, -8.67446, -10.46544, 
0, 0, 0, 0, 0, 0, 0, 0, 0, 0, 0, 0, 0, 0, 0, 0, 0, 0, 0, 0, 0, 
0, 0.5616, 0.56009, 0.55935, 0.55566, 0.56286, 0.55199, 0.56707, 
0.55669, 0.5582, 0.57515, 0.56155, 0.54403, 0.547, 0.54009, 0.53528, 
0.54629, 0.54985, 0.55653, 0.55009, 0.54219, 0.56925, 0.56437, 
3.0437, 3.6949, 4.9468, 5.4643, 6.4958, 7.5877, 8.4074, 9.7038, 
10.9567, 13.5734, 14.4874, 823.4, 948.5, 1141.2, 1137.3, 1215, 
1352.4, 1332, 1471.8, 1589.8, 1733.9, 1741.6, 1007, 1361, 1632, 
621, 1060, 2047, 2030, 909, 1166, 611, 2211, 47, 9, 10, 54, 43, 
5, 4, 32, 31, 279, 1, 100, 100, 100, 100, 100, 100, 100, 100, 
100, 100, 100, 2500, 2500, 2500, 2500, 2500, 2500, 2500, 2500, 
2500, 2500, 2500, 91624.743, 113086.039, 143582.862, 156134.538, 
182168.081, 207873.389, 237361.618, 287786.06, 318339.027, 374755.147, 
421339.642, 8.40772, 5.14228, 2.53813, 4.98566, 5.65869, 2.79441, 
7.64358, 6.57969, 4.494, 2.52959, 4.2507, -12.5805, -10.69071, 
-7.99637, -11.26643, -10.67744, -9.90586, -14.12077, -10.84398, 
-11.23354, -8.55487, -10.68775, 0, 0, 0, 0, 0, 0, 0, 0, 0, 0, 
0, 0, 0, 0, 0, 0, 0, 0, 0, 0, 0, 0, 0.5592, 0.55864, 0.5567, 
0.55443, 0.56057, 0.55037, 0.56457, 0.55481, 0.5573, 0.57304, 
0.56039, 0.54562, 0.547, 0.53673, 0.53467, 0.548, 0.54984, 0.55804, 
0.55102, 0.54219, 0.56925, 0.56197, 2.9148, 3.77, 4.943, 5.3649, 
6.0923, 7.0749, 8.1829, 10.2514, 12.0346, 13.0245, 14.1969, 822.3, 
948.8, 1131.6, 1134.5, 1201.5, 1363.8, 1374.2, 1465, 1588.1, 
1741.9, 1756, 1909, 2466, 1299, 641, 2201, 1462, 891, 2283, 698, 
5, 286, 1, 1, 1, 1, 1, 1, 1, 1, 2, 1, 1, 100, 100, 100, 100, 
100, 100, 100, 100, 100, 100, 100, 2500, 2500, 2500, 2500, 2500, 
2500, 2500, 2500, 2500, 2500, 2500, 103916.233, 122566.512, 151776.587, 
178393.376, 210567.738, 248069.305, 278668.139, 320815.365, 383092.56, 
434720.875, 463162.445, 1, 1, 1, 1, 1, 1, 1, 1, 1, 1, 1, 0.01, 
0.01, 0.01, 0.01, 0.01, 0.01, 0.01, 0.01, 0.01, 0.01, 0.01, 0, 
0, 0, 0, 0, 0, 0, 0, 0, 0, 0, 0, 0, 0, 0, 0, 0, 0, 0, 0, 0, 0, 
0.53755, 0.52215, 0.54, 0.52865, 0.54057, 0.53705, 0.53155, 0.5294, 
0.54486, 0.55744, 0.54642, 0.532, 0.53453, 0.52605, 0.53292, 
0.52286, 0.54132, 0.53855, 0.5355, 0.53684, 0.55872, 0.5508, 
3.5856, 4.0292, 5.1089, 6.2379, 7.1825, 8.3806, 10.2075, 11.124, 
12.7683, 15.0852, 16.4239, 988.2, 1085.6, 1186.8, 1281.9, 1379.8, 
1477.8, 1574.4, 1673.7, 1768.3, 1863.6, 1964.4, 1, 1, 1, 1, 1, 
1, 1, 1, 1, 1, 1, 1, 1, 1, 1, 1, 1, 1, 1, 1, 1, 1, 1, 1, 1, 1, 
1, 1, 1, 1, 1, 1, 1, 1, 1, 1, 1, 1, 1, 1, 1, 1, 1, 1, 41.152, 
46.136, 57.953, 70.243, 79.792, 92.725, 112.446, 122.542, 139.411, 
164.175, 179.034), .Dim = c(11L, 40L), .Dimnames = list(NULL, 
    c("Sampling", "PSO.cost", "PSO.gamma", "PSO.data.balancing", 
    "PSO.feature.selection", "PSO.valid.acc", "PSO.test.acc", 
    "PSO.train.time", "PSO.n.support.vectors", "PSO.index", "PSO.n.solutions", 
    "PSO.generations", "PSO.n.evaluations", "PSO.cpu.time", "RS.cost", 
    "RS.gamma", "RS.data.balancing", "RS.feature.selection", 
    "RS.valid.acc", "RS.test.acc", "RS.train.time", "RS.n.support.vectors", 
    "RS.index", "RS.n.solutions", "RS.generations", "RS.n.evaluations", 
    "RS.cpu.time", "DF.cost", "DF.gamma", "DF.data.balancing", 
    "DF.feature.selection", "DF.valid.acc", "DF.test.acc", "DF.train.time", 
    "DF.n.support.vectors", "DF.index", "DF.n.solutions", "DF.generations", 
    "DF.n.evaluations", "DF.cpu.time")))
