full <-
structure(c(50, 55, 60, 65, 70, 75, 80, 85, 90, 95, 100, 5.44325, 
1.89047, 3.0886, 4.38728, 4.44485, 2.35123, 2.89452, 5.26515, 
2.93865, 2.29989, 9.42056, -10.87229, -8.20955, -9.04289, -10.0641, 
-9.99928, -7.80645, -8.27875, -11.31521, -8.40833, -8.61689, 
-12.38704, 0, 0, 0, 0, 0, 0, 0, 0, 0, 0, 0, 0, 0, 0, 0, 0, 0, 
0, 0, 0, 0, 0, 0.53204, 0.55487, 0.55989, 0.57101, 0.56857, 0.5691, 
0.57097, 0.56988, 0.56896, 0.5819, 0.57562, 0.52238, 0.54181, 
0.5473, 0.54026, 0.55486, 0.56155, 0.55999, 0.56145, 0.56228, 
0.57264, 0.56642, 2.9313, 4.2216, 4.9865, 4.9459, 6.1278, 9.2136, 
9.1412, 10.3077, 13.1718, 14.6705, 16.7532, 866.8, 1029.4, 1083.2, 
1139.8, 1225.9, 1422.9, 1483, 1459.7, 1656, 1743.4, 1682.3, 732, 
2346, 1145, 738, 1994, 2037, 1057, 1191, 957, 1885, 2149, 39, 
1, 84, 106, 1, 21, 26, 83, 237, 12, 1, 100, 100, 100, 100, 100, 
100, 100, 100, 100, 100, 100, 2500, 2500, 2500, 2500, 2500, 2500, 
2500, 2500, 2500, 2500, 2500, 91431.57, 121012.707, 149438.088, 
157881.825, 187976.089, 238759.824, 250708.834, 296930.93, 363743.237, 
421601.905, 482223.165, 5.31238, 1.95189, 11.31777, 4.43957, 
3.35113, 2.62503, 2.1839, 5.56194, 0.04648, 2.16419, 5.09232, 
-10.84275, -7.70326, -6.19932, -10.0992, -9.02985, -8.06138, 
-7.85001, -11.59625, -7.28369, -8.62117, -10.33101, 0, 0, 0, 
0, 0, 0, 0, 0, 0, 0, 0, 0, 0, 0, 0, 0, 0, 0, 0, 0, 0, 0, 0.53124, 
0.55055, 0.55789, 0.57039, 0.56629, 0.56536, 0.56847, 0.56847, 
0.56579, 0.58105, 0.57443, 0.52558, 0.54691, 0.5399, 0.54026, 
0.55543, 0.56155, 0.561, 0.56051, 0.55294, 0.57516, 0.57003, 
2.9517, 4.3791, 5.9349, 5.5942, 6.4414, 7.8685, 9.4264, 10.2128, 
14.6266, 15.4989, 15.2468, 869.7, 1050.9, 1197.8, 1139.1, 1262.5, 
1407.7, 1506.7, 1455.2, 1744.6, 1746.4, 1739.3, 2018, 790, 845, 
207, 539, 966, 276, 1491, 2483, 2351, 431, 1, 1, 1, 1, 1, 1, 
1, 1, 1, 1, 1, 100, 100, 100, 100, 100, 100, 100, 100, 100, 100, 
100, 2500, 2500, 2500, 2500, 2500, 2500, 2500, 2500, 2500, 2500, 
2500, 106594.419, 138227, 164843.363, 188223.364, 212403.477, 
255622.059, 302626.473, 345458.87, 422577.647, 476695.902000001, 
476131.329, 1, 1, 1, 1, 1, 1, 1, 1, 1, 1, 1, 0.01, 0.01, 0.01, 
0.01, 0.01, 0.01, 0.01, 0.01, 0.01, 0.01, 0.01, 0, 0, 0, 0, 0, 
0, 0, 0, 0, 0, 0, 0, 0, 0, 0, 0, 0, 0, 0, 0, 0, 0, 0.49924, 0.53016, 
0.54923, 0.52918, 0.55486, 0.55146, 0.54798, 0.55294, 0.56092, 
0.56507, 0.54563, 0.50725, 0.52649, 0.53997, 0.54335, 0.54857, 
0.55092, 0.54896, 0.54779, 0.54896, 0.56127, 0.55564, 3.4709, 
4.6615, 5.3376, 6.1813, 7.1781, 8.8509, 10.4785, 12.8938, 14.7618, 
17.0386, 17.1751, 990.9, 1088.9, 1183.5, 1283.3, 1382.3, 1478.6, 
1574.8, 1673.1, 1771.8, 1873.3, 1965.2, 1, 1, 1, 1, 1, 1, 1, 
1, 1, 1, 1, 1, 1, 1, 1, 1, 1, 1, 1, 1, 1, 1, 1, 1, 1, 1, 1, 1, 
1, 1, 1, 1, 1, 1, 1, 1, 1, 1, 1, 1, 1, 1, 1, 1, 41.149, 53.762, 
61.136, 70.499, 80.749, 97.838, 115.994, 141.226, 161.166, 185.572, 
187.46), .Dim = c(11L, 40L), .Dimnames = list(NULL, c("Sampling", 
"PSO.cost", "PSO.gamma", "PSO.data.balancing", "PSO.feature.selection", 
"PSO.valid.acc", "PSO.test.acc", "PSO.train.time", "PSO.n.support.vectors", 
"PSO.index", "PSO.n.solutions", "PSO.generations", "PSO.n.evaluations", 
"PSO.cpu.time", "RS.cost", "RS.gamma", "RS.data.balancing", "RS.feature.selection", 
"RS.valid.acc", "RS.test.acc", "RS.train.time", "RS.n.support.vectors", 
"RS.index", "RS.n.solutions", "RS.generations", "RS.n.evaluations", 
"RS.cpu.time", "DF.cost", "DF.gamma", "DF.data.balancing", "DF.feature.selection", 
"DF.valid.acc", "DF.test.acc", "DF.train.time", "DF.n.support.vectors", 
"DF.index", "DF.n.solutions", "DF.generations", "DF.n.evaluations", 
"DF.cpu.time")))
