full <-
structure(c(50, 55, 60, 65, 70, 75, 80, 85, 90, 95, 100, 8.49982, 
4.1519, 8.25774, 3.92305, 2.46991, 6.71348, 8.45289, 3.99604, 
9.89908, 8.97806, 4.31513, -14.41155, -10.72373, -14.81555, -10.70602, 
-8.32297, -11.18858, -14.05513, -9.61178, -14.86511, -12.92778, 
-10.2994, 0, 0, 0, 0, 0, 0, 0, 0, 0, 0, 0, 0, 0, 0, 0, 0, 0, 
0, 0, 0, 0, 0, 0.5679, 0.53239, 0.56005, 0.55138, 0.54865, 0.54984, 
0.56545, 0.5671, 0.56448, 0.56549, 0.57523, 0.54088, 0.52805, 
0.55269, 0.53965, 0.53034, 0.52587, 0.55398, 0.5525, 0.55997, 
0.5558, 0.55885, 3.0833, 3.7754, 4.41, 4.9082, 6.8133, 7.3598, 
7.8583, 10.4006, 11.0387, 13.9549, 14.3428, 856.7, 981.5, 1045.3, 
1165, 1302, 1275.7, 1345.4, 1499.9, 1478.6, 1566.8, 1757.6, 1310, 
1231, 142, 1593, 1511, 1235, 659, 1262, 1289, 1340, 842, 35, 
51, 52, 34, 20, 34, 49, 32, 4, 16, 203, 100, 100, 100, 100, 100, 
100, 100, 100, 100, 100, 100, 2500, 2500, 2500, 2500, 2500, 2500, 
2500, 2500, 2500, 2500, 2500, 89380.844, 111790.928, 132996.129, 
147658.37, 194697.637, 212809.028, 242986.872, 297240.85, 309324.463, 
379910.111, 400643.238, 9.03959, 4.07347, 6.02712, 4.72396, 3.64938, 
7.1178, 8.60524, 4.96347, 9.56312, 3.24488, 3.91311, -14.93651, 
-10.65962, -12.62732, -11.3554, -9.37058, -11.54913, -13.35865, 
-9.73077, -14.50785, -9.46502, -10.18466, 0, 0, 0, 0, 0, 0, 0, 
0, 0, 0, 0, 0, 0, 0, 0, 0, 0, 0, 0, 0, 0, 0, 0.56631, 0.53166, 
0.55737, 0.5483, 0.54353, 0.54718, 0.56494, 0.56569, 0.56404, 
0.5659, 0.57562, 0.54168, 0.52659, 0.54869, 0.53841, 0.53436, 
0.52481, 0.55198, 0.55204, 0.55952, 0.5562, 0.55965, 2.9853, 
3.8276, 4.7528, 5.3732, 5.9269, 8.3501, 8.2838, 10.1668, 11.6133, 
13.8113, 14.3916, 856, 982.8, 1051.9, 1152, 1256.2, 1263.9, 1327.4, 
1497, 1478, 1696, 1768, 1248, 1376, 282, 2417, 2144, 1261, 2153, 
2435, 2107, 2376, 146, 1, 1, 1, 1, 1, 1, 1, 1, 1, 1, 1, 100, 
100, 100, 100, 100, 100, 100, 100, 100, 100, 100, 2500, 2500, 
2500, 2500, 2500, 2500, 2500, 2500, 2500, 2500, 2500, 105616.857, 
128416.873, 159394.578, 184405.426, 213634.616, 263539.077, 288023.727, 
328895.972, 384348.033, 442033.431, 465312.961, 1, 1, 1, 1, 1, 
1, 1, 1, 1, 1, 1, 0.01, 0.01, 0.01, 0.01, 0.01, 0.01, 0.01, 0.01, 
0.01, 0.01, 0.01, 0, 0, 0, 0, 0, 0, 0, 0, 0, 0, 0, 0, 0, 0, 0, 
0, 0, 0, 0, 0, 0, 0, 0.53434, 0.50257, 0.53535, 0.51936, 0.52121, 
0.53279, 0.55153, 0.54309, 0.55108, 0.5575, 0.55562, 0.52801, 
0.50976, 0.53408, 0.53224, 0.51656, 0.53066, 0.54256, 0.54168, 
0.56393, 0.54652, 0.55561, 3.5923, 4.4224, 4.8705, 5.9628, 7.0177, 
9.0483, 10.8385, 11.5606, 13.2697, 15.9285, 16.0421, 992.2, 1090.9, 
1186.7, 1284.5, 1382.5, 1479, 1575, 1670.2, 1771.5, 1868.8, 1963.9, 
1, 1, 1, 1, 1, 1, 1, 1, 1, 1, 1, 1, 1, 1, 1, 1, 1, 1, 1, 1, 1, 
1, 1, 1, 1, 1, 1, 1, 1, 1, 1, 1, 1, 1, 1, 1, 1, 1, 1, 1, 1, 1, 
1, 1, 41.425, 50.337, 55.301, 67.237, 78.077, 99.911, 119.431, 
127.26, 144.735, 173.377, 174.871), .Dim = c(11L, 40L), .Dimnames = list(
    NULL, c("Sampling", "PSO.cost", "PSO.gamma", "PSO.data.balancing", 
    "PSO.feature.selection", "PSO.valid.acc", "PSO.test.acc", 
    "PSO.train.time", "PSO.n.support.vectors", "PSO.index", "PSO.n.solutions", 
    "PSO.generations", "PSO.n.evaluations", "PSO.cpu.time", "RS.cost", 
    "RS.gamma", "RS.data.balancing", "RS.feature.selection", 
    "RS.valid.acc", "RS.test.acc", "RS.train.time", "RS.n.support.vectors", 
    "RS.index", "RS.n.solutions", "RS.generations", "RS.n.evaluations", 
    "RS.cpu.time", "DF.cost", "DF.gamma", "DF.data.balancing", 
    "DF.feature.selection", "DF.valid.acc", "DF.test.acc", "DF.train.time", 
    "DF.n.support.vectors", "DF.index", "DF.n.solutions", "DF.generations", 
    "DF.n.evaluations", "DF.cpu.time")))
