full <-
structure(c(50, 55, 60, 65, 70, 75, 80, 85, 90, 95, 100, 3.01978, 
6.41909, 1.62479, 2.71972, 5.24122, 9.08947, 7.42457, 6.08218, 
6.15147, 4.78219, 6.45883, -8.88542, -12.17243, -7.01207, -8.5836, 
-10.17455, -13.61628, -12.41114, -10.57717, -11.44024, -11.0106, 
-11.01628, 0, 0, 0, 0, 0, 0, 0, 0, 0, 0, 0, 0, 0, 0, 0, 0, 0, 
0, 0, 0, 0, 0, 0.56078, 0.56592, 0.56797, 0.56433, 0.57529, 0.56594, 
0.57701, 0.56993, 0.56395, 0.57981, 0.57244, 0.54877, 0.56377, 
0.54934, 0.55635, 0.5668, 0.55209, 0.57102, 0.56138, 0.54846, 
0.57394, 0.55523, 3.1625, 3.5111, 4.8277, 5.2966, 6.0334, 6.9636, 
8.0248, 10.1458, 13.5097, 14.4957, 14.6428, 910.1, 934.9, 1176.3, 
1188.8, 1206.8, 1214.4, 1326.1, 1471.2, 1525.8, 1647.4, 1715.6, 
1335, 895, 2426, 1627, 1707, 2338, 1411, 1049, 1207, 1793, 1472, 
9, 47, 1, 14, 13, 9, 6, 11, 57, 31, 37, 100, 100, 100, 100, 100, 
100, 100, 100, 100, 100, 100, 2500, 2500, 2500, 2500, 2500, 2500, 
2500, 2500, 2500, 2500, 2500, 95823.432, 105595.54, 130685.682, 
154133.611, 173817.924, 205376.103, 233694.205, 291895.96, 403149.881, 
397222.48, 422392.346, 2.37644, 5.7555, 1.44508, 2.78217, 5.40936, 
9.11321, 7.5614, 5.9796, 2.87809, 3.56872, 5.91676, -8.35545, 
-11.55336, -6.87087, -8.63234, -10.29, -13.71101, -12.50328, 
-10.50794, -9.00039, -9.33682, -10.60404, 0, 0, 0, 0, 0, 0, 0, 
0, 0, 0, 0, 0, 0, 0, 0, 0, 0, 0, 0, 0, 0, 0, 0.55839, 0.56592, 
0.5653, 0.56187, 0.573, 0.56489, 0.5755, 0.56992, 0.56263, 0.57727, 
0.57043, 0.55118, 0.56815, 0.54733, 0.55512, 0.56509, 0.5553, 
0.56952, 0.56232, 0.55244, 0.57226, 0.55523, 2.9768, 3.5456, 
4.8202, 5.2731, 6.3203, 7.4511, 8.8663, 10.6382, 12.6845, 13.8825, 
14.9995, 928.7, 939.8, 1180.9, 1186.6, 1202.9, 1215.1, 1324.4, 
1473.5, 1628.2, 1692.4, 1730.3, 1723, 1, 15, 592, 1441, 1232, 
1325, 1894, 2353, 627, 1665, 1, 1, 1, 1, 1, 1, 1, 1, 2, 1, 2, 
100, 100, 100, 100, 100, 100, 100, 100, 100, 100, 100, 2500, 
2500, 2500, 2500, 2500, 2500, 2500, 2500, 2500, 2500, 2500, 102982.771, 
121154.117, 142320.881, 172057.247, 206814.933, 255694.843, 297265.779, 
350340.563, 486166.059, 456594.416999999, 497640.819, 1, 1, 1, 
1, 1, 1, 1, 1, 1, 1, 1, 0.01, 0.01, 0.01, 0.01, 0.01, 0.01, 0.01, 
0.01, 0.01, 0.01, 0.01, 0, 0, 0, 0, 0, 0, 0, 0, 0, 0, 0, 0, 0, 
0, 0, 0, 0, 0, 0, 0, 0, 0, 0.51918, 0.54041, 0.52929, 0.54282, 
0.54617, 0.54354, 0.55503, 0.54591, 0.55283, 0.5697, 0.54601, 
0.53436, 0.53315, 0.54795, 0.54037, 0.54619, 0.55472, 0.55352, 
0.55718, 0.55197, 0.56343, 0.55561, 3.2894, 4.0675, 4.6837, 5.9382, 
7.6173, 9.1554, 11.4381, 13.1485, 13.8704, 16.6179, 16.7355, 
991.2, 1088, 1185.6, 1282.4, 1380.3, 1476.6, 1575.1, 1673.8, 
1767.3, 1861.6, 1961.2, 1, 1, 1, 1, 1, 1, 1, 1, 1, 1, 1, 1, 1, 
1, 1, 1, 1, 1, 1, 1, 1, 1, 1, 1, 1, 1, 1, 1, 1, 1, 1, 1, 1, 1, 
1, 1, 1, 1, 1, 1, 1, 1, 1, 1, 38.357, 46.675, 53.418, 66.931, 
84.536, 100.992, 126.293, 145.658, 151.216, 180.586, 182.526), .Dim = c(11L, 
40L), .Dimnames = list(NULL, c("Sampling", "PSO.cost", "PSO.gamma", 
"PSO.data.balancing", "PSO.feature.selection", "PSO.valid.acc", 
"PSO.test.acc", "PSO.train.time", "PSO.n.support.vectors", "PSO.index", 
"PSO.n.solutions", "PSO.generations", "PSO.n.evaluations", "PSO.cpu.time", 
"RS.cost", "RS.gamma", "RS.data.balancing", "RS.feature.selection", 
"RS.valid.acc", "RS.test.acc", "RS.train.time", "RS.n.support.vectors", 
"RS.index", "RS.n.solutions", "RS.generations", "RS.n.evaluations", 
"RS.cpu.time", "DF.cost", "DF.gamma", "DF.data.balancing", "DF.feature.selection", 
"DF.valid.acc", "DF.test.acc", "DF.train.time", "DF.n.support.vectors", 
"DF.index", "DF.n.solutions", "DF.generations", "DF.n.evaluations", 
"DF.cpu.time")))
