full <-
structure(c(50, 55, 60, 65, 70, 75, 80, 85, 90, 95, 100, 6.10083, 
1.85444, 1.43914, 1.11154, 1.17086, 4.7985, 1.444, 9.23319, 11.47974, 
6.36819, 5.75812, -11.83942, -8.07334, -6.37977, -7.92338, -6.97389, 
-11.61254, -7.43069, -15, -15, -11.09707, -10.43246, 0, 0, 0, 
0, 0, 0, 0, 0, 0, 0, 0, 0, 0, 0, 0, 0, 0, 0, 0, 0, 0, 0, 0.56402, 
0.55925, 0.54996, 0.55817, 0.56571, 0.56746, 0.56999, 0.56467, 
0.56672, 0.56802, 0.56958, 0.54559, 0.54542, 0.53792, 0.54639, 
0.55028, 0.56167, 0.56551, 0.55622, 0.55249, 0.55955, 0.56159, 
2.9724, 4.1289, 5.2897, 5.8266, 7.5158, 7.5304, 9.3141, 9.2837, 
12.7286, 14.0602, 15.466, 847.1, 1028.9, 1197, 1224.3, 1364.3, 
1314, 1523.6, 1415.9, 1436.8, 1614.2, 1738.2, 1250, 1398, 2035, 
1862, 985, 857, 1231, 817, 1072, 1644, 427, 13, 35, 2, 2, 36, 
85, 23, 5, 85, 29, 66, 100, 100, 100, 100, 100, 100, 100, 100, 
100, 100, 100, 2500, 2500, 2500, 2500, 2500, 2500, 2500, 2500, 
2500, 2500, 2500, 90573.687, 121356.035, 147158.079, 180221.088, 
209278.776, 212525.066, 246688.075, 289435.252, 355119.38, 390671.829, 
430922.859, 6.12225, 1.67066, 12.02347, 2.28081, 1.55266, 2.80792, 
1.48258, 9.09498, 10.31332, 6.00436, 5.72838, -11.89974, -7.62506, 
-6.37364, -8.18168, -7.55655, -8.95396, -7.36722, -14.86234, 
-14.28682, -10.92053, -10.48459, 0, 0, 0, 0, 0, 0, 0, 0, 0, 0, 
0, 0, 0, 0, 0, 0, 0, 0, 0, 0, 0, 0, 0.56161, 0.55565, 0.54931, 
0.55566, 0.56344, 0.56584, 0.56699, 0.5642, 0.56583, 0.56591, 
0.56839, 0.54319, 0.54545, 0.53459, 0.54332, 0.54972, 0.56644, 
0.56601, 0.55669, 0.55385, 0.55954, 0.5592, 3.0128, 4.2901, 6.0318, 
5.8496, 6.5676, 8.021, 10.2977, 10.3874, 11.782, 13.991, 14.1872, 
847.5, 1046.1, 1197.5, 1205.3, 1331.2, 1356.8, 1527.4, 1415.9, 
1449.3, 1621.9, 1732.7, 2374, 1570, 25, 1294, 2058, 2360, 1494, 
569, 2001, 2383, 1136, 1, 1, 1, 1, 1, 1, 1, 1, 1, 1, 4, 100, 
100, 100, 100, 100, 100, 100, 100, 100, 100, 100, 2500, 2500, 
2500, 2500, 2500, 2500, 2500, 2500, 2500, 2500, 2500, 107177.684, 
132737.184, 172110.572, 186025.492, 207207.156, 264760.352, 292313.92, 
360283.722, 380557.329, 454550.283, 470777.984, 1, 1, 1, 1, 1, 
1, 1, 1, 1, 1, 1, 0.01, 0.01, 0.01, 0.01, 0.01, 0.01, 0.01, 0.01, 
0.01, 0.01, 0.01, 0, 0, 0, 0, 0, 0, 0, 0, 0, 0, 0, 0, 0, 0, 0, 
0, 0, 0, 0, 0, 0, 0, 0.53921, 0.544, 0.53739, 0.53784, 0.54685, 
0.54349, 0.55, 0.54962, 0.55026, 0.5499, 0.55399, 0.54629, 0.54541, 
0.53863, 0.53844, 0.53373, 0.55366, 0.56351, 0.54778, 0.55427, 
0.54609, 0.55321, 3.6238, 4.4453, 5.6625, 6.4527, 6.9379, 8.8293, 
10.5263, 12.6434, 13.4534, 16.0705, 16.744, 985.1, 1084.5, 1183.7, 
1282.8, 1379.7, 1478.1, 1569.2, 1670.7, 1765, 1863.4, 1963.8, 
1, 1, 1, 1, 1, 1, 1, 1, 1, 1, 1, 1, 1, 1, 1, 1, 1, 1, 1, 1, 1, 
1, 1, 1, 1, 1, 1, 1, 1, 1, 1, 1, 1, 1, 1, 1, 1, 1, 1, 1, 1, 1, 
1, 1, 42.743, 51.404, 64.486, 73.104, 78.286, 98.247, 116.413, 
140.804, 147.403, 175.05, 182.646), .Dim = c(11L, 40L), .Dimnames = list(
    NULL, c("Sampling", "PSO.cost", "PSO.gamma", "PSO.data.balancing", 
    "PSO.feature.selection", "PSO.valid.acc", "PSO.test.acc", 
    "PSO.train.time", "PSO.n.support.vectors", "PSO.index", "PSO.n.solutions", 
    "PSO.generations", "PSO.n.evaluations", "PSO.cpu.time", "RS.cost", 
    "RS.gamma", "RS.data.balancing", "RS.feature.selection", 
    "RS.valid.acc", "RS.test.acc", "RS.train.time", "RS.n.support.vectors", 
    "RS.index", "RS.n.solutions", "RS.generations", "RS.n.evaluations", 
    "RS.cpu.time", "DF.cost", "DF.gamma", "DF.data.balancing", 
    "DF.feature.selection", "DF.valid.acc", "DF.test.acc", "DF.train.time", 
    "DF.n.support.vectors", "DF.index", "DF.n.solutions", "DF.generations", 
    "DF.n.evaluations", "DF.cpu.time")))
