full <-
structure(c(50, 55, 60, 65, 70, 75, 80, 85, 90, 95, 100, 5.92655, 
3.37511, 0.5758, 5.1314, 6.54045, 4.44641, 7.83281, 4.66314, 
2.34416, 4.87828, 5.8355, -12.32374, -9.43738, -6.04951, -10.20188, 
-11.39671, -10.10594, -12.22384, -10.87303, -8.82087, -9.98186, 
-11.00485, 0, 0, 0, 0, 0, 0, 0, 0, 0, 0, 0, 0, 0, 0, 0, 0, 0, 
0, 0, 0, 0, 0, 0.54238, 0.54042, 0.53669, 0.54644, 0.54333, 0.54881, 
0.55945, 0.56942, 0.56573, 0.565, 0.56163, 0.51919, 0.52441, 
0.53333, 0.53294, 0.52624, 0.5371, 0.55498, 0.55812, 0.56707, 
0.55493, 0.55446, 3.0255, 3.6538, 5.4701, 5.4916, 6.1384, 7.1804, 
7.9016, 9.3198, 11.8813, 14.8279, 16.941, 878.9, 991.1, 1197.4, 
1134.1, 1189.2, 1319, 1345.3, 1487.1, 1661.1, 1679.4, 1719.8, 
2458, 1116, 1025, 1017, 2398, 1457, 801, 1408, 2159, 2109, 1984, 
1, 242, 79, 34, 1, 20, 98, 8, 3, 2, 54, 100, 100, 100, 100, 100, 
100, 100, 100, 100, 100, 100, 2500, 2500, 2500, 2500, 2500, 2500, 
2500, 2500, 2500, 2500, 2500, 93450.901, 109490.415, 158426.831, 
160243.379, 189330.243, 206302.343, 237957.09, 275886.46, 336041.048, 
418640.516, 514987.158, 6.70873, 4.13946, 0.35158, 3.53488, 8.367, 
4.76617, 8.2466, 4.64734, 2.34801, 6.85245, 5.79232, -13.13987, 
-10.06313, -5.60441, -10.16505, -12.53599, -10.19615, -12.49938, 
-10.85771, -8.91727, -10.75707, -10.95893, 0, 0, 0, 0, 0, 0, 
0, 0, 0, 0, 0, 0, 0, 0, 0, 0, 0, 0, 0, 0, 0, 0, 0.54076, 0.53748, 
0.52934, 0.54461, 0.5405, 0.54721, 0.55796, 0.56942, 0.56218, 
0.56416, 0.56163, 0.5184, 0.52373, 0.52936, 0.52615, 0.52283, 
0.53604, 0.55748, 0.55765, 0.56708, 0.54988, 0.55366, 3.0502, 
3.4647, 5.5183, 5.3129, 6.1911, 7.5223, 8.8963, 10.0905, 12.8238, 
13.2759, 15.8418, 877.4, 974, 1200, 1164.4, 1161.9, 1314, 1338, 
1487.8, 1659.7, 1659.5, 1721.8, 514, 545, 228, 577, 2232, 650, 
2004, 1836, 1655, 558, 1184, 1, 1, 1, 2, 1, 1, 1, 1, 1, 2, 1, 
100, 100, 100, 100, 100, 100, 100, 100, 100, 100, 100, 2500, 
2500, 2500, 2500, 2500, 2500, 2500, 2500, 2500, 2500, 2500, 106966.035, 
128713.295, 157715.721, 182173.259, 210936.079, 249355.187, 293518.773, 
325661.411, 388587.993, 454748.332, 523089.951, 1, 1, 1, 1, 1, 
1, 1, 1, 1, 1, 1, 0.01, 0.01, 0.01, 0.01, 0.01, 0.01, 0.01, 0.01, 
0.01, 0.01, 0.01, 0, 0, 0, 0, 0, 0, 0, 0, 0, 0, 0, 0, 0, 0, 0, 
0, 0, 0, 0, 0, 0, 0, 0.52476, 0.512, 0.52534, 0.53171, 0.5182, 
0.53281, 0.54599, 0.54399, 0.5404, 0.55321, 0.53687, 0.52636, 
0.51131, 0.53469, 0.52124, 0.53084, 0.52906, 0.54246, 0.55341, 
0.54884, 0.54774, 0.54407, 3.6367, 4.4696, 5.2477, 6.2129, 7.3194, 
8.8293, 10.157, 11.6664, 14.5596, 17.2495, 17.6948, 987.1, 1086.1, 
1183.2, 1281.3, 1380.3, 1479, 1576.1, 1671.3, 1772.6, 1867.7, 
1964.4, 1, 1, 1, 1, 1, 1, 1, 1, 1, 1, 1, 1, 1, 1, 1, 1, 1, 1, 
1, 1, 1, 1, 1, 1, 1, 1, 1, 1, 1, 1, 1, 1, 1, 1, 1, 1, 1, 1, 1, 
1, 1, 1, 1, 1, 42.644, 51.872, 59.997, 70.585, 82.725, 97.696, 
111.826, 129.452, 159.945, 188.092, 193.186), .Dim = c(11L, 40L
), .Dimnames = list(NULL, c("Sampling", "PSO.cost", "PSO.gamma", 
"PSO.data.balancing", "PSO.feature.selection", "PSO.valid.acc", 
"PSO.test.acc", "PSO.train.time", "PSO.n.support.vectors", "PSO.index", 
"PSO.n.solutions", "PSO.generations", "PSO.n.evaluations", "PSO.cpu.time", 
"RS.cost", "RS.gamma", "RS.data.balancing", "RS.feature.selection", 
"RS.valid.acc", "RS.test.acc", "RS.train.time", "RS.n.support.vectors", 
"RS.index", "RS.n.solutions", "RS.generations", "RS.n.evaluations", 
"RS.cpu.time", "DF.cost", "DF.gamma", "DF.data.balancing", "DF.feature.selection", 
"DF.valid.acc", "DF.test.acc", "DF.train.time", "DF.n.support.vectors", 
"DF.index", "DF.n.solutions", "DF.generations", "DF.n.evaluations", 
"DF.cpu.time")))
