full <-
structure(c(50, 55, 60, 65, 70, 75, 80, 85, 90, 95, 100, 11.88567, 
4.32719, 1.83178, 3.01176, 3.37749, 10.04637, 6.11053, 3.30999, 
9.6161, 9.43195, 5.29329, -6.91491, -10.3796, -7.34747, -8.64375, 
-9.00175, -14.95726, -10.81542, -8.85579, -14.42828, -12.47991, 
-10.18556, 0, 0, 0, 0, 0, 0, 0, 0, 0, 0, 0, 0, 0, 0, 0, 0, 0, 
0, 0, 0, 0, 0, 0.52645, 0.55057, 0.54933, 0.54895, 0.55546, 0.56263, 
0.56152, 0.56474, 0.56667, 0.57008, 0.5768, 0.50646, 0.54471, 
0.53996, 0.55075, 0.54342, 0.55306, 0.54397, 0.55202, 0.55244, 
0.56591, 0.56558, 3.2583, 3.7423, 5.6739, 5.951, 5.7285, 6.5881, 
7.8226, 10.0602, 11.1223, 13.9138, 14.879, 994.9, 982.8, 1169.1, 
1198.1, 1275.9, 1246.3, 1381.3, 1554.2, 1492.8, 1593.3, 1749.4, 
157, 1376, 2494, 1827, 1307, 1619, 2455, 2035, 1170, 412, 2162, 
844, 12, 1, 2, 42, 9, 1, 12, 8, 74, 106, 100, 100, 100, 100, 
100, 100, 100, 100, 100, 100, 100, 2500, 2500, 2500, 2500, 2500, 
2500, 2500, 2500, 2500, 2500, 2500, 98366.566, 116170.375, 160645.946, 
177597.494, 174846.495, 192717.722, 241117.43, 284300.233, 313295.996, 
394241.309, 447007.501, 6.5428, 8.15941, 2.30005, 3.36458, 3.2522, 
7.34749, 6.89726, 2.41496, 1.86236, 8.23981, 4.95064, -11.82784, 
-14.08608, -7.42839, -8.72762, -8.98234, -12.21661, -11.42308, 
-8.40175, -9.22711, -11.87307, -10.00704, 0, 0, 0, 0, 0, 0, 0, 
0, 0, 0, 0, 0, 0, 0, 0, 0, 0, 0, 0, 0, 0, 0, 0.52721, 0.54839, 
0.54396, 0.54647, 0.55374, 0.55996, 0.557, 0.56238, 0.56446, 
0.56966, 0.57601, 0.51201, 0.54106, 0.54065, 0.5538, 0.54685, 
0.55092, 0.54549, 0.56001, 0.55245, 0.57391, 0.56638, 3.1302, 
3.8029, 5.7331, 5.2968, 5.7617, 7.1367, 7.7913, 10.7359, 11.6922, 
14.2377, 14.3744, 863.3, 954.3, 1169.6, 1194.5, 1277.2, 1262.6, 
1361.5, 1579.5, 1659.8, 1605.5, 1757.5, 1650, 1791, 894, 1277, 
2450, 1388, 175, 2214, 201, 1198, 1019, 1, 2, 1, 1, 1, 4, 1, 
1, 1, 1, 1, 100, 100, 100, 100, 100, 100, 100, 100, 100, 100, 
100, 2500, 2500, 2500, 2500, 2500, 2500, 2500, 2500, 2500, 2500, 
2500, 109742.776, 135834.506, 167728.663, 172100.325, 190420.472, 
235886.575, 266001.749, 324030.279, 378947.989, 458227.659, 464390.425000001, 
1, 1, 1, 1, 1, 1, 1, 1, 1, 1, 1, 0.01, 0.01, 0.01, 0.01, 0.01, 
0.01, 0.01, 0.01, 0.01, 0.01, 0.01, 0, 0, 0, 0, 0, 0, 0, 0, 0, 
0, 0, 0, 0, 0, 0, 0, 0, 0, 0, 0, 0, 0, 0.49358, 0.51494, 0.52404, 
0.52059, 0.53657, 0.544, 0.53449, 0.55061, 0.54979, 0.54907, 
0.5576, 0.49437, 0.51416, 0.51405, 0.53352, 0.53313, 0.54504, 
0.52953, 0.54872, 0.54089, 0.55454, 0.56077, 3.6813, 4.3193, 
5.6956, 5.5446, 6.6109, 7.5976, 9.2825, 11.5855, 13.7818, 18.0433, 
16.1205, 991.9, 1090.4, 1186.8, 1284.7, 1381.7, 1477.9, 1575, 
1676.3, 1771.2, 1863.4, 1964.1, 1, 1, 1, 1, 1, 1, 1, 1, 1, 1, 
1, 1, 1, 1, 1, 1, 1, 1, 1, 1, 1, 1, 1, 1, 1, 1, 1, 1, 1, 1, 1, 
1, 1, 1, 1, 1, 1, 1, 1, 1, 1, 1, 1, 1, 43.411, 49.304, 65.104, 
63.505, 74.012, 84.438, 102.703, 127.813, 150.098, 196.554, 175.397
), .Dim = c(11L, 40L), .Dimnames = list(NULL, c("Sampling", "PSO.cost", 
"PSO.gamma", "PSO.data.balancing", "PSO.feature.selection", "PSO.valid.acc", 
"PSO.test.acc", "PSO.train.time", "PSO.n.support.vectors", "PSO.index", 
"PSO.n.solutions", "PSO.generations", "PSO.n.evaluations", "PSO.cpu.time", 
"RS.cost", "RS.gamma", "RS.data.balancing", "RS.feature.selection", 
"RS.valid.acc", "RS.test.acc", "RS.train.time", "RS.n.support.vectors", 
"RS.index", "RS.n.solutions", "RS.generations", "RS.n.evaluations", 
"RS.cpu.time", "DF.cost", "DF.gamma", "DF.data.balancing", "DF.feature.selection", 
"DF.valid.acc", "DF.test.acc", "DF.train.time", "DF.n.support.vectors", 
"DF.index", "DF.n.solutions", "DF.generations", "DF.n.evaluations", 
"DF.cpu.time")))
