full <-
structure(c(50, 55, 60, 65, 70, 75, 80, 85, 90, 95, 100, 3.50148, 
5.66297, 5.00058, 3.32269, 3.91004, 3.38922, 3.75232, 3.42694, 
2.93203, 2.84145, 6.40253, -2.15003, -3.25586, -2.95559, -2.35335, 
-3.0896, -1.82439, -1.98715, -1.98411, -1.52214, -1.6868, -3.42622, 
0, 0, 0, 0, 0, 0, 0, 0, 0, 0, 0, 0, 0, 0, 0, 0, 0, 0, 0, 0, 0, 
0, 0.99188, 0.99317, 0.9953, 0.99519, 0.99464, 0.99708, 0.99726, 
0.99632, 0.99583, 0.99572, 0.99656, 0.99062, 0.98976, 0.99426, 
0.99471, 0.99196, 0.99624, 0.99609, 0.99595, 0.99444, 0.99572, 
0.99562, 0.5746, 0.4639, 0.5703, 0.7861, 0.6855, 1.2735, 1.3258, 
1.4799, 2.1076, 2.2155, 1.0883, 403.1, 239.1, 283.1, 407.6, 303.3, 
612.2, 555.5, 572.3, 845.2, 777.9, 300.2, 296, 808, 200, 108, 
10, 677, 1102, 684, 670, 11, 190, 527, 206, 490, 587, 718, 205, 
56, 294, 630, 964, 325, 100, 100, 100, 100, 100, 100, 100, 100, 
100, 100, 100, 2500, 2500, 2500, 2500, 2500, 2500, 2500, 2500, 
2500, 2500, 2500, 24564.46, 20707.61, 24067.39, 27928.997, 28364.561, 
38000.377, 43784.632, 49011.171, 63643.8100000001, 74100.84, 
42602.512, 6.35584, 5.41334, 5.82788, 4.50702, 3.18512, 3.26268, 
4.13602, 2.88193, 2.84477, 2.03293, 6.79274, -2.23213, -3.4258, 
-3.37663, -2.79614, -2.61109, -1.87101, -1.99361, -1.8385, -1.69959, 
-1.67888, -3.62977, 0, 0, 0, 0, 0, 0, 0, 0, 0, 0, 0, 0, 0, 0, 
0, 0, 0, 0, 0, 0, 0, 0, 0.99125, 0.9926, 0.99478, 0.99519, 0.99464, 
0.99708, 0.99687, 0.99595, 0.99583, 0.99572, 0.99656, 0.99062, 
0.98977, 0.99374, 0.99519, 0.99241, 0.99624, 0.99491, 0.99558, 
0.99583, 0.99572, 0.99562, 0.5454, 0.4191, 0.4968, 0.6847, 0.771, 
1.3282, 1.3049, 1.6173, 2.0758, 2.3643, 1.0094, 374.8, 227.9, 
242.8, 316.5, 374.6, 593, 549.6, 640.8, 737, 791.6, 278, 209, 
1895, 643, 716, 90, 565, 576, 579, 2433, 1442, 1144, 22, 3, 8, 
8, 5, 2, 4, 1, 1, 1, 1, 100, 100, 100, 100, 100, 100, 100, 100, 
100, 100, 100, 2500, 2500, 2500, 2500, 2500, 2500, 2500, 2500, 
2500, 2500, 2500, 31199.815, 36606.463, 41588.812, 47341.714, 
50138.872, 57132.086, 65567.999, 76066.2039999999, 82629.9380000001, 
104426.647, 110912.138, 1, 1, 1, 1, 1, 1, 1, 1, 1, 1, 1, 0.02778, 
0.02778, 0.02778, 0.02778, 0.02778, 0.02778, 0.02778, 0.02778, 
0.02778, 0.02778, 0.02778, 0, 0, 0, 0, 0, 0, 0, 0, 0, 0, 0, 0, 
0, 0, 0, 0, 0, 0, 0, 0, 0, 0, 0.92802, 0.92947, 0.92754, 0.93457, 
0.93523, 0.94037, 0.93902, 0.93745, 0.93781, 0.93712, 0.93804, 
0.92803, 0.9306, 0.92755, 0.93457, 0.93343, 0.93995, 0.93824, 
0.93708, 0.93712, 0.93712, 0.93867, 0.7716, 0.8818, 1.0987, 1.2369, 
1.3516, 1.48, 1.7542, 1.9539, 2.1819, 2.432, 2.4525, 576.5, 605.2, 
643.3, 678, 704, 732.5, 765.6, 794.5, 818.9, 847.8, 868.4, 1, 
1, 1, 1, 1, 1, 1, 1, 1, 1, 1, 1, 1, 1, 1, 1, 1, 1, 1, 1, 1, 1, 
1, 1, 1, 1, 1, 1, 1, 1, 1, 1, 1, 1, 1, 1, 1, 1, 1, 1, 1, 1, 1, 
1, 11.298, 12.424, 14.73, 16.344, 17.282, 18.505, 21.426, 23.637, 
26.014, 28.86, 28.961), .Dim = c(11L, 40L), .Dimnames = list(
    NULL, c("Sampling", "PSO.cost", "PSO.gamma", "PSO.data.balancing", 
    "PSO.feature.selection", "PSO.valid.acc", "PSO.test.acc", 
    "PSO.train.time", "PSO.n.support.vectors", "PSO.index", "PSO.n.solutions", 
    "PSO.generations", "PSO.n.evaluations", "PSO.cpu.time", "RS.cost", 
    "RS.gamma", "RS.data.balancing", "RS.feature.selection", 
    "RS.valid.acc", "RS.test.acc", "RS.train.time", "RS.n.support.vectors", 
    "RS.index", "RS.n.solutions", "RS.generations", "RS.n.evaluations", 
    "RS.cpu.time", "DF.cost", "DF.gamma", "DF.data.balancing", 
    "DF.feature.selection", "DF.valid.acc", "DF.test.acc", "DF.train.time", 
    "DF.n.support.vectors", "DF.index", "DF.n.solutions", "DF.generations", 
    "DF.n.evaluations", "DF.cpu.time")))
