full <-
structure(c(50, 55, 60, 65, 70, 75, 80, 85, 90, 95, 100, 11.93829, 
8.67112, 13.13496, 3.16172, 8.42161, 12.10003, 4.03376, 7.21647, 
7.20456, 15, 6.52593, -1.96511, -1.78002, -2.33407, -2.64323, 
-2.85457, -2.92852, -2.55498, -3.88512, -3.91934, -3.60945, -3.2288, 
0, 0, 0, 0, 0, 0, 0, 0, 0, 0, 0, 0, 0, 0, 0, 0, 0, 0, 0, 0, 0, 
0, 0.99437, 0.99431, 0.99531, 0.99615, 0.99733, 0.995, 0.9957, 
0.99669, 0.99687, 0.99638, 0.9975, 0.98937, 0.99146, 0.99375, 
0.99375, 0.99599, 0.99458, 0.9957, 0.99669, 0.99618, 0.99539, 
0.9975, 0.7166, 0.9388, 0.7758, 0.7038, 0.7272, 0.8264, 1.0218, 
0.7997, 0.8006, 0.9734, 1.1751, 464.7, 544.3, 398.3, 353.5, 332.2, 
325.9, 408.8, 242.9, 240.2, 266.2, 322.4, 81, 58, 21, 1291, 193, 
4, 61, 28, 427, 65, 1892, 1344, 1488, 963, 132, 1349, 793, 295, 
888, 45, 1410, 1, 100, 100, 100, 100, 100, 100, 100, 100, 100, 
100, 100, 2500, 2500, 2500, 2500, 2500, 2500, 2500, 2500, 2500, 
2500, 2500, 29577.135, 32373.438, 28745.069, 29365.894, 30121.446, 
33728.351, 35562.867, 30319.393, 36660.76, 35827.155, 46486.733, 
5.46302, 13.45436, 5.99506, 3.62888, 9.25072, 10.36428, 3.7406, 
7.79881, 10.79984, 14.76225, 6.06172, -1.85421, -1.88288, -2.3622, 
-2.79113, -2.84072, -2.52398, -2.49558, -4.14023, -4.00774, -3.92152, 
-3.1651, 0, 0, 0, 0, 0, 0, 0, 0, 0, 0, 0, 0, 0, 0, 0, 0, 0, 0, 
0, 0, 0, 0, 0.99437, 0.99431, 0.99531, 0.99566, 0.99733, 0.995, 
0.9957, 0.99669, 0.99653, 0.99638, 0.99718, 0.98937, 0.9926, 
0.99323, 0.99423, 0.99599, 0.99416, 0.9957, 0.99669, 0.99618, 
0.99539, 0.99718, 0.7805, 0.8802, 0.7314, 0.7113, 0.7293, 0.9703, 
1.0959, 0.7609, 0.7946, 0.8982, 1.2063, 499.3, 505.1, 391, 328.2, 
334.3, 396.6, 419.7, 227.6, 231.1, 239.1, 334.2, 11, 86, 1058, 
1449, 208, 26, 287, 154, 469, 26, 83, 50, 78, 3, 1, 21, 24, 8, 
20, 11, 39, 26, 100, 100, 100, 100, 100, 100, 100, 100, 100, 
100, 100, 2500, 2500, 2500, 2500, 2500, 2500, 2500, 2500, 2500, 
2500, 2500, 33321.39, 36719.272, 43099.284, 47044.855, 53583.883, 
62471.233, 71897.234, 79823.2529999999, 86376.5870000001, 100090.781, 
111084.002, 1, 1, 1, 1, 1, 1, 1, 1, 1, 1, 1, 0.02778, 0.02778, 
0.02778, 0.02778, 0.02778, 0.02778, 0.02778, 0.02778, 0.02778, 
0.02778, 0.02778, 0, 0, 0, 0, 0, 0, 0, 0, 0, 0, 0, 0, 0, 0, 0, 
0, 0, 0, 0, 0, 0, 0, 0.92553, 0.92491, 0.92598, 0.92638, 0.92761, 
0.93454, 0.9351, 0.93746, 0.9399, 0.93945, 0.93805, 0.92491, 
0.92548, 0.92545, 0.92638, 0.92627, 0.9337, 0.93588, 0.93746, 
0.94024, 0.93912, 0.93836, 0.8482, 0.9833, 1.1388, 1.2679, 1.4299, 
1.5437, 1.8259, 1.9242, 2.2806, 2.4247, 2.7848, 575.4, 598.7, 
631.1, 656.5, 691.4, 729.9, 756.6, 785.6, 810.8, 841.2, 865.2, 
1, 1, 1, 1, 1, 1, 1, 1, 1, 1, 1, 1, 1, 1, 1, 1, 1, 1, 1, 1, 1, 
1, 1, 1, 1, 1, 1, 1, 1, 1, 1, 1, 1, 1, 1, 1, 1, 1, 1, 1, 1, 1, 
1, 1, 11.704, 13.221, 14.945, 16.483, 18.15, 19.486, 22.283, 
23.345, 27.092, 28.842, 32.709), .Dim = c(11L, 40L), .Dimnames = list(
    NULL, c("Sampling", "PSO.cost", "PSO.gamma", "PSO.data.balancing", 
    "PSO.feature.selection", "PSO.valid.acc", "PSO.test.acc", 
    "PSO.train.time", "PSO.n.support.vectors", "PSO.index", "PSO.n.solutions", 
    "PSO.generations", "PSO.n.evaluations", "PSO.cpu.time", "RS.cost", 
    "RS.gamma", "RS.data.balancing", "RS.feature.selection", 
    "RS.valid.acc", "RS.test.acc", "RS.train.time", "RS.n.support.vectors", 
    "RS.index", "RS.n.solutions", "RS.generations", "RS.n.evaluations", 
    "RS.cpu.time", "DF.cost", "DF.gamma", "DF.data.balancing", 
    "DF.feature.selection", "DF.valid.acc", "DF.test.acc", "DF.train.time", 
    "DF.n.support.vectors", "DF.index", "DF.n.solutions", "DF.generations", 
    "DF.n.evaluations", "DF.cpu.time")))
