full <-
structure(c(50, 55, 60, 65, 70, 75, 80, 85, 90, 95, 100, 8.97, 
8.90839, 7.69839, 6.72898, 2.86995, 15, 15, 3.60323, 6.75215, 
6.24617, 7.23462, -3.00726, -2.02078, -2.54946, -1.90231, -2.33356, 
-1.41996, -3.38007, -2.46667, -2.21699, -2.2006, -3.57143, 0, 
0, 0, 0, 0, 0, 0, 0, 0, 0, 0, 0, 0, 0, 0, 0, 0, 0, 0, 0, 0, 0, 
0.99311, 0.99431, 0.99322, 0.99519, 0.99509, 0.99499, 0.99649, 
0.99559, 0.99757, 0.99671, 0.99656, 0.99248, 0.99259, 0.99322, 
0.99519, 0.99329, 0.99416, 0.99532, 0.99375, 0.99618, 0.99539, 
0.99562, 0.4412, 0.7437, 0.6589, 1.0248, 0.9321, 1.7932, 0.7773, 
1.1838, 1.354, 1.5125, 1.046, 271.9, 473.6, 367, 557.3, 448.4, 
830.5, 286.6, 445.8, 501.4, 520.2, 280.7, 39, 28, 138, 26, 231, 
111, 74, 829, 173, 73, 346, 1258, 1426, 913, 661, 547, 1229, 
992, 285, 925, 1023, 413, 100, 100, 100, 100, 100, 100, 100, 
100, 100, 100, 100, 2500, 2500, 2500, 2500, 2500, 2500, 2500, 
2500, 2500, 2500, 2500, 21004.98, 29016.583, 28193.549, 41924.815, 
36141.169, 55479.73, 33965.981, 42639.952, 49805.34, 57270.4770000001, 
38187.2389999999, 7.61202, 4.96304, 7.75895, 9.16136, 2.44351, 
10.73646, 8.40717, 4.59573, 6.29156, 7.94348, 6.9255, -2.55413, 
-2.02052, -2.55616, -1.54915, -1.94347, -1.40838, -3.34375, -2.34245, 
-2.23009, -2.0853, -3.5033, 0, 0, 0, 0, 0, 0, 0, 0, 0, 0, 0, 
0, 0, 0, 0, 0, 0, 0, 0, 0, 0, 0, 0.99311, 0.99431, 0.99322, 0.99519, 
0.99509, 0.99499, 0.99649, 0.99522, 0.99757, 0.99671, 0.99656, 
0.99186, 0.99259, 0.99322, 0.99423, 0.99419, 0.99416, 0.99532, 
0.99375, 0.99618, 0.99572, 0.99593, 0.5146, 0.8063, 0.6734, 1.3676, 
1.1784, 1.7096, 0.7894, 1.2091, 1.3504, 1.6042, 1.0336, 335.9, 
473.6, 366.1, 701.2, 568.1, 836.6, 291.2, 468.2, 496.7, 560.1, 
291.2, 34, 45, 11, 24, 2103, 79, 57, 777, 569, 136, 1575, 49, 
15, 5, 33, 1, 78, 12, 6, 5, 8, 1, 100, 100, 100, 100, 100, 100, 
100, 100, 100, 100, 100, 2500, 2500, 2500, 2500, 2500, 2500, 
2500, 2500, 2500, 2500, 2500, 32110.379, 36909.004, 41203.798, 
47109.454, 52063.233, 58741.263, 67063.1080000001, 72670.165, 
82797.8539999999, 93097.7119999999, 110636.166, 1, 1, 1, 1, 1, 
1, 1, 1, 1, 1, 1, 0.02778, 0.02778, 0.02778, 0.02778, 0.02778, 
0.02778, 0.02778, 0.02778, 0.02778, 0.02778, 0.02778, 0, 0, 0, 
0, 0, 0, 0, 0, 0, 0, 0, 0, 0, 0, 0, 0, 0, 0, 0, 0, 0, 0, 0.92042, 
0.92946, 0.93274, 0.93744, 0.93745, 0.93911, 0.93978, 0.93894, 
0.93884, 0.93877, 0.93868, 0.9198, 0.93116, 0.93274, 0.93745, 
0.93835, 0.93911, 0.93861, 0.93894, 0.93815, 0.93844, 0.93805, 
0.7862, 0.9276, 1.1404, 1.201, 1.3658, 1.4904, 1.7165, 1.8468, 
2.0518, 2.3905, 2.827, 605.8, 638.2, 673.1, 702.6, 732.3, 750.1, 
778.7, 803.4, 823, 841.1, 866.8, 1, 1, 1, 1, 1, 1, 1, 1, 1, 1, 
1, 1, 1, 1, 1, 1, 1, 1, 1, 1, 1, 1, 1, 1, 1, 1, 1, 1, 1, 1, 1, 
1, 1, 1, 1, 1, 1, 1, 1, 1, 1, 1, 1, 1, 11.42, 12.868, 15.278, 
15.857, 17.472, 18.75, 20.813, 22.346, 24.51, 28.497, 33.255), .Dim = c(11L, 
40L), .Dimnames = list(NULL, c("Sampling", "PSO.cost", "PSO.gamma", 
"PSO.data.balancing", "PSO.feature.selection", "PSO.valid.acc", 
"PSO.test.acc", "PSO.train.time", "PSO.n.support.vectors", "PSO.index", 
"PSO.n.solutions", "PSO.generations", "PSO.n.evaluations", "PSO.cpu.time", 
"RS.cost", "RS.gamma", "RS.data.balancing", "RS.feature.selection", 
"RS.valid.acc", "RS.test.acc", "RS.train.time", "RS.n.support.vectors", 
"RS.index", "RS.n.solutions", "RS.generations", "RS.n.evaluations", 
"RS.cpu.time", "DF.cost", "DF.gamma", "DF.data.balancing", "DF.feature.selection", 
"DF.valid.acc", "DF.test.acc", "DF.train.time", "DF.n.support.vectors", 
"DF.index", "DF.n.solutions", "DF.generations", "DF.n.evaluations", 
"DF.cpu.time")))
