full <-
structure(c(50, 55, 60, 65, 70, 75, 80, 85, 90, 95, 100, 8.51376, 
8.22964, 3.55279, 4.73877, 3.27988, 4.72234, 3.10288, 7.89487, 
5.87621, 5.66691, 3.39196, -6.11826, -5.92329, -3.20867, -3.83797, 
-3.16925, -2.97674, -2.75136, -3.10179, -3.65414, -3.76485, -2.00924, 
0, 0, 0, 0, 0, 0, 0, 0, 0, 0, 0, 0, 0, 0, 0, 0, 0, 0, 0, 0, 0, 
0, 0.99124, 0.99034, 0.99165, 0.99374, 0.99374, 0.99416, 0.99453, 
0.99448, 0.99548, 0.99704, 0.99687, 0.98375, 0.98806, 0.99112, 
0.98989, 0.9924, 0.99458, 0.99414, 0.99264, 0.99514, 0.99671, 
0.99593, 0.3381, 0.3792, 0.5785, 0.5622, 0.7624, 0.8463, 1.058, 
0.9596, 0.9418, 0.9872, 2.2065, 141, 149.1, 285.5, 244.8, 316.1, 
323.7, 392.7, 311, 269.5, 268.3, 622.9, 342, 187, 159, 426, 109, 
670, 250, 192, 1188, 302, 266, 481, 624, 146, 340, 687, 382, 
254, 1070, 266, 656, 112, 100, 100, 100, 100, 100, 100, 100, 
100, 100, 100, 100, 2500, 2500, 2500, 2500, 2500, 2500, 2500, 
2500, 2500, 2500, 2500, 16642.525, 18587.063, 31239.17, 26222.142, 
31571.403, 37835.671, 37632.164, 37556.901, 38631.302, 41719.701, 
80817.312, 7.98924, 8.53199, 3.83481, 4.50143, 3.30895, 4.35487, 
3.06948, 10.96308, 6.18823, 6.31691, 4.03305, -5.70384, -5.98297, 
-3.35131, -3.42504, -3.18553, -2.80496, -2.71961, -3.1517, -3.88581, 
-4.0882, -1.98012, 0, 0, 0, 0, 0, 0, 0, 0, 0, 0, 0, 0, 0, 0, 
0, 0, 0, 0, 0, 0, 0, 0, 0.99124, 0.99034, 0.99165, 0.99326, 0.99374, 
0.99375, 0.99453, 0.99448, 0.99514, 0.99671, 0.99656, 0.98437, 
0.98863, 0.99112, 0.98989, 0.9924, 0.99458, 0.99414, 0.99264, 
0.99514, 0.99671, 0.99562, 0.3394, 0.3798, 0.5468, 0.5999, 0.7386, 
0.9072, 1.0692, 1.0161, 0.9081, 0.9735, 2.2767, 146.6, 146, 269.5, 
269.6, 314, 353.4, 398.6, 304.9, 252.2, 244.9, 629.8, 2048, 463, 
1169, 667, 349, 2161, 250, 667, 2164, 913, 854, 1, 3, 1, 2, 4, 
2, 1, 7, 1, 1, 1, 100, 100, 100, 100, 100, 100, 100, 100, 100, 
100, 100, 2500, 2500, 2500, 2500, 2500, 2500, 2500, 2500, 2500, 
2500, 2500, 34167.777, 39885.74, 44829.263, 51965.807, 55479.351, 
69173.894, 75421.124, 91940.106, 97937.1580000001, 112039.746, 
129641.321, 1, 1, 1, 1, 1, 1, 1, 1, 1, 1, 1, 0.02778, 0.02778, 
0.02778, 0.02778, 0.02778, 0.02778, 0.02778, 0.02778, 0.02778, 
0.02778, 0.02778, 0, 0, 0, 0, 0, 0, 0, 0, 0, 0, 0, 0, 0, 0, 0, 
0, 0, 0, 0, 0, 0, 0, 0.92305, 0.92382, 0.92439, 0.92541, 0.92628, 
0.93745, 0.93629, 0.93746, 0.93781, 0.93878, 0.93836, 0.92179, 
0.92382, 0.92491, 0.92589, 0.92628, 0.93703, 0.93629, 0.93673, 
0.9385, 0.93911, 0.93867, 0.8867, 0.9718, 1.1125, 1.338, 1.4697, 
1.668, 1.8696, 2.1207, 2.3108, 2.6415, 2.8661, 591.8, 613.3, 
643.6, 673.9, 705.5, 737.9, 762, 783.1, 808, 836.6, 867.2, 1, 
1, 1, 1, 1, 1, 1, 1, 1, 1, 1, 1, 1, 1, 1, 1, 1, 1, 1, 1, 1, 1, 
1, 1, 1, 1, 1, 1, 1, 1, 1, 1, 1, 1, 1, 1, 1, 1, 1, 1, 1, 1, 1, 
1, 12.323, 14.234, 15.604, 17.94, 19.28, 21.671, 23.576, 26.153, 
28.407, 31.772, 34.279), .Dim = c(11L, 40L), .Dimnames = list(
    NULL, c("Sampling", "PSO.cost", "PSO.gamma", "PSO.data.balancing", 
    "PSO.feature.selection", "PSO.valid.acc", "PSO.test.acc", 
    "PSO.train.time", "PSO.n.support.vectors", "PSO.index", "PSO.n.solutions", 
    "PSO.generations", "PSO.n.evaluations", "PSO.cpu.time", "RS.cost", 
    "RS.gamma", "RS.data.balancing", "RS.feature.selection", 
    "RS.valid.acc", "RS.test.acc", "RS.train.time", "RS.n.support.vectors", 
    "RS.index", "RS.n.solutions", "RS.generations", "RS.n.evaluations", 
    "RS.cpu.time", "DF.cost", "DF.gamma", "DF.data.balancing", 
    "DF.feature.selection", "DF.valid.acc", "DF.test.acc", "DF.train.time", 
    "DF.n.support.vectors", "DF.index", "DF.n.solutions", "DF.generations", 
    "DF.n.evaluations", "DF.cpu.time")))
