full <-
structure(c(50, 55, 60, 65, 70, 75, 80, 85, 90, 95, 100, 6.06787, 
3.15197, 3.27108, 8.88267, 5.01588, 8.24896, 2.44888, 1.90587, 
6.89924, 7.12082, 7.89318, -5.06882, -2.29841, -2.26264, -1.54833, 
-3.45913, -5.17402, -1.82851, -1.45052, -3.14697, -3.86071, -3.77683, 
0, 0, 0, 0, 0, 0, 0, 0, 0, 0, 0, 0, 0, 0, 0, 0, 0, 0, 0, 0, 0, 
0, 0.98873, 0.99261, 0.9927, 0.99375, 0.99241, 0.99458, 0.99492, 
0.99448, 0.99548, 0.99539, 0.99625, 0.98559, 0.98863, 0.99166, 
0.99086, 0.99106, 0.99291, 0.99335, 0.99484, 0.99444, 0.99473, 
0.99625, 0.3393, 0.6253, 0.7301, 1.3233, 0.621, 0.5213, 1.4394, 
2.0587, 0.9183, 0.8783, 0.9642, 175.5, 387.4, 412.3, 685, 259.7, 
176.5, 634.3, 867.6, 308.2, 258.8, 261.2, 166, 1167, 692, 196, 
276, 280, 304, 350, 2, 59, 144, 64, 60, 449, 130, 292, 312, 384, 
398, 654, 389, 626, 100, 100, 100, 100, 100, 100, 100, 100, 100, 
100, 100, 2500, 2500, 2500, 2500, 2500, 2500, 2500, 2500, 2500, 
2500, 2500, 28701.294, 24457.675, 30026.818, 37522.247, 29070.65, 
26532.264, 49096.048, 67916.42, 34959.303, 34585.5560000001, 
40868.471, 3.62054, 3.57001, 3.40469, 9.16788, 4.71726, 6.95601, 
2.65066, 1.69941, 14.18493, 7.87374, 4.55155, -1.57396, -2.20409, 
-2.20791, -1.54586, -3.18487, -4.41433, -1.84607, -1.36075, -3.06377, 
-4.30494, -3.31758, 0, 0, 0, 0, 0, 0, 0, 0, 0, 0, 0, 0, 0, 0, 
0, 0, 0, 0, 0, 0, 0, 0, 0.98872, 0.99204, 0.99218, 0.99375, 0.99241, 
0.99458, 0.99453, 0.99448, 0.99548, 0.99539, 0.99625, 0.98561, 
0.98863, 0.99166, 0.99086, 0.99151, 0.99375, 0.99335, 0.99521, 
0.99444, 0.99407, 0.99656, 0.7991, 0.6498, 0.8088, 1.3537, 0.6257, 
0.5474, 1.4226, 2.3593, 0.9398, 0.8094, 1.1366, 577.4, 406.8, 
422.2, 685.6, 287.3, 204.2, 624.6, 929.3, 317.7, 225.3, 333.3, 
114, 145, 2331, 1929, 856, 1633, 27, 1013, 42, 23, 160, 22, 1, 
1, 2, 2, 1, 7, 4, 23, 2, 4, 100, 100, 100, 100, 100, 100, 100, 
100, 100, 100, 100, 2500, 2500, 2500, 2500, 2500, 2500, 2500, 
2500, 2500, 2500, 2500, 31604.674, 36063.491, 41770.959, 46828.983, 
51786.643, 56869.35, 66319.41, 73184.3400000001, 83904.9620000001, 
94907.002, 109602.55, 1, 1, 1, 1, 1, 1, 1, 1, 1, 1, 1, 0.02778, 
0.02778, 0.02778, 0.02778, 0.02778, 0.02778, 0.02778, 0.02778, 
0.02778, 0.02778, 0.02778, 0, 0, 0, 0, 0, 0, 0, 0, 0, 0, 0, 0, 
0, 0, 0, 0, 0, 0, 0, 0, 0, 0, 0.92053, 0.92148, 0.92391, 0.93214, 
0.93653, 0.93497, 0.93705, 0.93779, 0.93713, 0.93911, 0.93899, 
0.92052, 0.92318, 0.92443, 0.93022, 0.93565, 0.93622, 0.93549, 
0.93852, 0.93713, 0.93878, 0.93836, 0.7871, 0.9149, 1.1151, 1.1773, 
1.3104, 1.5038, 1.7516, 1.8534, 2.1279, 2.3342, 2.714, 600, 628.9, 
657.4, 696.3, 717.9, 748.2, 769.7, 791.3, 823.4, 842.5, 867.5, 
1, 1, 1, 1, 1, 1, 1, 1, 1, 1, 1, 1, 1, 1, 1, 1, 1, 1, 1, 1, 1, 
1, 1, 1, 1, 1, 1, 1, 1, 1, 1, 1, 1, 1, 1, 1, 1, 1, 1, 1, 1, 1, 
1, 1, 11.578, 13.079, 14.95, 15.676, 16.976, 18.752, 21.451, 
22.466, 25.279, 27.698, 31.895), .Dim = c(11L, 40L), .Dimnames = list(
    NULL, c("Sampling", "PSO.cost", "PSO.gamma", "PSO.data.balancing", 
    "PSO.feature.selection", "PSO.valid.acc", "PSO.test.acc", 
    "PSO.train.time", "PSO.n.support.vectors", "PSO.index", "PSO.n.solutions", 
    "PSO.generations", "PSO.n.evaluations", "PSO.cpu.time", "RS.cost", 
    "RS.gamma", "RS.data.balancing", "RS.feature.selection", 
    "RS.valid.acc", "RS.test.acc", "RS.train.time", "RS.n.support.vectors", 
    "RS.index", "RS.n.solutions", "RS.generations", "RS.n.evaluations", 
    "RS.cpu.time", "DF.cost", "DF.gamma", "DF.data.balancing", 
    "DF.feature.selection", "DF.valid.acc", "DF.test.acc", "DF.train.time", 
    "DF.n.support.vectors", "DF.index", "DF.n.solutions", "DF.generations", 
    "DF.n.evaluations", "DF.cpu.time")))
