full <-
structure(c(50, 55, 60, 65, 70, 75, 80, 85, 90, 95, 100, 5.10956, 
2.53325, 13.11455, 2.27156, 15, 3.97509, 4.77972, 2.09782, 5.93172, 
7.36078, 4.19171, -2.89095, -2.1699, -6.61896, -2.57847, -2.23522, 
-2.54164, -4.2177, -2.11297, -3.4542, -3.64263, -2.15563, 0, 
0, 0, 0, 0, 0, 0, 0, 0, 0, 0, 0, 0, 0, 0, 0, 0, 0, 0, 0, 0, 0, 
0.98937, 0.99318, 0.99112, 0.99375, 0.99553, 0.99541, 0.99453, 
0.99522, 0.99687, 0.99572, 0.99593, 0.98688, 0.99033, 0.99165, 
0.99182, 0.99419, 0.99458, 0.99296, 0.99485, 0.99583, 0.99506, 
0.99562, 0.4731, 0.7407, 0.4231, 0.8193, 0.9653, 0.9525, 0.7594, 
1.6065, 0.903, 0.9245, 1.8162, 276.9, 427.9, 129.7, 382, 442.6, 
389.8, 254.2, 557.5, 280.5, 260.8, 560.4, 34, 1995, 170, 2153, 
164, 695, 1752, 559, 39, 1179, 557, 1383, 18, 368, 9, 1134, 1177, 
9, 155, 1173, 13, 220, 100, 100, 100, 100, 100, 100, 100, 100, 
100, 100, 100, 2500, 2500, 2500, 2500, 2500, 2500, 2500, 2500, 
2500, 2500, 2500, 20525.134, 34561.548, 19266.97, 31618.015, 
38333.033, 37200.666, 31489.303, 51698.27, 36796.169, 47223.5989999999, 
53915.3300000001, 2.49311, 2.64854, 2.82964, 2.08074, 10.9693, 
7.21867, 12.9374, 2.61314, 4.91778, 12.93698, 4.06899, -2.60233, 
-2.10551, -2.77931, -2.36936, -2.26827, -2.60255, -4.18549, -2.38121, 
-3.58486, -3.6785, -2.13916, 0, 0, 0, 0, 0, 0, 0, 0, 0, 0, 0, 
0, 0, 0, 0, 0, 0, 0, 0, 0, 0, 0, 0.98937, 0.99204, 0.99217, 0.99326, 
0.99553, 0.99541, 0.99413, 0.99522, 0.99687, 0.99539, 0.99593, 
0.9875, 0.99033, 0.99009, 0.99181, 0.99419, 0.99458, 0.99335, 
0.99448, 0.99479, 0.99506, 0.99562, 0.5477, 0.7617, 0.6521, 0.9002, 
0.9916, 0.9306, 0.687, 1.3139, 0.8979, 0.9066, 1.9371, 338.9, 
443.3, 332.2, 425.1, 433.9, 370.8, 216.6, 469.8, 287.1, 256.2, 
566, 2115, 1807, 910, 179, 371, 49, 2330, 191, 115, 75, 1778, 
27, 19, 2, 3, 4, 15, 1, 2, 8, 9, 2, 100, 100, 100, 100, 100, 
100, 100, 100, 100, 100, 100, 2500, 2500, 2500, 2500, 2500, 2500, 
2500, 2500, 2500, 2500, 2500, 32709.745, 37825.842, 43141.809, 
51051.629, 58846.542, 64938.33, 74775.414, 83214.139, 84960.1490000001, 
97941.3810000001, 112657.219, 1, 1, 1, 1, 1, 1, 1, 1, 1, 1, 1, 
0.02778, 0.02778, 0.02778, 0.02778, 0.02778, 0.02778, 0.02778, 
0.02778, 0.02778, 0.02778, 0.02778, 0, 0, 0, 0, 0, 0, 0, 0, 0, 
0, 0, 0, 0, 0, 0, 0, 0, 0, 0, 0, 0, 0, 0.92501, 0.93344, 0.93691, 
0.9384, 0.93878, 0.94078, 0.94214, 0.94151, 0.94128, 0.93976, 
0.93866, 0.92437, 0.93457, 0.93587, 0.93792, 0.93967, 0.94036, 
0.94136, 0.94114, 0.94058, 0.93943, 0.93866, 0.8485, 0.9989, 
1.124, 1.2659, 1.446, 1.7542, 1.9383, 2.0233, 2.0333, 2.4549, 
2.7379, 590.4, 632.3, 656, 684.3, 709.8, 735.5, 761.2, 783.1, 
808.2, 840.4, 869.5, 1, 1, 1, 1, 1, 1, 1, 1, 1, 1, 1, 1, 1, 1, 
1, 1, 1, 1, 1, 1, 1, 1, 1, 1, 1, 1, 1, 1, 1, 1, 1, 1, 1, 1, 1, 
1, 1, 1, 1, 1, 1, 1, 1, 1, 11.797, 13.362, 14.69, 17.439, 18.978, 
22.98, 24.507, 25.067, 24.534, 29.218, 32.224), .Dim = c(11L, 
40L), .Dimnames = list(NULL, c("Sampling", "PSO.cost", "PSO.gamma", 
"PSO.data.balancing", "PSO.feature.selection", "PSO.valid.acc", 
"PSO.test.acc", "PSO.train.time", "PSO.n.support.vectors", "PSO.index", 
"PSO.n.solutions", "PSO.generations", "PSO.n.evaluations", "PSO.cpu.time", 
"RS.cost", "RS.gamma", "RS.data.balancing", "RS.feature.selection", 
"RS.valid.acc", "RS.test.acc", "RS.train.time", "RS.n.support.vectors", 
"RS.index", "RS.n.solutions", "RS.generations", "RS.n.evaluations", 
"RS.cpu.time", "DF.cost", "DF.gamma", "DF.data.balancing", "DF.feature.selection", 
"DF.valid.acc", "DF.test.acc", "DF.train.time", "DF.n.support.vectors", 
"DF.index", "DF.n.solutions", "DF.generations", "DF.n.evaluations", 
"DF.cpu.time")))
