full <-
structure(c(50, 55, 60, 65, 70, 75, 80, 85, 90, 95, 100, 3.62922, 
4.1236, 3.78971, 2.53658, 3.48928, 3.35901, 4.64655, 3.05209, 
5.89402, 7.09387, 7.42653, -2.38369, -2.273, -2.57752, -1.64643, 
-3.39559, -2.69207, -3.40938, -2.19322, -1.78856, -3.78699, -4.95021, 
0, 0, 0, 0, 0, 0, 0, 0, 0, 0, 0, 0, 0, 0, 0, 0, 0, 0, 0, 0, 0, 
0, 0.99062, 0.99091, 0.9927, 0.9923, 0.99464, 0.99583, 0.99413, 
0.99559, 0.99618, 0.9977, 0.99499, 0.98812, 0.99033, 0.98957, 
0.99038, 0.99375, 0.995, 0.99452, 0.99449, 0.99479, 0.99704, 
0.99562, 0.5609, 0.674, 0.668, 1.2511, 0.6871, 0.8516, 0.7658, 
1.3108, 1.7794, 0.8858, 0.8494, 350, 390.7, 343.7, 634.8, 284.5, 
366.2, 289.9, 502.4, 673.6, 255.1, 208, 479, 678, 1567, 621, 
2130, 741, 653, 1516, 72, 619, 879, 79, 63, 79, 196, 257, 356, 
426, 310, 530, 757, 43, 100, 100, 100, 100, 100, 100, 100, 100, 
100, 100, 100, 2500, 2500, 2500, 2500, 2500, 2500, 2500, 2500, 
2500, 2500, 2500, 25099.328, 29857.142, 28509.284, 38936.029, 
30558.073, 35515.602, 31393.035, 49161.297, 65040.2309999999, 
36261.958, 46472.635, 2.88658, 4.46171, 3.87766, 2.94528, 4.39785, 
3.57622, 4.61462, 4.68202, 3.86275, 6.40626, 9.14569, -2.14387, 
-2.42837, -2.55655, -1.96996, -3.94572, -2.66791, -3.36769, -3.04298, 
-1.42098, -3.79069, -5.65322, 0, 0, 0, 0, 0, 0, 0, 0, 0, 0, 0, 
0, 0, 0, 0, 0, 0, 0, 0, 0, 0, 0, 0.99, 0.99091, 0.99218, 0.99182, 
0.99419, 0.99541, 0.99413, 0.99559, 0.99618, 0.99737, 0.99499, 
0.98812, 0.98976, 0.98957, 0.99134, 0.99151, 0.99499, 0.99452, 
0.99449, 0.99548, 0.99704, 0.99405, 0.6594, 0.634, 0.7017, 1.0306, 
0.5871, 0.9291, 0.7811, 0.9314, 2.3822, 0.8898, 0.8064, 408.1, 
355.8, 346.1, 506.2, 241, 368.6, 293.1, 329.7, 893.1, 258.4, 
181.7, 191, 1248, 1107, 1781, 1335, 767, 1824, 1009, 85, 304, 
2467, 1, 1, 34, 3, 2, 2, 1, 1, 11, 13, 2, 100, 100, 100, 100, 
100, 100, 100, 100, 100, 100, 100, 2500, 2500, 2500, 2500, 2500, 
2500, 2500, 2500, 2500, 2500, 2500, 33495.88, 37823.473, 44008.224, 
49708.362, 55640.342, 59936.231, 65484.307, 73266.594, 82701.924, 
89578.3439999999, 100756.56, 1, 1, 1, 1, 1, 1, 1, 1, 1, 1, 1, 
0.02778, 0.02778, 0.02778, 0.02778, 0.02778, 0.02778, 0.02778, 
0.02778, 0.02778, 0.02778, 0.02778, 0, 0, 0, 0, 0, 0, 0, 0, 0, 
0, 0, 0, 0, 0, 0, 0, 0, 0, 0, 0, 0, 0, 0.92238, 0.92663, 0.93222, 
0.93552, 0.93478, 0.93659, 0.93667, 0.93966, 0.93988, 0.93944, 
0.93836, 0.92364, 0.9255, 0.93327, 0.93551, 0.93567, 0.93826, 
0.93667, 0.94003, 0.94023, 0.93911, 0.93836, 0.8925, 0.9923, 
1.1745, 1.2853, 1.3488, 1.5062, 1.6965, 1.8776, 2.1071, 2.3323, 
2.5136, 597.8, 620.7, 650.3, 668.5, 699.2, 730.6, 765.5, 789.6, 
812.6, 842.8, 866, 1, 1, 1, 1, 1, 1, 1, 1, 1, 1, 1, 1, 1, 1, 
1, 1, 1, 1, 1, 1, 1, 1, 1, 1, 1, 1, 1, 1, 1, 1, 1, 1, 1, 1, 1, 
1, 1, 1, 1, 1, 1, 1, 1, 1, 12.321, 13.333, 15.34, 16.453, 18.173, 
18.932, 20.937, 22.919, 25.294, 27.67, 29.483), .Dim = c(11L, 
40L), .Dimnames = list(NULL, c("Sampling", "PSO.cost", "PSO.gamma", 
"PSO.data.balancing", "PSO.feature.selection", "PSO.valid.acc", 
"PSO.test.acc", "PSO.train.time", "PSO.n.support.vectors", "PSO.index", 
"PSO.n.solutions", "PSO.generations", "PSO.n.evaluations", "PSO.cpu.time", 
"RS.cost", "RS.gamma", "RS.data.balancing", "RS.feature.selection", 
"RS.valid.acc", "RS.test.acc", "RS.train.time", "RS.n.support.vectors", 
"RS.index", "RS.n.solutions", "RS.generations", "RS.n.evaluations", 
"RS.cpu.time", "DF.cost", "DF.gamma", "DF.data.balancing", "DF.feature.selection", 
"DF.valid.acc", "DF.test.acc", "DF.train.time", "DF.n.support.vectors", 
"DF.index", "DF.n.solutions", "DF.generations", "DF.n.evaluations", 
"DF.cpu.time")))
