full <-
structure(c(50, 55, 60, 65, 70, 75, 80, 85, 90, 95, 100, 7.38512, 
4.58165, 5.23323, 8.76248, 3.02714, 2.88037, 4.09595, 6.23263, 
12.16979, 5.28422, 5.95544, -5.26423, -3.27887, -3.92941, -2.21504, 
-1.99039, -2.03188, -3.50603, -4.51916, -3.39687, -3.6688, -3.41313, 
0, 0, 0, 0, 0, 0, 0, 0, 0, 0, 0, 0, 0, 0, 0, 0, 0, 0, 0, 0, 0, 
0, 0.99062, 0.99204, 0.99322, 0.99374, 0.99374, 0.99416, 0.99336, 
0.99559, 0.99618, 0.99605, 0.99624, 0.98874, 0.9909, 0.99271, 
0.99278, 0.99419, 0.99332, 0.99297, 0.99411, 0.99583, 0.99539, 
0.99624, 0.3311, 0.5005, 0.4983, 0.9365, 1.1477, 1.2597, 0.7903, 
0.6965, 0.8472, 0.9359, 1.1159, 157.1, 254.8, 221.1, 446.2, 531.3, 
540.3, 294, 224.4, 286.8, 283.9, 300.9, 105, 455, 170, 69, 587, 
539, 733, 397, 235, 695, 335, 826, 192, 285, 461, 469, 369, 205, 
413, 449, 388, 899, 100, 100, 100, 100, 100, 100, 100, 100, 100, 
100, 100, 2500, 2500, 2500, 2500, 2500, 2500, 2500, 2500, 2500, 
2500, 2500, 17684.723, 21722.417, 21516.048, 28140.636, 40591.266, 
42945.849, 31593.763, 30421.831, 38634.946, 38678.7490000001, 
39928.463, 7.51919, 5.36311, 6.11665, 13.39959, 3.34799, 2.34376, 
4.25842, 5.11164, 13.88058, 5.29568, 5.99398, -5.10486, -4.08627, 
-4.66406, -3.70565, -1.97832, -1.7013, -3.63935, -4.04363, -3.39508, 
-3.65302, -3.54485, 0, 0, 0, 0, 0, 0, 0, 0, 0, 0, 0, 0, 0, 0, 
0, 0, 0, 0, 0, 0, 0, 0, 0.99062, 0.99091, 0.9927, 0.99374, 0.99329, 
0.99416, 0.99336, 0.99485, 0.99618, 0.99572, 0.99624, 0.98874, 
0.9909, 0.99218, 0.99182, 0.99419, 0.99332, 0.99297, 0.99411, 
0.99583, 0.99539, 0.99624, 0.3253, 0.4334, 0.4738, 0.5434, 1.167, 
1.4038, 0.7343, 0.7207, 0.9094, 0.9761, 1.0848, 157.7, 208.7, 
193.4, 226.3, 532, 672.8, 283.8, 253.9, 286.8, 285, 289, 198, 
278, 418, 28, 2251, 871, 1827, 1616, 201, 1075, 2368, 3, 5, 7, 
33, 4, 1, 2, 1, 16, 6, 10, 100, 100, 100, 100, 100, 100, 100, 
100, 100, 100, 100, 2500, 2500, 2500, 2500, 2500, 2500, 2500, 
2500, 2500, 2500, 2500, 33915.164, 38996.11, 42904.625, 48910.846, 
55180.721, 59385.375, 63611.249, 71156.312, 83791.8350000001, 
95872.741, 117465.976, 1, 1, 1, 1, 1, 1, 1, 1, 1, 1, 1, 0.02778, 
0.02778, 0.02778, 0.02778, 0.02778, 0.02778, 0.02778, 0.02778, 
0.02778, 0.02778, 0.02778, 0, 0, 0, 0, 0, 0, 0, 0, 0, 0, 0, 0, 
0, 0, 0, 0, 0, 0, 0, 0, 0, 0, 0.91926, 0.91808, 0.92126, 0.92731, 
0.93209, 0.93411, 0.93901, 0.93894, 0.93884, 0.93912, 0.93836, 
0.91926, 0.91865, 0.92179, 0.92635, 0.93387, 0.93494, 0.93822, 
0.93894, 0.9385, 0.93912, 0.93868, 0.8812, 1.0406, 1.1786, 1.3173, 
1.4538, 1.5843, 1.672, 1.8303, 2.1388, 2.4579, 2.7815, 598.4, 
632.3, 657.5, 686, 709.1, 734.6, 762.6, 787.3, 815.8, 839, 866.7, 
1, 1, 1, 1, 1, 1, 1, 1, 1, 1, 1, 1, 1, 1, 1, 1, 1, 1, 1, 1, 1, 
1, 1, 1, 1, 1, 1, 1, 1, 1, 1, 1, 1, 1, 1, 1, 1, 1, 1, 1, 1, 1, 
1, 1, 12.211, 13.905, 15.288, 16.755, 18.438, 19.934, 20.738, 
22.437, 25.563, 29.02, 32.607), .Dim = c(11L, 40L), .Dimnames = list(
    NULL, c("Sampling", "PSO.cost", "PSO.gamma", "PSO.data.balancing", 
    "PSO.feature.selection", "PSO.valid.acc", "PSO.test.acc", 
    "PSO.train.time", "PSO.n.support.vectors", "PSO.index", "PSO.n.solutions", 
    "PSO.generations", "PSO.n.evaluations", "PSO.cpu.time", "RS.cost", 
    "RS.gamma", "RS.data.balancing", "RS.feature.selection", 
    "RS.valid.acc", "RS.test.acc", "RS.train.time", "RS.n.support.vectors", 
    "RS.index", "RS.n.solutions", "RS.generations", "RS.n.evaluations", 
    "RS.cpu.time", "DF.cost", "DF.gamma", "DF.data.balancing", 
    "DF.feature.selection", "DF.valid.acc", "DF.test.acc", "DF.train.time", 
    "DF.n.support.vectors", "DF.index", "DF.n.solutions", "DF.generations", 
    "DF.n.evaluations", "DF.cpu.time")))
