full <-
structure(c(50, 55, 60, 65, 70, 75, 80, 85, 90, 95, 100, 4.21442, 
15, 4.94389, 14.22216, 2.35753, 9.32178, 13.36074, 1.84261, 6.49971, 
6.58671, 8.98432, -3.30456, -7.76455, -4.08388, -2.70922, -2.63687, 
-1.73715, -1.76346, -2.17842, -4.26146, -1.76892, -3.42294, 0, 
0, 0, 0, 0, 0, 0, 0, 0, 0, 0, 0, 0, 0, 0, 0, 0, 0, 0, 0, 0, 0, 
0.99247, 0.99148, 0.99062, 0.99134, 0.99508, 0.99291, 0.99375, 
0.99669, 0.99722, 0.99605, 0.99718, 0.98997, 0.99091, 0.98958, 
0.98942, 0.9933, 0.99249, 0.99453, 0.99448, 0.99548, 0.99375, 
0.99656, 0.4257, 0.395, 0.5059, 0.7197, 0.8661, 1.4414, 1.5768, 
1.4795, 0.8164, 2.15, 1.0265, 251.8, 114.4, 223.1, 351.9, 406, 
664.2, 676.3, 549.1, 232.2, 715.8, 288.9, 493, 261, 76, 8, 1115, 
97, 94, 502, 67, 186, 299, 314, 1250, 152, 1199, 164, 1213, 1132, 
346, 383, 952, 323, 100, 100, 100, 100, 100, 100, 100, 100, 100, 
100, 100, 2500, 2500, 2500, 2500, 2500, 2500, 2500, 2500, 2500, 
2500, 2500, 19068.367, 19993.952, 22866.988, 28657.759, 30118.568, 
48420.94, 52850.584, 53646.67, 34382.223, 67905.3200000001, 38283.9770000001, 
5.47134, 8.1148, 3.22577, 5.44685, 2.08721, 13.93287, 6.32135, 
1.66519, 6.32671, 4.59125, 7.69853, -4.5874, -6.09743, -3.03147, 
-3.70295, -2.48301, -1.7837, -4.43749, -2.14847, -4.11659, -1.75401, 
-3.38681, 0, 0, 0, 0, 0, 0, 0, 0, 0, 0, 0, 0, 0, 0, 0, 0, 0, 
0, 0, 0, 0, 0, 0.99246, 0.99149, 0.99062, 0.99134, 0.99464, 0.99291, 
0.99414, 0.99669, 0.99722, 0.99605, 0.99687, 0.9906, 0.9892, 
0.98801, 0.98942, 0.99285, 0.99166, 0.99374, 0.99485, 0.99583, 
0.99375, 0.99656, 0.3595, 0.4027, 0.6105, 0.538, 0.9195, 1.3914, 
0.6858, 1.47, 0.8354, 2.1173, 1.0132, 190.6, 158.2, 311.7, 245.8, 
437.6, 644.5, 226.2, 564.8, 240.2, 723, 293, 324, 1600, 1798, 
335, 567, 547, 767, 1002, 39, 553, 124, 2, 1, 4, 21, 4, 9, 1, 
1, 3, 6, 34, 100, 100, 100, 100, 100, 100, 100, 100, 100, 100, 
100, 2500, 2500, 2500, 2500, 2500, 2500, 2500, 2500, 2500, 2500, 
2500, 32639.09, 40681.677, 41765.057, 46353.074, 52886.333, 61613.801, 
70062.659, 80023.699, 87682.955, 97861.553, 106252.557, 1, 1, 
1, 1, 1, 1, 1, 1, 1, 1, 1, 0.02778, 0.02778, 0.02778, 0.02778, 
0.02778, 0.02778, 0.02778, 0.02778, 0.02778, 0.02778, 0.02778, 
0, 0, 0, 0, 0, 0, 0, 0, 0, 0, 0, 0, 0, 0, 0, 0, 0, 0, 0, 0, 0, 
0, 0.91739, 0.91747, 0.91556, 0.91627, 0.92048, 0.93246, 0.93588, 
0.93672, 0.93712, 0.93682, 0.93867, 0.9174, 0.91916, 0.91712, 
0.91674, 0.92048, 0.93245, 0.93588, 0.93635, 0.93816, 0.93781, 
0.93867, 0.8296, 0.9972, 1.1244, 1.2176, 1.4081, 1.5692, 1.6951, 
2.0467, 2.2332, 2.4578, 2.6005, 600.9, 632.6, 668.8, 699.5, 724.4, 
749.9, 776.1, 802.3, 822.6, 846.3, 869.7, 1, 1, 1, 1, 1, 1, 1, 
1, 1, 1, 1, 1, 1, 1, 1, 1, 1, 1, 1, 1, 1, 1, 1, 1, 1, 1, 1, 1, 
1, 1, 1, 1, 1, 1, 1, 1, 1, 1, 1, 1, 1, 1, 1, 1, 11.595, 14.314, 
14.717, 15.726, 17.779, 20.546, 21.774, 25.398, 27.366, 28.893, 
30.535), .Dim = c(11L, 40L), .Dimnames = list(NULL, c("Sampling", 
"PSO.cost", "PSO.gamma", "PSO.data.balancing", "PSO.feature.selection", 
"PSO.valid.acc", "PSO.test.acc", "PSO.train.time", "PSO.n.support.vectors", 
"PSO.index", "PSO.n.solutions", "PSO.generations", "PSO.n.evaluations", 
"PSO.cpu.time", "RS.cost", "RS.gamma", "RS.data.balancing", "RS.feature.selection", 
"RS.valid.acc", "RS.test.acc", "RS.train.time", "RS.n.support.vectors", 
"RS.index", "RS.n.solutions", "RS.generations", "RS.n.evaluations", 
"RS.cpu.time", "DF.cost", "DF.gamma", "DF.data.balancing", "DF.feature.selection", 
"DF.valid.acc", "DF.test.acc", "DF.train.time", "DF.n.support.vectors", 
"DF.index", "DF.n.solutions", "DF.generations", "DF.n.evaluations", 
"DF.cpu.time")))
