full <-
structure(c(50, 55, 60, 65, 70, 75, 80, 85, 90, 95, 100, 5.24622, 
6.17918, 2.08644, 3.96826, 2.23404, 2.15068, 2.53739, 2.1918, 
7.70187, 3.37546, 3.35279, -2.88074, -3.99852, -1.92394, -2.55748, 
-3.32399, -2.42492, -2.58905, -2.18078, -1.696, -1.61673, -2.00491, 
0, 0, 0, 0, 0, 0, 0, 0, 0, 0, 0, 0, 0, 0, 0, 0, 0, 0, 0, 0, 0, 
0, 0.99374, 0.99488, 0.99113, 0.99374, 0.99329, 0.99416, 0.99453, 
0.99522, 0.99548, 0.99441, 0.99687, 0.99249, 0.99089, 0.99164, 
0.99374, 0.99105, 0.99333, 0.99257, 0.99375, 0.99444, 0.99375, 
0.99594, 0.4582, 0.4244, 0.954, 0.7838, 0.7671, 1.0595, 1.0912, 
1.3653, 1.9685, 2.3446, 2.0388, 269.1, 204.5, 515.8, 377, 349.5, 
451.3, 424.5, 531.5, 727.3, 802.1, 624.5, 730, 1021, 948, 118, 
691, 224, 695, 280, 128, 775, 30, 124, 44, 342, 502, 232, 251, 
146, 792, 719, 427, 191, 100, 100, 100, 100, 100, 100, 100, 100, 
100, 100, 100, 2500, 2500, 2500, 2500, 2500, 2500, 2500, 2500, 
2500, 2500, 2500, 20654.145, 19680.87, 33230.163, 31211.735, 
33470.474, 34303.726, 39510.451, 50678.737, 62288.3099999999, 
78754.5769999999, 63928.2210000001, 5.70403, 5.19077, 2.55742, 
10.05211, 2.17699, 2.47952, 2.41083, 1.7949, 10.51782, 2.89763, 
3.01227, -3.1098, -4.07678, -1.96283, -2.09216, -3.18878, -2.6363, 
-2.42332, -2.00237, -1.7579, -1.46808, -1.89788, 0, 0, 0, 0, 
0, 0, 0, 0, 0, 0, 0, 0, 0, 0, 0, 0, 0, 0, 0, 0, 0, 0, 0.99311, 
0.99488, 0.99113, 0.99326, 0.99284, 0.99374, 0.99414, 0.99522, 
0.99548, 0.99441, 0.99687, 0.99249, 0.99317, 0.99268, 0.9947, 
0.9915, 0.99375, 0.99296, 0.99338, 0.99444, 0.99342, 0.99594, 
0.4289, 0.4235, 0.9233, 0.9493, 0.7847, 0.9353, 1.146, 1.5742, 
1.8866, 2.6605, 2.092, 245.2, 203.3, 497.4, 466.9, 357.6, 406.8, 
454.2, 599.1, 694, 905.4, 680, 328, 395, 616, 4, 569, 156, 2037, 
681, 681, 60, 686, 6, 2, 3, 14, 2, 5, 1, 4, 8, 6, 6, 100, 100, 
100, 100, 100, 100, 100, 100, 100, 100, 100, 2500, 2500, 2500, 
2500, 2500, 2500, 2500, 2500, 2500, 2500, 2500, 33401.007, 38929.765, 
42774.045, 49178.273, 53378.909, 58639.488, 68179.4179999999, 
74121.504, 89066.2609999999, 100947.259, 111707.055, 1, 1, 1, 
1, 1, 1, 1, 1, 1, 1, 1, 0.02778, 0.02778, 0.02778, 0.02778, 0.02778, 
0.02778, 0.02778, 0.02778, 0.02778, 0.02778, 0.02778, 0, 0, 0, 
0, 0, 0, 0, 0, 0, 0, 0, 0, 0, 0, 0, 0, 0, 0, 0, 0, 0, 0, 0.92054, 
0.9198, 0.9207, 0.92299, 0.93028, 0.9362, 0.93667, 0.93818, 0.93849, 
0.93879, 0.93867, 0.91991, 0.92037, 0.9207, 0.92587, 0.92984, 
0.93704, 0.93667, 0.93892, 0.9385, 0.93879, 0.93867, 0.8529, 
0.9956, 1.1474, 1.289, 1.4482, 1.5641, 1.7888, 2.0228, 2.3197, 
2.4281, 2.5532, 580.9, 615.7, 653.2, 680.3, 716.8, 746.8, 781.6, 
800.4, 818.6, 846.9, 870.4, 1, 1, 1, 1, 1, 1, 1, 1, 1, 1, 1, 
1, 1, 1, 1, 1, 1, 1, 1, 1, 1, 1, 1, 1, 1, 1, 1, 1, 1, 1, 1, 1, 
1, 1, 1, 1, 1, 1, 1, 1, 1, 1, 1, 1, 12.016, 13.513, 15.073, 16.558, 
18.342, 19.538, 21.921, 25.275, 28.481, 29.68, 31.396), .Dim = c(11L, 
40L), .Dimnames = list(NULL, c("Sampling", "PSO.cost", "PSO.gamma", 
"PSO.data.balancing", "PSO.feature.selection", "PSO.valid.acc", 
"PSO.test.acc", "PSO.train.time", "PSO.n.support.vectors", "PSO.index", 
"PSO.n.solutions", "PSO.generations", "PSO.n.evaluations", "PSO.cpu.time", 
"RS.cost", "RS.gamma", "RS.data.balancing", "RS.feature.selection", 
"RS.valid.acc", "RS.test.acc", "RS.train.time", "RS.n.support.vectors", 
"RS.index", "RS.n.solutions", "RS.generations", "RS.n.evaluations", 
"RS.cpu.time", "DF.cost", "DF.gamma", "DF.data.balancing", "DF.feature.selection", 
"DF.valid.acc", "DF.test.acc", "DF.train.time", "DF.n.support.vectors", 
"DF.index", "DF.n.solutions", "DF.generations", "DF.n.evaluations", 
"DF.cpu.time")))
