full <-
structure(c(50, 55, 60, 65, 70, 75, 80, 85, 90, 95, 100, 8.66092, 
6.31965, 7.77255, 5.26144, 7.21912, 2.44288, 4.77434, 4.19478, 
5.91413, 2.20559, 5.16676, -2.3614, -3.48597, -4.36503, -2.95013, 
-2.32171, -1.79035, -2.25, -3.08336, -4.3499, -1.84186, -3.05581, 
0, 0, 0, 0, 0, 0, 0, 0, 0, 0, 0, 0, 0, 0, 0, 0, 0, 0, 0, 0, 0, 
0, 0.98999, 0.99089, 0.9927, 0.99278, 0.99285, 0.99458, 0.99648, 
0.99449, 0.99583, 0.99605, 0.99656, 0.98686, 0.99145, 0.99166, 
0.99085, 0.9924, 0.99374, 0.99609, 0.99302, 0.99409, 0.99539, 
0.99437, 0.5821, 0.4367, 0.4729, 0.6974, 0.9578, 1.5042, 1.243, 
0.9408, 0.8202, 2.1208, 1.3079, 370.2, 231.6, 192.8, 308.9, 421.4, 
644.4, 469.5, 336.2, 239.7, 696.5, 355.4, 143, 832, 341, 989, 
33, 500, 380, 923, 185, 814, 1111, 960, 241, 142, 220, 1189, 
503, 58, 117, 230, 397, 342, 100, 100, 100, 100, 100, 100, 100, 
100, 100, 100, 100, 2500, 2500, 2500, 2500, 2500, 2500, 2500, 
2500, 2500, 2500, 2500, 25030.466, 19656.946, 24729.002, 35479.653, 
35051.929, 48039.952, 44013.121, 37219.889, 36220.298, 71687.071, 
50271.295, 14.97442, 4.24603, 7.39079, 3.5922, 9.72855, 2.83158, 
14.68449, 4.68023, 6.62713, 2.49438, 4.08913, -2.33415, -3.39224, 
-4.13638, -2.1011, -2.37573, -1.7197, -2.1649, -3.22972, -4.63433, 
-1.68789, -2.20321, 0, 0, 0, 0, 0, 0, 0, 0, 0, 0, 0, 0, 0, 0, 
0, 0, 0, 0, 0, 0, 0, 0, 0.98999, 0.99032, 0.9927, 0.99278, 0.99285, 
0.99416, 0.99609, 0.99412, 0.99548, 0.99572, 0.99624, 0.98686, 
0.98975, 0.99218, 0.9923, 0.9924, 0.99374, 0.99648, 0.99375, 
0.99409, 0.99506, 0.99437, 0.6166, 0.4709, 0.4767, 1.0048, 0.8855, 
1.5396, 1.2398, 0.9674, 0.7794, 2.2654, 1.7947, 376, 257, 202, 
479.5, 408.9, 670.9, 493.5, 316.3, 218.3, 764.5, 544.2, 216, 
236, 352, 712, 250, 755, 13, 1011, 1875, 1217, 1403, 6, 2, 3, 
5, 11, 3, 22, 3, 2, 3, 4, 100, 100, 100, 100, 100, 100, 100, 
100, 100, 100, 100, 2500, 2500, 2500, 2500, 2500, 2500, 2500, 
2500, 2500, 2500, 2500, 33941.485, 38349.675, 44173.938, 50839.43, 
54213.982, 63228.059, 70545.3740000001, 80613.076, 88516.062, 
98168.767, 113712.759, 1, 1, 1, 1, 1, 1, 1, 1, 1, 1, 1, 0.02778, 
0.02778, 0.02778, 0.02778, 0.02778, 0.02778, 0.02778, 0.02778, 
0.02778, 0.02778, 0.02778, 0, 0, 0, 0, 0, 0, 0, 0, 0, 0, 0, 0, 
0, 0, 0, 0, 0, 0, 0, 0, 0, 0, 0.91674, 0.92094, 0.91815, 0.92109, 
0.92627, 0.93286, 0.93432, 0.93413, 0.9385, 0.93844, 0.93774, 
0.91737, 0.92151, 0.91867, 0.92204, 0.92493, 0.93328, 0.93393, 
0.93524, 0.93816, 0.93877, 0.93805, 0.8653, 1.0331, 1.1945, 1.3435, 
1.4454, 1.6822, 1.8431, 2.0275, 2.1561, 2.58, 2.7676, 596, 625.5, 
671.1, 696, 718.7, 740.3, 776.7, 798.4, 815.6, 842.9, 868.2, 
1, 1, 1, 1, 1, 1, 1, 1, 1, 1, 1, 1, 1, 1, 1, 1, 1, 1, 1, 1, 1, 
1, 1, 1, 1, 1, 1, 1, 1, 1, 1, 1, 1, 1, 1, 1, 1, 1, 1, 1, 1, 1, 
1, 1, 11.803, 13.836, 15.533, 17.134, 18.466, 20.866, 22.577, 
24.46, 25.978, 30.42, 32.507), .Dim = c(11L, 40L), .Dimnames = list(
    NULL, c("Sampling", "PSO.cost", "PSO.gamma", "PSO.data.balancing", 
    "PSO.feature.selection", "PSO.valid.acc", "PSO.test.acc", 
    "PSO.train.time", "PSO.n.support.vectors", "PSO.index", "PSO.n.solutions", 
    "PSO.generations", "PSO.n.evaluations", "PSO.cpu.time", "RS.cost", 
    "RS.gamma", "RS.data.balancing", "RS.feature.selection", 
    "RS.valid.acc", "RS.test.acc", "RS.train.time", "RS.n.support.vectors", 
    "RS.index", "RS.n.solutions", "RS.generations", "RS.n.evaluations", 
    "RS.cpu.time", "DF.cost", "DF.gamma", "DF.data.balancing", 
    "DF.feature.selection", "DF.valid.acc", "DF.test.acc", "DF.train.time", 
    "DF.n.support.vectors", "DF.index", "DF.n.solutions", "DF.generations", 
    "DF.n.evaluations", "DF.cpu.time")))
