full <-
structure(c(50, 55, 60, 65, 70, 75, 80, 85, 90, 95, 100, 4.05241, 
4.27836, 4.81352, 12.68902, 3.8268, 7.67442, 15, 6.27796, 11.26732, 
5.65194, 6.2231, -3.59739, -3.67902, -3.4722, -1.69009, -2.45444, 
-2.16133, -3.98005, -4.30926, -2.05481, -4.16507, -3.26189, 0, 
0, 0, 0, 0, 0, 0, 0, 0, 0, 0, 0, 0, 0, 0, 0, 0, 0, 0, 0, 0, 0, 
0.99061, 0.99318, 0.99688, 0.99567, 0.99464, 0.99291, 0.9957, 
0.99522, 0.99722, 0.99671, 0.99531, 0.98686, 0.99147, 0.99531, 
0.99326, 0.9933, 0.99207, 0.99258, 0.99154, 0.99583, 0.99572, 
0.99406, 0.3841, 0.4089, 0.4865, 1.1644, 0.9101, 1.1104, 0.6579, 
0.7433, 1.5039, 0.9016, 1.1241, 229.5, 225.6, 249.5, 629.9, 406.1, 
478.9, 222.8, 232, 570.1, 257.7, 317.5, 877, 311, 838, 38, 220, 
185, 85, 2169, 98, 232, 418, 13, 177, 196, 1220, 746, 943, 686, 
37, 1185, 277, 154, 100, 100, 100, 100, 100, 100, 100, 100, 100, 
100, 100, 2500, 2500, 2500, 2500, 2500, 2500, 2500, 2500, 2500, 
2500, 2500, 18911.446, 23281.789, 24262.349, 38119.132, 31945.782, 
37547.406, 33770.982, 49921.153, 53042.796, 35529.3210000001, 
43625.1370000001, 7.40398, 8.57122, 5.60269, 11.83705, 4.42924, 
3.76544, 14.05254, 5.62805, 11.56501, 7.77309, 3.67884, -4.66231, 
-5.71608, -3.94143, -1.70329, -2.23759, -2.2347, -4.02572, -4.22616, 
-1.94502, -4.85562, -3.33395, 0, 0, 0, 0, 0, 0, 0, 0, 0, 0, 0, 
0, 0, 0, 0, 0, 0, 0, 0, 0, 0, 0, 0.9906, 0.99261, 0.99636, 0.99567, 
0.99464, 0.99249, 0.9957, 0.99485, 0.99722, 0.99638, 0.995, 0.99061, 
0.9909, 0.99583, 0.99326, 0.99375, 0.99165, 0.99258, 0.99228, 
0.99618, 0.99473, 0.99375, 0.3245, 0.3568, 0.4817, 1.1668, 0.9956, 
1.0706, 0.6594, 0.7236, 1.5955, 0.7978, 1.1808, 169.1, 148.2, 
217.2, 625.8, 452.2, 462.7, 219, 243.3, 615.7, 206.4, 349.3, 
346, 1156, 326, 1873, 460, 1615, 140, 696, 81, 527, 2409, 1, 
2, 1, 67, 13, 31, 7, 13, 13, 3, 25, 100, 100, 100, 100, 100, 
100, 100, 100, 100, 100, 100, 2500, 2500, 2500, 2500, 2500, 2500, 
2500, 2500, 2500, 2500, 2500, 31522.464, 36343.174, 41381.229, 
46767.095, 52754.482, 57521.896, 64579.895, 73131.654, 81919.3620000001, 
89773.763, 102076.978, 1, 1, 1, 1, 1, 1, 1, 1, 1, 1, 1, 0.02778, 
0.02778, 0.02778, 0.02778, 0.02778, 0.02778, 0.02778, 0.02778, 
0.02778, 0.02778, 0.02778, 0, 0, 0, 0, 0, 0, 0, 0, 0, 0, 0, 0, 
0, 0, 0, 0, 0, 0, 0, 0, 0, 0, 0.92112, 0.92606, 0.92907, 0.9331, 
0.94101, 0.94038, 0.93823, 0.93745, 0.93919, 0.93846, 0.93868, 
0.92174, 0.92777, 0.93064, 0.93164, 0.941, 0.93996, 0.93862, 
0.93745, 0.93919, 0.93846, 0.93868, 0.7964, 0.8954, 1.1083, 1.1652, 
1.392, 1.5274, 1.7235, 1.9097, 2.144, 2.3602, 2.4978, 587.1, 
621.4, 644.7, 679.3, 713, 747, 781.2, 806.6, 830.6, 848.1, 866.9, 
1, 1, 1, 1, 1, 1, 1, 1, 1, 1, 1, 1, 1, 1, 1, 1, 1, 1, 1, 1, 1, 
1, 1, 1, 1, 1, 1, 1, 1, 1, 1, 1, 1, 1, 1, 1, 1, 1, 1, 1, 1, 1, 
1, 1, 11.119, 12.568, 14.935, 15.451, 17.631, 19.083, 21.018, 
23.004, 25.464, 28.175, 29.513), .Dim = c(11L, 40L), .Dimnames = list(
    NULL, c("Sampling", "PSO.cost", "PSO.gamma", "PSO.data.balancing", 
    "PSO.feature.selection", "PSO.valid.acc", "PSO.test.acc", 
    "PSO.train.time", "PSO.n.support.vectors", "PSO.index", "PSO.n.solutions", 
    "PSO.generations", "PSO.n.evaluations", "PSO.cpu.time", "RS.cost", 
    "RS.gamma", "RS.data.balancing", "RS.feature.selection", 
    "RS.valid.acc", "RS.test.acc", "RS.train.time", "RS.n.support.vectors", 
    "RS.index", "RS.n.solutions", "RS.generations", "RS.n.evaluations", 
    "RS.cpu.time", "DF.cost", "DF.gamma", "DF.data.balancing", 
    "DF.feature.selection", "DF.valid.acc", "DF.test.acc", "DF.train.time", 
    "DF.n.support.vectors", "DF.index", "DF.n.solutions", "DF.generations", 
    "DF.n.evaluations", "DF.cpu.time")))
