full <-
structure(c(50, 55, 60, 65, 70, 75, 80, 85, 90, 95, 100, 5.99883, 
4.85328, 3.01316, 2.00732, 11.94085, 2.36298, 14.99809, 2.05231, 
2.33781, 5.29258, 6.20807, -3.75026, -2.99686, -2.54086, -1.84129, 
-1.93245, -2.06074, -2.0968, -1.60579, -2.40071, -1.88447, -4.1578, 
0, 0, 0, 0, 0, 0, 0, 0, 0, 0, 0, 0, 0, 0, 0, 0, 0, 0, 0, 0, 0, 
0, 0.99312, 0.99545, 0.99375, 0.99615, 0.99464, 0.99666, 0.99648, 
0.99596, 0.99792, 0.99671, 0.99687, 0.99187, 0.99317, 0.99218, 
0.99567, 0.99418, 0.99457, 0.99531, 0.99449, 0.99722, 0.99638, 
0.99656, 0.39, 0.5111, 0.7597, 1.0729, 1.1125, 1.2146, 1.2849, 
2.0026, 1.3884, 1.8512, 0.9812, 203.8, 278.7, 362.8, 571.1, 543.2, 
535.5, 527.8, 778.9, 493.2, 651.8, 248.3, 361, 728, 508, 1273, 
24, 1498, 110, 465, 1437, 29, 2303, 165, 692, 592, 98, 1459, 
381, 1445, 887, 75, 874, 1, 100, 100, 100, 100, 100, 100, 100, 
100, 100, 100, 100, 2500, 2500, 2500, 2500, 2500, 2500, 2500, 
2500, 2500, 2500, 2500, 22313.521, 23969.34, 31190.865, 37275.305, 
37493.692, 45067.9790000001, 44423.62, 55092.8420000001, 47763.835, 
60920.763, 42126.473, 4.54044, 5.73349, 1.79193, 14.48812, 9.33819, 
3.28628, 4.5057, 3.38532, 2.54117, 6.94071, 6.09408, -3.5598, 
-3.01724, -1.56356, -1.85435, -1.79034, -2.00926, -2.08783, -2.11445, 
-2.53155, -1.92091, -4.10635, 0, 0, 0, 0, 0, 0, 0, 0, 0, 0, 0, 
0, 0, 0, 0, 0, 0, 0, 0, 0, 0, 0, 0.9925, 0.99545, 0.99427, 0.99567, 
0.99464, 0.99666, 0.99648, 0.99596, 0.99757, 0.99671, 0.99656, 
0.9925, 0.99317, 0.99062, 0.99663, 0.99329, 0.99457, 0.99492, 
0.99559, 0.99688, 0.99638, 0.99656, 0.4087, 0.5022, 1.2299, 1.0376, 
1.2276, 1.2683, 1.2942, 1.4729, 1.2764, 1.8186, 1.014, 223.3, 
273.7, 655.5, 552.2, 598.9, 542.1, 531.9, 535.8, 458.2, 633.9, 
254.1, 148, 2273, 1453, 213, 20, 825, 84, 1350, 419, 107, 434, 
11, 11, 1, 12, 47, 1, 44, 44, 1, 6, 14, 100, 100, 100, 100, 100, 
100, 100, 100, 100, 100, 100, 2500, 2500, 2500, 2500, 2500, 2500, 
2500, 2500, 2500, 2500, 2500, 34011.378, 38120.96, 43274.521, 
47770.055, 52899.698, 62447.696, 68718.1459999999, 79388.9049999999, 
85036.9060000001, 103332.468, 114080.345, 1, 1, 1, 1, 1, 1, 1, 
1, 1, 1, 1, 0.02778, 0.02778, 0.02778, 0.02778, 0.02778, 0.02778, 
0.02778, 0.02778, 0.02778, 0.02778, 0.02778, 0, 0, 0, 0, 0, 0, 
0, 0, 0, 0, 0, 0, 0, 0, 0, 0, 0, 0, 0, 0, 0, 0, 0.92616, 0.92606, 
0.92494, 0.93068, 0.93297, 0.93828, 0.93977, 0.93818, 0.93848, 
0.93845, 0.93867, 0.92554, 0.92607, 0.92442, 0.93164, 0.93297, 
0.93828, 0.93899, 0.93781, 0.93848, 0.93812, 0.93867, 0.8065, 
0.949, 1.0673, 1.2297, 1.3546, 1.5534, 1.7747, 2.0191, 2.1376, 
2.5419, 2.6393, 577.6, 606.8, 641.2, 670.2, 701.5, 741.5, 767.5, 
801.1, 821, 847, 865, 1, 1, 1, 1, 1, 1, 1, 1, 1, 1, 1, 1, 1, 
1, 1, 1, 1, 1, 1, 1, 1, 1, 1, 1, 1, 1, 1, 1, 1, 1, 1, 1, 1, 1, 
1, 1, 1, 1, 1, 1, 1, 1, 1, 1, 11.692, 13.155, 14.266, 16.004, 
17.432, 19.526, 21.857, 24.439, 25.7, 30.071, 31.06), .Dim = c(11L, 
40L), .Dimnames = list(NULL, c("Sampling", "PSO.cost", "PSO.gamma", 
"PSO.data.balancing", "PSO.feature.selection", "PSO.valid.acc", 
"PSO.test.acc", "PSO.train.time", "PSO.n.support.vectors", "PSO.index", 
"PSO.n.solutions", "PSO.generations", "PSO.n.evaluations", "PSO.cpu.time", 
"RS.cost", "RS.gamma", "RS.data.balancing", "RS.feature.selection", 
"RS.valid.acc", "RS.test.acc", "RS.train.time", "RS.n.support.vectors", 
"RS.index", "RS.n.solutions", "RS.generations", "RS.n.evaluations", 
"RS.cpu.time", "DF.cost", "DF.gamma", "DF.data.balancing", "DF.feature.selection", 
"DF.valid.acc", "DF.test.acc", "DF.train.time", "DF.n.support.vectors", 
"DF.index", "DF.n.solutions", "DF.generations", "DF.n.evaluations", 
"DF.cpu.time")))
