full <-
structure(c(50, 55, 60, 65, 70, 75, 80, 85, 90, 95, 100, 3.34356, 
3.25269, 4.40102, 1.7978, 2.34161, 3.73495, 3.65965, 3.66884, 
8.76485, 2.74099, 5.02314, -2.00209, -2.22087, -3.52489, -1.92711, 
-1.85597, -3.43461, -2.41573, -2.54761, -3.52136, -2.47743, -3.43921, 
0, 0, 0, 0, 0, 0, 0, 0, 0, 0, 0, 0, 0, 0, 0, 0, 0, 0, 0, 0, 0, 
0, 0.98998, 0.99205, 0.99218, 0.99519, 0.99374, 0.99458, 0.99531, 
0.99484, 0.99618, 0.99605, 0.99593, 0.98686, 0.99091, 0.99114, 
0.99326, 0.99241, 0.99291, 0.99453, 0.99447, 0.99375, 0.99473, 
0.99499, 0.6257, 0.6442, 0.4859, 0.9789, 1.116, 0.7625, 1.0981, 
1.1229, 0.8493, 1.4055, 1.1164, 436.7, 402.1, 247.9, 538.7, 583.1, 
306.1, 437.4, 417.9, 269.4, 480, 313.6, 2202, 645, 679, 992, 
261, 273, 111, 1324, 123, 1025, 1511, 70, 389, 217, 64, 608, 
84, 876, 304, 1131, 126, 33, 100, 100, 100, 100, 100, 100, 100, 
100, 100, 100, 100, 2500, 2500, 2500, 2500, 2500, 2500, 2500, 
2500, 2500, 2500, 2500, 23444.665, 26837.078, 23107.948, 38776.375, 
40371.199, 31737.388, 44941.133, 32791.112, 31486.902, 53259.007, 
73207.1459999999, 2.25321, 3.62533, 2.73681, 2.01619, 1.81627, 
3.65517, 3.17764, 2.07732, 8.71377, 4.93506, 5.00106, -2.38936, 
-2.4496, -2.82212, -2.28441, -1.70622, -3.37595, -2.19973, -2.54028, 
-3.59896, -3.7012, -3.46991, 0, 0, 0, 0, 0, 0, 0, 0, 0, 0, 0, 
0, 0, 0, 0, 0, 0, 0, 0, 0, 0, 0, 0.98935, 0.99148, 0.99167, 0.99422, 
0.99374, 0.99458, 0.99531, 0.99558, 0.99618, 0.99605, 0.99593, 
0.98622, 0.99148, 0.99218, 0.99327, 0.9933, 0.99291, 0.99532, 
0.99558, 0.99375, 0.99539, 0.9953, 0.5424, 0.5894, 0.6128, 0.8255, 
1.3227, 0.7702, 1.169, 1.2177, 0.8443, 0.9673, 1.136, 371.2, 
358.2, 331.3, 449.1, 653.8, 310.4, 493.6, 458.5, 262.8, 286.6, 
311.9, 117, 859, 237, 2283, 871, 3, 1401, 1205, 211, 1496, 283, 
5, 1, 1, 5, 1, 1, 4, 3, 12, 1, 1, 100, 100, 100, 100, 100, 100, 
100, 100, 100, 100, 100, 2500, 2500, 2500, 2500, 2500, 2500, 
2500, 2500, 2500, 2500, 2500, 32109.069, 36400.547, 41783.609, 
46117.079, 51221.23, 57730.209, 66772.084, 73778.669, 82215.522, 
95374.4350000001, 112901.38, 1, 1, 1, 1, 1, 1, 1, 1, 1, 1, 1, 
0.02778, 0.02778, 0.02778, 0.02778, 0.02778, 0.02778, 0.02778, 
0.02778, 0.02778, 0.02778, 0.02778, 0, 0, 0, 0, 0, 0, 0, 0, 0, 
0, 0, 0, 0, 0, 0, 0, 0, 0, 0, 0, 0, 0, 0.91549, 0.9198, 0.92649, 
0.93214, 0.93029, 0.93744, 0.93706, 0.93783, 0.93747, 0.93843, 
0.93899, 0.91675, 0.91924, 0.92702, 0.9307, 0.93163, 0.93744, 
0.93745, 0.93747, 0.93747, 0.9381, 0.93868, 0.8357, 0.9219, 1.036, 
1.2887, 1.4008, 1.5946, 1.655, 1.9475, 2.1599, 2.5754, 2.7248, 
599.4, 636.1, 658.3, 705.1, 725, 754.1, 774.8, 797.5, 827.7, 
847.7, 869.2, 1, 1, 1, 1, 1, 1, 1, 1, 1, 1, 1, 1, 1, 1, 1, 1, 
1, 1, 1, 1, 1, 1, 1, 1, 1, 1, 1, 1, 1, 1, 1, 1, 1, 1, 1, 1, 1, 
1, 1, 1, 1, 1, 1, 1, 11.982, 12.921, 14.221, 16.831, 17.586, 
19.761, 20.417, 23.469, 25.702, 30.79, 31.862), .Dim = c(11L, 
40L), .Dimnames = list(NULL, c("Sampling", "PSO.cost", "PSO.gamma", 
"PSO.data.balancing", "PSO.feature.selection", "PSO.valid.acc", 
"PSO.test.acc", "PSO.train.time", "PSO.n.support.vectors", "PSO.index", 
"PSO.n.solutions", "PSO.generations", "PSO.n.evaluations", "PSO.cpu.time", 
"RS.cost", "RS.gamma", "RS.data.balancing", "RS.feature.selection", 
"RS.valid.acc", "RS.test.acc", "RS.train.time", "RS.n.support.vectors", 
"RS.index", "RS.n.solutions", "RS.generations", "RS.n.evaluations", 
"RS.cpu.time", "DF.cost", "DF.gamma", "DF.data.balancing", "DF.feature.selection", 
"DF.valid.acc", "DF.test.acc", "DF.train.time", "DF.n.support.vectors", 
"DF.index", "DF.n.solutions", "DF.generations", "DF.n.evaluations", 
"DF.cpu.time")))
