full <-
structure(c(50, 55, 60, 65, 70, 75, 80, 85, 90, 95, 100, 5.48906, 
12.40987, 4.55667, 8.01858, 7.27604, 5.16775, 6.30905, 9.13702, 
5.91101, 13.48636, 7.9195, -4.2074, -3.7859, -3.51206, -3.91377, 
-3.55044, -3.47603, -4.12954, -5.68343, -3.66356, -1.92947, -3.56738, 
0, 0, 0, 0, 0, 0, 0, 0, 0, 0, 0, 0, 0, 0, 0, 0, 0, 0, 0, 0, 0, 
0, 0.99125, 0.99203, 0.99531, 0.99519, 0.99375, 0.995, 0.9957, 
0.99558, 0.99653, 0.99605, 0.99719, 0.99124, 0.98975, 0.99322, 
0.99471, 0.99687, 0.99541, 0.99413, 0.99448, 0.99652, 0.99473, 
0.99656, 0.3398, 0.4261, 0.5314, 0.5319, 0.5821, 0.7452, 0.7296, 
0.6566, 0.8983, 1.8896, 0.9886, 191.3, 208.8, 249.9, 218.7, 241.9, 
271.9, 230.2, 172.4, 272.3, 627.8, 271.6, 141, 129, 704, 43, 
50, 398, 181, 199, 916, 68, 26, 77, 895, 504, 1179, 1190, 418, 
382, 304, 213, 1270, 1238, 100, 100, 100, 100, 100, 100, 100, 
100, 100, 100, 100, 2500, 2500, 2500, 2500, 2500, 2500, 2500, 
2500, 2500, 2500, 2500, 18330.559, 19314.143, 22569.05, 25532.387, 
27852.844, 30359.585, 30892.683, 37547.968, 33232.5510000001, 
61367.2490000001, 40353.0329999999, 9.30265, 14.02439, 5.24502, 
8.91373, 7.06922, 6.11935, 8.05057, 2.54537, 8.58897, 8.51224, 
13.19536, -3.49257, -3.787, -3.66249, -3.89397, -3.57188, -3.36015, 
-4.22105, -3.19118, -4.43513, -1.75631, -3.32926, 0, 0, 0, 0, 
0, 0, 0, 0, 0, 0, 0, 0, 0, 0, 0, 0, 0, 0, 0, 0, 0, 0, 0.99124, 
0.99203, 0.99427, 0.99519, 0.99375, 0.995, 0.9957, 0.99559, 0.99618, 
0.99605, 0.99719, 0.99061, 0.98975, 0.99166, 0.99471, 0.99687, 
0.99458, 0.99413, 0.99374, 0.99653, 0.99473, 0.99656, 0.3918, 
0.431, 0.5059, 0.5224, 0.5928, 0.7488, 0.6639, 1.0299, 0.7619, 
2.1012, 1.0452, 213.8, 208.8, 233.8, 220.4, 241, 273.6, 214.7, 
368.5, 209.7, 712.7, 298.5, 2376, 107, 1222, 191, 47, 1838, 175, 
1662, 752, 316, 21, 5, 5, 5, 12, 11, 1, 7, 1, 29, 26, 40, 100, 
100, 100, 100, 100, 100, 100, 100, 100, 100, 100, 2500, 2500, 
2500, 2500, 2500, 2500, 2500, 2500, 2500, 2500, 2500, 32307.187, 
38045.869, 44605.693, 48761.957, 57744.492, 65962.966, 67911.1589999999, 
80674.224, 86752.4630000001, 92897.323, 104555.487, 1, 1, 1, 
1, 1, 1, 1, 1, 1, 1, 1, 0.02778, 0.02778, 0.02778, 0.02778, 0.02778, 
0.02778, 0.02778, 0.02778, 0.02778, 0.02778, 0.02778, 0, 0, 0, 
0, 0, 0, 0, 0, 0, 0, 0, 0, 0, 0, 0, 0, 0, 0, 0, 0, 0, 0, 0.91862, 
0.91867, 0.92596, 0.92831, 0.9352, 0.93829, 0.93587, 0.93856, 
0.94023, 0.93976, 0.93899, 0.91799, 0.91867, 0.92544, 0.92735, 
0.93654, 0.93829, 0.93548, 0.93893, 0.93988, 0.93877, 0.93837, 
0.8563, 1.0111, 1.1219, 1.2564, 1.4785, 1.6803, 1.7128, 2.0024, 
2.199, 2.2873, 2.6126, 588.2, 624.5, 654.4, 680.1, 703.7, 734.8, 
768.3, 788.7, 806.3, 838.8, 865.8, 1, 1, 1, 1, 1, 1, 1, 1, 1, 
1, 1, 1, 1, 1, 1, 1, 1, 1, 1, 1, 1, 1, 1, 1, 1, 1, 1, 1, 1, 1, 
1, 1, 1, 1, 1, 1, 1, 1, 1, 1, 1, 1, 1, 1, 11.81, 13.526, 15.799, 
17.236, 19.464, 21.759, 21.225, 24.203, 26.353, 27.254, 30.765
), .Dim = c(11L, 40L), .Dimnames = list(NULL, c("Sampling", "PSO.cost", 
"PSO.gamma", "PSO.data.balancing", "PSO.feature.selection", "PSO.valid.acc", 
"PSO.test.acc", "PSO.train.time", "PSO.n.support.vectors", "PSO.index", 
"PSO.n.solutions", "PSO.generations", "PSO.n.evaluations", "PSO.cpu.time", 
"RS.cost", "RS.gamma", "RS.data.balancing", "RS.feature.selection", 
"RS.valid.acc", "RS.test.acc", "RS.train.time", "RS.n.support.vectors", 
"RS.index", "RS.n.solutions", "RS.generations", "RS.n.evaluations", 
"RS.cpu.time", "DF.cost", "DF.gamma", "DF.data.balancing", "DF.feature.selection", 
"DF.valid.acc", "DF.test.acc", "DF.train.time", "DF.n.support.vectors", 
"DF.index", "DF.n.solutions", "DF.generations", "DF.n.evaluations", 
"DF.cpu.time")))
