full <-
structure(c(50, 55, 60, 65, 70, 75, 80, 85, 90, 95, 100, 12.3556, 
4.49756, 2.71804, 3.64355, 10.95718, 4.73501, 1.47453, 10.25452, 
8.01202, 6.38099, 6.08218, -3.39794, -4.1905, -2.09022, -2.38754, 
-1.79223, -2.89341, -1.89847, -1.98922, -2.684, -4.26635, -4.2495, 
0, 0, 0, 0, 0, 0, 0, 0, 0, 0, 0, 0, 0, 0, 0, 0, 0, 0, 0, 0, 0, 
0, 0.99249, 0.99318, 0.99322, 0.99374, 0.99463, 0.99583, 0.99374, 
0.99632, 0.99583, 0.99572, 0.99687, 0.98812, 0.99147, 0.99113, 
0.99229, 0.9924, 0.99374, 0.99061, 0.99448, 0.99375, 0.99474, 
0.99593, 0.3653, 0.3978, 0.7824, 0.7426, 1.2249, 0.7871, 1.4371, 
1.4188, 1.0952, 0.8606, 0.9351, 219.8, 211.7, 457.7, 387.1, 597.3, 
322.4, 637.2, 570.9, 384.4, 235.9, 252.7, 105, 1636, 443, 476, 
165, 524, 1875, 120, 133, 742, 32, 1384, 3, 314, 398, 906, 595, 
5, 1104, 1216, 147, 1320, 100, 100, 100, 100, 100, 100, 100, 
100, 100, 100, 100, 2500, 2500, 2500, 2500, 2500, 2500, 2500, 
2500, 2500, 2500, 2500, 18242.432, 20387.498, 31604.253, 30909.599, 
40422.515, 30357.726, 46986.213, 50727.83, 38079.039, 43060.883, 
34761.312, 8.71646, 5.06617, 2.46831, 8.30765, 6.9728, 3.92967, 
3.15666, 5.0296, 11.26592, 5.90904, 7.17542, -3.39942, -3.31046, 
-2.07876, -2.37091, -1.80491, -2.7844, -1.68943, -1.94775, -2.7607, 
-4.07221, -3.82576, 0, 0, 0, 0, 0, 0, 0, 0, 0, 0, 0, 0, 0, 0, 
0, 0, 0, 0, 0, 0, 0, 0, 0.99249, 0.99261, 0.99322, 0.99326, 0.99463, 
0.995, 0.99335, 0.99632, 0.99583, 0.99539, 0.99687, 0.98812, 
0.99091, 0.99165, 0.99181, 0.9924, 0.99374, 0.99179, 0.99448, 
0.99444, 0.99474, 0.99593, 0.3598, 0.4276, 0.8158, 0.7555, 1.2397, 
0.8155, 1.638, 1.5393, 0.9895, 0.8395, 0.9947, 219.7, 239.7, 
465.1, 386.2, 591, 346.7, 693.1, 588.1, 371.3, 250.2, 257.9, 
79, 965, 1221, 267, 943, 1254, 1824, 582, 163, 247, 35, 24, 3, 
1, 4, 2, 2, 1, 8, 16, 5, 19, 100, 100, 100, 100, 100, 100, 100, 
100, 100, 100, 100, 2500, 2500, 2500, 2500, 2500, 2500, 2500, 
2500, 2500, 2500, 2500, 31188.67, 36100.856, 41174.282, 46655.126, 
51835.977, 57869.93, 68397.144, 75582.75, 82008.464, 96807.429, 
106331.291, 1, 1, 1, 1, 1, 1, 1, 1, 1, 1, 1, 0.02778, 0.02778, 
0.02778, 0.02778, 0.02778, 0.02778, 0.02778, 0.02778, 0.02778, 
0.02778, 0.02778, 0, 0, 0, 0, 0, 0, 0, 0, 0, 0, 0, 0, 0, 0, 0, 
0, 0, 0, 0, 0, 0, 0, 0.91862, 0.91922, 0.91761, 0.92252, 0.92761, 
0.93327, 0.9359, 0.93635, 0.93676, 0.93747, 0.93866, 0.91862, 
0.91865, 0.91814, 0.92444, 0.92671, 0.93328, 0.93551, 0.93672, 
0.93676, 0.93747, 0.93835, 0.7838, 0.9825, 1.0447, 1.1617, 1.3203, 
1.5616, 1.7457, 1.8354, 2.1475, 2.3392, 2.5226, 591.2, 624.9, 
660.1, 683.7, 709.1, 742.9, 771.7, 796.6, 824.4, 844.3, 868.3, 
1, 1, 1, 1, 1, 1, 1, 1, 1, 1, 1, 1, 1, 1, 1, 1, 1, 1, 1, 1, 1, 
1, 1, 1, 1, 1, 1, 1, 1, 1, 1, 1, 1, 1, 1, 1, 1, 1, 1, 1, 1, 1, 
1, 1, 11.441, 13.443, 14.246, 15.454, 17.16, 19.322, 21.284, 
22.246, 25.632, 27.666, 29.749), .Dim = c(11L, 40L), .Dimnames = list(
    NULL, c("Sampling", "PSO.cost", "PSO.gamma", "PSO.data.balancing", 
    "PSO.feature.selection", "PSO.valid.acc", "PSO.test.acc", 
    "PSO.train.time", "PSO.n.support.vectors", "PSO.index", "PSO.n.solutions", 
    "PSO.generations", "PSO.n.evaluations", "PSO.cpu.time", "RS.cost", 
    "RS.gamma", "RS.data.balancing", "RS.feature.selection", 
    "RS.valid.acc", "RS.test.acc", "RS.train.time", "RS.n.support.vectors", 
    "RS.index", "RS.n.solutions", "RS.generations", "RS.n.evaluations", 
    "RS.cpu.time", "DF.cost", "DF.gamma", "DF.data.balancing", 
    "DF.feature.selection", "DF.valid.acc", "DF.test.acc", "DF.train.time", 
    "DF.n.support.vectors", "DF.index", "DF.n.solutions", "DF.generations", 
    "DF.n.evaluations", "DF.cpu.time")))
