full <-
structure(c(50, 55, 60, 65, 70, 75, 80, 85, 90, 95, 100, 12.29651, 
5.46247, 6.913, 4.7285, 6.57467, 9.18309, 5.46414, 1.5969, 3.30433, 
4.17291, 10.16576, -2.66874, -2.34786, -5.63727, -3.99341, -5.33813, 
-2.01202, -5.16153, -1.98114, -1.9788, -3.4112, -3.48726, 0, 
0, 0, 0, 0, 0, 0, 0, 0, 0, 0, 0, 0, 0, 0, 0, 0, 0, 0, 0, 0, 0, 
0.99123, 0.99146, 0.99062, 0.99181, 0.99374, 0.99334, 0.99414, 
0.99411, 0.99583, 0.99539, 0.99562, 0.98748, 0.9909, 0.98854, 
0.99085, 0.99241, 0.99334, 0.9914, 0.99338, 0.99548, 0.99375, 
0.99437, 0.514, 0.6888, 0.4606, 0.5754, 0.5444, 1.2425, 0.6641, 
1.5705, 1.6546, 1.0974, 1.0674, 302.6, 375.6, 177.5, 232.9, 192, 
525.4, 241.3, 621.1, 605.8, 320.4, 287.5, 631, 38, 131, 524, 
392, 76, 327, 800, 184, 890, 440, 118, 1109, 242, 50, 615, 1290, 
202, 238, 198, 240, 723, 100, 100, 100, 100, 100, 100, 100, 100, 
100, 100, 100, 2500, 2500, 2500, 2500, 2500, 2500, 2500, 2500, 
2500, 2500, 2500, 22988.064, 27478.691, 25573.081, 26245.349, 
24708.816, 41723.324, 36338.473, 55759.028, 66658.9280000001, 
42631.988, 43423.3339999999, 11.6267, 9.54625, 6.89391, 5.04655, 
6.21896, 10.99791, 5.59944, 3.43598, 3.0391, 2.2425, 10.68215, 
-2.45708, -2.31078, -5.57923, -4.19735, -5.09703, -2.01165, -5.22984, 
-2.95405, -2.05732, -2.52759, -3.49476, 0, 0, 0, 0, 0, 0, 0, 
0, 0, 0, 0, 0, 0, 0, 0, 0, 0, 0, 0, 0, 0, 0, 0.99061, 0.99146, 
0.99062, 0.99085, 0.99374, 0.99334, 0.99414, 0.99375, 0.99583, 
0.99506, 0.99562, 0.98748, 0.9909, 0.98854, 0.99085, 0.99196, 
0.99334, 0.9914, 0.99338, 0.99479, 0.99342, 0.99437, 0.5522, 
0.7009, 0.4419, 0.5531, 0.5468, 1.2305, 0.7175, 0.9832, 1.597, 
1.5064, 1.0756, 334.7, 381.6, 178.3, 224, 198.3, 525.2, 238.8, 
367.4, 575.5, 481.8, 286.4, 546, 146, 2069, 176, 850, 4, 667, 
24, 1447, 747, 2166, 28, 25, 1, 5, 2, 23, 2, 51, 1, 9, 2, 100, 
100, 100, 100, 100, 100, 100, 100, 100, 100, 100, 2500, 2500, 
2500, 2500, 2500, 2500, 2500, 2500, 2500, 2500, 2500, 33788.402, 
39253.77, 44768.744, 51369.911, 55796.976, 57345.858, 66502.379, 
78338.044, 89082.797, 100552.607, 120694.467, 1, 1, 1, 1, 1, 
1, 1, 1, 1, 1, 1, 0.02778, 0.02778, 0.02778, 0.02778, 0.02778, 
0.02778, 0.02778, 0.02778, 0.02778, 0.02778, 0.02778, 0, 0, 0, 
0, 0, 0, 0, 0, 0, 0, 0, 0, 0, 0, 0, 0, 0, 0, 0, 0, 0, 0, 0.92992, 
0.92827, 0.92962, 0.93263, 0.929, 0.93245, 0.93589, 0.93856, 
0.93954, 0.93911, 0.93898, 0.92992, 0.92998, 0.93066, 0.93167, 
0.92855, 0.93369, 0.93588, 0.93893, 0.93885, 0.9401, 0.93836, 
0.8578, 0.9856, 1.1487, 1.3212, 1.4292, 1.5032, 1.654, 1.9813, 
2.1817, 2.4819, 2.7445, 568.6, 597.9, 626.9, 658.1, 693.3, 727.4, 
762.5, 786, 817, 841.7, 867.7, 1, 1, 1, 1, 1, 1, 1, 1, 1, 1, 
1, 1, 1, 1, 1, 1, 1, 1, 1, 1, 1, 1, 1, 1, 1, 1, 1, 1, 1, 1, 1, 
1, 1, 1, 1, 1, 1, 1, 1, 1, 1, 1, 1, 1, 12.028, 13.381, 15.38, 
17.094, 18.123, 19.184, 20.745, 24.154, 26.494, 29.737, 32.516
), .Dim = c(11L, 40L), .Dimnames = list(NULL, c("Sampling", "PSO.cost", 
"PSO.gamma", "PSO.data.balancing", "PSO.feature.selection", "PSO.valid.acc", 
"PSO.test.acc", "PSO.train.time", "PSO.n.support.vectors", "PSO.index", 
"PSO.n.solutions", "PSO.generations", "PSO.n.evaluations", "PSO.cpu.time", 
"RS.cost", "RS.gamma", "RS.data.balancing", "RS.feature.selection", 
"RS.valid.acc", "RS.test.acc", "RS.train.time", "RS.n.support.vectors", 
"RS.index", "RS.n.solutions", "RS.generations", "RS.n.evaluations", 
"RS.cpu.time", "DF.cost", "DF.gamma", "DF.data.balancing", "DF.feature.selection", 
"DF.valid.acc", "DF.test.acc", "DF.train.time", "DF.n.support.vectors", 
"DF.index", "DF.n.solutions", "DF.generations", "DF.n.evaluations", 
"DF.cpu.time")))
