full <-
structure(c(50, 55, 60, 65, 70, 75, 80, 85, 90, 95, 100, 5.77469, 
5.57898, 4.05652, 8.1221, 1.9194, 5.03963, 5.80067, 2.57551, 
2.30417, 7.92044, 5.31251, -4.14044, -3.40555, -1.66, -4.62192, 
-1.93521, -3.07006, -3.73637, -2.29717, -2.36488, -4.42955, -3.73226, 
0, 0, 0, 0, 0, 0, 0, 0, 0, 0, 0, 0, 0, 0, 0, 0, 0, 0, 0, 0, 0, 
0, 0.99374, 0.99431, 0.99374, 0.99423, 0.99374, 0.99583, 0.9957, 
0.99559, 0.99653, 0.99507, 0.99687, 0.99124, 0.99489, 0.99166, 
0.99085, 0.99284, 0.99458, 0.99452, 0.99485, 0.99583, 0.99441, 
0.99562, 0.3782, 0.478, 1.092, 0.4495, 1.1218, 0.7168, 0.7001, 
1.2416, 1.4215, 0.8099, 1.1593, 188.1, 235.3, 587.6, 181.4, 556.7, 
307, 257.9, 485.5, 494.9, 213.9, 289.6, 1131, 1109, 205, 522, 
1439, 81, 156, 1723, 480, 409, 33, 354, 156, 828, 216, 149, 311, 
615, 30, 780, 205, 187, 100, 100, 100, 100, 100, 100, 100, 100, 
100, 100, 100, 2500, 2500, 2500, 2500, 2500, 2500, 2500, 2500, 
2500, 2500, 2500, 19448.423, 21831.07, 36221.949, 20721.646, 
38364.609, 35062.564, 35896.86, 49681.844, 49894.591, 36033.885, 
51078.3119999999, 9.1007, 5.59302, 4.68154, 8.50824, 8.37641, 
5.26538, 6.0266, 2.63091, 1.95993, 8.22696, 5.73499, -3.34623, 
-3.38221, -1.73005, -4.95146, -1.80023, -3.10632, -3.87691, -2.44474, 
-2.33433, -4.6166, -3.87484, 0, 0, 0, 0, 0, 0, 0, 0, 0, 0, 0, 
0, 0, 0, 0, 0, 0, 0, 0, 0, 0, 0, 0.99374, 0.99431, 0.99374, 0.99375, 
0.99329, 0.99583, 0.99531, 0.99522, 0.99653, 0.99507, 0.99687, 
0.99186, 0.99489, 0.99166, 0.98989, 0.99284, 0.99458, 0.99413, 
0.99522, 0.99479, 0.99408, 0.99562, 0.4179, 0.4759, 0.9833, 0.4328, 
1.1587, 0.7332, 0.7211, 1.2131, 1.5213, 0.8438, 1.1195, 229.5, 
236.1, 556.2, 167.5, 583.2, 302.3, 249.2, 451, 514, 206.1, 275.2, 
368, 116, 184, 479, 695, 238, 2161, 1425, 2120, 960, 1372, 6, 
1, 7, 3, 24, 16, 21, 2, 1, 1, 1, 100, 100, 100, 100, 100, 100, 
100, 100, 100, 100, 100, 2500, 2500, 2500, 2500, 2500, 2500, 
2500, 2500, 2500, 2500, 2500, 33784.359, 38413.357, 41081.897, 
48069.997, 50889.479, 59171.955, 65860.252, 77403.0819999999, 
86997.433, 101336.457, 125479.499, 1, 1, 1, 1, 1, 1, 1, 1, 1, 
1, 1, 0.02778, 0.02778, 0.02778, 0.02778, 0.02778, 0.02778, 0.02778, 
0.02778, 0.02778, 0.02778, 0.02778, 0, 0, 0, 0, 0, 0, 0, 0, 0, 
0, 0, 0, 0, 0, 0, 0, 0, 0, 0, 0, 0, 0, 0.92115, 0.92091, 0.9223, 
0.9225, 0.92851, 0.93286, 0.93628, 0.93709, 0.9371, 0.93845, 
0.93836, 0.9224, 0.92148, 0.92126, 0.92395, 0.92806, 0.93286, 
0.93627, 0.93672, 0.9371, 0.93878, 0.93836, 0.8639, 1.0037, 1.0813, 
1.2125, 1.3649, 1.4991, 1.8305, 2.0052, 2.176, 2.5693, 2.9649, 
578.5, 614.1, 641.1, 673.4, 709.2, 734.7, 759.8, 792.6, 827.4, 
847.2, 867.3, 1, 1, 1, 1, 1, 1, 1, 1, 1, 1, 1, 1, 1, 1, 1, 1, 
1, 1, 1, 1, 1, 1, 1, 1, 1, 1, 1, 1, 1, 1, 1, 1, 1, 1, 1, 1, 1, 
1, 1, 1, 1, 1, 1, 1, 12.272, 13.647, 14.422, 16.02, 17.504, 19.016, 
22.324, 24.108, 26.164, 31.123, 35.221), .Dim = c(11L, 40L), .Dimnames = list(
    NULL, c("Sampling", "PSO.cost", "PSO.gamma", "PSO.data.balancing", 
    "PSO.feature.selection", "PSO.valid.acc", "PSO.test.acc", 
    "PSO.train.time", "PSO.n.support.vectors", "PSO.index", "PSO.n.solutions", 
    "PSO.generations", "PSO.n.evaluations", "PSO.cpu.time", "RS.cost", 
    "RS.gamma", "RS.data.balancing", "RS.feature.selection", 
    "RS.valid.acc", "RS.test.acc", "RS.train.time", "RS.n.support.vectors", 
    "RS.index", "RS.n.solutions", "RS.generations", "RS.n.evaluations", 
    "RS.cpu.time", "DF.cost", "DF.gamma", "DF.data.balancing", 
    "DF.feature.selection", "DF.valid.acc", "DF.test.acc", "DF.train.time", 
    "DF.n.support.vectors", "DF.index", "DF.n.solutions", "DF.generations", 
    "DF.n.evaluations", "DF.cpu.time")))
