full <-
structure(c(50, 55, 60, 65, 70, 75, 80, 85, 90, 95, 100, 4.93461, 
4.90547, 3.00308, 4.27454, 4.6233, 3.36808, 5.89812, 3.77362, 
5.18112, 3.89475, 8.07121, -3.06559, -4.18318, -3.06399, -3.54709, 
-2.96783, -1.99775, -3.25496, -3.03922, -2.53839, -3.31089, -4.35408, 
0, 0, 0, 0, 0, 0, 0, 0, 0, 0, 0, 0, 0, 0, 0, 0, 0, 0, 0, 0, 0, 
0, 0.995, 0.99488, 0.99531, 0.99471, 0.99464, 0.99416, 0.99609, 
0.99595, 0.99548, 0.99638, 0.99593, 0.99373, 0.99032, 0.9927, 
0.99423, 0.99331, 0.9925, 0.99375, 0.99411, 0.99444, 0.9954, 
0.99531, 0.4445, 0.394, 0.5701, 0.554, 0.6733, 1.229, 0.7985, 
0.969, 1.1441, 1.064, 0.9378, 267.2, 208.6, 308.4, 261.4, 312.5, 
551.7, 290.7, 356.2, 423.5, 337.8, 223.2, 3, 892, 425, 221, 1413, 
718, 947, 794, 126, 2365, 853, 782, 333, 537, 186, 1149, 460, 
252, 81, 604, 2, 63, 100, 100, 100, 100, 100, 100, 100, 100, 
100, 100, 100, 2500, 2500, 2500, 2500, 2500, 2500, 2500, 2500, 
2500, 2500, 2500, 20131.338, 19289.372, 25382.289, 26959.499, 
27203.816, 40418.728, 31269.376, 35869.498, 42883.194, 42304.529, 
65411.637, 4.16413, 5.23392, 3.44232, 4.66305, 3.39666, 3.19374, 
6.81305, 3.71863, 5.13542, 4.6581, 5.9527, -3.06362, -4.36388, 
-3.2778, -3.75613, -2.01681, -2.00424, -3.84702, -3.17219, -2.72779, 
-3.00546, -3.35798, 0, 0, 0, 0, 0, 0, 0, 0, 0, 0, 0, 0, 0, 0, 
0, 0, 0, 0, 0, 0, 0, 0, 0.995, 0.99431, 0.99428, 0.99471, 0.99464, 
0.99416, 0.9957, 0.99558, 0.99548, 0.99606, 0.99562, 0.99499, 
0.99032, 0.99322, 0.99423, 0.99375, 0.9925, 0.99414, 0.99448, 
0.99409, 0.9954, 0.99562, 0.4439, 0.4064, 0.5454, 0.516, 1.0316, 
1.174, 0.6452, 0.9926, 1.0888, 1.0942, 1.1183, 271.3, 199, 280.6, 
244.2, 521, 551.2, 235.5, 345.7, 385.7, 358.4, 312.3, 2154, 1482, 
450, 189, 2177, 1305, 844, 1797, 902, 892, 486, 1, 6, 1, 4, 55, 
1, 1, 4, 6, 2, 29, 100, 100, 100, 100, 100, 100, 100, 100, 100, 
100, 100, 2500, 2500, 2500, 2500, 2500, 2500, 2500, 2500, 2500, 
2500, 2500, 31098.512, 36527.847, 41404.466, 48241.654, 52301.923, 
58491.888, 66402.773, 73646.884, 80506.726, 91520.353, 112092.191, 
1, 1, 1, 1, 1, 1, 1, 1, 1, 1, 1, 0.02778, 0.02778, 0.02778, 0.02778, 
0.02778, 0.02778, 0.02778, 0.02778, 0.02778, 0.02778, 0.02778, 
0, 0, 0, 0, 0, 0, 0, 0, 0, 0, 0, 0, 0, 0, 0, 0, 0, 0, 0, 0, 0, 
0, 0.91929, 0.92034, 0.92027, 0.92254, 0.92493, 0.92993, 0.93159, 
0.93563, 0.93641, 0.93747, 0.93837, 0.91992, 0.92034, 0.91974, 
0.92206, 0.92626, 0.93035, 0.93159, 0.93563, 0.93641, 0.93747, 
0.93806, 0.7591, 0.9042, 1.0411, 1.3013, 1.4071, 1.5763, 1.6884, 
1.8189, 2.1727, 2.3644, 2.7032, 591, 623, 657.8, 687.2, 711.3, 
744.2, 775.7, 801.6, 828.2, 851.5, 869.1, 1, 1, 1, 1, 1, 1, 1, 
1, 1, 1, 1, 1, 1, 1, 1, 1, 1, 1, 1, 1, 1, 1, 1, 1, 1, 1, 1, 1, 
1, 1, 1, 1, 1, 1, 1, 1, 1, 1, 1, 1, 1, 1, 1, 1, 11.122, 12.9, 
14.166, 16.945, 17.954, 19.59, 20.785, 22.032, 25.846, 27.936, 
31.804), .Dim = c(11L, 40L), .Dimnames = list(NULL, c("Sampling", 
"PSO.cost", "PSO.gamma", "PSO.data.balancing", "PSO.feature.selection", 
"PSO.valid.acc", "PSO.test.acc", "PSO.train.time", "PSO.n.support.vectors", 
"PSO.index", "PSO.n.solutions", "PSO.generations", "PSO.n.evaluations", 
"PSO.cpu.time", "RS.cost", "RS.gamma", "RS.data.balancing", "RS.feature.selection", 
"RS.valid.acc", "RS.test.acc", "RS.train.time", "RS.n.support.vectors", 
"RS.index", "RS.n.solutions", "RS.generations", "RS.n.evaluations", 
"RS.cpu.time", "DF.cost", "DF.gamma", "DF.data.balancing", "DF.feature.selection", 
"DF.valid.acc", "DF.test.acc", "DF.train.time", "DF.n.support.vectors", 
"DF.index", "DF.n.solutions", "DF.generations", "DF.n.evaluations", 
"DF.cpu.time")))
