full <-
structure(c(50, 55, 60, 65, 70, 75, 80, 85, 90, 95, 100, 4.23349, 
4.32148, 12.29598, 8.13015, 7.34278, 5.07278, 4.57044, 5.72134, 
6.16101, 3.0394, 8.70661, -3.40748, -3.25496, -3.547, -4.50857, 
-3.36922, -3.29993, -2.53311, -3.60419, -3.30719, -2.21923, -4.48217, 
0, 0, 0, 0, 0, 0, 0, 0, 0, 0, 0, 0, 0, 0, 0, 0, 0, 0, 0, 0, 0, 
0, 0.99499, 0.99204, 0.9974, 0.99327, 0.99509, 0.99458, 0.99609, 
0.99485, 0.99687, 0.99605, 0.99625, 0.99248, 0.99091, 0.99427, 
0.99038, 0.99285, 0.99291, 0.99374, 0.99264, 0.99653, 0.99473, 
0.99562, 0.4175, 0.4647, 0.4767, 0.4786, 0.6437, 0.7404, 1.0507, 
0.8402, 0.9328, 1.5885, 0.9148, 240.1, 255.8, 227.2, 183.6, 256.9, 
287, 409.3, 275.3, 304.2, 537.9, 213.9, 69, 1093, 227, 261, 40, 
167, 1335, 453, 197, 1012, 653, 955, 38, 1226, 207, 1463, 847, 
59, 108, 260, 104, 289, 100, 100, 100, 100, 100, 100, 100, 100, 
100, 100, 100, 2500, 2500, 2500, 2500, 2500, 2500, 2500, 2500, 
2500, 2500, 2500, 19497.619, 22760.031, 21280.121, 24217.632, 
29563.131, 29509.429, 32227.809, 36287.178, 36226.7030000001, 
45454.1140000001, 38461.126, 4.33266, 4.68486, 13.22714, 8.04112, 
14.06033, 4.77299, 3.80152, 2.81947, 6.85509, 9.09478, 8.82571, 
-3.11117, -2.90597, -3.57307, -4.34607, -3.2251, -3.15325, -2.41404, 
-3.2114, -4.75843, -4.74094, -4.512, 0, 0, 0, 0, 0, 0, 0, 0, 
0, 0, 0, 0, 0, 0, 0, 0, 0, 0, 0, 0, 0, 0, 0.99499, 0.99148, 0.9974, 
0.99327, 0.99509, 0.99458, 0.99609, 0.99448, 0.99653, 0.99604, 
0.99625, 0.99373, 0.99034, 0.99427, 0.99134, 0.9933, 0.99291, 
0.99453, 0.99337, 0.99583, 0.99506, 0.99562, 0.4386, 0.5087, 
0.4906, 0.4978, 0.6663, 0.7655, 1.1223, 1.0434, 0.7428, 0.7485, 
0.9316, 263.7, 284.8, 225.6, 188.6, 270.7, 304.6, 440.9, 368.2, 
213.2, 196.8, 211.6, 512, 1746, 1392, 1817, 27, 2059, 1519, 2147, 
2314, 1432, 2114, 5, 1, 2, 2, 46, 1, 1, 1, 5, 1, 1, 100, 100, 
100, 100, 100, 100, 100, 100, 100, 100, 100, 2500, 2500, 2500, 
2500, 2500, 2500, 2500, 2500, 2500, 2500, 2500, 32611.589, 36725.92, 
43228.914, 52714.778, 57026.265, 60093.669, 69454.361, 77047.72, 
83187.2320000001, 92198.248, 117429.646, 1, 1, 1, 1, 1, 1, 1, 
1, 1, 1, 1, 0.02778, 0.02778, 0.02778, 0.02778, 0.02778, 0.02778, 
0.02778, 0.02778, 0.02778, 0.02778, 0.02778, 0, 0, 0, 0, 0, 0, 
0, 0, 0, 0, 0, 0, 0, 0, 0, 0, 0, 0, 0, 0, 0, 0, 0.92493, 0.92493, 
0.92439, 0.9264, 0.9254, 0.93453, 0.9351, 0.93598, 0.93815, 0.93779, 
0.93867, 0.92493, 0.92379, 0.92439, 0.92688, 0.92361, 0.93453, 
0.93549, 0.93672, 0.9378, 0.93778, 0.93867, 0.8314, 0.9612, 1.1285, 
1.281, 1.4552, 1.6025, 1.7903, 1.9969, 2.1157, 2.4368, 2.8885, 
587.6, 620, 648.5, 676.5, 713.4, 742.2, 768.8, 792.8, 824.7, 
847, 870.2, 1, 1, 1, 1, 1, 1, 1, 1, 1, 1, 1, 1, 1, 1, 1, 1, 1, 
1, 1, 1, 1, 1, 1, 1, 1, 1, 1, 1, 1, 1, 1, 1, 1, 1, 1, 1, 1, 1, 
1, 1, 1, 1, 1, 1, 11.746, 13.174, 14.941, 17.448, 18.275, 19.737, 
21.932, 23.987, 25.356, 29.439, 34.272), .Dim = c(11L, 40L), .Dimnames = list(
    NULL, c("Sampling", "PSO.cost", "PSO.gamma", "PSO.data.balancing", 
    "PSO.feature.selection", "PSO.valid.acc", "PSO.test.acc", 
    "PSO.train.time", "PSO.n.support.vectors", "PSO.index", "PSO.n.solutions", 
    "PSO.generations", "PSO.n.evaluations", "PSO.cpu.time", "RS.cost", 
    "RS.gamma", "RS.data.balancing", "RS.feature.selection", 
    "RS.valid.acc", "RS.test.acc", "RS.train.time", "RS.n.support.vectors", 
    "RS.index", "RS.n.solutions", "RS.generations", "RS.n.evaluations", 
    "RS.cpu.time", "DF.cost", "DF.gamma", "DF.data.balancing", 
    "DF.feature.selection", "DF.valid.acc", "DF.test.acc", "DF.train.time", 
    "DF.n.support.vectors", "DF.index", "DF.n.solutions", "DF.generations", 
    "DF.n.evaluations", "DF.cpu.time")))
