full <-
structure(c(50, 55, 60, 65, 70, 75, 80, 85, 90, 95, 100, 4.53693, 
6.88192, 4.08652, 5.15844, 4.41959, 6.93559, 5.61423, 7.0116, 
3.72328, 9.55531, 6.7277, -3.77467, -3.21069, -3.31426, -3.81509, 
-3.06208, -3.62248, -3.94122, -3.38653, -2.94551, -2.00776, -3.58864, 
0, 0, 0, 0, 0, 0, 0, 0, 0, 0, 0, 0, 0, 0, 0, 0, 0, 0, 0, 0, 0, 
0, 0.99062, 0.99317, 0.98748, 0.99374, 0.99151, 0.99541, 0.9957, 
0.99559, 0.99618, 0.99638, 0.9975, 0.98875, 0.9926, 0.98644, 
0.99278, 0.99016, 0.99416, 0.99374, 0.99412, 0.99444, 0.99539, 
0.99718, 0.3615, 0.439, 0.5148, 0.5077, 0.7101, 0.6323, 0.6925, 
0.789, 1.0182, 1.7026, 0.9916, 216.6, 245.1, 265.7, 230.5, 301.9, 
246.5, 242.5, 276.3, 367.6, 597.7, 283.2, 1885, 301, 750, 556, 
201, 348, 110, 41, 1015, 442, 63, 6, 586, 191, 204, 811, 228, 
488, 1387, 38, 597, 826, 100, 100, 100, 100, 100, 100, 100, 100, 
100, 100, 100, 2500, 2500, 2500, 2500, 2500, 2500, 2500, 2500, 
2500, 2500, 2500, 19142.073, 20825.213, 22987.584, 23640.285, 
27692.752, 25499.209, 28233.399, 30919.372, 37015.5059999999, 
48979.517, 37493.241, 4.30706, 14.68363, 8.91742, 5.12768, 4.27776, 
6.41535, 5.02252, 11.72563, 10.77764, 13.1106, 6.68636, -3.768, 
-2.79887, -3.26799, -3.78497, -3.25995, -3.66642, -3.50999, -3.32463, 
-3.01587, -2.04, -3.58841, 0, 0, 0, 0, 0, 0, 0, 0, 0, 0, 0, 0, 
0, 0, 0, 0, 0, 0, 0, 0, 0, 0, 0.99, 0.99261, 0.98748, 0.99374, 
0.99151, 0.99541, 0.9957, 0.99559, 0.99583, 0.99638, 0.9975, 
0.98749, 0.99091, 0.988, 0.99278, 0.99106, 0.99374, 0.99413, 
0.99448, 0.99514, 0.99539, 0.99718, 0.3645, 0.5089, 0.497, 0.5266, 
0.635, 0.6344, 0.7199, 0.7717, 0.9931, 1.7026, 1.0283, 221.7, 
291.7, 253.9, 232, 286.8, 249.4, 274.1, 283.2, 334.3, 585.4, 
283.3, 781, 117, 22, 2036, 220, 1186, 339, 49, 52, 589, 568, 
4, 25, 5, 1, 7, 1, 6, 15, 14, 31, 6, 100, 100, 100, 100, 100, 
100, 100, 100, 100, 100, 100, 2500, 2500, 2500, 2500, 2500, 2500, 
2500, 2500, 2500, 2500, 2500, 30851.159, 36086.32, 41126.065, 
46549.571, 51407.252, 58037.403, 64850.09, 71707.0229999999, 
81609.845, 93765.1310000001, 112457.767, 1, 1, 1, 1, 1, 1, 1, 
1, 1, 1, 1, 0.02778, 0.02778, 0.02778, 0.02778, 0.02778, 0.02778, 
0.02778, 0.02778, 0.02778, 0.02778, 0.02778, 0, 0, 0, 0, 0, 0, 
0, 0, 0, 0, 0, 0, 0, 0, 0, 0, 0, 0, 0, 0, 0, 0, 0.92239, 0.92265, 
0.9218, 0.92543, 0.92628, 0.93077, 0.93666, 0.93783, 0.93989, 
0.93813, 0.93867, 0.92176, 0.92208, 0.92284, 0.92494, 0.92717, 
0.93036, 0.93587, 0.93819, 0.94023, 0.9378, 0.93836, 0.8114, 
0.8976, 1.0984, 1.2578, 1.3783, 1.4921, 1.7219, 1.8722, 2.0542, 
2.1995, 2.7203, 583.5, 612.4, 645.2, 669.9, 699.8, 734.7, 767.2, 
788.9, 810.3, 845.8, 869.4, 1, 1, 1, 1, 1, 1, 1, 1, 1, 1, 1, 
1, 1, 1, 1, 1, 1, 1, 1, 1, 1, 1, 1, 1, 1, 1, 1, 1, 1, 1, 1, 1, 
1, 1, 1, 1, 1, 1, 1, 1, 1, 1, 1, 1, 11.481, 12.629, 14.768, 16.306, 
17.708, 18.719, 20.99, 22.557, 24.652, 26.202, 32.048), .Dim = c(11L, 
40L), .Dimnames = list(NULL, c("Sampling", "PSO.cost", "PSO.gamma", 
"PSO.data.balancing", "PSO.feature.selection", "PSO.valid.acc", 
"PSO.test.acc", "PSO.train.time", "PSO.n.support.vectors", "PSO.index", 
"PSO.n.solutions", "PSO.generations", "PSO.n.evaluations", "PSO.cpu.time", 
"RS.cost", "RS.gamma", "RS.data.balancing", "RS.feature.selection", 
"RS.valid.acc", "RS.test.acc", "RS.train.time", "RS.n.support.vectors", 
"RS.index", "RS.n.solutions", "RS.generations", "RS.n.evaluations", 
"RS.cpu.time", "DF.cost", "DF.gamma", "DF.data.balancing", "DF.feature.selection", 
"DF.valid.acc", "DF.test.acc", "DF.train.time", "DF.n.support.vectors", 
"DF.index", "DF.n.solutions", "DF.generations", "DF.n.evaluations", 
"DF.cpu.time")))
