full <-
structure(c(50, 55, 60, 65, 70, 75, 80, 85, 90, 95, 100, 11.43782, 
1.90285, 5.38734, 3.29114, 14.03541, 3.86391, 9.5756, 7.64536, 
11.32242, 7.44073, 3.55144, -4.85255, -2.24007, -3.34689, -2.17365, 
-3.77692, -2.51016, -1.83821, -2.02364, -4.69099, -3.64061, -1.74357, 
0, 0, 0, 0, 0, 0, 0, 0, 0, 0, 0, 0, 0, 0, 0, 0, 0, 0, 0, 0, 0, 
0, 0.98999, 0.99147, 0.99374, 0.99423, 0.99509, 0.99458, 0.99374, 
0.99485, 0.99652, 0.99638, 0.99687, 0.98999, 0.98976, 0.99426, 
0.99327, 0.99375, 0.99249, 0.99257, 0.99411, 0.99479, 0.99572, 
0.99656, 0.3385, 0.7263, 0.6006, 0.9402, 0.5925, 0.9908, 1.5496, 
1.552, 0.7136, 0.9231, 2.2928, 155.7, 423.9, 256.9, 458.3, 235.9, 
407.1, 622.4, 570.3, 194.7, 269.9, 748, 220, 132, 459, 942, 89, 
1699, 35, 89, 12, 1208, 469, 817, 315, 200, 190, 1207, 56, 584, 
1001, 868, 144, 1008, 100, 100, 100, 100, 100, 100, 100, 100, 
100, 100, 100, 2500, 2500, 2500, 2500, 2500, 2500, 2500, 2500, 
2500, 2500, 2500, 16611.324, 27816.508, 24988.556, 34778.751, 
26448.666, 38556.71, 50056.81, 49025.5699999999, 31766.2660000001, 
41206.0869999999, 75745.287, 2.97195, 3.33404, 10.09438, 4.8527, 
13.41272, 3.01643, 9.28968, 5.46423, 12.42909, 7.28839, 3.34905, 
-2.33444, -2.93787, -3.24236, -3.92446, -3.42664, -2.14456, -2.24003, 
-3.474, -4.67727, -3.65112, -1.84586, 0, 0, 0, 0, 0, 0, 0, 0, 
0, 0, 0, 0, 0, 0, 0, 0, 0, 0, 0, 0, 0, 0, 0.99061, 0.99146, 0.99322, 
0.99423, 0.99509, 0.99416, 0.99374, 0.99485, 0.99652, 0.99638, 
0.99687, 0.98936, 0.99032, 0.99322, 0.99182, 0.9933, 0.99374, 
0.99257, 0.99375, 0.99479, 0.99605, 0.99656, 0.6092, 0.5882, 
0.5766, 0.5741, 0.631, 1.1742, 1.2333, 0.8861, 0.7138, 0.9592, 
2.2419, 368.1, 296.8, 264.5, 240.6, 263.3, 502.4, 479.8, 284.7, 
195.6, 269.9, 697.2, 141, 1022, 14, 149, 37, 245, 75, 183, 728, 
1981, 364, 4, 1, 48, 2, 35, 5, 25, 22, 1, 1, 6, 100, 100, 100, 
100, 100, 100, 100, 100, 100, 100, 100, 2500, 2500, 2500, 2500, 
2500, 2500, 2500, 2500, 2500, 2500, 2500, 32565.947, 38306.114, 
44829.303, 51970.6, 54195.704, 61241.936, 70643.372, 80064.692, 
85136.281, 92521.9210000001, 112984.382, 1, 1, 1, 1, 1, 1, 1, 
1, 1, 1, 1, 0.02778, 0.02778, 0.02778, 0.02778, 0.02778, 0.02778, 
0.02778, 0.02778, 0.02778, 0.02778, 0.02778, 0, 0, 0, 0, 0, 0, 
0, 0, 0, 0, 0, 0, 0, 0, 0, 0, 0, 0, 0, 0, 0, 0, 0.92177, 0.92551, 
0.9218, 0.92685, 0.93299, 0.93787, 0.93903, 0.93783, 0.94058, 
0.93877, 0.93836, 0.92239, 0.92494, 0.92127, 0.92492, 0.93432, 
0.93745, 0.93981, 0.93746, 0.94058, 0.9391, 0.93867, 0.8376, 
0.9477, 1.1337, 1.2919, 1.3458, 1.6589, 1.7783, 2.017, 2.1964, 
2.3848, 2.7878, 584.6, 611.1, 649.7, 684.2, 705.8, 736.3, 759.6, 
788.1, 813.4, 845.8, 867.1, 1, 1, 1, 1, 1, 1, 1, 1, 1, 1, 1, 
1, 1, 1, 1, 1, 1, 1, 1, 1, 1, 1, 1, 1, 1, 1, 1, 1, 1, 1, 1, 1, 
1, 1, 1, 1, 1, 1, 1, 1, 1, 1, 1, 1, 11.922, 12.943, 15.006, 16.838, 
17.356, 20.5, 21.866, 24.316, 26.241, 28.125, 32.648), .Dim = c(11L, 
40L), .Dimnames = list(NULL, c("Sampling", "PSO.cost", "PSO.gamma", 
"PSO.data.balancing", "PSO.feature.selection", "PSO.valid.acc", 
"PSO.test.acc", "PSO.train.time", "PSO.n.support.vectors", "PSO.index", 
"PSO.n.solutions", "PSO.generations", "PSO.n.evaluations", "PSO.cpu.time", 
"RS.cost", "RS.gamma", "RS.data.balancing", "RS.feature.selection", 
"RS.valid.acc", "RS.test.acc", "RS.train.time", "RS.n.support.vectors", 
"RS.index", "RS.n.solutions", "RS.generations", "RS.n.evaluations", 
"RS.cpu.time", "DF.cost", "DF.gamma", "DF.data.balancing", "DF.feature.selection", 
"DF.valid.acc", "DF.test.acc", "DF.train.time", "DF.n.support.vectors", 
"DF.index", "DF.n.solutions", "DF.generations", "DF.n.evaluations", 
"DF.cpu.time")))
