full <-
structure(c(50, 55, 60, 65, 70, 75, 80, 85, 90, 95, 100, 6.3108, 
9.33917, 1.786, 2.54887, 7.89278, 6.7689, 5.33607, 5.22223, 3.77003, 
7.03674, 2.6431, -2.35951, -2.28448, -2.3949, -2.52544, -4.68358, 
-4.36207, -3.67549, -3.17206, -2.90995, -3.79366, -1.79391, 0, 
0, 0, 0, 0, 0, 0, 0, 0, 0, 0, 0, 0, 0, 0, 0, 0, 0, 0, 0, 0, 0, 
0.98809, 0.99205, 0.99427, 0.99422, 0.99241, 0.99124, 0.99297, 
0.99337, 0.99549, 0.99539, 0.9975, 0.9906, 0.99091, 0.99113, 
0.99374, 0.98973, 0.98999, 0.99336, 0.99153, 0.99514, 0.99408, 
0.99625, 0.6015, 0.6895, 0.7634, 0.7744, 0.5072, 0.5712, 0.7359, 
0.8973, 1.0561, 0.8691, 2.3299, 355.1, 378.8, 419, 387.9, 187.8, 
211.3, 262.1, 317.9, 360.6, 256.9, 728.8, 39, 123, 830, 78, 820, 
66, 1783, 331, 1068, 240, 442, 1336, 456, 162, 501, 369, 255, 
14, 860, 30, 249, 570, 100, 100, 100, 100, 100, 100, 100, 100, 
100, 100, 100, 2500, 2500, 2500, 2500, 2500, 2500, 2500, 2500, 
2500, 2500, 2500, 25348.357, 25913.082, 29182.513, 33717.249, 
24041.474, 28052.258, 28162.879, 34179.89, 41559.959, 36442.3979999999, 
72227.742, 7.31345, 13.63654, 1.90058, 1.93452, 8.24895, 5.07627, 
7.96985, 5.52571, 14.87147, 6.53286, 2.87526, -2.33455, -2.22415, 
-2.44885, -1.65422, -4.88519, -3.24246, -4.42726, -3.21955, -2.74167, 
-3.58987, -1.79884, 0, 0, 0, 0, 0, 0, 0, 0, 0, 0, 0, 0, 0, 0, 
0, 0, 0, 0, 0, 0, 0, 0, 0.98809, 0.99205, 0.99375, 0.99422, 0.99196, 
0.99124, 0.99258, 0.99337, 0.99514, 0.99539, 0.9975, 0.9906, 
0.99034, 0.99113, 0.99278, 0.98928, 0.9904, 0.99141, 0.99226, 
0.9941, 0.99375, 0.99625, 0.5985, 0.6617, 0.7392, 1.2128, 0.5022, 
0.7031, 0.6425, 0.9056, 1.0841, 0.923, 2.329, 360.5, 391.4, 406.5, 
648.3, 180, 287.5, 204.4, 311.2, 366.3, 275.3, 724.1, 118, 132, 
130, 120, 2239, 829, 1212, 509, 86, 677, 737, 23, 16, 1, 5, 3, 
5, 4, 2, 9, 3, 2, 100, 100, 100, 100, 100, 100, 100, 100, 100, 
100, 100, 2500, 2500, 2500, 2500, 2500, 2500, 2500, 2500, 2500, 
2500, 2500, 34229.812, 37614.67, 41589.609, 47171.076, 52694.296, 
58769.769, 67705.805, 72712.909, 83413.561, 92578.8200000001, 
114144.906, 1, 1, 1, 1, 1, 1, 1, 1, 1, 1, 1, 0.02778, 0.02778, 
0.02778, 0.02778, 0.02778, 0.02778, 0.02778, 0.02778, 0.02778, 
0.02778, 0.02778, 0, 0, 0, 0, 0, 0, 0, 0, 0, 0, 0, 0, 0, 0, 0, 
0, 0, 0, 0, 0, 0, 0, 0.91553, 0.91979, 0.92127, 0.92489, 0.92985, 
0.93242, 0.9359, 0.93818, 0.93709, 0.93977, 0.93867, 0.91616, 
0.9198, 0.92127, 0.92585, 0.92851, 0.93243, 0.93629, 0.93781, 
0.93674, 0.93944, 0.93835, 0.8838, 0.9558, 1.1038, 1.2341, 1.3383, 
1.5424, 1.7491, 1.9283, 2.1539, 2.3262, 2.7015, 596.4, 624.7, 
658.9, 687.9, 706.3, 732.6, 757.4, 782.8, 809.3, 831.6, 868.4, 
1, 1, 1, 1, 1, 1, 1, 1, 1, 1, 1, 1, 1, 1, 1, 1, 1, 1, 1, 1, 1, 
1, 1, 1, 1, 1, 1, 1, 1, 1, 1, 1, 1, 1, 1, 1, 1, 1, 1, 1, 1, 1, 
1, 1, 12.445, 13.174, 14.714, 16.111, 17.163, 19.425, 21.419, 
23.354, 25.752, 27.692, 31.772), .Dim = c(11L, 40L), .Dimnames = list(
    NULL, c("Sampling", "PSO.cost", "PSO.gamma", "PSO.data.balancing", 
    "PSO.feature.selection", "PSO.valid.acc", "PSO.test.acc", 
    "PSO.train.time", "PSO.n.support.vectors", "PSO.index", "PSO.n.solutions", 
    "PSO.generations", "PSO.n.evaluations", "PSO.cpu.time", "RS.cost", 
    "RS.gamma", "RS.data.balancing", "RS.feature.selection", 
    "RS.valid.acc", "RS.test.acc", "RS.train.time", "RS.n.support.vectors", 
    "RS.index", "RS.n.solutions", "RS.generations", "RS.n.evaluations", 
    "RS.cpu.time", "DF.cost", "DF.gamma", "DF.data.balancing", 
    "DF.feature.selection", "DF.valid.acc", "DF.test.acc", "DF.train.time", 
    "DF.n.support.vectors", "DF.index", "DF.n.solutions", "DF.generations", 
    "DF.n.evaluations", "DF.cpu.time")))
