full <-
structure(c(50, 55, 60, 65, 70, 75, 80, 85, 90, 95, 100, 1.62539, 
11.02191, 11.23693, 3.0365, 14.51587, 1.71037, 6.31287, 5.51279, 
5.70491, 8.75687, 2.56548, -1.82605, -4.9344, -1.64196, -2.2101, 
-3.36033, -1.84128, -4.49375, -3.57077, -3.34346, -4.57167, -1.35607, 
0, 0, 0, 0, 0, 0, 0, 0, 0, 0, 0, 0, 0, 0, 0, 0, 0, 0, 0, 0, 0, 
0, 0.99062, 0.99147, 0.99427, 0.99615, 0.99509, 0.99625, 0.99492, 
0.99485, 0.99687, 0.99704, 0.9975, 0.98936, 0.99034, 0.9927, 
0.99615, 0.99508, 0.99541, 0.99375, 0.99448, 0.99513, 0.99671, 
0.99718, 0.7816, 0.3823, 1.0773, 0.9099, 0.6494, 1.3942, 0.6699, 
0.9079, 0.9072, 0.748, 3.08, 513.2, 161.9, 617.4, 457.9, 270.8, 
630.2, 218.6, 275.6, 294.5, 201.2, 1013.7, 1008, 92, 206, 513, 
127, 779, 74, 97, 1253, 411, 440, 49, 1150, 1108, 232, 613, 65, 
820, 727, 169, 495, 837, 100, 100, 100, 100, 100, 100, 100, 100, 
100, 100, 100, 2500, 2500, 2500, 2500, 2500, 2500, 2500, 2500, 
2500, 2500, 2500, 29888.268, 17920.727, 37169.636, 32412.458, 
30151.961, 46487.579, 56376.906, 43893.819, 35914.955, 29952.4670000001, 
84930.6290000001, 3.07077, 14.35546, 13.17058, 13.32683, 7.55282, 
1.98211, 13.46664, 5.75538, 5.7229, 9.66492, 2.43151, -1.78646, 
-5.00615, -1.64391, -2.34418, -3.4239, -2.24921, -1.61081, -3.71745, 
-3.36566, -4.57955, -1.36632, 0, 0, 0, 0, 0, 0, 0, 0, 0, 0, 0, 
0, 0, 0, 0, 0, 0, 0, 0, 0, 0, 0, 0.99061, 0.99147, 0.99427, 0.99567, 
0.99509, 0.99583, 0.99492, 0.99485, 0.99652, 0.99671, 0.9975, 
0.99187, 0.99034, 0.9927, 0.99519, 0.99508, 0.99541, 0.99375, 
0.99448, 0.99479, 0.99572, 0.99687, 0.7872, 0.3724, 1.0866, 0.8589, 
0.6382, 1.1468, 1.8203, 0.9458, 0.9086, 0.7524, 3.0927, 508.3, 
159.1, 616.8, 420, 263.9, 496.1, 738.9, 261.9, 292, 197.3, 1006.1, 
762, 35, 440, 79, 320, 412, 39, 88, 575, 168, 285, 3, 35, 5, 
40, 5, 3, 23, 26, 2, 30, 4, 100, 100, 100, 100, 100, 100, 100, 
100, 100, 100, 100, 2500, 2500, 2500, 2500, 2500, 2500, 2500, 
2500, 2500, 2500, 2500, 32902.974, 37373.938, 42168.712, 49032.169, 
53926.004, 58832.118, 74557.942, 88747.063, 83019.899, 93454.3350000001, 
111468.18, 1, 1, 1, 1, 1, 1, 1, 1, 1, 1, 1, 0.02778, 0.02778, 
0.02778, 0.02778, 0.02778, 0.02778, 0.02778, 0.02778, 0.02778, 
0.02778, 0.02778, 0, 0, 0, 0, 0, 0, 0, 0, 0, 0, 0, 0, 0, 0, 0, 
0, 0, 0, 0, 0, 0, 0, 0.92112, 0.92264, 0.92492, 0.92205, 0.92491, 
0.93034, 0.93198, 0.93709, 0.93953, 0.94075, 0.93899, 0.92113, 
0.92264, 0.92492, 0.92254, 0.92625, 0.92867, 0.93159, 0.93709, 
0.93918, 0.94141, 0.93868, 0.8474, 0.9353, 1.1359, 1.2521, 1.4028, 
1.5239, 1.8044, 2.1535, 2.1381, 2.354, 2.5727, 577.9, 609.5, 
640, 670.8, 701.3, 721, 746.3, 784.2, 809, 829.7, 870, 1, 1, 
1, 1, 1, 1, 1, 1, 1, 1, 1, 1, 1, 1, 1, 1, 1, 1, 1, 1, 1, 1, 1, 
1, 1, 1, 1, 1, 1, 1, 1, 1, 1, 1, 1, 1, 1, 1, 1, 1, 1, 1, 1, 1, 
11.805, 12.891, 14.851, 16.244, 17.831, 19.184, 22.993, 26.64, 
25.654, 28.035, 30.237), .Dim = c(11L, 40L), .Dimnames = list(
    NULL, c("Sampling", "PSO.cost", "PSO.gamma", "PSO.data.balancing", 
    "PSO.feature.selection", "PSO.valid.acc", "PSO.test.acc", 
    "PSO.train.time", "PSO.n.support.vectors", "PSO.index", "PSO.n.solutions", 
    "PSO.generations", "PSO.n.evaluations", "PSO.cpu.time", "RS.cost", 
    "RS.gamma", "RS.data.balancing", "RS.feature.selection", 
    "RS.valid.acc", "RS.test.acc", "RS.train.time", "RS.n.support.vectors", 
    "RS.index", "RS.n.solutions", "RS.generations", "RS.n.evaluations", 
    "RS.cpu.time", "DF.cost", "DF.gamma", "DF.data.balancing", 
    "DF.feature.selection", "DF.valid.acc", "DF.test.acc", "DF.train.time", 
    "DF.n.support.vectors", "DF.index", "DF.n.solutions", "DF.generations", 
    "DF.n.evaluations", "DF.cpu.time")))
