full <-
structure(c(50, 55, 60, 65, 70, 75, 80, 85, 90, 95, 100, 1.85081, 
4.60397, 4.90846, 2.92698, 4.27866, 5.59544, 1.83933, 2.00869, 
2.91741, 6.29801, 6.93252, -2.38967, -3.40327, -3.37818, -2.61817, 
-2.24412, -2.77449, -2.13374, -2.02685, -2.07808, -3.13948, -3.98936, 
0, 0, 0, 0, 0, 0, 0, 0, 0, 0, 0, 0, 0, 0, 0, 0, 0, 0, 0, 0, 0, 
0, 0.99312, 0.99148, 0.99061, 0.99328, 0.99329, 0.99458, 0.99531, 
0.99559, 0.99722, 0.99572, 0.99719, 0.99187, 0.99206, 0.99061, 
0.99135, 0.99195, 0.99416, 0.99335, 0.99559, 0.99652, 0.99374, 
0.99625, 0.6213, 0.4803, 0.5244, 0.7793, 0.9922, 0.8575, 1.3488, 
1.5451, 1.6619, 1.1257, 1.0491, 380.4, 240.1, 249, 367.9, 445.9, 
343.5, 539.6, 584.3, 567.8, 327.4, 252.9, 853, 492, 112, 711, 
129, 795, 749, 2101, 413, 914, 624, 21, 543, 1007, 36, 240, 220, 
131, 3, 188, 49, 153, 100, 100, 100, 100, 100, 100, 100, 100, 
100, 100, 100, 2500, 2500, 2500, 2500, 2500, 2500, 2500, 2500, 
2500, 2500, 2500, 26634.428, 24855.872, 22699.853, 29061.98, 
36719.319, 37124.557, 47116.855, 36897.7100000001, 58311.62, 
45914.9790000001, 43656.041, 3.63378, 4.29876, 4.86347, 6.76607, 
4.12494, 5.74603, 2.30546, 10.79467, 6.9705, 6.00465, 7.75199, 
-2.23251, -3.62306, -3.33197, -3.87753, -2.41711, -2.78695, -2.54088, 
-3.3266, -2.14807, -3.11292, -4.44868, 0, 0, 0, 0, 0, 0, 0, 0, 
0, 0, 0, 0, 0, 0, 0, 0, 0, 0, 0, 0, 0, 0, 0.9925, 0.99148, 0.99061, 
0.99232, 0.99329, 0.99458, 0.99491, 0.99522, 0.99687, 0.99539, 
0.99656, 0.99187, 0.99206, 0.99061, 0.98991, 0.99195, 0.99457, 
0.99257, 0.99412, 0.99617, 0.9944, 0.995, 0.618, 0.4504, 0.5311, 
0.5255, 0.9195, 0.8478, 1.1777, 0.857, 1.5067, 1.1655, 1.0047, 
381.4, 229.5, 252.5, 220.1, 411.7, 340.3, 435.2, 282.7, 524.9, 
331.7, 220.5, 1231, 748, 1462, 48, 97, 1128, 1310, 64, 13, 598, 
407, 3, 2, 2, 1, 10, 5, 2, 24, 37, 7, 6, 100, 100, 100, 100, 
100, 100, 100, 100, 100, 100, 100, 2500, 2500, 2500, 2500, 2500, 
2500, 2500, 2500, 2500, 2500, 2500, 32894.784, 38183.193, 43139.201, 
49543.86, 55405.584, 63119.07, 71722.7390000001, 80413.567, 92467.909, 
110329.602, 131001.823, 1, 1, 1, 1, 1, 1, 1, 1, 1, 1, 1, 0.02778, 
0.02778, 0.02778, 0.02778, 0.02778, 0.02778, 0.02778, 0.02778, 
0.02778, 0.02778, 0.02778, 0, 0, 0, 0, 0, 0, 0, 0, 0, 0, 0, 0, 
0, 0, 0, 0, 0, 0, 0, 0, 0, 0, 0.92366, 0.92493, 0.92543, 0.92685, 
0.92627, 0.92995, 0.93236, 0.93561, 0.93709, 0.93845, 0.93899, 
0.92366, 0.92436, 0.92491, 0.92636, 0.92672, 0.93037, 0.93119, 
0.93598, 0.93744, 0.93779, 0.93867, 0.8584, 0.9928, 1.1649, 1.3302, 
1.4442, 1.6619, 1.815, 2.0305, 2.3545, 2.7057, 3.1434, 580.8, 
618.6, 656.1, 689.7, 714.7, 738.8, 770.5, 790.3, 817.3, 841.8, 
868.7, 1, 1, 1, 1, 1, 1, 1, 1, 1, 1, 1, 1, 1, 1, 1, 1, 1, 1, 
1, 1, 1, 1, 1, 1, 1, 1, 1, 1, 1, 1, 1, 1, 1, 1, 1, 1, 1, 1, 1, 
1, 1, 1, 1, 1, 12.031, 13.289, 15.248, 16.976, 18.15, 20.995, 
23.051, 25.19, 28.591, 32.484, 37.142), .Dim = c(11L, 40L), .Dimnames = list(
    NULL, c("Sampling", "PSO.cost", "PSO.gamma", "PSO.data.balancing", 
    "PSO.feature.selection", "PSO.valid.acc", "PSO.test.acc", 
    "PSO.train.time", "PSO.n.support.vectors", "PSO.index", "PSO.n.solutions", 
    "PSO.generations", "PSO.n.evaluations", "PSO.cpu.time", "RS.cost", 
    "RS.gamma", "RS.data.balancing", "RS.feature.selection", 
    "RS.valid.acc", "RS.test.acc", "RS.train.time", "RS.n.support.vectors", 
    "RS.index", "RS.n.solutions", "RS.generations", "RS.n.evaluations", 
    "RS.cpu.time", "DF.cost", "DF.gamma", "DF.data.balancing", 
    "DF.feature.selection", "DF.valid.acc", "DF.test.acc", "DF.train.time", 
    "DF.n.support.vectors", "DF.index", "DF.n.solutions", "DF.generations", 
    "DF.n.evaluations", "DF.cpu.time")))
