full <-
structure(c(50, 55, 60, 65, 70, 75, 80, 85, 90, 95, 100, 9.24692, 
14.85214, 9.56533, 6.4293, 10.76739, 2.60375, 3.39188, 14.46518, 
6.6649, 6.97921, 6.00167, -1.79326, -1.87179, -2.2956, -2.49247, 
-1.92845, -1.90777, -2.39822, -1.64916, -3.91309, -5.34018, -3.27351, 
0, 0, 0, 0, 0, 0, 0, 0, 0, 0, 0, 0, 0, 0, 0, 0, 0, 0, 0, 0, 0, 
0, 0.99187, 0.99259, 0.99269, 0.99326, 0.99375, 0.99374, 0.99453, 
0.99338, 0.99478, 0.99605, 0.99718, 0.98873, 0.99033, 0.99113, 
0.9923, 0.99285, 0.99332, 0.99335, 0.99264, 0.99235, 0.99571, 
0.99562, 0.7293, 0.8438, 0.7776, 0.7872, 1.1701, 1.3812, 1.1488, 
1.9043, 0.8644, 0.9781, 1.1086, 490.8, 494.1, 394.7, 374.2, 537.4, 
586.5, 447.6, 732.6, 249.1, 214.5, 321.3, 89, 89, 35, 112, 75, 
1570, 466, 128, 202, 490, 228, 989, 1269, 1099, 1012, 1184, 5, 
192, 1061, 409, 90, 555, 100, 100, 100, 100, 100, 100, 100, 100, 
100, 100, 100, 2500, 2500, 2500, 2500, 2500, 2500, 2500, 2500, 
2500, 2500, 2500, 26869.957, 31235.517, 30653.767, 30699.486, 
40999.177, 46865.003, 47305.1570000001, 63785.035, 37881.186, 
39002.819, 41245.8380000001, 5.7815, 9.33394, 8.63607, 12.73842, 
8.33536, 4.55058, 3.31407, 6.72283, 7.1328, 5.00105, 6.21954, 
-1.78205, -2.08455, -2.25944, -2.47968, -1.88119, -3.29389, -2.36556, 
-1.56631, -4.25059, -3.64184, -3.93632, 0, 0, 0, 0, 0, 0, 0, 
0, 0, 0, 0, 0, 0, 0, 0, 0, 0, 0, 0, 0, 0, 0, 0.99187, 0.99259, 
0.99269, 0.99326, 0.99375, 0.99333, 0.99453, 0.99301, 0.99444, 
0.99604, 0.99687, 0.98873, 0.98976, 0.99113, 0.9923, 0.99285, 
0.99291, 0.99335, 0.99301, 0.99339, 0.99539, 0.99655, 0.7273, 
0.748, 0.7795, 0.7956, 1.1891, 0.7511, 1.1959, 1.9727, 0.8439, 
0.9801, 1.0427, 494.1, 430.3, 403.2, 377, 554.6, 286, 456.5, 
775.8, 225.5, 292.4, 263.1, 126, 67, 22, 15, 430, 148, 1024, 
11, 2051, 181, 2, 40, 22, 7, 17, 19, 13, 1, 22, 52, 5, 24, 100, 
100, 100, 100, 100, 100, 100, 100, 100, 100, 100, 2500, 2500, 
2500, 2500, 2500, 2500, 2500, 2500, 2500, 2500, 2500, 32261.249, 
39387.275, 43924.805, 47748.708, 53180.394, 65134.358, 70243.0669999999, 
83280.905, 95720.578, 97442.567, 113951.55, 1, 1, 1, 1, 1, 1, 
1, 1, 1, 1, 1, 0.02778, 0.02778, 0.02778, 0.02778, 0.02778, 0.02778, 
0.02778, 0.02778, 0.02778, 0.02778, 0.02778, 0, 0, 0, 0, 0, 0, 
0, 0, 0, 0, 0, 0, 0, 0, 0, 0, 0, 0, 0, 0, 0, 0, 0.91926, 0.92206, 
0.91863, 0.92105, 0.92626, 0.93454, 0.93704, 0.93928, 0.93675, 
0.93713, 0.93835, 0.91864, 0.92206, 0.91863, 0.92105, 0.92582, 
0.93245, 0.93705, 0.93854, 0.93675, 0.93713, 0.93866, 0.8378, 
1.0042, 1.1662, 1.316, 1.3776, 1.6278, 1.7939, 2.055, 2.3765, 
2.3805, 2.7233, 579.3, 609.3, 651.6, 679.3, 714.7, 747, 776.2, 
798.6, 831.7, 850.2, 868.2, 1, 1, 1, 1, 1, 1, 1, 1, 1, 1, 1, 
1, 1, 1, 1, 1, 1, 1, 1, 1, 1, 1, 1, 1, 1, 1, 1, 1, 1, 1, 1, 1, 
1, 1, 1, 1, 1, 1, 1, 1, 1, 1, 1, 1, 12.021, 13.675, 15.173, 17.031, 
17.676, 21.287, 22.794, 25.499, 29.124, 28.339, 31.977), .Dim = c(11L, 
40L), .Dimnames = list(NULL, c("Sampling", "PSO.cost", "PSO.gamma", 
"PSO.data.balancing", "PSO.feature.selection", "PSO.valid.acc", 
"PSO.test.acc", "PSO.train.time", "PSO.n.support.vectors", "PSO.index", 
"PSO.n.solutions", "PSO.generations", "PSO.n.evaluations", "PSO.cpu.time", 
"RS.cost", "RS.gamma", "RS.data.balancing", "RS.feature.selection", 
"RS.valid.acc", "RS.test.acc", "RS.train.time", "RS.n.support.vectors", 
"RS.index", "RS.n.solutions", "RS.generations", "RS.n.evaluations", 
"RS.cpu.time", "DF.cost", "DF.gamma", "DF.data.balancing", "DF.feature.selection", 
"DF.valid.acc", "DF.test.acc", "DF.train.time", "DF.n.support.vectors", 
"DF.index", "DF.n.solutions", "DF.generations", "DF.n.evaluations", 
"DF.cpu.time")))
