full <-
structure(c(50, 55, 60, 65, 70, 75, 80, 85, 90, 95, 100, 10.31568, 
4.6281, 11.09932, 10.48379, 2.29757, 6.12227, 6.70735, 2.29049, 
5.58079, 7.50683, 5.39675, -1.81771, -3.20488, -3.36493, -2.93271, 
-1.97351, -2.40121, -3.52632, -2.23835, -2.44769, -3.81876, -3.99006, 
0, 0, 0, 0, 0, 0, 0, 0, 0, 0, 0, 0, 0, 0, 0, 0, 0, 0, 0, 0, 0, 
0, 0.99123, 0.99261, 0.99218, 0.9923, 0.99464, 0.99667, 0.99726, 
0.99632, 0.99652, 0.99671, 0.99625, 0.98935, 0.98977, 0.9901, 
0.99182, 0.99374, 0.99416, 0.99648, 0.99411, 0.99687, 0.99605, 
0.99468, 0.7204, 0.4887, 0.5113, 0.6138, 1.1457, 0.9446, 0.7114, 
1.3338, 1.3894, 0.9327, 1.0422, 486.5, 249.4, 237.8, 294.8, 533.3, 
403.9, 257.1, 506.4, 434.6, 254.1, 272.7, 153, 72, 17, 23, 1687, 
48, 333, 2252, 114, 103, 101, 257, 955, 1430, 615, 795, 1089, 
138, 1, 1159, 314, 400, 100, 100, 100, 100, 100, 100, 100, 100, 
100, 100, 100, 2500, 2500, 2500, 2500, 2500, 2500, 2500, 2500, 
2500, 2500, 2500, 27283.339, 21128.619, 22370.018, 27030.458, 
33417.577, 39576.057, 28859.979, 43400.361, 51130.839, 39543.973, 
40954.343, 10.83367, 8.76944, 10.18226, 8.56206, 14.8419, 6.82808, 
8.75898, 5.51093, 7.63145, 6.17087, 6.6254, -1.82083, -3.46252, 
-3.54689, -2.93519, -2.83171, -2.39636, -3.23268, -3.40422, -2.43388, 
-3.20723, -4.48175, 0, 0, 0, 0, 0, 0, 0, 0, 0, 0, 0, 0, 0, 0, 
0, 0, 0, 0, 0, 0, 0, 0, 0.99123, 0.99261, 0.99218, 0.9923, 0.99464, 
0.99667, 0.99687, 0.99595, 0.99652, 0.99671, 0.99593, 0.98935, 
0.99148, 0.98958, 0.99182, 0.99241, 0.99416, 0.99648, 0.99522, 
0.99687, 0.99605, 0.99468, 0.7663, 0.4362, 0.4901, 0.652, 0.7631, 
0.9488, 0.7934, 0.9328, 1.3523, 1.0469, 0.9639, 485.6, 215.7, 
223.9, 294.2, 314.9, 404.7, 285.1, 282.3, 438.7, 316, 231.6, 
290, 6, 220, 199, 100, 147, 91, 776, 152, 351, 1940, 8, 43, 7, 
7, 14, 3, 40, 3, 17, 6, 12, 100, 100, 100, 100, 100, 100, 100, 
100, 100, 100, 100, 2500, 2500, 2500, 2500, 2500, 2500, 2500, 
2500, 2500, 2500, 2500, 33586.945, 37865.921, 42880.273, 50517.676, 
55505.76, 59003.193, 68565.497, 87887.329, 93896.5800000001, 
96905.2879999999, 111732.239, 1, 1, 1, 1, 1, 1, 1, 1, 1, 1, 1, 
0.02778, 0.02778, 0.02778, 0.02778, 0.02778, 0.02778, 0.02778, 
0.02778, 0.02778, 0.02778, 0.02778, 0, 0, 0, 0, 0, 0, 0, 0, 0, 
0, 0, 0, 0, 0, 0, 0, 0, 0, 0, 0, 0, 0, 0.92239, 0.92323, 0.92284, 
0.92204, 0.92491, 0.92744, 0.93433, 0.93599, 0.93748, 0.9391, 
0.93868, 0.92239, 0.92323, 0.9218, 0.92252, 0.92491, 0.92952, 
0.9355, 0.93562, 0.93748, 0.9391, 0.93836, 0.8743, 1.0156, 1.0883, 
1.3035, 1.3736, 1.5129, 1.7668, 2.212, 2.2556, 2.4024, 2.7186, 
586.2, 618.2, 646.1, 673, 693.8, 722.5, 760.4, 789.9, 811.5, 
831.7, 869.4, 1, 1, 1, 1, 1, 1, 1, 1, 1, 1, 1, 1, 1, 1, 1, 1, 
1, 1, 1, 1, 1, 1, 1, 1, 1, 1, 1, 1, 1, 1, 1, 1, 1, 1, 1, 1, 1, 
1, 1, 1, 1, 1, 1, 1, 11.983, 13.605, 14.533, 17.644, 18.421, 
19.055, 21.635, 27.257, 27.661, 29.124, 32.6), .Dim = c(11L, 
40L), .Dimnames = list(NULL, c("Sampling", "PSO.cost", "PSO.gamma", 
"PSO.data.balancing", "PSO.feature.selection", "PSO.valid.acc", 
"PSO.test.acc", "PSO.train.time", "PSO.n.support.vectors", "PSO.index", 
"PSO.n.solutions", "PSO.generations", "PSO.n.evaluations", "PSO.cpu.time", 
"RS.cost", "RS.gamma", "RS.data.balancing", "RS.feature.selection", 
"RS.valid.acc", "RS.test.acc", "RS.train.time", "RS.n.support.vectors", 
"RS.index", "RS.n.solutions", "RS.generations", "RS.n.evaluations", 
"RS.cpu.time", "DF.cost", "DF.gamma", "DF.data.balancing", "DF.feature.selection", 
"DF.valid.acc", "DF.test.acc", "DF.train.time", "DF.n.support.vectors", 
"DF.index", "DF.n.solutions", "DF.generations", "DF.n.evaluations", 
"DF.cpu.time")))
