full <-
structure(c(50, 55, 60, 65, 70, 75, 80, 85, 90, 95, 100, 3.64099, 
3.5056, 4.32729, 12.99766, 2.33712, 12.60822, 4.99176, 7.87431, 
3.11005, 5.26898, 4.93963, -3.18498, -2.91237, -2.75486, -2.92854, 
-2.20937, -1.83217, -3.23245, -1.62175, -1.8163, -3.26545, -3.13396, 
0, 0, 0, 0, 0, 0, 0, 0, 0, 0, 0, 0, 0, 0, 0, 0, 0, 0, 0, 0, 0, 
0, 0.99374, 0.99431, 0.99478, 0.99615, 0.99598, 0.99541, 0.9953, 
0.99264, 0.99548, 0.99605, 0.99656, 0.99123, 0.99261, 0.99373, 
0.9947, 0.9942, 0.99499, 0.99375, 0.99264, 0.99513, 0.9954, 0.99562, 
0.4241, 0.5489, 0.6074, 0.6271, 1.0265, 1.2404, 0.7636, 1.8992, 
1.8036, 1.0345, 1.2321, 265.7, 308.5, 330.5, 312.9, 489.8, 605.4, 
304, 742.4, 672.7, 317.8, 347, 563, 309, 2254, 119, 1445, 60, 
149, 91, 743, 1367, 357, 198, 328, 2, 1383, 73, 1104, 459, 1102, 
302, 42, 546, 100, 100, 100, 100, 100, 100, 100, 100, 100, 100, 
100, 2500, 2500, 2500, 2500, 2500, 2500, 2500, 2500, 2500, 2500, 
2500, 21342.261, 23733.539, 25819.309, 28194.45, 30796.863, 43372.972, 
33927.01, 61463.4619999999, 57874.92, 59694.395, 43769.3049999999, 
2.80226, 3.6589, 4.50438, 6.79486, 2.22062, 10.62412, 4.91069, 
10.14178, 10.69645, 4.88347, 4.77338, -2.71299, -3.07595, -2.87136, 
-2.78715, -2.22867, -1.945, -3.28016, -1.53033, -1.52841, -3.03739, 
-3.28744, 0, 0, 0, 0, 0, 0, 0, 0, 0, 0, 0, 0, 0, 0, 0, 0, 0, 
0, 0, 0, 0, 0, 0.99374, 0.99375, 0.99426, 0.99615, 0.99598, 0.99541, 
0.9953, 0.99264, 0.99513, 0.99572, 0.99625, 0.99061, 0.99147, 
0.99321, 0.99519, 0.9933, 0.99457, 0.99414, 0.99264, 0.99479, 
0.99507, 0.99531, 0.4892, 0.4987, 0.5907, 0.659, 1.0112, 1.1988, 
0.788, 1.9691, 2.0362, 1.1051, 1.2124, 325.8, 290.7, 315.9, 331.6, 
488, 562.2, 301.1, 796.8, 814, 347.9, 332.4, 2323, 2224, 488, 
148, 2261, 163, 369, 160, 173, 210, 1117, 1, 2, 4, 22, 1, 18, 
4, 15, 45, 8, 2, 100, 100, 100, 100, 100, 100, 100, 100, 100, 
100, 100, 2500, 2500, 2500, 2500, 2500, 2500, 2500, 2500, 2500, 
2500, 2500, 31718.448, 36624.707, 41928.298, 46896.946, 51943.297, 
57814.585, 66465.02, 75178.4, 84406.7779999999, 101970.026, 112198.84, 
1, 1, 1, 1, 1, 1, 1, 1, 1, 1, 1, 0.02778, 0.02778, 0.02778, 0.02778, 
0.02778, 0.02778, 0.02778, 0.02778, 0.02778, 0.02778, 0.02778, 
0, 0, 0, 0, 0, 0, 0, 0, 0, 0, 0, 0, 0, 0, 0, 0, 0, 0, 0, 0, 0, 
0, 0.91737, 0.91811, 0.92337, 0.92204, 0.92715, 0.93243, 0.9347, 
0.93671, 0.93712, 0.9378, 0.93868, 0.91675, 0.91869, 0.92389, 
0.9206, 0.9276, 0.93284, 0.93353, 0.93671, 0.93712, 0.9378, 0.93899, 
0.7885, 0.9865, 1.0527, 1.1799, 1.3177, 1.4859, 1.6964, 1.7764, 
2.1542, 2.5896, 2.5823, 608.1, 641.3, 671.7, 700.5, 728.3, 748.9, 
774.8, 792.2, 816.9, 842.9, 867, 1, 1, 1, 1, 1, 1, 1, 1, 1, 1, 
1, 1, 1, 1, 1, 1, 1, 1, 1, 1, 1, 1, 1, 1, 1, 1, 1, 1, 1, 1, 1, 
1, 1, 1, 1, 1, 1, 1, 1, 1, 1, 1, 1, 1, 11.368, 13.458, 14.418, 
15.609, 17.065, 18.512, 20.896, 21.645, 25.633, 30.684, 30.192
), .Dim = c(11L, 40L), .Dimnames = list(NULL, c("Sampling", "PSO.cost", 
"PSO.gamma", "PSO.data.balancing", "PSO.feature.selection", "PSO.valid.acc", 
"PSO.test.acc", "PSO.train.time", "PSO.n.support.vectors", "PSO.index", 
"PSO.n.solutions", "PSO.generations", "PSO.n.evaluations", "PSO.cpu.time", 
"RS.cost", "RS.gamma", "RS.data.balancing", "RS.feature.selection", 
"RS.valid.acc", "RS.test.acc", "RS.train.time", "RS.n.support.vectors", 
"RS.index", "RS.n.solutions", "RS.generations", "RS.n.evaluations", 
"RS.cpu.time", "DF.cost", "DF.gamma", "DF.data.balancing", "DF.feature.selection", 
"DF.valid.acc", "DF.test.acc", "DF.train.time", "DF.n.support.vectors", 
"DF.index", "DF.n.solutions", "DF.generations", "DF.n.evaluations", 
"DF.cpu.time")))
