full <-
structure(c(50, 55, 60, 65, 70, 75, 80, 85, 90, 95, 100, 4.24123, 
6.4313, 8.13527, 4.92501, 4.60323, 5.16056, 4.25637, 6.23882, 
12.04929, 6.42563, 5.61129, -3.99124, -3.64969, -1.92028, -1.94338, 
-3.7277, -3.29126, -3.53755, -3.54861, -3.57244, -3.34222, -3.29088, 
0, 0, 0, 0, 0, 0, 0, 0, 0, 0, 0, 0, 0, 0, 0, 0, 0, 0, 0, 0, 0, 
0, 0.98999, 0.99146, 0.99113, 0.99134, 0.99375, 0.99333, 0.99492, 
0.99595, 0.99618, 0.99638, 0.99719, 0.98874, 0.98805, 0.99009, 
0.99038, 0.9933, 0.99124, 0.99336, 0.99632, 0.99548, 0.99539, 
0.99531, 0.379, 0.426, 0.9105, 1.0565, 0.6183, 0.7921, 0.803, 
0.7918, 0.8516, 1.0367, 1.1005, 220.6, 224, 513.3, 518.5, 251.2, 
291.8, 292.4, 275.2, 268.7, 306.3, 319.8, 198, 88, 34, 29, 399, 
303, 169, 768, 9, 748, 418, 188, 947, 1423, 1185, 362, 587, 137, 
225, 1317, 399, 549, 100, 100, 100, 100, 100, 100, 100, 100, 
100, 100, 100, 2500, 2500, 2500, 2500, 2500, 2500, 2500, 2500, 
2500, 2500, 2500, 18071.344, 20051.818, 33009.704, 36709.018, 
25529.168, 30646.508, 35643.483, 32116.398, 35890.8540000001, 
36161.47, 42310.691, 4.72278, 8.46358, 3.82255, 4.27176, 4.0708, 
5.21514, 4.17358, 6.22745, 11.38569, 6.74617, 5.64766, -4.12642, 
-3.61393, -3.77816, -2.01, -3.43534, -3.16659, -3.45121, -3.62775, 
-3.44018, -3.41085, -3.44263, 0, 0, 0, 0, 0, 0, 0, 0, 0, 0, 0, 
0, 0, 0, 0, 0, 0, 0, 0, 0, 0, 0, 0.98937, 0.99146, 0.99165, 0.99134, 
0.9933, 0.99333, 0.99453, 0.99558, 0.99618, 0.99638, 0.99719, 
0.98999, 0.98747, 0.98853, 0.99038, 0.99286, 0.99166, 0.99336, 
0.99632, 0.99548, 0.99507, 0.99625, 0.3605, 0.4325, 0.4991, 0.9488, 
0.6657, 0.7892, 0.8218, 0.8417, 0.9405, 0.9755, 1.0531, 205.5, 
225.7, 257.2, 497, 278, 301.2, 299.2, 268.5, 285.2, 296.6, 303.5, 
405, 2186, 513, 796, 1920, 105, 1353, 1875, 405, 2385, 2192, 
5, 1, 2, 12, 7, 7, 27, 13, 11, 3, 1, 100, 100, 100, 100, 100, 
100, 100, 100, 100, 100, 100, 2500, 2500, 2500, 2500, 2500, 2500, 
2500, 2500, 2500, 2500, 2500, 31745.675, 36368.276, 42407.129, 
47698.484, 54208.202, 60409.192, 68575.928, 76987.909, 87240.6660000001, 
97197.792, 105345.493, 1, 1, 1, 1, 1, 1, 1, 1, 1, 1, 1, 0.02778, 
0.02778, 0.02778, 0.02778, 0.02778, 0.02778, 0.02778, 0.02778, 
0.02778, 0.02778, 0.02778, 0, 0, 0, 0, 0, 0, 0, 0, 0, 0, 0, 0, 
0, 0, 0, 0, 0, 0, 0, 0, 0, 0, 0.91488, 0.92037, 0.9192, 0.92734, 
0.93165, 0.93034, 0.93588, 0.9367, 0.93712, 0.93679, 0.93868, 
0.91425, 0.9198, 0.91921, 0.92686, 0.93165, 0.93368, 0.93549, 
0.9367, 0.93677, 0.9368, 0.93899, 0.8285, 0.9581, 1.1805, 1.3025, 
1.4564, 1.6527, 1.7711, 1.8937, 2.2432, 2.3458, 2.5179, 597.8, 
625, 660.9, 683.2, 713.3, 751.7, 773.5, 797.9, 825.3, 851.2, 
867.4, 1, 1, 1, 1, 1, 1, 1, 1, 1, 1, 1, 1, 1, 1, 1, 1, 1, 1, 
1, 1, 1, 1, 1, 1, 1, 1, 1, 1, 1, 1, 1, 1, 1, 1, 1, 1, 1, 1, 1, 
1, 1, 1, 1, 1, 11.591, 13.048, 15.218, 16.717, 18.286, 20.497, 
21.805, 23.174, 26.921, 27.934, 29.806), .Dim = c(11L, 40L), .Dimnames = list(
    NULL, c("Sampling", "PSO.cost", "PSO.gamma", "PSO.data.balancing", 
    "PSO.feature.selection", "PSO.valid.acc", "PSO.test.acc", 
    "PSO.train.time", "PSO.n.support.vectors", "PSO.index", "PSO.n.solutions", 
    "PSO.generations", "PSO.n.evaluations", "PSO.cpu.time", "RS.cost", 
    "RS.gamma", "RS.data.balancing", "RS.feature.selection", 
    "RS.valid.acc", "RS.test.acc", "RS.train.time", "RS.n.support.vectors", 
    "RS.index", "RS.n.solutions", "RS.generations", "RS.n.evaluations", 
    "RS.cpu.time", "DF.cost", "DF.gamma", "DF.data.balancing", 
    "DF.feature.selection", "DF.valid.acc", "DF.test.acc", "DF.train.time", 
    "DF.n.support.vectors", "DF.index", "DF.n.solutions", "DF.generations", 
    "DF.n.evaluations", "DF.cpu.time")))
