full <-
structure(c(50, 55, 60, 65, 70, 75, 80, 85, 90, 95, 100, 6.2793, 
6.25498, 7.02002, 5.62075, 5.92397, 3.94889, 7.02938, 1.71605, 
15, 4.35498, 3.90514, -3.64668, -5.06809, -5.121, -4.78827, -4.14199, 
-3.5767, -4.45667, -2.36959, -2.96969, -3.44347, -1.82334, 0, 
0, 0, 0, 0, 0, 0, 0, 0, 0, 0, 0, 0, 0, 0, 0, 0, 0, 0, 0, 0, 0, 
0.99062, 0.99147, 0.99373, 0.99375, 0.99376, 0.99208, 0.99492, 
0.99522, 0.99688, 0.99605, 0.99625, 0.98937, 0.98806, 0.99165, 
0.99134, 0.99151, 0.99249, 0.99335, 0.99337, 0.99548, 0.99441, 
0.99625, 0.407, 0.3813, 0.4488, 0.5255, 0.5896, 0.7557, 0.6528, 
1.393, 1.0026, 1.0917, 2.4142, 213.1, 185.6, 174.6, 208.3, 223.7, 
283, 213.9, 512.1, 334.3, 321, 706.7, 317, 395, 416, 299, 50, 
137, 213, 606, 119, 316, 2139, 398, 156, 137, 411, 396, 199, 
443, 205, 1360, 202, 1, 100, 100, 100, 100, 100, 100, 100, 100, 
100, 100, 100, 2500, 2500, 2500, 2500, 2500, 2500, 2500, 2500, 
2500, 2500, 2500, 18456.621, 18725.502, 23125.463, 24878.199, 
29250.982, 43518.989, 29537.081, 48012.316, 40671.313, 64326.088, 
64133.304, 14.88813, 6.29526, 6.2285, 5.30178, 5.38372, 5.56842, 
6.81892, 1.78274, 8.71668, 3.95436, 3.1407, -3.64436, -5.19479, 
-4.39674, -4.55258, -4.54743, -1.74601, -4.58428, -2.47087, -3.06021, 
-1.80549, -1.45052, 0, 0, 0, 0, 0, 0, 0, 0, 0, 0, 0, 0, 0, 0, 
0, 0, 0, 0, 0, 0, 0, 0, 0.98937, 0.9909, 0.99322, 0.99327, 0.9942, 
0.99208, 0.99492, 0.99485, 0.99688, 0.99605, 0.99593, 0.98937, 
0.98806, 0.99009, 0.99182, 0.99196, 0.99083, 0.99336, 0.99301, 
0.99548, 0.99572, 0.99593, 0.4093, 0.4151, 0.4761, 0.5124, 0.5755, 
1.5052, 0.6894, 1.3024, 1.0083, 2.2343, 3.1778, 212.1, 185.1, 
192.7, 215.5, 221.9, 642.1, 213, 489, 323.3, 695.3, 941.9, 251, 
245, 258, 1520, 1892, 9, 470, 1064, 7, 1511, 170, 8, 5, 5, 2, 
1, 18, 9, 1, 23, 2, 4, 100, 100, 100, 100, 100, 100, 100, 100, 
100, 100, 100, 2500, 2500, 2500, 2500, 2500, 2500, 2500, 2500, 
2500, 2500, 2500, 32447.358, 40522.401, 46097.116, 51999.99, 
58234.061, 62855.996, 72011.498, 76787.674, 89977.73, 105287.61, 
123903.112, 1, 1, 1, 1, 1, 1, 1, 1, 1, 1, 1, 0.02778, 0.02778, 
0.02778, 0.02778, 0.02778, 0.02778, 0.02778, 0.02778, 0.02778, 
0.02778, 0.02778, 0, 0, 0, 0, 0, 0, 0, 0, 0, 0, 0, 0, 0, 0, 0, 
0, 0, 0, 0, 0, 0, 0, 0.91674, 0.91922, 0.92388, 0.92637, 0.93299, 
0.93539, 0.93706, 0.93855, 0.9385, 0.93877, 0.93929, 0.91612, 
0.91808, 0.92336, 0.92733, 0.93298, 0.93497, 0.93706, 0.93818, 
0.93746, 0.93844, 0.93867, 0.8078, 1.0091, 1.15, 1.2719, 1.4917, 
1.6279, 1.8236, 1.9565, 2.2137, 2.6, 2.7897, 596.4, 622, 644.9, 
686.6, 715.4, 740.1, 769.2, 792.9, 823.8, 846.1, 868.2, 1, 1, 
1, 1, 1, 1, 1, 1, 1, 1, 1, 1, 1, 1, 1, 1, 1, 1, 1, 1, 1, 1, 1, 
1, 1, 1, 1, 1, 1, 1, 1, 1, 1, 1, 1, 1, 1, 1, 1, 1, 1, 1, 1, 1, 
11.397, 14.404, 16.053, 17.305, 19.701, 20.207, 22.995, 24.212, 
27.056, 31.102, 33.378), .Dim = c(11L, 40L), .Dimnames = list(
    NULL, c("Sampling", "PSO.cost", "PSO.gamma", "PSO.data.balancing", 
    "PSO.feature.selection", "PSO.valid.acc", "PSO.test.acc", 
    "PSO.train.time", "PSO.n.support.vectors", "PSO.index", "PSO.n.solutions", 
    "PSO.generations", "PSO.n.evaluations", "PSO.cpu.time", "RS.cost", 
    "RS.gamma", "RS.data.balancing", "RS.feature.selection", 
    "RS.valid.acc", "RS.test.acc", "RS.train.time", "RS.n.support.vectors", 
    "RS.index", "RS.n.solutions", "RS.generations", "RS.n.evaluations", 
    "RS.cpu.time", "DF.cost", "DF.gamma", "DF.data.balancing", 
    "DF.feature.selection", "DF.valid.acc", "DF.test.acc", "DF.train.time", 
    "DF.n.support.vectors", "DF.index", "DF.n.solutions", "DF.generations", 
    "DF.n.evaluations", "DF.cpu.time")))
