full <-
structure(c(50, 55, 60, 65, 70, 75, 80, 85, 90, 95, 100, 0.39654, 
0.78801, -0.32923, 0.04138, -0.0243, 0.77915, 0.66481, 0.29008, 
0.03428, 1, -0.15543, 0.85107, 0.82309, 2.36081, 3, 2.86984, 
2.9032, 3, 3, 3, 0.14286, -10.19524, 0, 0, 0, 0, 0, 0, 0, 0, 
0, 0, 0, 0, 0, 0, 0, 0, 0, 0, 0, 0, 0, 0, 0.74131, 0.73583, 0.72808, 
0.72722, 0.73381, 0.73025, 0.72749, 0.72738, 0.72261, 0.71568, 
0.71823, 0.73242, 0.73149, 0.72423, 0.72377, 0.73058, 0.71811, 
0.70764, 0.72738, 0.71741, 0.71568, 0.71823, 0.0254, 0.0292, 
0.034, 0.0388, 0.0422, 0.0466, 0.0533, 0.061, 0.0613, 0.05, 0.0441, 
162.6, 176.6, 204.7, 225.4, 236.8, 253.4, 269.5, 285.3, 304, 
233.3, 211.3, 754, 1803, 259, 263, 1467, 1611, 920, 394, 374, 
1, 2, 119, 9, 692, 397, 39, 32, 138, 80, 258, 1901, 2078, 100, 
100, 100, 100, 100, 100, 100, 100, 100, 100, 100, 2500, 2500, 
2500, 2500, 2500, 2500, 2500, 2500, 2500, 2500, 2500, 8092.302, 
8350.237, 8301.59899999999, 8511.75700000001, 8695.06200000001, 
8723.341, 9210.804, 9007.893, 8824.79499999998, 9513.15299999999, 
8994.73699999999, 0.40737, 0.16887, -0.09717, -0.09407, 0.4544, 
0.3534, -1.10478, 4.55697, 0.03892, 2.85882, 3.59313, 0.50214, 
2.82164, 1.67062, 2.33409, 2.11254, 2.2421, 2.79036, -9.83241, 
2.99855, -8.58185, -14.28377, 0, 0, 0, 0, 0, 0, 0, 0, 0, 0, 0, 
0, 0, 0, 0, 0, 0, 0, 0, 0, 0, 0, 0.74131, 0.73566, 0.72438, 0.72722, 
0.7336, 0.72133, 0.72185, 0.72468, 0.72261, 0.71568, 0.71823, 
0.73677, 0.73966, 0.72423, 0.72377, 0.72714, 0.71517, 0.72185, 
0.72468, 0.71741, 0.71568, 0.71823, 0.026, 0.032, 0.0333, 0.0374, 
0.0416, 0.0454, 0.0525, 0.0482, 0.0628, 0.0495, 0.0424, 159.6, 
191.1, 198.8, 221.6, 229.2, 247.2, 267.4, 207, 303.9, 227.9, 
195.5, 2167, 1278, 1538, 210, 480, 106, 3, 3, 981, 1, 1, 1, 2, 
1, 4, 3, 2, 1158, 1232, 2, 1110, 941, 100, 100, 100, 100, 100, 
100, 100, 100, 100, 100, 100, 2500, 2500, 2500, 2500, 2500, 2500, 
2500, 2500, 2500, 2500, 2500, 8483.656, 8936.964, 9004.243, 9553.62, 
9416.78600000001, 10277.955, 11175.689, 10674.406, 11130.697, 
12437.971, 13317.07, 1, 1, 1, 1, 1, 1, 1, 1, 1, 1, 1, 0.14286, 
0.14286, 0.14286, 0.14286, 0.14286, 0.14286, 0.14286, 0.14286, 
0.14286, 0.14286, 0.14286, 0, 0, 0, 0, 0, 0, 0, 0, 0, 0, 0, 0, 
0, 0, 0, 0, 0, 0, 0, 0, 0, 0, 0.73677, 0.73166, 0.72408, 0.72377, 
0.73058, 0.71839, 0.72185, 0.72468, 0.72248, 0.71568, 0.71595, 
0.73677, 0.73166, 0.72408, 0.72377, 0.73058, 0.71839, 0.72185, 
0.72468, 0.72248, 0.71568, 0.71823, 0.022, 0.025, 0.0271, 0.0296, 
0.0327, 0.0365, 0.04, 0.0425, 0.0458, 0.0529, 0.0585, 123.7, 
140.1, 152.5, 165.9, 174.6, 190.6, 199.6, 205.9, 219, 233.3, 
242.1, 1, 1, 1, 1, 1, 1, 1, 1, 1, 1, 1, 1, 1, 1, 1, 1, 1, 1, 
1, 1, 1, 1, 1, 1, 1, 1, 1, 1, 1, 1, 1, 1, 1, 1, 1, 1, 1, 1, 1, 
1, 1, 1, 1, 1, 3.078, 3.144, 3.259, 3.092, 3.081, 3.417, 3.39, 
3.275, 3.244, 3.592, 3.504), .Dim = c(11L, 40L), .Dimnames = list(
    NULL, c("Sampling", "PSO.cost", "PSO.gamma", "PSO.data.balancing", 
    "PSO.feature.selection", "PSO.valid.acc", "PSO.test.acc", 
    "PSO.train.time", "PSO.n.support.vectors", "PSO.index", "PSO.n.solutions", 
    "PSO.generations", "PSO.n.evaluations", "PSO.cpu.time", "RS.cost", 
    "RS.gamma", "RS.data.balancing", "RS.feature.selection", 
    "RS.valid.acc", "RS.test.acc", "RS.train.time", "RS.n.support.vectors", 
    "RS.index", "RS.n.solutions", "RS.generations", "RS.n.evaluations", 
    "RS.cpu.time", "DF.cost", "DF.gamma", "DF.data.balancing", 
    "DF.feature.selection", "DF.valid.acc", "DF.test.acc", "DF.train.time", 
    "DF.n.support.vectors", "DF.index", "DF.n.solutions", "DF.generations", 
    "DF.n.evaluations", "DF.cpu.time")))
