full <-
structure(c(50, 55, 60, 65, 70, 75, 80, 85, 90, 95, 100, 8e-04, 
0.70029, -0.20463, 0.41819, 6.81145, 1.58645, 5.05882, 0.77841, 
0.18412, 0.14346, 1, 3, 3, 3, 3, -5.15971, -2.63299, -3.9972, 
3, 3, 2.27367, 0.14286, 0, 0, 0, 0, 0, 0, 0, 0, 0, 0, 0, 0, 0, 
0, 0, 0, 0, 0, 0, 0, 0, 0, 0.71402, 0.72725, 0.72371, 0.72776, 
0.74042, 0.7365, 0.72801, 0.72755, 0.72493, 0.72023, 0.7183, 
0.71402, 0.71891, 0.72371, 0.72074, 0.71813, 0.73044, 0.71657, 
0.71155, 0.72243, 0.71303, 0.7183, 0.0261, 0.0297, 0.0311, 0.0369, 
0.0514, 0.0366, 0.0526, 0.0553, 0.0598, 0.0607, 0.0512, 173.1, 
190.5, 204.4, 221.1, 155.6, 177.9, 185.3, 286.1, 300.7, 309.6, 
241.4, 694, 551, 1593, 289, 158, 2049, 585, 1839, 816, 347, 1, 
575, 404, 3, 213, 49, 29, 142, 6, 62, 352, 1924, 100, 100, 100, 
100, 100, 100, 100, 100, 100, 100, 100, 2500, 2500, 2500, 2500, 
2500, 2500, 2500, 2500, 2500, 2500, 2500, 6879.349, 7039.483, 
6975.679, 6988.075, 7385.35600000001, 7062.91, 6765.00499999999, 
7699.64599999999, 7725.128, 7431.69999999998, 7195.65599999999, 
0.02675, 0.65494, 2.29941, 5.93235, 6.86284, 1.62347, 4.61479, 
12.66497, 0.24312, 0.10884, 12.45917, 2.99771, 2.94318, -6.06102, 
-7.73694, -5.20712, -2.75285, -3.81902, -13.92006, 2.62187, 2.95517, 
-8.80778, 0, 0, 0, 0, 0, 0, 0, 0, 0, 0, 0, 0, 0, 0, 0, 0, 0, 
0, 0, 0, 0, 0, 0.71402, 0.72725, 0.72014, 0.72751, 0.74042, 0.7365, 
0.72801, 0.72215, 0.72243, 0.71779, 0.72052, 0.71402, 0.71873, 
0.72014, 0.72751, 0.71813, 0.73044, 0.71371, 0.72215, 0.71736, 
0.71059, 0.71375, 0.0258, 0.0295, 0.0288, 0.0499, 0.0514, 0.0369, 
0.0493, 0.1361, 0.0582, 0.0623, 0.4831, 173.2, 190.4, 144, 152.4, 
155.4, 176.7, 187.2, 180.7, 297.1, 317.5, 222.7, 1480, 11, 3, 
1, 967, 1665, 938, 1, 430, 256, 769, 2, 1, 1227, 1279, 2, 1, 
1, 1241, 3, 4, 1, 100, 100, 100, 100, 100, 100, 100, 100, 100, 
100, 100, 2500, 2500, 2500, 2500, 2500, 2500, 2500, 2500, 2500, 
2500, 2500, 7336.839, 7571.364, 7716.052, 7736.772, 8126.113, 
8156.82399999999, 9752.947, 9444.436, 9977.17700000001, 10335.638, 
11202.018, 1, 1, 1, 1, 1, 1, 1, 1, 1, 1, 1, 0.14286, 0.14286, 
0.14286, 0.14286, 0.14286, 0.14286, 0.14286, 0.14286, 0.14286, 
0.14286, 0.14286, 0, 0, 0, 0, 0, 0, 0, 0, 0, 0, 0, 0, 0, 0, 0, 
0, 0, 0, 0, 0, 0, 0, 0.70512, 0.71491, 0.72014, 0.72751, 0.73386, 
0.73044, 0.72475, 0.72215, 0.72236, 0.71541, 0.7183, 0.70512, 
0.71491, 0.72014, 0.72751, 0.73386, 0.73044, 0.72475, 0.72215, 
0.72236, 0.71541, 0.7183, 0.0219, 0.023, 0.026, 0.0299, 0.03, 
0.0329, 0.0389, 0.0414, 0.0424, 0.0486, 0.052, 130, 139.4, 148.5, 
160.1, 170.5, 177.8, 196.5, 210.5, 221.4, 235, 241.4, 1, 1, 1, 
1, 1, 1, 1, 1, 1, 1, 1, 1, 1, 1, 1, 1, 1, 1, 1, 1, 1, 1, 1, 1, 
1, 1, 1, 1, 1, 1, 1, 1, 1, 1, 1, 1, 1, 1, 1, 1, 1, 1, 1, 1, 2.757, 
2.539, 2.752, 2.83, 2.43, 2.467, 2.864, 2.736, 2.809, 2.928, 
2.839), .Dim = c(11L, 40L), .Dimnames = list(NULL, c("Sampling", 
"PSO.cost", "PSO.gamma", "PSO.data.balancing", "PSO.feature.selection", 
"PSO.valid.acc", "PSO.test.acc", "PSO.train.time", "PSO.n.support.vectors", 
"PSO.index", "PSO.n.solutions", "PSO.generations", "PSO.n.evaluations", 
"PSO.cpu.time", "RS.cost", "RS.gamma", "RS.data.balancing", "RS.feature.selection", 
"RS.valid.acc", "RS.test.acc", "RS.train.time", "RS.n.support.vectors", 
"RS.index", "RS.n.solutions", "RS.generations", "RS.n.evaluations", 
"RS.cpu.time", "DF.cost", "DF.gamma", "DF.data.balancing", "DF.feature.selection", 
"DF.valid.acc", "DF.test.acc", "DF.train.time", "DF.n.support.vectors", 
"DF.index", "DF.n.solutions", "DF.generations", "DF.n.evaluations", 
"DF.cpu.time")))
