full <-
structure(c(50, 55, 60, 65, 70, 75, 80, 85, 90, 95, 100, 0.37873, 
1, -0.43354, 1, 10.79684, 0.52208, 1, 1, 1, 1, 1, -0.42934, 0.14286, 
1.61688, 0.14286, -8.79019, 3, 0.14286, 0.14286, 0.14286, 0.14286, 
0.14286, 0, 0, 0, 0, 0, 0, 0, 0, 0, 0, 0, 0, 0, 0, 0, 0, 0, 0, 
0, 0, 0, 0, 0.66888, 0.68607, 0.68223, 0.68917, 0.70503, 0.71536, 
0.71873, 0.71131, 0.70718, 0.71067, 0.7184, 0.65979, 0.68172, 
0.68223, 0.68917, 0.69836, 0.70618, 0.71873, 0.71131, 0.70718, 
0.71067, 0.7184, 0.0228, 0.0243, 0.0289, 0.0283, 0.1251, 0.0459, 
0.0368, 0.0407, 0.044, 0.0478, 0.0509, 152.5, 147.7, 196.5, 172, 
162.9, 253.6, 197.3, 210, 225.1, 235.3, 242.1, 249, 1, 4, 1, 
218, 1393, 1, 1, 1, 1, 1, 66, 1875, 1976, 1891, 132, 50, 1826, 
1904, 1629, 1898, 1860, 100, 100, 100, 100, 100, 100, 100, 100, 
100, 100, 100, 2500, 2500, 2500, 2500, 2500, 2500, 2500, 2500, 
2500, 2500, 2500, 7375.909, 7151.195, 7183.693, 6702.483, 9407.135, 
7901.74400000001, 7809.43999999999, 8468.823, 8604.13100000001, 
7949.67199999999, 8913.117, 0.26207, 5.82194, 14.16424, 12.39036, 
12.35129, 0.42826, 5.62084, -0.72712, 13.95445, 4.55388, 5.99995, 
2.93852, -11.38786, -11.26213, -12.22964, -9.52683, 2.97835, 
-12.50883, -5.59635, -11.74599, -6.50558, -14.81096, 0, 0, 0, 
0, 0, 0, 0, 0, 0, 0, 0, 0, 0, 0, 0, 0, 0, 0, 0, 0, 0, 0, 0.67758, 
0.68607, 0.68223, 0.68917, 0.70503, 0.71233, 0.71873, 0.71131, 
0.70718, 0.71067, 0.7184, 0.66392, 0.68607, 0.68223, 0.68917, 
0.70169, 0.70921, 0.71873, 0.71131, 0.70718, 0.71067, 0.7184, 
0.0253, 0.0269, 0.2559, 0.1277, 0.1942, 0.0463, 0.037, 0.0359, 
0.4629, 0.0709, 0.0413, 175.2, 155.5, 145.8, 155.1, 162.3, 253.6, 
199.1, 203.9, 198.8, 225.8, 211.2, 1610, 1, 1, 1, 252, 494, 3, 
8, 1, 1, 4, 1, 1201, 1151, 1153, 5, 1, 1157, 1205, 1129, 1237, 
1255, 100, 100, 100, 100, 100, 100, 100, 100, 100, 100, 100, 
2500, 2500, 2500, 2500, 2500, 2500, 2500, 2500, 2500, 2500, 2500, 
7238.828, 7522.801, 7650.408, 7732.416, 7988.102, 9130.867, 8878.08500000001, 
9466.318, 10115.252, 10809.577, 10993.243, 1, 1, 1, 1, 1, 1, 
1, 1, 1, 1, 1, 0.14286, 0.14286, 0.14286, 0.14286, 0.14286, 0.14286, 
0.14286, 0.14286, 0.14286, 0.14286, 0.14286, 0, 0, 0, 0, 0, 0, 
0, 0, 0, 0, 0, 0, 0, 0, 0, 0, 0, 0, 0, 0, 0, 0, 0.66868, 0.68607, 
0.67839, 0.68917, 0.69503, 0.70921, 0.71873, 0.71131, 0.70718, 
0.71067, 0.7184, 0.66414, 0.68172, 0.68223, 0.68917, 0.69836, 
0.70921, 0.71873, 0.71131, 0.70718, 0.71067, 0.7184, 0.0206, 
0.0231, 0.0253, 0.0281, 0.0299, 0.0331, 0.0366, 0.0387, 0.0433, 
0.0486, 0.0502, 136.3, 147.7, 161.8, 172, 179.7, 191.8, 197.3, 
210, 225.1, 235.3, 242.1, 1, 1, 1, 1, 1, 1, 1, 1, 1, 1, 1, 1, 
1, 1, 1, 1, 1, 1, 1, 1, 1, 1, 1, 1, 1, 1, 1, 1, 1, 1, 1, 1, 1, 
1, 1, 1, 1, 1, 1, 1, 1, 1, 1, 1, 2.561, 2.521, 2.464, 2.501, 
2.515, 2.609, 2.806, 2.546, 2.696, 2.89, 2.632), .Dim = c(11L, 
40L), .Dimnames = list(NULL, c("Sampling", "PSO.cost", "PSO.gamma", 
"PSO.data.balancing", "PSO.feature.selection", "PSO.valid.acc", 
"PSO.test.acc", "PSO.train.time", "PSO.n.support.vectors", "PSO.index", 
"PSO.n.solutions", "PSO.generations", "PSO.n.evaluations", "PSO.cpu.time", 
"RS.cost", "RS.gamma", "RS.data.balancing", "RS.feature.selection", 
"RS.valid.acc", "RS.test.acc", "RS.train.time", "RS.n.support.vectors", 
"RS.index", "RS.n.solutions", "RS.generations", "RS.n.evaluations", 
"RS.cpu.time", "DF.cost", "DF.gamma", "DF.data.balancing", "DF.feature.selection", 
"DF.valid.acc", "DF.test.acc", "DF.train.time", "DF.n.support.vectors", 
"DF.index", "DF.n.solutions", "DF.generations", "DF.n.evaluations", 
"DF.cpu.time")))
