full <-
structure(c(50, 55, 60, 65, 70, 75, 80, 85, 90, 95, 100, 11.58557, 
0.8405, 1, 1.47552, 1, 0.18727, 4.47106, 1, 0.39757, 1, 1, -9.38239, 
0.25003, 0.14286, -0.73197, 0.14286, 3, -5.47612, 0.14286, 3, 
0.14286, 0.14286, 0, 0, 0, 0, 0, 0, 0, 0, 0, 0, 0, 0, 0, 0, 0, 
0, 0, 0, 0, 0, 0, 0, 0.73214, 0.74001, 0.73105, 0.73793, 0.72731, 
0.72442, 0.72726, 0.72215, 0.72477, 0.72034, 0.71825, 0.72716, 
0.71984, 0.73105, 0.73103, 0.72731, 0.71844, 0.72448, 0.72215, 
0.72233, 0.72034, 0.71825, 0.1087, 0.0236, 0.026, 0.0281, 0.0319, 
0.0422, 0.0595, 0.0423, 0.0573, 0.0512, 0.053, 113.2, 154.6, 
150.5, 175.1, 175.9, 249.7, 189.2, 207.9, 302.4, 236.7, 244.3, 
42, 545, 1, 676, 1, 429, 594, 1, 551, 1, 1, 410, 67, 1980, 19, 
1554, 542, 122, 1782, 89, 1801, 1917, 100, 100, 100, 100, 100, 
100, 100, 100, 100, 100, 100, 2500, 2500, 2500, 2500, 2500, 2500, 
2500, 2500, 2500, 2500, 2500, 8749.475, 7111.145, 6813.751, 6799.127, 
7548.537, 6649.226, 7721.91899999999, 8012.151, 7765.84599999999, 
7556.921, 7339.856, 13.66272, 9.39485, -0.73695, 1.63499, 1.01827, 
-0.91107, 4.4945, -0.38754, 0.31139, -0.01653, -1.61178, -10.67597, 
-5.34315, -6.62868, -0.62722, -7.81839, -4.49401, -5.47547, -2.87845, 
-7.27352, 0.84193, -5.78347, 0, 0, 0, 0, 0, 0, 0, 0, 0, 0, 0, 
0, 0, 0, 0, 0, 0, 0, 0, 0, 0, 0, 0.73214, 0.74001, 0.73105, 0.73793, 
0.72731, 0.72138, 0.72726, 0.72215, 0.72233, 0.72034, 0.71825, 
0.72716, 0.71933, 0.73105, 0.73103, 0.72731, 0.72138, 0.72448, 
0.72215, 0.72233, 0.72034, 0.71825, 0.1791, 0.0591, 0.0225, 0.0297, 
0.0283, 0.0327, 0.0599, 0.0411, 0.0389, 0.0529, 0.0454, 109.6, 
124.1, 141.8, 175.3, 167.4, 188.6, 189.3, 208.1, 213.5, 282.5, 
239.2, 62, 611, 1, 590, 1, 3, 21, 1, 1, 1, 2, 36, 7, 992, 2, 
990, 1033, 2, 1229, 1020, 999, 953, 100, 100, 100, 100, 100, 
100, 100, 100, 100, 100, 100, 2500, 2500, 2500, 2500, 2500, 2500, 
2500, 2500, 2500, 2500, 2500, 6800.362, 7374.133, 7657.191, 7802.571, 
8285.984, 8496.092, 9426.85399999999, 9385.33500000001, 10065.066, 
11318.448, 11219.094, 1, 1, 1, 1, 1, 1, 1, 1, 1, 1, 1, 0.14286, 
0.14286, 0.14286, 0.14286, 0.14286, 0.14286, 0.14286, 0.14286, 
0.14286, 0.14286, 0.14286, 0, 0, 0, 0, 0, 0, 0, 0, 0, 0, 0, 0, 
0, 0, 0, 0, 0, 0, 0, 0, 0, 0, 0.73192, 0.73601, 0.73105, 0.73448, 
0.72731, 0.72138, 0.72448, 0.72215, 0.72233, 0.72034, 0.71825, 
0.73192, 0.73601, 0.73105, 0.73448, 0.72731, 0.72138, 0.72448, 
0.72215, 0.72233, 0.72034, 0.71825, 0.0203, 0.0235, 0.0256, 0.0272, 
0.035, 0.0361, 0.0368, 0.0408, 0.0462, 0.0497, 0.0535, 127.8, 
138.6, 150.5, 160.5, 175.9, 189, 196.6, 207.9, 223, 236.7, 244.3, 
1, 1, 1, 1, 1, 1, 1, 1, 1, 1, 1, 1, 1, 1, 1, 1, 1, 1, 1, 1, 1, 
1, 1, 1, 1, 1, 1, 1, 1, 1, 1, 1, 1, 1, 1, 1, 1, 1, 1, 1, 1, 1, 
1, 1, 2.452, 2.64, 2.419, 2.395, 2.703, 2.787, 2.783, 2.677, 
2.86, 2.678, 2.815), .Dim = c(11L, 40L), .Dimnames = list(NULL, 
    c("Sampling", "PSO.cost", "PSO.gamma", "PSO.data.balancing", 
    "PSO.feature.selection", "PSO.valid.acc", "PSO.test.acc", 
    "PSO.train.time", "PSO.n.support.vectors", "PSO.index", "PSO.n.solutions", 
    "PSO.generations", "PSO.n.evaluations", "PSO.cpu.time", "RS.cost", 
    "RS.gamma", "RS.data.balancing", "RS.feature.selection", 
    "RS.valid.acc", "RS.test.acc", "RS.train.time", "RS.n.support.vectors", 
    "RS.index", "RS.n.solutions", "RS.generations", "RS.n.evaluations", 
    "RS.cpu.time", "DF.cost", "DF.gamma", "DF.data.balancing", 
    "DF.feature.selection", "DF.valid.acc", "DF.test.acc", "DF.train.time", 
    "DF.n.support.vectors", "DF.index", "DF.n.solutions", "DF.generations", 
    "DF.n.evaluations", "DF.cpu.time")))
