full <-
structure(c(50, 55, 60, 65, 70, 75, 80, 85, 90, 95, 100, 1, 3.21921, 
2.3989, 1, 9.10927, 9.43527, 14.52571, 12.77335, 8.21516, 1, 
12.64948, 0.14286, -2.38922, -3.97541, 0.14286, -7.436, -9.65105, 
-12.81872, -11.53828, -8.01967, 0.14286, -9.17719, 0, 0, 0, 0, 
0, 0, 0, 0, 0, 0, 0, 0, 0, 0, 0, 0, 0, 0, 0, 0, 0, 0, 0.76384, 
0.74876, 0.7386, 0.72446, 0.73407, 0.72741, 0.73332, 0.72752, 
0.73494, 0.71785, 0.71835, 0.76384, 0.74076, 0.73105, 0.72446, 
0.72385, 0.72438, 0.73038, 0.72752, 0.73244, 0.71785, 0.71143, 
0.0226, 0.0276, 0.0293, 0.0314, 0.0626, 0.0895, 0.3014, 0.3012, 
0.1186, 0.0509, 0.6467, 117.1, 135.8, 140.9, 162.2, 149.5, 162.4, 
164.4, 180.7, 196.9, 228, 223, 1, 535, 408, 1, 281, 225, 12, 
900, 37, 1, 822, 1751, 288, 116, 1694, 135, 125, 420, 78, 372, 
1872, 49, 100, 100, 100, 100, 100, 100, 100, 100, 100, 100, 100, 
2500, 2500, 2500, 2500, 2500, 2500, 2500, 2500, 2500, 2500, 2500, 
8055.104, 8048.447, 8266.448, 8372.014, 9718.09999999999, 9186.78, 
10299.743, 10744.384, 12451.342, 9603.91200000001, 11654.444, 
14.26442, 3.32135, 3.28647, 0.69016, 10.03844, 7.75717, 4.58644, 
12.18172, 13.71569, 7.42431, 12.01432, -12.40236, -2.41094, -4.56727, 
-10.66214, -7.96531, -8.74002, -6.9448, -11.18027, -11.26492, 
-11.94743, -8.77976, 0, 0, 0, 0, 0, 0, 0, 0, 0, 0, 0, 0, 0, 0, 
0, 0, 0, 0, 0, 0, 0, 0, 0.76384, 0.74876, 0.7349, 0.72446, 0.73397, 
0.72741, 0.73332, 0.72752, 0.73494, 0.71785, 0.71835, 0.76384, 
0.73225, 0.73105, 0.72446, 0.72719, 0.72438, 0.73038, 0.72752, 
0.73494, 0.71785, 0.7091, 0.1247, 0.0273, 0.0295, 0.0254, 0.0733, 
0.0668, 0.0489, 0.256, 0.4714, 0.0645, 0.5588, 101.8, 135, 136.5, 
136.8, 149.3, 162.7, 176.7, 182.9, 186, 247.5, 225.2, 1, 501, 
143, 1, 1148, 110, 3, 26, 41, 3, 297, 1139, 3, 6, 1018, 2, 40, 
71, 9, 34, 1159, 2, 100, 100, 100, 100, 100, 100, 100, 100, 100, 
100, 100, 2500, 2500, 2500, 2500, 2500, 2500, 2500, 2500, 2500, 
2500, 2500, 8434.446, 8815.802, 8998.898, 9191.50599999999, 9379.837, 
9706.37700000001, 9997.63100000001, 10565.91, 11204.283, 11207.255, 
12414.353, 1, 1, 1, 1, 1, 1, 1, 1, 1, 1, 1, 0.14286, 0.14286, 
0.14286, 0.14286, 0.14286, 0.14286, 0.14286, 0.14286, 0.14286, 
0.14286, 0.14286, 0, 0, 0, 0, 0, 0, 0, 0, 0, 0, 0, 0, 0, 0, 0, 
0, 0, 0, 0, 0, 0, 0, 0.76384, 0.73991, 0.73476, 0.72446, 0.72762, 
0.72438, 0.73038, 0.72482, 0.73244, 0.71785, 0.7183, 0.76384, 
0.73991, 0.73476, 0.72446, 0.72428, 0.72438, 0.73038, 0.72482, 
0.73244, 0.71785, 0.7183, 0.0222, 0.0248, 0.0275, 0.0302, 0.0325, 
0.0354, 0.0368, 0.0435, 0.0475, 0.0489, 0.0549, 117.1, 133.7, 
146.2, 162.2, 167.3, 179.2, 188, 206.6, 210.2, 228, 244.6, 1, 
1, 1, 1, 1, 1, 1, 1, 1, 1, 1, 1, 1, 1, 1, 1, 1, 1, 1, 1, 1, 1, 
1, 1, 1, 1, 1, 1, 1, 1, 1, 1, 1, 1, 1, 1, 1, 1, 1, 1, 1, 1, 1, 
1, 3.214, 3.216, 3.226, 3.212, 3.209, 3.184, 2.927, 3.263, 3.175, 
3.206, 3.224), .Dim = c(11L, 40L), .Dimnames = list(NULL, c("Sampling", 
"PSO.cost", "PSO.gamma", "PSO.data.balancing", "PSO.feature.selection", 
"PSO.valid.acc", "PSO.test.acc", "PSO.train.time", "PSO.n.support.vectors", 
"PSO.index", "PSO.n.solutions", "PSO.generations", "PSO.n.evaluations", 
"PSO.cpu.time", "RS.cost", "RS.gamma", "RS.data.balancing", "RS.feature.selection", 
"RS.valid.acc", "RS.test.acc", "RS.train.time", "RS.n.support.vectors", 
"RS.index", "RS.n.solutions", "RS.generations", "RS.n.evaluations", 
"RS.cpu.time", "DF.cost", "DF.gamma", "DF.data.balancing", "DF.feature.selection", 
"DF.valid.acc", "DF.test.acc", "DF.train.time", "DF.n.support.vectors", 
"DF.index", "DF.n.solutions", "DF.generations", "DF.n.evaluations", 
"DF.cpu.time")))
