full <-
structure(c(50, 55, 60, 65, 70, 75, 80, 85, 90, 95, 100, 0.60906, 
0.38021, 0.6844, 0.83183, -0.84457, 1, 1, 3.88492, 1, 1, 1, 1.06443, 
1.55311, 0.82268, -1.632, -9.70943, 0.14286, 0.14286, -5.00937, 
0.14286, 0.14286, 0.14286, 0, 0, 0, 0, 0, 0, 0, 0, 0, 0, 0, 0, 
0, 0, 0, 0, 0, 0, 0, 0, 0, 0, 0.67865, 0.69013, 0.69701, 0.70645, 
0.69856, 0.70921, 0.70472, 0.70866, 0.71221, 0.71793, 0.7183, 
0.67845, 0.68162, 0.68932, 0.70312, 0.69856, 0.70921, 0.70178, 
0.70063, 0.70971, 0.71793, 0.7183, 0.0233, 0.0261, 0.0284, 0.0284, 
0.026, 0.0341, 0.0359, 0.0491, 0.044, 0.0482, 0.0523, 163.6, 
179.7, 187.2, 172.7, 155.4, 185.8, 199.7, 198, 221.3, 230.3, 
243.5, 2447, 804, 1993, 160, 3, 1, 1, 227, 1, 1, 1, 1, 220, 13, 
61, 2276, 1837, 278, 262, 1849, 1828, 1602, 100, 100, 100, 100, 
100, 100, 100, 100, 100, 100, 100, 2500, 2500, 2500, 2500, 2500, 
2500, 2500, 2500, 2500, 2500, 2500, 6764.148, 6375.757, 7030.569, 
6695.124, 7361.512, 7384.26400000001, 7102.747, 7303.11599999999, 
8147.65699999999, 7656.30100000001, 9118.734, 0.66374, 0.31201, 
0.36879, 0.72096, 7.96074, 5.39675, -0.15507, 1.20101, 2.11654, 
4.02051, 4.32048, 1.20248, 1.19418, 0.13113, -2.0408, -8.09716, 
-8.04875, -2.87127, -4.11217, -11.03858, -7.04439, -13.2379, 
0, 0, 0, 0, 0, 0, 0, 0, 0, 0, 0, 0, 0, 0, 0, 0, 0, 0, 0, 0, 0, 
0, 0.68299, 0.69013, 0.69687, 0.70312, 0.69856, 0.70921, 0.70472, 
0.70866, 0.71221, 0.71793, 0.7183, 0.67845, 0.68162, 0.68547, 
0.69956, 0.69511, 0.70921, 0.70178, 0.70596, 0.71221, 0.71549, 
0.7183, 0.023, 0.0256, 0.0274, 0.0287, 0.0736, 0.0469, 0.0361, 
0.0446, 0.0383, 0.0595, 0.0439, 164.6, 176, 178, 170.3, 169, 
177.7, 200.4, 203, 207.4, 221.6, 218.2, 1870, 1078, 154, 278, 
2, 1, 106, 503, 2, 2, 3, 1, 4, 1, 2, 1202, 1149, 6, 7, 1134, 
987, 1205, 100, 100, 100, 100, 100, 100, 100, 100, 100, 100, 
100, 2500, 2500, 2500, 2500, 2500, 2500, 2500, 2500, 2500, 2500, 
2500, 6877.173, 7179.091, 7643.091, 7881.376, 8353.556, 8486.929, 
9177.41100000001, 9601.73000000001, 10716.346, 10807.739, 11394.589, 
1, 1, 1, 1, 1, 1, 1, 1, 1, 1, 1, 0.14286, 0.14286, 0.14286, 0.14286, 
0.14286, 0.14286, 0.14286, 0.14286, 0.14286, 0.14286, 0.14286, 
0, 0, 0, 0, 0, 0, 0, 0, 0, 0, 0, 0, 0, 0, 0, 0, 0, 0, 0, 0, 0, 
0, 0.67308, 0.67762, 0.69316, 0.69967, 0.69543, 0.70921, 0.70472, 
0.70596, 0.71221, 0.71793, 0.7183, 0.66398, 0.6778, 0.69316, 
0.6961, 0.69856, 0.70921, 0.70178, 0.70596, 0.70971, 0.71793, 
0.7183, 0.0201, 0.0239, 0.0254, 0.0282, 0.0324, 0.0321, 0.0387, 
0.0423, 0.0464, 0.0466, 0.0498, 136.9, 147.1, 160.6, 167.5, 179.1, 
185.8, 199.7, 209.2, 221.3, 230.3, 243.5, 1, 1, 1, 1, 1, 1, 1, 
1, 1, 1, 1, 1, 1, 1, 1, 1, 1, 1, 1, 1, 1, 1, 1, 1, 1, 1, 1, 1, 
1, 1, 1, 1, 1, 1, 1, 1, 1, 1, 1, 1, 1, 1, 1, 1, 2.463, 2.674, 
2.534, 2.627, 2.749, 2.549, 2.767, 2.859, 2.928, 2.752, 2.654
), .Dim = c(11L, 40L), .Dimnames = list(NULL, c("Sampling", "PSO.cost", 
"PSO.gamma", "PSO.data.balancing", "PSO.feature.selection", "PSO.valid.acc", 
"PSO.test.acc", "PSO.train.time", "PSO.n.support.vectors", "PSO.index", 
"PSO.n.solutions", "PSO.generations", "PSO.n.evaluations", "PSO.cpu.time", 
"RS.cost", "RS.gamma", "RS.data.balancing", "RS.feature.selection", 
"RS.valid.acc", "RS.test.acc", "RS.train.time", "RS.n.support.vectors", 
"RS.index", "RS.n.solutions", "RS.generations", "RS.n.evaluations", 
"RS.cpu.time", "DF.cost", "DF.gamma", "DF.data.balancing", "DF.feature.selection", 
"DF.valid.acc", "DF.test.acc", "DF.train.time", "DF.n.support.vectors", 
"DF.index", "DF.n.solutions", "DF.generations", "DF.n.evaluations", 
"DF.cpu.time")))
