full <-
structure(c(50, 55, 60, 65, 70, 75, 80, 85, 90, 95, 100, -0.01576, 
0.6723, 1, 0.2314, 0.17093, 1, 0.06928, 2.64441, 1, 1, 15, 3, 
2.36256, 0.14286, 0.95668, 2.37506, 0.14286, 2.09864, -3.79301, 
0.14286, 0.14286, -9.60479, 0, 0, 0, 0, 0, 0, 0, 0, 0, 0, 0, 
0, 0, 0, 0, 0, 0, 0, 0, 0, 0, 0, 0.70037, 0.71463, 0.69687, 0.70662, 
0.69478, 0.68192, 0.69912, 0.70064, 0.70208, 0.70585, 0.71848, 
0.69582, 0.6896, 0.69687, 0.69984, 0.69155, 0.68192, 0.69038, 
0.70064, 0.70208, 0.70585, 0.70929, 0.0254, 0.0288, 0.0266, 0.0341, 
0.0394, 0.0353, 0.047, 0.0467, 0.0479, 0.0513, 1.2869, 173.3, 
187.9, 157.9, 210.8, 237.9, 200.7, 268.9, 212.8, 229.7, 238.2, 
220.8, 678, 702, 1, 1751, 1691, 1, 6, 49, 1, 1, 818, 122, 187, 
1805, 33, 13, 1750, 299, 410, 1907, 1942, 4, 100, 100, 100, 100, 
100, 100, 100, 100, 100, 100, 100, 2500, 2500, 2500, 2500, 2500, 
2500, 2500, 2500, 2500, 2500, 2500, 6753.676, 7242.93, 6938.571, 
7560.783, 7411.65300000001, 7311.97100000001, 11610.198, 7441.405, 
9419.83699999998, 8745.576, 9700.60199999998, 11.37411, 0.58087, 
0.49371, 0.09662, -0.3358, 0.00244, 11.60614, 1.69917, 1.04447, 
2.14899, 5.95841, -11.21214, 2.38527, 2.84175, 1.10749, 1.92919, 
1.93234, -9.33425, -3.20444, -11.82622, -14.30637, -5.38873, 
0, 0, 0, 0, 0, 0, 0, 0, 0, 0, 0, 0, 0, 0, 0, 0, 0, 0, 0, 0, 0, 
0, 0.69582, 0.71063, 0.69729, 0.70662, 0.69165, 0.68201, 0.69912, 
0.70064, 0.70208, 0.70585, 0.71838, 0.69582, 0.69812, 0.68191, 
0.69626, 0.69155, 0.67585, 0.69618, 0.70064, 0.70208, 0.70585, 
0.71383, 0.0671, 0.0297, 0.033, 0.0337, 0.0378, 0.0426, 0.3353, 
0.0461, 0.0342, 0.035, 0.0856, 122.5, 187.8, 206.5, 211.9, 234.6, 
252.7, 194.2, 215.7, 197.7, 196.1, 228, 2, 157, 1437, 1368, 990, 
2192, 65, 110, 2, 1, 242, 1151, 2, 1, 1, 1, 1, 40, 13, 1209, 
1190, 2, 100, 100, 100, 100, 100, 100, 100, 100, 100, 100, 100, 
2500, 2500, 2500, 2500, 2500, 2500, 2500, 2500, 2500, 2500, 2500, 
7156.377, 7347.492, 7686.87699999999, 8015.994, 8371.44900000001, 
8646.527, 9248.61900000001, 10127.211, 10260.35, 10823.885, 10955.598, 
1, 1, 1, 1, 1, 1, 1, 1, 1, 1, 1, 0.14286, 0.14286, 0.14286, 0.14286, 
0.14286, 0.14286, 0.14286, 0.14286, 0.14286, 0.14286, 0.14286, 
0, 0, 0, 0, 0, 0, 0, 0, 0, 0, 0, 0, 0, 0, 0, 0, 0, 0, 0, 0, 0, 
0, 0.69582, 0.69446, 0.69687, 0.69626, 0.68843, 0.68192, 0.69618, 
0.69794, 0.70208, 0.70585, 0.71833, 0.69582, 0.69446, 0.69687, 
0.69626, 0.68843, 0.68192, 0.69618, 0.69794, 0.70208, 0.70585, 
0.71833, 0.0211, 0.0234, 0.0261, 0.0281, 0.0315, 0.0348, 0.0394, 
0.0437, 0.0483, 0.0523, 0.0525, 131.9, 146.2, 157.9, 170, 186.2, 
200.7, 207.7, 218.3, 229.7, 238.2, 245.5, 1, 1, 1, 1, 1, 1, 1, 
1, 1, 1, 1, 1, 1, 1, 1, 1, 1, 1, 1, 1, 1, 1, 1, 1, 1, 1, 1, 1, 
1, 1, 1, 1, 1, 1, 1, 1, 1, 1, 1, 1, 1, 1, 1, 1, 2.646, 2.641, 
2.589, 2.586, 2.656, 2.668, 2.748, 2.845, 2.899, 2.914, 2.762
), .Dim = c(11L, 40L), .Dimnames = list(NULL, c("Sampling", "PSO.cost", 
"PSO.gamma", "PSO.data.balancing", "PSO.feature.selection", "PSO.valid.acc", 
"PSO.test.acc", "PSO.train.time", "PSO.n.support.vectors", "PSO.index", 
"PSO.n.solutions", "PSO.generations", "PSO.n.evaluations", "PSO.cpu.time", 
"RS.cost", "RS.gamma", "RS.data.balancing", "RS.feature.selection", 
"RS.valid.acc", "RS.test.acc", "RS.train.time", "RS.n.support.vectors", 
"RS.index", "RS.n.solutions", "RS.generations", "RS.n.evaluations", 
"RS.cpu.time", "DF.cost", "DF.gamma", "DF.data.balancing", "DF.feature.selection", 
"DF.valid.acc", "DF.test.acc", "DF.train.time", "DF.n.support.vectors", 
"DF.index", "DF.n.solutions", "DF.generations", "DF.n.evaluations", 
"DF.cpu.time")))
