full <-
structure(c(50, 55, 60, 65, 70, 75, 80, 85, 90, 95, 100, 9.88895, 
5.43597, 6.35419, 1, 12.97572, 1, 1, 1, 13.96767, 5.5374, 1, 
-7.21627, -6.68415, -7.50644, 0.14286, -10.79636, 0.14286, 0.14286, 
0.14286, -9.89671, -5.64108, 0.14286, 0, 0, 0, 0, 0, 0, 0, 0, 
0, 0, 0, 0, 0, 0, 0, 0, 0, 0, 0, 0, 0, 0, 0.71813, 0.71091, 0.72031, 
0.7168, 0.72736, 0.72459, 0.722, 0.72216, 0.72736, 0.72494, 0.71825, 
0.69164, 0.71091, 0.71661, 0.7168, 0.72736, 0.72459, 0.722, 0.71952, 
0.7198, 0.7178, 0.71825, 0.0565, 0.028, 0.0362, 0.0278, 0.252, 
0.0357, 0.0379, 0.0403, 0.7856, 0.0808, 0.0529, 119.4, 127.7, 
136.9, 162.8, 150.5, 183.9, 196.9, 208.2, 198, 216.5, 243.3, 
278, 68, 90, 1, 190, 1, 1, 1, 813, 628, 1, 288, 149, 212, 1798, 
307, 1711, 1666, 1810, 90, 179, 1970, 100, 100, 100, 100, 100, 
100, 100, 100, 100, 100, 100, 2500, 2500, 2500, 2500, 2500, 2500, 
2500, 2500, 2500, 2500, 2500, 7606.2, 7106.236, 8068.717, 7405.16, 
9804.92600000001, 8721.41099999999, 9072.531, 8007.46900000001, 
12479.996, 8475.70300000001, 9721.43600000002, 10.41619, 12.25055, 
13.31352, 12.1877, 11.15744, 4.93504, 5.27578, -0.94474, 13.93575, 
5.53131, 9.52422, -7.45586, -10.92231, -11.26425, -10.64422, 
-9.65916, -6.57504, -14.18619, -2.26934, -9.57816, -5.57663, 
-9.7442, 0, 0, 0, 0, 0, 0, 0, 0, 0, 0, 0, 0, 0, 0, 0, 0, 0, 0, 
0, 0, 0, 0, 0.71813, 0.71091, 0.72031, 0.72025, 0.72736, 0.72459, 
0.722, 0.72216, 0.72736, 0.72494, 0.71825, 0.69164, 0.70691, 
0.71647, 0.71323, 0.72736, 0.72459, 0.722, 0.72216, 0.7198, 0.7178, 
0.71825, 0.0612, 0.0903, 0.1624, 0.1415, 0.1665, 0.0532, 0.0339, 
0.0392, 0.8407, 0.0791, 0.1967, 120.4, 122.8, 134.3, 141.1, 150.4, 
175.7, 175.4, 211.6, 199.1, 217.2, 235.5, 1806, 1382, 22, 176, 
91, 1, 2, 1, 183, 358, 5, 1, 2, 24, 4, 40, 1211, 1146, 1031, 
8, 4, 1243, 100, 100, 100, 100, 100, 100, 100, 100, 100, 100, 
100, 2500, 2500, 2500, 2500, 2500, 2500, 2500, 2500, 2500, 2500, 
2500, 7442.35, 7765.269, 7985.337, 8544.565, 8820.833, 9353.27899999999, 
9526.533, 10297.488, 10942.744, 11362.592, 12352.978, 1, 1, 1, 
1, 1, 1, 1, 1, 1, 1, 1, 0.14286, 0.14286, 0.14286, 0.14286, 0.14286, 
0.14286, 0.14286, 0.14286, 0.14286, 0.14286, 0.14286, 0, 0, 0, 
0, 0, 0, 0, 0, 0, 0, 0, 0, 0, 0, 0, 0, 0, 0, 0, 0, 0, 0, 0.70054, 
0.70691, 0.71247, 0.7168, 0.72413, 0.72459, 0.722, 0.72216, 0.72486, 
0.72256, 0.71825, 0.70054, 0.70691, 0.71247, 0.7168, 0.72413, 
0.72459, 0.722, 0.71952, 0.72486, 0.72256, 0.71825, 0.0211, 0.0247, 
0.025, 0.0289, 0.0315, 0.0347, 0.0365, 0.0402, 0.0455, 0.0488, 
0.0536, 133.5, 143.9, 149.2, 162.8, 171.1, 183.9, 196.9, 208.2, 
220.1, 232.5, 243.3, 1, 1, 1, 1, 1, 1, 1, 1, 1, 1, 1, 1, 1, 1, 
1, 1, 1, 1, 1, 1, 1, 1, 1, 1, 1, 1, 1, 1, 1, 1, 1, 1, 1, 1, 1, 
1, 1, 1, 1, 1, 1, 1, 1, 1, 2.724, 2.786, 2.788, 2.825, 2.943, 
2.903, 2.848, 2.902, 2.958, 2.944, 3.077), .Dim = c(11L, 40L), .Dimnames = list(
    NULL, c("Sampling", "PSO.cost", "PSO.gamma", "PSO.data.balancing", 
    "PSO.feature.selection", "PSO.valid.acc", "PSO.test.acc", 
    "PSO.train.time", "PSO.n.support.vectors", "PSO.index", "PSO.n.solutions", 
    "PSO.generations", "PSO.n.evaluations", "PSO.cpu.time", "RS.cost", 
    "RS.gamma", "RS.data.balancing", "RS.feature.selection", 
    "RS.valid.acc", "RS.test.acc", "RS.train.time", "RS.n.support.vectors", 
    "RS.index", "RS.n.solutions", "RS.generations", "RS.n.evaluations", 
    "RS.cpu.time", "DF.cost", "DF.gamma", "DF.data.balancing", 
    "DF.feature.selection", "DF.valid.acc", "DF.test.acc", "DF.train.time", 
    "DF.n.support.vectors", "DF.index", "DF.n.solutions", "DF.generations", 
    "DF.n.evaluations", "DF.cpu.time")))
