full <-
structure(c(50, 55, 60, 65, 70, 75, 80, 85, 90, 95, 100, 1, 1, 
1, 1, 0.49595, 15, 1, 1, 2.9554, 1, 1, 0.14286, 0.14286, 0.14286, 
0.14286, 3, -10.70004, 0.14286, 0.14286, -12.35244, 0.14286, 
0.14286, 0, 0, 0, 0, 0, 0, 0, 0, 0, 0, 0, 0, 0, 0, 0, 0, 0, 0, 
0, 0, 0, 0, 0.71835, 0.7197, 0.72401, 0.72377, 0.72746, 0.73361, 
0.7273, 0.73282, 0.72474, 0.72028, 0.71833, 0.71835, 0.7197, 
0.72401, 0.72377, 0.73058, 0.73058, 0.7273, 0.73282, 0.72474, 
0.72028, 0.7161, 0.0226, 0.0241, 0.028, 0.0301, 0.0428, 0.584, 
0.039, 0.0421, 0.0388, 0.0525, 0.0569, 126.8, 140.3, 151.2, 162.9, 
237.1, 160.5, 195.1, 206.7, 190.4, 231.6, 243.4, 1, 1, 1, 1, 
1089, 289, 1, 1, 4, 1, 1, 1821, 1884, 1894, 2059, 122, 564, 1901, 
1742, 2204, 1850, 1956, 100, 100, 100, 100, 100, 100, 100, 100, 
100, 100, 100, 2500, 2500, 2500, 2500, 2500, 2500, 2500, 2500, 
2500, 2500, 2500, 7616.751, 7741.602, 8241.775, 8022.304, 8316.90700000001, 
14197.894, 8529.20599999999, 9214.29399999998, 8363.307, 9985.32999999999, 
9853.296, 9.41855, 5.66801, 12.00098, 4.20774, 0.08511, 11.60272, 
-1.33064, 3.7976, 0.95618, 6.41392, -0.92343, -14.95417, -14.11403, 
-14.84595, -9.95477, 2.91498, -9.44544, -10.09756, -11.80383, 
-11.57312, -8.53664, -14.16937, 0, 0, 0, 0, 0, 0, 0, 0, 0, 0, 
0, 0, 0, 0, 0, 0, 0, 0, 0, 0, 0, 0, 0.71835, 0.7197, 0.72401, 
0.72377, 0.72736, 0.73361, 0.7273, 0.73282, 0.72474, 0.72028, 
0.71833, 0.71835, 0.7197, 0.72401, 0.72377, 0.72413, 0.72745, 
0.7273, 0.73282, 0.72474, 0.72028, 0.71833, 0.0278, 0.0226, 0.0568, 
0.0315, 0.042, 0.2313, 0.0296, 0.0378, 0.0369, 0.0864, 0.0375, 
124.5, 130.3, 133, 166.6, 236.5, 165.7, 157.7, 192.6, 183.2, 
220, 174.1, 3, 4, 2, 1, 2370, 154, 2, 4, 3, 1, 2, 1327, 1075, 
1263, 1345, 1, 25, 973, 1161, 921, 1077, 1187, 100, 100, 100, 
100, 100, 100, 100, 100, 100, 100, 100, 2500, 2500, 2500, 2500, 
2500, 2500, 2500, 2500, 2500, 2500, 2500, 8265.872, 8689.357, 
8878.283, 9394.332, 9772.51400000001, 9971.476, 10169.853, 10783.71, 
11796.532, 12159.1, 12933.903, 1, 1, 1, 1, 1, 1, 1, 1, 1, 1, 
1, 0.14286, 0.14286, 0.14286, 0.14286, 0.14286, 0.14286, 0.14286, 
0.14286, 0.14286, 0.14286, 0.14286, 0, 0, 0, 0, 0, 0, 0, 0, 0, 
0, 0, 0, 0, 0, 0, 0, 0, 0, 0, 0, 0, 0, 0.71835, 0.7197, 0.72401, 
0.72377, 0.72413, 0.73048, 0.7273, 0.73282, 0.72224, 0.72028, 
0.71833, 0.71835, 0.7197, 0.72401, 0.72377, 0.72413, 0.73048, 
0.7273, 0.73282, 0.72474, 0.72028, 0.7161, 0.022, 0.0249, 0.0275, 
0.0299, 0.0332, 0.0354, 0.0385, 0.0423, 0.0504, 0.0532, 0.055, 
126.8, 140.3, 151.2, 162.9, 176.7, 185, 195.1, 206.7, 224.4, 
231.6, 243.4, 1, 1, 1, 1, 1, 1, 1, 1, 1, 1, 1, 1, 1, 1, 1, 1, 
1, 1, 1, 1, 1, 1, 1, 1, 1, 1, 1, 1, 1, 1, 1, 1, 1, 1, 1, 1, 1, 
1, 1, 1, 1, 1, 1, 1, 3.093, 3.071, 3.037, 3.105, 3.266, 3.083, 
3.341, 3.189, 3.41, 3.389, 3.485), .Dim = c(11L, 40L), .Dimnames = list(
    NULL, c("Sampling", "PSO.cost", "PSO.gamma", "PSO.data.balancing", 
    "PSO.feature.selection", "PSO.valid.acc", "PSO.test.acc", 
    "PSO.train.time", "PSO.n.support.vectors", "PSO.index", "PSO.n.solutions", 
    "PSO.generations", "PSO.n.evaluations", "PSO.cpu.time", "RS.cost", 
    "RS.gamma", "RS.data.balancing", "RS.feature.selection", 
    "RS.valid.acc", "RS.test.acc", "RS.train.time", "RS.n.support.vectors", 
    "RS.index", "RS.n.solutions", "RS.generations", "RS.n.evaluations", 
    "RS.cpu.time", "DF.cost", "DF.gamma", "DF.data.balancing", 
    "DF.feature.selection", "DF.valid.acc", "DF.test.acc", "DF.train.time", 
    "DF.n.support.vectors", "DF.index", "DF.n.solutions", "DF.generations", 
    "DF.n.evaluations", "DF.cpu.time")))
