full <-
structure(c(50, 55, 60, 65, 70, 75, 80, 85, 90, 95, 100, 1, 1, 
1, 13.34237, 0.37923, 1, 1, 5.37941, 0.1431, 1, 1, 0.14286, 0.14286, 
0.14286, -9.99585, 3, 0.14286, 0.14286, -4.80725, 3, 0.14286, 
0.14286, 0, 0, 0, 0, 0, 0, 0, 0, 0, 0, 0, 0, 0, 0, 0, 0, 0, 0, 
0, 0, 0, 0, 0.70471, 0.71147, 0.7161, 0.73085, 0.73392, 0.71862, 
0.72166, 0.72478, 0.73002, 0.72258, 0.71838, 0.70471, 0.71147, 
0.7161, 0.7274, 0.72403, 0.71862, 0.72166, 0.71938, 0.72733, 
0.72258, 0.71838, 0.0222, 0.0222, 0.0248, 0.1685, 0.0409, 0.0344, 
0.0375, 0.0536, 0.0572, 0.0464, 0.0512, 124.1, 137, 149.5, 140.1, 
239.1, 188, 195.4, 192.1, 302, 229.6, 241.3, 1, 1, 1, 1878, 460, 
1, 1, 1291, 524, 1, 1, 1790, 1708, 1860, 2, 214, 1961, 1885, 
2, 287, 1607, 1737, 100, 100, 100, 100, 100, 100, 100, 100, 100, 
100, 100, 2500, 2500, 2500, 2500, 2500, 2500, 2500, 2500, 2500, 
2500, 2500, 6938.338, 6694.684, 6560.309, 7397.97, 7762.843, 
7053.469, 7450.86300000001, 8193.196, 7087.39400000001, 8740.98799999998, 
8613.26800000001, 13.28483, 1.09281, 11.72284, -0.32843, 7.18139, 
5.18914, 10.03696, 5.49737, -1.37978, 2.45616, 5.03768, -14.22091, 
-4.18104, -14.74643, -6.57478, -5.65369, -8.50624, -13.20396, 
-4.88615, -1.48768, -10.49735, -14.52051, 0, 0, 0, 0, 0, 0, 0, 
0, 0, 0, 0, 0, 0, 0, 0, 0, 0, 0, 0, 0, 0, 0, 0.70471, 0.71147, 
0.7161, 0.7274, 0.73381, 0.71862, 0.72166, 0.72478, 0.72996, 
0.72258, 0.71838, 0.70471, 0.71147, 0.7161, 0.7274, 0.71757, 
0.71568, 0.72166, 0.71938, 0.72996, 0.72258, 0.71838, 0.0614, 
0.0222, 0.0527, 0.0265, 0.0481, 0.0427, 0.0817, 0.0526, 0.0434, 
0.0413, 0.0396, 109.8, 131.1, 134.8, 150.8, 154.8, 179.1, 197.8, 
191.4, 231.5, 226, 210.9, 1, 3, 7, 1, 1428, 5, 4, 1220, 1, 2, 
1, 1102, 1268, 1074, 947, 2, 1020, 954, 1, 966, 1057, 1168, 100, 
100, 100, 100, 100, 100, 100, 100, 100, 100, 100, 2500, 2500, 
2500, 2500, 2500, 2500, 2500, 2500, 2500, 2500, 2500, 7062.79, 
7205.536, 7401.415, 8094.03, 8502.88399999999, 9218.82400000001, 
9222.651, 9554.796, 9792.408, 10608.454, 11274.137, 1, 1, 1, 
1, 1, 1, 1, 1, 1, 1, 1, 0.14286, 0.14286, 0.14286, 0.14286, 0.14286, 
0.14286, 0.14286, 0.14286, 0.14286, 0.14286, 0.14286, 0, 0, 0, 
0, 0, 0, 0, 0, 0, 0, 0, 0, 0, 0, 0, 0, 0, 0, 0, 0, 0, 0, 0.70471, 
0.71147, 0.7161, 0.7274, 0.72736, 0.71862, 0.72166, 0.72471, 
0.72996, 0.72258, 0.71838, 0.70471, 0.71147, 0.7161, 0.7274, 
0.72736, 0.71862, 0.72166, 0.72471, 0.72996, 0.72258, 0.71838, 
0.0196, 0.0222, 0.0257, 0.0298, 0.0311, 0.0375, 0.0399, 0.0378, 
0.0431, 0.0464, 0.0511, 124.1, 137, 149.5, 160.8, 171.5, 188, 
195.4, 207.3, 215.2, 229.6, 241.3, 1, 1, 1, 1, 1, 1, 1, 1, 1, 
1, 1, 1, 1, 1, 1, 1, 1, 1, 1, 1, 1, 1, 1, 1, 1, 1, 1, 1, 1, 1, 
1, 1, 1, 1, 1, 1, 1, 1, 1, 1, 1, 1, 1, 1, 2.458, 2.498, 2.644, 
3.017, 2.887, 2.934, 3.482, 2.773, 2.693, 2.815, 2.791), .Dim = c(11L, 
40L), .Dimnames = list(NULL, c("Sampling", "PSO.cost", "PSO.gamma", 
"PSO.data.balancing", "PSO.feature.selection", "PSO.valid.acc", 
"PSO.test.acc", "PSO.train.time", "PSO.n.support.vectors", "PSO.index", 
"PSO.n.solutions", "PSO.generations", "PSO.n.evaluations", "PSO.cpu.time", 
"RS.cost", "RS.gamma", "RS.data.balancing", "RS.feature.selection", 
"RS.valid.acc", "RS.test.acc", "RS.train.time", "RS.n.support.vectors", 
"RS.index", "RS.n.solutions", "RS.generations", "RS.n.evaluations", 
"RS.cpu.time", "DF.cost", "DF.gamma", "DF.data.balancing", "DF.feature.selection", 
"DF.valid.acc", "DF.test.acc", "DF.train.time", "DF.n.support.vectors", 
"DF.index", "DF.n.solutions", "DF.generations", "DF.n.evaluations", 
"DF.cpu.time")))
