full <-
structure(c(50, 55, 60, 65, 70, 75, 80, 85, 90, 95, 100, 1, -1.00541, 
1, 1, 1, 1, 1, 1, 1, 1, 1, 0.14286, -14.25907, 0.14286, 0.14286, 
0.14286, 0.14286, 0.14286, 0.14286, 0.14286, 0.14286, 0.14286, 
0, 0, 0, 0, 0, 0, 0, 0, 0, 0, 0, 0, 0, 0, 0, 0, 0, 0, 0, 0, 0, 
0, 0.71898, 0.72325, 0.72016, 0.72038, 0.70805, 0.71822, 0.71587, 
0.71671, 0.71227, 0.7156, 0.71835, 0.71898, 0.72325, 0.72016, 
0.72038, 0.70805, 0.71822, 0.71587, 0.71671, 0.71227, 0.7156, 
0.71835, 0.0216, 0.0182, 0.025, 0.0304, 0.0328, 0.0351, 0.0408, 
0.0441, 0.0458, 0.0493, 0.055, 124, 100.2, 149.2, 163.4, 177.5, 
185.3, 201, 207.9, 223.1, 230.2, 242.7, 1, 2, 1, 1, 1, 1, 1, 
1, 1, 1, 1, 1974, 2004, 1899, 1818, 1877, 1839, 1679, 1896, 1947, 
1749, 1792, 100, 100, 100, 100, 100, 100, 100, 100, 100, 100, 
100, 2500, 2500, 2500, 2500, 2500, 2500, 2500, 2500, 2500, 2500, 
2500, 7142.342, 7109.547, 7217.148, 7278.63, 8289.432, 7966.05900000001, 
8268.30499999999, 7723.749, 7655.12699999999, 7573.80100000001, 
7492.68900000001, 0.23946, 4.72024, 0.08341, 9.96237, 3.32451, 
-1.45484, -1.91457, -0.98424, 10.0088, 3.56147, -0.81881, -7.44177, 
-9.78181, -7.99332, -14.31396, -14.65742, -5.4253, -6.13698, 
0.40027, -13.03992, -10.93802, -5.5607, 0, 0, 0, 0, 0, 0, 0, 
0, 0, 0, 0, 0, 0, 0, 0, 0, 0, 0, 0, 0, 0, 0, 0.71898, 0.72325, 
0.72016, 0.72038, 0.70805, 0.71822, 0.71587, 0.71671, 0.71227, 
0.7156, 0.71835, 0.71898, 0.72325, 0.72016, 0.72038, 0.70805, 
0.71822, 0.71587, 0.71671, 0.71227, 0.7156, 0.71835, 0.0207, 
0.0263, 0.0238, 0.0367, 0.0244, 0.0329, 0.0331, 0.0431, 0.1044, 
0.0415, 0.0471, 124.7, 141, 142.1, 164.7, 145.3, 180.8, 187, 
244.5, 226.1, 223.2, 240.3, 2, 1, 1, 1, 2, 1, 1, 2, 2, 2, 1, 
1119, 1064, 1147, 1188, 1186, 1245, 1003, 998, 1238, 1004, 990, 
100, 100, 100, 100, 100, 100, 100, 100, 100, 100, 100, 2500, 
2500, 2500, 2500, 2500, 2500, 2500, 2500, 2500, 2500, 2500, 7676.476, 
7848.99, 8142.944, 8341.03, 8694.068, 8954.27800000001, 9679.71699999999, 
9633.16899999999, 10288.683, 10549.495, 11535.742, 1, 1, 1, 1, 
1, 1, 1, 1, 1, 1, 1, 0.14286, 0.14286, 0.14286, 0.14286, 0.14286, 
0.14286, 0.14286, 0.14286, 0.14286, 0.14286, 0.14286, 0, 0, 0, 
0, 0, 0, 0, 0, 0, 0, 0, 0, 0, 0, 0, 0, 0, 0, 0, 0, 0, 0, 0.71898, 
0.71925, 0.72016, 0.72038, 0.70805, 0.71822, 0.71587, 0.71671, 
0.71227, 0.7156, 0.71835, 0.71898, 0.71925, 0.72016, 0.72038, 
0.70805, 0.71822, 0.71587, 0.71671, 0.71227, 0.7156, 0.71835, 
0.0219, 0.0238, 0.026, 0.0305, 0.0331, 0.0358, 0.0413, 0.0424, 
0.0464, 0.051, 0.0536, 124, 135.4, 149.2, 163.4, 177.5, 185.3, 
201, 207.9, 223.1, 230.2, 242.7, 1, 1, 1, 1, 1, 1, 1, 1, 1, 1, 
1, 1, 1, 1, 1, 1, 1, 1, 1, 1, 1, 1, 1, 1, 1, 1, 1, 1, 1, 1, 1, 
1, 1, 1, 1, 1, 1, 1, 1, 1, 1, 1, 1, 1, 2.832, 2.808, 2.683, 2.94, 
2.896, 3.001, 2.926, 2.854, 2.841, 2.889, 2.878), .Dim = c(11L, 
40L), .Dimnames = list(NULL, c("Sampling", "PSO.cost", "PSO.gamma", 
"PSO.data.balancing", "PSO.feature.selection", "PSO.valid.acc", 
"PSO.test.acc", "PSO.train.time", "PSO.n.support.vectors", "PSO.index", 
"PSO.n.solutions", "PSO.generations", "PSO.n.evaluations", "PSO.cpu.time", 
"RS.cost", "RS.gamma", "RS.data.balancing", "RS.feature.selection", 
"RS.valid.acc", "RS.test.acc", "RS.train.time", "RS.n.support.vectors", 
"RS.index", "RS.n.solutions", "RS.generations", "RS.n.evaluations", 
"RS.cpu.time", "DF.cost", "DF.gamma", "DF.data.balancing", "DF.feature.selection", 
"DF.valid.acc", "DF.test.acc", "DF.train.time", "DF.n.support.vectors", 
"DF.index", "DF.n.solutions", "DF.generations", "DF.n.evaluations", 
"DF.cpu.time")))
