full <-
structure(c(50, 55, 60, 65, 70, 75, 80, 85, 90, 95, 100, 2.46695, 
6.92121, 1, 8.98943, 1, 1, 1, 0.49429, 5.21027, 1, 1, -2.15191, 
-13.59749, 0.14286, -12.72457, 0.14286, 0.14286, 0.14286, 3, 
-4.95765, 0.14286, 0.14286, 0, 0, 0, 0, 0, 0, 0, 0, 0, 0, 0, 
0, 0, 0, 0, 0, 0, 0, 0, 0, 0, 0, 0.74556, 0.72372, 0.71616, 0.7202, 
0.708, 0.71519, 0.71324, 0.71938, 0.72233, 0.72026, 0.7183, 0.72757, 
0.72372, 0.71246, 0.7202, 0.708, 0.71207, 0.71324, 0.71134, 0.71452, 
0.72026, 0.7183, 0.0215, 0.0227, 0.0282, 0.0458, 0.0332, 0.0359, 
0.039, 0.0602, 0.0675, 0.0529, 0.0564, 126.3, 128.9, 150.9, 165.2, 
172.9, 184.9, 198.3, 288.8, 208.1, 231, 245.4, 1543, 13, 1, 2, 
1, 1, 1, 2084, 591, 1, 1, 17, 1938, 1849, 1985, 1847, 1894, 1715, 
1, 148, 1857, 1709, 100, 100, 100, 100, 100, 100, 100, 100, 100, 
100, 100, 2500, 2500, 2500, 2500, 2500, 2500, 2500, 2500, 2500, 
2500, 2500, 7228.933, 7634.507, 7548.45, 7834.104, 8740.30100000001, 
8262.455, 8176.149, 8008.60800000001, 8356.79499999998, 8483.568, 
8748.62, 2.66555, -1.51412, -1.45478, -1.47523, 1.38765, 8.99163, 
11.12476, 0.28598, 4.73763, 4.59563, 8.29333, -2.48555, -3.96422, 
-1.48241, -7.62141, -11.92214, -11.73073, -13.45124, 2.96146, 
-5.2156, -12.44783, -11.36322, 0, 0, 0, 0, 0, 0, 0, 0, 0, 0, 
0, 0, 0, 0, 0, 0, 0, 0, 0, 0, 0, 0, 0.74556, 0.72372, 0.71616, 
0.7202, 0.708, 0.71519, 0.71324, 0.71931, 0.72221, 0.72026, 0.7183, 
0.72303, 0.72372, 0.71616, 0.7202, 0.708, 0.71519, 0.71324, 0.71134, 
0.71977, 0.72026, 0.7183, 0.0214, 0.024, 0.0275, 0.0255, 0.0266, 
0.0646, 0.0916, 0.0589, 0.0653, 0.0401, 0.0983, 123.5, 132.3, 
159.1, 151.2, 151.9, 189.6, 188.1, 288.4, 209.2, 207.9, 250.5, 
887, 1, 9, 2, 2, 2, 3, 2440, 432, 4, 3, 2, 1080, 890, 1087, 1235, 
1164, 911, 1, 8, 957, 1002, 100, 100, 100, 100, 100, 100, 100, 
100, 100, 100, 100, 2500, 2500, 2500, 2500, 2500, 2500, 2500, 
2500, 2500, 2500, 2500, 7525.49, 8084.99, 8430.917, 8787.534, 
9110.72900000001, 9238.25, 9956.583, 10708.24, 11348.705, 11976.692, 
12616.474, 1, 1, 1, 1, 1, 1, 1, 1, 1, 1, 1, 0.14286, 0.14286, 
0.14286, 0.14286, 0.14286, 0.14286, 0.14286, 0.14286, 0.14286, 
0.14286, 0.14286, 0, 0, 0, 0, 0, 0, 0, 0, 0, 0, 0, 0, 0, 0, 0, 
0, 0, 0, 0, 0, 0, 0, 0.73192, 0.71972, 0.71616, 0.71663, 0.708, 
0.71519, 0.71324, 0.71667, 0.71977, 0.72026, 0.7183, 0.73647, 
0.71972, 0.71246, 0.71663, 0.708, 0.71207, 0.71324, 0.71667, 
0.71977, 0.72026, 0.7183, 0.0218, 0.0248, 0.0275, 0.0298, 0.0327, 
0.0348, 0.0395, 0.0432, 0.0473, 0.0528, 0.0575, 123.4, 137.5, 
150.9, 158.3, 172.9, 184.9, 198.3, 208.1, 223.7, 231, 245.4, 
1, 1, 1, 1, 1, 1, 1, 1, 1, 1, 1, 1, 1, 1, 1, 1, 1, 1, 1, 1, 1, 
1, 1, 1, 1, 1, 1, 1, 1, 1, 1, 1, 1, 1, 1, 1, 1, 1, 1, 1, 1, 1, 
1, 1, 2.799, 2.929, 3.032, 3.006, 3.012, 3.093, 3.168, 3.115, 
3.24, 3.219, 3.443), .Dim = c(11L, 40L), .Dimnames = list(NULL, 
    c("Sampling", "PSO.cost", "PSO.gamma", "PSO.data.balancing", 
    "PSO.feature.selection", "PSO.valid.acc", "PSO.test.acc", 
    "PSO.train.time", "PSO.n.support.vectors", "PSO.index", "PSO.n.solutions", 
    "PSO.generations", "PSO.n.evaluations", "PSO.cpu.time", "RS.cost", 
    "RS.gamma", "RS.data.balancing", "RS.feature.selection", 
    "RS.valid.acc", "RS.test.acc", "RS.train.time", "RS.n.support.vectors", 
    "RS.index", "RS.n.solutions", "RS.generations", "RS.n.evaluations", 
    "RS.cpu.time", "DF.cost", "DF.gamma", "DF.data.balancing", 
    "DF.feature.selection", "DF.valid.acc", "DF.test.acc", "DF.train.time", 
    "DF.n.support.vectors", "DF.index", "DF.n.solutions", "DF.generations", 
    "DF.n.evaluations", "DF.cpu.time")))
