full <-
structure(c(50, 55, 60, 65, 70, 75, 80, 85, 90, 95, 100, 7.49529, 
1, 0.45953, 0.07017, 0.16452, 1, 1, 0.03825, 0.16261, 1, 1, -8.29946, 
0.14286, 3, 2.95779, 2.04319, 0.14286, 0.14286, 3, 3, 0.14286, 
0.14286, 0, 0, 0, 0, 0, 0, 0, 0, 0, 0, 0, 0, 0, 0, 0, 0, 0, 0, 
0, 0, 0, 0, 0.70082, 0.6985, 0.69707, 0.69594, 0.69815, 0.69723, 
0.69914, 0.70343, 0.71231, 0.71316, 0.7183, 0.69606, 0.6985, 
0.69323, 0.69594, 0.69825, 0.69723, 0.69914, 0.70073, 0.70468, 
0.71316, 0.7183, 0.0236, 0.0164, 0.0225, 0.025, 0.0279, 0.025, 
0.0269, 0.0374, 0.0416, 0.0358, 0.0374, 122.2, 145.5, 208.5, 
225.9, 233.6, 193.2, 204.5, 288.1, 304.8, 233.5, 242.3, 13, 1, 
852, 1441, 1436, 1, 1, 2416, 276, 1, 1, 609, 1712, 61, 86, 51, 
1992, 1769, 2, 414, 1925, 1837, 100, 100, 100, 100, 100, 100, 
100, 100, 100, 100, 100, 2500, 2500, 2500, 2500, 2500, 2500, 
2500, 2500, 2500, 2500, 2500, 6773.768, 6592.933, 6817.257, 6541.576, 
6843.831, 6985.74000000001, 6998.19, 7160.02100000001, 7269.605, 
7609.42500000002, 7217.13099999999, 12.97142, -0.3667, 5.03041, 
-0.02872, 0.32288, 0.5672, -0.81509, 2.94325, 14.78156, 1.06112, 
0.02612, -12.07183, -12.05831, -6.10567, 2.59431, 2.00145, -13.82337, 
-4.83004, -10.73962, -12.11676, -4.65912, 2.73286, 0, 0, 0, 0, 
0, 0, 0, 0, 0, 0, 0, 0, 0, 0, 0, 0, 0, 0, 0, 0, 0, 0, 0.70082, 
0.6985, 0.69366, 0.69594, 0.69815, 0.69723, 0.69914, 0.70073, 
0.70968, 0.71316, 0.71835, 0.70082, 0.6985, 0.68596, 0.69249, 
0.69503, 0.69723, 0.69914, 0.70073, 0.70218, 0.71316, 0.71375, 
0.0671, 0.0131, 0.023, 0.0243, 0.0281, 0.018, 0.0269, 0.0268, 
0.4091, 0.0392, 0.0484, 118.5, 115.3, 146.6, 223, 233.3, 145.7, 
207.4, 209, 195.6, 230.8, 333.8, 18, 1, 38, 307, 1739, 1, 3, 
1, 1726, 5, 712, 134, 858, 1, 1, 2, 1172, 1010, 1168, 1, 1127, 
2, 100, 100, 100, 100, 100, 100, 100, 100, 100, 100, 100, 2500, 
2500, 2500, 2500, 2500, 2500, 2500, 2500, 2500, 2500, 2500, 6943.377, 
7193.327, 7375.502, 7451.228, 8050.542, 8074.371, 8934.007, 8926.83, 
9348.71799999999, 9907.652, 9817.788, 1, 1, 1, 1, 1, 1, 1, 1, 
1, 1, 1, 0.14286, 0.14286, 0.14286, 0.14286, 0.14286, 0.14286, 
0.14286, 0.14286, 0.14286, 0.14286, 0.14286, 0, 0, 0, 0, 0, 0, 
0, 0, 0, 0, 0, 0, 0, 0, 0, 0, 0, 0, 0, 0, 0, 0, 0.69606, 0.6985, 
0.69351, 0.69249, 0.69503, 0.69723, 0.69914, 0.70073, 0.70718, 
0.71316, 0.7183, 0.69606, 0.6985, 0.69351, 0.69249, 0.69503, 
0.69723, 0.69914, 0.69816, 0.70718, 0.71316, 0.7183, 0.0146, 
0.0159, 0.0182, 0.0202, 0.0226, 0.0249, 0.0273, 0.0301, 0.033, 
0.036, 0.0377, 132.2, 145.5, 157.6, 169.4, 181, 193.2, 204.5, 
212.8, 222.4, 233.5, 242.3, 1, 1, 1, 1, 1, 1, 1, 1, 1, 1, 1, 
1, 1, 1, 1, 1, 1, 1, 1, 1, 1, 1, 1, 1, 1, 1, 1, 1, 1, 1, 1, 1, 
1, 1, 1, 1, 1, 1, 1, 1, 1, 1, 1, 1, 2.582, 2.53, 2.533, 2.498, 
2.688, 2.6, 2.729, 2.776, 2.735, 2.835, 2.552), .Dim = c(11L, 
40L), .Dimnames = list(NULL, c("Sampling", "PSO.cost", "PSO.gamma", 
"PSO.data.balancing", "PSO.feature.selection", "PSO.valid.acc", 
"PSO.test.acc", "PSO.train.time", "PSO.n.support.vectors", "PSO.index", 
"PSO.n.solutions", "PSO.generations", "PSO.n.evaluations", "PSO.cpu.time", 
"RS.cost", "RS.gamma", "RS.data.balancing", "RS.feature.selection", 
"RS.valid.acc", "RS.test.acc", "RS.train.time", "RS.n.support.vectors", 
"RS.index", "RS.n.solutions", "RS.generations", "RS.n.evaluations", 
"RS.cpu.time", "DF.cost", "DF.gamma", "DF.data.balancing", "DF.feature.selection", 
"DF.valid.acc", "DF.test.acc", "DF.train.time", "DF.n.support.vectors", 
"DF.index", "DF.n.solutions", "DF.generations", "DF.n.evaluations", 
"DF.cpu.time")))
