full <-
structure(c(50, 55, 60, 65, 70, 75, 80, 85, 90, 95, 100, 7.10508, 
0.51468, 0.32792, 12.11088, 1, 1, 7.67706, 0.18516, 5.9134, 1, 
1, -7.7837, 3, 3, -11.80054, 0.14286, 0.14286, -7.91218, 3, -5.40611, 
0.14286, 0.14286, 0, 0, 0, 0, 0, 0, 0, 0, 0, 0, 0, 0, 0, 0, 0, 
0, 0, 0, 0, 0, 0, 0, 0.72361, 0.72717, 0.72755, 0.72768, 0.71122, 
0.71549, 0.71595, 0.71434, 0.71983, 0.71785, 0.71826, 0.71906, 
0.72317, 0.71986, 0.72411, 0.71122, 0.71549, 0.7131, 0.709, 0.71214, 
0.71785, 0.71826, 0.0325, 0.0307, 0.0326, 0.147, 0.0293, 0.0352, 
0.1031, 0.0555, 0.0707, 0.0496, 0.052, 113.2, 187.9, 204.6, 141.5, 
176.3, 189.5, 188.5, 289, 206.3, 234.9, 244.3, 863, 158, 374, 
1391, 1, 1, 74, 1749, 39, 1, 1, 77, 170, 150, 1, 1747, 1833, 
333, 5, 549, 1840, 1760, 100, 100, 100, 100, 100, 100, 100, 100, 
100, 100, 100, 2500, 2500, 2500, 2500, 2500, 2500, 2500, 2500, 
2500, 2500, 2500, 6758.967, 6505.773, 7026.901, 7384.784, 6947.565, 
7863.447, 10752.019, 8320.175, 18429.286, 8075.20000000001, 8651.56599999999, 
12.82326, 0.47162, 5.18202, 14.42534, 14.91039, 12.88656, 14.21858, 
5.74142, 11.45509, 10.11491, 1.57386, -10.72505, 2.70933, -6.7601, 
-12.61582, -10.6701, -11.07036, -11.5787, -5.91628, -9.15507, 
-12.74012, -8.05731, 0, 0, 0, 0, 0, 0, 0, 0, 0, 0, 0, 0, 0, 0, 
0, 0, 0, 0, 0, 0, 0, 0, 0.72361, 0.72717, 0.72755, 0.72768, 0.71445, 
0.71549, 0.71595, 0.71676, 0.71983, 0.71785, 0.71826, 0.71906, 
0.72317, 0.72371, 0.72411, 0.71122, 0.71549, 0.7131, 0.7142, 
0.71983, 0.71785, 0.71826, 0.1232, 0.0269, 0.0351, 0.2535, 0.6441, 
0.2899, 0.5145, 0.0735, 0.445, 0.1245, 0.0489, 111.7, 186.6, 
133.9, 136.1, 158.8, 170, 178.3, 197.4, 206, 230.1, 236.1, 21, 
1098, 207, 2119, 875, 1, 66, 2086, 68, 3, 1, 16, 2, 3, 1, 2, 
1324, 31, 1, 34, 1280, 996, 100, 100, 100, 100, 100, 100, 100, 
100, 100, 100, 100, 2500, 2500, 2500, 2500, 2500, 2500, 2500, 
2500, 2500, 2500, 2500, 6843.75, 7049.697, 7445.65, 7814.609, 
8202.57200000001, 8535.44099999999, 9512.30500000001, 9615.25300000001, 
10586.682, 10544.198, 11804.667, 1, 1, 1, 1, 1, 1, 1, 1, 1, 1, 
1, 0.14286, 0.14286, 0.14286, 0.14286, 0.14286, 0.14286, 0.14286, 
0.14286, 0.14286, 0.14286, 0.14286, 0, 0, 0, 0, 0, 0, 0, 0, 0, 
0, 0, 0, 0, 0, 0, 0, 0, 0, 0, 0, 0, 0, 0.71906, 0.72317, 0.72371, 
0.72411, 0.71122, 0.71549, 0.7131, 0.7142, 0.71727, 0.71785, 
0.71826, 0.71906, 0.72317, 0.72371, 0.72411, 0.71122, 0.71549, 
0.7131, 0.7142, 0.71727, 0.71785, 0.71826, 0.0202, 0.0232, 0.0254, 
0.0276, 0.0323, 0.0326, 0.0391, 0.0435, 0.0451, 0.0489, 0.0563, 
124.8, 135, 146.2, 159.9, 176.3, 189.5, 198.4, 212, 222.3, 234.9, 
244.3, 1, 1, 1, 1, 1, 1, 1, 1, 1, 1, 1, 1, 1, 1, 1, 1, 1, 1, 
1, 1, 1, 1, 1, 1, 1, 1, 1, 1, 1, 1, 1, 1, 1, 1, 1, 1, 1, 1, 1, 
1, 1, 1, 1, 1, 2.458, 2.375, 2.507, 2.483, 2.722, 2.487, 2.784, 
2.837, 2.796, 2.808, 2.945), .Dim = c(11L, 40L), .Dimnames = list(
    NULL, c("Sampling", "PSO.cost", "PSO.gamma", "PSO.data.balancing", 
    "PSO.feature.selection", "PSO.valid.acc", "PSO.test.acc", 
    "PSO.train.time", "PSO.n.support.vectors", "PSO.index", "PSO.n.solutions", 
    "PSO.generations", "PSO.n.evaluations", "PSO.cpu.time", "RS.cost", 
    "RS.gamma", "RS.data.balancing", "RS.feature.selection", 
    "RS.valid.acc", "RS.test.acc", "RS.train.time", "RS.n.support.vectors", 
    "RS.index", "RS.n.solutions", "RS.generations", "RS.n.evaluations", 
    "RS.cpu.time", "DF.cost", "DF.gamma", "DF.data.balancing", 
    "DF.feature.selection", "DF.valid.acc", "DF.test.acc", "DF.train.time", 
    "DF.n.support.vectors", "DF.index", "DF.n.solutions", "DF.generations", 
    "DF.n.evaluations", "DF.cpu.time")))
