full <-
structure(c(50, 55, 60, 65, 70, 75, 80, 85, 90, 95, 100, 5.94094, 
13.78943, 1, 1, 1, 1, 1, 1, 1, 0.17893, 1, -6.31863, -9.03705, 
0.14286, 0.14286, 0.14286, 0.14286, 0.14286, 0.14286, 0.14286, 
3, 0.14286, 0, 0, 0, 0, 0, 0, 0, 0, 0, 0, 0, 0, 0, 0, 0, 0, 0, 
0, 0, 0, 0, 0, 0.72776, 0.72766, 0.72777, 0.71675, 0.70148, 0.7122, 
0.71067, 0.70593, 0.70464, 0.71306, 0.7183, 0.72341, 0.71916, 
0.72777, 0.71675, 0.70148, 0.7122, 0.71067, 0.70593, 0.70464, 
0.71068, 0.7183, 0.026, 0.2287, 0.0272, 0.0295, 0.0338, 0.0363, 
0.0399, 0.0438, 0.048, 0.0695, 0.0581, 116.8, 121.8, 150.5, 165.3, 
186, 190.8, 201.4, 213.9, 226.9, 318.6, 243.8, 38, 325, 1, 1, 
1, 1, 1, 1, 1, 968, 1, 194, 251, 1846, 1757, 1850, 1697, 1669, 
1928, 1785, 37, 1897, 100, 100, 100, 100, 100, 100, 100, 100, 
100, 100, 100, 2500, 2500, 2500, 2500, 2500, 2500, 2500, 2500, 
2500, 2500, 2500, 7235.423, 9351.272, 7677.93, 7553.061, 8342.23100000001, 
7819.927, 9289.341, 7477.814, 7953.53700000001, 7680.505, 8532.63, 
9.60272, 13.63977, 1.21532, 7.37323, 2.10474, -0.36794, 2.04524, 
0.01958, 0.82858, 2.51415, 11.9888, -8.55341, -8.8891, -3.27156, 
-13.8924, -13.30245, -8.82281, -1.95369, -0.15866, -9.57175, 
-10.53967, -14.08857, 0, 0, 0, 0, 0, 0, 0, 0, 0, 0, 0, 0, 0, 
0, 0, 0, 0, 0, 0, 0, 0, 0, 0.72776, 0.72766, 0.72777, 0.71675, 
0.70148, 0.7122, 0.71092, 0.70593, 0.70464, 0.71068, 0.7183, 
0.72341, 0.71916, 0.72777, 0.71675, 0.70148, 0.7122, 0.7025, 
0.70593, 0.70464, 0.71068, 0.7183, 0.0406, 0.2093, 0.0281, 0.0287, 
0.0259, 0.0298, 0.042, 0.0459, 0.0376, 0.0421, 0.1631, 113, 122.1, 
147.9, 161.1, 154.5, 174.8, 206.5, 239, 211.4, 219.9, 218.6, 
140, 805, 2, 1, 1, 3, 905, 1, 2, 3, 5, 32, 6, 1161, 1193, 1213, 
1128, 1, 1005, 876, 951, 989, 100, 100, 100, 100, 100, 100, 100, 
100, 100, 100, 100, 2500, 2500, 2500, 2500, 2500, 2500, 2500, 
2500, 2500, 2500, 2500, 7548.481, 7927.678, 8095.855, 8524.173, 
9140.431, 9471.484, 9722.58900000001, 10063.055, 10671.235, 11071.528, 
11872.712, 1, 1, 1, 1, 1, 1, 1, 1, 1, 1, 1, 0.14286, 0.14286, 
0.14286, 0.14286, 0.14286, 0.14286, 0.14286, 0.14286, 0.14286, 
0.14286, 0.14286, 0, 0, 0, 0, 0, 0, 0, 0, 0, 0, 0, 0, 0, 0, 0, 
0, 0, 0, 0, 0, 0, 0, 0.72341, 0.72749, 0.72777, 0.71675, 0.70148, 
0.7122, 0.71067, 0.70593, 0.70464, 0.71068, 0.7183, 0.72341, 
0.72749, 0.72777, 0.71675, 0.70148, 0.7122, 0.71067, 0.70593, 
0.70464, 0.71068, 0.7183, 0.0222, 0.0244, 0.0269, 0.0306, 0.0337, 
0.0365, 0.0396, 0.0442, 0.0468, 0.0514, 0.0561, 126.9, 136.5, 
150.5, 165.3, 186, 190.8, 201.4, 213.9, 226.9, 235, 243.8, 1, 
1, 1, 1, 1, 1, 1, 1, 1, 1, 1, 1, 1, 1, 1, 1, 1, 1, 1, 1, 1, 1, 
1, 1, 1, 1, 1, 1, 1, 1, 1, 1, 1, 1, 1, 1, 1, 1, 1, 1, 1, 1, 1, 
1, 2.794, 2.766, 2.766, 2.869, 2.885, 2.953, 2.953, 2.997, 2.95, 
3.099, 3.128), .Dim = c(11L, 40L), .Dimnames = list(NULL, c("Sampling", 
"PSO.cost", "PSO.gamma", "PSO.data.balancing", "PSO.feature.selection", 
"PSO.valid.acc", "PSO.test.acc", "PSO.train.time", "PSO.n.support.vectors", 
"PSO.index", "PSO.n.solutions", "PSO.generations", "PSO.n.evaluations", 
"PSO.cpu.time", "RS.cost", "RS.gamma", "RS.data.balancing", "RS.feature.selection", 
"RS.valid.acc", "RS.test.acc", "RS.train.time", "RS.n.support.vectors", 
"RS.index", "RS.n.solutions", "RS.generations", "RS.n.evaluations", 
"RS.cpu.time", "DF.cost", "DF.gamma", "DF.data.balancing", "DF.feature.selection", 
"DF.valid.acc", "DF.test.acc", "DF.train.time", "DF.n.support.vectors", 
"DF.index", "DF.n.solutions", "DF.generations", "DF.n.evaluations", 
"DF.cpu.time")))
