full <-
structure(c(50, 55, 60, 65, 70, 75, 80, 85, 90, 95, 100, 1, 10.01194, 
1, 1, 1, 1, 0.11031, 0.67529, 1, 1, 1, 0.14286, -12.25492, 0.14286, 
0.14286, 0.14286, 0.14286, 2.84228, -0.52868, 0.14286, 0.14286, 
0.14286, 0, 0, 0, 0, 0, 0, 0, 0, 0, 0, 0, 0, 0, 0, 0, 0, 0, 0, 
0, 0, 0, 0, 0.70515, 0.70747, 0.70847, 0.71335, 0.7147, 0.7122, 
0.71893, 0.72486, 0.72474, 0.72729, 0.71833, 0.70515, 0.70747, 
0.70847, 0.71335, 0.7147, 0.7122, 0.71321, 0.71952, 0.72474, 
0.72729, 0.71833, 0.0227, 0.0529, 0.0258, 0.0286, 0.0333, 0.0352, 
0.0507, 0.0439, 0.047, 0.0493, 0.0542, 131.7, 139.9, 152.8, 164, 
176.2, 191, 271.2, 236.1, 220.7, 228.8, 243, 1, 2, 1, 1, 1, 1, 
1504, 431, 1, 1, 1, 1771, 1954, 1933, 1926, 1870, 1836, 25, 106, 
1960, 1697, 1745, 100, 100, 100, 100, 100, 100, 100, 100, 100, 
100, 100, 2500, 2500, 2500, 2500, 2500, 2500, 2500, 2500, 2500, 
2500, 2500, 6968.272, 7216.027, 7057.541, 7604.704, 7212.877, 
7385.5, 7460.57000000001, 10085.086, 7560.97100000001, 8393.81099999999, 
9081.13800000001, 2.57239, 11.49591, 6.13474, 0.12898, 0.28012, 
14.4448, -0.15469, 0.78694, 4.70771, -0.66661, -0.90489, -10.19563, 
-12.04636, -8.33656, -14.2613, -14.33482, -12.03073, 2.68826, 
-0.64358, -9.89731, -0.80961, -4.58445, 0, 0, 0, 0, 0, 0, 0, 
0, 0, 0, 0, 0, 0, 0, 0, 0, 0, 0, 0, 0, 0, 0, 0.70515, 0.70747, 
0.70847, 0.71335, 0.7147, 0.7122, 0.71607, 0.72223, 0.72474, 
0.72729, 0.71833, 0.70515, 0.7033, 0.70462, 0.71335, 0.7147, 
0.7122, 0.71321, 0.71689, 0.72474, 0.72729, 0.71833, 0.0198, 
0.0747, 0.0399, 0.0216, 0.0229, 0.4118, 0.0528, 0.0447, 0.0493, 
0.0497, 0.0517, 129.4, 129.6, 146.1, 128.1, 137.2, 168.1, 269.5, 
234.3, 221.8, 247.8, 242.3, 1, 5, 1, 2, 2, 1, 294, 519, 2, 1, 
2, 1105, 1008, 1221, 1247, 1095, 1198, 5, 1, 1287, 1119, 1000, 
100, 100, 100, 100, 100, 100, 100, 100, 100, 100, 100, 2500, 
2500, 2500, 2500, 2500, 2500, 2500, 2500, 2500, 2500, 2500, 7320.488, 
7415.024, 7679.72100000001, 8038.97300000001, 8435.806, 8943.443, 
9885.012, 10527.582, 10371.577, 10617.673, 13808.686, 1, 1, 1, 
1, 1, 1, 1, 1, 1, 1, 1, 0.14286, 0.14286, 0.14286, 0.14286, 0.14286, 
0.14286, 0.14286, 0.14286, 0.14286, 0.14286, 0.14286, 0, 0, 0, 
0, 0, 0, 0, 0, 0, 0, 0, 0, 0, 0, 0, 0, 0, 0, 0, 0, 0, 0, 0.70515, 
0.70347, 0.70847, 0.71335, 0.7147, 0.7122, 0.71599, 0.72216, 
0.72474, 0.72729, 0.71833, 0.70515, 0.70747, 0.70847, 0.71335, 
0.7147, 0.7122, 0.71599, 0.72216, 0.72474, 0.72729, 0.71833, 
0.0212, 0.0233, 0.0264, 0.0299, 0.0316, 0.0362, 0.0408, 0.0441, 
0.0466, 0.0496, 0.0566, 131.7, 140.4, 152.8, 164, 176.2, 191, 
203.2, 213.3, 220.7, 228.8, 243, 1, 1, 1, 1, 1, 1, 1, 1, 1, 1, 
1, 1, 1, 1, 1, 1, 1, 1, 1, 1, 1, 1, 1, 1, 1, 1, 1, 1, 1, 1, 1, 
1, 1, 1, 1, 1, 1, 1, 1, 1, 1, 1, 1, 1, 2.541, 2.616, 2.703, 2.897, 
2.662, 2.754, 2.775, 2.827, 2.846, 2.815, 3.873), .Dim = c(11L, 
40L), .Dimnames = list(NULL, c("Sampling", "PSO.cost", "PSO.gamma", 
"PSO.data.balancing", "PSO.feature.selection", "PSO.valid.acc", 
"PSO.test.acc", "PSO.train.time", "PSO.n.support.vectors", "PSO.index", 
"PSO.n.solutions", "PSO.generations", "PSO.n.evaluations", "PSO.cpu.time", 
"RS.cost", "RS.gamma", "RS.data.balancing", "RS.feature.selection", 
"RS.valid.acc", "RS.test.acc", "RS.train.time", "RS.n.support.vectors", 
"RS.index", "RS.n.solutions", "RS.generations", "RS.n.evaluations", 
"RS.cpu.time", "DF.cost", "DF.gamma", "DF.data.balancing", "DF.feature.selection", 
"DF.valid.acc", "DF.test.acc", "DF.train.time", "DF.n.support.vectors", 
"DF.index", "DF.n.solutions", "DF.generations", "DF.n.evaluations", 
"DF.cpu.time")))
