full <-
structure(c(50, 55, 60, 65, 70, 75, 80, 85, 90, 95, 100, 3.91963, 
6.0451, 3.2877, 15, 4.96931, 1, 2.71024, 1, 2.62817, 1.34643, 
12.03595, -12.07847, -5.29691, -4.32649, -8.68113, -3.32043, 
0.14286, -3.70367, 0.14286, -3.82312, -1.98717, -9.89479, 0, 
0, 0, 0, 0, 0, 0, 0, 0, 0, 0, 0, 0, 0, 0, 0, 0, 0, 0, 0, 0, 0, 
0.74577, 0.75295, 0.73917, 0.74525, 0.75049, 0.73356, 0.73031, 
0.72749, 0.72987, 0.73444, 0.7206, 0.74577, 0.74461, 0.73917, 
0.73453, 0.73725, 0.73356, 0.72745, 0.72749, 0.72481, 0.72967, 
0.71833, 0.0205, 0.032, 0.0293, 0.5971, 0.0421, 0.0342, 0.0409, 
0.0394, 0.0477, 0.0488, 0.5003, 118.8, 120, 140.8, 139.6, 163.8, 
184, 188.7, 203.2, 206.2, 232.8, 224.4, 2, 39, 354, 2109, 1086, 
1, 1267, 1, 1018, 1570, 105, 1901, 199, 69, 1, 48, 1744, 19, 
1809, 58, 16, 520, 100, 100, 100, 100, 100, 100, 100, 100, 100, 
100, 100, 2500, 2500, 2500, 2500, 2500, 2500, 2500, 2500, 2500, 
2500, 2500, 6840.52, 6990.131, 8910.228, 7848.339, 8027.45299999999, 
7007.67, 7089.81200000001, 7411.73599999999, 7765.46000000001, 
7876.16099999999, 18652.987, 5.45147, 5.44902, 2.32419, 14.477, 
5.66901, 3.1173, 2.52691, -0.86257, 1.54479, 1.30425, 13.29462, 
-12.0277, -4.99829, -3.7091, -8.48196, -3.66197, -13.73989, -3.76492, 
-11.89413, -2.6045, -1.87022, -10.58592, 0, 0, 0, 0, 0, 0, 0, 
0, 0, 0, 0, 0, 0, 0, 0, 0, 0, 0, 0, 0, 0, 0, 0.74577, 0.75295, 
0.73917, 0.7418, 0.74736, 0.73356, 0.73031, 0.72749, 0.72737, 
0.73444, 0.7206, 0.74577, 0.74045, 0.73532, 0.73453, 0.74381, 
0.73356, 0.72459, 0.72749, 0.71981, 0.72967, 0.71833, 0.0225, 
0.0291, 0.0284, 0.4918, 0.0446, 0.0249, 0.0404, 0.029, 0.0445, 
0.0483, 0.6735, 131.1, 120.8, 142.6, 140, 162.4, 142.3, 187.8, 
156.8, 213, 232.7, 217.6, 3, 956, 656, 2431, 545, 3, 289, 2, 
294, 498, 22, 1059, 3, 4, 1, 2, 985, 3, 1072, 6, 1, 16, 100, 
100, 100, 100, 100, 100, 100, 100, 100, 100, 100, 2500, 2500, 
2500, 2500, 2500, 2500, 2500, 2500, 2500, 2500, 2500, 7140.253, 
7477.173, 7995.477, 8276.61700000001, 8079.01400000001, 8566.016, 
8998.746, 9257.913, 9869.44099999999, 10761.861, 11345.113, 1, 
1, 1, 1, 1, 1, 1, 1, 1, 1, 1, 0.14286, 0.14286, 0.14286, 0.14286, 
0.14286, 0.14286, 0.14286, 0.14286, 0.14286, 0.14286, 0.14286, 
0, 0, 0, 0, 0, 0, 0, 0, 0, 0, 0, 0, 0, 0, 0, 0, 0, 0, 0, 0, 0, 
0, 0.74122, 0.7486, 0.73147, 0.73454, 0.74058, 0.73356, 0.72745, 
0.72749, 0.72731, 0.72967, 0.71833, 0.74577, 0.7486, 0.73147, 
0.73478, 0.74058, 0.73356, 0.72745, 0.72749, 0.72731, 0.72967, 
0.71833, 0.021, 0.0227, 0.0262, 0.0285, 0.0316, 0.034, 0.0365, 
0.0403, 0.0419, 0.0471, 0.0509, 118.9, 132.3, 148.6, 157.1, 172.3, 
184, 198.4, 203.2, 213.8, 227.7, 244.3, 1, 1, 1, 1, 1, 1, 1, 
1, 1, 1, 1, 1, 1, 1, 1, 1, 1, 1, 1, 1, 1, 1, 1, 1, 1, 1, 1, 1, 
1, 1, 1, 1, 1, 1, 1, 1, 1, 1, 1, 1, 1, 1, 1, 1, 2.688, 2.574, 
2.777, 2.794, 2.531, 2.621, 2.485, 2.814, 2.544, 2.713, 2.738
), .Dim = c(11L, 40L), .Dimnames = list(NULL, c("Sampling", "PSO.cost", 
"PSO.gamma", "PSO.data.balancing", "PSO.feature.selection", "PSO.valid.acc", 
"PSO.test.acc", "PSO.train.time", "PSO.n.support.vectors", "PSO.index", 
"PSO.n.solutions", "PSO.generations", "PSO.n.evaluations", "PSO.cpu.time", 
"RS.cost", "RS.gamma", "RS.data.balancing", "RS.feature.selection", 
"RS.valid.acc", "RS.test.acc", "RS.train.time", "RS.n.support.vectors", 
"RS.index", "RS.n.solutions", "RS.generations", "RS.n.evaluations", 
"RS.cpu.time", "DF.cost", "DF.gamma", "DF.data.balancing", "DF.feature.selection", 
"DF.valid.acc", "DF.test.acc", "DF.train.time", "DF.n.support.vectors", 
"DF.index", "DF.n.solutions", "DF.generations", "DF.n.evaluations", 
"DF.cpu.time")))
