full <-
structure(c(50, 55, 60, 65, 70, 75, 80, 85, 90, 95, 100, 1, 1, 
14.47898, 1, 1, 1, -0.01737, 1, 1, 4.32314, 1, 0.14286, 0.14286, 
-10.57457, 0.14286, 0.14286, 0.14286, 3, 0.14286, 0.14286, -3.70215, 
0.14286, 0, 0, 0, 0, 0, 0, 0, 0, 0, 0, 0, 0, 0, 0, 0, 0, 0, 0, 
0, 0, 0, 0, 0.73737, 0.73166, 0.73147, 0.72751, 0.72751, 0.71527, 
0.71893, 0.70876, 0.70971, 0.71065, 0.71835, 0.73737, 0.73166, 
0.72008, 0.72751, 0.72751, 0.71527, 0.71607, 0.70876, 0.70971, 
0.70107, 0.71835, 0.0215, 0.0225, 0.5007, 0.0294, 0.0313, 0.0348, 
0.0502, 0.0452, 0.0501, 0.0618, 0.0575, 120, 133.9, 135.2, 163.6, 
174.2, 190.4, 273, 211.4, 225, 228.2, 243.2, 1, 1, 419, 1, 1, 
1, 1200, 1, 1, 18, 1, 1967, 1759, 165, 1952, 1801, 1908, 95, 
1910, 1852, 53, 1867, 100, 100, 100, 100, 100, 100, 100, 100, 
100, 100, 100, 2500, 2500, 2500, 2500, 2500, 2500, 2500, 2500, 
2500, 2500, 2500, 6656.612, 6809.968, 10140.103, 7236.008, 7314.854, 
7476.308, 7495.68700000001, 10796.032, 10259.537, 11775.421, 
9762.55499999999, 4.5823, -0.33955, 14.96091, -1.38167, 10.97315, 
2.18847, 8.60542, 11.46324, -1.25826, 4.1839, -1.37848, -11.94495, 
-12.77193, -10.95187, -9.81174, -14.74429, -2.98719, -10.91352, 
-8.16838, -8.00826, -4.12113, -5.01613, 0, 0, 0, 0, 0, 0, 0, 
0, 0, 0, 0, 0, 0, 0, 0, 0, 0, 0, 0, 0, 0, 0, 0.73737, 0.73166, 
0.73147, 0.72751, 0.72751, 0.71536, 0.71607, 0.7089, 0.70971, 
0.71303, 0.71835, 0.73737, 0.73166, 0.72008, 0.72751, 0.72751, 
0.71233, 0.71607, 0.69546, 0.70971, 0.70583, 0.71835, 0.0198, 
0.0171, 0.6421, 0.0218, 0.0583, 0.0358, 0.0799, 0.29, 0.0398, 
0.064, 0.0519, 116.4, 99.8, 133.9, 131.4, 164.5, 187.5, 207.8, 
194.7, 203.5, 226.4, 240.9, 2, 5, 330, 1, 1, 2156, 3, 178, 1, 
1538, 2, 1296, 1103, 6, 1338, 1281, 1, 1193, 5, 1122, 1, 1080, 
100, 100, 100, 100, 100, 100, 100, 100, 100, 100, 100, 2500, 
2500, 2500, 2500, 2500, 2500, 2500, 2500, 2500, 2500, 2500, 7209.821, 
7646.588, 8239.2, 8553.855, 8591.965, 9092.81599999999, 10759.182, 
12444.506, 12941.874, 13234.761, 13186.811, 1, 1, 1, 1, 1, 1, 
1, 1, 1, 1, 1, 0.14286, 0.14286, 0.14286, 0.14286, 0.14286, 0.14286, 
0.14286, 0.14286, 0.14286, 0.14286, 0.14286, 0, 0, 0, 0, 0, 0, 
0, 0, 0, 0, 0, 0, 0, 0, 0, 0, 0, 0, 0, 0, 0, 0, 0.73737, 0.73166, 
0.72763, 0.72751, 0.72751, 0.71527, 0.71607, 0.70876, 0.70971, 
0.71059, 0.71835, 0.73737, 0.73166, 0.72763, 0.72751, 0.72751, 
0.71527, 0.71607, 0.70876, 0.70971, 0.71059, 0.71835, 0.0203, 
0.0234, 0.0255, 0.0289, 0.0316, 0.0343, 0.0409, 0.0449, 0.0499, 
0.0529, 0.053, 120, 133.9, 150.9, 163.6, 174.2, 190.4, 200.6, 
211.4, 225, 236.9, 243.2, 1, 1, 1, 1, 1, 1, 1, 1, 1, 1, 1, 1, 
1, 1, 1, 1, 1, 1, 1, 1, 1, 1, 1, 1, 1, 1, 1, 1, 1, 1, 1, 1, 1, 
1, 1, 1, 1, 1, 1, 1, 1, 1, 1, 1, 2.597, 2.68, 2.618, 2.682, 2.658, 
2.626, 3.708, 3.805, 3.867, 3.83, 2.809), .Dim = c(11L, 40L), .Dimnames = list(
    NULL, c("Sampling", "PSO.cost", "PSO.gamma", "PSO.data.balancing", 
    "PSO.feature.selection", "PSO.valid.acc", "PSO.test.acc", 
    "PSO.train.time", "PSO.n.support.vectors", "PSO.index", "PSO.n.solutions", 
    "PSO.generations", "PSO.n.evaluations", "PSO.cpu.time", "RS.cost", 
    "RS.gamma", "RS.data.balancing", "RS.feature.selection", 
    "RS.valid.acc", "RS.test.acc", "RS.train.time", "RS.n.support.vectors", 
    "RS.index", "RS.n.solutions", "RS.generations", "RS.n.evaluations", 
    "RS.cpu.time", "DF.cost", "DF.gamma", "DF.data.balancing", 
    "DF.feature.selection", "DF.valid.acc", "DF.test.acc", "DF.train.time", 
    "DF.n.support.vectors", "DF.index", "DF.n.solutions", "DF.generations", 
    "DF.n.evaluations", "DF.cpu.time")))
