full <-
structure(c(50, 55, 60, 65, 70, 75, 80, 85, 90, 95, 100, 0.83003, 
1.39381, 11.5465, 1, 1, 1.89479, 1, 3.09368, 1, 1, 11.32076, 
-2.20366, -1.02529, -7.41845, 0.14286, 0.14286, -3.3515, 0.14286, 
-4.45107, 0.14286, 0.14286, -8.25146, 0, 0, 0, 0, 0, 0, 0, 0, 
0, 0, 0, 0, 0, 0, 0, 0, 0, 0, 0, 0, 0, 0, 0.69234, 0.6904, 0.70832, 
0.67875, 0.6852, 0.6973, 0.70181, 0.70085, 0.70971, 0.71062, 
0.71835, 0.67847, 0.67773, 0.68538, 0.67875, 0.6852, 0.68848, 
0.70181, 0.69536, 0.70971, 0.71062, 0.71153, 0.021, 0.0243, 0.1117, 
0.0303, 0.0328, 0.0371, 0.0364, 0.0483, 0.0446, 0.0496, 0.3831, 
133.5, 157.6, 142.9, 176.6, 185.7, 189.7, 205, 209.1, 223.6, 
235.7, 225, 1501, 751, 1975, 1, 1, 885, 1, 1131, 1, 1, 1328, 
22, 57, 9, 1883, 1723, 130, 1963, 4, 1989, 2000, 30, 100, 100, 
100, 100, 100, 100, 100, 100, 100, 100, 100, 2500, 2500, 2500, 
2500, 2500, 2500, 2500, 2500, 2500, 2500, 2500, 6749.153, 6801.034, 
8006.799, 7116.03, 7300.73, 7150.99099999999, 7209.747, 8035.27200000001, 
7315.183, 8252.09400000001, 9596.068, 0.7518, 0.90385, 10.87824, 
-0.89384, 1.39617, 3.5654, -1.93982, 13.08598, 7.4151, -1.87263, 
12.23806, -2.17362, -0.51183, -7.17721, 1.78943, -3.99054, -4.89891, 
-4.06499, -8.96976, -11.41556, -3.55514, -8.63941, 0, 0, 0, 0, 
0, 0, 0, 0, 0, 0, 0, 0, 0, 0, 0, 0, 0, 0, 0, 0, 0, 0, 0.69234, 
0.68623, 0.70462, 0.67875, 0.6852, 0.6973, 0.70181, 0.69814, 
0.70971, 0.71062, 0.71835, 0.68758, 0.67773, 0.68168, 0.67875, 
0.6852, 0.69133, 0.70181, 0.68747, 0.70971, 0.71062, 0.71381, 
0.0205, 0.0255, 0.0927, 0.0359, 0.0343, 0.0397, 0.0358, 0.4496, 
0.0687, 0.0463, 0.5486, 133.6, 161.5, 143.9, 217.6, 180, 183.7, 
204.8, 199.4, 241.4, 239.4, 224.6, 332, 2469, 556, 2, 3, 275, 
7, 331, 1, 1, 383, 1, 1, 1, 1072, 1066, 2, 1154, 2, 1253, 1251, 
3, 100, 100, 100, 100, 100, 100, 100, 100, 100, 100, 100, 2500, 
2500, 2500, 2500, 2500, 2500, 2500, 2500, 2500, 2500, 2500, 7126.426, 
7453.354, 7625.378, 8065.922, 8541.86099999999, 8812.70299999999, 
9049.106, 9585.239, 10228.489, 11108.945, 11917.36, 1, 1, 1, 
1, 1, 1, 1, 1, 1, 1, 1, 0.14286, 0.14286, 0.14286, 0.14286, 0.14286, 
0.14286, 0.14286, 0.14286, 0.14286, 0.14286, 0.14286, 0, 0, 0, 
0, 0, 0, 0, 0, 0, 0, 0, 0, 0, 0, 0, 0, 0, 0, 0, 0, 0, 0, 0.68301, 
0.67773, 0.69707, 0.67875, 0.6852, 0.69427, 0.70181, 0.69807, 
0.70971, 0.71062, 0.71825, 0.68282, 0.6819, 0.69707, 0.67875, 
0.6852, 0.69427, 0.70181, 0.69807, 0.70971, 0.71062, 0.71825, 
0.0211, 0.0234, 0.026, 0.0305, 0.0321, 0.0336, 0.0383, 0.0414, 
0.0453, 0.048, 0.054, 132.9, 147, 154.5, 176.6, 185.7, 192.6, 
205, 217.5, 223.6, 235.7, 245.4, 1, 1, 1, 1, 1, 1, 1, 1, 1, 1, 
1, 1, 1, 1, 1, 1, 1, 1, 1, 1, 1, 1, 1, 1, 1, 1, 1, 1, 1, 1, 1, 
1, 1, 1, 1, 1, 1, 1, 1, 1, 1, 1, 1, 1, 2.624, 2.631, 2.66, 2.749, 
2.716, 2.621, 2.753, 2.746, 2.807, 2.781, 2.94), .Dim = c(11L, 
40L), .Dimnames = list(NULL, c("Sampling", "PSO.cost", "PSO.gamma", 
"PSO.data.balancing", "PSO.feature.selection", "PSO.valid.acc", 
"PSO.test.acc", "PSO.train.time", "PSO.n.support.vectors", "PSO.index", 
"PSO.n.solutions", "PSO.generations", "PSO.n.evaluations", "PSO.cpu.time", 
"RS.cost", "RS.gamma", "RS.data.balancing", "RS.feature.selection", 
"RS.valid.acc", "RS.test.acc", "RS.train.time", "RS.n.support.vectors", 
"RS.index", "RS.n.solutions", "RS.generations", "RS.n.evaluations", 
"RS.cpu.time", "DF.cost", "DF.gamma", "DF.data.balancing", "DF.feature.selection", 
"DF.valid.acc", "DF.test.acc", "DF.train.time", "DF.n.support.vectors", 
"DF.index", "DF.n.solutions", "DF.generations", "DF.n.evaluations", 
"DF.cpu.time")))
