full <-
structure(c(50, 55, 60, 65, 70, 75, 80, 85, 90, 95, 100, 1, 7.6354, 
0.65186, 4.62584, 1, 1, 1, 11.36125, 1, -0.1319, 1, 0.14286, 
-7.39476, -5.00293, -4.19639, 0.14286, 0.14286, 0.14286, -9.02553, 
0.14286, 3, 0.14286, 0, 0, 0, 0, 0, 0, 0, 0, 0, 0, 0, 0, 0, 0, 
0, 0, 0, 0, 0, 0, 0, 0, 0.66377, 0.6822, 0.68997, 0.70308, 0.70475, 
0.70004, 0.70464, 0.70614, 0.70727, 0.71555, 0.71835, 0.66377, 
0.67403, 0.68997, 0.68892, 0.70475, 0.70004, 0.70464, 0.70614, 
0.70727, 0.71311, 0.71835, 0.0224, 0.0483, 0.026, 0.0402, 0.0331, 
0.0358, 0.0389, 0.3086, 0.0431, 0.0619, 0.0551, 136.7, 139, 156, 
161.5, 177.8, 189.8, 201.7, 199.6, 226, 321.2, 242.6, 1, 1032, 
3, 288, 1, 1, 1, 346, 1, 1808, 1, 2000, 37, 2075, 199, 2041, 
1705, 1879, 11, 1794, 25, 1770, 100, 100, 100, 100, 100, 100, 
100, 100, 100, 100, 100, 2500, 2500, 2500, 2500, 2500, 2500, 
2500, 2500, 2500, 2500, 2500, 6500.202, 6665.124, 6939.852, 7762.953, 
7470.151, 8198.686, 8824.505, 9345.23300000001, 7824.59700000001, 
7753.416, 8902.61499999999, -0.01541, 7.91366, 1.51971, 4.77126, 
4.05799, -0.83911, 1.8629, 1.24445, 4.54935, 5.73015, -0.02221, 
-7.7005, -7.59159, -3.68974, -4.38598, -7.11231, -9.15659, -4.94892, 
-13.90289, -12.83522, -8.86448, -7.76144, 0, 0, 0, 0, 0, 0, 0, 
0, 0, 0, 0, 0, 0, 0, 0, 0, 0, 0, 0, 0, 0, 0, 0.66377, 0.6822, 
0.69012, 0.70308, 0.70475, 0.70004, 0.70464, 0.70606, 0.70727, 
0.71311, 0.71835, 0.66377, 0.67403, 0.68612, 0.6782, 0.70142, 
0.70004, 0.70464, 0.70606, 0.70727, 0.71067, 0.71835, 0.0188, 
0.0504, 0.0277, 0.0384, 0.0398, 0.0298, 0.0382, 0.0277, 0.0401, 
0.0683, 0.0451, 131.6, 139.4, 152.4, 162, 169.7, 172, 195.9, 
161.5, 210.6, 236.6, 230.5, 1, 305, 338, 1601, 2, 2, 2, 4, 1, 
1, 2, 1135, 6, 2, 1, 1188, 1073, 1337, 1170, 1157, 1231, 1191, 
100, 100, 100, 100, 100, 100, 100, 100, 100, 100, 100, 2500, 
2500, 2500, 2500, 2500, 2500, 2500, 2500, 2500, 2500, 2500, 6796.017, 
7272.74, 8173.521, 8628.099, 9019.895, 9285.019, 9195.003, 9518.658, 
10286.7, 10849.82, 11155.197, 1, 1, 1, 1, 1, 1, 1, 1, 1, 1, 1, 
0.14286, 0.14286, 0.14286, 0.14286, 0.14286, 0.14286, 0.14286, 
0.14286, 0.14286, 0.14286, 0.14286, 0, 0, 0, 0, 0, 0, 0, 0, 0, 
0, 0, 0, 0, 0, 0, 0, 0, 0, 0, 0, 0, 0, 0.66377, 0.67803, 0.68612, 
0.70296, 0.70475, 0.70004, 0.70464, 0.70606, 0.70727, 0.71311, 
0.71835, 0.66377, 0.67803, 0.68997, 0.70296, 0.70475, 0.70004, 
0.70464, 0.70343, 0.70727, 0.71311, 0.71835, 0.021, 0.022, 0.0274, 
0.0307, 0.0332, 0.0357, 0.0366, 0.0416, 0.0469, 0.0504, 0.052, 
136.7, 144, 155.6, 165.5, 177.8, 189.8, 201.7, 212.6, 226, 234.3, 
242.6, 1, 1, 1, 1, 1, 1, 1, 1, 1, 1, 1, 1, 1, 1, 1, 1, 1, 1, 
1, 1, 1, 1, 1, 1, 1, 1, 1, 1, 1, 1, 1, 1, 1, 1, 1, 1, 1, 1, 1, 
1, 1, 1, 1, 1, 2.474, 2.421, 2.802, 2.839, 2.915, 2.746, 2.622, 
2.79, 2.947, 2.974, 2.843), .Dim = c(11L, 40L), .Dimnames = list(
    NULL, c("Sampling", "PSO.cost", "PSO.gamma", "PSO.data.balancing", 
    "PSO.feature.selection", "PSO.valid.acc", "PSO.test.acc", 
    "PSO.train.time", "PSO.n.support.vectors", "PSO.index", "PSO.n.solutions", 
    "PSO.generations", "PSO.n.evaluations", "PSO.cpu.time", "RS.cost", 
    "RS.gamma", "RS.data.balancing", "RS.feature.selection", 
    "RS.valid.acc", "RS.test.acc", "RS.train.time", "RS.n.support.vectors", 
    "RS.index", "RS.n.solutions", "RS.generations", "RS.n.evaluations", 
    "RS.cpu.time", "DF.cost", "DF.gamma", "DF.data.balancing", 
    "DF.feature.selection", "DF.valid.acc", "DF.test.acc", "DF.train.time", 
    "DF.n.support.vectors", "DF.index", "DF.n.solutions", "DF.generations", 
    "DF.n.evaluations", "DF.cpu.time")))
