full <-
structure(c(50, 55, 60, 65, 70, 75, 80, 85, 90, 95, 100, 0.6314, 
7.5738, 1, 1, 15, 12.06846, 1, 1, 1, 5.016, 1, 3, -8.55029, 0.14286, 
0.14286, -11.7087, -9.61159, 0.14286, 0.14286, 0.14286, -5.71778, 
0.14286, 0, 0, 0, 0, 0, 0, 0, 0, 0, 0, 0, 0, 0, 0, 0, 0, 0, 0, 
0, 0, 0, 0, 0.73666, 0.72332, 0.72386, 0.72751, 0.72101, 0.71835, 
0.71321, 0.71664, 0.72001, 0.72266, 0.71835, 0.72303, 0.71547, 
0.72386, 0.72751, 0.71446, 0.70917, 0.71321, 0.71664, 0.72001, 
0.71784, 0.71613, 0.0249, 0.0366, 0.024, 0.0262, 0.3115, 0.2003, 
0.0374, 0.0428, 0.0433, 0.0694, 0.0517, 169.7, 123, 140.7, 152.2, 
147.7, 162.3, 195, 206.2, 219.3, 219.9, 242.7, 760, 309, 1, 1, 
658, 995, 1, 1, 1, 744, 1, 32, 337, 1847, 1697, 82, 67, 1911, 
2048, 1772, 44, 1915, 100, 100, 100, 100, 100, 100, 100, 100, 
100, 100, 100, 2500, 2500, 2500, 2500, 2500, 2500, 2500, 2500, 
2500, 2500, 2500, 6902.124, 8062.358, 6509.239, 6869.604, 7995.01100000001, 
9174.288, 6979.60399999999, 6902.621, 7507.94, 7759.34400000001, 
7548.73200000002, 1.78573, 10.42154, 2.22839, 0.48588, 12.33524, 
13.18078, 0.17478, 1.07665, 11.61176, 5.2351, 3.29708, -9.48016, 
-9.92221, -5.12353, -13.84445, -10.42881, -10.17411, -8.33817, 
-10.92589, -13.14399, -5.81948, -13.80566, 0, 0, 0, 0, 0, 0, 
0, 0, 0, 0, 0, 0, 0, 0, 0, 0, 0, 0, 0, 0, 0, 0, 0.73647, 0.72332, 
0.72386, 0.72751, 0.72101, 0.71835, 0.71321, 0.71664, 0.72001, 
0.72266, 0.71835, 0.73647, 0.71547, 0.72386, 0.72751, 0.71446, 
0.70917, 0.71321, 0.71664, 0.72001, 0.71784, 0.71835, 0.0185, 
0.0666, 0.0259, 0.0203, 0.1869, 0.2489, 0.0306, 0.0308, 0.1365, 
0.0731, 0.0365, 108.3, 124, 136.7, 123.6, 150.6, 162.7, 187.6, 
184.3, 197.1, 220.1, 204.8, 1, 5, 1, 1, 63, 183, 1, 1, 1, 434, 
1, 1038, 28, 1120, 1176, 17, 1, 1192, 997, 1087, 1, 943, 100, 
100, 100, 100, 100, 100, 100, 100, 100, 100, 100, 2500, 2500, 
2500, 2500, 2500, 2500, 2500, 2500, 2500, 2500, 2500, 7076.651, 
7236.526, 7287.08, 7567.35, 7994.169, 8201.29000000001, 9141.981, 
9183.14199999999, 10012.709, 10343.181, 11400.665, 1, 1, 1, 1, 
1, 1, 1, 1, 1, 1, 1, 0.14286, 0.14286, 0.14286, 0.14286, 0.14286, 
0.14286, 0.14286, 0.14286, 0.14286, 0.14286, 0.14286, 0, 0, 0, 
0, 0, 0, 0, 0, 0, 0, 0, 0, 0, 0, 0, 0, 0, 0, 0, 0, 0, 0, 0.73647, 
0.71947, 0.72386, 0.72751, 0.72091, 0.71523, 0.71321, 0.71664, 
0.72001, 0.72028, 0.71835, 0.73647, 0.71947, 0.72386, 0.72751, 
0.72091, 0.71523, 0.71321, 0.71664, 0.72001, 0.72028, 0.71613, 
0.0198, 0.0224, 0.0234, 0.0263, 0.0298, 0.0321, 0.0363, 0.0381, 
0.0439, 0.0491, 0.0504, 114.9, 131.2, 140.7, 152.2, 167.6, 180.8, 
195, 206.2, 219.3, 233.7, 242.7, 1, 1, 1, 1, 1, 1, 1, 1, 1, 1, 
1, 1, 1, 1, 1, 1, 1, 1, 1, 1, 1, 1, 1, 1, 1, 1, 1, 1, 1, 1, 1, 
1, 1, 1, 1, 1, 1, 1, 1, 1, 1, 1, 1, 1, 2.569, 2.663, 2.44, 2.484, 
2.573, 2.844, 2.575, 2.783, 2.806, 2.862, 2.631), .Dim = c(11L, 
40L), .Dimnames = list(NULL, c("Sampling", "PSO.cost", "PSO.gamma", 
"PSO.data.balancing", "PSO.feature.selection", "PSO.valid.acc", 
"PSO.test.acc", "PSO.train.time", "PSO.n.support.vectors", "PSO.index", 
"PSO.n.solutions", "PSO.generations", "PSO.n.evaluations", "PSO.cpu.time", 
"RS.cost", "RS.gamma", "RS.data.balancing", "RS.feature.selection", 
"RS.valid.acc", "RS.test.acc", "RS.train.time", "RS.n.support.vectors", 
"RS.index", "RS.n.solutions", "RS.generations", "RS.n.evaluations", 
"RS.cpu.time", "DF.cost", "DF.gamma", "DF.data.balancing", "DF.feature.selection", 
"DF.valid.acc", "DF.test.acc", "DF.train.time", "DF.n.support.vectors", 
"DF.index", "DF.n.solutions", "DF.generations", "DF.n.evaluations", 
"DF.cpu.time")))
