full <-
structure(c(50, 55, 60, 65, 70, 75, 80, 85, 90, 95, 100, 11.13747, 
0.17163, 0.20519, -0.04928, 1, 15, 6.18128, 11.83601, 1, 4.94988, 
1, -8.32773, 3, 3, 3, 0.14286, -9.58575, -4.71909, -8.43421, 
0.14286, -4.86882, 0.14286, 0, 0, 0, 0, 0, 0, 0, 0, 0, 0, 0, 
0, 0, 0, 0, 0, 0, 0, 0, 0, 0, 0, 0.72333, 0.73133, 0.72379, 0.72032, 
0.72423, 0.72755, 0.72225, 0.72475, 0.71968, 0.72505, 0.7184, 
0.71381, 0.73133, 0.72009, 0.71675, 0.72423, 0.72149, 0.70207, 
0.71678, 0.71968, 0.72273, 0.7184, 0.0606, 0.0199, 0.0223, 0.0254, 
0.0221, 0.5753, 0.0419, 0.3284, 0.0335, 0.0534, 0.0391, 114.7, 
189.6, 206, 221.6, 165.9, 165.6, 184.5, 194.7, 225.2, 218.1, 
241.3, 149, 163, 878, 956, 1, 622, 859, 99, 1, 751, 1, 216, 187, 
30, 367, 2020, 361, 102, 692, 1593, 56, 2022, 100, 100, 100, 
100, 100, 100, 100, 100, 100, 100, 100, 2500, 2500, 2500, 2500, 
2500, 2500, 2500, 2500, 2500, 2500, 2500, 6753.315, 6112.869, 
6224.94, 6727.036, 6830.483, 12613.097, 7986.622, 11836.184, 
8228.57399999999, 8664.27100000001, 7703.70500000002, 8.59887, 
9.44668, 10.36238, 0.41302, 1.46411, 13.17103, 5.59167, 11.72617, 
2.93378, 1.8329, 3.04292, -7.17322, -9.61803, -14.81286, 2.69615, 
-10.6587, -8.77912, -4.3381, -8.29654, -10.81467, -3.0434, -10.94866, 
0, 0, 0, 0, 0, 0, 0, 0, 0, 0, 0, 0, 0, 0, 0, 0, 0, 0, 0, 0, 0, 
0, 0.72333, 0.72317, 0.72365, 0.71687, 0.72423, 0.72755, 0.71931, 
0.72475, 0.71968, 0.72505, 0.7184, 0.7045, 0.719, 0.72365, 0.70985, 
0.72423, 0.72149, 0.70501, 0.71941, 0.71968, 0.72261, 0.7184, 
0.0324, 0.0499, 0.0306, 0.0255, 0.0187, 0.3242, 0.0375, 0.303, 
0.0303, 0.0383, 0.0337, 116.8, 127.8, 151.3, 219.6, 161, 167.6, 
187, 194.7, 222, 226.9, 243.4, 427, 1, 3, 153, 1, 204, 44, 1045, 
4, 206, 1, 8, 1017, 781, 1, 1015, 7, 5, 7, 1138, 16, 1193, 100, 
100, 100, 100, 100, 100, 100, 100, 100, 100, 100, 2500, 2500, 
2500, 2500, 2500, 2500, 2500, 2500, 2500, 2500, 2500, 6424.757, 
6604.358, 7564.137, 7887.493, 8018.477, 8679.742, 8921.367, 9284.505, 
9862.60199999998, 9994.177, 10175.195, 1, 1, 1, 1, 1, 1, 1, 1, 
1, 1, 1, 0.14286, 0.14286, 0.14286, 0.14286, 0.14286, 0.14286, 
0.14286, 0.14286, 0.14286, 0.14286, 0.14286, 0, 0, 0, 0, 0, 0, 
0, 0, 0, 0, 0, 0, 0, 0, 0, 0, 0, 0, 0, 0, 0, 0, 0.71857, 0.72317, 
0.72365, 0.71675, 0.72423, 0.72451, 0.71637, 0.71948, 0.71968, 
0.72494, 0.7184, 0.71857, 0.72317, 0.72365, 0.71675, 0.72423, 
0.72451, 0.71637, 0.71948, 0.71968, 0.72494, 0.7184, 0.0142, 
0.0161, 0.0178, 0.0203, 0.0221, 0.0252, 0.0279, 0.031, 0.0345, 
0.0365, 0.0391, 124.2, 137, 145.5, 157.1, 165.9, 179.5, 197.7, 
211, 225.2, 231.6, 241.3, 1, 1, 1, 1, 1, 1, 1, 1, 1, 1, 1, 1, 
1, 1, 1, 1, 1, 1, 1, 1, 1, 1, 1, 1, 1, 1, 1, 1, 1, 1, 1, 1, 1, 
1, 1, 1, 1, 1, 1, 1, 1, 1, 1, 1, 2.372, 2.306, 2.619, 2.722, 
2.645, 2.837, 2.799, 2.759, 2.806, 2.782, 2.876), .Dim = c(11L, 
40L), .Dimnames = list(NULL, c("Sampling", "PSO.cost", "PSO.gamma", 
"PSO.data.balancing", "PSO.feature.selection", "PSO.valid.acc", 
"PSO.test.acc", "PSO.train.time", "PSO.n.support.vectors", "PSO.index", 
"PSO.n.solutions", "PSO.generations", "PSO.n.evaluations", "PSO.cpu.time", 
"RS.cost", "RS.gamma", "RS.data.balancing", "RS.feature.selection", 
"RS.valid.acc", "RS.test.acc", "RS.train.time", "RS.n.support.vectors", 
"RS.index", "RS.n.solutions", "RS.generations", "RS.n.evaluations", 
"RS.cpu.time", "DF.cost", "DF.gamma", "DF.data.balancing", "DF.feature.selection", 
"DF.valid.acc", "DF.test.acc", "DF.train.time", "DF.n.support.vectors", 
"DF.index", "DF.n.solutions", "DF.generations", "DF.n.evaluations", 
"DF.cpu.time")))
