full <-
structure(c(50, 55, 60, 65, 70, 75, 80, 85, 90, 95, 100, -1.17439, 
1, 12.4537, 14.5714, 13.47093, 0.21584, 2.49931, 3.98111, 1, 
1, 7.48765, -12.01317, 0.14286, -7.06088, -11.03583, -10.64451, 
3, -7.60008, -5.06637, 0.14286, 0.14286, -5.76068, 0, 0, 0, 0, 
0, 0, 0, 0, 0, 0, 0, 0, 0, 0, 0, 0, 0, 0, 0, 0, 0, 0, 0.74566, 
0.73575, 0.75049, 0.73844, 0.73724, 0.73044, 0.72734, 0.72742, 
0.71721, 0.71305, 0.72065, 0.74566, 0.7314, 0.73882, 0.73499, 
0.73724, 0.72438, 0.72734, 0.72479, 0.71721, 0.71305, 0.70938, 
0.0173, 0.0234, 0.1856, 0.2773, 0.2226, 0.047, 0.0399, 0.0531, 
0.0481, 0.0516, 0.1188, 85.7, 134.6, 128, 132, 144.3, 252.1, 
185.1, 189.6, 220.5, 233.9, 227.3, 2, 1, 236, 667, 18, 275, 2, 
1555, 1, 1, 5, 2154, 1795, 131, 17, 658, 56, 1976, 3, 1712, 1767, 
103, 100, 100, 100, 100, 100, 100, 100, 100, 100, 100, 100, 2500, 
2500, 2500, 2500, 2500, 2500, 2500, 2500, 2500, 2500, 2500, 6854.572, 
7097.283, 11828.934, 7711.482, 10272.047, 7978.592, 7673.342, 
8371.07900000001, 8857.345, 9299.511, 8295.22399999999, 5.55073, 
9.83204, 12.18497, 0.09594, 0.49893, 0.17952, 6.82612, 0.02047, 
-1.29951, 13.81616, 7.2022, -3.44276, -10.93497, -6.90952, 1.3371, 
2.30274, 2.99861, -11.13603, 2.27497, 2.92805, -13.28505, -5.63881, 
0, 0, 0, 0, 0, 0, 0, 0, 0, 0, 0, 0, 0, 0, 0, 0, 0, 0, 0, 0, 0, 
0, 0.75001, 0.73575, 0.75049, 0.74508, 0.74026, 0.73044, 0.72734, 
0.72742, 0.71721, 0.71305, 0.72065, 0.72766, 0.7354, 0.73868, 
0.73818, 0.74036, 0.72438, 0.72734, 0.72216, 0.71721, 0.71305, 
0.70938, 0.027, 0.0548, 0.1738, 0.0339, 0.041, 0.0478, 0.0541, 
0.0538, 0.063, 0.2788, 0.1088, 117.8, 126.2, 128.1, 199.6, 228.8, 
252.1, 209.3, 280, 304, 202.1, 227.7, 214, 1, 1423, 2323, 997, 
526, 1, 533, 1, 6, 437, 3, 988, 1, 1, 6, 1, 1022, 1, 1174, 1151, 
5, 100, 100, 100, 100, 100, 100, 100, 100, 100, 100, 100, 2500, 
2500, 2500, 2500, 2500, 2500, 2500, 2500, 2500, 2500, 2500, 7569.765, 
7747.594, 7568.553, 8312.18700000001, 8507.254, 8959.91099999999, 
9515.423, 9825.413, 10428.317, 11194.978, 11733.53, 1, 1, 1, 
1, 1, 1, 1, 1, 1, 1, 1, 0.14286, 0.14286, 0.14286, 0.14286, 0.14286, 
0.14286, 0.14286, 0.14286, 0.14286, 0.14286, 0.14286, 0, 0, 0, 
0, 0, 0, 0, 0, 0, 0, 0, 0, 0, 0, 0, 0, 0, 0, 0, 0, 0, 0, 0.74112, 
0.73575, 0.7351, 0.73473, 0.7337, 0.72741, 0.72448, 0.72479, 
0.71721, 0.71305, 0.71843, 0.74112, 0.7314, 0.7351, 0.73818, 
0.7337, 0.72438, 0.72734, 0.72479, 0.71721, 0.71305, 0.71843, 
0.0207, 0.0232, 0.025, 0.0283, 0.0318, 0.035, 0.0388, 0.0426, 
0.0474, 0.0517, 0.0557, 114.6, 134.6, 141, 149.3, 163.3, 178, 
190.7, 202.1, 220.5, 233.9, 243.3, 1, 1, 1, 1, 1, 1, 1, 1, 1, 
1, 1, 1, 1, 1, 1, 1, 1, 1, 1, 1, 1, 1, 1, 1, 1, 1, 1, 1, 1, 1, 
1, 1, 1, 1, 1, 1, 1, 1, 1, 1, 1, 1, 1, 1, 2.664, 2.735, 2.644, 
2.777, 2.866, 2.884, 2.906, 2.879, 2.98, 2.951, 3.013), .Dim = c(11L, 
40L), .Dimnames = list(NULL, c("Sampling", "PSO.cost", "PSO.gamma", 
"PSO.data.balancing", "PSO.feature.selection", "PSO.valid.acc", 
"PSO.test.acc", "PSO.train.time", "PSO.n.support.vectors", "PSO.index", 
"PSO.n.solutions", "PSO.generations", "PSO.n.evaluations", "PSO.cpu.time", 
"RS.cost", "RS.gamma", "RS.data.balancing", "RS.feature.selection", 
"RS.valid.acc", "RS.test.acc", "RS.train.time", "RS.n.support.vectors", 
"RS.index", "RS.n.solutions", "RS.generations", "RS.n.evaluations", 
"RS.cpu.time", "DF.cost", "DF.gamma", "DF.data.balancing", "DF.feature.selection", 
"DF.valid.acc", "DF.test.acc", "DF.train.time", "DF.n.support.vectors", 
"DF.index", "DF.n.solutions", "DF.generations", "DF.n.evaluations", 
"DF.cpu.time")))
