full <-
structure(c(50, 55, 60, 65, 70, 75, 80, 85, 90, 95, 100, 7.40739, 
6.57046, 6.3097, 1.76427, 8.55793, 5.30628, 3.63953, 15, 9.87225, 
9.85513, 5.44909, -8.49988, -7.59788, -5.96343, -4.51266, -8.12204, 
-8.49648, -5.19023, -14.18072, -9.82085, -8.01351, -5.85847, 
0, 0, 0, 0, 0, 0, 0, 0, 0, 0, 0, 0, 0, 0, 0, 0, 0, 0, 0, 0, 0, 
0, 0.98379, 0.9835, 0.98002, 0.98205, 0.98425, 0.98227, 0.98459, 
0.98322, 0.98487, 0.9843, 0.98542, 0.98249, 0.98055, 0.97731, 
0.98106, 0.98194, 0.98054, 0.98176, 0.98207, 0.98379, 0.98225, 
0.98477, 0.0986, 0.1083, 0.1287, 0.1369, 0.155, 0.1563, 0.1692, 
0.233, 0.2313, 0.265, 0.2415, 62.4, 71.1, 77.5, 105.6, 84.3, 
100.4, 101.9, 101.2, 107.8, 102.4, 110.5, 95, 698, 289, 225, 
571, 516, 1431, 2269, 326, 577, 481, 486, 183, 75, 635, 145, 
68, 43, 190, 330, 231, 227, 100, 100, 100, 100, 100, 100, 100, 
100, 100, 100, 100, 2500, 2500, 2500, 2500, 2500, 2500, 2500, 
2500, 2500, 2500, 2500, 9501.53, 10403.494, 11150.026, 11201.093, 
11545.576, 12233.885, 12683.734, 16173.552, 16787.296, 16244.837, 
16629.937, 6.98977, 6.88781, 1.30578, 1.20488, 9.81588, 1.6326, 
7.09528, 13.73859, 8.22901, 5.16773, 5.72057, -8.24524, -7.76642, 
-6.12971, -4.59845, -8.73934, -3.99328, -8.61425, -13.16403, 
-6.96443, -5.60204, -5.99004, 0, 0, 0, 0, 0, 0, 0, 0, 0, 0, 0, 
0, 0, 0, 0, 0, 0, 0, 0, 0, 0, 0, 0.98379, 0.9835, 0.98001, 0.98155, 
0.98379, 0.9827, 0.98378, 0.98322, 0.98523, 0.98396, 0.98542, 
0.98249, 0.97937, 0.97947, 0.98106, 0.98148, 0.98097, 0.98297, 
0.98245, 0.98451, 0.98294, 0.98477, 0.0926, 0.1126, 0.1186, 0.1322, 
0.1628, 0.1762, 0.1722, 0.2151, 0.2287, 0.2264, 0.2503, 61.8, 
71.8, 95.8, 106.4, 84, 126.1, 97, 101.3, 100.1, 110.9, 109.7, 
726, 121, 2290, 256, 2422, 1690, 189, 371, 1195, 1790, 774, 8, 
9, 1, 8, 1, 1, 1, 2, 3, 5, 3, 100, 100, 100, 100, 100, 100, 100, 
100, 100, 100, 100, 2500, 2500, 2500, 2500, 2500, 2500, 2500, 
2500, 2500, 2500, 2500, 13197.57, 14453.751, 16038.029, 17011.256, 
18476.503, 19217.673, 21812.143, 26006.127, 26392.707, 27427.657, 
30455.764, 1, 1, 1, 1, 1, 1, 1, 1, 1, 1, 1, 0.04, 0.04, 0.04, 
0.04, 0.04, 0.04, 0.04, 0.04, 0.04, 0.04, 0.04, 0, 0, 0, 0, 0, 
0, 0, 0, 0, 0, 0, 0, 0, 0, 0, 0, 0, 0, 0, 0, 0, 0, 0.98055, 0.97938, 
0.97893, 0.98006, 0.97916, 0.97967, 0.97973, 0.98017, 0.97982, 
0.98021, 0.98121, 0.98055, 0.97819, 0.97731, 0.97956, 0.98101, 
0.98011, 0.97973, 0.97979, 0.97982, 0.97986, 0.98088, 0.099, 
0.1093, 0.124, 0.1372, 0.1582, 0.1747, 0.2044, 0.2197, 0.2373, 
0.2551, 0.2774, 85.3, 97.3, 108, 114.9, 122.7, 126.7, 133.9, 
143, 153.9, 156.6, 159.9, 1, 1, 1, 1, 1, 1, 1, 1, 1, 1, 1, 1, 
1, 1, 1, 1, 1, 1, 1, 1, 1, 1, 1, 1, 1, 1, 1, 1, 1, 1, 1, 1, 1, 
1, 1, 1, 1, 1, 1, 1, 1, 1, 1, 1, 4.066, 3.934, 4.149, 4.312, 
4.491, 4.737, 6.091, 6.236, 6.134, 6.292, 6.637), .Dim = c(11L, 
40L), .Dimnames = list(NULL, c("Sampling", "PSO.cost", "PSO.gamma", 
"PSO.data.balancing", "PSO.feature.selection", "PSO.valid.acc", 
"PSO.test.acc", "PSO.train.time", "PSO.n.support.vectors", "PSO.index", 
"PSO.n.solutions", "PSO.generations", "PSO.n.evaluations", "PSO.cpu.time", 
"RS.cost", "RS.gamma", "RS.data.balancing", "RS.feature.selection", 
"RS.valid.acc", "RS.test.acc", "RS.train.time", "RS.n.support.vectors", 
"RS.index", "RS.n.solutions", "RS.generations", "RS.n.evaluations", 
"RS.cpu.time", "DF.cost", "DF.gamma", "DF.data.balancing", "DF.feature.selection", 
"DF.valid.acc", "DF.test.acc", "DF.train.time", "DF.n.support.vectors", 
"DF.index", "DF.n.solutions", "DF.generations", "DF.n.evaluations", 
"DF.cpu.time")))
