full <-
structure(c(50, 55, 60, 65, 70, 75, 80, 85, 90, 95, 100, 7.93943, 
8.83688, 11.62945, 11.17281, 13.26944, 10.18308, 9.74175, 7.33951, 
9.04091, 5.3325, 12.02246, -8.42845, -11.18165, -9.05707, -12.4243, 
-10.11229, -8.5417, -6.86048, -6.91244, -6.32135, -5.56954, -11.495, 
0, 0, 0, 0, 0, 0, 0, 0, 0, 0, 0, 0, 0, 0, 0, 0, 0, 0, 0, 0, 0, 
0, 0.98057, 0.97999, 0.9838, 0.98254, 0.98564, 0.98747, 0.98663, 
0.98703, 0.98451, 0.986, 0.98445, 0.98186, 0.9788, 0.98164, 0.98204, 
0.98657, 0.98488, 0.98419, 0.98588, 0.98343, 0.986, 0.98347, 
0.09, 0.0987, 0.1337, 0.1259, 0.1829, 0.1598, 0.1807, 0.1816, 
0.2095, 0.2185, 0.2533, 60.4, 69.8, 65.3, 75.6, 70.8, 74.8, 77.4, 
86.9, 89.3, 106.4, 109.8, 1452, 2416, 2494, 9, 340, 1573, 195, 
505, 2474, 515, 2214, 6, 1, 1, 334, 63, 61, 192, 377, 1, 240, 
1, 100, 100, 100, 100, 100, 100, 100, 100, 100, 100, 100, 2500, 
2500, 2500, 2500, 2500, 2500, 2500, 2500, 2500, 2500, 2500, 9120.124, 
9238.916, 9598.76, 9754.29400000001, 10784.038, 11345.914, 11399.568, 
11347.018, 13007.677, 12189.433, 13733.001, 14.82271, 8.86412, 
9.79533, 13.62956, 13.38719, 10.29271, 14.17755, 7.32678, 12.52103, 
4.93163, 6.76328, -9.6428, -11.64238, -8.21567, -14.98602, -10.15425, 
-8.6328, -9.24223, -6.92405, -8.63917, -5.58253, -5.93873, 0, 
0, 0, 0, 0, 0, 0, 0, 0, 0, 0, 0, 0, 0, 0, 0, 0, 0, 0, 0, 0, 0, 
0.98055, 0.9794, 0.9838, 0.98254, 0.98564, 0.98747, 0.98663, 
0.98703, 0.98379, 0.98566, 0.98445, 0.97731, 0.97762, 0.98272, 
0.98154, 0.9861, 0.98531, 0.98378, 0.98588, 0.98271, 0.98566, 
0.98315, 0.169, 0.0939, 0.1208, 0.1277, 0.1879, 0.161, 0.2732, 
0.1812, 0.2797, 0.2159, 0.2366, 56.2, 69.9, 66, 76.2, 70.5, 74.8, 
75.5, 86.9, 87.8, 107.5, 108, 1518, 256, 513, 1256, 244, 1750, 
1584, 2213, 282, 1614, 110, 5, 20, 1, 5, 1, 1, 6, 6, 3, 2, 2, 
100, 100, 100, 100, 100, 100, 100, 100, 100, 100, 100, 2500, 
2500, 2500, 2500, 2500, 2500, 2500, 2500, 2500, 2500, 2500, 12591.795, 
13247.913, 15126.333, 15578.082, 16831.035, 18202.91, 19457.761, 
21049.138, 21785.436, 23400.84, 26281.129, 1, 1, 1, 1, 1, 1, 
1, 1, 1, 1, 1, 0.04, 0.04, 0.04, 0.04, 0.04, 0.04, 0.04, 0.04, 
0.04, 0.04, 0.04, 0, 0, 0, 0, 0, 0, 0, 0, 0, 0, 0, 0, 0, 0, 0, 
0, 0, 0, 0, 0, 0, 0, 0.97926, 0.97762, 0.98001, 0.98054, 0.98286, 
0.98401, 0.98419, 0.98322, 0.98162, 0.98293, 0.98088, 0.97731, 
0.9788, 0.97947, 0.97855, 0.9824, 0.98357, 0.9846, 0.9836, 0.98126, 
0.98327, 0.98217, 0.0976, 0.1058, 0.1182, 0.1394, 0.1474, 0.1626, 
0.1749, 0.1975, 0.2204, 0.2417, 0.265, 90.7, 96.9, 103.4, 109.7, 
115.3, 120.4, 126.2, 134.4, 143.5, 150.9, 159.7, 1, 1, 1, 1, 
1, 1, 1, 1, 1, 1, 1, 1, 1, 1, 1, 1, 1, 1, 1, 1, 1, 1, 1, 1, 1, 
1, 1, 1, 1, 1, 1, 1, 1, 1, 1, 1, 1, 1, 1, 1, 1, 1, 1, 1, 3.541, 
3.507, 3.65, 4.087, 4.048, 4.277, 4.242, 4.534, 4.825, 5.106, 
5.372), .Dim = c(11L, 40L), .Dimnames = list(NULL, c("Sampling", 
"PSO.cost", "PSO.gamma", "PSO.data.balancing", "PSO.feature.selection", 
"PSO.valid.acc", "PSO.test.acc", "PSO.train.time", "PSO.n.support.vectors", 
"PSO.index", "PSO.n.solutions", "PSO.generations", "PSO.n.evaluations", 
"PSO.cpu.time", "RS.cost", "RS.gamma", "RS.data.balancing", "RS.feature.selection", 
"RS.valid.acc", "RS.test.acc", "RS.train.time", "RS.n.support.vectors", 
"RS.index", "RS.n.solutions", "RS.generations", "RS.n.evaluations", 
"RS.cpu.time", "DF.cost", "DF.gamma", "DF.data.balancing", "DF.feature.selection", 
"DF.valid.acc", "DF.test.acc", "DF.train.time", "DF.n.support.vectors", 
"DF.index", "DF.n.solutions", "DF.generations", "DF.n.evaluations", 
"DF.cpu.time")))
