full <-
structure(c(50, 55, 60, 65, 70, 75, 80, 85, 90, 95, 100, 2.88919, 
2.54504, 4.79591, 11.84469, 4.81492, 6.59526, 14.62318, 13.62307, 
13.64218, 11.1005, 14.5364, -5.79289, -4.5272, -5.89404, -9.52193, 
-5.00341, -6.2001, -13.55725, -9.37648, -10.74394, -9.14776, 
-13.83363, 0, 0, 0, 0, 0, 0, 0, 0, 0, 0, 0, 0, 0, 0, 0, 0, 0, 
0, 0, 0, 0, 0, 0.98316, 0.98116, 0.9811, 0.98354, 0.98193, 0.98313, 
0.98379, 0.98588, 0.9845, 0.98565, 0.98444, 0.98057, 0.98116, 
0.98109, 0.97905, 0.9824, 0.9801, 0.98135, 0.98207, 0.98234, 
0.98258, 0.98379, 0.0934, 0.1202, 0.1305, 0.1798, 0.1574, 0.18, 
0.2008, 0.3577, 0.3307, 0.2859, 0.2987, 79.5, 97.4, 86, 84.5, 
94.2, 93.3, 94.5, 92.5, 103.2, 102.9, 111.2, 447, 1305, 205, 
9, 183, 735, 281, 321, 2122, 71, 191, 362, 95, 99, 254, 97, 213, 
657, 156, 3, 154, 935, 100, 100, 100, 100, 100, 100, 100, 100, 
100, 100, 100, 2500, 2500, 2500, 2500, 2500, 2500, 2500, 2500, 
2500, 2500, 2500, 10320.747, 10832.144, 11322.449, 12348.189, 
12199.755, 12661.889, 13142.361, 15625.393, 14445.344, 18516.96, 
19139.9190000001, 4.10267, 2.50843, 13.69253, 10.20407, 6.22803, 
7.03166, 14.28569, 13.78816, 14.18986, 11.89649, 5.65112, -5.97647, 
-4.48855, -12.89426, -8.70041, -5.59748, -6.60857, -13.17813, 
-9.47821, -10.89845, -9.53761, -6.7211, 0, 0, 0, 0, 0, 0, 0, 
0, 0, 0, 0, 0, 0, 0, 0, 0, 0, 0, 0, 0, 0, 0, 0.98251, 0.98116, 
0.9811, 0.98354, 0.98147, 0.98227, 0.98379, 0.98588, 0.9845, 
0.98565, 0.98444, 0.98121, 0.98116, 0.98056, 0.97905, 0.98147, 
0.98011, 0.98095, 0.98207, 0.98234, 0.98258, 0.98347, 0.0982, 
0.1197, 0.1459, 0.1613, 0.1603, 0.1826, 0.2158, 0.35, 0.3537, 
0.3034, 0.2464, 74, 97.5, 82.6, 84.8, 90.2, 93.1, 94.4, 92.6, 
102.7, 102.5, 112.9, 110, 1909, 857, 486, 456, 2311, 711, 2102, 
1773, 1799, 1678, 14, 1, 1, 10, 7, 1, 1, 1, 1, 1, 6, 100, 100, 
100, 100, 100, 100, 100, 100, 100, 100, 100, 2500, 2500, 2500, 
2500, 2500, 2500, 2500, 2500, 2500, 2500, 2500, 13974.585, 15468.385, 
16297.553, 17753.525, 18368.685, 20564.518, 21551.119, 22996.046, 
24723.86, 30298.341, 32638.304, 1, 1, 1, 1, 1, 1, 1, 1, 1, 1, 
1, 0.04, 0.04, 0.04, 0.04, 0.04, 0.04, 0.04, 0.04, 0.04, 0.04, 
0.04, 0, 0, 0, 0, 0, 0, 0, 0, 0, 0, 0, 0, 0, 0, 0, 0, 0, 0, 0, 
0, 0, 0, 0.98057, 0.97703, 0.97731, 0.97756, 0.97823, 0.97795, 
0.98095, 0.98092, 0.98054, 0.98121, 0.98152, 0.97992, 0.97763, 
0.97839, 0.97706, 0.97823, 0.97925, 0.97932, 0.98168, 0.98054, 
0.97951, 0.98087, 0.1085, 0.1254, 0.1407, 0.1556, 0.1747, 0.1947, 
0.2031, 0.214, 0.2488, 0.2642, 0.2782, 101.1, 112.5, 118.9, 127.2, 
129.8, 134.9, 138.6, 144.4, 154.2, 156.3, 160.4, 1, 1, 1, 1, 
1, 1, 1, 1, 1, 1, 1, 1, 1, 1, 1, 1, 1, 1, 1, 1, 1, 1, 1, 1, 1, 
1, 1, 1, 1, 1, 1, 1, 1, 1, 1, 1, 1, 1, 1, 1, 1, 1, 1, 1, 3.991, 
4.288, 4.55, 4.729, 4.976, 5.279, 5.38, 5.062, 5.971, 7.085, 
7.214), .Dim = c(11L, 40L), .Dimnames = list(NULL, c("Sampling", 
"PSO.cost", "PSO.gamma", "PSO.data.balancing", "PSO.feature.selection", 
"PSO.valid.acc", "PSO.test.acc", "PSO.train.time", "PSO.n.support.vectors", 
"PSO.index", "PSO.n.solutions", "PSO.generations", "PSO.n.evaluations", 
"PSO.cpu.time", "RS.cost", "RS.gamma", "RS.data.balancing", "RS.feature.selection", 
"RS.valid.acc", "RS.test.acc", "RS.train.time", "RS.n.support.vectors", 
"RS.index", "RS.n.solutions", "RS.generations", "RS.n.evaluations", 
"RS.cpu.time", "DF.cost", "DF.gamma", "DF.data.balancing", "DF.feature.selection", 
"DF.valid.acc", "DF.test.acc", "DF.train.time", "DF.n.support.vectors", 
"DF.index", "DF.n.solutions", "DF.generations", "DF.n.evaluations", 
"DF.cpu.time")))
