full <-
structure(c(50, 55, 60, 65, 70, 75, 80, 85, 90, 95, 100, 14.9611, 
10.90808, 5.59412, 8.94684, 7.14926, 7.47737, 5.27359, 6.0174, 
9.13027, 7.12024, 8.93541, -13.86041, -12.5651, -6.22633, -9.10555, 
-8.2713, -8.637, -6.36496, -7.08104, -9.246, -7.97104, -8.63057, 
0, 0, 0, 0, 0, 0, 0, 0, 0, 0, 0, 0, 0, 0, 0, 0, 0, 0, 0, 0, 0, 
0, 0.98769, 0.9847, 0.98597, 0.98653, 0.9861, 0.98443, 0.98542, 
0.98626, 0.98703, 0.98669, 0.98477, 0.98705, 0.98469, 0.98596, 
0.98453, 0.98286, 0.98356, 0.98379, 0.9832, 0.98523, 0.986, 0.98412, 
0.0993, 0.0995, 0.1144, 0.1363, 0.147, 0.1684, 0.179, 0.1861, 
0.2189, 0.2136, 0.261, 47.8, 58.3, 64.9, 67.1, 77.6, 87.9, 92.5, 
95.6, 96, 98, 107.8, 149, 196, 462, 1170, 48, 64, 394, 731, 186, 
321, 259, 163, 363, 285, 151, 402, 258, 77, 373, 336, 152, 185, 
100, 100, 100, 100, 100, 100, 100, 100, 100, 100, 100, 2500, 
2500, 2500, 2500, 2500, 2500, 2500, 2500, 2500, 2500, 2500, 10772.067, 
10978.24, 11221.302, 11780.401, 12170.686, 13046.988, 13158.944, 
12867.335, 13451.646, 13365.54, 15741.464, 9.48287, 2.15796, 
3.59042, 8.5817, 10.75133, 8.17197, 6.12444, 6.30886, 9.29523, 
6.99573, 8.64697, -12.31784, -2.12702, -6.09193, -8.87688, -10.15907, 
-9.09675, -6.80109, -7.02087, -9.18038, -7.87945, -8.3455, 0, 
0, 0, 0, 0, 0, 0, 0, 0, 0, 0, 0, 0, 0, 0, 0, 0, 0, 0, 0, 0, 0, 
0.98705, 0.98587, 0.98597, 0.98653, 0.9861, 0.98443, 0.98542, 
0.98626, 0.98703, 0.98634, 0.98477, 0.98576, 0.98352, 0.98489, 
0.98404, 0.98332, 0.984, 0.9846, 0.98358, 0.98523, 0.98566, 0.9838, 
0.0855, 0.1815, 0.1099, 0.1341, 0.157, 0.1635, 0.1746, 0.1935, 
0.2108, 0.2109, 0.2759, 55, 183.8, 71.1, 67, 76.9, 87.3, 89.7, 
93.2, 95.2, 97.8, 107.4, 174, 166, 1289, 1658, 897, 1601, 386, 
512, 1065, 834, 108, 4, 1, 2, 1, 17, 13, 2, 3, 3, 3, 1, 100, 
100, 100, 100, 100, 100, 100, 100, 100, 100, 100, 2500, 2500, 
2500, 2500, 2500, 2500, 2500, 2500, 2500, 2500, 2500, 14515.623, 
15033.716, 16717.023, 18161.466, 19005.067, 20689.837, 21360.714, 
23581.095, 24053.297, 25027.57, 29596.629, 1, 1, 1, 1, 1, 1, 
1, 1, 1, 1, 1, 0.04, 0.04, 0.04, 0.04, 0.04, 0.04, 0.04, 0.04, 
0.04, 0.04, 0.04, 0, 0, 0, 0, 0, 0, 0, 0, 0, 0, 0, 0, 0, 0, 0, 
0, 0, 0, 0, 0, 0, 0, 0.98252, 0.98293, 0.98272, 0.98404, 0.98286, 
0.9814, 0.98217, 0.98168, 0.98162, 0.98327, 0.9825, 0.98252, 
0.98174, 0.98273, 0.98355, 0.98194, 0.9814, 0.98136, 0.98206, 
0.98198, 0.98259, 0.9825, 0.096, 0.1086, 0.125, 0.1386, 0.1538, 
0.176, 0.1892, 0.2171, 0.2187, 0.2421, 0.2759, 81.9, 90, 98.6, 
104.6, 116.1, 125.9, 132.9, 141.1, 141.7, 148.5, 159.2, 1, 1, 
1, 1, 1, 1, 1, 1, 1, 1, 1, 1, 1, 1, 1, 1, 1, 1, 1, 1, 1, 1, 1, 
1, 1, 1, 1, 1, 1, 1, 1, 1, 1, 1, 1, 1, 1, 1, 1, 1, 1, 1, 1, 1, 
4.428, 4.491, 4.621, 4.792, 4.795, 4.947, 4.994, 5.41, 5.17, 
5.314, 6.227), .Dim = c(11L, 40L), .Dimnames = list(NULL, c("Sampling", 
"PSO.cost", "PSO.gamma", "PSO.data.balancing", "PSO.feature.selection", 
"PSO.valid.acc", "PSO.test.acc", "PSO.train.time", "PSO.n.support.vectors", 
"PSO.index", "PSO.n.solutions", "PSO.generations", "PSO.n.evaluations", 
"PSO.cpu.time", "RS.cost", "RS.gamma", "RS.data.balancing", "RS.feature.selection", 
"RS.valid.acc", "RS.test.acc", "RS.train.time", "RS.n.support.vectors", 
"RS.index", "RS.n.solutions", "RS.generations", "RS.n.evaluations", 
"RS.cpu.time", "DF.cost", "DF.gamma", "DF.data.balancing", "DF.feature.selection", 
"DF.valid.acc", "DF.test.acc", "DF.train.time", "DF.n.support.vectors", 
"DF.index", "DF.n.solutions", "DF.generations", "DF.n.evaluations", 
"DF.cpu.time")))
