full <-
structure(c(50, 55, 60, 65, 70, 75, 80, 85, 90, 95, 100, 7.19511, 
6.75168, 6.78464, 11.16246, 15, 10.19153, 4.18095, 12.04302, 
9.46201, 13.56645, 6.18915, -7.49204, -5.78651, -5.51304, -10.93529, 
-10.45425, -8.82631, -5.63367, -7.93849, -9.88404, -11.51337, 
-5.77705, 0, 0, 0, 0, 0, 0, 0, 0, 0, 0, 0, 0, 0, 0, 0, 0, 0, 
0, 0, 0, 0, 0, 0.98575, 0.98645, 0.98649, 0.98553, 0.98611, 0.9866, 
0.9854, 0.98665, 0.98487, 0.98498, 0.98543, 0.98315, 0.98468, 
0.98487, 0.98403, 0.98611, 0.98444, 0.98377, 0.98207, 0.98271, 
0.98327, 0.98348, 0.0627, 0.0714, 0.0808, 0.0957, 0.1633, 0.1228, 
0.1202, 0.1933, 0.1547, 0.2124, 0.1786, 54.2, 57.1, 60.4, 66.6, 
62.4, 80, 94, 83.2, 100.1, 100.5, 110.3, 234, 497, 661, 213, 
153, 834, 2344, 494, 115, 469, 71, 451, 133, 154, 147, 393, 51, 
1, 271, 39, 161, 353, 100, 100, 100, 100, 100, 100, 100, 100, 
100, 100, 100, 2500, 2500, 2500, 2500, 2500, 2500, 2500, 2500, 
2500, 2500, 2500, 9975.568, 10365.481, 11010.981, 11136.852, 
12008.603, 11958.132, 12228.645, 13169.834, 12430.891, 14455.086, 
13171.711, 7.50811, 6.59923, 6.49851, 10.44628, 14.47153, 10.46051, 
5.26118, 13.70933, 4.45247, 13.65892, 5.13739, -7.63634, -5.56619, 
-5.35051, -10.59858, -10.19257, -9.35207, -5.08139, -8.76393, 
-4.88102, -11.51094, -5.49176, 0, 0, 0, 0, 0, 0, 0, 0, 0, 0, 
0, 0, 0, 0, 0, 0, 0, 0, 0, 0, 0, 0, 0.98575, 0.98586, 0.98595, 
0.98553, 0.98611, 0.98617, 0.985, 0.98626, 0.98487, 0.98498, 
0.9851, 0.9838, 0.98468, 0.98487, 0.98403, 0.98611, 0.98401, 
0.98216, 0.98092, 0.98271, 0.98327, 0.98348, 0.0629, 0.0704, 
0.0802, 0.0931, 0.1523, 0.125, 0.1237, 0.2468, 0.1474, 0.2163, 
0.1776, 53.9, 57.7, 60.9, 68.1, 62, 83.3, 88.5, 82, 104.6, 100.6, 
113.2, 512, 1996, 1206, 1306, 1952, 2427, 1354, 2017, 912, 114, 
246, 1, 9, 4, 4, 1, 17, 7, 1, 1, 3, 8, 100, 100, 100, 100, 100, 
100, 100, 100, 100, 100, 100, 2500, 2500, 2500, 2500, 2500, 2500, 
2500, 2500, 2500, 2500, 2500, 12544.793, 13300.536, 14484.908, 
15347.062, 16106.684, 17434.79, 18179.839, 19788.103, 20570.312, 
21303.0330000001, 24119.021, 1, 1, 1, 1, 1, 1, 1, 1, 1, 1, 1, 
0.04, 0.04, 0.04, 0.04, 0.04, 0.04, 0.04, 0.04, 0.04, 0.04, 0.04, 
0, 0, 0, 0, 0, 0, 0, 0, 0, 0, 0, 0, 0, 0, 0, 0, 0, 0, 0, 0, 0, 
0, 0.98056, 0.98172, 0.98109, 0.98105, 0.98334, 0.98271, 0.98215, 
0.98169, 0.98235, 0.98259, 0.98186, 0.98056, 0.98113, 0.98109, 
0.98105, 0.98334, 0.98357, 0.98256, 0.98207, 0.98235, 0.98293, 
0.98089, 0.0694, 0.0803, 0.0936, 0.1029, 0.116, 0.129, 0.1427, 
0.1577, 0.1722, 0.1856, 0.2044, 89.9, 99.4, 105.2, 113.1, 118.2, 
127.6, 131.7, 139.3, 145.5, 151, 160, 1, 1, 1, 1, 1, 1, 1, 1, 
1, 1, 1, 1, 1, 1, 1, 1, 1, 1, 1, 1, 1, 1, 1, 1, 1, 1, 1, 1, 1, 
1, 1, 1, 1, 1, 1, 1, 1, 1, 1, 1, 1, 1, 1, 1, 3.965, 4.001, 4.314, 
4.229, 4.567, 4.546, 4.875, 4.963, 5.084, 5.18, 5.437), .Dim = c(11L, 
40L), .Dimnames = list(NULL, c("Sampling", "PSO.cost", "PSO.gamma", 
"PSO.data.balancing", "PSO.feature.selection", "PSO.valid.acc", 
"PSO.test.acc", "PSO.train.time", "PSO.n.support.vectors", "PSO.index", 
"PSO.n.solutions", "PSO.generations", "PSO.n.evaluations", "PSO.cpu.time", 
"RS.cost", "RS.gamma", "RS.data.balancing", "RS.feature.selection", 
"RS.valid.acc", "RS.test.acc", "RS.train.time", "RS.n.support.vectors", 
"RS.index", "RS.n.solutions", "RS.generations", "RS.n.evaluations", 
"RS.cpu.time", "DF.cost", "DF.gamma", "DF.data.balancing", "DF.feature.selection", 
"DF.valid.acc", "DF.test.acc", "DF.train.time", "DF.n.support.vectors", 
"DF.index", "DF.n.solutions", "DF.generations", "DF.n.evaluations", 
"DF.cpu.time")))
