full <-
structure(c(50, 55, 60, 65, 70, 75, 80, 85, 90, 95, 100, 6.6668, 
8.94392, 9.10376, 5.98878, 6.77154, 2.94619, 2.79123, 6.3761, 
4.48685, 4.06453, 5.89968, -6.5838, -9.92185, -8.23117, -6.69247, 
-6.40622, -5.24025, -4.79853, -8.00642, -5.64231, -3.6435, -6.6279, 
0, 0, 0, 0, 0, 0, 0, 0, 0, 0, 0, 0, 0, 0, 0, 0, 0, 0, 0, 0, 0, 
0, 0.98835, 0.98822, 0.98757, 0.98853, 0.9875, 0.98703, 0.98542, 
0.98397, 0.98631, 0.98669, 0.98639, 0.98705, 0.98764, 0.98757, 
0.98604, 0.98565, 0.9853, 0.98379, 0.98169, 0.98595, 0.98362, 
0.98542, 0.0866, 0.1053, 0.1168, 0.1265, 0.14, 0.1574, 0.1807, 
0.1876, 0.2048, 0.2554, 0.2374, 52, 57, 59.2, 73.3, 72.4, 99.8, 
114.7, 101.2, 105.2, 137.7, 110, 267, 72, 130, 1419, 172, 420, 
704, 715, 661, 1108, 516, 515, 709, 187, 33, 129, 208, 14, 108, 
463, 167, 159, 100, 100, 100, 100, 100, 100, 100, 100, 100, 100, 
100, 2500, 2500, 2500, 2500, 2500, 2500, 2500, 2500, 2500, 2500, 
2500, 9889.025, 10060.855, 10178.473, 10811.691, 10924.537, 12047.164, 
13318.607, 12879.516, 12800.298, 14141.277, 15013.139, 6.84478, 
12.03323, 6.54311, 6.51868, 9.2267, 2.94887, 8.99209, 14.60159, 
4.60308, 4.37063, 6.45375, -6.66094, -12.98832, -6.38933, -7.11568, 
-7.27303, -5.24254, -9.39364, -10.89621, -5.53727, -3.79849, 
-6.8816, 0, 0, 0, 0, 0, 0, 0, 0, 0, 0, 0, 0, 0, 0, 0, 0, 0, 0, 
0, 0, 0, 0, 0.98835, 0.98822, 0.98757, 0.98753, 0.98657, 0.98703, 
0.98461, 0.98397, 0.98559, 0.98669, 0.98607, 0.98705, 0.98704, 
0.98865, 0.98504, 0.98611, 0.9853, 0.98339, 0.98054, 0.98559, 
0.98362, 0.98542, 0.0905, 0.0976, 0.1155, 0.1309, 0.1472, 0.1521, 
0.1785, 0.3428, 0.1998, 0.2421, 0.2243, 52, 57.6, 61.1, 73.4, 
68.7, 100, 96.8, 91.9, 104.9, 128.6, 109.1, 805, 1547, 69, 1286, 
1746, 2448, 428, 252, 369, 1083, 1585, 1, 25, 8, 1, 6, 1, 21, 
2, 3, 1, 1, 100, 100, 100, 100, 100, 100, 100, 100, 100, 100, 
100, 2500, 2500, 2500, 2500, 2500, 2500, 2500, 2500, 2500, 2500, 
2500, 13571.598, 14704.102, 15439.27, 16211.08, 18250.965, 19492.517, 
21791.245, 22033.891, 22893.434, 24655.688, 27083.176, 1, 1, 
1, 1, 1, 1, 1, 1, 1, 1, 1, 0.04, 0.04, 0.04, 0.04, 0.04, 0.04, 
0.04, 0.04, 0.04, 0.04, 0.04, 0, 0, 0, 0, 0, 0, 0, 0, 0, 0, 0, 
0, 0, 0, 0, 0, 0, 0, 0, 0, 0, 0, 0.98185, 0.98351, 0.98271, 0.98205, 
0.98194, 0.98184, 0.98096, 0.98169, 0.98126, 0.98157, 0.98153, 
0.9838, 0.9841, 0.98379, 0.98255, 0.9824, 0.98098, 0.98055, 0.98169, 
0.9809, 0.98123, 0.98185, 0.0994, 0.106, 0.1239, 0.1409, 0.1547, 
0.1774, 0.196, 0.2097, 0.2277, 0.2471, 0.2675, 86.2, 93, 101.7, 
114.8, 120.7, 131.2, 139.5, 142.9, 147.9, 153.9, 160.2, 1, 1, 
1, 1, 1, 1, 1, 1, 1, 1, 1, 1, 1, 1, 1, 1, 1, 1, 1, 1, 1, 1, 1, 
1, 1, 1, 1, 1, 1, 1, 1, 1, 1, 1, 1, 1, 1, 1, 1, 1, 1, 1, 1, 1, 
3.93, 3.952, 4.121, 4.264, 4.615, 4.906, 5.08, 5.087, 5.149, 
5.312, 5.558), .Dim = c(11L, 40L), .Dimnames = list(NULL, c("Sampling", 
"PSO.cost", "PSO.gamma", "PSO.data.balancing", "PSO.feature.selection", 
"PSO.valid.acc", "PSO.test.acc", "PSO.train.time", "PSO.n.support.vectors", 
"PSO.index", "PSO.n.solutions", "PSO.generations", "PSO.n.evaluations", 
"PSO.cpu.time", "RS.cost", "RS.gamma", "RS.data.balancing", "RS.feature.selection", 
"RS.valid.acc", "RS.test.acc", "RS.train.time", "RS.n.support.vectors", 
"RS.index", "RS.n.solutions", "RS.generations", "RS.n.evaluations", 
"RS.cpu.time", "DF.cost", "DF.gamma", "DF.data.balancing", "DF.feature.selection", 
"DF.valid.acc", "DF.test.acc", "DF.train.time", "DF.n.support.vectors", 
"DF.index", "DF.n.solutions", "DF.generations", "DF.n.evaluations", 
"DF.cpu.time")))
