full <-
structure(c(50, 55, 60, 65, 70, 75, 80, 85, 90, 95, 100, 12.43992, 
10.47321, 11.97578, 4.91518, 10.68318, 14.08068, 5.03855, 9.87052, 
4.46008, 4.25911, 9.02017, -8.29036, -11.50684, -9.9096, -3.93569, 
-9.37139, -8.97167, -5.96655, -7.84192, -6.20269, -4.83787, -9.38978, 
0, 0, 0, 0, 0, 0, 0, 0, 0, 0, 0, 0, 0, 0, 0, 0, 0, 0, 0, 0, 0, 
0, 0.98183, 0.98172, 0.98271, 0.98405, 0.98472, 0.98443, 0.98581, 
0.98436, 0.98379, 0.98463, 0.98509, 0.97601, 0.97819, 0.98164, 
0.97906, 0.9824, 0.98184, 0.98419, 0.98321, 0.98162, 0.98293, 
0.98509, 0.1259, 0.1176, 0.1516, 0.1492, 0.1629, 0.3127, 0.1742, 
0.2187, 0.2059, 0.2392, 0.2543, 57.3, 75, 74.2, 96.1, 79.7, 80.8, 
94.9, 91.2, 107.5, 117.4, 111.9, 2098, 22, 356, 235, 2017, 941, 
96, 339, 283, 571, 145, 1, 447, 309, 161, 5, 220, 552, 469, 37, 
204, 270, 100, 100, 100, 100, 100, 100, 100, 100, 100, 100, 100, 
2500, 2500, 2500, 2500, 2500, 2500, 2500, 2500, 2500, 2500, 2500, 
9942.42, 10295.099, 11436.02, 11351.732, 11772.182, 14936.817, 
12078.959, 15223.239, 16043.277, 18578.918, 16651.292, 11.98863, 
9.77599, 11.62408, 5.98699, 9.00696, 13.77824, 3.50471, 9.6942, 
3.95176, 4.55336, 6.73261, -8.19775, -11.47019, -9.85076, -5.54074, 
-8.24117, -8.78785, -5.26276, -7.66259, -5.05907, -5.08332, -8.8687, 
0, 0, 0, 0, 0, 0, 0, 0, 0, 0, 0, 0, 0, 0, 0, 0, 0, 0, 0, 0, 0, 
0, 0.98183, 0.98172, 0.98218, 0.98405, 0.98425, 0.984, 0.98581, 
0.98436, 0.98379, 0.98463, 0.98509, 0.97601, 0.97877, 0.98109, 
0.98055, 0.98379, 0.98184, 0.98379, 0.98283, 0.98271, 0.98327, 
0.98347, 0.123, 0.1144, 0.1494, 0.1378, 0.1549, 0.2817, 0.172, 
0.2184, 0.2124, 0.2423, 0.2431, 57.1, 76.3, 75.3, 80.4, 79.7, 
81, 105.4, 91.6, 112.3, 113.2, 118.2, 1050, 252, 1469, 1898, 
223, 655, 37, 26, 650, 898, 193, 1, 13, 1, 1, 5, 4, 2, 1, 1, 
1, 2, 100, 100, 100, 100, 100, 100, 100, 100, 100, 100, 100, 
2500, 2500, 2500, 2500, 2500, 2500, 2500, 2500, 2500, 2500, 2500, 
13611.835, 14672.457, 15965.514, 17060.423, 18410.323, 19426.723, 
21085.234, 24747.899, 25872.452, 28151.165, 30129.781, 1, 1, 
1, 1, 1, 1, 1, 1, 1, 1, 1, 0.04, 0.04, 0.04, 0.04, 0.04, 0.04, 
0.04, 0.04, 0.04, 0.04, 0.04, 0, 0, 0, 0, 0, 0, 0, 0, 0, 0, 0, 
0, 0, 0, 0, 0, 0, 0, 0, 0, 0, 0, 0.97538, 0.97583, 0.97785, 0.97906, 
0.97776, 0.97967, 0.98135, 0.97864, 0.98091, 0.98122, 0.98153, 
0.97603, 0.97642, 0.97731, 0.97806, 0.97915, 0.97967, 0.98135, 
0.97902, 0.98127, 0.98122, 0.98153, 0.1039, 0.1151, 0.1356, 0.1487, 
0.1669, 0.1729, 0.1984, 0.2191, 0.2308, 0.2492, 0.2635, 93.8, 
102.3, 112.7, 118.9, 125.6, 131, 135.2, 141.9, 147.2, 152.8, 
159.2, 1, 1, 1, 1, 1, 1, 1, 1, 1, 1, 1, 1, 1, 1, 1, 1, 1, 1, 
1, 1, 1, 1, 1, 1, 1, 1, 1, 1, 1, 1, 1, 1, 1, 1, 1, 1, 1, 1, 1, 
1, 1, 1, 1, 1, 3.934, 4.017, 4.296, 4.429, 4.776, 4.852, 5.884, 
5.908, 6.087, 6.352, 6.567), .Dim = c(11L, 40L), .Dimnames = list(
    NULL, c("Sampling", "PSO.cost", "PSO.gamma", "PSO.data.balancing", 
    "PSO.feature.selection", "PSO.valid.acc", "PSO.test.acc", 
    "PSO.train.time", "PSO.n.support.vectors", "PSO.index", "PSO.n.solutions", 
    "PSO.generations", "PSO.n.evaluations", "PSO.cpu.time", "RS.cost", 
    "RS.gamma", "RS.data.balancing", "RS.feature.selection", 
    "RS.valid.acc", "RS.test.acc", "RS.train.time", "RS.n.support.vectors", 
    "RS.index", "RS.n.solutions", "RS.generations", "RS.n.evaluations", 
    "RS.cpu.time", "DF.cost", "DF.gamma", "DF.data.balancing", 
    "DF.feature.selection", "DF.valid.acc", "DF.test.acc", "DF.train.time", 
    "DF.n.support.vectors", "DF.index", "DF.n.solutions", "DF.generations", 
    "DF.n.evaluations", "DF.cpu.time")))
