full <-
structure(c(50, 55, 60, 65, 70, 75, 80, 85, 90, 95, 100, 5.41978, 
6.70233, 14.59202, 11.12102, 14.88621, 6.74114, 3.09266, 12.62355, 
6.81492, 9.99649, 3.9474, -6.79028, -4.65925, -13.95287, -10.30791, 
-15, -7.80059, -5.97342, -14.21362, -6.27921, -8.07013, -5.55851, 
0, 0, 0, 0, 0, 0, 0, 0, 0, 0, 0, 0, 0, 0, 0, 0, 0, 0, 0, 0, 0, 
0, 0.98575, 0.98645, 0.98539, 0.98454, 0.9861, 0.98573, 0.98622, 
0.98626, 0.98558, 0.98634, 0.98444, 0.98381, 0.98528, 0.98594, 
0.98403, 0.9861, 0.984, 0.985, 0.98398, 0.98378, 0.98601, 0.98379, 
0.0846, 0.1018, 0.1275, 0.1424, 0.147, 0.154, 0.1635, 0.1943, 
0.2143, 0.2543, 0.2278, 57.6, 58, 64.5, 67.5, 72.3, 82.4, 99.5, 
94.7, 96.6, 99, 117.3, 789, 914, 251, 432, 102, 789, 1118, 174, 
215, 758, 1496, 72, 140, 762, 82, 497, 161, 210, 112, 399, 53, 
7, 100, 100, 100, 100, 100, 100, 100, 100, 100, 100, 100, 2500, 
2500, 2500, 2500, 2500, 2500, 2500, 2500, 2500, 2500, 2500, 10109.239, 
10710.601, 10619.536, 11629.059, 11634.356, 11601.651, 14958.523, 
15003.265, 15353.013, 15751.924, 17138.429, 5.31536, 6.4604, 
11.38422, 10.81631, 13.64037, 7.15197, 3.57575, 14.47277, 6.55473, 
9.59254, 3.80011, -6.95823, -4.57091, -12.716, -10.0783, -13.45184, 
-8.0564, -6.51168, -14.55251, -6.46769, -7.95897, -5.46329, 0, 
0, 0, 0, 0, 0, 0, 0, 0, 0, 0, 0, 0, 0, 0, 0, 0, 0, 0, 0, 0, 0, 
0.9851, 0.98586, 0.98539, 0.98454, 0.9861, 0.98573, 0.98581, 
0.98589, 0.98522, 0.986, 0.98444, 0.98381, 0.98528, 0.98432, 
0.98403, 0.98425, 0.984, 0.985, 0.98551, 0.98306, 0.98567, 0.98412, 
0.0862, 0.1027, 0.119, 0.1404, 0.1578, 0.157, 0.1681, 0.1935, 
0.2043, 0.2455, 0.2392, 57.8, 59.1, 69, 68.5, 71.8, 81.7, 96.6, 
89.1, 96.4, 99.2, 118.5, 367, 180, 138, 1471, 476, 1259, 2496, 
19, 213, 1845, 382, 8, 8, 18, 3, 3, 1, 11, 1, 4, 3, 1, 100, 100, 
100, 100, 100, 100, 100, 100, 100, 100, 100, 2500, 2500, 2500, 
2500, 2500, 2500, 2500, 2500, 2500, 2500, 2500, 13124.887, 14302.07, 
16262.431, 17216.644, 18222.15, 20998.122, 23890.14, 24545.664, 
25465.552, 27332.12, 30156.683, 1, 1, 1, 1, 1, 1, 1, 1, 1, 1, 
1, 0.04, 0.04, 0.04, 0.04, 0.04, 0.04, 0.04, 0.04, 0.04, 0.04, 
0.04, 0, 0, 0, 0, 0, 0, 0, 0, 0, 0, 0, 0, 0, 0, 0, 0, 0, 0, 0, 
0, 0, 0, 0.98122, 0.98351, 0.98052, 0.98304, 0.98472, 0.98357, 
0.98459, 0.98207, 0.98234, 0.98123, 0.98088, 0.98251, 0.98351, 
0.97999, 0.98154, 0.9824, 0.98486, 0.98297, 0.98245, 0.9827, 
0.98123, 0.98088, 0.0967, 0.108, 0.1292, 0.1433, 0.1539, 0.1739, 
0.1944, 0.2142, 0.2153, 0.2443, 0.2664, 90.3, 95.7, 106.1, 112.1, 
119.2, 125.1, 131.6, 139.3, 145.4, 153.1, 159.7, 1, 1, 1, 1, 
1, 1, 1, 1, 1, 1, 1, 1, 1, 1, 1, 1, 1, 1, 1, 1, 1, 1, 1, 1, 1, 
1, 1, 1, 1, 1, 1, 1, 1, 1, 1, 1, 1, 1, 1, 1, 1, 1, 1, 1, 3.997, 
4.09, 4.514, 4.603, 4.382, 5.53, 5.812, 6.024, 5.986, 6.325, 
6.557), .Dim = c(11L, 40L), .Dimnames = list(NULL, c("Sampling", 
"PSO.cost", "PSO.gamma", "PSO.data.balancing", "PSO.feature.selection", 
"PSO.valid.acc", "PSO.test.acc", "PSO.train.time", "PSO.n.support.vectors", 
"PSO.index", "PSO.n.solutions", "PSO.generations", "PSO.n.evaluations", 
"PSO.cpu.time", "RS.cost", "RS.gamma", "RS.data.balancing", "RS.feature.selection", 
"RS.valid.acc", "RS.test.acc", "RS.train.time", "RS.n.support.vectors", 
"RS.index", "RS.n.solutions", "RS.generations", "RS.n.evaluations", 
"RS.cpu.time", "DF.cost", "DF.gamma", "DF.data.balancing", "DF.feature.selection", 
"DF.valid.acc", "DF.test.acc", "DF.train.time", "DF.n.support.vectors", 
"DF.index", "DF.n.solutions", "DF.generations", "DF.n.evaluations", 
"DF.cpu.time")))
