full <-
structure(c(50, 55, 60, 65, 70, 75, 80, 85, 90, 95, 100, 11.19857, 
3.02172, 7.21885, 7.05665, 3.14466, 10.73326, 7.79835, 15, 10.77421, 
5.33482, 11.52988, -12.02958, -5.80292, -5.87257, -7.35888, -4.18657, 
-9.57643, -7.83089, -14.08143, -10.38325, -6.63192, -8.32619, 
0, 0, 0, 0, 0, 0, 0, 0, 0, 0, 0, 0, 0, 0, 0, 0, 0, 0, 0, 0, 0, 
0, 0.9851, 0.98587, 0.98651, 0.98703, 0.98565, 0.98617, 0.98621, 
0.98589, 0.98523, 0.98634, 0.9851, 0.98381, 0.98468, 0.98705, 
0.98354, 0.98379, 0.984, 0.9854, 0.9836, 0.98451, 0.98259, 0.98282, 
0.091, 0.0911, 0.1142, 0.1304, 0.1579, 0.1682, 0.1713, 0.215, 
0.221, 0.2201, 0.3176, 56, 67.5, 61.8, 69.7, 102.2, 77.3, 82.1, 
91.5, 98.8, 109.1, 101.3, 469, 316, 330, 140, 676, 1236, 165, 
102, 397, 1685, 730, 131, 339, 444, 359, 62, 192, 648, 958, 33, 
3, 347, 100, 100, 100, 100, 100, 100, 100, 100, 100, 100, 100, 
2500, 2500, 2500, 2500, 2500, 2500, 2500, 2500, 2500, 2500, 2500, 
9779.739, 9926.751, 10718.365, 11200.953, 12139.146, 12036.976, 
12416.585, 13506.328, 14464.859, 14033.619, 16953.897, 2.55363, 
3.34717, 8.39531, 7.66874, 3.90381, 10.30509, 4.83627, 14.82389, 
6.10313, 7.17152, 10.48936, -4.7923, -6.38601, -6.28186, -7.72408, 
-4.47207, -9.54241, -6.22436, -14.02187, -7.22077, -7.43126, 
-7.87773, 0, 0, 0, 0, 0, 0, 0, 0, 0, 0, 0, 0, 0, 0, 0, 0, 0, 
0, 0, 0, 0, 0, 0.98509, 0.98528, 0.98651, 0.98703, 0.98519, 0.98574, 
0.98662, 0.98589, 0.98523, 0.986, 0.9851, 0.9825, 0.98469, 0.98435, 
0.98304, 0.98518, 0.98444, 0.98337, 0.98322, 0.98379, 0.98327, 
0.98379, 0.0872, 0.089, 0.1235, 0.1353, 0.148, 0.166, 0.1549, 
0.2147, 0.1994, 0.2299, 0.2862, 71.8, 65.1, 60.4, 69.2, 94.1, 
77.6, 86.3, 91.7, 100.1, 104.8, 102.4, 810, 53, 1376, 358, 88, 
497, 2336, 441, 352, 2, 1079, 1, 8, 2, 1, 7, 6, 1, 1, 5, 10, 
1, 100, 100, 100, 100, 100, 100, 100, 100, 100, 100, 100, 2500, 
2500, 2500, 2500, 2500, 2500, 2500, 2500, 2500, 2500, 2500, 13410.543, 
14146.657, 15399.692, 16695.995, 17465.723, 19862.42, 21077.947, 
22670.464, 24343.926, 26586.188, 27329.243, 1, 1, 1, 1, 1, 1, 
1, 1, 1, 1, 1, 0.04, 0.04, 0.04, 0.04, 0.04, 0.04, 0.04, 0.04, 
0.04, 0.04, 0.04, 0, 0, 0, 0, 0, 0, 0, 0, 0, 0, 0, 0, 0, 0, 0, 
0, 0, 0, 0, 0, 0, 0, 0.98315, 0.9835, 0.98489, 0.98303, 0.98194, 
0.9853, 0.98378, 0.98436, 0.98162, 0.9819, 0.98152, 0.98251, 
0.98291, 0.98326, 0.98353, 0.98425, 0.98401, 0.98378, 0.98512, 
0.98307, 0.98225, 0.98153, 0.0944, 0.1057, 0.1179, 0.1413, 0.144, 
0.1657, 0.179, 0.2091, 0.2231, 0.2436, 0.264, 86.3, 92.6, 100.1, 
109.1, 114.7, 122.7, 127.1, 137.2, 145.2, 151.4, 160.1, 1, 1, 
1, 1, 1, 1, 1, 1, 1, 1, 1, 1, 1, 1, 1, 1, 1, 1, 1, 1, 1, 1, 1, 
1, 1, 1, 1, 1, 1, 1, 1, 1, 1, 1, 1, 1, 1, 1, 1, 1, 1, 1, 1, 1, 
3.915, 3.975, 4.1, 4.537, 4.402, 4.79, 4.909, 5.169, 5.147, 5.604, 
5.721), .Dim = c(11L, 40L), .Dimnames = list(NULL, c("Sampling", 
"PSO.cost", "PSO.gamma", "PSO.data.balancing", "PSO.feature.selection", 
"PSO.valid.acc", "PSO.test.acc", "PSO.train.time", "PSO.n.support.vectors", 
"PSO.index", "PSO.n.solutions", "PSO.generations", "PSO.n.evaluations", 
"PSO.cpu.time", "RS.cost", "RS.gamma", "RS.data.balancing", "RS.feature.selection", 
"RS.valid.acc", "RS.test.acc", "RS.train.time", "RS.n.support.vectors", 
"RS.index", "RS.n.solutions", "RS.generations", "RS.n.evaluations", 
"RS.cpu.time", "DF.cost", "DF.gamma", "DF.data.balancing", "DF.feature.selection", 
"DF.valid.acc", "DF.test.acc", "DF.train.time", "DF.n.support.vectors", 
"DF.index", "DF.n.solutions", "DF.generations", "DF.n.evaluations", 
"DF.cpu.time")))
