full <-
structure(c(50, 55, 60, 65, 70, 75, 80, 85, 90, 95, 100, 3.58621, 
4.99838, 6.66253, 12.61768, 11.12258, 10.13119, 1.91591, 10.14682, 
9.68966, 7.58555, 9.32628, -5.01006, -5.80364, -6.89967, -9.49686, 
-10.11273, -8.59805, -2.59147, -9.94825, -9.52741, -9.17511, 
-9.14968, 0, 0, 0, 0, 0, 0, 0, 0, 0, 0, 0, 0, 0, 0, 0, 0, 0, 
0, 0, 0, 0, 0, 0.98184, 0.98291, 0.98325, 0.98704, 0.98518, 0.98531, 
0.98379, 0.98474, 0.98486, 0.98464, 0.98607, 0.98054, 0.98233, 
0.98271, 0.98304, 0.98379, 0.98358, 0.98176, 0.98321, 0.98306, 
0.98259, 0.9851, 0.0877, 0.1017, 0.1135, 0.1585, 0.1522, 0.1607, 
0.2399, 0.1972, 0.2073, 0.2129, 0.2349, 78.6, 74.6, 75.2, 73.1, 
78.3, 83.3, 190.9, 103.5, 104.7, 113.6, 108.9, 1247, 732, 280, 
698, 142, 344, 318, 623, 1021, 630, 377, 80, 24, 225, 69, 313, 
201, 271, 256, 81, 268, 48, 100, 100, 100, 100, 100, 100, 100, 
100, 100, 100, 100, 2500, 2500, 2500, 2500, 2500, 2500, 2500, 
2500, 2500, 2500, 2500, 9009.418, 9175.846, 9113.943, 10459.831, 
10642.362, 10477.381, 12882.375, 11023.58, 11697.953, 12250.427, 
12838.299, 3.45758, 4.72808, 5.33087, 12.94126, 13.28086, 9.68641, 
2.22021, 14.58234, 10.22355, 7.87748, 9.7819, -5.21346, -5.77954, 
-6.33451, -9.66972, -7.9076, -8.37869, -2.89368, -12.09174, -9.7586, 
-9.41136, -9.81311, 0, 0, 0, 0, 0, 0, 0, 0, 0, 0, 0, 0, 0, 0, 
0, 0, 0, 0, 0, 0, 0, 0, 0.9812, 0.98291, 0.98272, 0.98704, 0.98519, 
0.98531, 0.98379, 0.98436, 0.98486, 0.98396, 0.98575, 0.98183, 
0.98233, 0.98379, 0.98304, 0.98194, 0.98358, 0.98136, 0.98245, 
0.98234, 0.98327, 0.98445, 0.0906, 0.1028, 0.1138, 0.1711, 0.2489, 
0.1634, 0.2222, 0.264, 0.2096, 0.2145, 0.2392, 77.5, 76, 77.5, 
73, 76.6, 83.6, 170.4, 100.5, 104.1, 114, 111.5, 312, 1058, 736, 
1540, 1651, 1556, 1279, 1113, 175, 1047, 699, 1, 1, 3, 1, 1, 
1, 1, 3, 1, 31, 2, 100, 100, 100, 100, 100, 100, 100, 100, 100, 
100, 100, 2500, 2500, 2500, 2500, 2500, 2500, 2500, 2500, 2500, 
2500, 2500, 11979.885, 12922.28, 13732.303, 15094.418, 15995.269, 
17087.506, 18221.033, 20009.522, 21279.604, 22653.115, 24498.679, 
1, 1, 1, 1, 1, 1, 1, 1, 1, 1, 1, 0.04, 0.04, 0.04, 0.04, 0.04, 
0.04, 0.04, 0.04, 0.04, 0.04, 0.04, 0, 0, 0, 0, 0, 0, 0, 0, 0, 
0, 0, 0, 0, 0, 0, 0, 0, 0, 0, 0, 0, 0, 0.97666, 0.9782, 0.97787, 
0.98005, 0.97962, 0.98098, 0.97811, 0.9794, 0.98018, 0.98122, 
0.98153, 0.9773, 0.97879, 0.9784, 0.97955, 0.98009, 0.98011, 
0.97811, 0.97825, 0.97982, 0.97986, 0.98153, 0.1022, 0.1121, 
0.1254, 0.1383, 0.1551, 0.1683, 0.1855, 0.1962, 0.2174, 0.2328, 
0.2588, 105.7, 111.9, 116.7, 121.8, 127.4, 133.6, 143.4, 148, 
152.9, 156.4, 160.2, 1, 1, 1, 1, 1, 1, 1, 1, 1, 1, 1, 1, 1, 1, 
1, 1, 1, 1, 1, 1, 1, 1, 1, 1, 1, 1, 1, 1, 1, 1, 1, 1, 1, 1, 1, 
1, 1, 1, 1, 1, 1, 1, 1, 1, 3.482, 3.486, 3.616, 3.898, 3.975, 
4.07, 4.127, 4.304, 4.799, 5.007, 5.343), .Dim = c(11L, 40L), .Dimnames = list(
    NULL, c("Sampling", "PSO.cost", "PSO.gamma", "PSO.data.balancing", 
    "PSO.feature.selection", "PSO.valid.acc", "PSO.test.acc", 
    "PSO.train.time", "PSO.n.support.vectors", "PSO.index", "PSO.n.solutions", 
    "PSO.generations", "PSO.n.evaluations", "PSO.cpu.time", "RS.cost", 
    "RS.gamma", "RS.data.balancing", "RS.feature.selection", 
    "RS.valid.acc", "RS.test.acc", "RS.train.time", "RS.n.support.vectors", 
    "RS.index", "RS.n.solutions", "RS.generations", "RS.n.evaluations", 
    "RS.cpu.time", "DF.cost", "DF.gamma", "DF.data.balancing", 
    "DF.feature.selection", "DF.valid.acc", "DF.test.acc", "DF.train.time", 
    "DF.n.support.vectors", "DF.index", "DF.n.solutions", "DF.generations", 
    "DF.n.evaluations", "DF.cpu.time")))
