full <-
structure(c(50, 55, 60, 65, 70, 75, 80, 85, 90, 95, 100, 9.26305, 
15, 9.83901, 5.49846, 3.6484, 4.93988, 8.00392, 9.22942, 9.83564, 
5.96249, 11.0194, -8.15364, -13.53115, -8.03536, -5.03165, -5.52259, 
-6.67636, -6.82859, -7.58299, -9.89736, -6.74072, -10.8123, 0, 
0, 0, 0, 0, 0, 0, 0, 0, 0, 0, 0, 0, 0, 0, 0, 0, 0, 0, 0, 0, 0, 
0.98769, 0.98821, 0.99026, 0.98804, 0.98796, 0.98833, 0.98744, 
0.98512, 0.98523, 0.98498, 0.98509, 0.98834, 0.98526, 0.99027, 
0.98404, 0.98611, 0.9866, 0.98582, 0.98436, 0.98379, 0.98361, 
0.98347, 0.0852, 0.0976, 0.1031, 0.1163, 0.1185, 0.1329, 0.1676, 
0.1966, 0.2025, 0.2132, 0.2531, 45, 44.5, 47.8, 67.3, 78.8, 79.1, 
81.7, 86.8, 101.8, 108.3, 110.2, 228, 577, 106, 2013, 352, 37, 
343, 109, 523, 1324, 137, 558, 294, 80, 4, 120, 907, 137, 153, 
271, 266, 219, 100, 100, 100, 100, 100, 100, 100, 100, 100, 100, 
100, 2500, 2500, 2500, 2500, 2500, 2500, 2500, 2500, 2500, 2500, 
2500, 8483.932, 8362.881, 9328.17200000001, 9551.07900000001, 
9909.658, 9805.17, 10946.911, 11254.306, 11411.127, 11919.974, 
13664.528, 9.1926, 14.99434, 10.43604, 8.93402, 10.53154, 3.77135, 
8.08683, 9.47198, 4.66602, 5.55303, 10.76557, -8.0281, -13.50458, 
-8.33606, -6.94101, -8.05035, -5.9117, -6.88788, -7.69125, -2.93445, 
-6.4211, -10.73942, 0, 0, 0, 0, 0, 0, 0, 0, 0, 0, 0, 0, 0, 0, 
0, 0, 0, 0, 0, 0, 0, 0, 0.98769, 0.98821, 0.99026, 0.98754, 0.98795, 
0.98833, 0.98744, 0.98512, 0.98523, 0.98498, 0.98509, 0.98834, 
0.98467, 0.98974, 0.98405, 0.98379, 0.98746, 0.98582, 0.98436, 
0.98127, 0.98361, 0.98315, 0.0879, 0.0974, 0.1071, 0.1219, 0.1395, 
0.1373, 0.1648, 0.1914, 0.2571, 0.2126, 0.2506, 44.6, 44.4, 47.5, 
60.2, 64.2, 83.5, 81.5, 86.1, 155.1, 109.2, 110.2, 2114, 1437, 
863, 353, 1497, 765, 1376, 331, 1404, 114, 12, 1, 4, 1, 13, 1, 
5, 1, 1, 1, 4, 3, 100, 100, 100, 100, 100, 100, 100, 100, 100, 
100, 100, 2500, 2500, 2500, 2500, 2500, 2500, 2500, 2500, 2500, 
2500, 2500, 11587.769, 11917.74, 13231.428, 14580.819, 15725.397, 
17086.582, 18367.336, 20236.428, 20909.406, 24076.464, 25424.804, 
1, 1, 1, 1, 1, 1, 1, 1, 1, 1, 1, 0.04, 0.04, 0.04, 0.04, 0.04, 
0.04, 0.04, 0.04, 0.04, 0.04, 0.04, 0, 0, 0, 0, 0, 0, 0, 0, 0, 
0, 0, 0, 0, 0, 0, 0, 0, 0, 0, 0, 0, 0, 0.98315, 0.98409, 0.98273, 
0.98255, 0.98379, 0.98357, 0.98298, 0.98093, 0.98127, 0.98157, 
0.98185, 0.98315, 0.98232, 0.98219, 0.98255, 0.98332, 0.984, 
0.98379, 0.98131, 0.98127, 0.98089, 0.98121, 0.0854, 0.1015, 
0.109, 0.1279, 0.142, 0.1566, 0.176, 0.1896, 0.211, 0.2408, 0.2589, 
79.2, 85.6, 91.9, 103.4, 111.1, 118, 127.4, 140, 146.5, 156.2, 
161.1, 1, 1, 1, 1, 1, 1, 1, 1, 1, 1, 1, 1, 1, 1, 1, 1, 1, 1, 
1, 1, 1, 1, 1, 1, 1, 1, 1, 1, 1, 1, 1, 1, 1, 1, 1, 1, 1, 1, 1, 
1, 1, 1, 1, 1, 3.265, 3.517, 3.528, 3.888, 3.916, 4.082, 4.417, 
4.323, 4.516, 5.033, 5.308), .Dim = c(11L, 40L), .Dimnames = list(
    NULL, c("Sampling", "PSO.cost", "PSO.gamma", "PSO.data.balancing", 
    "PSO.feature.selection", "PSO.valid.acc", "PSO.test.acc", 
    "PSO.train.time", "PSO.n.support.vectors", "PSO.index", "PSO.n.solutions", 
    "PSO.generations", "PSO.n.evaluations", "PSO.cpu.time", "RS.cost", 
    "RS.gamma", "RS.data.balancing", "RS.feature.selection", 
    "RS.valid.acc", "RS.test.acc", "RS.train.time", "RS.n.support.vectors", 
    "RS.index", "RS.n.solutions", "RS.generations", "RS.n.evaluations", 
    "RS.cpu.time", "DF.cost", "DF.gamma", "DF.data.balancing", 
    "DF.feature.selection", "DF.valid.acc", "DF.test.acc", "DF.train.time", 
    "DF.n.support.vectors", "DF.index", "DF.n.solutions", "DF.generations", 
    "DF.n.evaluations", "DF.cpu.time")))
