full <-
structure(c(50, 55, 60, 65, 70, 75, 80, 85, 90, 95, 100, 10.54718, 
6.0582, 5.06296, 12.19693, 3.8332, 5.60918, 6.28085, 11.79946, 
10.73623, 11.9186, 10.98268, -10.94364, -6.54755, -5.92635, -13.04446, 
-5.48184, -6.65487, -6.87845, -10.39008, -9.68623, -6.98978, 
-12.73503, 0, 0, 0, 0, 0, 0, 0, 0, 0, 0, 0, 0, 0, 0, 0, 0, 0, 
0, 0, 0, 0, 0, 0.98509, 0.98469, 0.98432, 0.98254, 0.98424, 0.9853, 
0.9854, 0.98664, 0.98451, 0.98531, 0.9851, 0.98185, 0.98469, 
0.98055, 0.98104, 0.98331, 0.9853, 0.985, 0.98702, 0.98451, 0.97951, 
0.98348, 0.1048, 0.109, 0.1203, 0.1487, 0.1475, 0.1649, 0.1771, 
0.2227, 0.2251, 0.3344, 0.2414, 61, 69.3, 80.7, 84.2, 97, 96.7, 
94.6, 96, 99.6, 96.6, 117.3, 53, 1476, 611, 750, 109, 344, 685, 
205, 253, 28, 1565, 456, 28, 63, 53, 372, 242, 41, 120, 122, 
451, 28, 100, 100, 100, 100, 100, 100, 100, 100, 100, 100, 100, 
2500, 2500, 2500, 2500, 2500, 2500, 2500, 2500, 2500, 2500, 2500, 
10559.86, 10844.289, 13038.133, 11687.669, 11787.43, 11925.367, 
12282.67, 12980.349, 14360.246, 15430.108, 13969.904, 9.81185, 
5.86773, 0.4811, 13.08291, 3.97991, 5.99185, 6.3785, 12.29311, 
5.31466, 11.15497, 10.23107, -10.01242, -6.49206, -3.0343, -13.43619, 
-5.63585, -6.9554, -6.91944, -10.25221, -5.51845, -6.71992, -12.33549, 
0, 0, 0, 0, 0, 0, 0, 0, 0, 0, 0, 0, 0, 0, 0, 0, 0, 0, 0, 0, 0, 
0, 0.98509, 0.9841, 0.98325, 0.98254, 0.98424, 0.98487, 0.9854, 
0.98626, 0.98487, 0.98531, 0.9851, 0.98121, 0.98528, 0.98109, 
0.98104, 0.98331, 0.98531, 0.985, 0.98625, 0.98451, 0.97985, 
0.98218, 0.1008, 0.1079, 0.1615, 0.1479, 0.1407, 0.1656, 0.1733, 
0.2428, 0.2156, 0.2947, 0.2331, 61.2, 69.6, 142.5, 84.1, 96.5, 
95, 94.2, 93.3, 102.7, 96.8, 118.3, 318, 691, 1089, 1543, 2411, 
1394, 1792, 513, 2247, 549, 249, 13, 2, 4, 2, 4, 5, 1, 7, 2, 
3, 1, 100, 100, 100, 100, 100, 100, 100, 100, 100, 100, 100, 
2500, 2500, 2500, 2500, 2500, 2500, 2500, 2500, 2500, 2500, 2500, 
13852.157, 15042.432, 16110.455, 17346.464, 18571.364, 19655.327, 
20815.729, 22275.692, 24475.26, 24710.9300000001, 26467.375, 
1, 1, 1, 1, 1, 1, 1, 1, 1, 1, 1, 0.04, 0.04, 0.04, 0.04, 0.04, 
0.04, 0.04, 0.04, 0.04, 0.04, 0.04, 0, 0, 0, 0, 0, 0, 0, 0, 0, 
0, 0, 0, 0, 0, 0, 0, 0, 0, 0, 0, 0, 0, 0.97796, 0.97997, 0.97947, 
0.98005, 0.97961, 0.97968, 0.98054, 0.98321, 0.98127, 0.98156, 
0.98057, 0.97925, 0.97819, 0.97893, 0.97954, 0.97961, 0.98097, 
0.98176, 0.98358, 0.98235, 0.98054, 0.98121, 0.1018, 0.1116, 
0.1319, 0.1446, 0.1638, 0.1766, 0.193, 0.2146, 0.2359, 0.2488, 
0.2564, 93.2, 102.5, 112.1, 117.7, 128.2, 134.2, 139.3, 140.6, 
148.7, 156.4, 158, 1, 1, 1, 1, 1, 1, 1, 1, 1, 1, 1, 1, 1, 1, 
1, 1, 1, 1, 1, 1, 1, 1, 1, 1, 1, 1, 1, 1, 1, 1, 1, 1, 1, 1, 1, 
1, 1, 1, 1, 1, 1, 1, 1, 1, 4.069, 3.988, 4.369, 4.26, 4.631, 
4.764, 4.899, 5.29, 5.457, 5.387, 5.288), .Dim = c(11L, 40L), .Dimnames = list(
    NULL, c("Sampling", "PSO.cost", "PSO.gamma", "PSO.data.balancing", 
    "PSO.feature.selection", "PSO.valid.acc", "PSO.test.acc", 
    "PSO.train.time", "PSO.n.support.vectors", "PSO.index", "PSO.n.solutions", 
    "PSO.generations", "PSO.n.evaluations", "PSO.cpu.time", "RS.cost", 
    "RS.gamma", "RS.data.balancing", "RS.feature.selection", 
    "RS.valid.acc", "RS.test.acc", "RS.train.time", "RS.n.support.vectors", 
    "RS.index", "RS.n.solutions", "RS.generations", "RS.n.evaluations", 
    "RS.cpu.time", "DF.cost", "DF.gamma", "DF.data.balancing", 
    "DF.feature.selection", "DF.valid.acc", "DF.test.acc", "DF.train.time", 
    "DF.n.support.vectors", "DF.index", "DF.n.solutions", "DF.generations", 
    "DF.n.evaluations", "DF.cpu.time")))
