full <-
structure(c(50, 55, 60, 65, 70, 75, 80, 85, 90, 95, 100, 11.6153, 
14.16906, 15, 5.87403, 15, 8.26434, 12.37972, 14.74245, 7.83226, 
13.65693, 8.41689, -12.59984, -15, -9.38361, -7.1453, -9.36529, 
-9.27941, -13.08579, -10.12749, -7.02068, -14.90157, -9.07753, 
0, 0, 0, 0, 0, 0, 0, 0, 0, 0, 0, 0, 0, 0, 0, 0, 0, 0, 0, 0, 0, 
0, 0.9838, 0.98409, 0.98379, 0.98405, 0.98517, 0.98357, 0.985, 
0.98474, 0.98595, 0.98532, 0.98477, 0.98315, 0.98231, 0.98055, 
0.98056, 0.9847, 0.98227, 0.98338, 0.98321, 0.98487, 0.98464, 
0.98542, 0.0713, 0.0813, 0.2031, 0.0973, 0.2663, 0.12, 0.1385, 
0.3066, 0.1578, 0.1715, 0.1763, 68.4, 72.2, 66.1, 82.8, 77.7, 
91, 96.9, 91.5, 97.7, 109.7, 110.2, 199, 225, 963, 232, 320, 
242, 31, 605, 972, 212, 143, 247, 395, 8, 79, 192, 457, 130, 
39, 40, 485, 399, 100, 100, 100, 100, 100, 100, 100, 100, 100, 
100, 100, 2500, 2500, 2500, 2500, 2500, 2500, 2500, 2500, 2500, 
2500, 2500, 10228.79, 10419.964, 12523.495, 10079.293, 13092.673, 
10515.616, 11555.251, 12410.746, 11643.913, 11908.6, 13038.536, 
10.95212, 13.21556, 14.38707, 4.94613, 14.04169, 9.10622, 12.63547, 
10.85445, 5.21347, 12.93429, 8.42637, -11.97094, -14.28717, -9.27727, 
-6.55354, -8.94327, -9.5812, -13.36679, -11.1617, -5.90433, -14.26645, 
-9.13526, 0, 0, 0, 0, 0, 0, 0, 0, 0, 0, 0, 0, 0, 0, 0, 0, 0, 
0, 0, 0, 0, 0, 0.98315, 0.98409, 0.98271, 0.98405, 0.98424, 0.98357, 
0.985, 0.98436, 0.98559, 0.98532, 0.98477, 0.98315, 0.98231, 
0.98001, 0.98105, 0.9847, 0.98141, 0.98378, 0.98283, 0.98379, 
0.98464, 0.98542, 0.0714, 0.0799, 0.1677, 0.0946, 0.2155, 0.1226, 
0.1355, 0.1483, 0.153, 0.1702, 0.175, 67.9, 73, 67.9, 85, 78.3, 
90, 96.4, 97.2, 105.1, 110.3, 110.4, 1465, 504, 182, 985, 1043, 
733, 2408, 91, 941, 511, 184, 30, 1, 1, 2, 8, 7, 1, 16, 2, 9, 
8, 100, 100, 100, 100, 100, 100, 100, 100, 100, 100, 100, 2500, 
2500, 2500, 2500, 2500, 2500, 2500, 2500, 2500, 2500, 2500, 12900.025, 
13331.036, 14132.068, 14606.474, 15784.732, 16640.924, 18075.767, 
19434.61, 20407.584, 21455.021, 22536.841, 1, 1, 1, 1, 1, 1, 
1, 1, 1, 1, 1, 0.04, 0.04, 0.04, 0.04, 0.04, 0.04, 0.04, 0.04, 
0.04, 0.04, 0.04, 0, 0, 0, 0, 0, 0, 0, 0, 0, 0, 0, 0, 0, 0, 0, 
0, 0, 0, 0, 0, 0, 0, 0.97926, 0.97996, 0.97893, 0.97856, 0.98053, 
0.98011, 0.98054, 0.98092, 0.98054, 0.98156, 0.98153, 0.97992, 
0.97937, 0.97731, 0.98006, 0.9796, 0.97968, 0.98094, 0.98016, 
0.98091, 0.98156, 0.98121, 0.0731, 0.0834, 0.0985, 0.1101, 0.123, 
0.1365, 0.1484, 0.1595, 0.1743, 0.1889, 0.199, 96.9, 104.9, 114.2, 
121.2, 128.2, 133.4, 139.4, 142.3, 150.3, 155.1, 160.9, 1, 1, 
1, 1, 1, 1, 1, 1, 1, 1, 1, 1, 1, 1, 1, 1, 1, 1, 1, 1, 1, 1, 1, 
1, 1, 1, 1, 1, 1, 1, 1, 1, 1, 1, 1, 1, 1, 1, 1, 1, 1, 1, 1, 1, 
4.106, 4.02, 3.922, 4.008, 4.191, 4.288, 4.387, 4.562, 4.701, 
4.887, 5.088), .Dim = c(11L, 40L), .Dimnames = list(NULL, c("Sampling", 
"PSO.cost", "PSO.gamma", "PSO.data.balancing", "PSO.feature.selection", 
"PSO.valid.acc", "PSO.test.acc", "PSO.train.time", "PSO.n.support.vectors", 
"PSO.index", "PSO.n.solutions", "PSO.generations", "PSO.n.evaluations", 
"PSO.cpu.time", "RS.cost", "RS.gamma", "RS.data.balancing", "RS.feature.selection", 
"RS.valid.acc", "RS.test.acc", "RS.train.time", "RS.n.support.vectors", 
"RS.index", "RS.n.solutions", "RS.generations", "RS.n.evaluations", 
"RS.cpu.time", "DF.cost", "DF.gamma", "DF.data.balancing", "DF.feature.selection", 
"DF.valid.acc", "DF.test.acc", "DF.train.time", "DF.n.support.vectors", 
"DF.index", "DF.n.solutions", "DF.generations", "DF.n.evaluations", 
"DF.cpu.time")))
