full <-
structure(c(50, 55, 60, 65, 70, 75, 80, 85, 90, 95, 100, 2.57712, 
2.69246, 11.84046, 14.83298, 14.55135, 6.8237, 8.43454, 13.70787, 
7.00689, 10.48895, 15, -5.51714, -5.07371, -13.21548, -14.03939, 
-12.42047, -7.43014, -9.3517, -14.76046, -6.28356, -10.00789, 
-14.39607, 0, 0, 0, 0, 0, 0, 0, 0, 0, 0, 0, 0, 0, 0, 0, 0, 0, 
0, 0, 0, 0, 0, 0.98381, 0.98528, 0.98541, 0.98503, 0.98378, 0.98271, 
0.98339, 0.98283, 0.98595, 0.98497, 0.98445, 0.98251, 0.98351, 
0.98379, 0.98553, 0.98332, 0.98141, 0.98258, 0.98169, 0.98415, 
0.98156, 0.98413, 0.0857, 0.1004, 0.1174, 0.1391, 0.187, 0.1604, 
0.1822, 0.2027, 0.2232, 0.2441, 0.2588, 68.9, 73.6, 63.6, 66.6, 
74.8, 88.3, 100.9, 105.2, 105.9, 107.3, 110.9, 1075, 119, 956, 
2074, 386, 205, 210, 287, 643, 91, 224, 212, 987, 31, 1, 500, 
389, 191, 136, 123, 166, 127, 100, 100, 100, 100, 100, 100, 100, 
100, 100, 100, 100, 2500, 2500, 2500, 2500, 2500, 2500, 2500, 
2500, 2500, 2500, 2500, 10094.51, 10579.002, 10757.113, 11022.55, 
12084.198, 11605.273, 12335.203, 13551.13, 13731.515, 14213.762, 
14197.032, 2.13666, 2.12939, 11.28398, 13.21224, 13.19962, 6.46914, 
7.66505, 13.28127, 6.94595, 12.12094, 14.66667, -5.21283, -4.6554, 
-12.36979, -12.81182, -12.26333, -7.31977, -8.83815, -14.33186, 
-6.32666, -12.03354, -14.0799, 0, 0, 0, 0, 0, 0, 0, 0, 0, 0, 
0, 0, 0, 0, 0, 0, 0, 0, 0, 0, 0, 0, 0.98316, 0.98528, 0.98486, 
0.98453, 0.98332, 0.98271, 0.98339, 0.98283, 0.98559, 0.98463, 
0.98413, 0.98187, 0.9841, 0.98432, 0.98503, 0.98286, 0.98098, 
0.98258, 0.98169, 0.98379, 0.98293, 0.98413, 0.0881, 0.1059, 
0.1185, 0.1378, 0.1532, 0.158, 0.1807, 0.2131, 0.2202, 0.2383, 
0.2699, 74, 81.6, 63.6, 66.7, 76.7, 88.3, 101.1, 105.2, 105.9, 
108, 111.1, 462, 169, 120, 499, 324, 1641, 189, 478, 1326, 47, 
536, 3, 4, 33, 6, 7, 1, 2, 6, 3, 14, 2, 100, 100, 100, 100, 100, 
100, 100, 100, 100, 100, 100, 2500, 2500, 2500, 2500, 2500, 2500, 
2500, 2500, 2500, 2500, 2500, 13741.922, 14637.765, 15629.238, 
17006.854, 18099.448, 19373.908, 21218.087, 22998.073, 23824.009, 
25728.949, 26985.13, 1, 1, 1, 1, 1, 1, 1, 1, 1, 1, 1, 0.04, 0.04, 
0.04, 0.04, 0.04, 0.04, 0.04, 0.04, 0.04, 0.04, 0.04, 0, 0, 0, 
0, 0, 0, 0, 0, 0, 0, 0, 0, 0, 0, 0, 0, 0, 0, 0, 0, 0, 0, 0.97733, 
0.98234, 0.98055, 0.98104, 0.98147, 0.97968, 0.98015, 0.9794, 
0.98054, 0.98122, 0.98153, 0.97862, 0.98233, 0.98109, 0.98204, 
0.981, 0.97881, 0.97894, 0.97978, 0.9791, 0.98122, 0.98089, 0.0994, 
0.1097, 0.1225, 0.1335, 0.1526, 0.1696, 0.2006, 0.215, 0.23, 
0.2387, 0.2646, 89.1, 93.3, 97, 105.5, 116.6, 126.1, 143.3, 148.1, 
152.6, 155.6, 159.5, 1, 1, 1, 1, 1, 1, 1, 1, 1, 1, 1, 1, 1, 1, 
1, 1, 1, 1, 1, 1, 1, 1, 1, 1, 1, 1, 1, 1, 1, 1, 1, 1, 1, 1, 1, 
1, 1, 1, 1, 1, 1, 1, 1, 1, 3.976, 4.083, 4.241, 4.222, 4.503, 
4.59, 4.882, 5.358, 5.129, 5.39, 5.666), .Dim = c(11L, 40L), .Dimnames = list(
    NULL, c("Sampling", "PSO.cost", "PSO.gamma", "PSO.data.balancing", 
    "PSO.feature.selection", "PSO.valid.acc", "PSO.test.acc", 
    "PSO.train.time", "PSO.n.support.vectors", "PSO.index", "PSO.n.solutions", 
    "PSO.generations", "PSO.n.evaluations", "PSO.cpu.time", "RS.cost", 
    "RS.gamma", "RS.data.balancing", "RS.feature.selection", 
    "RS.valid.acc", "RS.test.acc", "RS.train.time", "RS.n.support.vectors", 
    "RS.index", "RS.n.solutions", "RS.generations", "RS.n.evaluations", 
    "RS.cpu.time", "DF.cost", "DF.gamma", "DF.data.balancing", 
    "DF.feature.selection", "DF.valid.acc", "DF.test.acc", "DF.train.time", 
    "DF.n.support.vectors", "DF.index", "DF.n.solutions", "DF.generations", 
    "DF.n.evaluations", "DF.cpu.time")))
