full <-
structure(c(50, 55, 60, 65, 70, 75, 80, 85, 90, 95, 100, 1.28628, 
0.47737, 1.49355, 1.5279, 7.23374, 2.89715, 1.94649, 9.6654, 
7.39573, 12.89286, 6.39048, -3.18643, -2.93522, -3.08204, -4.38988, 
-8.22919, -5.72707, -5.15352, -10.04677, -6.40527, -11.79722, 
-7.06371, 0, 0, 0, 0, 0, 0, 0, 0, 0, 0, 0, 0, 0, 0, 0, 0, 0, 
0, 0, 0, 0, 0, 0.98315, 0.9835, 0.9838, 0.98453, 0.9875, 0.98399, 
0.985, 0.98399, 0.98595, 0.98395, 0.98607, 0.9825, 0.98231, 0.98272, 
0.98403, 0.98333, 0.9814, 0.98378, 0.9817, 0.98235, 0.98463, 
0.98542, 0.115, 0.1389, 0.1442, 0.1349, 0.1382, 0.1411, 0.1638, 
0.1918, 0.2011, 0.2405, 0.2303, 116.3, 141.9, 134.7, 106.5, 83.2, 
101.2, 116.7, 100.9, 96.7, 105.1, 111, 182, 471, 286, 111, 680, 
235, 677, 608, 731, 1246, 701, 543, 649, 234, 502, 187, 387, 
260, 255, 236, 10, 67, 100, 100, 100, 100, 100, 100, 100, 100, 
100, 100, 100, 2500, 2500, 2500, 2500, 2500, 2500, 2500, 2500, 
2500, 2500, 2500, 9185.563, 9741.653, 9837.557, 9731.796, 9608.433, 
9859.902, 10761.558, 10893.154, 11837.065, 12779.43, 12883.863, 
1.70321, 0.4068, 1.93484, 2.28173, 7.31927, 1.69936, 2.42738, 
10.04832, 7.31097, 8.6088, 8.35845, -3.56707, -3.13213, -5.24455, 
-4.7077, -8.28022, -5.39743, -5.35507, -10.40704, -6.32746, -9.32152, 
-7.85632, 0, 0, 0, 0, 0, 0, 0, 0, 0, 0, 0, 0, 0, 0, 0, 0, 0, 
0, 0, 0, 0, 0, 0.98315, 0.98291, 0.9838, 0.98453, 0.9875, 0.98356, 
0.98459, 0.98361, 0.98522, 0.98361, 0.98575, 0.9825, 0.98232, 
0.98326, 0.98403, 0.98333, 0.98184, 0.98419, 0.9817, 0.98235, 
0.98497, 0.98413, 0.1034, 0.1312, 0.1161, 0.1229, 0.1346, 0.1471, 
0.1601, 0.1894, 0.1988, 0.2181, 0.2386, 105.4, 132.2, 96.2, 98.5, 
83.2, 109.5, 110.6, 100.6, 97.1, 108.6, 106.9, 272, 679, 2477, 
1126, 2329, 2021, 221, 1086, 1988, 2406, 2108, 1, 3, 1, 5, 1, 
3, 5, 4, 4, 3, 1, 100, 100, 100, 100, 100, 100, 100, 100, 100, 
100, 100, 2500, 2500, 2500, 2500, 2500, 2500, 2500, 2500, 2500, 
2500, 2500, 11704.272, 13014.578, 13427.922, 14921.028, 15886.054, 
16280.885, 18456.293, 19893.957, 20958.745, 22942.586, 24716.673, 
1, 1, 1, 1, 1, 1, 1, 1, 1, 1, 1, 0.04, 0.04, 0.04, 0.04, 0.04, 
0.04, 0.04, 0.04, 0.04, 0.04, 0.04, 0, 0, 0, 0, 0, 0, 0, 0, 0, 
0, 0, 0, 0, 0, 0, 0, 0, 0, 0, 0, 0, 0, 0.9799, 0.98173, 0.98002, 
0.98303, 0.98194, 0.98097, 0.98176, 0.97979, 0.98018, 0.98156, 
0.98218, 0.97925, 0.98056, 0.9811, 0.98153, 0.98194, 0.9814, 
0.98054, 0.97902, 0.98018, 0.98225, 0.98218, 0.0961, 0.1088, 
0.1263, 0.1298, 0.1438, 0.1639, 0.1828, 0.1963, 0.2194, 0.2338, 
0.261, 98.1, 107.1, 113.6, 114.5, 120.9, 129.9, 135.8, 146.9, 
149.2, 154.9, 161.2, 1, 1, 1, 1, 1, 1, 1, 1, 1, 1, 1, 1, 1, 1, 
1, 1, 1, 1, 1, 1, 1, 1, 1, 1, 1, 1, 1, 1, 1, 1, 1, 1, 1, 1, 1, 
1, 1, 1, 1, 1, 1, 1, 1, 1, 3.387, 3.41, 3.726, 3.711, 3.725, 
3.962, 4.165, 4.526, 4.841, 4.731, 5.51), .Dim = c(11L, 40L), .Dimnames = list(
    NULL, c("Sampling", "PSO.cost", "PSO.gamma", "PSO.data.balancing", 
    "PSO.feature.selection", "PSO.valid.acc", "PSO.test.acc", 
    "PSO.train.time", "PSO.n.support.vectors", "PSO.index", "PSO.n.solutions", 
    "PSO.generations", "PSO.n.evaluations", "PSO.cpu.time", "RS.cost", 
    "RS.gamma", "RS.data.balancing", "RS.feature.selection", 
    "RS.valid.acc", "RS.test.acc", "RS.train.time", "RS.n.support.vectors", 
    "RS.index", "RS.n.solutions", "RS.generations", "RS.n.evaluations", 
    "RS.cpu.time", "DF.cost", "DF.gamma", "DF.data.balancing", 
    "DF.feature.selection", "DF.valid.acc", "DF.test.acc", "DF.train.time", 
    "DF.n.support.vectors", "DF.index", "DF.n.solutions", "DF.generations", 
    "DF.n.evaluations", "DF.cpu.time")))
