full <-
structure(c(50, 55, 60, 65, 70, 75, 80, 85, 90, 95, 100, 3.47537, 
4.15479, 1.50069, 3.90078, 10.48987, 10.75312, 14.95975, 10.31896, 
14.99084, 15, 10.58529, -3.71058, -3.333, -3.69768, -6.6314, 
-9.12995, -11.83304, -14.53415, -6.54973, -10.62823, -13.84975, 
-10.04329, 0, 0, 0, 0, 0, 0, 0, 0, 0, 0, 0, 0, 0, 0, 0, 0, 0, 
0, 0, 0, 0, 0, 0.98705, 0.98587, 0.9865, 0.98503, 0.98241, 0.98356, 
0.98419, 0.98511, 0.98523, 0.98533, 0.98315, 0.98704, 0.98232, 
0.98488, 0.98353, 0.98147, 0.98184, 0.98298, 0.98092, 0.98234, 
0.98431, 0.9838, 0.1001, 0.1173, 0.1239, 0.1205, 0.1544, 0.1633, 
0.1881, 0.2304, 0.4075, 0.2712, 0.2648, 81.6, 94.4, 106.4, 84.7, 
81, 94.1, 91.8, 85, 93.1, 104.2, 109.6, 950, 390, 1983, 1464, 
320, 31, 146, 968, 1877, 399, 53, 41, 193, 14, 3, 319, 489, 526, 
82, 3, 23, 179, 100, 100, 100, 100, 100, 100, 100, 100, 100, 
100, 100, 2500, 2500, 2500, 2500, 2500, 2500, 2500, 2500, 2500, 
2500, 2500, 9358.626, 9784.303, 10489.562, 10812.064, 11114.309, 
11008.114, 11664.448, 15685.655, 16832.477, 16049.896, 16131.2709999999, 
3.58375, 3.77458, 1.66307, 8.27303, 0.24753, 12.2312, 3.60914, 
10.04374, 5.56024, 6.5177, 5.58066, -3.69339, -3.40175, -3.55582, 
-9.04921, -3.31333, -12.36507, -5.72115, -6.43744, -6.3609, -6.87286, 
-4.1655, 0, 0, 0, 0, 0, 0, 0, 0, 0, 0, 0, 0, 0, 0, 0, 0, 0, 0, 
0, 0, 0, 0, 0.98641, 0.98528, 0.98595, 0.98453, 0.98286, 0.98356, 
0.98419, 0.98473, 0.98451, 0.98499, 0.98347, 0.9864, 0.98291, 
0.98488, 0.98204, 0.98194, 0.9827, 0.98379, 0.9813, 0.98343, 
0.98226, 0.98153, 0.0991, 0.1154, 0.1277, 0.1291, 0.1815, 0.1716, 
0.1568, 0.2239, 0.2102, 0.2209, 0.2599, 82, 94.4, 109.1, 77.5, 
149.6, 91.7, 101.9, 85.5, 104.5, 103.5, 117.3, 888, 292, 449, 
1878, 1706, 225, 369, 364, 1101, 2265, 1522, 3, 5, 2, 3, 3, 13, 
1, 1, 5, 3, 1, 100, 100, 100, 100, 100, 100, 100, 100, 100, 100, 
100, 2500, 2500, 2500, 2500, 2500, 2500, 2500, 2500, 2500, 2500, 
2500, 12658.287, 13497.554, 14303.451, 15589.473, 17042.237, 
18665.407, 21859.132, 24443.315, 26089.515, 27423.056, 28017.377, 
1, 1, 1, 1, 1, 1, 1, 1, 1, 1, 1, 0.04, 0.04, 0.04, 0.04, 0.04, 
0.04, 0.04, 0.04, 0.04, 0.04, 0.04, 0, 0, 0, 0, 0, 0, 0, 0, 0, 
0, 0, 0, 0, 0, 0, 0, 0, 0, 0, 0, 0, 0, 0.97928, 0.98117, 0.98217, 
0.98204, 0.98193, 0.98011, 0.98054, 0.98169, 0.98091, 0.98089, 
0.98153, 0.98057, 0.98117, 0.98325, 0.98104, 0.98101, 0.97924, 
0.98176, 0.9813, 0.98091, 0.98089, 0.98153, 0.0947, 0.1017, 0.1179, 
0.1367, 0.1555, 0.1757, 0.1973, 0.2038, 0.2246, 0.2485, 0.2791, 
86.7, 91.5, 98.1, 112.5, 120.3, 131.4, 135.8, 139.3, 148.9, 154, 
159.7, 1, 1, 1, 1, 1, 1, 1, 1, 1, 1, 1, 1, 1, 1, 1, 1, 1, 1, 
1, 1, 1, 1, 1, 1, 1, 1, 1, 1, 1, 1, 1, 1, 1, 1, 1, 1, 1, 1, 1, 
1, 1, 1, 1, 1, 3.55, 3.501, 3.795, 4.103, 4.3, 4.558, 5.664, 
5.69, 5.982, 6.027, 6.562), .Dim = c(11L, 40L), .Dimnames = list(
    NULL, c("Sampling", "PSO.cost", "PSO.gamma", "PSO.data.balancing", 
    "PSO.feature.selection", "PSO.valid.acc", "PSO.test.acc", 
    "PSO.train.time", "PSO.n.support.vectors", "PSO.index", "PSO.n.solutions", 
    "PSO.generations", "PSO.n.evaluations", "PSO.cpu.time", "RS.cost", 
    "RS.gamma", "RS.data.balancing", "RS.feature.selection", 
    "RS.valid.acc", "RS.test.acc", "RS.train.time", "RS.n.support.vectors", 
    "RS.index", "RS.n.solutions", "RS.generations", "RS.n.evaluations", 
    "RS.cpu.time", "DF.cost", "DF.gamma", "DF.data.balancing", 
    "DF.feature.selection", "DF.valid.acc", "DF.test.acc", "DF.train.time", 
    "DF.n.support.vectors", "DF.index", "DF.n.solutions", "DF.generations", 
    "DF.n.evaluations", "DF.cpu.time")))
