full <-
structure(c(50, 55, 60, 65, 70, 75, 80, 85, 90, 95, 100, 11.15089, 
3.59477, 6.06193, 7.52139, 0.31871, 4.62703, 14.39886, 12.97858, 
5.90174, 14.34292, 13.12398, -8.85449, -5.4855, -6.89563, -7.85291, 
-3.94241, -5.9799, -13.50414, -9.80391, -6.7376, -10.11646, -10.7028, 
0, 0, 0, 0, 0, 0, 0, 0, 0, 0, 0, 0, 0, 0, 0, 0, 0, 0, 0, 0, 0, 
0, 0.99158, 0.98939, 0.98811, 0.98802, 0.98657, 0.9866, 0.985, 
0.98779, 0.98378, 0.98498, 0.98445, 0.98833, 0.98821, 0.98757, 
0.98453, 0.98518, 0.9853, 0.98257, 0.98436, 0.98414, 0.98259, 
0.98315, 0.0902, 0.0859, 0.1064, 0.1251, 0.1579, 0.1413, 0.1877, 
0.2682, 0.2, 0.4229, 0.3191, 38.6, 56.2, 58.1, 63.1, 114.4, 81.6, 
88.7, 87.8, 101.3, 97.4, 106.2, 189, 518, 548, 207, 363, 552, 
247, 597, 341, 539, 714, 222, 216, 110, 396, 699, 124, 214, 121, 
79, 74, 47, 100, 100, 100, 100, 100, 100, 100, 100, 100, 100, 
100, 2500, 2500, 2500, 2500, 2500, 2500, 2500, 2500, 2500, 2500, 
2500, 9108.69, 9650.66, 10407.409, 10676.246, 11755.494, 12313.089, 
12709.808, 14209.712, 13497.75, 16671.397, 14702.973, 10.6564, 
3.14017, 6.3867, 7.21171, 0.08279, 4.27589, 14.24146, 13.67124, 
5.33652, 14.81676, 7.16039, -8.70012, -5.00761, -6.97526, -7.86705, 
-3.74424, -5.72671, -13.54156, -10.0888, -6.54259, -10.8617, 
-8.21071, 0, 0, 0, 0, 0, 0, 0, 0, 0, 0, 0, 0, 0, 0, 0, 0, 0, 
0, 0, 0, 0, 0, 0.99093, 0.9888, 0.98757, 0.98802, 0.98657, 0.9866, 
0.985, 0.98779, 0.98378, 0.98498, 0.98445, 0.98898, 0.98762, 
0.98757, 0.98403, 0.98472, 0.9853, 0.98298, 0.98512, 0.9845, 
0.98429, 0.98283, 0.0874, 0.0889, 0.1062, 0.1253, 0.1559, 0.1429, 
0.2006, 0.2879, 0.195, 0.4265, 0.2338, 39.2, 60.4, 57.8, 64, 
120.1, 82.9, 89.1, 87.4, 102, 99.4, 110.7, 96, 600, 394, 968, 
2363, 1418, 1841, 1746, 1329, 1224, 800, 16, 7, 4, 2, 1, 2, 4, 
2, 3, 1, 2, 100, 100, 100, 100, 100, 100, 100, 100, 100, 100, 
100, 2500, 2500, 2500, 2500, 2500, 2500, 2500, 2500, 2500, 2500, 
2500, 12625.406, 14251.127, 15418.071, 16736.373, 17994.338, 
19124.017, 20710.486, 22450.138, 23169.382, 25102.083, 26323.273, 
1, 1, 1, 1, 1, 1, 1, 1, 1, 1, 1, 0.04, 0.04, 0.04, 0.04, 0.04, 
0.04, 0.04, 0.04, 0.04, 0.04, 0.04, 0, 0, 0, 0, 0, 0, 0, 0, 0, 
0, 0, 0, 0, 0, 0, 0, 0, 0, 0, 0, 0, 0, 0.9864, 0.98644, 0.98595, 
0.98603, 0.98518, 0.98314, 0.98135, 0.98054, 0.98162, 0.98122, 
0.98153, 0.98704, 0.98526, 0.98541, 0.98653, 0.98379, 0.98487, 
0.98338, 0.98131, 0.98018, 0.98088, 0.98185, 0.0844, 0.098, 0.1144, 
0.1278, 0.1485, 0.1528, 0.1811, 0.2052, 0.2332, 0.2477, 0.2661, 
73, 80.6, 91, 97.3, 107.3, 114.7, 125.1, 137.6, 146.8, 152.1, 
158.9, 1, 1, 1, 1, 1, 1, 1, 1, 1, 1, 1, 1, 1, 1, 1, 1, 1, 1, 
1, 1, 1, 1, 1, 1, 1, 1, 1, 1, 1, 1, 1, 1, 1, 1, 1, 1, 1, 1, 1, 
1, 1, 1, 1, 1, 3.639, 3.559, 4.154, 4.435, 4.39, 4.571, 4.872, 
5.173, 5.401, 5.364, 5.535), .Dim = c(11L, 40L), .Dimnames = list(
    NULL, c("Sampling", "PSO.cost", "PSO.gamma", "PSO.data.balancing", 
    "PSO.feature.selection", "PSO.valid.acc", "PSO.test.acc", 
    "PSO.train.time", "PSO.n.support.vectors", "PSO.index", "PSO.n.solutions", 
    "PSO.generations", "PSO.n.evaluations", "PSO.cpu.time", "RS.cost", 
    "RS.gamma", "RS.data.balancing", "RS.feature.selection", 
    "RS.valid.acc", "RS.test.acc", "RS.train.time", "RS.n.support.vectors", 
    "RS.index", "RS.n.solutions", "RS.generations", "RS.n.evaluations", 
    "RS.cpu.time", "DF.cost", "DF.gamma", "DF.data.balancing", 
    "DF.feature.selection", "DF.valid.acc", "DF.test.acc", "DF.train.time", 
    "DF.n.support.vectors", "DF.index", "DF.n.solutions", "DF.generations", 
    "DF.n.evaluations", "DF.cpu.time")))
