full <-
structure(c(50, 55, 60, 65, 70, 75, 80, 85, 90, 95, 100, 4.2705, 
3.83482, 5.53707, 5.05153, 3.65304, 6.07973, 5.18896, 2.3758, 
12.3932, 9.86121, 10.32746, -6.38051, -5.86757, -7.47848, -7.19402, 
-6.25555, -5.97676, -4.07305, -2.78074, -7.63145, -9.53953, -9.31257, 
0, 0, 0, 0, 0, 0, 0, 0, 0, 0, 0, 0, 0, 0, 0, 0, 0, 0, 0, 0, 0, 
0, 0.98639, 0.98703, 0.98759, 0.98601, 0.98424, 0.98357, 0.98623, 
0.98436, 0.98343, 0.98498, 0.98542, 0.98509, 0.98526, 0.98489, 
0.98502, 0.98192, 0.98055, 0.98258, 0.98054, 0.97982, 0.98395, 
0.98445, 0.0867, 0.096, 0.1106, 0.1181, 0.1386, 0.1651, 0.1886, 
0.265, 0.3439, 0.243, 0.2531, 64.3, 70.7, 74.9, 80.2, 92.2, 91.8, 
106.2, 178, 94.3, 107, 106.5, 267, 1947, 272, 346, 676, 571, 
801, 2442, 173, 305, 160, 548, 19, 409, 257, 127, 65, 211, 1, 
206, 335, 118, 100, 100, 100, 100, 100, 100, 100, 100, 100, 100, 
100, 2500, 2500, 2500, 2500, 2500, 2500, 2500, 2500, 2500, 2500, 
2500, 9837.782, 10121.764, 10304.201, 10839.745, 11145.926, 12741.483, 
12918.055, 15927.987, 15647.612, 13379.322, 14793.449, 4.71389, 
3.43593, 5.12544, 5.33497, 3.2748, 5.74154, 5.6067, 1.81673, 
9.821, 7.31752, 2.52593, -6.58342, -5.50902, -7.18751, -7.38912, 
-6.18359, -5.8877, -4.2419, -2.61436, -9.27625, -8.69305, -2.51945, 
0, 0, 0, 0, 0, 0, 0, 0, 0, 0, 0, 0, 0, 0, 0, 0, 0, 0, 0, 0, 0, 
0, 0.98574, 0.98644, 0.98759, 0.98601, 0.98424, 0.98357, 0.98582, 
0.98398, 0.98235, 0.98498, 0.9851, 0.98509, 0.98526, 0.98488, 
0.98402, 0.98193, 0.98055, 0.98299, 0.98054, 0.98126, 0.98361, 
0.9825, 0.0833, 0.1005, 0.1136, 0.1254, 0.1418, 0.168, 0.1909, 
0.2833, 0.2198, 0.2295, 0.3543, 62, 72.8, 76.1, 79.5, 94.2, 92.7, 
100.7, 195.8, 103.9, 110.3, 213.8, 1451, 1918, 2073, 1295, 239, 
2429, 1889, 2326, 465, 1022, 255, 1, 3, 2, 1, 3, 1, 4, 1, 4, 
11, 8, 100, 100, 100, 100, 100, 100, 100, 100, 100, 100, 100, 
2500, 2500, 2500, 2500, 2500, 2500, 2500, 2500, 2500, 2500, 2500, 
13827.324, 14704.742, 15817.737, 17202.207, 18336.519, 20281.619, 
21808.105, 22581.83, 22953.514, 25216.643, 26737.865, 1, 1, 1, 
1, 1, 1, 1, 1, 1, 1, 1, 0.04, 0.04, 0.04, 0.04, 0.04, 0.04, 0.04, 
0.04, 0.04, 0.04, 0.04, 0, 0, 0, 0, 0, 0, 0, 0, 0, 0, 0, 0, 0, 
0, 0, 0, 0, 0, 0, 0, 0, 0, 0.98055, 0.97935, 0.98111, 0.98251, 
0.98007, 0.97968, 0.97893, 0.9794, 0.9809, 0.98259, 0.98088, 
0.98055, 0.98053, 0.98111, 0.98152, 0.981, 0.98012, 0.97894, 
0.98092, 0.98054, 0.98156, 0.98088, 0.106, 0.1208, 0.1326, 0.1434, 
0.1598, 0.1826, 0.1935, 0.2185, 0.2316, 0.2371, 0.2646, 100.7, 
108.5, 116.4, 120, 126.6, 137.4, 142.8, 146.5, 151.2, 153.4, 
160.3, 1, 1, 1, 1, 1, 1, 1, 1, 1, 1, 1, 1, 1, 1, 1, 1, 1, 1, 
1, 1, 1, 1, 1, 1, 1, 1, 1, 1, 1, 1, 1, 1, 1, 1, 1, 1, 1, 1, 1, 
1, 1, 1, 1, 1, 4.163, 4.094, 4.335, 4.375, 4.603, 5.015, 4.996, 
5.152, 5.223, 5.01, 5.455), .Dim = c(11L, 40L), .Dimnames = list(
    NULL, c("Sampling", "PSO.cost", "PSO.gamma", "PSO.data.balancing", 
    "PSO.feature.selection", "PSO.valid.acc", "PSO.test.acc", 
    "PSO.train.time", "PSO.n.support.vectors", "PSO.index", "PSO.n.solutions", 
    "PSO.generations", "PSO.n.evaluations", "PSO.cpu.time", "RS.cost", 
    "RS.gamma", "RS.data.balancing", "RS.feature.selection", 
    "RS.valid.acc", "RS.test.acc", "RS.train.time", "RS.n.support.vectors", 
    "RS.index", "RS.n.solutions", "RS.generations", "RS.n.evaluations", 
    "RS.cpu.time", "DF.cost", "DF.gamma", "DF.data.balancing", 
    "DF.feature.selection", "DF.valid.acc", "DF.test.acc", "DF.train.time", 
    "DF.n.support.vectors", "DF.index", "DF.n.solutions", "DF.generations", 
    "DF.n.evaluations", "DF.cpu.time")))
