full <-
structure(c(50, 55, 60, 65, 70, 75, 80, 85, 90, 95, 100, 14.76628, 
13.44759, 7.20963, 1.37966, 4.56356, 0.1923, 10.90244, 5.18442, 
15, 6.24405, 13.7663, -14.97113, -14.90215, -7.88219, -5.23532, 
-3.54356, -2.88208, -12.90942, -7.25482, -14.83171, -7.00845, 
-13.52915, 0, 0, 0, 0, 0, 0, 0, 0, 0, 0, 0, 0, 0, 0, 0, 0, 0, 
0, 0, 0, 0, 0, 0.9825, 0.98174, 0.98218, 0.98305, 0.98333, 0.98271, 
0.98297, 0.98359, 0.98379, 0.98464, 0.98542, 0.98119, 0.97879, 
0.98055, 0.97956, 0.98147, 0.97969, 0.98054, 0.97978, 0.98271, 
0.98327, 0.9825, 0.0966, 0.1087, 0.1214, 0.1339, 0.1666, 0.222, 
0.175, 0.1862, 0.2293, 0.2292, 0.2638, 57.9, 70.3, 74.3, 101, 
108.7, 175.7, 100, 106.3, 106.8, 107.4, 111, 565, 284, 2031, 
2016, 1607, 125, 1115, 863, 69, 98, 243, 24, 92, 347, 81, 132, 
312, 40, 23, 560, 467, 178, 100, 100, 100, 100, 100, 100, 100, 
100, 100, 100, 100, 2500, 2500, 2500, 2500, 2500, 2500, 2500, 
2500, 2500, 2500, 2500, 9911.721, 10145.728, 10605.403, 11847.552, 
13238.391, 14224.186, 13106.709, 13122.648, 13523.044, 13548.784, 
14215.807, 14.20519, 11.16818, 6.42614, 6.76892, 13.78311, 0.66814, 
11.10839, -0.05331, 14.9843, 6.24955, 14.53024, -14.13655, -12.79415, 
-7.81907, -7.45503, -8.45412, -2.49728, -13.24879, -4.39094, 
-14.70956, -7.0237, -14.12832, 0, 0, 0, 0, 0, 0, 0, 0, 0, 0, 
0, 0, 0, 0, 0, 0, 0, 0, 0, 0, 0, 0, 0.98185, 0.98115, 0.98217, 
0.98354, 0.98334, 0.98271, 0.98257, 0.98321, 0.98379, 0.98464, 
0.98542, 0.98119, 0.97879, 0.98109, 0.98055, 0.98009, 0.98098, 
0.98135, 0.98245, 0.98307, 0.98327, 0.9825, 0.0958, 0.1114, 0.121, 
0.1344, 0.2652, 0.2446, 0.1742, 0.2159, 0.2397, 0.2271, 0.2677, 
57.6, 71.3, 76.4, 78.5, 73.9, 198, 100.3, 148.7, 106.7, 107.9, 
110.8, 776, 399, 412, 1241, 6, 1882, 1329, 1152, 955, 1127, 2196, 
4, 11, 7, 1, 1, 1, 2, 5, 6, 1, 1, 100, 100, 100, 100, 100, 100, 
100, 100, 100, 100, 100, 2500, 2500, 2500, 2500, 2500, 2500, 
2500, 2500, 2500, 2500, 2500, 13379.191, 14506.298, 15703.355, 
16477.523, 17984.471, 19582.958, 20778.328, 22880.163, 24602.607, 
25073.602, 28831.848, 1, 1, 1, 1, 1, 1, 1, 1, 1, 1, 1, 0.04, 
0.04, 0.04, 0.04, 0.04, 0.04, 0.04, 0.04, 0.04, 0.04, 0.04, 0, 
0, 0, 0, 0, 0, 0, 0, 0, 0, 0, 0, 0, 0, 0, 0, 0, 0, 0, 0, 0, 0, 
0.97666, 0.97996, 0.98001, 0.98205, 0.98055, 0.98012, 0.98095, 
0.98283, 0.98054, 0.98053, 0.98153, 0.97537, 0.97761, 0.97948, 
0.98006, 0.98009, 0.98098, 0.98095, 0.98206, 0.97982, 0.98054, 
0.98186, 0.1027, 0.1188, 0.134, 0.1481, 0.1585, 0.1752, 0.2009, 
0.2103, 0.2387, 0.2425, 0.2723, 95.8, 105.7, 113.6, 119.3, 125.4, 
133.5, 140.1, 144.9, 152, 155.2, 158.3, 1, 1, 1, 1, 1, 1, 1, 
1, 1, 1, 1, 1, 1, 1, 1, 1, 1, 1, 1, 1, 1, 1, 1, 1, 1, 1, 1, 1, 
1, 1, 1, 1, 1, 1, 1, 1, 1, 1, 1, 1, 1, 1, 1, 1, 3.891, 4.219, 
4.341, 4.48, 4.546, 4.731, 5.009, 5.101, 5.536, 5.302, 5.808), .Dim = c(11L, 
40L), .Dimnames = list(NULL, c("Sampling", "PSO.cost", "PSO.gamma", 
"PSO.data.balancing", "PSO.feature.selection", "PSO.valid.acc", 
"PSO.test.acc", "PSO.train.time", "PSO.n.support.vectors", "PSO.index", 
"PSO.n.solutions", "PSO.generations", "PSO.n.evaluations", "PSO.cpu.time", 
"RS.cost", "RS.gamma", "RS.data.balancing", "RS.feature.selection", 
"RS.valid.acc", "RS.test.acc", "RS.train.time", "RS.n.support.vectors", 
"RS.index", "RS.n.solutions", "RS.generations", "RS.n.evaluations", 
"RS.cpu.time", "DF.cost", "DF.gamma", "DF.data.balancing", "DF.feature.selection", 
"DF.valid.acc", "DF.test.acc", "DF.train.time", "DF.n.support.vectors", 
"DF.index", "DF.n.solutions", "DF.generations", "DF.n.evaluations", 
"DF.cpu.time")))
