full <-
structure(c(50, 55, 60, 65, 70, 75, 80, 85, 90, 95, 100, 14.99147, 
11.45912, 14.87388, 14.00334, 11.53739, 13.44768, 8.44835, 7.5366, 
3.39596, 5.04957, 4.16451, -13.82412, -9.59389, -11.23577, -9.01868, 
-8.90665, -7.60417, -6.58143, -6.91201, -2.52996, -3.99534, -5.59035, 
0, 0, 0, 0, 0, 0, 0, 0, 0, 0, 0, 0, 0, 0, 0, 0, 0, 0, 0, 0, 0, 
0, 0.9877, 0.98646, 0.98813, 0.98754, 0.98564, 0.9879, 0.98703, 
0.98703, 0.98416, 0.98464, 0.98639, 0.98641, 0.98411, 0.98703, 
0.98454, 0.9824, 0.98573, 0.985, 0.98512, 0.98128, 0.98089, 0.98509, 
0.0682, 0.0755, 0.1165, 0.1423, 0.1173, 0.2124, 0.126, 0.1333, 
0.2268, 0.1777, 0.1742, 46.8, 53.3, 59, 59.7, 70.9, 70.8, 78.6, 
86, 191.5, 120.6, 117, 41, 167, 293, 218, 615, 412, 381, 1557, 
480, 2419, 522, 1793, 100, 345, 247, 69, 223, 320, 24, 159, 2, 
241, 100, 100, 100, 100, 100, 100, 100, 100, 100, 100, 100, 2500, 
2500, 2500, 2500, 2500, 2500, 2500, 2500, 2500, 2500, 2500, 10196.576, 
10637.076, 11193.239, 12270.265, 11310.469, 13312.986, 10435.027, 
11158.416, 13775.804, 13528.331, 13206.481, 13.38698, 11.46869, 
14.07483, 14.02908, 10.4424, 12.73696, 7.31616, 14.15942, 3.54384, 
3.95033, 4.33189, -12.59381, -9.60851, -10.90292, -9.03149, -10.99796, 
-7.27285, -6.57233, -10.03823, -4.28048, -3.4121, -5.52974, 0, 
0, 0, 0, 0, 0, 0, 0, 0, 0, 0, 0, 0, 0, 0, 0, 0, 0, 0, 0, 0, 0, 
0.9877, 0.98646, 0.98813, 0.98754, 0.98518, 0.98746, 0.98703, 
0.98665, 0.98379, 0.98396, 0.98606, 0.98641, 0.98411, 0.98703, 
0.98454, 0.98333, 0.98617, 0.98581, 0.98627, 0.98308, 0.98191, 
0.98574, 0.0636, 0.0759, 0.1066, 0.1411, 0.1042, 0.1876, 0.1225, 
0.2152, 0.1621, 0.2062, 0.1784, 47.2, 53.5, 59, 59.7, 78.8, 71.5, 
80.5, 81.9, 122, 152.7, 116.8, 68, 2001, 21, 2008, 413, 324, 
1125, 1471, 1307, 798, 803, 19, 1, 3, 1, 11, 7, 4, 1, 1, 1, 2, 
100, 100, 100, 100, 100, 100, 100, 100, 100, 100, 100, 2500, 
2500, 2500, 2500, 2500, 2500, 2500, 2500, 2500, 2500, 2500, 12787.623, 
13447.865, 14403.841, 15019.385, 16003.555, 16865.008, 17033.766, 
18161.358, 19865.413, 20801.126, 23929.538, 1, 1, 1, 1, 1, 1, 
1, 1, 1, 1, 1, 0.04, 0.04, 0.04, 0.04, 0.04, 0.04, 0.04, 0.04, 
0.04, 0.04, 0.04, 0, 0, 0, 0, 0, 0, 0, 0, 0, 0, 0, 0, 0, 0, 0, 
0, 0, 0, 0, 0, 0, 0, 0.98121, 0.97939, 0.98055, 0.98105, 0.98101, 
0.98227, 0.98176, 0.9813, 0.98091, 0.98088, 0.98121, 0.97992, 
0.98057, 0.9811, 0.98006, 0.97962, 0.98184, 0.98176, 0.98169, 
0.98163, 0.98225, 0.98185, 0.0711, 0.0798, 0.0915, 0.0993, 0.1146, 
0.1276, 0.1399, 0.1549, 0.1715, 0.191, 0.2039, 92.4, 97.6, 104.9, 
109.3, 120.3, 126.7, 130.6, 138.5, 148.1, 157.4, 160.6, 1, 1, 
1, 1, 1, 1, 1, 1, 1, 1, 1, 1, 1, 1, 1, 1, 1, 1, 1, 1, 1, 1, 1, 
1, 1, 1, 1, 1, 1, 1, 1, 1, 1, 1, 1, 1, 1, 1, 1, 1, 1, 1, 1, 1, 
4.155, 4.13, 4.282, 4.29, 4.408, 4.59, 4.187, 4.268, 4.505, 5.177, 
5.409), .Dim = c(11L, 40L), .Dimnames = list(NULL, c("Sampling", 
"PSO.cost", "PSO.gamma", "PSO.data.balancing", "PSO.feature.selection", 
"PSO.valid.acc", "PSO.test.acc", "PSO.train.time", "PSO.n.support.vectors", 
"PSO.index", "PSO.n.solutions", "PSO.generations", "PSO.n.evaluations", 
"PSO.cpu.time", "RS.cost", "RS.gamma", "RS.data.balancing", "RS.feature.selection", 
"RS.valid.acc", "RS.test.acc", "RS.train.time", "RS.n.support.vectors", 
"RS.index", "RS.n.solutions", "RS.generations", "RS.n.evaluations", 
"RS.cpu.time", "DF.cost", "DF.gamma", "DF.data.balancing", "DF.feature.selection", 
"DF.valid.acc", "DF.test.acc", "DF.train.time", "DF.n.support.vectors", 
"DF.index", "DF.n.solutions", "DF.generations", "DF.n.evaluations", 
"DF.cpu.time")))
