full <-
structure(c(50, 55, 60, 65, 70, 75, 80, 85, 90, 95, 100, 0.71116, 
15, 8.40362, 8.30543, 12.61539, 14.25456, 12.45065, 5.71817, 
14.15913, 5.40381, 6.98355, -4.95724, -13.13548, -9.48736, -11.11754, 
-8.72818, -13.71764, -8.6181, -5.0393, -11.69571, -5.57375, -6.81691, 
0, 0, 0, 0, 0, 0, 0, 0, 0, 0, 0, 0, 0, 0, 0, 0, 0, 0, 0, 0, 0, 
0, 0.98444, 0.98469, 0.98649, 0.98553, 0.9861, 0.98573, 0.98622, 
0.98589, 0.98559, 0.98703, 0.98542, 0.9812, 0.98292, 0.98271, 
0.98154, 0.98379, 0.98443, 0.98257, 0.98245, 0.98379, 0.98498, 
0.98315, 0.0942, 0.132, 0.1256, 0.1223, 0.2093, 0.1798, 0.2425, 
0.202, 0.2953, 0.2277, 0.2384, 81.8, 61.8, 69.7, 82.3, 72.3, 
82.6, 79.1, 99.7, 98.4, 103.5, 106.8, 2140, 1428, 426, 401, 404, 
220, 153, 271, 756, 309, 732, 4, 18, 217, 77, 158, 324, 66, 295, 
171, 118, 164, 100, 100, 100, 100, 100, 100, 100, 100, 100, 100, 
100, 2500, 2500, 2500, 2500, 2500, 2500, 2500, 2500, 2500, 2500, 
2500, 10606.403, 12379.257, 12432.027, 10708.711, 13899.801, 
14015.94, 14642.752, 15247.004, 16507.151, 16499.349, 16094.039, 
0.70692, 8.32213, 7.74891, 9.51589, 12.09455, 14.3978, 9.34988, 
5.03651, 14.02493, 5.75477, 5.96625, -4.96496, -8.05622, -9.2753, 
-11.90667, -8.54776, -13.73613, -9.33793, -4.9722, -11.63694, 
-5.5305, -6.32717, 0, 0, 0, 0, 0, 0, 0, 0, 0, 0, 0, 0, 0, 0, 
0, 0, 0, 0, 0, 0, 0, 0, 0.98444, 0.9841, 0.98649, 0.98503, 0.9861, 
0.98573, 0.98582, 0.98589, 0.98523, 0.98703, 0.98542, 0.9812, 
0.98352, 0.98433, 0.98254, 0.98426, 0.98443, 0.98501, 0.98322, 
0.98379, 0.98396, 0.98347, 0.0963, 0.1124, 0.1215, 0.1277, 0.2007, 
0.1759, 0.1821, 0.2, 0.2902, 0.221, 0.2463, 81.8, 60.5, 70.8, 
81.5, 72.9, 82.5, 85.6, 101.9, 98.7, 104, 110.8, 206, 565, 1302, 
164, 1989, 1592, 454, 1070, 522, 1882, 785, 1, 9, 3, 12, 1, 3, 
3, 2, 4, 1, 8, 100, 100, 100, 100, 100, 100, 100, 100, 100, 100, 
100, 2500, 2500, 2500, 2500, 2500, 2500, 2500, 2500, 2500, 2500, 
2500, 13028.853, 16466.445, 17735.177, 17688.727, 19951.656, 
21055.07, 22686.924, 24477.09, 26795.59, 26953.321, 28812.587, 
1, 1, 1, 1, 1, 1, 1, 1, 1, 1, 1, 0.04, 0.04, 0.04, 0.04, 0.04, 
0.04, 0.04, 0.04, 0.04, 0.04, 0.04, 0, 0, 0, 0, 0, 0, 0, 0, 0, 
0, 0, 0, 0, 0, 0, 0, 0, 0, 0, 0, 0, 0, 0.98119, 0.98292, 0.98325, 
0.98204, 0.98333, 0.98443, 0.98298, 0.9817, 0.98306, 0.98293, 
0.98218, 0.98185, 0.98351, 0.98325, 0.98155, 0.98287, 0.98356, 
0.98258, 0.98131, 0.98199, 0.98259, 0.98153, 0.0949, 0.111, 0.1243, 
0.1369, 0.1591, 0.1789, 0.1913, 0.2195, 0.2305, 0.2369, 0.2743, 
88, 94.3, 102.4, 110.5, 116.2, 124.5, 128.1, 140.9, 144.8, 148.6, 
160.7, 1, 1, 1, 1, 1, 1, 1, 1, 1, 1, 1, 1, 1, 1, 1, 1, 1, 1, 
1, 1, 1, 1, 1, 1, 1, 1, 1, 1, 1, 1, 1, 1, 1, 1, 1, 1, 1, 1, 1, 
1, 1, 1, 1, 1, 3.605, 4.634, 4.832, 4.887, 5.429, 5.747, 5.703, 
6.013, 6.082, 5.995, 6.671), .Dim = c(11L, 40L), .Dimnames = list(
    NULL, c("Sampling", "PSO.cost", "PSO.gamma", "PSO.data.balancing", 
    "PSO.feature.selection", "PSO.valid.acc", "PSO.test.acc", 
    "PSO.train.time", "PSO.n.support.vectors", "PSO.index", "PSO.n.solutions", 
    "PSO.generations", "PSO.n.evaluations", "PSO.cpu.time", "RS.cost", 
    "RS.gamma", "RS.data.balancing", "RS.feature.selection", 
    "RS.valid.acc", "RS.test.acc", "RS.train.time", "RS.n.support.vectors", 
    "RS.index", "RS.n.solutions", "RS.generations", "RS.n.evaluations", 
    "RS.cpu.time", "DF.cost", "DF.gamma", "DF.data.balancing", 
    "DF.feature.selection", "DF.valid.acc", "DF.test.acc", "DF.train.time", 
    "DF.n.support.vectors", "DF.index", "DF.n.solutions", "DF.generations", 
    "DF.n.evaluations", "DF.cpu.time")))
