full <-
structure(c(50, 55, 60, 65, 70, 75, 80, 85, 90, 95, 100, 3.50124, 
8.81205, 5.9372, 8.74603, 15, 4.43195, 4.27565, 2.64203, 5.31674, 
9.96378, 15, -2.81814, -7.07332, -6.799, -8.38811, -10.52859, 
-6.60994, -3.54141, -4.99877, -5.95574, -8.78811, -14.86326, 
0, 0, 0, 0, 0, 0, 0, 0, 0, 0, 0, 0, 0, 0, 0, 0, 0, 0, 0, 0, 0, 
0, 0.98704, 0.98939, 0.98595, 0.98505, 0.98426, 0.98529, 0.9854, 
0.98436, 0.98523, 0.98635, 0.98574, 0.98445, 0.98644, 0.98433, 
0.98255, 0.9824, 0.984, 0.98257, 0.98207, 0.98486, 0.98327, 0.98347, 
0.1138, 0.0985, 0.1076, 0.1277, 0.2489, 0.1413, 0.1966, 0.1911, 
0.2029, 0.2329, 0.2616, 106.7, 49.6, 65.3, 67.5, 72, 86.9, 124.3, 
117.3, 100.9, 100.1, 111.4, 648, 1170, 971, 332, 282, 161, 793, 
654, 1937, 38, 957, 447, 20, 54, 32, 44, 221, 97, 180, 49, 354, 
2, 100, 100, 100, 100, 100, 100, 100, 100, 100, 100, 100, 2500, 
2500, 2500, 2500, 2500, 2500, 2500, 2500, 2500, 2500, 2500, 9737.201, 
9120.03, 9725.849, 10245.266, 11535.858, 10631.704, 12234.767, 
12621.615, 13285.591, 13168.404, 14191.661, 3.79135, 6.96565, 
10.37433, 8.97055, 14.45067, 4.39986, 12.91165, 2.65962, 11.47322, 
11.74672, 13.55373, -3.30092, -5.99018, -9.46153, -8.53944, -10.27161, 
-6.60745, -13.76584, -5.01249, -7.96645, -9.64342, -12.83288, 
0, 0, 0, 0, 0, 0, 0, 0, 0, 0, 0, 0, 0, 0, 0, 0, 0, 0, 0, 0, 0, 
0, 0.9864, 0.9888, 0.98487, 0.98505, 0.98426, 0.98486, 0.9846, 
0.98436, 0.98523, 0.98635, 0.98541, 0.9851, 0.98468, 0.98487, 
0.98255, 0.9824, 0.984, 0.98338, 0.98207, 0.98378, 0.98259, 0.98315, 
0.1056, 0.0956, 0.1181, 0.1305, 0.2343, 0.1469, 0.1803, 0.1848, 
0.2543, 0.2609, 0.2625, 88, 52.9, 62.6, 66.9, 72.1, 87.2, 92, 
116.8, 90.7, 99.5, 109.5, 1064, 2, 124, 1203, 176, 527, 661, 
1474, 279, 157, 1009, 2, 4, 26, 1, 4, 3, 5, 2, 2, 6, 3, 100, 
100, 100, 100, 100, 100, 100, 100, 100, 100, 100, 2500, 2500, 
2500, 2500, 2500, 2500, 2500, 2500, 2500, 2500, 2500, 12489.268, 
13563.79, 15119.777, 15752.493, 17680.535, 18857.725, 19591.876, 
21238.986, 22072.285, 24411.253, 26876.512, 1, 1, 1, 1, 1, 1, 
1, 1, 1, 1, 1, 0.04, 0.04, 0.04, 0.04, 0.04, 0.04, 0.04, 0.04, 
0.04, 0.04, 0.04, 0, 0, 0, 0, 0, 0, 0, 0, 0, 0, 0, 0, 0, 0, 0, 
0, 0, 0, 0, 0, 0, 0, 0.9812, 0.9835, 0.98217, 0.98205, 0.9824, 
0.9814, 0.98176, 0.98093, 0.98198, 0.98191, 0.98152, 0.98055, 
0.98172, 0.98109, 0.98255, 0.98194, 0.98097, 0.98176, 0.98054, 
0.98234, 0.98191, 0.98152, 0.0967, 0.1116, 0.1292, 0.1359, 0.1526, 
0.1655, 0.1899, 0.2107, 0.2245, 0.2414, 0.2575, 92.1, 97, 105.9, 
113.9, 120.3, 124.9, 134.6, 144.6, 149.5, 152, 159.8, 1, 1, 1, 
1, 1, 1, 1, 1, 1, 1, 1, 1, 1, 1, 1, 1, 1, 1, 1, 1, 1, 1, 1, 1, 
1, 1, 1, 1, 1, 1, 1, 1, 1, 1, 1, 1, 1, 1, 1, 1, 1, 1, 1, 1, 3.492, 
3.799, 4.024, 3.878, 4.292, 4.386, 4.529, 4.753, 4.959, 5.271, 
5.22), .Dim = c(11L, 40L), .Dimnames = list(NULL, c("Sampling", 
"PSO.cost", "PSO.gamma", "PSO.data.balancing", "PSO.feature.selection", 
"PSO.valid.acc", "PSO.test.acc", "PSO.train.time", "PSO.n.support.vectors", 
"PSO.index", "PSO.n.solutions", "PSO.generations", "PSO.n.evaluations", 
"PSO.cpu.time", "RS.cost", "RS.gamma", "RS.data.balancing", "RS.feature.selection", 
"RS.valid.acc", "RS.test.acc", "RS.train.time", "RS.n.support.vectors", 
"RS.index", "RS.n.solutions", "RS.generations", "RS.n.evaluations", 
"RS.cpu.time", "DF.cost", "DF.gamma", "DF.data.balancing", "DF.feature.selection", 
"DF.valid.acc", "DF.test.acc", "DF.train.time", "DF.n.support.vectors", 
"DF.index", "DF.n.solutions", "DF.generations", "DF.n.evaluations", 
"DF.cpu.time")))
