full <-
structure(c(50, 55, 60, 65, 70, 75, 80, 85, 90, 95, 100, 0.09916, 
-0.19874, 7.73946, 8.68764, 10.65402, 2.28731, 13.08169, 13.4004, 
3.491, 13.39483, 9.0641, -3.17905, -4.56221, -7.17717, -11.95671, 
-9.5124, -4.9334, -11.1952, -14.14392, -3.17253, -11.56764, -8.4799, 
0, 0, 0, 0, 0, 0, 0, 0, 0, 0, 0, 0, 0, 0, 0, 0, 0, 0, 0, 0, 0, 
0, 0.9838, 0.98468, 0.98488, 0.98156, 0.98379, 0.98444, 0.9842, 
0.9836, 0.98523, 0.98464, 0.98509, 0.98186, 0.98233, 0.98217, 
0.97956, 0.98194, 0.98314, 0.98176, 0.98169, 0.98199, 0.98361, 
0.98282, 0.1097, 0.1043, 0.1142, 0.1252, 0.1574, 0.1521, 0.2115, 
0.1984, 0.243, 0.2652, 0.2394, 116.6, 98.4, 66.6, 87.2, 79.5, 
103.9, 90.1, 101, 151.6, 106.6, 107.6, 234, 352, 1312, 587, 692, 
282, 446, 595, 1083, 2455, 396, 440, 274, 52, 78, 127, 577, 131, 
409, 55, 2, 120, 100, 100, 100, 100, 100, 100, 100, 100, 100, 
100, 100, 2500, 2500, 2500, 2500, 2500, 2500, 2500, 2500, 2500, 
2500, 2500, 10166.524, 10813.567, 10144.546, 10543.077, 11014.66, 
11326.61, 13035.943, 12318.687, 14559.346, 13903.374, 13585.643, 
-0.30475, -1.0765, 7.3879, 0.23617, 9.04754, 1.67895, 13.65853, 
13.37241, 3.13132, 13.87043, 6.96727, -3.04456, -3.37156, -7.00668, 
-5.04294, -9.04842, -4.65211, -11.17925, -14.05635, -3.02169, 
-11.70651, -7.07837, 0, 0, 0, 0, 0, 0, 0, 0, 0, 0, 0, 0, 0, 0, 
0, 0, 0, 0, 0, 0, 0, 0, 0.9838, 0.9841, 0.98488, 0.98255, 0.98379, 
0.98444, 0.9838, 0.9836, 0.98451, 0.9843, 0.98509, 0.98186, 0.98115, 
0.98217, 0.98004, 0.98101, 0.98314, 0.98176, 0.98169, 0.98271, 
0.98361, 0.9825, 0.1159, 0.1262, 0.1124, 0.1265, 0.1499, 0.155, 
0.2277, 0.1935, 0.2532, 0.2952, 0.2553, 121.8, 126.6, 67.1, 106.3, 
80.8, 109.5, 89.7, 100.9, 159.5, 106.2, 107.6, 346, 1036, 668, 
98, 1989, 2060, 669, 506, 117, 801, 1922, 9, 4, 1, 1, 1, 2, 3, 
2, 2, 3, 1, 100, 100, 100, 100, 100, 100, 100, 100, 100, 100, 
100, 2500, 2500, 2500, 2500, 2500, 2500, 2500, 2500, 2500, 2500, 
2500, 12888.444, 13788.441, 14776.556, 16049.051, 17760.229, 
18804.195, 19738.598, 21030.671, 23246.89, 25128.08, 28668.796, 
1, 1, 1, 1, 1, 1, 1, 1, 1, 1, 1, 0.04, 0.04, 0.04, 0.04, 0.04, 
0.04, 0.04, 0.04, 0.04, 0.04, 0.04, 0, 0, 0, 0, 0, 0, 0, 0, 0, 
0, 0, 0, 0, 0, 0, 0, 0, 0, 0, 0, 0, 0, 0.98121, 0.9841, 0.9811, 
0.98005, 0.97916, 0.98271, 0.98055, 0.98092, 0.98127, 0.9802, 
0.98218, 0.98315, 0.98291, 0.9811, 0.98004, 0.97916, 0.98228, 
0.98055, 0.98169, 0.98127, 0.9802, 0.98185, 0.0929, 0.1032, 0.1155, 
0.1352, 0.1465, 0.1634, 0.1824, 0.1999, 0.2077, 0.2288, 0.2724, 
87.2, 96.2, 103.1, 110.7, 118.6, 121.9, 133.1, 140.1, 144.2, 
153, 159.1, 1, 1, 1, 1, 1, 1, 1, 1, 1, 1, 1, 1, 1, 1, 1, 1, 1, 
1, 1, 1, 1, 1, 1, 1, 1, 1, 1, 1, 1, 1, 1, 1, 1, 1, 1, 1, 1, 1, 
1, 1, 1, 1, 1, 1, 3.663, 3.803, 3.872, 4.097, 4.311, 4.484, 4.68, 
4.891, 4.944, 5.182, 6.331), .Dim = c(11L, 40L), .Dimnames = list(
    NULL, c("Sampling", "PSO.cost", "PSO.gamma", "PSO.data.balancing", 
    "PSO.feature.selection", "PSO.valid.acc", "PSO.test.acc", 
    "PSO.train.time", "PSO.n.support.vectors", "PSO.index", "PSO.n.solutions", 
    "PSO.generations", "PSO.n.evaluations", "PSO.cpu.time", "RS.cost", 
    "RS.gamma", "RS.data.balancing", "RS.feature.selection", 
    "RS.valid.acc", "RS.test.acc", "RS.train.time", "RS.n.support.vectors", 
    "RS.index", "RS.n.solutions", "RS.generations", "RS.n.evaluations", 
    "RS.cpu.time", "DF.cost", "DF.gamma", "DF.data.balancing", 
    "DF.feature.selection", "DF.valid.acc", "DF.test.acc", "DF.train.time", 
    "DF.n.support.vectors", "DF.index", "DF.n.solutions", "DF.generations", 
    "DF.n.evaluations", "DF.cpu.time")))
