full <-
structure(c(50, 55, 60, 65, 70, 75, 80, 85, 90, 95, 100, 4.16719, 
4.4472, 4.27636, 3.22981, 3.78047, 10.46842, 3.38103, 9.64037, 
3.95683, 15, 10.24928, -5.52883, -4.83311, -3.17237, -3.38992, 
-4.23331, -7.7937, -2.8765, -8.06843, -4.74319, -14.81782, -9.71512, 
0, 0, 0, 0, 0, 0, 0, 0, 0, 0, 0, 0, 0, 0, 0, 0, 0, 0, 0, 0, 0, 
0, 0.98512, 0.98585, 0.98541, 0.98603, 0.98379, 0.98487, 0.9842, 
0.98283, 0.98342, 0.98497, 0.98607, 0.98253, 0.98114, 0.98434, 
0.98404, 0.98286, 0.9814, 0.98053, 0.9813, 0.98089, 0.98361, 
0.98412, 0.064, 0.0756, 0.1067, 0.1209, 0.1134, 0.1385, 0.1803, 
0.1549, 0.1573, 0.1788, 0.1907, 69.5, 75.6, 115, 124.2, 102.4, 
81.5, 161.9, 94, 116.3, 107.9, 109.1, 160, 1908, 213, 642, 283, 
565, 978, 2245, 2086, 249, 725, 419, 30, 216, 344, 345, 291, 
85, 1, 5, 209, 117, 100, 100, 100, 100, 100, 100, 100, 100, 100, 
100, 100, 2500, 2500, 2500, 2500, 2500, 2500, 2500, 2500, 2500, 
2500, 2500, 10318.422, 10697.943, 11429.099, 11881.587, 12023.857, 
12064.637, 13602.012, 12898.604, 13819.343, 13307.923, 13750.346, 
5.44151, 4.25514, 3.09162, 3.12335, 3.99207, 8.64526, 3.14723, 
8.94062, 5.74478, 14.6426, 9.73133, -6.37733, -4.71729, -2.48782, 
-3.10471, -4.29312, -7.90134, -4.59879, -7.73406, -5.69046, -14.61182, 
-9.45226, 0, 0, 0, 0, 0, 0, 0, 0, 0, 0, 0, 0, 0, 0, 0, 0, 0, 
0, 0, 0, 0, 0, 0.98512, 0.98526, 0.98541, 0.98553, 0.98379, 0.98487, 
0.98378, 0.98283, 0.9827, 0.98463, 0.98575, 0.98318, 0.98232, 
0.98326, 0.98504, 0.98332, 0.98228, 0.98054, 0.9813, 0.98053, 
0.98361, 0.98412, 0.063, 0.0731, 0.1275, 0.1278, 0.1134, 0.1236, 
0.1341, 0.1534, 0.1568, 0.1771, 0.1852, 65.2, 76.2, 150.8, 135.4, 
99.4, 84.9, 113.4, 95, 104.6, 108.5, 109.2, 298, 2298, 1242, 
1473, 2092, 189, 868, 703, 898, 952, 761, 4, 3, 1, 1, 3, 7, 2, 
1, 5, 1, 3, 100, 100, 100, 100, 100, 100, 100, 100, 100, 100, 
100, 2500, 2500, 2500, 2500, 2500, 2500, 2500, 2500, 2500, 2500, 
2500, 12746.746, 13689.881, 14598.354, 15592.318, 16837.57, 17881.77, 
18856.18, 19993.573, 21154.507, 22057.953, 23461.96, 1, 1, 1, 
1, 1, 1, 1, 1, 1, 1, 1, 0.04, 0.04, 0.04, 0.04, 0.04, 0.04, 0.04, 
0.04, 0.04, 0.04, 0.04, 0, 0, 0, 0, 0, 0, 0, 0, 0, 0, 0, 0, 0, 
0, 0, 0, 0, 0, 0, 0, 0, 0, 0.98124, 0.97937, 0.9784, 0.98005, 
0.97869, 0.97882, 0.97892, 0.97979, 0.98089, 0.98019, 0.98251, 
0.97929, 0.97877, 0.97893, 0.97905, 0.97962, 0.97969, 0.97974, 
0.97978, 0.97981, 0.98293, 0.98153, 0.071, 0.0827, 0.0958, 0.1076, 
0.1239, 0.1355, 0.1478, 0.165, 0.1749, 0.188, 0.2011, 94.2, 102.8, 
108.3, 118.6, 129.1, 133, 138.6, 147.5, 150.9, 154.9, 159.2, 
1, 1, 1, 1, 1, 1, 1, 1, 1, 1, 1, 1, 1, 1, 1, 1, 1, 1, 1, 1, 1, 
1, 1, 1, 1, 1, 1, 1, 1, 1, 1, 1, 1, 1, 1, 1, 1, 1, 1, 1, 1, 1, 
1, 1, 4.054, 4.151, 4.479, 4.483, 4.666, 4.884, 4.91, 5.185, 
5.326, 5.347, 5.469), .Dim = c(11L, 40L), .Dimnames = list(NULL, 
    c("Sampling", "PSO.cost", "PSO.gamma", "PSO.data.balancing", 
    "PSO.feature.selection", "PSO.valid.acc", "PSO.test.acc", 
    "PSO.train.time", "PSO.n.support.vectors", "PSO.index", "PSO.n.solutions", 
    "PSO.generations", "PSO.n.evaluations", "PSO.cpu.time", "RS.cost", 
    "RS.gamma", "RS.data.balancing", "RS.feature.selection", 
    "RS.valid.acc", "RS.test.acc", "RS.train.time", "RS.n.support.vectors", 
    "RS.index", "RS.n.solutions", "RS.generations", "RS.n.evaluations", 
    "RS.cpu.time", "DF.cost", "DF.gamma", "DF.data.balancing", 
    "DF.feature.selection", "DF.valid.acc", "DF.test.acc", "DF.train.time", 
    "DF.n.support.vectors", "DF.index", "DF.n.solutions", "DF.generations", 
    "DF.n.evaluations", "DF.cpu.time")))
