full <-
structure(c(50, 55, 60, 65, 70, 75, 80, 85, 90, 95, 100, 12.96556, 
3.86043, 8.74554, 8.21104, 8.00813, 6.53915, 7.10988, 10.65567, 
14.21746, 15, 11.28602, -14.14646, -4.8981, -7.79505, -8.35097, 
-8.3495, -6.0136, -6.81804, -8.84192, -10.0667, -14.7021, -10.76526, 
0, 0, 0, 0, 0, 0, 0, 0, 0, 0, 0, 0, 0, 0, 0, 0, 0, 0, 0, 0, 0, 
0, 0.98379, 0.98468, 0.98488, 0.98555, 0.98565, 0.98574, 0.98501, 
0.9855, 0.98559, 0.9843, 0.98477, 0.98185, 0.98291, 0.98271, 
0.98605, 0.98194, 0.98401, 0.98176, 0.98283, 0.98307, 0.98396, 
0.98444, 0.0908, 0.1024, 0.122, 0.1282, 0.1484, 0.161, 0.1852, 
0.2193, 0.3866, 0.2428, 0.2651, 58.1, 78.1, 66.9, 68.9, 81.1, 
85.6, 93, 95.4, 99.3, 107, 111.1, 244, 2118, 343, 51, 354, 232, 
1393, 161, 1681, 258, 249, 114, 2, 97, 377, 463, 748, 16, 120, 
1, 649, 104, 100, 100, 100, 100, 100, 100, 100, 100, 100, 100, 
100, 2500, 2500, 2500, 2500, 2500, 2500, 2500, 2500, 2500, 2500, 
2500, 9853.074, 10605.728, 10572.171, 10625.44, 11049.784, 11591.673, 
13502.637, 13422.253, 17087.396, 13657.555, 15296.955, 8.07709, 
6.36258, 10.84672, 7.49813, 6.56119, 6.74274, 6.97465, 7.91771, 
12.81921, 14.56239, 14.95273, -7.09279, -5.42963, -8.95163, -8.09511, 
-7.30418, -6.10185, -6.70027, -7.57749, -9.43082, -14.1316, -13.48298, 
0, 0, 0, 0, 0, 0, 0, 0, 0, 0, 0, 0, 0, 0, 0, 0, 0, 0, 0, 0, 0, 
0, 0.98379, 0.98409, 0.98434, 0.98555, 0.98565, 0.98574, 0.9846, 
0.9855, 0.98451, 0.9843, 0.98477, 0.98444, 0.98291, 0.98218, 
0.98604, 0.98194, 0.98358, 0.98257, 0.98245, 0.98235, 0.98362, 
0.9838, 0.0947, 0.1087, 0.1319, 0.1265, 0.1434, 0.1624, 0.1811, 
0.1893, 0.312, 0.2495, 0.2839, 55.3, 63.8, 65.5, 71.1, 81.1, 
85.2, 92.8, 97.1, 100.3, 106.8, 108.4, 885, 2254, 1096, 51, 130, 
1329, 1276, 1181, 1159, 217, 237, 5, 1, 5, 20, 7, 1, 3, 1, 1, 
8, 2, 100, 100, 100, 100, 100, 100, 100, 100, 100, 100, 100, 
2500, 2500, 2500, 2500, 2500, 2500, 2500, 2500, 2500, 2500, 2500, 
13331.483, 14723.058, 15841.949, 16606.812, 17495.548, 19694.666, 
20811.091, 22713.493, 23619.421, 25030.321, 26670.863, 1, 1, 
1, 1, 1, 1, 1, 1, 1, 1, 1, 0.04, 0.04, 0.04, 0.04, 0.04, 0.04, 
0.04, 0.04, 0.04, 0.04, 0.04, 0, 0, 0, 0, 0, 0, 0, 0, 0, 0, 0, 
0, 0, 0, 0, 0, 0, 0, 0, 0, 0, 0, 0.97731, 0.98056, 0.97947, 0.98006, 
0.98102, 0.97926, 0.98055, 0.98016, 0.97946, 0.98123, 0.98088, 
0.9786, 0.97997, 0.97947, 0.98155, 0.97917, 0.97883, 0.98014, 
0.98016, 0.9791, 0.98054, 0.98088, 0.0993, 0.1116, 0.1269, 0.14, 
0.1552, 0.1799, 0.1945, 0.2091, 0.2344, 0.2426, 0.261, 92.6, 
100.3, 107.7, 112.9, 122.6, 127.8, 136.8, 144.7, 153.1, 154.9, 
160, 1, 1, 1, 1, 1, 1, 1, 1, 1, 1, 1, 1, 1, 1, 1, 1, 1, 1, 1, 
1, 1, 1, 1, 1, 1, 1, 1, 1, 1, 1, 1, 1, 1, 1, 1, 1, 1, 1, 1, 1, 
1, 1, 1, 1, 3.914, 4.162, 4.104, 4.238, 4.431, 4.821, 4.999, 
5.079, 5.095, 5.103, 5.538), .Dim = c(11L, 40L), .Dimnames = list(
    NULL, c("Sampling", "PSO.cost", "PSO.gamma", "PSO.data.balancing", 
    "PSO.feature.selection", "PSO.valid.acc", "PSO.test.acc", 
    "PSO.train.time", "PSO.n.support.vectors", "PSO.index", "PSO.n.solutions", 
    "PSO.generations", "PSO.n.evaluations", "PSO.cpu.time", "RS.cost", 
    "RS.gamma", "RS.data.balancing", "RS.feature.selection", 
    "RS.valid.acc", "RS.test.acc", "RS.train.time", "RS.n.support.vectors", 
    "RS.index", "RS.n.solutions", "RS.generations", "RS.n.evaluations", 
    "RS.cpu.time", "DF.cost", "DF.gamma", "DF.data.balancing", 
    "DF.feature.selection", "DF.valid.acc", "DF.test.acc", "DF.train.time", 
    "DF.n.support.vectors", "DF.index", "DF.n.solutions", "DF.generations", 
    "DF.n.evaluations", "DF.cpu.time")))
