full <-
structure(c(50, 55, 60, 65, 70, 75, 80, 85, 90, 95, 100, 11.4949, 
6.72116, 7.02063, 15, 13.95199, 7.46104, 10.54437, 7.72602, 15, 
15, 15, -13.13901, -7.66331, -7.7371, -9.81363, -10.0327, -8.78521, 
-9.12491, -8.5926, -10.07295, -8.85695, -14.36404, 0, 0, 0, 0, 
0, 0, 0, 0, 0, 0, 0, 0, 0, 0, 0, 0, 0, 0, 0, 0, 0, 0, 0.98315, 
0.98585, 0.98487, 0.98453, 0.98657, 0.98661, 0.98622, 0.98551, 
0.98595, 0.98635, 0.98541, 0.98121, 0.98055, 0.98325, 0.98303, 
0.98611, 0.98531, 0.9846, 0.98475, 0.98451, 0.98566, 0.98476, 
0.0928, 0.1061, 0.1157, 0.2654, 0.2245, 0.1629, 0.206, 0.2061, 
0.4232, 0.5584, 0.2888, 64.2, 66.4, 69.9, 67.8, 70.4, 82.7, 82, 
94, 84, 89.9, 111.9, 341, 118, 825, 446, 127, 677, 2152, 71, 
1154, 571, 435, 53, 332, 164, 142, 509, 113, 7, 109, 37, 420, 
48, 100, 100, 100, 100, 100, 100, 100, 100, 100, 100, 100, 2500, 
2500, 2500, 2500, 2500, 2500, 2500, 2500, 2500, 2500, 2500, 9034.365, 
9457.301, 9835.598, 12546.449, 12076.871, 13472.883, 14172.796, 
14448.94, 16075.684, 19741.887, 16546.92, 13.15411, 5.7169, 7.04064, 
14.27367, 13.53733, 10.6431, 10.32943, 7.81034, 2.71676, 14.82779, 
13.89584, -14.69814, -7.02272, -7.81317, -9.41113, -9.77416, 
-9.84874, -9.04974, -8.7041, -2.63271, -8.7151, -11.40006, 0, 
0, 0, 0, 0, 0, 0, 0, 0, 0, 0, 0, 0, 0, 0, 0, 0, 0, 0, 0, 0, 0, 
0.98315, 0.98585, 0.98433, 0.98403, 0.98657, 0.98618, 0.98581, 
0.98551, 0.98595, 0.98635, 0.98541, 0.98121, 0.98114, 0.98433, 
0.98303, 0.98657, 0.98445, 0.985, 0.98475, 0.98414, 0.986, 0.98412, 
0.0925, 0.0991, 0.118, 0.2338, 0.2291, 0.1815, 0.1993, 0.2048, 
0.2952, 0.5361, 0.3509, 63.8, 67.4, 70.1, 67.3, 71.1, 79.3, 82.1, 
93.9, 178.8, 90.6, 106.8, 450, 305, 298, 2453, 667, 1826, 2495, 
1922, 2334, 1895, 1114, 1, 8, 14, 7, 9, 19, 3, 2, 1, 1, 2, 100, 
100, 100, 100, 100, 100, 100, 100, 100, 100, 100, 2500, 2500, 
2500, 2500, 2500, 2500, 2500, 2500, 2500, 2500, 2500, 12644.982, 
13854.14, 14657.116, 16258.541, 19788.151, 21395.64, 23456.43, 
25071.204, 25888.278, 27656.399, 30467.803, 1, 1, 1, 1, 1, 1, 
1, 1, 1, 1, 1, 0.04, 0.04, 0.04, 0.04, 0.04, 0.04, 0.04, 0.04, 
0.04, 0.04, 0.04, 0, 0, 0, 0, 0, 0, 0, 0, 0, 0, 0, 0, 0, 0, 0, 
0, 0, 0, 0, 0, 0, 0, 0.97797, 0.98056, 0.98164, 0.98303, 0.98472, 
0.98488, 0.98297, 0.9836, 0.98451, 0.98259, 0.98185, 0.97926, 
0.98174, 0.98217, 0.98154, 0.98425, 0.98488, 0.98338, 0.98208, 
0.98343, 0.98293, 0.98152, 0.1062, 0.1123, 0.1271, 0.1447, 0.1586, 
0.1821, 0.2039, 0.2227, 0.2374, 0.2485, 0.2808, 99.2, 101.6, 
109.2, 115.1, 117.7, 124.2, 130.5, 136.7, 140, 150.1, 159.9, 
1, 1, 1, 1, 1, 1, 1, 1, 1, 1, 1, 1, 1, 1, 1, 1, 1, 1, 1, 1, 1, 
1, 1, 1, 1, 1, 1, 1, 1, 1, 1, 1, 1, 1, 1, 1, 1, 1, 1, 1, 1, 1, 
1, 1, 3.705, 3.625, 3.808, 4.188, 5.01, 5.419, 5.644, 5.923, 
6.03, 5.919, 6.373), .Dim = c(11L, 40L), .Dimnames = list(NULL, 
    c("Sampling", "PSO.cost", "PSO.gamma", "PSO.data.balancing", 
    "PSO.feature.selection", "PSO.valid.acc", "PSO.test.acc", 
    "PSO.train.time", "PSO.n.support.vectors", "PSO.index", "PSO.n.solutions", 
    "PSO.generations", "PSO.n.evaluations", "PSO.cpu.time", "RS.cost", 
    "RS.gamma", "RS.data.balancing", "RS.feature.selection", 
    "RS.valid.acc", "RS.test.acc", "RS.train.time", "RS.n.support.vectors", 
    "RS.index", "RS.n.solutions", "RS.generations", "RS.n.evaluations", 
    "RS.cpu.time", "DF.cost", "DF.gamma", "DF.data.balancing", 
    "DF.feature.selection", "DF.valid.acc", "DF.test.acc", "DF.train.time", 
    "DF.n.support.vectors", "DF.index", "DF.n.solutions", "DF.generations", 
    "DF.n.evaluations", "DF.cpu.time")))
