full <-
structure(c(50, 55, 60, 65, 70, 75, 80, 85, 90, 95, 100, 1.94897, 
14.24594, 3.56618, 9.73591, 2.55942, 15, 15, 15, 3.4297, 12.9685, 
8.41721, -4.63469, -9.74762, -5.77457, -10.88029, -2.87937, -14.5434, 
-13.31497, -13.7405, -2.38214, -11.5882, -8.86219, 0, 0, 0, 0, 
0, 0, 0, 0, 0, 0, 0, 0, 0, 0, 0, 0, 0, 0, 0, 0, 0, 0, 0.98318, 
0.98408, 0.98378, 0.98505, 0.98702, 0.9853, 0.9842, 0.9855, 0.98559, 
0.98532, 0.98412, 0.97928, 0.98054, 0.98163, 0.98255, 0.98563, 
0.98401, 0.98541, 0.98359, 0.98415, 0.98464, 0.9825, 0.0984, 
0.1808, 0.1116, 0.1382, 0.1848, 0.1736, 0.2081, 0.2274, 0.3056, 
0.256, 0.2414, 88.6, 62.2, 80.3, 82.2, 145.3, 87.5, 89, 94.3, 
196, 100.2, 109.6, 536, 658, 1031, 217, 111, 175, 450, 292, 1949, 
39, 535, 63, 28, 371, 314, 509, 1314, 241, 512, 16, 245, 203, 
100, 100, 100, 100, 100, 100, 100, 100, 100, 100, 100, 2500, 
2500, 2500, 2500, 2500, 2500, 2500, 2500, 2500, 2500, 2500, 11407.75, 
10517.482, 10670.85, 11207.975, 13258.118, 12326.645, 12741.063, 
13269.701, 16195.676, 13995.817, 13842.311, 2.39828, 10.70909, 
6.70845, 10.37166, 2.09935, 3.50361, 14.83417, 3.20993, 3.93562, 
2.03553, 9.34606, -5.00204, -8.03759, -6.88068, -11.21151, -2.90351, 
-2.72587, -13.23469, -2.74734, -2.82365, -4.76388, -9.41302, 
0, 0, 0, 0, 0, 0, 0, 0, 0, 0, 0, 0, 0, 0, 0, 0, 0, 0, 0, 0, 0, 
0, 0.98318, 0.98349, 0.98325, 0.98505, 0.98563, 0.98617, 0.9842, 
0.98588, 0.98523, 0.98566, 0.98379, 0.97993, 0.97937, 0.98325, 
0.98305, 0.98516, 0.98746, 0.98541, 0.98436, 0.98523, 0.98327, 
0.98315, 0.0974, 0.1222, 0.1239, 0.1457, 0.1946, 0.2079, 0.2102, 
0.2575, 0.2604, 0.2259, 0.2413, 84.6, 62.5, 71.7, 82, 146.4, 
149.2, 89.2, 166.5, 161.9, 129, 108.9, 552, 387, 533, 255, 879, 
1189, 1742, 1968, 54, 1775, 1467, 1, 3, 1, 10, 2, 3, 1, 1, 9, 
1, 7, 100, 100, 100, 100, 100, 100, 100, 100, 100, 100, 100, 
2500, 2500, 2500, 2500, 2500, 2500, 2500, 2500, 2500, 2500, 2500, 
13708.104, 14390.218, 15423.095, 16464.417, 18444.166, 18998.316, 
20669.098, 22033.717, 22944.021, 24540.344, 26339.467, 1, 1, 
1, 1, 1, 1, 1, 1, 1, 1, 1, 0.04, 0.04, 0.04, 0.04, 0.04, 0.04, 
0.04, 0.04, 0.04, 0.04, 0.04, 0, 0, 0, 0, 0, 0, 0, 0, 0, 0, 0, 
0, 0, 0, 0, 0, 0, 0, 0, 0, 0, 0, 0.97734, 0.97996, 0.98001, 0.98106, 
0.98054, 0.98185, 0.98095, 0.9813, 0.9809, 0.98191, 0.98217, 
0.97409, 0.98114, 0.98, 0.98106, 0.98054, 0.98142, 0.98136, 0.98207, 
0.98126, 0.98157, 0.9812, 0.1091, 0.115, 0.1287, 0.1432, 0.1568, 
0.1679, 0.2014, 0.2074, 0.2257, 0.235, 0.2623, 103.1, 106.5, 
112, 120.2, 126.7, 131.1, 138.1, 142.7, 149.4, 151.5, 161.3, 
1, 1, 1, 1, 1, 1, 1, 1, 1, 1, 1, 1, 1, 1, 1, 1, 1, 1, 1, 1, 1, 
1, 1, 1, 1, 1, 1, 1, 1, 1, 1, 1, 1, 1, 1, 1, 1, 1, 1, 1, 1, 1, 
1, 1, 4.001, 3.936, 4.265, 4.406, 4.572, 4.661, 5.016, 4.876, 
5.226, 5.242, 5.434), .Dim = c(11L, 40L), .Dimnames = list(NULL, 
    c("Sampling", "PSO.cost", "PSO.gamma", "PSO.data.balancing", 
    "PSO.feature.selection", "PSO.valid.acc", "PSO.test.acc", 
    "PSO.train.time", "PSO.n.support.vectors", "PSO.index", "PSO.n.solutions", 
    "PSO.generations", "PSO.n.evaluations", "PSO.cpu.time", "RS.cost", 
    "RS.gamma", "RS.data.balancing", "RS.feature.selection", 
    "RS.valid.acc", "RS.test.acc", "RS.train.time", "RS.n.support.vectors", 
    "RS.index", "RS.n.solutions", "RS.generations", "RS.n.evaluations", 
    "RS.cpu.time", "DF.cost", "DF.gamma", "DF.data.balancing", 
    "DF.feature.selection", "DF.valid.acc", "DF.test.acc", "DF.train.time", 
    "DF.n.support.vectors", "DF.index", "DF.n.solutions", "DF.generations", 
    "DF.n.evaluations", "DF.cpu.time")))
