full <-
structure(c(50, 55, 60, 65, 70, 75, 80, 85, 90, 95, 100, 2.27712, 
9.93854, 3.50262, 4.40216, 12.81357, 4.201, 4.36858, 11.22651, 
3.36621, 9.01328, 9.05418, -4.24167, -7.94729, -5.14241, -4.79245, 
-10.41262, -5.61431, -4.42205, -7.81344, -5.24263, -7.82444, 
-10.1453, 0, 0, 0, 0, 0, 0, 0, 0, 0, 0, 0, 0, 0, 0, 0, 0, 0, 
0, 0, 0, 0, 0, 0.98702, 0.98821, 0.98812, 0.98554, 0.98611, 0.98703, 
0.98542, 0.98398, 0.98523, 0.986, 0.98574, 0.98702, 0.98644, 
0.9865, 0.98305, 0.98287, 0.98357, 0.98217, 0.98245, 0.98307, 
0.98362, 0.98509, 0.0895, 0.0999, 0.1083, 0.1278, 0.1866, 0.1515, 
0.1764, 0.2433, 0.2049, 0.2329, 0.2473, 76.6, 48.3, 77.3, 83.9, 
81.3, 90.5, 102, 88.7, 116.4, 100.4, 114.4, 430, 399, 841, 1645, 
773, 2312, 1769, 1810, 331, 99, 545, 520, 377, 36, 26, 116, 2, 
10, 122, 428, 308, 112, 100, 100, 100, 100, 100, 100, 100, 100, 
100, 100, 100, 2500, 2500, 2500, 2500, 2500, 2500, 2500, 2500, 
2500, 2500, 2500, 9074.166, 9254.989, 9693.54, 10467.569, 11373.586, 
12218.795, 12415.331, 13145.498, 12665.294, 13117.714, 15654.219, 
1.99996, 6.90881, 5.26264, 7.25209, 12.18969, 3.70459, 3.74137, 
3.8041, 3.76118, 8.63267, 10.4647, -3.96383, -5.87359, -5.66944, 
-6.69225, -10.13732, -5.46204, -4.06461, -3.86804, -5.43143, 
-7.57292, -10.49789, 0, 0, 0, 0, 0, 0, 0, 0, 0, 0, 0, 0, 0, 0, 
0, 0, 0, 0, 0, 0, 0, 0, 0.98702, 0.98763, 0.98758, 0.98504, 0.98611, 
0.9866, 0.98461, 0.98474, 0.98523, 0.98566, 0.98541, 0.98637, 
0.98704, 0.98596, 0.98305, 0.98287, 0.9827, 0.98258, 0.98398, 
0.98343, 0.98362, 0.98444, 0.0935, 0.0995, 0.1103, 0.1301, 0.1759, 
0.1505, 0.1862, 0.2072, 0.2037, 0.2317, 0.2637, 80.9, 54.6, 68.6, 
71.7, 81.5, 93.7, 113.8, 124.4, 112.6, 101, 110.6, 552, 1644, 
1171, 1167, 256, 1270, 775, 136, 10, 51, 174, 2, 2, 2, 8, 1, 
3, 5, 5, 2, 2, 19, 100, 100, 100, 100, 100, 100, 100, 100, 100, 
100, 100, 2500, 2500, 2500, 2500, 2500, 2500, 2500, 2500, 2500, 
2500, 2500, 12245.024, 13451.931, 14914.903, 15386.271, 17871.229, 
19357.166, 20942.763, 21484.968, 23488.65, 25661.266, 28451.099, 
1, 1, 1, 1, 1, 1, 1, 1, 1, 1, 1, 0.04, 0.04, 0.04, 0.04, 0.04, 
0.04, 0.04, 0.04, 0.04, 0.04, 0.04, 0, 0, 0, 0, 0, 0, 0, 0, 0, 
0, 0, 0, 0, 0, 0, 0, 0, 0, 0, 0, 0, 0, 0.9812, 0.98233, 0.98162, 
0.98156, 0.97963, 0.98054, 0.98136, 0.98055, 0.97947, 0.98224, 
0.98152, 0.98185, 0.98233, 0.98108, 0.98056, 0.98056, 0.98097, 
0.98055, 0.98092, 0.98091, 0.98224, 0.9825, 0.0926, 0.1024, 0.1149, 
0.1293, 0.1561, 0.1667, 0.1897, 0.2131, 0.2267, 0.2478, 0.2816, 
83.4, 90.7, 100.3, 107.7, 121.1, 125.4, 136.1, 142.7, 148.1, 
155.9, 159.1, 1, 1, 1, 1, 1, 1, 1, 1, 1, 1, 1, 1, 1, 1, 1, 1, 
1, 1, 1, 1, 1, 1, 1, 1, 1, 1, 1, 1, 1, 1, 1, 1, 1, 1, 1, 1, 1, 
1, 1, 1, 1, 1, 1, 1, 3.577, 3.721, 3.741, 4.01, 4.416, 4.46, 
4.67, 5.011, 5.139, 5.356, 6.713), .Dim = c(11L, 40L), .Dimnames = list(
    NULL, c("Sampling", "PSO.cost", "PSO.gamma", "PSO.data.balancing", 
    "PSO.feature.selection", "PSO.valid.acc", "PSO.test.acc", 
    "PSO.train.time", "PSO.n.support.vectors", "PSO.index", "PSO.n.solutions", 
    "PSO.generations", "PSO.n.evaluations", "PSO.cpu.time", "RS.cost", 
    "RS.gamma", "RS.data.balancing", "RS.feature.selection", 
    "RS.valid.acc", "RS.test.acc", "RS.train.time", "RS.n.support.vectors", 
    "RS.index", "RS.n.solutions", "RS.generations", "RS.n.evaluations", 
    "RS.cpu.time", "DF.cost", "DF.gamma", "DF.data.balancing", 
    "DF.feature.selection", "DF.valid.acc", "DF.test.acc", "DF.train.time", 
    "DF.n.support.vectors", "DF.index", "DF.n.solutions", "DF.generations", 
    "DF.n.evaluations", "DF.cpu.time")))
