full <-
structure(c(50, 55, 60, 65, 70, 75, 80, 85, 90, 95, 100, 7.47541, 
-0.34421, 0.83698, 14.05651, 2.90275, 11.64714, 13.99351, 5.66276, 
7.06031, 6.91396, 10.05175, -9.91752, -2.88558, -3.79235, -13.91789, 
-3.8988, -11.55019, -14.21552, -6.33996, -7.83247, -8.50622, 
-9.96693, 0, 0, 0, 0, 0, 0, 0, 0, 0, 0, 0, 0, 0, 0, 0, 0, 0, 
0, 0, 0, 0, 0, 0.98639, 0.98763, 0.98813, 0.98753, 0.98889, 0.98746, 
0.98784, 0.98589, 0.98595, 0.98566, 0.98542, 0.98574, 0.98645, 
0.98704, 0.98704, 0.98703, 0.98746, 0.98501, 0.98588, 0.98379, 
0.98463, 0.98412, 0.0833, 0.1423, 0.1337, 0.1328, 0.1396, 0.1652, 
0.1692, 0.1761, 0.1965, 0.2248, 0.2508, 54.1, 139.8, 107.1, 64.3, 
95.6, 76.6, 79.7, 92.4, 96.2, 110.7, 110.3, 33, 256, 624, 196, 
146, 1996, 300, 408, 227, 278, 1191, 807, 911, 355, 457, 195, 
6, 665, 271, 294, 102, 16, 100, 100, 100, 100, 100, 100, 100, 
100, 100, 100, 100, 2500, 2500, 2500, 2500, 2500, 2500, 2500, 
2500, 2500, 2500, 2500, 9453.256, 11897.67, 11472.153, 10605.321, 
11780.871, 11574.236, 11723.559, 12060.663, 12528.738, 12962.751, 
13354.794, 11.70165, -0.81182, 0.86038, 13.56441, 3.1046, 11.59079, 
14.84083, 8.02551, 7.00471, 7.02347, 8.97396, -14.28904, -2.70018, 
-3.37801, -13.48981, -3.93919, -11.50955, -14.93831, -6.65006, 
-7.82576, -8.78608, -9.5154, 0, 0, 0, 0, 0, 0, 0, 0, 0, 0, 0, 
0, 0, 0, 0, 0, 0, 0, 0, 0, 0, 0, 0.98639, 0.98704, 0.98758, 0.98753, 
0.98889, 0.98746, 0.98784, 0.98475, 0.98595, 0.98565, 0.98509, 
0.98574, 0.98586, 0.98704, 0.98704, 0.98703, 0.98746, 0.98501, 
0.98436, 0.98379, 0.98463, 0.98412, 0.0813, 0.1535, 0.1381, 0.1308, 
0.1397, 0.161, 0.1703, 0.1961, 0.1986, 0.2183, 0.2411, 55, 155, 
119.1, 64.2, 94.8, 76.9, 79.4, 88, 96.1, 111.6, 112.3, 38, 1693, 
109, 1483, 2297, 1689, 2126, 1341, 1745, 852, 2029, 106, 1, 9, 
8, 3, 1, 2, 18, 1, 2, 3, 100, 100, 100, 100, 100, 100, 100, 100, 
100, 100, 100, 2500, 2500, 2500, 2500, 2500, 2500, 2500, 2500, 
2500, 2500, 2500, 13645.083, 14737.639, 15146.379, 16435.432, 
17382.335, 18717.122, 19820.262, 21686.317, 23168.159, 23744.063, 
26191.447, 1, 1, 1, 1, 1, 1, 1, 1, 1, 1, 1, 0.04, 0.04, 0.04, 
0.04, 0.04, 0.04, 0.04, 0.04, 0.04, 0.04, 0.04, 0, 0, 0, 0, 0, 
0, 0, 0, 0, 0, 0, 0, 0, 0, 0, 0, 0, 0, 0, 0, 0, 0, 0.9838, 0.98586, 
0.98597, 0.98703, 0.98519, 0.984, 0.98298, 0.98283, 0.98343, 
0.98156, 0.98088, 0.98574, 0.98468, 0.98651, 0.98604, 0.98565, 
0.98314, 0.98338, 0.98283, 0.98307, 0.98156, 0.98218, 0.0998, 
0.1089, 0.1202, 0.1291, 0.1438, 0.161, 0.1763, 0.1997, 0.2171, 
0.2434, 0.2542, 86.1, 94.9, 98.9, 100.6, 105.8, 118.6, 124.5, 
135, 141.2, 152.7, 159.2, 1, 1, 1, 1, 1, 1, 1, 1, 1, 1, 1, 1, 
1, 1, 1, 1, 1, 1, 1, 1, 1, 1, 1, 1, 1, 1, 1, 1, 1, 1, 1, 1, 1, 
1, 1, 1, 1, 1, 1, 1, 1, 1, 1, 1, 4.004, 4.131, 3.961, 3.994, 
4.334, 4.605, 4.601, 4.952, 4.881, 5.127, 5.417), .Dim = c(11L, 
40L), .Dimnames = list(NULL, c("Sampling", "PSO.cost", "PSO.gamma", 
"PSO.data.balancing", "PSO.feature.selection", "PSO.valid.acc", 
"PSO.test.acc", "PSO.train.time", "PSO.n.support.vectors", "PSO.index", 
"PSO.n.solutions", "PSO.generations", "PSO.n.evaluations", "PSO.cpu.time", 
"RS.cost", "RS.gamma", "RS.data.balancing", "RS.feature.selection", 
"RS.valid.acc", "RS.test.acc", "RS.train.time", "RS.n.support.vectors", 
"RS.index", "RS.n.solutions", "RS.generations", "RS.n.evaluations", 
"RS.cpu.time", "DF.cost", "DF.gamma", "DF.data.balancing", "DF.feature.selection", 
"DF.valid.acc", "DF.test.acc", "DF.train.time", "DF.n.support.vectors", 
"DF.index", "DF.n.solutions", "DF.generations", "DF.n.evaluations", 
"DF.cpu.time")))
