full <-
structure(c(50, 55, 60, 65, 70, 75, 80, 85, 90, 95, 100, 3.48003, 
15, 13.98663, 13.93343, 9.51611, 12.75662, 10.89797, 9.55122, 
6.30418, 5.33326, 12.17349, -5.17259, -13.37093, -13.32967, -13.74088, 
-10.75793, -9.54401, -7.33597, -7.47327, -7.16818, -5.96617, 
-9.90195, 0, 0, 0, 0, 0, 0, 0, 0, 0, 0, 0, 0, 0, 0, 0, 0, 0, 
0, 0, 0, 0, 0, 0.98121, 0.98351, 0.9838, 0.98453, 0.98519, 0.9853, 
0.98662, 0.9855, 0.98523, 0.98634, 0.98542, 0.97667, 0.98292, 
0.98218, 0.98254, 0.98194, 0.98401, 0.98378, 0.98245, 0.98378, 
0.98634, 0.9825, 0.0936, 0.1294, 0.142, 0.1506, 0.1577, 0.2215, 
0.2002, 0.2075, 0.2111, 0.221, 0.3264, 77.3, 69.6, 73.3, 77.4, 
88.5, 77.9, 75.8, 86.6, 101.2, 101.5, 106.3, 86, 230, 608, 509, 
200, 351, 486, 431, 760, 431, 337, 490, 376, 167, 34, 230, 149, 
30, 389, 70, 136, 114, 100, 100, 100, 100, 100, 100, 100, 100, 
100, 100, 100, 2500, 2500, 2500, 2500, 2500, 2500, 2500, 2500, 
2500, 2500, 2500, 9049.789, 9709.531, 12442.529, 12828.847, 13092.071, 
14696.5, 14219.071, 14371.912, 15168.637, 15682.327, 17482.069, 
11.10689, 14.90764, 12.9642, 14.4494, 8.23314, 14.02336, 10.16324, 
9.43494, 11.00056, 5.29704, 13.49226, -10.87378, -13.32042, -13.42914, 
-14.23239, -9.12318, -10.14527, -6.95798, -7.44515, -9.10379, 
-5.92775, -10.56807, 0, 0, 0, 0, 0, 0, 0, 0, 0, 0, 0, 0, 0, 0, 
0, 0, 0, 0, 0, 0, 0, 0, 0.98185, 0.98351, 0.98326, 0.98453, 0.98472, 
0.9853, 0.98622, 0.9855, 0.98487, 0.986, 0.9851, 0.9799, 0.98292, 
0.98164, 0.98254, 0.98333, 0.98358, 0.98419, 0.98283, 0.98486, 
0.98634, 0.98218, 0.108, 0.1285, 0.1362, 0.1504, 0.1539, 0.2506, 
0.1917, 0.205, 0.2391, 0.2215, 0.3647, 69.2, 69.8, 76.8, 77.6, 
86.6, 77.9, 76.8, 86.5, 95.9, 101.6, 106.9, 1787, 1259, 306, 
1380, 814, 2014, 565, 2161, 144, 194, 1251, 3, 1, 17, 2, 5, 2, 
1, 1, 23, 9, 2, 100, 100, 100, 100, 100, 100, 100, 100, 100, 
100, 100, 2500, 2500, 2500, 2500, 2500, 2500, 2500, 2500, 2500, 
2500, 2500, 12440.026, 14482.771, 16998.801, 18155.022, 19701.634, 
21136.424, 22725.545, 24004.884, 25298.9, 26431.901, 29456.285, 
1, 1, 1, 1, 1, 1, 1, 1, 1, 1, 1, 0.04, 0.04, 0.04, 0.04, 0.04, 
0.04, 0.04, 0.04, 0.04, 0.04, 0.04, 0, 0, 0, 0, 0, 0, 0, 0, 0, 
0, 0, 0, 0, 0, 0, 0, 0, 0, 0, 0, 0, 0, 0.97603, 0.97761, 0.9784, 
0.97804, 0.97824, 0.98011, 0.98135, 0.98016, 0.98126, 0.98122, 
0.98153, 0.97602, 0.97938, 0.97894, 0.97954, 0.9787, 0.98141, 
0.98095, 0.98092, 0.98234, 0.98224, 0.98185, 0.1061, 0.1234, 
0.1305, 0.1459, 0.1634, 0.1726, 0.1942, 0.21, 0.2317, 0.2459, 
0.2833, 102.3, 107.3, 110.1, 116.8, 123.2, 127.3, 132.1, 141.4, 
149.6, 149.6, 159, 1, 1, 1, 1, 1, 1, 1, 1, 1, 1, 1, 1, 1, 1, 
1, 1, 1, 1, 1, 1, 1, 1, 1, 1, 1, 1, 1, 1, 1, 1, 1, 1, 1, 1, 1, 
1, 1, 1, 1, 1, 1, 1, 1, 1, 3.677, 4.8, 4.878, 5.037, 5.273, 5.258, 
5.626, 5.704, 5.933, 6.019, 6.639), .Dim = c(11L, 40L), .Dimnames = list(
    NULL, c("Sampling", "PSO.cost", "PSO.gamma", "PSO.data.balancing", 
    "PSO.feature.selection", "PSO.valid.acc", "PSO.test.acc", 
    "PSO.train.time", "PSO.n.support.vectors", "PSO.index", "PSO.n.solutions", 
    "PSO.generations", "PSO.n.evaluations", "PSO.cpu.time", "RS.cost", 
    "RS.gamma", "RS.data.balancing", "RS.feature.selection", 
    "RS.valid.acc", "RS.test.acc", "RS.train.time", "RS.n.support.vectors", 
    "RS.index", "RS.n.solutions", "RS.generations", "RS.n.evaluations", 
    "RS.cpu.time", "DF.cost", "DF.gamma", "DF.data.balancing", 
    "DF.feature.selection", "DF.valid.acc", "DF.test.acc", "DF.train.time", 
    "DF.n.support.vectors", "DF.index", "DF.n.solutions", "DF.generations", 
    "DF.n.evaluations", "DF.cpu.time")))
