full <-
structure(c(50, 55, 60, 65, 70, 75, 80, 85, 90, 95, 100, -1.78541, 
-1.96297, 7.50974, 4.01524, -2, 1.01631, 4.13857, -0.05121, 7.45387, 
7.45607, 11.3333, -14.1019, -9.03882, -14.72955, -10.97621, -6.39146, 
-14.0107, -14.47109, -14.77338, -14.73183, -14.16062, -4.12907, 
0, 0, 0, 0, 0, 0, 0, 0, 0, 0, 0, 0, 0, 0, 0, 0, 0, 0, 0, 0, 0, 
0, 0.03438, 0.05126, 0.0441, 0.02663, 0.02449, 0.02473, 0.04066, 
0.03356, 0.02587, 0.01605, 0.01347, 0.04167, 0.04793, 0.03158, 
0.02281, 0.03519, 0.02002, 0.03599, 0.03584, 0.01694, 0.00792, 
0.0077, 0.0817, 0.0906, 0.1025, 0.1135, 0.1222, 0.1351, 0.1476, 
0.1665, 0.1833, 0.2011, 0.2197, 211.2, 232, 252.8, 273.6, 294.4, 
315.2, 336, 356.8, 377.6, 398.4, 421.8, 12, 2, 1031, 1006, 552, 
5, 11, 3, 21, 151, 195, 1944, 1922, 19, 13, 441, 2234, 2175, 
2051, 1533, 450, 585, 100, 100, 100, 100, 100, 100, 100, 100, 
100, 100, 100, 2500, 2500, 2500, 2500, 2500, 2500, 2500, 2500, 
2500, 2500, 2500, 8849.017, 9109.427, 9141.628, 9726.149, 9842.53999999999, 
10171.604, 10595.707, 10723.572, 11082.844, 11484.553, 12280.708, 
-1.97699, 2.08083, 6.58419, 5.89326, -1.72562, 6.0268, 2.87528, 
6.75992, 3.14407, 6.99599, 11.6382, -6.10303, -12.15698, -13.80932, 
-12.84737, -4.99253, -12.3355, -10.8943, -14.13389, -11.87856, 
-14.05585, -4.43964, 0, 0, 0, 0, 0, 0, 0, 0, 0, 0, 0, 0, 0, 0, 
0, 0, 0, 0, 0, 0, 0, 0, 0.03438, 0.05126, 0.0441, 0.02663, 0.02449, 
0.02485, 0.04066, 0.03356, 0.02587, 0.01605, 0.01162, 0.03783, 
0.04793, 0.03158, 0.02281, 0.02978, 0.01246, 0.03599, 0.03125, 
0.01907, 0.008, 0.0077, 0.0847, 0.0904, 0.1028, 0.1096, 0.1279, 
0.1371, 0.1496, 0.1628, 0.1773, 0.1983, 0.2225, 211.2, 232, 252.8, 
273.6, 294.4, 315.2, 336, 356.8, 377.6, 398.4, 421.6, 8, 7, 1661, 
1189, 67, 513, 26, 3, 11, 477, 780, 390, 365, 2, 1, 7, 1, 310, 
326, 144, 7, 1, 100, 100, 100, 100, 100, 100, 100, 100, 100, 
100, 100, 2500, 2500, 2500, 2500, 2500, 2500, 2500, 2500, 2500, 
2500, 2500, 8992.06, 9225.792, 9306.736, 9838.962, 10063.973, 
10418.896, 10784.408, 11079.415, 11230.182, 11809.649, 12298.746, 
1, 1, 1, 1, 1, 1, 1, 1, 1, 1, 1, 0.04762, 0.04762, 0.04762, 0.04762, 
0.04762, 0.04762, 0.04762, 0.04762, 0.04762, 0.04762, 0.04762, 
0, 0, 0, 0, 0, 0, 0, 0, 0, 0, 0, 0, 0, 0, 0, 0, 0, 0, 0, 0, 0, 
0, 0.00741, 0.00667, 0, 0.00648, 0.00263, 0, 0.00745, 0, 0.0043, 
0.002, 0, 0.00787, 0.00678, 0.00286, 0.00563, 0.0025, 0.00745, 
0, 0.00667, 0, 0, 0, 0.0844, 0.0954, 0.1051, 0.115, 0.1273, 0.137, 
0.1581, 0.1709, 0.1877, 0.1953, 0.2111, 211.2, 232, 252.8, 273.6, 
294.4, 315.2, 336, 356.8, 377.6, 398.4, 422.4, 1, 1, 1, 1, 1, 
1, 1, 1, 1, 1, 1, 1, 1, 1, 1, 1, 1, 1, 1, 1, 1, 1, 1, 1, 1, 1, 
1, 1, 1, 1, 1, 1, 1, 1, 1, 1, 1, 1, 1, 1, 1, 1, 1, 1, 3.573, 
3.546, 3.777, 3.855, 3.956, 3.895, 4.197, 4.289, 4.53, 4.603, 
4.811), .Dim = c(11L, 40L), .Dimnames = list(NULL, c("Sampling", 
"PSO.cost", "PSO.gamma", "PSO.data.balancing", "PSO.feature.selection", 
"PSO.valid.acc", "PSO.test.acc", "PSO.train.time", "PSO.n.support.vectors", 
"PSO.index", "PSO.n.solutions", "PSO.generations", "PSO.n.evaluations", 
"PSO.cpu.time", "RS.cost", "RS.gamma", "RS.data.balancing", "RS.feature.selection", 
"RS.valid.acc", "RS.test.acc", "RS.train.time", "RS.n.support.vectors", 
"RS.index", "RS.n.solutions", "RS.generations", "RS.n.evaluations", 
"RS.cpu.time", "DF.cost", "DF.gamma", "DF.data.balancing", "DF.feature.selection", 
"DF.valid.acc", "DF.test.acc", "DF.train.time", "DF.n.support.vectors", 
"DF.index", "DF.n.solutions", "DF.generations", "DF.n.evaluations", 
"DF.cpu.time")))
