full <-
structure(c(50, 55, 60, 65, 70, 75, 80, 85, 90, 95, 100, 1.95194, 
-2, 2.12186, 1.9567, 5.27772, 5.49922, 3.60954, 4.58545, 4.28717, 
13.30789, 13.19591, -10.40784, -5.18087, -10.00506, -12.93998, 
-14.14015, -12.96679, -12.11285, -14.22888, -14.95346, -6.40412, 
-3.78862, 0, 0, 0, 0, 0, 0, 0, 0, 0, 0, 0, 0, 0, 0, 0, 0, 0, 
0, 0, 0, 0, 0, 0.0373, 0.03129, 0.04456, 0.04994, 0.05705, 0.03489, 
0.03362, 0.04073, 0.02537, 0.01596, 0.01298, 0.03389, 0.02068, 
0.05133, 0.035, 0.05442, 0.03524, 0.03107, 0.03811, 0.02347, 
0.006, 0.00577, 0.0811, 0.0932, 0.0995, 0.1149, 0.1231, 0.1339, 
0.1477, 0.1642, 0.1776, 0.2151, 0.2347, 211.2, 232, 252.8, 273.6, 
294.4, 315.2, 336, 356.8, 377.6, 396.9, 421.9, 7, 75, 31, 9, 
9, 161, 2, 7, 4, 380, 2468, 2032, 1044, 1716, 1953, 1401, 153, 
1503, 1866, 1508, 265, 1, 100, 100, 100, 100, 100, 100, 100, 
100, 100, 100, 100, 2500, 2500, 2500, 2500, 2500, 2500, 2500, 
2500, 2500, 2500, 2500, 8592.657, 9124.714, 9325.141, 9678.604, 
9919.96799999999, 10226.206, 10629.015, 10979.627, 11441.978, 
12415.2, 12883.359, -1.49364, -1.62698, 1.54889, 6.25779, 2.5607, 
4.31579, 3.29079, 3.6678, 3.9483, 13.84959, 13.42956, -12.6358, 
-5.32107, -9.91865, -14.98476, -12.74255, -11.81644, -11.73773, 
-14.15036, -13.43388, -6.68279, -3.89293, 0, 0, 0, 0, 0, 0, 0, 
0, 0, 0, 0, 0, 0, 0, 0, 0, 0, 0, 0, 0, 0, 0, 0.0373, 0.03129, 
0.04456, 0.04994, 0.05705, 0.03489, 0.03362, 0.04073, 0.02537, 
0.01396, 0.01298, 0.03389, 0.02068, 0.04788, 0.035, 0.05442, 
0.03524, 0.03107, 0.03811, 0.02347, 0.006, 0.00577, 0.0803, 0.091, 
0.1024, 0.11, 0.1228, 0.1372, 0.1487, 0.1598, 0.1799, 0.2122, 
0.2336, 211.2, 232, 252.8, 273.6, 294.4, 315.2, 336, 356.8, 377.6, 
396.8, 421.9, 6, 1723, 44, 9, 32, 132, 48, 26, 7, 241, 542, 369, 
1, 110, 382, 104, 6, 107, 78, 106, 17, 1, 100, 100, 100, 100, 
100, 100, 100, 100, 100, 100, 100, 2500, 2500, 2500, 2500, 2500, 
2500, 2500, 2500, 2500, 2500, 2500, 8831.02, 9267.997, 9656.177, 
9863.333, 10106.25, 10489.281, 10797.716, 11294.921, 11828.538, 
12210.492, 12799.814, 1, 1, 1, 1, 1, 1, 1, 1, 1, 1, 1, 0.04762, 
0.04762, 0.04762, 0.04762, 0.04762, 0.04762, 0.04762, 0.04762, 
0.04762, 0.04762, 0.04762, 0, 0, 0, 0, 0, 0, 0, 0, 0, 0, 0, 0, 
0, 0, 0, 0, 0, 0, 0, 0, 0, 0, 0, 0.00715, 0.00323, 0.00294, 0, 
0, 0.00263, 0, 0, 0, 0, 0.004, 0, 0.00303, 0, 0.01082, 0.00244, 
0.00482, 0.00233, 0, 0.002, 0.00189, 0.0842, 0.0899, 0.1061, 
0.1167, 0.1247, 0.1406, 0.1578, 0.1682, 0.1863, 0.1989, 0.2199, 
211.2, 232, 252.8, 273.6, 294.4, 315.2, 336, 356.8, 377.6, 398.4, 
422.4, 1, 1, 1, 1, 1, 1, 1, 1, 1, 1, 1, 1, 1, 1, 1, 1, 1, 1, 
1, 1, 1, 1, 1, 1, 1, 1, 1, 1, 1, 1, 1, 1, 1, 1, 1, 1, 1, 1, 1, 
1, 1, 1, 1, 1, 3.492, 3.404, 3.812, 3.931, 3.996, 4.143, 4.304, 
4.393, 4.749, 4.898, 5.155), .Dim = c(11L, 40L), .Dimnames = list(
    NULL, c("Sampling", "PSO.cost", "PSO.gamma", "PSO.data.balancing", 
    "PSO.feature.selection", "PSO.valid.acc", "PSO.test.acc", 
    "PSO.train.time", "PSO.n.support.vectors", "PSO.index", "PSO.n.solutions", 
    "PSO.generations", "PSO.n.evaluations", "PSO.cpu.time", "RS.cost", 
    "RS.gamma", "RS.data.balancing", "RS.feature.selection", 
    "RS.valid.acc", "RS.test.acc", "RS.train.time", "RS.n.support.vectors", 
    "RS.index", "RS.n.solutions", "RS.generations", "RS.n.evaluations", 
    "RS.cpu.time", "DF.cost", "DF.gamma", "DF.data.balancing", 
    "DF.feature.selection", "DF.valid.acc", "DF.test.acc", "DF.train.time", 
    "DF.n.support.vectors", "DF.index", "DF.n.solutions", "DF.generations", 
    "DF.n.evaluations", "DF.cpu.time")))
