full <-
structure(c(50, 55, 60, 65, 70, 75, 80, 85, 90, 95, 100, -0.31688, 
-1.29824, -2, -0.60505, -1.26513, 2.69734, -2, -0.00929, 5.27135, 
14.33271, 14.63422, -11.90513, -12.33011, -5.98385, -6.64113, 
-13.93755, -14.79711, -1.51752, -10.30545, -14.77352, -7.29152, 
-5.04183, 0, 0, 0, 0, 0, 0, 0, 0, 0, 0, 0, 0, 0, 0, 0, 0, 0, 
0, 0, 0, 0, 0, 0.05397, 0.02758, 0.03532, 0.04969, 0.03745, 0.04586, 
0.04114, 0.02223, 0.02315, 0.01796, 0.01496, 0.0519, 0.03524, 
0.03453, 0.04385, 0.04107, 0.05099, 0.03776, 0.02462, 0.01051, 
0.01196, 0.01125, 0.0817, 0.0899, 0.1038, 0.1166, 0.1263, 0.1302, 
0.1509, 0.1616, 0.1818, 0.2116, 0.2343, 211.2, 232, 252.8, 273.6, 
294.4, 315.2, 336, 356.8, 377.6, 397.3, 421.6, 9, 21, 405, 30, 
2, 8, 35, 47, 3, 118, 80, 2023, 1953, 120, 1517, 2135, 1900, 
1805, 2113, 1947, 856, 622, 100, 100, 100, 100, 100, 100, 100, 
100, 100, 100, 100, 2500, 2500, 2500, 2500, 2500, 2500, 2500, 
2500, 2500, 2500, 2500, 8832.853, 9122.978, 9550.384, 9588.08100000001, 
9719.435, 10087.495, 10608.042, 10958.188, 11508.496, 12275.332, 
12916.402, -1.34472, 3.08331, -1.9183, -1.81759, 0.16817, 0.5208, 
2.59557, 1.07057, 2.35594, 12.5463, 14.13656, 1.08912, -14.69529, 
-5.9849, -6.91771, -10.58469, -14.5149, -14.60259, -10.49587, 
-10.91306, -5.91494, -4.73763, 0, 0, 0, 0, 0, 0, 0, 0, 0, 0, 
0, 0, 0, 0, 0, 0, 0, 0, 0, 0, 0, 0, 0.06099, 0.02758, 0.03532, 
0.04969, 0.03745, 0.04586, 0.04114, 0.02223, 0.02315, 0.01796, 
0.0131, 0.0439, 0.03524, 0.03453, 0.04679, 0.04107, 0.05099, 
0.04054, 0.02462, 0.01051, 0.01196, 0.0094, 0.0858, 0.0933, 0.104, 
0.1138, 0.1206, 0.1358, 0.1522, 0.1607, 0.1785, 0.2133, 0.2282, 
211.2, 232, 252.8, 273.6, 294.4, 315.2, 336, 356.8, 377.6, 397.4, 
421.7, 680, 10, 161, 141, 19, 1, 28, 70, 8, 257, 785, 7, 172, 
3, 32, 205, 310, 270, 181, 323, 11, 5, 100, 100, 100, 100, 100, 
100, 100, 100, 100, 100, 100, 2500, 2500, 2500, 2500, 2500, 2500, 
2500, 2500, 2500, 2500, 2500, 9027.095, 9380.221, 9568.64999999999, 
9771.304, 10004.638, 10330.77, 10847.168, 11115.864, 11759.588, 
12198.604, 12919.821, 1, 1, 1, 1, 1, 1, 1, 1, 1, 1, 1, 0.04762, 
0.04762, 0.04762, 0.04762, 0.04762, 0.04762, 0.04762, 0.04762, 
0.04762, 0.04762, 0.04762, 0, 0, 0, 0, 0, 0, 0, 0, 0, 0, 0, 0, 
0, 0, 0, 0, 0, 0, 0, 0, 0, 0, 0.0037, 0.00294, 0.00648, 0.00928, 
0.00256, 0.0027, 0.00488, 0, 0.0063, 0, 0, 0.00715, 0, 0, 0.0059, 
0.00812, 0.00527, 0, 0.00444, 0, 0.002, 0, 0.086, 0.0977, 0.1084, 
0.1215, 0.131, 0.1467, 0.1516, 0.1638, 0.1824, 0.1964, 0.2166, 
211.2, 232, 252.8, 273.6, 294.4, 315.2, 336, 356.8, 377.6, 398.4, 
422.4, 1, 1, 1, 1, 1, 1, 1, 1, 1, 1, 1, 1, 1, 1, 1, 1, 1, 1, 
1, 1, 1, 1, 1, 1, 1, 1, 1, 1, 1, 1, 1, 1, 1, 1, 1, 1, 1, 1, 1, 
1, 1, 1, 1, 1, 3.598, 3.65, 3.851, 4.013, 4, 4.215, 4.326, 4.241, 
4.681, 4.639, 5.201), .Dim = c(11L, 40L), .Dimnames = list(NULL, 
    c("Sampling", "PSO.cost", "PSO.gamma", "PSO.data.balancing", 
    "PSO.feature.selection", "PSO.valid.acc", "PSO.test.acc", 
    "PSO.train.time", "PSO.n.support.vectors", "PSO.index", "PSO.n.solutions", 
    "PSO.generations", "PSO.n.evaluations", "PSO.cpu.time", "RS.cost", 
    "RS.gamma", "RS.data.balancing", "RS.feature.selection", 
    "RS.valid.acc", "RS.test.acc", "RS.train.time", "RS.n.support.vectors", 
    "RS.index", "RS.n.solutions", "RS.generations", "RS.n.evaluations", 
    "RS.cpu.time", "DF.cost", "DF.gamma", "DF.data.balancing", 
    "DF.feature.selection", "DF.valid.acc", "DF.test.acc", "DF.train.time", 
    "DF.n.support.vectors", "DF.index", "DF.n.solutions", "DF.generations", 
    "DF.n.evaluations", "DF.cpu.time")))
