full <-
structure(c(50, 55, 60, 65, 70, 75, 80, 85, 90, 95, 100, -1.72632, 
-2, 4.45696, -1.64271, 4.23929, 2.28861, 0.51183, 0.87684, 6.13084, 
13.47437, 15, -4.45909, 0.30257, -14.50944, -8.87875, -11.80078, 
-9.98169, -7.8274, -11.72042, -14.96668, -5.7867, -7.16633, 0, 
0, 0, 0, 0, 0, 0, 0, 0, 0, 0, 0, 0, 0, 0, 0, 0, 0, 0, 0, 0, 0, 
0.04871, 0.05153, 0.05375, 0.04982, 0.0378, 0.0557, 0.03318, 
0.02001, 0.02969, 0.01197, 0.01326, 0.03783, 0.0447, 0.05387, 
0.05276, 0.03806, 0.0532, 0.02615, 0.01789, 0.02747, 0.01014, 
0.01141, 0.0831, 0.0955, 0.101, 0.1174, 0.1252, 0.1357, 0.1553, 
0.17, 0.1761, 0.2051, 0.2335, 211.2, 232, 252.8, 273.6, 294.4, 
315.2, 336, 356.8, 377.6, 397.1, 421.1, 36, 464, 15, 8, 58, 494, 
367, 13, 11, 298, 40, 1830, 1613, 2044, 1939, 566, 198, 238, 
1813, 2132, 60, 673, 100, 100, 100, 100, 100, 100, 100, 100, 
100, 100, 100, 2500, 2500, 2500, 2500, 2500, 2500, 2500, 2500, 
2500, 2500, 2500, 8768.392, 9026.124, 9251.288, 9694.04, 9738.63800000001, 
10174.23, 10499.795, 10798.769, 11370.818, 11821.509, 12812.489, 
-1.76637, -1.61912, -1.39494, 0.35809, 0.32831, 2.14507, 0.40987, 
-1.05589, 5.32647, 11.68556, 13.35952, -4.71057, 2.76337, -7.9414, 
-8.46176, -7.65943, -9.98694, -7.79543, -7.72826, -13.37309, 
-4.58613, -6.34261, 0, 0, 0, 0, 0, 0, 0, 0, 0, 0, 0, 0, 0, 0, 
0, 0, 0, 0, 0, 0, 0, 0, 0.04871, 0.05153, 0.05375, 0.04982, 0.0378, 
0.0557, 0.03318, 0.02001, 0.02969, 0.01197, 0.01326, 0.03783, 
0.0447, 0.05387, 0.05276, 0.03549, 0.0532, 0.02615, 0.01789, 
0.02747, 0.00809, 0.01322, 0.0796, 0.0999, 0.0977, 0.1085, 0.1247, 
0.137, 0.1498, 0.1687, 0.1749, 0.2114, 0.2401, 211.2, 232, 252.8, 
273.6, 294.4, 315.2, 336, 356.8, 377.6, 397.5, 421.1, 217, 71, 
8, 14, 39, 856, 373, 17, 3, 853, 385, 6, 33, 334, 299, 28, 1, 
3, 328, 381, 4, 8, 100, 100, 100, 100, 100, 100, 100, 100, 100, 
100, 100, 2500, 2500, 2500, 2500, 2500, 2500, 2500, 2500, 2500, 
2500, 2500, 8867.477, 9191.006, 9658.006, 9648.519, 9837.488, 
10364.311, 10759.698, 11158.936, 11450.844, 12030.129, 12810.452, 
1, 1, 1, 1, 1, 1, 1, 1, 1, 1, 1, 0.04762, 0.04762, 0.04762, 0.04762, 
0.04762, 0.04762, 0.04762, 0.04762, 0.04762, 0.04762, 0.04762, 
0, 0, 0, 0, 0, 0, 0, 0, 0, 0, 0, 0, 0, 0, 0, 0, 0, 0, 0, 0, 0, 
0, 0.01488, 0.01001, 0.01282, 0.00294, 0.00556, 0.01068, 0, 0, 
0, 0, 0, 0.00704, 0.00678, 0.01568, 0.00278, 0.00278, 0.00534, 
0, 0, 0, 0, 0, 0.0882, 0.0965, 0.1108, 0.1089, 0.1218, 0.1403, 
0.1586, 0.1651, 0.1801, 0.2058, 0.2183, 211.2, 232, 252.8, 273.6, 
294.4, 315.2, 336, 356.8, 377.6, 398.4, 422.4, 1, 1, 1, 1, 1, 
1, 1, 1, 1, 1, 1, 1, 1, 1, 1, 1, 1, 1, 1, 1, 1, 1, 1, 1, 1, 1, 
1, 1, 1, 1, 1, 1, 1, 1, 1, 1, 1, 1, 1, 1, 1, 1, 1, 1, 3.608, 
3.729, 3.865, 3.714, 3.724, 4.185, 4.362, 4.373, 4.421, 4.859, 
5.057), .Dim = c(11L, 40L), .Dimnames = list(NULL, c("Sampling", 
"PSO.cost", "PSO.gamma", "PSO.data.balancing", "PSO.feature.selection", 
"PSO.valid.acc", "PSO.test.acc", "PSO.train.time", "PSO.n.support.vectors", 
"PSO.index", "PSO.n.solutions", "PSO.generations", "PSO.n.evaluations", 
"PSO.cpu.time", "RS.cost", "RS.gamma", "RS.data.balancing", "RS.feature.selection", 
"RS.valid.acc", "RS.test.acc", "RS.train.time", "RS.n.support.vectors", 
"RS.index", "RS.n.solutions", "RS.generations", "RS.n.evaluations", 
"RS.cpu.time", "DF.cost", "DF.gamma", "DF.data.balancing", "DF.feature.selection", 
"DF.valid.acc", "DF.test.acc", "DF.train.time", "DF.n.support.vectors", 
"DF.index", "DF.n.solutions", "DF.generations", "DF.n.evaluations", 
"DF.cpu.time")))
