full <-
structure(c(50, 55, 60, 65, 70, 75, 80, 85, 90, 95, 100, 2.93841, 
0.61015, 2.86885, -1.25718, -0.15151, -0.03417, 3.03788, -1.66329, 
-1.42548, 2.47222, 13.99991, -9.45644, -10.7428, -14.35664, -11.63265, 
-10.3232, -11.07059, -10.42318, -11.85034, -14.35724, -10.98961, 
-6.32512, 0, 0, 0, 0, 0, 0, 0, 0, 0, 0, 0, 0, 0, 0, 0, 0, 0, 
0, 0, 0, 0, 0, 0.05602, 0.04913, 0.02541, 0.02655, 0.03059, 0.04828, 
0.04073, 0.02896, 0.02985, 0.0241, 0.01875, 0.03482, 0.04936, 
0.03203, 0.02943, 0.02387, 0.04814, 0.03807, 0.02446, 0.02758, 
0.01993, 0.00567, 0.0857, 0.0941, 0.0983, 0.1159, 0.1289, 0.1317, 
0.1551, 0.1696, 0.1734, 0.1938, 0.2273, 211.2, 232, 252.8, 273.6, 
294.4, 315.2, 336, 356.8, 377.6, 398.4, 420.8, 2362, 6, 8, 3, 
55, 16, 162, 3, 5, 110, 914, 3, 2206, 1779, 2037, 1789, 1888, 
71, 1979, 1938, 1364, 15, 100, 100, 100, 100, 100, 100, 100, 
100, 100, 100, 100, 2500, 2500, 2500, 2500, 2500, 2500, 2500, 
2500, 2500, 2500, 2500, 9014.457, 9211.95, 9400.035, 9716.133, 
9932.577, 10148.055, 10479.247, 10564.412, 10975.853, 11720.767, 
12392.922, 0.54499, 2.26895, -1.39656, 2.9063, 1.68207, -1.59149, 
6.9239, 4.8487, 6.83643, 5.0179, 14.55942, -9.55801, -10.51295, 
-12.33605, -10.84868, -9.28251, -9.92344, -14.33767, -13.71745, 
-14.96034, -14.62139, -6.74682, 0, 0, 0, 0, 0, 0, 0, 0, 0, 0, 
0, 0, 0, 0, 0, 0, 0, 0, 0, 0, 0, 0, 0.05238, 0.04913, 0.02541, 
0.02655, 0.03059, 0.04828, 0.04073, 0.02896, 0.02985, 0.0241, 
0.01689, 0.04499, 0.04936, 0.03203, 0.02943, 0.02387, 0.04814, 
0.03807, 0.02446, 0.02758, 0.01993, 0.00759, 0.083, 0.0932, 0.0967, 
0.1196, 0.1199, 0.1321, 0.15, 0.159, 0.1734, 0.2004, 0.2318, 
211.2, 232, 252.8, 273.6, 294.4, 315.2, 336, 356.8, 377.6, 398.4, 
420.8, 4, 1, 15, 2, 6, 11, 1385, 1, 2, 32, 684, 364, 388, 196, 
367, 77, 194, 3, 361, 345, 125, 1, 100, 100, 100, 100, 100, 100, 
100, 100, 100, 100, 100, 2500, 2500, 2500, 2500, 2500, 2500, 
2500, 2500, 2500, 2500, 2500, 9151.294, 9362.366, 9687.326, 10022.228, 
9922.83899999999, 10394.6, 10541.455, 10847.54, 11519.256, 11804.384, 
12253.9, 1, 1, 1, 1, 1, 1, 1, 1, 1, 1, 1, 0.04762, 0.04762, 0.04762, 
0.04762, 0.04762, 0.04762, 0.04762, 0.04762, 0.04762, 0.04762, 
0.04762, 0, 0, 0, 0, 0, 0, 0, 0, 0, 0, 0, 0, 0, 0, 0, 0, 0, 0, 
0, 0, 0, 0, 0.00787, 0.00667, 0.00667, 0.00333, 0, 0.00776, 0.00244, 
0, 0.00213, 0, 0, 0.00385, 0.00357, 0.00938, 0.00922, 0.0027, 
0.00526, 0.00227, 0, 0.00417, 0, 0, 0.0867, 0.092, 0.1069, 0.1193, 
0.1239, 0.1371, 0.1591, 0.164, 0.178, 0.1938, 0.215, 211.2, 232, 
252.8, 273.6, 294.4, 315.2, 336, 356.8, 377.6, 398.4, 422.4, 
1, 1, 1, 1, 1, 1, 1, 1, 1, 1, 1, 1, 1, 1, 1, 1, 1, 1, 1, 1, 1, 
1, 1, 1, 1, 1, 1, 1, 1, 1, 1, 1, 1, 1, 1, 1, 1, 1, 1, 1, 1, 1, 
1, 1, 3.652, 3.476, 3.847, 3.988, 3.92, 4.017, 4.35, 4.272, 4.462, 
4.656, 4.823), .Dim = c(11L, 40L), .Dimnames = list(NULL, c("Sampling", 
"PSO.cost", "PSO.gamma", "PSO.data.balancing", "PSO.feature.selection", 
"PSO.valid.acc", "PSO.test.acc", "PSO.train.time", "PSO.n.support.vectors", 
"PSO.index", "PSO.n.solutions", "PSO.generations", "PSO.n.evaluations", 
"PSO.cpu.time", "RS.cost", "RS.gamma", "RS.data.balancing", "RS.feature.selection", 
"RS.valid.acc", "RS.test.acc", "RS.train.time", "RS.n.support.vectors", 
"RS.index", "RS.n.solutions", "RS.generations", "RS.n.evaluations", 
"RS.cpu.time", "DF.cost", "DF.gamma", "DF.data.balancing", "DF.feature.selection", 
"DF.valid.acc", "DF.test.acc", "DF.train.time", "DF.n.support.vectors", 
"DF.index", "DF.n.solutions", "DF.generations", "DF.n.evaluations", 
"DF.cpu.time")))
