full <-
structure(c(50, 55, 60, 65, 70, 75, 80, 85, 90, 95, 100, 2.40374, 
2.67157, -1.98941, 2.37535, -0.3899, 1.80527, 2.85665, 8.34674, 
-1.54458, 1.08954, 15, -9.96806, -10.50047, -11.00858, -11.61236, 
-14.1898, -10.89184, -12.94549, -14.61924, -13.67124, -10.84752, 
-7.92665, 0, 0, 0, 0, 0, 0, 0, 0, 0, 0, 0, 0, 0, 0, 0, 0, 0, 
0, 0, 0, 0, 0, 0.04215, 0.04538, 0.0566, 0.05221, 0.03842, 0.04296, 
0.0281, 0.0159, 0.0381, 0.01774, 0.01151, 0.03096, 0.04516, 0.0566, 
0.06127, 0.033, 0.05062, 0.02408, 0.01344, 0.03593, 0.01596, 
0.00962, 0.0801, 0.0871, 0.0967, 0.111, 0.1264, 0.1356, 0.1449, 
0.1625, 0.1832, 0.199, 0.2269, 211.2, 232, 252.8, 273.6, 294.4, 
315.2, 336, 356.8, 377.6, 398.4, 421.3, 15, 3, 19, 6, 10, 8, 
4, 177, 4, 9, 130, 250, 1137, 2013, 1224, 2066, 425, 2142, 77, 
1774, 1888, 1181, 100, 100, 100, 100, 100, 100, 100, 100, 100, 
100, 100, 2500, 2500, 2500, 2500, 2500, 2500, 2500, 2500, 2500, 
2500, 2500, 8820.741, 8856.998, 9210.371, 9531.44, 9629.79300000001, 
10114.29, 10440.919, 10949.835, 11232.04, 11823.508, 12667.084, 
5.92126, 4.22685, 2.44982, -1.02345, -1.94404, 0.91707, 4.33317, 
8.63076, 1.20798, 3.56698, 14.8107, -13.62015, -12.7088, -13.7418, 
-1.26812, -13.6739, -9.56052, -14.18994, -14.91932, -10.27997, 
-11.68855, -7.83226, 0, 0, 0, 0, 0, 0, 0, 0, 0, 0, 0, 0, 0, 0, 
0, 0, 0, 0, 0, 0, 0, 0, 0.04215, 0.04538, 0.0566, 0.05273, 0.03842, 
0.04296, 0.0281, 0.0159, 0.0381, 0.01774, 0.01151, 0.0348, 0.04516, 
0.0566, 0.04293, 0.033, 0.05062, 0.02408, 0.01344, 0.03375, 0.01596, 
0.00773, 0.0793, 0.0905, 0.0986, 0.1195, 0.1243, 0.1424, 0.1469, 
0.1634, 0.1824, 0.1988, 0.2287, 211.2, 232, 252.8, 273.6, 294.4, 
315.2, 336, 356.8, 377.6, 398.4, 421.3, 13, 5, 2, 4, 12, 50, 
7, 1505, 12, 2, 1464, 14, 107, 362, 25, 335, 35, 331, 1, 290, 
311, 1, 100, 100, 100, 100, 100, 100, 100, 100, 100, 100, 100, 
2500, 2500, 2500, 2500, 2500, 2500, 2500, 2500, 2500, 2500, 2500, 
8854.183, 9243.101, 9442.102, 9716.77299999999, 9827.386, 10359.988, 
10606.373, 11093.857, 11639.78, 11796.561, 12665.689, 1, 1, 1, 
1, 1, 1, 1, 1, 1, 1, 1, 0.04762, 0.04762, 0.04762, 0.04762, 0.04762, 
0.04762, 0.04762, 0.04762, 0.04762, 0.04762, 0.04762, 0, 0, 0, 
0, 0, 0, 0, 0, 0, 0, 0, 0, 0, 0, 0, 0, 0, 0, 0, 0, 0, 0, 0.00769, 
0, 0.00929, 0.0143, 0.00286, 0.00278, 0, 0.00435, 0, 0.00204, 
0, 0, 0.01416, 0.0091, 0.00891, 0.0082, 0.00495, 0.00233, 0.00217, 
0, 0.00213, 0, 0.0811, 0.0925, 0.1078, 0.1194, 0.126, 0.1398, 
0.1561, 0.1656, 0.1926, 0.1926, 0.2167, 211.2, 232, 252.8, 273.6, 
294.4, 315.2, 336, 356.8, 377.6, 398.4, 422.4, 1, 1, 1, 1, 1, 
1, 1, 1, 1, 1, 1, 1, 1, 1, 1, 1, 1, 1, 1, 1, 1, 1, 1, 1, 1, 1, 
1, 1, 1, 1, 1, 1, 1, 1, 1, 1, 1, 1, 1, 1, 1, 1, 1, 1, 3.281, 
3.455, 3.871, 3.893, 3.95, 4.102, 4.244, 4.364, 4.708, 4.533, 
5.013), .Dim = c(11L, 40L), .Dimnames = list(NULL, c("Sampling", 
"PSO.cost", "PSO.gamma", "PSO.data.balancing", "PSO.feature.selection", 
"PSO.valid.acc", "PSO.test.acc", "PSO.train.time", "PSO.n.support.vectors", 
"PSO.index", "PSO.n.solutions", "PSO.generations", "PSO.n.evaluations", 
"PSO.cpu.time", "RS.cost", "RS.gamma", "RS.data.balancing", "RS.feature.selection", 
"RS.valid.acc", "RS.test.acc", "RS.train.time", "RS.n.support.vectors", 
"RS.index", "RS.n.solutions", "RS.generations", "RS.n.evaluations", 
"RS.cpu.time", "DF.cost", "DF.gamma", "DF.data.balancing", "DF.feature.selection", 
"DF.valid.acc", "DF.test.acc", "DF.train.time", "DF.n.support.vectors", 
"DF.index", "DF.n.solutions", "DF.generations", "DF.n.evaluations", 
"DF.cpu.time")))
