full <-
structure(c(50, 55, 60, 65, 70, 75, 80, 85, 90, 95, 100, -0.78977, 
2.80228, -0.83193, 3.0643, -1.1847, 6.13293, -1.9777, 4.84603, 
-0.94295, -1.24018, 13.39683, -7.12307, -10.98664, -12.72824, 
-12.27269, -11.03685, -13.35697, -13.81117, -13.14636, -6.42765, 
-14.64435, -3.82893, 0, 0, 0, 0, 0, 0, 0, 0, 0, 0, 0, 0, 0, 0, 
0, 0, 0, 0, 0, 0, 0, 0, 0.03371, 0.03763, 0.02902, 0.03865, 0.04612, 
0.02223, 0.03826, 0.03826, 0.0192, 0.01425, 0.01321, 0.03421, 
0.03805, 0.03567, 0.04144, 0.04619, 0.01516, 0.03848, 0.04067, 
0.00847, 0.01587, 0.00396, 0.0829, 0.0925, 0.1006, 0.1131, 0.123, 
0.1361, 0.1427, 0.1564, 0.1768, 0.1906, 0.2203, 211.2, 232, 252.8, 
273.6, 294.4, 315.2, 336, 356.8, 377.6, 398.4, 421.8, 5, 15, 
2, 11, 8, 161, 8, 2, 1815, 19, 2000, 1953, 1461, 1947, 1934, 
1996, 160, 2072, 1806, 16, 2054, 2, 100, 100, 100, 100, 100, 
100, 100, 100, 100, 100, 100, 2500, 2500, 2500, 2500, 2500, 2500, 
2500, 2500, 2500, 2500, 2500, 9159.097, 9307.68, 9515.855, 9840.696, 
10115.413, 10563.103, 10094.22, 10355.954, 10934.443, 11429.125, 
12305.413, 1.13073, 2.76882, 4.67696, 4.72586, 5.19058, 6.55824, 
-0.67492, 2.27512, -1.00292, -1.16515, 10.37679, -12.13504, -11.83774, 
-14.29876, -14.77138, -14.80028, -13.80341, -14.23062, -11.67724, 
-6.92285, -7.17188, -5.00444, 0, 0, 0, 0, 0, 0, 0, 0, 0, 0, 0, 
0, 0, 0, 0, 0, 0, 0, 0, 0, 0, 0, 0.03371, 0.03763, 0.02902, 0.03865, 
0.04612, 0.02223, 0.03826, 0.03826, 0.0192, 0.01425, 0.01125, 
0.03421, 0.03805, 0.03567, 0.04144, 0.04619, 0.01516, 0.03848, 
0.04067, 0.01065, 0.01587, 0.00764, 0.082, 0.0899, 0.1008, 0.1138, 
0.1212, 0.136, 0.1447, 0.1585, 0.1753, 0.1915, 0.2197, 211.2, 
232, 252.8, 273.6, 294.4, 315.2, 336, 356.8, 377.6, 398.4, 420.8, 
4, 16, 3, 2, 13, 1360, 7, 1, 237, 23, 72, 383, 107, 315, 200, 
374, 6, 464, 356, 5, 247, 27, 100, 100, 100, 100, 100, 100, 100, 
100, 100, 100, 100, 2500, 2500, 2500, 2500, 2500, 2500, 2500, 
2500, 2500, 2500, 2500, 9270.68, 9450.823, 9759.688, 10042.874, 
10334.487, 10576.536, 10260.499, 10599.717, 11253.067, 11688.244, 
12408.569, 1, 1, 1, 1, 1, 1, 1, 1, 1, 1, 1, 0.04762, 0.04762, 
0.04762, 0.04762, 0.04762, 0.04762, 0.04762, 0.04762, 0.04762, 
0.04762, 0.04762, 0, 0, 0, 0, 0, 0, 0, 0, 0, 0, 0, 0, 0, 0, 0, 
0, 0, 0, 0, 0, 0, 0, 0.004, 0.01045, 0.00657, 0.00564, 0, 0, 
0, 0, 0, 0, 0, 0, 0.00345, 0.00943, 0.00345, 0, 0.00244, 0.00238, 
0.00455, 0.00204, 0, 0, 0.0866, 0.0936, 0.1076, 0.1154, 0.1285, 
0.1358, 0.1482, 0.1623, 0.1778, 0.1925, 0.2137, 211.2, 232, 252.8, 
273.6, 294.4, 315.2, 336, 356.8, 377.6, 398.4, 422.4, 1, 1, 1, 
1, 1, 1, 1, 1, 1, 1, 1, 1, 1, 1, 1, 1, 1, 1, 1, 1, 1, 1, 1, 1, 
1, 1, 1, 1, 1, 1, 1, 1, 1, 1, 1, 1, 1, 1, 1, 1, 1, 1, 1, 1, 3.793, 
3.8, 3.921, 3.949, 4.149, 3.855, 3.976, 4.201, 4.408, 4.592, 
4.924), .Dim = c(11L, 40L), .Dimnames = list(NULL, c("Sampling", 
"PSO.cost", "PSO.gamma", "PSO.data.balancing", "PSO.feature.selection", 
"PSO.valid.acc", "PSO.test.acc", "PSO.train.time", "PSO.n.support.vectors", 
"PSO.index", "PSO.n.solutions", "PSO.generations", "PSO.n.evaluations", 
"PSO.cpu.time", "RS.cost", "RS.gamma", "RS.data.balancing", "RS.feature.selection", 
"RS.valid.acc", "RS.test.acc", "RS.train.time", "RS.n.support.vectors", 
"RS.index", "RS.n.solutions", "RS.generations", "RS.n.evaluations", 
"RS.cpu.time", "DF.cost", "DF.gamma", "DF.data.balancing", "DF.feature.selection", 
"DF.valid.acc", "DF.test.acc", "DF.train.time", "DF.n.support.vectors", 
"DF.index", "DF.n.solutions", "DF.generations", "DF.n.evaluations", 
"DF.cpu.time")))
