full <-
structure(c(50, 55, 60, 65, 70, 75, 80, 85, 90, 95, 100, -0.81913, 
1.65749, -2, 0.6609, -1.8417, -0.98877, 15, 0.40361, 1.96728, 
11.68832, 15, -12.12196, -10.28826, -6.25718, -13.96281, -8.67721, 
-13.44358, -6.06773, -8.66599, -9.83162, -6.44051, -5.83284, 
0, 0, 0, 0, 0, 0, 0, 0, 0, 0, 0, 0, 0, 0, 0, 0, 0, 0, 0, 0, 0, 
0, 0.03044, 0.0404, 0.03405, 0.0259, 0.03268, 0.04544, 0.01868, 
0.03384, 0.01903, 0.0159, 0.01708, 0.03511, 0.03428, 0.02386, 
0.03268, 0.03219, 0.04836, 0.00724, 0.02869, 0.01038, 0.00989, 
0.00367, 0.0826, 0.0924, 0.1067, 0.1112, 0.1268, 0.1383, 0.1691, 
0.1637, 0.1801, 0.209, 0.2327, 211.2, 232, 252.8, 273.6, 294.4, 
315.2, 335.3, 356.8, 377.6, 396.7, 421.2, 3, 11, 29, 4, 5, 9, 
225, 6, 35, 456, 49, 1899, 1859, 964, 1929, 1785, 1956, 220, 
1821, 1726, 559, 695, 100, 100, 100, 100, 100, 100, 100, 100, 
100, 100, 100, 2500, 2500, 2500, 2500, 2500, 2500, 2500, 2500, 
2500, 2500, 2500, 8961.817, 9362.465, 9467.435, 9558.72500000001, 
9843.462, 10097.194, 10918.343, 10681.861, 11280.355, 12057.581, 
12688.635, 2.98247, -1.01634, 0.38499, 1.90248, -0.42455, 3.85492, 
11.62151, -1.70701, -0.21013, 9.91137, 12.87677, -12.11545, 2.97305, 
-8.23259, -14.73997, -7.74227, -14.22154, -6.88866, -10.78024, 
-9.22713, -4.39798, -5.64999, 0, 0, 0, 0, 0, 0, 0, 0, 0, 0, 0, 
0, 0, 0, 0, 0, 0, 0, 0, 0, 0, 0, 0.03044, 0.04343, 0.03405, 0.0259, 
0.03268, 0.04544, 0.01674, 0.03384, 0.01903, 0.01213, 0.0153, 
0.03511, 0.02783, 0.03128, 0.03268, 0.03219, 0.04836, 0.01632, 
0.03107, 0.01038, 0.0141, 0.00741, 0.0847, 0.0965, 0.099, 0.1119, 
0.1277, 0.1378, 0.1689, 0.169, 0.1812, 0.2136, 0.2251, 211.2, 
232, 252.8, 273.6, 294.4, 315.2, 334.6, 356.8, 377.6, 397.5, 
421, 4, 1051, 85, 9, 17, 3, 1830, 13, 23, 259, 1670, 363, 4, 
26, 174, 44, 322, 1, 212, 169, 11, 2, 100, 100, 100, 100, 100, 
100, 100, 100, 100, 100, 100, 2500, 2500, 2500, 2500, 2500, 2500, 
2500, 2500, 2500, 2500, 2500, 8999.243, 9431.188, 9569.948, 9847.664, 
10034.207, 10182.492, 10619.521, 11208.169, 11575.911, 11942.077, 
12550.206, 1, 1, 1, 1, 1, 1, 1, 1, 1, 1, 1, 0.04762, 0.04762, 
0.04762, 0.04762, 0.04762, 0.04762, 0.04762, 0.04762, 0.04762, 
0.04762, 0.04762, 0, 0, 0, 0, 0, 0, 0, 0, 0, 0, 0, 0, 0, 0, 0, 
0, 0, 0, 0, 0, 0, 0, 0.00385, 0.00718, 0.00625, 0, 0, 0.00972, 
0, 0, 0, 0, 0, 0.0037, 0.00702, 0.00278, 0, 0.00551, 0.00263, 
0, 0, 0.00217, 0, 0, 0.0852, 0.098, 0.1041, 0.1154, 0.1311, 0.1437, 
0.1527, 0.1662, 0.1804, 0.2055, 0.2192, 211.2, 232, 252.8, 273.6, 
294.4, 315.2, 336, 356.8, 377.6, 398.4, 422.4, 1, 1, 1, 1, 1, 
1, 1, 1, 1, 1, 1, 1, 1, 1, 1, 1, 1, 1, 1, 1, 1, 1, 1, 1, 1, 1, 
1, 1, 1, 1, 1, 1, 1, 1, 1, 1, 1, 1, 1, 1, 1, 1, 1, 1, 3.68, 3.778, 
3.841, 3.952, 3.925, 4.076, 4.048, 4.39, 4.44, 4.809, 4.928), .Dim = c(11L, 
40L), .Dimnames = list(NULL, c("Sampling", "PSO.cost", "PSO.gamma", 
"PSO.data.balancing", "PSO.feature.selection", "PSO.valid.acc", 
"PSO.test.acc", "PSO.train.time", "PSO.n.support.vectors", "PSO.index", 
"PSO.n.solutions", "PSO.generations", "PSO.n.evaluations", "PSO.cpu.time", 
"RS.cost", "RS.gamma", "RS.data.balancing", "RS.feature.selection", 
"RS.valid.acc", "RS.test.acc", "RS.train.time", "RS.n.support.vectors", 
"RS.index", "RS.n.solutions", "RS.generations", "RS.n.evaluations", 
"RS.cpu.time", "DF.cost", "DF.gamma", "DF.data.balancing", "DF.feature.selection", 
"DF.valid.acc", "DF.test.acc", "DF.train.time", "DF.n.support.vectors", 
"DF.index", "DF.n.solutions", "DF.generations", "DF.n.evaluations", 
"DF.cpu.time")))
