full <-
structure(c(50, 55, 60, 65, 70, 75, 80, 85, 90, 95, 100, 3.21369, 
6.3354, 3.61667, 2.08879, 1.59983, 2.269, 3.38693, 4.08004, 2.81465, 
-1.40959, 15, -14.42442, -15, -13.17702, -11.05294, -10.35728, 
-12.23705, -12.68787, -10.95877, -11.26475, -7.60511, -7.3237, 
0, 0, 0, 0, 0, 0, 0, 0, 0, 0, 0, 0, 0, 0, 0, 0, 0, 0, 0, 0, 0, 
0, 0.0375, 0.03721, 0.03782, 0.04097, 0.03804, 0.03763, 0.04292, 
0.0247, 0.03376, 0.01593, 0.01132, 0.03826, 0.04046, 0.0467, 
0.03775, 0.02791, 0.04338, 0.0407, 0.02456, 0.03366, 0.01401, 
0.00566, 0.0838, 0.0923, 0.1031, 0.1081, 0.1204, 0.1317, 0.1469, 
0.16, 0.1737, 0.2006, 0.2326, 211.1, 232, 252.8, 273.6, 294.4, 
315.2, 336, 356.8, 377.6, 398.4, 420.8, 22, 40, 26, 19, 11, 21, 
46, 558, 46, 3, 113, 2016, 2077, 1701, 1362, 1033, 1287, 1455, 
46, 1197, 1938, 1003, 100, 100, 100, 100, 100, 100, 100, 100, 
100, 100, 100, 2500, 2500, 2500, 2500, 2500, 2500, 2500, 2500, 
2500, 2500, 2500, 8378.364, 8551.407, 8780.572, 8972.38600000001, 
9484.785, 9842.283, 10135.227, 10551.237, 11017.178, 11491.267, 
12233.312, 1.68643, 7.07135, 3.76374, 4.52663, 2.43083, 2.03703, 
2.98525, 8.10588, 3.34159, 0.2169, 14.08501, -13.24649, -14.91674, 
-13.38829, -14.21768, -10.45095, -12.37172, -11.19144, -14.94794, 
-13.65985, -9.77697, -6.87717, 0, 0, 0, 0, 0, 0, 0, 0, 0, 0, 
0, 0, 0, 0, 0, 0, 0, 0, 0, 0, 0, 0, 0.0375, 0.03721, 0.03782, 
0.04097, 0.03804, 0.03763, 0.04292, 0.0247, 0.03376, 0.01593, 
0.01132, 0.03826, 0.04046, 0.0467, 0.03775, 0.02791, 0.04338, 
0.0407, 0.02456, 0.03366, 0.01401, 0.00566, 0.081, 0.0921, 0.1035, 
0.1098, 0.1177, 0.1315, 0.1457, 0.1602, 0.1842, 0.1951, 0.2207, 
211.1, 232, 252.8, 273.6, 294.4, 315.2, 336, 356.6, 377.6, 398.4, 
420.8, 3, 4, 4, 35, 10, 11, 12, 422, 11, 4, 818, 286, 221, 77, 
79, 105, 130, 90, 3, 86, 274, 1, 100, 100, 100, 100, 100, 100, 
100, 100, 100, 100, 100, 2500, 2500, 2500, 2500, 2500, 2500, 
2500, 2500, 2500, 2500, 2500, 8532.42, 8737.795, 8946.015, 9302.571, 
9689.391, 10091.791, 10412.35, 10795.988, 11309.213, 11722.493, 
12088.715, 1, 1, 1, 1, 1, 1, 1, 1, 1, 1, 1, 0.04762, 0.04762, 
0.04762, 0.04762, 0.04762, 0.04762, 0.04762, 0.04762, 0.04762, 
0.04762, 0.04762, 0, 0, 0, 0, 0, 0, 0, 0, 0, 0, 0, 0, 0, 0, 0, 
0, 0, 0, 0, 0, 0, 0, 0, 0.00697, 0, 0.00571, 0.00278, 0.00238, 
0, 0.00222, 0.00196, 0.00392, 0, 0.00728, 0.00742, 0, 0, 0.00533, 
0.00244, 0, 0, 0, 0, 0, 0.0845, 0.0929, 0.1013, 0.1125, 0.1219, 
0.1367, 0.1503, 0.1635, 0.1875, 0.2013, 0.2077, 211.2, 232, 252.8, 
273.6, 294.4, 315.2, 336, 356.8, 377.6, 398.4, 422.4, 1, 1, 1, 
1, 1, 1, 1, 1, 1, 1, 1, 1, 1, 1, 1, 1, 1, 1, 1, 1, 1, 1, 1, 1, 
1, 1, 1, 1, 1, 1, 1, 1, 1, 1, 1, 1, 1, 1, 1, 1, 1, 1, 1, 1, 3.328, 
3.464, 3.426, 3.552, 3.826, 3.986, 4.137, 4.244, 4.464, 4.632, 
4.726), .Dim = c(11L, 40L), .Dimnames = list(NULL, c("Sampling", 
"PSO.cost", "PSO.gamma", "PSO.data.balancing", "PSO.feature.selection", 
"PSO.valid.acc", "PSO.test.acc", "PSO.train.time", "PSO.n.support.vectors", 
"PSO.index", "PSO.n.solutions", "PSO.generations", "PSO.n.evaluations", 
"PSO.cpu.time", "RS.cost", "RS.gamma", "RS.data.balancing", "RS.feature.selection", 
"RS.valid.acc", "RS.test.acc", "RS.train.time", "RS.n.support.vectors", 
"RS.index", "RS.n.solutions", "RS.generations", "RS.n.evaluations", 
"RS.cpu.time", "DF.cost", "DF.gamma", "DF.data.balancing", "DF.feature.selection", 
"DF.valid.acc", "DF.test.acc", "DF.train.time", "DF.n.support.vectors", 
"DF.index", "DF.n.solutions", "DF.generations", "DF.n.evaluations", 
"DF.cpu.time")))
