full <-
structure(c(50, 55, 60, 65, 70, 75, 80, 85, 90, 95, 100, -2, 
-1.29378, -1.0585, -0.99065, 3.28208, 2.96898, -1.18516, 0.50147, 
3.13183, 14.82917, 13.85633, 0.40779, -2.66199, 2.73952, -14.31156, 
-10.92752, -10.80672, -7.28712, -11.539, -14.46164, -7.71774, 
-6.09269, 0, 0, 0, 0, 0, 0, 0, 0, 0, 0, 0, 0, 0, 0, 0, 0, 0, 
0, 0, 0, 0, 0, 0.0529, 0.04516, 0.06023, 0.0556, 0.03023, 0.02222, 
0.04316, 0.01798, 0.0195, 0.0119, 0.0172, 0.05361, 0.04516, 0.06023, 
0.0556, 0.03273, 0.0247, 0.04548, 0.01793, 0.01904, 0.00793, 
0.00951, 0.0853, 0.0923, 0.1066, 0.1149, 0.1234, 0.1389, 0.1526, 
0.1676, 0.184, 0.216, 0.227, 211.2, 232, 252.8, 273.6, 294.4, 
315.2, 336, 356.8, 377.6, 397.5, 420.8, 2212, 2, 4, 7, 5, 4, 
7, 7, 2, 229, 363, 60, 2033, 2063, 2044, 2105, 1869, 1942, 2194, 
2211, 635, 284, 100, 100, 100, 100, 100, 100, 100, 100, 100, 
100, 100, 2500, 2500, 2500, 2500, 2500, 2500, 2500, 2500, 2500, 
2500, 2500, 8694.829, 8922.595, 11330.969, 11779.804, 11835.503, 
10060, 10267.803, 10620.706, 12403.953, 14024.643, 14349.11, 
-1.92651, -1.1279, 0.25574, -0.73325, 1.19481, 3.84178, 0.74766, 
5.56161, 3.43297, 14.76724, 14.89948, -0.427, -0.48459, -10.92647, 
-12.66534, -14.21896, -11.65154, -13.24017, -12.9001, -11.67518, 
-8.97013, -5.72873, 0, 0, 0, 0, 0, 0, 0, 0, 0, 0, 0, 0, 0, 0, 
0, 0, 0, 0, 0, 0, 0, 0, 0.0529, 0.04516, 0.06023, 0.0556, 0.03023, 
0.02222, 0.04316, 0.01798, 0.0195, 0.01177, 0.01347, 0.05361, 
0.04516, 0.06023, 0.0556, 0.03273, 0.0247, 0.04548, 0.01348, 
0.01904, 0.00388, 0.00951, 0.0825, 0.0922, 0.1059, 0.1138, 0.1214, 
0.1397, 0.1531, 0.1679, 0.1883, 0.2182, 0.233, 211.2, 232, 252.8, 
273.6, 294.4, 315.2, 336, 356.8, 377.6, 397.7, 420.7, 44, 1, 
2, 2, 7, 4, 5, 9, 3, 2349, 1730, 25, 447, 458, 490, 337, 392, 
348, 372, 375, 1, 1, 100, 100, 100, 100, 100, 100, 100, 100, 
100, 100, 100, 2500, 2500, 2500, 2500, 2500, 2500, 2500, 2500, 
2500, 2500, 2500, 8820.045, 9928.1, 11366.834, 11630.201, 11346.262, 
10134.272, 10501.072, 10977.135, 13411.868, 13763.382, 14218.834, 
1, 1, 1, 1, 1, 1, 1, 1, 1, 1, 1, 0.04762, 0.04762, 0.04762, 0.04762, 
0.04762, 0.04762, 0.04762, 0.04762, 0.04762, 0.04762, 0.04762, 
0, 0, 0, 0, 0, 0, 0, 0, 0, 0, 0, 0, 0, 0, 0, 0, 0, 0, 0, 0, 0, 
0, 0.004, 0.00345, 0.0092, 0.01726, 0, 0, 0.00227, 0.00455, 0, 
0, 0, 0.0077, 0.00678, 0.01295, 0.00883, 0.00263, 0, 0.00256, 
0.00227, 0, 0, 0, 0.083, 0.0987, 0.1087, 0.1201, 0.1296, 0.1425, 
0.1539, 0.172, 0.1942, 0.2037, 0.2167, 211.2, 232, 252.8, 273.6, 
294.4, 315.2, 336, 356.8, 377.6, 398.4, 422.4, 1, 1, 1, 1, 1, 
1, 1, 1, 1, 1, 1, 1, 1, 1, 1, 1, 1, 1, 1, 1, 1, 1, 1, 1, 1, 1, 
1, 1, 1, 1, 1, 1, 1, 1, 1, 1, 1, 1, 1, 1, 1, 1, 1, 1, 3.511, 
4.538, 4.52, 4.745, 3.867, 4.02, 4.083, 4.32, 5.588, 5.641, 5.57
), .Dim = c(11L, 40L), .Dimnames = list(NULL, c("Sampling", "PSO.cost", 
"PSO.gamma", "PSO.data.balancing", "PSO.feature.selection", "PSO.valid.acc", 
"PSO.test.acc", "PSO.train.time", "PSO.n.support.vectors", "PSO.index", 
"PSO.n.solutions", "PSO.generations", "PSO.n.evaluations", "PSO.cpu.time", 
"RS.cost", "RS.gamma", "RS.data.balancing", "RS.feature.selection", 
"RS.valid.acc", "RS.test.acc", "RS.train.time", "RS.n.support.vectors", 
"RS.index", "RS.n.solutions", "RS.generations", "RS.n.evaluations", 
"RS.cpu.time", "DF.cost", "DF.gamma", "DF.data.balancing", "DF.feature.selection", 
"DF.valid.acc", "DF.test.acc", "DF.train.time", "DF.n.support.vectors", 
"DF.index", "DF.n.solutions", "DF.generations", "DF.n.evaluations", 
"DF.cpu.time")))
