full <-
structure(c(50, 55, 60, 65, 70, 75, 80, 85, 90, 95, 100, 7.09416, 
2.2716, 2.40063, -2, 2.20087, 6.20731, 1.80602, 2.77073, 5.89783, 
0.42035, 12.98926, -14.98598, -11.65614, -10.46179, -15, -12.02919, 
-14.4019, -12.02422, -13.74112, -14.53743, -13.45234, -6.6883, 
0, 0, 0, 0, 0, 0, 0, 0, 0, 0, 0, 0, 0, 0, 0, 0, 0, 0, 0, 0, 0, 
0, 0.06363, 0.05196, 0.03506, 0.04362, 0.02975, 0.02807, 0.04052, 
0.04283, 0.03827, 0.02226, 0.01543, 0.06363, 0.05541, 0.02473, 
0.03812, 0.02955, 0.02986, 0.04535, 0.04714, 0.03415, 0.01605, 
0.00969, 0.0832, 0.0914, 0.101, 0.1103, 0.1253, 0.1376, 0.1503, 
0.1576, 0.1821, 0.1958, 0.2298, 211.2, 232, 252.8, 273.6, 294.4, 
315.2, 336, 356.8, 377.6, 398.4, 420.8, 44, 27, 7, 49, 17, 8, 
4, 9, 33, 5, 254, 2069, 2098, 2154, 2255, 762, 1953, 2169, 2145, 
1950, 1878, 561, 100, 100, 100, 100, 100, 100, 100, 100, 100, 
100, 100, 2500, 2500, 2500, 2500, 2500, 2500, 2500, 2500, 2500, 
2500, 2500, 8492.065, 8744.796, 8997.344, 9141.747, 9425.486, 
9759.393, 10042.6, 10002.194, 10823.159, 11211.98, 12139.495, 
5.99225, 1.93513, -1.41914, -0.57927, 4.23809, -1.06241, -1.56832, 
-0.58906, 2.53419, 0.11894, 13.22113, -14.9341, -14.23181, 0.39156, 
-14.99931, -14.39377, -7.58322, -11.78014, -8.42782, -14.19972, 
-14.29147, -5.24571, 0, 0, 0, 0, 0, 0, 0, 0, 0, 0, 0, 0, 0, 0, 
0, 0, 0, 0, 0, 0, 0, 0, 0.06363, 0.05196, 0.03565, 0.04362, 0.02975, 
0.03028, 0.04052, 0.04283, 0.03827, 0.02226, 0.01354, 0.06363, 
0.05864, 0.0214, 0.03812, 0.02955, 0.02742, 0.04535, 0.04492, 
0.03415, 0.01605, 0.01155, 0.0841, 0.0903, 0.1058, 0.1103, 0.1247, 
0.1381, 0.1492, 0.1628, 0.1787, 0.1966, 0.2261, 211.2, 232, 252.8, 
273.6, 294.4, 315.2, 336, 356.8, 377.6, 398.4, 420.8, 8, 2, 250, 
254, 30, 579, 17, 1, 4, 5, 31, 497, 377, 34, 12, 27, 3, 242, 
334, 305, 310, 20, 100, 100, 100, 100, 100, 100, 100, 100, 100, 
100, 100, 2500, 2500, 2500, 2500, 2500, 2500, 2500, 2500, 2500, 
2500, 2500, 8653.062, 8939.283, 9128.827, 9348.236, 9678.26699999999, 
10045.096, 10110.628, 10494.427, 10970.973, 11530.823, 12091.536, 
1, 1, 1, 1, 1, 1, 1, 1, 1, 1, 1, 0.04762, 0.04762, 0.04762, 0.04762, 
0.04762, 0.04762, 0.04762, 0.04762, 0.04762, 0.04762, 0.04762, 
0, 0, 0, 0, 0, 0, 0, 0, 0, 0, 0, 0, 0, 0, 0, 0, 0, 0, 0, 0, 0, 
0, 0.00819, 0.01061, 0.00323, 0, 0.00541, 0, 0.00238, 0.00208, 
0.00217, 0, 0, 0.00417, 0.00728, 0.00263, 0, 0, 0.00496, 0, 0.00208, 
0.00217, 0, 0, 0.0841, 0.0941, 0.1047, 0.1162, 0.1269, 0.1419, 
0.1502, 0.1695, 0.1826, 0.1993, 0.219, 211.2, 232, 252.8, 273.6, 
294.4, 315.2, 336, 356.8, 377.6, 398.4, 422.4, 1, 1, 1, 1, 1, 
1, 1, 1, 1, 1, 1, 1, 1, 1, 1, 1, 1, 1, 1, 1, 1, 1, 1, 1, 1, 1, 
1, 1, 1, 1, 1, 1, 1, 1, 1, 1, 1, 1, 1, 1, 1, 1, 1, 1, 3.444, 
3.522, 3.506, 3.684, 3.762, 4.027, 3.952, 4.24, 4.288, 4.498, 
4.765), .Dim = c(11L, 40L), .Dimnames = list(NULL, c("Sampling", 
"PSO.cost", "PSO.gamma", "PSO.data.balancing", "PSO.feature.selection", 
"PSO.valid.acc", "PSO.test.acc", "PSO.train.time", "PSO.n.support.vectors", 
"PSO.index", "PSO.n.solutions", "PSO.generations", "PSO.n.evaluations", 
"PSO.cpu.time", "RS.cost", "RS.gamma", "RS.data.balancing", "RS.feature.selection", 
"RS.valid.acc", "RS.test.acc", "RS.train.time", "RS.n.support.vectors", 
"RS.index", "RS.n.solutions", "RS.generations", "RS.n.evaluations", 
"RS.cpu.time", "DF.cost", "DF.gamma", "DF.data.balancing", "DF.feature.selection", 
"DF.valid.acc", "DF.test.acc", "DF.train.time", "DF.n.support.vectors", 
"DF.index", "DF.n.solutions", "DF.generations", "DF.n.evaluations", 
"DF.cpu.time")))
