full <-
structure(c(50, 55, 60, 65, 70, 75, 80, 85, 90, 95, 100, -1.45636, 
0.78983, 5.67681, -0.7279, -2, -1.01093, 1.40422, -0.75517, 1.76129, 
14.98432, 14.36329, -11.99357, -14.30936, -14.25598, -11.38144, 
-6.74239, -2.76941, -10.03637, -11.08976, -13.40214, -5.96725, 
-9.97618, 0, 0, 0, 0, 0, 0, 0, 0, 0, 0, 0, 0, 0, 0, 0, 0, 0, 
0, 0, 0, 0, 0, 0.04162, 0.05873, 0.05744, 0.03817, 0.04335, 0.05815, 
0.05248, 0.03162, 0.02121, 0.01637, 0.0134, 0.04903, 0.05884, 
0.05735, 0.03514, 0.03779, 0.05344, 0.05248, 0.03392, 0.02791, 
0.00812, 0.00196, 0.0841, 0.0904, 0.0983, 0.1138, 0.1303, 0.1347, 
0.1548, 0.1729, 0.1799, 0.2131, 0.2321, 211.2, 232, 252.8, 273.6, 
294.4, 315.2, 336, 356.8, 377.6, 397, 421.6, 7, 3, 10, 18, 39, 
1438, 5, 5, 6, 90, 421, 2249, 2036, 2018, 1919, 1078, 11, 1794, 
2025, 1987, 1374, 121, 100, 100, 100, 100, 100, 100, 100, 100, 
100, 100, 100, 2500, 2500, 2500, 2500, 2500, 2500, 2500, 2500, 
2500, 2500, 2500, 8555.805, 8486.476, 8776.928, 9005.357, 9440.19900000001, 
9773.183, 10233.946, 12976.567, 13066.63, 13859.123, 14344.04, 
0.25316, 2.62662, 2.07246, 4.15816, -1.44997, -1.0339, -0.44392, 
2.73173, -1.32224, 14.9686, 14.28449, -14.79515, -13.61402, -13.66479, 
-11.51272, -6.46739, -2.70992, -13.91292, -11.97018, -9.07939, 
-5.95538, -4.95119, 0, 0, 0, 0, 0, 0, 0, 0, 0, 0, 0, 0, 0, 0, 
0, 0, 0, 0, 0, 0, 0, 0, 0.04162, 0.05873, 0.05744, 0.03817, 0.04335, 
0.05815, 0.05248, 0.03162, 0.02121, 0.01637, 0.01165, 0.04903, 
0.05884, 0.05735, 0.03514, 0.03779, 0.05344, 0.05248, 0.03392, 
0.02791, 0.00812, 0.00781, 0.0832, 0.09, 0.0955, 0.1099, 0.1192, 
0.1351, 0.1446, 0.1656, 0.1833, 0.2189, 0.2236, 211.2, 232, 252.8, 
273.6, 294.4, 315.2, 336, 356.8, 377.6, 397, 421.1, 7, 1, 15, 
14, 716, 1402, 3, 1, 4, 188, 76, 346, 202, 268, 318, 11, 1, 419, 
423, 370, 8, 11, 100, 100, 100, 100, 100, 100, 100, 100, 100, 
100, 100, 2500, 2500, 2500, 2500, 2500, 2500, 2500, 2500, 2500, 
2500, 2500, 8622.363, 8620.215, 8871.794, 9266.826, 9634.48299999999, 
10081.209, 12202.942, 12890.668, 13377.21, 13489.502, 12031.606, 
1, 1, 1, 1, 1, 1, 1, 1, 1, 1, 1, 0.04762, 0.04762, 0.04762, 0.04762, 
0.04762, 0.04762, 0.04762, 0.04762, 0.04762, 0.04762, 0.04762, 
0, 0, 0, 0, 0, 0, 0, 0, 0, 0, 0, 0, 0, 0, 0, 0, 0, 0, 0, 0, 0, 
0, 0.01519, 0.00989, 0.01263, 0.00333, 0.0058, 0.00548, 0.00244, 
0.00244, 0, 0, 0, 0.00757, 0.00656, 0.01305, 0.01183, 0, 0.01062, 
0.00482, 0.00488, 0, 0, 0.00192, 0.0839, 0.093, 0.1075, 0.1184, 
0.1247, 0.1459, 0.1692, 0.1698, 0.1838, 0.211, 0.2079, 211.2, 
232, 252.8, 273.6, 294.4, 315.2, 336, 356.8, 377.6, 398.4, 422.4, 
1, 1, 1, 1, 1, 1, 1, 1, 1, 1, 1, 1, 1, 1, 1, 1, 1, 1, 1, 1, 1, 
1, 1, 1, 1, 1, 1, 1, 1, 1, 1, 1, 1, 1, 1, 1, 1, 1, 1, 1, 1, 1, 
1, 1, 3.392, 3.401, 3.659, 3.782, 3.722, 4.092, 5.172, 4.913, 
5.043, 5.661, 4.717), .Dim = c(11L, 40L), .Dimnames = list(NULL, 
    c("Sampling", "PSO.cost", "PSO.gamma", "PSO.data.balancing", 
    "PSO.feature.selection", "PSO.valid.acc", "PSO.test.acc", 
    "PSO.train.time", "PSO.n.support.vectors", "PSO.index", "PSO.n.solutions", 
    "PSO.generations", "PSO.n.evaluations", "PSO.cpu.time", "RS.cost", 
    "RS.gamma", "RS.data.balancing", "RS.feature.selection", 
    "RS.valid.acc", "RS.test.acc", "RS.train.time", "RS.n.support.vectors", 
    "RS.index", "RS.n.solutions", "RS.generations", "RS.n.evaluations", 
    "RS.cpu.time", "DF.cost", "DF.gamma", "DF.data.balancing", 
    "DF.feature.selection", "DF.valid.acc", "DF.test.acc", "DF.train.time", 
    "DF.n.support.vectors", "DF.index", "DF.n.solutions", "DF.generations", 
    "DF.n.evaluations", "DF.cpu.time")))
