full <-
structure(c(50, 55, 60, 65, 70, 75, 80, 85, 90, 95, 100, 6.17719, 
1.1335, 5.21851, 1.25461, 5.01824, 1.36324, 0.08697, 3.70234, 
-1.66307, -0.0072, 14.21753, -14.43115, -8.31791, -13.38146, 
-9.77903, -14.0337, -10.71377, -13.49326, -13.81023, -6.15601, 
-10.37852, -4.38376, 0, 0, 0, 0, 0, 0, 0, 0, 0, 0, 0, 0, 0, 0, 
0, 0, 0, 0, 0, 0, 0, 0, 0.07628, 0.07336, 0.06036, 0.02347, 0.03246, 
0.0227, 0.04785, 0.03796, 0.02988, 0.02405, 0.01333, 0.07628, 
0.06258, 0.05408, 0.04118, 0.01656, 0.0153, 0.04524, 0.04063, 
0.02554, 0.0202, 0.00566, 0.0861, 0.0958, 0.098, 0.1068, 0.1249, 
0.1425, 0.1544, 0.1645, 0.1864, 0.1955, 0.2285, 211.2, 232, 252.8, 
273.6, 294.4, 315.2, 336, 356.8, 377.6, 398.4, 421.9, 19, 166, 
86, 18, 26, 17, 10, 20, 79, 14, 582, 1024, 77, 308, 1239, 794, 
2095, 2195, 2022, 1357, 1915, 346, 100, 100, 100, 100, 100, 100, 
100, 100, 100, 100, 100, 2500, 2500, 2500, 2500, 2500, 2500, 
2500, 2500, 2500, 2500, 2500, 8984.08, 9143.773, 9412.643, 9677.777, 
9715.649, 10363.606, 10109.276, 10303.307, 11052.494, 11353.298, 
12452.621, 3.62876, 1.65334, -1.9342, -1.16041, 1.94378, 3.9614, 
-1.24776, -1.99776, -1.6947, 2.85957, 14.02554, -12.79042, -8.92993, 
-6.06965, 0.64564, -9.9058, -12.15663, -7.9475, -1.394, -6.50977, 
-14.17477, -4.3552, 0, 0, 0, 0, 0, 0, 0, 0, 0, 0, 0, 0, 0, 0, 
0, 0, 0, 0, 0, 0, 0, 0, 0.07628, 0.07336, 0.06053, 0.02963, 0.03246, 
0.0227, 0.04785, 0.03802, 0.02988, 0.02405, 0.01333, 0.07628, 
0.06603, 0.05408, 0.0179, 0.01656, 0.0153, 0.04524, 0.03811, 
0.02754, 0.0202, 0.00566, 0.0825, 0.0928, 0.1045, 0.1166, 0.1263, 
0.1382, 0.1529, 0.1609, 0.1773, 0.1932, 0.2378, 211.2, 232, 252.8, 
273.6, 294.4, 315.2, 336, 356.8, 377.6, 398.4, 421.9, 59, 1007, 
93, 61, 25, 6, 4, 56, 77, 9, 2243, 105, 3, 4, 18, 51, 306, 319, 
57, 30, 365, 1, 100, 100, 100, 100, 100, 100, 100, 100, 100, 
100, 100, 2500, 2500, 2500, 2500, 2500, 2500, 2500, 2500, 2500, 
2500, 2500, 9186.445, 9178.356, 9519.52, 9762.857, 10223.818, 
10345.657, 10335.513, 10553.803, 11063.328, 11699.497, 12341.922, 
1, 1, 1, 1, 1, 1, 1, 1, 1, 1, 1, 0.04762, 0.04762, 0.04762, 0.04762, 
0.04762, 0.04762, 0.04762, 0.04762, 0.04762, 0.04762, 0.04762, 
0, 0, 0, 0, 0, 0, 0, 0, 0, 0, 0, 0, 0, 0, 0, 0, 0, 0, 0, 0, 0, 
0, 0.0234, 0.00978, 0, 0.00323, 0, 0.00527, 0.00465, 0.00435, 
0, 0, 0, 0.01969, 0.01645, 0.00303, 0, 0.00527, 0, 0.01163, 0.00222, 
0, 0, 0, 0.0856, 0.0949, 0.1005, 0.114, 0.1335, 0.145, 0.1479, 
0.1691, 0.1842, 0.1978, 0.2216, 211.2, 232, 252.8, 273.6, 294.4, 
315.2, 336, 356.8, 377.6, 398.4, 422.4, 1, 1, 1, 1, 1, 1, 1, 
1, 1, 1, 1, 1, 1, 1, 1, 1, 1, 1, 1, 1, 1, 1, 1, 1, 1, 1, 1, 1, 
1, 1, 1, 1, 1, 1, 1, 1, 1, 1, 1, 1, 1, 1, 1, 1, 3.488, 3.666, 
3.751, 3.748, 4.127, 4.141, 3.898, 4.291, 4.352, 4.486, 4.921
), .Dim = c(11L, 40L), .Dimnames = list(NULL, c("Sampling", "PSO.cost", 
"PSO.gamma", "PSO.data.balancing", "PSO.feature.selection", "PSO.valid.acc", 
"PSO.test.acc", "PSO.train.time", "PSO.n.support.vectors", "PSO.index", 
"PSO.n.solutions", "PSO.generations", "PSO.n.evaluations", "PSO.cpu.time", 
"RS.cost", "RS.gamma", "RS.data.balancing", "RS.feature.selection", 
"RS.valid.acc", "RS.test.acc", "RS.train.time", "RS.n.support.vectors", 
"RS.index", "RS.n.solutions", "RS.generations", "RS.n.evaluations", 
"RS.cpu.time", "DF.cost", "DF.gamma", "DF.data.balancing", "DF.feature.selection", 
"DF.valid.acc", "DF.test.acc", "DF.train.time", "DF.n.support.vectors", 
"DF.index", "DF.n.solutions", "DF.generations", "DF.n.evaluations", 
"DF.cpu.time")))
