full <-
structure(c(50, 55, 60, 65, 70, 75, 80, 85, 90, 95, 100, 3.73089, 
6.21558, 1.75838, -0.90561, 0.28419, 2.1013, 4.40253, 4.46461, 
7.29226, 3.18133, 12.3631, -11.66956, -15, -9.30817, -8.54776, 
-9.05284, -10.32253, -11.46574, -12.20255, -15, -13.69841, -5.0938, 
0, 0, 0, 0, 0, 0, 0, 0, 0, 0, 0, 0, 0, 0, 0, 0, 0, 0, 0, 0, 0, 
0, 0.04142, 0.04148, 0.0314, 0.0354, 0.03815, 0.03816, 0.02628, 
0.0359, 0.01925, 0.01622, 0.00948, 0.035, 0.04544, 0.02532, 0.02948, 
0.03801, 0.03322, 0.02899, 0.03382, 0.01699, 0.01413, 0.0057, 
0.0791, 0.0896, 0.1044, 0.1072, 0.1261, 0.1286, 0.1422, 0.1577, 
0.1721, 0.1859, 0.2209, 211.2, 232, 252.8, 273.5, 294.4, 315.2, 
335.9, 356.8, 377.6, 398.4, 420.9, 66, 30, 806, 2, 33, 341, 41, 
4, 54, 8, 269, 1108, 176, 116, 1805, 1113, 306, 1731, 1558, 1132, 
1508, 429, 100, 100, 100, 100, 100, 100, 100, 100, 100, 100, 
100, 2500, 2500, 2500, 2500, 2500, 2500, 2500, 2500, 2500, 2500, 
2500, 8089.116, 8312.334, 8595.36900000001, 8631.984, 9048.871, 
9426.685, 9896.09300000001, 10315.607, 10716.922, 11107.923, 
12149.015, -1.56776, 5.66519, -0.19666, -1.99754, -0.9178, 2.14085, 
3.58651, 5.31874, 4.12868, 3.20018, 12.67012, 2.12646, -14.50272, 
-9.18409, -12.11374, 2.2023, -10.37583, -13.49656, -13.68357, 
-12.21346, -14.04053, -4.91173, 0, 0, 0, 0, 0, 0, 0, 0, 0, 0, 
0, 0, 0, 0, 0, 0, 0, 0, 0, 0, 0, 0, 0.04326, 0.04148, 0.02869, 
0.0354, 0.03816, 0.03816, 0.02628, 0.0359, 0.01925, 0.01622, 
0.00948, 0.04312, 0.04544, 0.02261, 0.02948, 0.04349, 0.03322, 
0.02899, 0.03382, 0.01708, 0.01413, 0.0057, 0.0866, 0.092, 0.0985, 
0.1054, 0.128, 0.1317, 0.1524, 0.1563, 0.1696, 0.1856, 0.2197, 
211.2, 232, 252.8, 273.5, 294.4, 315.2, 336, 356.8, 377.6, 398.4, 
421.2, 776, 397, 7, 18, 36, 336, 15, 11, 1, 7, 28, 7, 8, 34, 
318, 24, 1, 117, 92, 73, 155, 2, 100, 100, 100, 100, 100, 100, 
100, 100, 100, 100, 100, 2500, 2500, 2500, 2500, 2500, 2500, 
2500, 2500, 2500, 2500, 2500, 8280.503, 8452.461, 8522.613, 8952.37999999999, 
9276.11600000001, 9664.827, 10036.868, 10547.676, 10948.097, 
11565.79, 12085.033, 1, 1, 1, 1, 1, 1, 1, 1, 1, 1, 1, 0.04762, 
0.04762, 0.04762, 0.04762, 0.04762, 0.04762, 0.04762, 0.04762, 
0.04762, 0.04762, 0.04762, 0, 0, 0, 0, 0, 0, 0, 0, 0, 0, 0, 0, 
0, 0, 0, 0, 0, 0, 0, 0, 0, 0, 0, 0, 0, 0.00572, 0, 0.00278, 0.00715, 
0, 0, 0.00204, 0, 0, 0, 0.00616, 0.00646, 0.00804, 0.0025, 0.005, 
0.00227, 0, 0, 0, 0.0865, 0.0896, 0.0988, 0.1143, 0.1195, 0.1338, 
0.1453, 0.1602, 0.1747, 0.193, 0.21, 211.2, 232, 252.8, 273.6, 
294.4, 315.2, 336, 356.8, 377.6, 398.4, 422.4, 1, 1, 1, 1, 1, 
1, 1, 1, 1, 1, 1, 1, 1, 1, 1, 1, 1, 1, 1, 1, 1, 1, 1, 1, 1, 1, 
1, 1, 1, 1, 1, 1, 1, 1, 1, 1, 1, 1, 1, 1, 1, 1, 1, 1, 3.381, 
3.251, 3.316, 3.575, 3.513, 3.677, 3.81, 4.162, 4.301, 4.563, 
4.772), .Dim = c(11L, 40L), .Dimnames = list(NULL, c("Sampling", 
"PSO.cost", "PSO.gamma", "PSO.data.balancing", "PSO.feature.selection", 
"PSO.valid.acc", "PSO.test.acc", "PSO.train.time", "PSO.n.support.vectors", 
"PSO.index", "PSO.n.solutions", "PSO.generations", "PSO.n.evaluations", 
"PSO.cpu.time", "RS.cost", "RS.gamma", "RS.data.balancing", "RS.feature.selection", 
"RS.valid.acc", "RS.test.acc", "RS.train.time", "RS.n.support.vectors", 
"RS.index", "RS.n.solutions", "RS.generations", "RS.n.evaluations", 
"RS.cpu.time", "DF.cost", "DF.gamma", "DF.data.balancing", "DF.feature.selection", 
"DF.valid.acc", "DF.test.acc", "DF.train.time", "DF.n.support.vectors", 
"DF.index", "DF.n.solutions", "DF.generations", "DF.n.evaluations", 
"DF.cpu.time")))
