full <-
structure(c(50, 55, 60, 65, 70, 75, 80, 85, 90, 95, 100, 1.72386, 
1.18485, 5.72695, -0.46831, 2.51914, 0.81097, -1.31509, -2, -2, 
4.09238, 15, -11.26722, -9.57391, -14.56397, -11.41909, -10.4442, 
-11.6044, -7.94565, -7.3266, -6.08103, -10.63704, -9.10617, 0, 
0, 0, 0, 0, 0, 0, 0, 0, 0, 0, 0, 0, 0, 0, 0, 0, 0, 0, 0, 0, 0, 
0.04546, 0.03458, 0.02556, 0.03325, 0.03769, 0.0438, 0.03315, 
0.03385, 0.02527, 0.01214, 0.00948, 0.03393, 0.03125, 0.03182, 
0.03431, 0.02168, 0.04204, 0.02833, 0.0292, 0.02314, 0.00809, 
0.00196, 0.0812, 0.0862, 0.0953, 0.1059, 0.1183, 0.1274, 0.1483, 
0.1527, 0.1682, 0.1908, 0.2189, 211.2, 232, 252.8, 273.6, 294.4, 
315.2, 336, 356.8, 377.6, 398.4, 421.4, 2, 5, 3, 20, 1028, 18, 
19, 62, 69, 23, 539, 2023, 1897, 1701, 1792, 36, 1829, 2109, 
1578, 955, 183, 153, 100, 100, 100, 100, 100, 100, 100, 100, 
100, 100, 100, 2500, 2500, 2500, 2500, 2500, 2500, 2500, 2500, 
2500, 2500, 2500, 8907.506, 9058.802, 9136.657, 9375.251, 9699.34999999999, 
9790.31200000001, 9949.44499999999, 10053.361, 10507.169, 11017.788, 
11819.833, 2.03083, 1.69695, 13.97594, 3.00227, -0.84364, -1.57532, 
-0.5707, -1.71601, -1.4337, 7.28528, 10.2982, -11.80606, -14.54502, 
-5.57419, -13.81235, -10.43159, -2.35443, -13.42782, -6.84916, 
-5.72419, -13.9712, -6.6816, 0, 0, 0, 0, 0, 0, 0, 0, 0, 0, 0, 
0, 0, 0, 0, 0, 0, 0, 0, 0, 0, 0, 0.04546, 0.03458, 0.02773, 0.03325, 
0.03519, 0.0438, 0.03315, 0.03385, 0.02527, 0.01214, 0.00763, 
0.03393, 0.03125, 0.00948, 0.03431, 0.02168, 0.04204, 0.02833, 
0.0292, 0.02314, 0.00809, 0.00381, 0.0779, 0.0852, 0.1098, 0.1053, 
0.1174, 0.1336, 0.1408, 0.1538, 0.1676, 0.1845, 0.2116, 211.2, 
232, 252.2, 273.6, 294.4, 315.2, 336, 356.8, 377.6, 398.4, 421.3, 
3, 1, 55, 7, 1975, 15, 6, 86, 78, 92, 38, 289, 373, 3, 362, 2, 
379, 366, 25, 12, 14, 85, 100, 100, 100, 100, 100, 100, 100, 
100, 100, 100, 100, 2500, 2500, 2500, 2500, 2500, 2500, 2500, 
2500, 2500, 2500, 2500, 8931.112, 9066.801, 9386.488, 9627.684, 
9706.24900000001, 9977.553, 10118.151, 10406.334, 10741.106, 
11187.84, 11659.858, 1, 1, 1, 1, 1, 1, 1, 1, 1, 1, 1, 0.04762, 
0.04762, 0.04762, 0.04762, 0.04762, 0.04762, 0.04762, 0.04762, 
0.04762, 0.04762, 0.04762, 0, 0, 0, 0, 0, 0, 0, 0, 0, 0, 0, 0, 
0, 0, 0, 0, 0, 0, 0, 0, 0, 0, 0.00757, 0.00323, 0.00312, 0, 0.00814, 
0, 0, 0.00217, 0, 0, 0, 0.008, 0, 0.00303, 0, 0.00256, 0, 0, 
0, 0.00208, 0, 0, 0.0843, 0.0939, 0.0979, 0.1106, 0.1208, 0.1383, 
0.1436, 0.155, 0.1781, 0.1924, 0.2036, 211.2, 232, 252.8, 273.6, 
294.4, 315.2, 336, 356.8, 377.6, 398.4, 422.4, 1, 1, 1, 1, 1, 
1, 1, 1, 1, 1, 1, 1, 1, 1, 1, 1, 1, 1, 1, 1, 1, 1, 1, 1, 1, 1, 
1, 1, 1, 1, 1, 1, 1, 1, 1, 1, 1, 1, 1, 1, 1, 1, 1, 1, 3.525, 
3.598, 3.646, 3.845, 3.828, 4.055, 3.846, 3.885, 4.265, 4.424, 
4.673), .Dim = c(11L, 40L), .Dimnames = list(NULL, c("Sampling", 
"PSO.cost", "PSO.gamma", "PSO.data.balancing", "PSO.feature.selection", 
"PSO.valid.acc", "PSO.test.acc", "PSO.train.time", "PSO.n.support.vectors", 
"PSO.index", "PSO.n.solutions", "PSO.generations", "PSO.n.evaluations", 
"PSO.cpu.time", "RS.cost", "RS.gamma", "RS.data.balancing", "RS.feature.selection", 
"RS.valid.acc", "RS.test.acc", "RS.train.time", "RS.n.support.vectors", 
"RS.index", "RS.n.solutions", "RS.generations", "RS.n.evaluations", 
"RS.cpu.time", "DF.cost", "DF.gamma", "DF.data.balancing", "DF.feature.selection", 
"DF.valid.acc", "DF.test.acc", "DF.train.time", "DF.n.support.vectors", 
"DF.index", "DF.n.solutions", "DF.generations", "DF.n.evaluations", 
"DF.cpu.time")))
