full <-
structure(c(50, 55, 60, 65, 70, 75, 80, 85, 90, 95, 100, 0.79596, 
-0.67225, 1.75961, -1.68444, -0.08079, 4.94326, -1.18687, -2, 
-0.07269, 13.70078, 13.9781, -14.7753, -10.80971, -14.09103, 
-8.17328, -10.89356, -12.85732, -14.71961, -6.52695, -7.75773, 
-5.80049, -7.39041, 0, 0, 0, 0, 0, 0, 0, 0, 0, 0, 0, 0, 0, 0, 
0, 0, 0, 0, 0, 0, 0, 0, 0.03878, 0.04454, 0.03487, 0.03213, 0.02398, 
0.03825, 0.04536, 0.03846, 0.03612, 0.01204, 0.01148, 0.03813, 
0.03788, 0.03827, 0.03507, 0.02669, 0.03238, 0.04318, 0.03421, 
0.03198, 0.00604, 0.00559, 0.0786, 0.091, 0.0947, 0.1077, 0.1242, 
0.1382, 0.1462, 0.1682, 0.1769, 0.2095, 0.224, 211.2, 232, 252.8, 
273.6, 294.4, 315.2, 336, 356.8, 377.6, 397.6, 420.9, 2, 46, 
9, 5, 17, 39, 5, 52, 1005, 122, 115, 2101, 2085, 2082, 1732, 
2094, 2143, 1939, 271, 26, 206, 146, 100, 100, 100, 100, 100, 
100, 100, 100, 100, 100, 100, 2500, 2500, 2500, 2500, 2500, 2500, 
2500, 2500, 2500, 2500, 2500, 8092.898, 8178.378, 8531.811, 8827.897, 
9188.42, 9629.901, 9928.61200000001, 10299.214, 10703.211, 11326.554, 
11830.253, 2.12104, -0.76196, 2.28126, 1.15485, 1.56455, 5.94538, 
4.81209, -1.92612, 1.13503, 13.5246, 12.86316, -13.17035, -14.84095, 
-11.70502, -13.44063, -12.01493, -14.06786, -13.35203, -6.61965, 
-11.25085, -5.7134, -3.54085, 0, 0, 0, 0, 0, 0, 0, 0, 0, 0, 0, 
0, 0, 0, 0, 0, 0, 0, 0, 0, 0, 0, 0.03878, 0.04454, 0.03487, 0.03213, 
0.02398, 0.03825, 0.04536, 0.03846, 0.0339, 0.01204, 0.00959, 
0.03813, 0.03788, 0.03827, 0.0382, 0.02669, 0.03238, 0.04318, 
0.03634, 0.03198, 0.00604, 0.00774, 0.0754, 0.0906, 0.1026, 0.1117, 
0.1238, 0.1339, 0.1472, 0.157, 0.1782, 0.2091, 0.2145, 211.2, 
232, 252.8, 273.6, 294.4, 315.2, 336, 356.8, 377.6, 397.6, 421.8, 
21, 8, 2, 3, 12, 33, 5, 2, 3, 1601, 38, 336, 240, 281, 320, 239, 
169, 390, 3, 342, 1, 2, 100, 100, 100, 100, 100, 100, 100, 100, 
100, 100, 100, 2500, 2500, 2500, 2500, 2500, 2500, 2500, 2500, 
2500, 2500, 2500, 8112.797, 8303.756, 8752.521, 9090.056, 9476.306, 
9893.50199999999, 10086.594, 10558.217, 10728.911, 11217.053, 
11752.046, 1, 1, 1, 1, 1, 1, 1, 1, 1, 1, 1, 0.04762, 0.04762, 
0.04762, 0.04762, 0.04762, 0.04762, 0.04762, 0.04762, 0.04762, 
0.04762, 0.04762, 0, 0, 0, 0, 0, 0, 0, 0, 0, 0, 0, 0, 0, 0, 0, 
0, 0, 0, 0, 0, 0, 0, 0, 0.00704, 0.00312, 0.0085, 0.00256, 0, 
0.00484, 0.00244, 0.002, 0.00196, 0, 0, 0.00303, 0, 0, 0.00534, 
0.00244, 0.00716, 0.00461, 0, 0, 0, 0.0849, 0.0889, 0.0987, 0.1163, 
0.1268, 0.1394, 0.156, 0.168, 0.1824, 0.1996, 0.2134, 211.2, 
232, 252.8, 273.6, 294.4, 315.2, 336, 356.8, 377.6, 398.4, 422.4, 
1, 1, 1, 1, 1, 1, 1, 1, 1, 1, 1, 1, 1, 1, 1, 1, 1, 1, 1, 1, 1, 
1, 1, 1, 1, 1, 1, 1, 1, 1, 1, 1, 1, 1, 1, 1, 1, 1, 1, 1, 1, 1, 
1, 1, 3.317, 3.245, 3.356, 3.664, 3.734, 3.836, 4.093, 4.187, 
4.307, 4.532, 5.321), .Dim = c(11L, 40L), .Dimnames = list(NULL, 
    c("Sampling", "PSO.cost", "PSO.gamma", "PSO.data.balancing", 
    "PSO.feature.selection", "PSO.valid.acc", "PSO.test.acc", 
    "PSO.train.time", "PSO.n.support.vectors", "PSO.index", "PSO.n.solutions", 
    "PSO.generations", "PSO.n.evaluations", "PSO.cpu.time", "RS.cost", 
    "RS.gamma", "RS.data.balancing", "RS.feature.selection", 
    "RS.valid.acc", "RS.test.acc", "RS.train.time", "RS.n.support.vectors", 
    "RS.index", "RS.n.solutions", "RS.generations", "RS.n.evaluations", 
    "RS.cpu.time", "DF.cost", "DF.gamma", "DF.data.balancing", 
    "DF.feature.selection", "DF.valid.acc", "DF.test.acc", "DF.train.time", 
    "DF.n.support.vectors", "DF.index", "DF.n.solutions", "DF.generations", 
    "DF.n.evaluations", "DF.cpu.time")))
