full <-
structure(c(50, 55, 60, 65, 70, 75, 80, 85, 90, 95, 100, -1.95391, 
1.13033, 2.13959, 1.2757, 2.40186, 1.23692, 2.87296, 0.74598, 
-1.65874, 11.44922, 15, -7.60756, -9.33532, -11.5973, -14.16819, 
-11.27534, -14.60944, -12.07369, -14.94589, -6.45437, -4.28723, 
-6.61493, 0, 0, 0, 0, 0, 0, 0, 0, 0, 0, 0, 0, 0, 0, 0, 0, 0, 
0, 0, 0, 0, 0, 0.0677, 0.07251, 0.06354, 0.05865, 0.05448, 0.02331, 
0.04529, 0.02953, 0.02994, 0.02014, 0.01344, 0.0677, 0.06928, 
0.06354, 0.05865, 0.05448, 0.0232, 0.04034, 0.02953, 0.0279, 
0.01622, 0.01144, 0.0828, 0.0911, 0.0976, 0.1065, 0.1174, 0.1342, 
0.1386, 0.1499, 0.1748, 0.1976, 0.216, 211.2, 232, 252.8, 273.6, 
294.4, 315.2, 336, 356.8, 377.6, 396.9, 420.9, 9, 37, 3, 7, 38, 
2, 3, 10, 5, 1888, 460, 2136, 415, 2048, 1973, 2004, 2031, 2134, 
2000, 2021, 5, 165, 100, 100, 100, 100, 100, 100, 100, 100, 100, 
100, 100, 2500, 2500, 2500, 2500, 2500, 2500, 2500, 2500, 2500, 
2500, 2500, 9041.603, 9050.127, 9097.22399999999, 9564.43, 9806.42599999999, 
9757.98700000001, 9958.20600000001, 10026.879, 10409.764, 11271.801, 
11370.001, 7.05799, 4.81879, -1.75413, 3.90041, 1.22571, 0.50651, 
0.39484, 1.4152, 3.00771, 11.54664, 14.22189, -14.58994, -13.07969, 
-1.45262, -12.5305, -10.38597, -9.21427, -14.81524, -12.79125, 
-13.63246, -4.2973, -6.37505, 0, 0, 0, 0, 0, 0, 0, 0, 0, 0, 0, 
0, 0, 0, 0, 0, 0, 0, 0, 0, 0, 0, 0.0677, 0.07251, 0.06354, 0.05865, 
0.05448, 0.02331, 0.04529, 0.02953, 0.02994, 0.0201, 0.01155, 
0.0677, 0.06928, 0.06354, 0.05865, 0.05448, 0.0232, 0.04034, 
0.02953, 0.02994, 0.01622, 0.00955, 0.0813, 0.0874, 0.1054, 0.112, 
0.1152, 0.1359, 0.1387, 0.1525, 0.1763, 0.191, 0.2138, 211.2, 
232, 252.8, 273.6, 294.4, 315.2, 336, 356.8, 377.6, 396.9, 421.2, 
10, 20, 2, 3, 9, 8, 12, 14, 14, 652, 1726, 481, 48, 494, 460, 
303, 309, 370, 354, 412, 1, 2, 100, 100, 100, 100, 100, 100, 
100, 100, 100, 100, 100, 2500, 2500, 2500, 2500, 2500, 2500, 
2500, 2500, 2500, 2500, 2500, 8928.284, 9120.646, 9374.114, 9646.158, 
9858.22899999999, 9992.04299999999, 10077.158, 10454.646, 10702.151, 
10879.591, 11368.563, 1, 1, 1, 1, 1, 1, 1, 1, 1, 1, 1, 0.04762, 
0.04762, 0.04762, 0.04762, 0.04762, 0.04762, 0.04762, 0.04762, 
0.04762, 0.04762, 0.04762, 0, 0, 0, 0, 0, 0, 0, 0, 0, 0, 0, 0, 
0, 0, 0, 0, 0, 0, 0, 0, 0, 0, 0.00385, 0.01038, 0.00294, 0.00616, 
0.0085, 0.00527, 0, 0, 0, 0, 0, 0.00385, 0.01408, 0.00294, 0.00286, 
0.00294, 0, 0.00476, 0.00461, 0, 0, 0, 0.0845, 0.0919, 0.1026, 
0.1158, 0.1246, 0.14, 0.1466, 0.166, 0.1823, 0.1859, 0.1983, 
211.2, 232, 252.8, 273.6, 294.4, 315.2, 336, 356.8, 377.6, 398.4, 
422.4, 1, 1, 1, 1, 1, 1, 1, 1, 1, 1, 1, 1, 1, 1, 1, 1, 1, 1, 
1, 1, 1, 1, 1, 1, 1, 1, 1, 1, 1, 1, 1, 1, 1, 1, 1, 1, 1, 1, 1, 
1, 1, 1, 1, 1, 3.619, 3.576, 3.654, 3.746, 3.965, 3.979, 4.101, 
4.195, 4.282, 4.125, 4.211), .Dim = c(11L, 40L), .Dimnames = list(
    NULL, c("Sampling", "PSO.cost", "PSO.gamma", "PSO.data.balancing", 
    "PSO.feature.selection", "PSO.valid.acc", "PSO.test.acc", 
    "PSO.train.time", "PSO.n.support.vectors", "PSO.index", "PSO.n.solutions", 
    "PSO.generations", "PSO.n.evaluations", "PSO.cpu.time", "RS.cost", 
    "RS.gamma", "RS.data.balancing", "RS.feature.selection", 
    "RS.valid.acc", "RS.test.acc", "RS.train.time", "RS.n.support.vectors", 
    "RS.index", "RS.n.solutions", "RS.generations", "RS.n.evaluations", 
    "RS.cpu.time", "DF.cost", "DF.gamma", "DF.data.balancing", 
    "DF.feature.selection", "DF.valid.acc", "DF.test.acc", "DF.train.time", 
    "DF.n.support.vectors", "DF.index", "DF.n.solutions", "DF.generations", 
    "DF.n.evaluations", "DF.cpu.time")))
