full <-
structure(c(50, 55, 60, 65, 70, 75, 80, 85, 90, 95, 100, -1.3942, 
-1.16957, -1.31894, 6.47164, -2, 2.47346, -1.96148, 3.97171, 
0.60156, 1.34369, 15, -12.25189, -9.99428, -10.22939, -14.82887, 
-1.37838, -10.57814, -4.27521, -14.55426, -13.26646, -9.67455, 
-7.38201, 0, 0, 0, 0, 0, 0, 0, 0, 0, 0, 0, 0, 0, 0, 0, 0, 0, 
0, 0, 0, 0, 0, 0.0414, 0.04494, 0.04813, 0.04449, 0.03295, 0.05092, 
0.03796, 0.03817, 0.03188, 0.02613, 0.00958, 0.02223, 0.03137, 
0.04375, 0.03207, 0.02118, 0.05092, 0.04077, 0.04019, 0.0298, 
0.02033, 0.00766, 0.0809, 0.0869, 0.0976, 0.1127, 0.1205, 0.1301, 
0.1439, 0.1524, 0.1667, 0.1806, 0.225, 211.2, 232, 252.8, 273.6, 
294.4, 315.2, 336, 356.8, 377.6, 398.4, 420.8, 19, 6, 3, 2, 941, 
3, 2, 39, 4, 7, 299, 2139, 2076, 2043, 1308, 758, 2086, 2050, 
1064, 2113, 1886, 427, 100, 100, 100, 100, 100, 100, 100, 100, 
100, 100, 100, 2500, 2500, 2500, 2500, 2500, 2500, 2500, 2500, 
2500, 2500, 2500, 8825.864, 8920.51, 9346.671, 9531.03, 9816.045, 
10106.904, 10268.082, 10133.724, 10217.947, 10707.547, 11738.742, 
2.94473, -0.62285, -0.92259, 5.44616, -1.63305, 4.80147, 0.66256, 
3.37561, 2.46042, -1.15439, 14.2893, -14.94082, -11.13232, -13.26632, 
-14.64159, -2.41357, -14.27345, -14.21706, -14.49948, -12.63895, 
-12.80016, -6.98702, 0, 0, 0, 0, 0, 0, 0, 0, 0, 0, 0, 0, 0, 0, 
0, 0, 0, 0, 0, 0, 0, 0, 0.0414, 0.04494, 0.04813, 0.04449, 0.03295, 
0.05092, 0.03796, 0.03817, 0.03188, 0.02613, 0.00958, 0.02223, 
0.03137, 0.04375, 0.03207, 0.02118, 0.05092, 0.04774, 0.04019, 
0.0298, 0.02033, 0.00766, 0.0773, 0.0842, 0.0996, 0.105, 0.1261, 
0.134, 0.1401, 0.153, 0.1647, 0.1814, 0.2149, 211.2, 232, 252.8, 
273.6, 294.4, 315.2, 336, 356.8, 377.6, 398.4, 420.8, 14, 2, 
15, 133, 63, 2, 1, 71, 1, 5, 1750, 248, 327, 394, 22, 9, 423, 
481, 39, 398, 318, 2, 100, 100, 100, 100, 100, 100, 100, 100, 
100, 100, 100, 2500, 2500, 2500, 2500, 2500, 2500, 2500, 2500, 
2500, 2500, 2500, 8936.209, 9235.03, 9322.002, 9614.988, 9983.28999999999, 
10259.666, 10066.814, 10342.511, 10144.954, 10837.148, 11661.473, 
1, 1, 1, 1, 1, 1, 1, 1, 1, 1, 1, 0.04762, 0.04762, 0.04762, 0.04762, 
0.04762, 0.04762, 0.04762, 0.04762, 0.04762, 0.04762, 0.04762, 
0, 0, 0, 0, 0, 0, 0, 0, 0, 0, 0, 0, 0, 0, 0, 0, 0, 0, 0, 0, 0, 
0, 0.00755, 0, 0.00949, 0.00263, 0.00278, 0.00244, 0, 0.00449, 
0.00217, 0, 0, 0, 0, 0.00646, 0.00263, 0.00333, 0.00495, 0, 0, 
0, 0, 0, 0.084, 0.0904, 0.103, 0.111, 0.1208, 0.1339, 0.1487, 
0.1557, 0.1669, 0.1901, 0.2008, 211.2, 232, 252.8, 273.6, 294.4, 
315.2, 336, 356.8, 377.6, 398.4, 422.4, 1, 1, 1, 1, 1, 1, 1, 
1, 1, 1, 1, 1, 1, 1, 1, 1, 1, 1, 1, 1, 1, 1, 1, 1, 1, 1, 1, 1, 
1, 1, 1, 1, 1, 1, 1, 1, 1, 1, 1, 1, 1, 1, 1, 1, 3.583, 3.707, 
3.773, 3.826, 3.97, 4.065, 3.892, 4.022, 3.939, 4.361, 4.413), .Dim = c(11L, 
40L), .Dimnames = list(NULL, c("Sampling", "PSO.cost", "PSO.gamma", 
"PSO.data.balancing", "PSO.feature.selection", "PSO.valid.acc", 
"PSO.test.acc", "PSO.train.time", "PSO.n.support.vectors", "PSO.index", 
"PSO.n.solutions", "PSO.generations", "PSO.n.evaluations", "PSO.cpu.time", 
"RS.cost", "RS.gamma", "RS.data.balancing", "RS.feature.selection", 
"RS.valid.acc", "RS.test.acc", "RS.train.time", "RS.n.support.vectors", 
"RS.index", "RS.n.solutions", "RS.generations", "RS.n.evaluations", 
"RS.cpu.time", "DF.cost", "DF.gamma", "DF.data.balancing", "DF.feature.selection", 
"DF.valid.acc", "DF.test.acc", "DF.train.time", "DF.n.support.vectors", 
"DF.index", "DF.n.solutions", "DF.generations", "DF.n.evaluations", 
"DF.cpu.time")))
