full <-
structure(c(50, 55, 60, 65, 70, 75, 80, 85, 90, 95, 100, 4.22895, 
0.26111, -1.20407, -2, 2.46366, -2, 0.57115, -0.47349, 6.70497, 
15, 13.37365, -12.17181, -14.25439, 3, -0.38491, -9.98349, 0.165, 
-11.28421, -10.57828, -14.25457, -5.95611, -4.04669, 0, 0, 0, 
0, 0, 0, 0, 0, 0, 0, 0, 0, 0, 0, 0, 0, 0, 0, 0, 0, 0, 0, 0.04118, 
0.04511, 0.03853, 0.026, 0.02965, 0.04855, 0.0408, 0.02452, 0.03806, 
0.01801, 0.00951, 0.04938, 0.04532, 0.03423, 0.02021, 0.02717, 
0.04816, 0.03821, 0.01577, 0.0338, 0.01205, 0.00563, 0.0858, 
0.0908, 0.1036, 0.11, 0.1266, 0.1424, 0.1389, 0.1586, 0.1706, 
0.2048, 0.2131, 211.2, 232, 252.8, 273.6, 294.4, 315.2, 336, 
356.8, 377.6, 396.9, 421.4, 14, 3, 110, 170, 10, 26, 13, 5, 10, 
219, 557, 1707, 2174, 1855, 1200, 1887, 1811, 1883, 2264, 889, 
1003, 762, 100, 100, 100, 100, 100, 100, 100, 100, 100, 100, 
100, 2500, 2500, 2500, 2500, 2500, 2500, 2500, 2500, 2500, 2500, 
2500, 8807.981, 8968.52, 9475.46, 9542.45699999999, 9720.55799999999, 
10137.73, 10412.206, 10080.756, 10401.157, 11298.906, 11631.769, 
2.42964, -1.00901, -1.70514, -1.23309, 1.23988, -1.93023, -1.01683, 
2.89923, 5.37601, 14.33022, 13.06079, -12.86253, -0.29787, 1.2703, 
2.61977, -12.99832, -8.40455, -13.66423, -10.21068, -13.7152, 
-5.26696, -4.03719, 0, 0, 0, 0, 0, 0, 0, 0, 0, 0, 0, 0, 0, 0, 
0, 0, 0, 0, 0, 0, 0, 0, 0.04118, 0.04511, 0.03853, 0.02592, 0.02965, 
0.04855, 0.0408, 0.02452, 0.03806, 0.01801, 0.00951, 0.04938, 
0.04532, 0.0311, 0.02604, 0.02717, 0.0508, 0.03821, 0.01577, 
0.03806, 0.01205, 0.00563, 0.0779, 0.0946, 0.1016, 0.1117, 0.117, 
0.1284, 0.1425, 0.1548, 0.1671, 0.2032, 0.2198, 211.2, 232, 252.8, 
273.6, 294.4, 315.2, 336, 356.8, 377.6, 396.9, 421.4, 26, 7, 
41, 1035, 1, 8, 2, 5, 43, 530, 244, 339, 441, 43, 7, 302, 458, 
433, 375, 16, 1, 2, 100, 100, 100, 100, 100, 100, 100, 100, 100, 
100, 100, 2500, 2500, 2500, 2500, 2500, 2500, 2500, 2500, 2500, 
2500, 2500, 8929.858, 9098.509, 9278.901, 9683.32, 10084.502, 
10330.16, 10202.61, 10408.41, 10677.114, 11204.639, 11654.799, 
1, 1, 1, 1, 1, 1, 1, 1, 1, 1, 1, 0.04762, 0.04762, 0.04762, 0.04762, 
0.04762, 0.04762, 0.04762, 0.04762, 0.04762, 0.04762, 0.04762, 
0, 0, 0, 0, 0, 0, 0, 0, 0, 0, 0, 0, 0, 0, 0, 0, 0, 0, 0, 0, 0, 
0, 0.00755, 0, 0.00312, 0, 0, 0.00244, 0.00217, 0, 0, 0, 0, 0.00755, 
0, 0.00646, 0, 0, 0.00762, 0, 0, 0.00208, 0.00213, 0, 0.0833, 
0.091, 0.0999, 0.1163, 0.1224, 0.1307, 0.1518, 0.1576, 0.1695, 
0.1952, 0.2129, 211.2, 232, 252.8, 273.6, 294.4, 315.2, 336, 
356.8, 377.6, 398.4, 422.4, 1, 1, 1, 1, 1, 1, 1, 1, 1, 1, 1, 
1, 1, 1, 1, 1, 1, 1, 1, 1, 1, 1, 1, 1, 1, 1, 1, 1, 1, 1, 1, 1, 
1, 1, 1, 1, 1, 1, 1, 1, 1, 1, 1, 1, 3.452, 3.692, 3.754, 3.841, 
4.088, 3.974, 3.979, 4.226, 4.187, 4.605, 4.591), .Dim = c(11L, 
40L), .Dimnames = list(NULL, c("Sampling", "PSO.cost", "PSO.gamma", 
"PSO.data.balancing", "PSO.feature.selection", "PSO.valid.acc", 
"PSO.test.acc", "PSO.train.time", "PSO.n.support.vectors", "PSO.index", 
"PSO.n.solutions", "PSO.generations", "PSO.n.evaluations", "PSO.cpu.time", 
"RS.cost", "RS.gamma", "RS.data.balancing", "RS.feature.selection", 
"RS.valid.acc", "RS.test.acc", "RS.train.time", "RS.n.support.vectors", 
"RS.index", "RS.n.solutions", "RS.generations", "RS.n.evaluations", 
"RS.cpu.time", "DF.cost", "DF.gamma", "DF.data.balancing", "DF.feature.selection", 
"DF.valid.acc", "DF.test.acc", "DF.train.time", "DF.n.support.vectors", 
"DF.index", "DF.n.solutions", "DF.generations", "DF.n.evaluations", 
"DF.cpu.time")))
