full <-
structure(c(50, 55, 60, 65, 70, 75, 80, 85, 90, 95, 100, 5.872, 
1.77111, 2.75652, -0.64488, -1.47224, 0.22008, -2, 2.16801, 2.89158, 
5.67923, 14.08393, -13.03161, -14.25365, -11.28272, -9.94947, 
3, -7.90534, -5.3408, -12.32685, -12.39971, -13.09629, -4.58895, 
0, 0, 0, 0, 0, 0, 0, 0, 0, 0, 0, 0, 0, 0, 0, 0, 0, 0, 0, 0, 0, 
0, 0.0488, 0.03779, 0.04458, 0.0299, 0.02145, 0.04369, 0.04116, 
0.03365, 0.02319, 0.01406, 0.01346, 0.03048, 0.04181, 0.04146, 
0.03294, 0.01304, 0.0438, 0.04056, 0.03143, 0.02532, 0.01396, 
0.00752, 0.0785, 0.0862, 0.0967, 0.1066, 0.1242, 0.1397, 0.1468, 
0.1623, 0.1777, 0.1932, 0.2244, 211.2, 232, 252.8, 273.6, 294.4, 
315.2, 336, 356.8, 377.6, 398.4, 421.8, 732, 20, 6, 14, 1311, 
14, 104, 9, 47, 6, 50, 29, 1776, 320, 2186, 81, 2047, 1049, 1377, 
1547, 1982, 1065, 100, 100, 100, 100, 100, 100, 100, 100, 100, 
100, 100, 2500, 2500, 2500, 2500, 2500, 2500, 2500, 2500, 2500, 
2500, 2500, 8390.861, 8569.56, 8873.465, 9228.759, 9286.81299999999, 
9707.341, 10187.164, 10619.814, 10991.319, 11377.806, 12280.05, 
-0.09144, 1.82413, 5.37542, -1.96235, -1.5281, 0.68601, -1.63203, 
5.16871, 2.31516, 2.16788, 14.00975, -6.85605, -11.77286, -14.30703, 
-12.01272, 2.89805, -13.28124, -4.92841, -13.1488, -12.22683, 
-11.18285, -4.58497, 0, 0, 0, 0, 0, 0, 0, 0, 0, 0, 0, 0, 0, 0, 
0, 0, 0, 0, 0, 0, 0, 0, 0.0488, 0.03779, 0.04458, 0.0299, 0.01882, 
0.04369, 0.04116, 0.03365, 0.02319, 0.01406, 0.01346, 0.03776, 
0.04181, 0.04146, 0.03294, 0.01582, 0.0438, 0.03838, 0.03143, 
0.02532, 0.01396, 0.00752, 0.0778, 0.0891, 0.0963, 0.1079, 0.1308, 
0.1297, 0.1487, 0.1617, 0.1766, 0.1934, 0.2232, 211.2, 232, 252.8, 
273.6, 294.4, 315.2, 336, 356.8, 377.6, 398.4, 421.8, 1597, 8, 
126, 11, 757, 34, 35, 32, 15, 3, 497, 4, 377, 26, 302, 2, 358, 
5, 120, 151, 440, 3, 100, 100, 100, 100, 100, 100, 100, 100, 
100, 100, 100, 2500, 2500, 2500, 2500, 2500, 2500, 2500, 2500, 
2500, 2500, 2500, 8446.138, 8732.321, 9023.621, 9437.307, 9574.23800000001, 
10098.829, 10463.573, 10828.25, 11195.666, 11654.201, 12161.392, 
1, 1, 1, 1, 1, 1, 1, 1, 1, 1, 1, 0.04762, 0.04762, 0.04762, 0.04762, 
0.04762, 0.04762, 0.04762, 0.04762, 0.04762, 0.04762, 0.04762, 
0, 0, 0, 0, 0, 0, 0, 0, 0, 0, 0, 0, 0, 0, 0, 0, 0, 0, 0, 0, 0, 
0, 0.00792, 0, 0, 0.00333, 0, 0.0025, 0.00233, 0.0044, 0, 0.00208, 
0, 0.00805, 0.00635, 0.00635, 0.00922, 0.00534, 0.01007, 0.00466, 
0, 0, 0.002, 0, 0.0839, 0.0917, 0.0985, 0.11, 0.1264, 0.1383, 
0.1502, 0.164, 0.1794, 0.1928, 0.2131, 211.2, 232, 252.8, 273.6, 
294.4, 315.2, 336, 356.8, 377.6, 398.4, 422.4, 1, 1, 1, 1, 1, 
1, 1, 1, 1, 1, 1, 1, 1, 1, 1, 1, 1, 1, 1, 1, 1, 1, 1, 1, 1, 1, 
1, 1, 1, 1, 1, 1, 1, 1, 1, 1, 1, 1, 1, 1, 1, 1, 1, 1, 3.402, 
3.497, 3.517, 3.489, 3.816, 3.988, 4.156, 4.236, 4.432, 4.565, 
4.782), .Dim = c(11L, 40L), .Dimnames = list(NULL, c("Sampling", 
"PSO.cost", "PSO.gamma", "PSO.data.balancing", "PSO.feature.selection", 
"PSO.valid.acc", "PSO.test.acc", "PSO.train.time", "PSO.n.support.vectors", 
"PSO.index", "PSO.n.solutions", "PSO.generations", "PSO.n.evaluations", 
"PSO.cpu.time", "RS.cost", "RS.gamma", "RS.data.balancing", "RS.feature.selection", 
"RS.valid.acc", "RS.test.acc", "RS.train.time", "RS.n.support.vectors", 
"RS.index", "RS.n.solutions", "RS.generations", "RS.n.evaluations", 
"RS.cpu.time", "DF.cost", "DF.gamma", "DF.data.balancing", "DF.feature.selection", 
"DF.valid.acc", "DF.test.acc", "DF.train.time", "DF.n.support.vectors", 
"DF.index", "DF.n.solutions", "DF.generations", "DF.n.evaluations", 
"DF.cpu.time")))
