full <-
structure(c(50, 55, 60, 65, 70, 75, 80, 85, 90, 95, 100, 7.26937, 
-1.87978, -1.28261, -2, 0.23603, 1.44376, -1.32017, -1.04497, 
-1.84821, 5.30375, 13.11809, -14.44415, -11.95321, 3, -6.50692, 
-9.45541, -11.53718, -13.19074, -12.5121, -3.93821, -14.85492, 
-7.1223, 0, 0, 0, 0, 0, 0, 0, 0, 0, 0, 0, 0, 0, 0, 0, 0, 0, 0, 
0, 0, 0, 0, 0.04184, 0.05163, 0.0416, 0.04063, 0.04585, 0.02027, 
0.02647, 0.03371, 0.02554, 0.02617, 0.00958, 0.02716, 0.05129, 
0.03147, 0.02712, 0.04034, 0.01525, 0.02573, 0.02926, 0.02538, 
0.02608, 0.00951, 0.0819, 0.093, 0.1066, 0.1171, 0.1222, 0.1343, 
0.1492, 0.1686, 0.1832, 0.1957, 0.2307, 211.2, 232, 252.8, 273.6, 
294.4, 315.2, 336, 356.8, 377.6, 398.4, 420.9, 233, 5, 372, 106, 
8, 8, 3, 25, 7, 18, 100, 124, 1992, 871, 1057, 1633, 2131, 2244, 
1986, 2195, 2126, 1007, 100, 100, 100, 100, 100, 100, 100, 100, 
100, 100, 100, 2500, 2500, 2500, 2500, 2500, 2500, 2500, 2500, 
2500, 2500, 2500, 8750.204, 9289.242, 9521.944, 9705.642, 9870.11, 
10307.974, 10529.09, 10804.18, 11190.261, 11500.719, 12375.26, 
6.55449, -1.16087, -1.65491, -1.61507, -1.24714, 4.29629, 3.54081, 
2.43049, 2.46541, 2.1698, 13.693, -13.71063, -7.99928, 0.28564, 
-6.58676, -9.9539, -13.25574, -14.09677, -14.68655, -14.55829, 
-12.80839, -7.05437, 0, 0, 0, 0, 0, 0, 0, 0, 0, 0, 0, 0, 0, 0, 
0, 0, 0, 0, 0, 0, 0, 0, 0.04184, 0.05163, 0.03803, 0.04063, 0.04585, 
0.02027, 0.02647, 0.03371, 0.02554, 0.02617, 0.00958, 0.02716, 
0.05129, 0.03492, 0.02712, 0.04034, 0.01525, 0.02573, 0.02926, 
0.02959, 0.02608, 0.00958, 0.0817, 0.0917, 0.1059, 0.1112, 0.1237, 
0.1401, 0.1456, 0.1691, 0.184, 0.201, 0.2264, 211.2, 232, 252.8, 
273.6, 294.4, 315.2, 336, 356.8, 377.6, 398.4, 421, 145, 7, 232, 
1554, 32, 2, 38, 3, 1, 19, 1, 8, 436, 16, 2, 102, 263, 244, 386, 
386, 264, 27, 100, 100, 100, 100, 100, 100, 100, 100, 100, 100, 
100, 2500, 2500, 2500, 2500, 2500, 2500, 2500, 2500, 2500, 2500, 
2500, 9101.26, 9372.083, 9426.88800000001, 9766.04699999999, 
10158.81, 10538.469, 10763.408, 10931.132, 11316.637, 11726.193, 
12450.402, 1, 1, 1, 1, 1, 1, 1, 1, 1, 1, 1, 0.04762, 0.04762, 
0.04762, 0.04762, 0.04762, 0.04762, 0.04762, 0.04762, 0.04762, 
0.04762, 0.04762, 0, 0, 0, 0, 0, 0, 0, 0, 0, 0, 0, 0, 0, 0, 0, 
0, 0, 0, 0, 0, 0, 0, 0.00741, 0, 0.00323, 0.00598, 0.00256, 0, 
0.00233, 0.00213, 0, 0.00408, 0, 0.0077, 0.00303, 0, 0, 0, 0.00227, 
0, 0, 0, 0, 0, 0.0868, 0.0934, 0.1043, 0.1139, 0.1265, 0.1383, 
0.1579, 0.1694, 0.1866, 0.1986, 0.222, 211.2, 232, 252.8, 273.6, 
294.4, 315.2, 336, 356.8, 377.6, 398.4, 422.4, 1, 1, 1, 1, 1, 
1, 1, 1, 1, 1, 1, 1, 1, 1, 1, 1, 1, 1, 1, 1, 1, 1, 1, 1, 1, 1, 
1, 1, 1, 1, 1, 1, 1, 1, 1, 1, 1, 1, 1, 1, 1, 1, 1, 1, 3.567, 
3.705, 3.734, 3.837, 4.107, 4.195, 4.294, 4.247, 4.479, 4.58, 
4.932), .Dim = c(11L, 40L), .Dimnames = list(NULL, c("Sampling", 
"PSO.cost", "PSO.gamma", "PSO.data.balancing", "PSO.feature.selection", 
"PSO.valid.acc", "PSO.test.acc", "PSO.train.time", "PSO.n.support.vectors", 
"PSO.index", "PSO.n.solutions", "PSO.generations", "PSO.n.evaluations", 
"PSO.cpu.time", "RS.cost", "RS.gamma", "RS.data.balancing", "RS.feature.selection", 
"RS.valid.acc", "RS.test.acc", "RS.train.time", "RS.n.support.vectors", 
"RS.index", "RS.n.solutions", "RS.generations", "RS.n.evaluations", 
"RS.cpu.time", "DF.cost", "DF.gamma", "DF.data.balancing", "DF.feature.selection", 
"DF.valid.acc", "DF.test.acc", "DF.train.time", "DF.n.support.vectors", 
"DF.index", "DF.n.solutions", "DF.generations", "DF.n.evaluations", 
"DF.cpu.time")))
