full <-
structure(c(50, 55, 60, 65, 70, 75, 80, 85, 90, 95, 100, 5.62501, 
-1.32445, -2, 0.15331, -0.92477, -2, 7.30416, 0.07674, -1.23244, 
15, 15, -12.36739, 1.04947, -5.17334, -14.11, -5.82524, 3, -15, 
-14.36127, 0.52126, -6.60246, -4.16078, 0, 0, 0, 0, 0, 0, 0, 
0, 0, 0, 0, 0, 0, 0, 0, 0, 0, 0, 0, 0, 0, 0, 0.03085, 0.02772, 
0.02837, 0.04134, 0.02988, 0.05119, 0.04058, 0.03838, 0.03804, 
0.01017, 0.01158, 0.03046, 0.02047, 0.02865, 0.0314, 0.02474, 
0.04104, 0.03826, 0.02913, 0.02949, 0.01201, 0.01151, 0.0852, 
0.0982, 0.0962, 0.1051, 0.128, 0.1522, 0.1515, 0.1647, 0.1912, 
0.2104, 0.2359, 211.2, 232, 252.8, 273.6, 294.4, 315.2, 336, 
356.8, 377.6, 397.3, 421.7, 270, 20, 78, 8, 375, 66, 39, 2, 213, 
146, 121, 25, 1414, 1083, 2116, 156, 2082, 445, 2219, 969, 176, 
1328, 100, 100, 100, 100, 100, 100, 100, 100, 100, 100, 100, 
2500, 2500, 2500, 2500, 2500, 2500, 2500, 2500, 2500, 2500, 2500, 
8036.826, 8313.558, 8507.414, 8722.101, 11088.274, 11732.072, 
11879.257, 12121.405, 12741.583, 13429.789, 14059.374, 6.24031, 
-1.84747, -1.39614, 4.57965, -0.07492, -1.32685, 7.60353, 0.67766, 
-1.1126, 12.52921, 14.72624, -13.17972, -2.37676, -5.21746, -12.43697, 
-7.01952, 2.91875, -14.76659, -12.94853, 0.49083, -5.30488, -4.36504, 
0, 0, 0, 0, 0, 0, 0, 0, 0, 0, 0, 0, 0, 0, 0, 0, 0, 0, 0, 0, 0, 
0, 0.02716, 0.02772, 0.02837, 0.04134, 0.02988, 0.04848, 0.04058, 
0.03838, 0.03804, 0.00809, 0.01158, 0.02629, 0.01292, 0.02865, 
0.0314, 0.03046, 0.04104, 0.03826, 0.02913, 0.02949, 0.01201, 
0.01136, 0.0784, 0.0881, 0.1044, 0.1118, 0.1267, 0.1436, 0.1581, 
0.1655, 0.1889, 0.2087, 0.2373, 211.2, 232, 252.8, 273.6, 294.4, 
315.2, 336, 356.8, 377.6, 396.7, 421.7, 183, 11, 751, 7, 400, 
833, 93, 6, 1391, 57, 121, 5, 33, 3, 391, 1, 1, 33, 268, 2, 29, 
2, 100, 100, 100, 100, 100, 100, 100, 100, 100, 100, 100, 2500, 
2500, 2500, 2500, 2500, 2500, 2500, 2500, 2500, 2500, 2500, 8240.026, 
8382.643, 8617.36799999999, 10929.485, 11340.303, 11689.314, 
11997.556, 12394.042, 12852.018, 13330.184, 13855.439, 1, 1, 
1, 1, 1, 1, 1, 1, 1, 1, 1, 0.04762, 0.04762, 0.04762, 0.04762, 
0.04762, 0.04762, 0.04762, 0.04762, 0.04762, 0.04762, 0.04762, 
0, 0, 0, 0, 0, 0, 0, 0, 0, 0, 0, 0, 0, 0, 0, 0, 0, 0, 0, 0, 0, 
0, 0.01169, 0.00303, 0.00645, 0.00557, 0, 0.0052, 0, 0.00465, 
0.002, 0, 0, 0.00385, 0.00333, 0.00323, 0.00828, 0.00859, 0.00256, 
0.0025, 0.00455, 0, 0, 0, 0.0861, 0.0897, 0.1047, 0.1147, 0.1293, 
0.1407, 0.1603, 0.1674, 0.1805, 0.2015, 0.218, 211.2, 232, 252.8, 
273.6, 294.4, 315.2, 336, 356.8, 377.6, 398.4, 422.4, 1, 1, 1, 
1, 1, 1, 1, 1, 1, 1, 1, 1, 1, 1, 1, 1, 1, 1, 1, 1, 1, 1, 1, 1, 
1, 1, 1, 1, 1, 1, 1, 1, 1, 1, 1, 1, 1, 1, 1, 1, 1, 1, 1, 1, 3.402, 
3.24, 3.5, 4.282, 4.445, 4.599, 4.901, 4.832, 4.971, 5.265, 5.449
), .Dim = c(11L, 40L), .Dimnames = list(NULL, c("Sampling", "PSO.cost", 
"PSO.gamma", "PSO.data.balancing", "PSO.feature.selection", "PSO.valid.acc", 
"PSO.test.acc", "PSO.train.time", "PSO.n.support.vectors", "PSO.index", 
"PSO.n.solutions", "PSO.generations", "PSO.n.evaluations", "PSO.cpu.time", 
"RS.cost", "RS.gamma", "RS.data.balancing", "RS.feature.selection", 
"RS.valid.acc", "RS.test.acc", "RS.train.time", "RS.n.support.vectors", 
"RS.index", "RS.n.solutions", "RS.generations", "RS.n.evaluations", 
"RS.cpu.time", "DF.cost", "DF.gamma", "DF.data.balancing", "DF.feature.selection", 
"DF.valid.acc", "DF.test.acc", "DF.train.time", "DF.n.support.vectors", 
"DF.index", "DF.n.solutions", "DF.generations", "DF.n.evaluations", 
"DF.cpu.time")))
