full <-
structure(c(50, 55, 60, 65, 70, 75, 80, 85, 90, 95, 100, 0.41469, 
4.71225, 5.99714, 4.95048, -0.82827, 3.08004, 0.15529, -2, 5.0529, 
15, 15, -11.94573, -13.18251, -14.00541, -13.51772, -5.84436, 
-10.95158, -10.58931, 1.8511, -13.65568, -7.08317, -5.58623, 
0, 0, 0, 0, 0, 0, 0, 0, 0, 0, 0, 0, 0, 0, 0, 0, 0, 0, 0, 0, 0, 
0, 0.06367, 0.03458, 0.04769, 0.04348, 0.01853, 0.05086, 0.05001, 
0.03391, 0.01672, 0.0159, 0.00969, 0.06367, 0.03148, 0.04466, 
0.0357, 0.0161, 0.05335, 0.04092, 0.03174, 0.01664, 0.00809, 
0.00784, 0.0822, 0.0909, 0.1059, 0.1141, 0.1261, 0.1381, 0.1476, 
0.1705, 0.1734, 0.2115, 0.2403, 211.2, 232, 252.8, 273.6, 294.4, 
315.2, 336, 356.8, 377.6, 396.4, 420.9, 2, 29, 385, 44, 64, 16, 
14, 1402, 3, 164, 77, 1893, 1476, 139, 679, 1110, 1705, 2008, 
745, 2052, 316, 828, 100, 100, 100, 100, 100, 100, 100, 100, 
100, 100, 100, 2500, 2500, 2500, 2500, 2500, 2500, 2500, 2500, 
2500, 2500, 2500, 8942.993, 9252.75, 9433.971, 9626.743, 9761.261, 
10020.757, 10540.244, 11037.386, 11272.707, 11990.19, 12583.489, 
-0.39122, 3.53118, 6.8154, 3.56815, -1.29197, 0.51369, 2.98092, 
-1.1248, -1.44943, 13.90077, 14.97762, -10.59894, -13.36735, 
-14.82835, -11.24304, -5.55592, -14.05806, -14.31452, 2.06767, 
-7.63728, -6.48646, -5.59151, 0, 0, 0, 0, 0, 0, 0, 0, 0, 0, 0, 
0, 0, 0, 0, 0, 0, 0, 0, 0, 0, 0, 0.06367, 0.03458, 0.04769, 0.04348, 
0.01853, 0.05086, 0.05001, 0.03391, 0.01672, 0.0159, 0.00969, 
0.06367, 0.02764, 0.04466, 0.02964, 0.0161, 0.05072, 0.04092, 
0.03174, 0.01459, 0.00809, 0.00784, 0.0812, 0.0933, 0.1019, 0.1136, 
0.1242, 0.1403, 0.1486, 0.1719, 0.1822, 0.2101, 0.2343, 211.2, 
232, 252.8, 273.6, 294.4, 315.2, 336, 356.8, 377.6, 396.7, 420.9, 
13, 80, 24, 69, 108, 8, 3, 106, 4, 838, 1673, 446, 104, 11, 25, 
9, 369, 327, 18, 390, 3, 1, 100, 100, 100, 100, 100, 100, 100, 
100, 100, 100, 100, 2500, 2500, 2500, 2500, 2500, 2500, 2500, 
2500, 2500, 2500, 2500, 8929.459, 9340.786, 9614.24000000001, 
9660.35599999999, 9795.338, 10515.18, 10794.387, 11148.31, 11572.735, 
12044.324, 12562.455, 1, 1, 1, 1, 1, 1, 1, 1, 1, 1, 1, 0.04762, 
0.04762, 0.04762, 0.04762, 0.04762, 0.04762, 0.04762, 0.04762, 
0.04762, 0.04762, 0.04762, 0, 0, 0, 0, 0, 0, 0, 0, 0, 0, 0, 0, 
0, 0, 0, 0, 0, 0, 0, 0, 0, 0, 0.01935, 0, 0, 0.00573, 0, 0.0052, 
0, 0, 0.00204, 0.00204, 0, 0.01912, 0, 0.01278, 0.00573, 0.00286, 
0.00756, 0.00256, 0.00222, 0, 0, 0, 0.0846, 0.0944, 0.1076, 0.1201, 
0.1314, 0.1434, 0.1516, 0.1671, 0.1863, 0.2009, 0.2213, 211.2, 
232, 252.8, 273.6, 294.4, 315.2, 336, 356.8, 377.6, 398.4, 422.4, 
1, 1, 1, 1, 1, 1, 1, 1, 1, 1, 1, 1, 1, 1, 1, 1, 1, 1, 1, 1, 1, 
1, 1, 1, 1, 1, 1, 1, 1, 1, 1, 1, 1, 1, 1, 1, 1, 1, 1, 1, 1, 1, 
1, 1, 3.502, 3.772, 3.833, 3.918, 4.001, 4.131, 4.28, 4.353, 
4.556, 4.732, 5.003), .Dim = c(11L, 40L), .Dimnames = list(NULL, 
    c("Sampling", "PSO.cost", "PSO.gamma", "PSO.data.balancing", 
    "PSO.feature.selection", "PSO.valid.acc", "PSO.test.acc", 
    "PSO.train.time", "PSO.n.support.vectors", "PSO.index", "PSO.n.solutions", 
    "PSO.generations", "PSO.n.evaluations", "PSO.cpu.time", "RS.cost", 
    "RS.gamma", "RS.data.balancing", "RS.feature.selection", 
    "RS.valid.acc", "RS.test.acc", "RS.train.time", "RS.n.support.vectors", 
    "RS.index", "RS.n.solutions", "RS.generations", "RS.n.evaluations", 
    "RS.cpu.time", "DF.cost", "DF.gamma", "DF.data.balancing", 
    "DF.feature.selection", "DF.valid.acc", "DF.test.acc", "DF.train.time", 
    "DF.n.support.vectors", "DF.index", "DF.n.solutions", "DF.generations", 
    "DF.n.evaluations", "DF.cpu.time")))
