full <-
structure(c(50, 55, 60, 65, 70, 75, 80, 85, 90, 95, 100, -1.69772, 
4.07653, -1.02048, -2, -0.93675, 4.17452, 3.68114, 3.43094, -1.50968, 
-0.74173, 14.22696, 3, -12.37693, 2.37175, -6.41631, -12.05674, 
-11.84392, -13.89039, -12.65722, -4.41403, -9.27204, -5.41796, 
0, 0, 0, 0, 0, 0, 0, 0, 0, 0, 0, 0, 0, 0, 0, 0, 0, 0, 0, 0, 0, 
0, 0.04547, 0.06541, 0.06061, 0.04677, 0.04959, 0.04049, 0.01592, 
0.02901, 0.02936, 0.01217, 0.01144, 0.03819, 0.06541, 0.06061, 
0.04152, 0.04681, 0.03761, 0.01868, 0.02905, 0.02936, 0.00969, 
0.00192, 0.0904, 0.0974, 0.111, 0.1144, 0.1289, 0.1412, 0.1528, 
0.1698, 0.1815, 0.1999, 0.2328, 211.2, 232, 252.8, 273.6, 294.4, 
315.2, 336, 356.8, 377.6, 398.4, 420.9, 368, 4, 4, 48, 5, 4, 
2, 5, 5, 5, 214, 67, 2006, 1853, 1380, 1901, 1796, 1852, 1425, 
1952, 2127, 613, 100, 100, 100, 100, 100, 100, 100, 100, 100, 
100, 100, 2500, 2500, 2500, 2500, 2500, 2500, 2500, 2500, 2500, 
2500, 2500, 9133.35, 9373.576, 9646.748, 9875.524, 9790.808, 
10407.806, 10625.118, 10748.709, 11050.638, 11389.488, 12318.885, 
-1.73794, -1.85334, 0.09658, -1.67507, -0.77359, -1.94087, 13.88619, 
3.75443, -1.27666, -0.69753, 14.22069, 2.91554, -12.08216, -11.54857, 
-4.16771, -13.61686, -5.21245, -6.09797, -11.99784, -13.96585, 
-11.8746, -5.35871, 0, 0, 0, 0, 0, 0, 0, 0, 0, 0, 0, 0, 0, 0, 
0, 0, 0, 0, 0, 0, 0, 0, 0.0413, 0.06541, 0.06061, 0.04677, 0.04959, 
0.04049, 0.01618, 0.02901, 0.02936, 0.01217, 0.01144, 0.03819, 
0.06541, 0.06061, 0.04152, 0.04681, 0.03498, 0.00688, 0.02905, 
0.03149, 0.00969, 0.00559, 0.0851, 0.088, 0.1017, 0.1129, 0.1208, 
0.1343, 0.1698, 0.1633, 0.1768, 0.197, 0.2309, 211.2, 232, 252.8, 
273.6, 294.4, 315.2, 335.1, 356.8, 377.6, 398.4, 420.8, 1757, 
10, 3, 112, 22, 3, 1094, 4, 10, 6, 908, 2, 458, 447, 24, 340, 
405, 3, 90, 494, 242, 1, 100, 100, 100, 100, 100, 100, 100, 100, 
100, 100, 100, 2500, 2500, 2500, 2500, 2500, 2500, 2500, 2500, 
2500, 2500, 2500, 9046.383, 9285.493, 9776.904, 10084.259, 10220.809, 
10549.135, 10699.288, 10901.496, 11251.658, 11702.61, 12321.862, 
1, 1, 1, 1, 1, 1, 1, 1, 1, 1, 1, 0.04762, 0.04762, 0.04762, 0.04762, 
0.04762, 0.04762, 0.04762, 0.04762, 0.04762, 0.04762, 0.04762, 
0, 0, 0, 0, 0, 0, 0, 0, 0, 0, 0, 0, 0, 0, 0, 0, 0, 0, 0, 0, 0, 
0, 0, 0.0069, 0.00606, 0, 0.0027, 0, 0, 0, 0, 0.00204, 0, 0.00417, 
0.00357, 0.00597, 0, 0, 0, 0, 0, 0, 0, 0, 0.0888, 0.0994, 0.1067, 
0.1165, 0.1321, 0.1429, 0.1563, 0.1697, 0.1844, 0.1962, 0.2219, 
211.2, 232, 252.8, 273.6, 294.4, 315.2, 336, 356.8, 377.6, 398.4, 
422.4, 1, 1, 1, 1, 1, 1, 1, 1, 1, 1, 1, 1, 1, 1, 1, 1, 1, 1, 
1, 1, 1, 1, 1, 1, 1, 1, 1, 1, 1, 1, 1, 1, 1, 1, 1, 1, 1, 1, 1, 
1, 1, 1, 1, 1, 3.722, 3.782, 3.885, 3.987, 4.089, 4.17, 4.164, 
4.206, 4.393, 4.613, 4.953), .Dim = c(11L, 40L), .Dimnames = list(
    NULL, c("Sampling", "PSO.cost", "PSO.gamma", "PSO.data.balancing", 
    "PSO.feature.selection", "PSO.valid.acc", "PSO.test.acc", 
    "PSO.train.time", "PSO.n.support.vectors", "PSO.index", "PSO.n.solutions", 
    "PSO.generations", "PSO.n.evaluations", "PSO.cpu.time", "RS.cost", 
    "RS.gamma", "RS.data.balancing", "RS.feature.selection", 
    "RS.valid.acc", "RS.test.acc", "RS.train.time", "RS.n.support.vectors", 
    "RS.index", "RS.n.solutions", "RS.generations", "RS.n.evaluations", 
    "RS.cpu.time", "DF.cost", "DF.gamma", "DF.data.balancing", 
    "DF.feature.selection", "DF.valid.acc", "DF.test.acc", "DF.train.time", 
    "DF.n.support.vectors", "DF.index", "DF.n.solutions", "DF.generations", 
    "DF.n.evaluations", "DF.cpu.time")))
