full <-
structure(c(50, 55, 60, 65, 70, 75, 80, 85, 90, 95, 100, 6.934, 
0.5144, 5.59962, 1.02438, 0.19869, -2, 5.60584, 1.15881, 0.60012, 
12.92431, 15, -14.9358, -11.01881, -13.78692, -11.03192, -12.04282, 
-3.97144, -12.09992, -9.6986, -13.08871, -6.25555, -8.88558, 
0, 0, 0, 0, 0, 0, 0, 0, 0, 0, 0, 0, 0, 0, 0, 0, 0, 0, 0, 0, 0, 
0, 0.05681, 0.06203, 0.04091, 0.03187, 0.02964, 0.02527, 0.01663, 
0.04932, 0.03377, 0.01601, 0.01698, 0.04167, 0.06203, 0.04167, 
0.03224, 0.03272, 0.02457, 0.00703, 0.04932, 0.03191, 0.01797, 
0.00385, 0.0822, 0.0913, 0.0981, 0.1133, 0.1231, 0.1409, 0.1525, 
0.1656, 0.1849, 0.2169, 0.2301, 211.2, 232, 252.8, 273.6, 294.4, 
315.2, 336, 356.8, 377.6, 397.4, 421.6, 87, 5, 2, 2, 10, 1707, 
226, 5, 2, 25, 480, 979, 2282, 1571, 2050, 2009, 42, 117, 1946, 
2033, 843, 336, 100, 100, 100, 100, 100, 100, 100, 100, 100, 
100, 100, 2500, 2500, 2500, 2500, 2500, 2500, 2500, 2500, 2500, 
2500, 2500, 8361.002, 8727.241, 8950.79500000001, 9157.808, 9579.765, 
9892.95699999999, 10440.147, 10692.395, 11224.527, 11955.659, 
12420.255, 6.40277, -0.55226, 6.65979, -1.8234, -0.82866, -1.39407, 
4.76006, -1.37483, -1.19243, 13.46591, 14.63003, -13.68706, -14.23684, 
-14.60542, -12.66811, -14.27402, -3.89081, -11.25016, -14.93024, 
-7.03076, -6.82774, -8.70842, 0, 0, 0, 0, 0, 0, 0, 0, 0, 0, 0, 
0, 0, 0, 0, 0, 0, 0, 0, 0, 0, 0, 0.05311, 0.06203, 0.04091, 0.03187, 
0.02964, 0.02527, 0.01663, 0.04932, 0.03377, 0.01601, 0.01523, 
0.04567, 0.06203, 0.03822, 0.03224, 0.03272, 0.02194, 0.00703, 
0.04932, 0.03191, 0.01589, 0.00385, 0.0837, 0.0895, 0.1011, 0.1096, 
0.1223, 0.14, 0.1525, 0.1657, 0.1852, 0.2172, 0.2307, 211.2, 
232, 252.8, 273.6, 294.4, 315.2, 336, 356.8, 377.6, 397.3, 421.6, 
19, 4, 211, 21, 2, 1921, 23, 3, 5, 210, 2240, 5, 445, 27, 296, 
379, 1, 2, 489, 367, 11, 1, 100, 100, 100, 100, 100, 100, 100, 
100, 100, 100, 100, 2500, 2500, 2500, 2500, 2500, 2500, 2500, 
2500, 2500, 2500, 2500, 8530.365, 8931.85, 9295.804, 9400.315, 
9816.314, 10105.989, 10490.789, 11040.014, 11443.107, 11874.245, 
12404.14, 1, 1, 1, 1, 1, 1, 1, 1, 1, 1, 1, 0.04762, 0.04762, 
0.04762, 0.04762, 0.04762, 0.04762, 0.04762, 0.04762, 0.04762, 
0.04762, 0.04762, 0, 0, 0, 0, 0, 0, 0, 0, 0, 0, 0, 0, 0, 0, 0, 
0, 0, 0, 0, 0, 0, 0, 0.00728, 0.00345, 0.00323, 0.00278, 0.00783, 
0.00233, 0, 0.00664, 0.00217, 0, 0, 0.0037, 0, 0.00303, 0, 0.00805, 
0.00238, 0, 0.01129, 0.00208, 0, 0, 0.0857, 0.0897, 0.1064, 0.1169, 
0.1288, 0.142, 0.1547, 0.1732, 0.1863, 0.2047, 0.2235, 211.2, 
232, 252.8, 273.6, 294.4, 315.2, 336, 356.8, 377.6, 398.4, 422.4, 
1, 1, 1, 1, 1, 1, 1, 1, 1, 1, 1, 1, 1, 1, 1, 1, 1, 1, 1, 1, 1, 
1, 1, 1, 1, 1, 1, 1, 1, 1, 1, 1, 1, 1, 1, 1, 1, 1, 1, 1, 1, 1, 
1, 1, 3.392, 3.318, 3.722, 3.695, 3.936, 4.042, 4.103, 4.401, 
4.498, 4.677, 4.981), .Dim = c(11L, 40L), .Dimnames = list(NULL, 
    c("Sampling", "PSO.cost", "PSO.gamma", "PSO.data.balancing", 
    "PSO.feature.selection", "PSO.valid.acc", "PSO.test.acc", 
    "PSO.train.time", "PSO.n.support.vectors", "PSO.index", "PSO.n.solutions", 
    "PSO.generations", "PSO.n.evaluations", "PSO.cpu.time", "RS.cost", 
    "RS.gamma", "RS.data.balancing", "RS.feature.selection", 
    "RS.valid.acc", "RS.test.acc", "RS.train.time", "RS.n.support.vectors", 
    "RS.index", "RS.n.solutions", "RS.generations", "RS.n.evaluations", 
    "RS.cpu.time", "DF.cost", "DF.gamma", "DF.data.balancing", 
    "DF.feature.selection", "DF.valid.acc", "DF.test.acc", "DF.train.time", 
    "DF.n.support.vectors", "DF.index", "DF.n.solutions", "DF.generations", 
    "DF.n.evaluations", "DF.cpu.time")))
