full <-
structure(c(50, 55, 60, 65, 70, 75, 80, 85, 90, 95, 100, 0.22519, 
-1.55182, 1.16527, 6.92324, -0.77067, -1.99128, -0.65922, 2.19155, 
4.28259, 0.73044, 10.5709, -7.15745, 0.86043, -13.18014, -15, 
-13.92104, 1.24338, -9.31805, -12.31731, -14.02573, -13.04204, 
-5.3946, 0, 0, 0, 0, 0, 0, 0, 0, 0, 0, 0, 0, 0, 0, 0, 0, 0, 0, 
0, 0, 0, 0, 0.06482, 0.06548, 0.06028, 0.06442, 0.05713, 0.05584, 
0.04532, 0.03354, 0.02975, 0.01604, 0.01144, 0.05641, 0.06548, 
0.06028, 0.06148, 0.05713, 0.05584, 0.04759, 0.03572, 0.03373, 
0.01608, 0.0114, 0.0849, 0.0996, 0.1015, 0.1123, 0.1242, 0.146, 
0.1506, 0.1638, 0.1826, 0.1918, 0.2239, 211.2, 232, 252.8, 273.6, 
294.4, 315.2, 336, 356.8, 377.6, 398.4, 420.9, 622, 2, 4, 83, 
22, 2, 7, 4, 6, 3, 549, 62, 1899, 2039, 771, 1769, 1847, 2097, 
2064, 2046, 2197, 46, 100, 100, 100, 100, 100, 100, 100, 100, 
100, 100, 100, 2500, 2500, 2500, 2500, 2500, 2500, 2500, 2500, 
2500, 2500, 2500, 8849.233, 9109.811, 9476.149, 9803.997, 10193.103, 
10565.316, 10414.535, 10541.408, 10923.832, 11336.325, 12319.711, 
5.36367, -0.42911, -0.34796, 5.78322, -0.7787, -1.27204, -1.48206, 
-1.72529, 0.78968, 6.34716, 13.2919, -12.79153, -14.49834, -11.91064, 
-13.78794, -9.18974, -4.26825, -7.41804, -12.29829, -9.69005, 
-14.82381, -7.60223, 0, 0, 0, 0, 0, 0, 0, 0, 0, 0, 0, 0, 0, 0, 
0, 0, 0, 0, 0, 0, 0, 0, 0.0641, 0.06548, 0.06028, 0.06442, 0.05713, 
0.05584, 0.04532, 0.03354, 0.02975, 0.01604, 0.00955, 0.0641, 
0.06548, 0.06028, 0.06148, 0.05713, 0.05584, 0.04759, 0.03572, 
0.03373, 0.01608, 0.0077, 0.0844, 0.0915, 0.1029, 0.1129, 0.1255, 
0.14, 0.1542, 0.1641, 0.1825, 0.1948, 0.231, 211.2, 232, 252.8, 
273.6, 294.4, 315.2, 336, 356.8, 377.6, 398.4, 420.9, 4, 4, 11, 
41, 7, 3, 1, 5, 6, 8, 308, 474, 448, 477, 19, 516, 461, 470, 
412, 372, 349, 10, 100, 100, 100, 100, 100, 100, 100, 100, 100, 
100, 100, 2500, 2500, 2500, 2500, 2500, 2500, 2500, 2500, 2500, 
2500, 2500, 8953.945, 9249.44, 9601.498, 10054.801, 10343.991, 
10714.453, 10431.802, 10936.601, 11171.07, 11564.43, 12492.196, 
1, 1, 1, 1, 1, 1, 1, 1, 1, 1, 1, 0.04762, 0.04762, 0.04762, 0.04762, 
0.04762, 0.04762, 0.04762, 0.04762, 0.04762, 0.04762, 0.04762, 
0, 0, 0, 0, 0, 0, 0, 0, 0, 0, 0, 0, 0, 0, 0, 0, 0, 0, 0, 0, 0, 
0, 0.02583, 0.03027, 0.01554, 0.0125, 0.0058, 0.00982, 0.00233, 
0, 0, 0, 0, 0.01516, 0.02438, 0.01232, 0.00625, 0.00827, 0.00807, 
0.00494, 0.00222, 0, 0, 0, 0.0843, 0.0952, 0.1057, 0.1171, 0.1301, 
0.1417, 0.1496, 0.1688, 0.1856, 0.2003, 0.22, 211.2, 232, 252.8, 
273.6, 294.4, 315.2, 336, 356.8, 377.6, 398.4, 422.4, 1, 1, 1, 
1, 1, 1, 1, 1, 1, 1, 1, 1, 1, 1, 1, 1, 1, 1, 1, 1, 1, 1, 1, 1, 
1, 1, 1, 1, 1, 1, 1, 1, 1, 1, 1, 1, 1, 1, 1, 1, 1, 1, 1, 1, 3.462, 
3.668, 3.816, 4.006, 4.108, 4.188, 3.94, 4.327, 4.505, 4.62, 
4.931), .Dim = c(11L, 40L), .Dimnames = list(NULL, c("Sampling", 
"PSO.cost", "PSO.gamma", "PSO.data.balancing", "PSO.feature.selection", 
"PSO.valid.acc", "PSO.test.acc", "PSO.train.time", "PSO.n.support.vectors", 
"PSO.index", "PSO.n.solutions", "PSO.generations", "PSO.n.evaluations", 
"PSO.cpu.time", "RS.cost", "RS.gamma", "RS.data.balancing", "RS.feature.selection", 
"RS.valid.acc", "RS.test.acc", "RS.train.time", "RS.n.support.vectors", 
"RS.index", "RS.n.solutions", "RS.generations", "RS.n.evaluations", 
"RS.cpu.time", "DF.cost", "DF.gamma", "DF.data.balancing", "DF.feature.selection", 
"DF.valid.acc", "DF.test.acc", "DF.train.time", "DF.n.support.vectors", 
"DF.index", "DF.n.solutions", "DF.generations", "DF.n.evaluations", 
"DF.cpu.time")))
