full <-
structure(c(50, 55, 60, 65, 70, 75, 80, 85, 90, 95, 100, 4.86923, 
-2, -1.92813, 4.14076, 3.71228, 0.11909, 4.06877, 2.51512, -0.56187, 
2.37794, 13.89663, -14.56589, -6.0486, -5.84078, -13.83998, -14.1695, 
-10.12045, -13.30034, -11.99906, -10.89228, -12.52318, -6.80216, 
0, 0, 0, 0, 0, 0, 0, 0, 0, 0, 0, 0, 0, 0, 0, 0, 0, 0, 0, 0, 0, 
0, 0.0492, 0.03824, 0.04713, 0.01662, 0.0244, 0.02575, 0.04078, 
0.0357, 0.01455, 0.02205, 0.01119, 0.04936, 0.02445, 0.04056, 
0.02041, 0.03016, 0.02359, 0.03816, 0.03559, 0.01717, 0.02401, 
0.00563, 0.0866, 0.093, 0.0994, 0.1172, 0.125, 0.1404, 0.1555, 
0.1722, 0.1827, 0.1979, 0.2369, 211.2, 232, 252.8, 273.6, 294.4, 
315.2, 335.9, 356.7, 377.6, 398.4, 420.8, 4, 26, 12, 20, 6, 26, 
3, 22, 9, 6, 84, 1986, 1354, 1142, 1976, 2074, 1936, 1962, 1785, 
2003, 2044, 475, 100, 100, 100, 100, 100, 100, 100, 100, 100, 
100, 100, 2500, 2500, 2500, 2500, 2500, 2500, 2500, 2500, 2500, 
2500, 2500, 8376.943, 8525.867, 9800.271, 11284.494, 11502.329, 
11875.512, 12450.266, 12793.026, 13213.732, 13814.161, 14740.535, 
0.90457, -1.95705, -1.78186, 0.21088, 0.30925, 2.06501, -0.35602, 
-0.22651, 5.71211, 0.67778, 13.2995, -10.77893, -7.54861, -5.21636, 
-8.72337, -10.82911, -12.68422, -10.32673, -12.33216, -13.71695, 
-13.3164, -6.47058, 0, 0, 0, 0, 0, 0, 0, 0, 0, 0, 0, 0, 0, 0, 
0, 0, 0, 0, 0, 0, 0, 0, 0.0492, 0.03824, 0.04713, 0.01662, 0.0244, 
0.02575, 0.04078, 0.0357, 0.01455, 0.02205, 0.01119, 0.04936, 
0.02445, 0.04056, 0.01756, 0.02683, 0.02359, 0.03816, 0.03559, 
0.01926, 0.02401, 0.00563, 0.0841, 0.0916, 0.1043, 0.1191, 0.1288, 
0.1406, 0.1564, 0.167, 0.1815, 0.1972, 0.2344, 211.2, 232, 252.8, 
273.6, 294.4, 315.2, 335.9, 356.7, 377.6, 398.4, 420.8, 1, 72, 
252, 9, 5, 8, 8, 7, 4, 56, 155, 325, 36, 12, 319, 324, 313, 344, 
359, 265, 198, 6, 100, 100, 100, 100, 100, 100, 100, 100, 100, 
100, 100, 2500, 2500, 2500, 2500, 2500, 2500, 2500, 2500, 2500, 
2500, 2500, 8542.656, 8445.945, 11176.132, 11519.141, 11736.402, 
12190.354, 12732.699, 13036.687, 13515.718, 14084.325, 14663.856, 
1, 1, 1, 1, 1, 1, 1, 1, 1, 1, 1, 0.04762, 0.04762, 0.04762, 0.04762, 
0.04762, 0.04762, 0.04762, 0.04762, 0.04762, 0.04762, 0.04762, 
0, 0, 0, 0, 0, 0, 0, 0, 0, 0, 0, 0, 0, 0, 0, 0, 0, 0, 0, 0, 0, 
0, 0.01157, 0.00693, 0.00617, 0.00263, 0.0052, 0, 0, 0, 0.00417, 
0.00204, 0, 0.0117, 0.00693, 0.01252, 0.00541, 0, 0, 0.00233, 
0.00217, 0.00217, 0.00196, 0.00185, 0.0854, 0.0956, 0.1081, 0.1202, 
0.1269, 0.1439, 0.1603, 0.1702, 0.1858, 0.2049, 0.2248, 211.2, 
232, 252.8, 273.6, 294.4, 315.2, 336, 356.8, 377.6, 398.4, 422.4, 
1, 1, 1, 1, 1, 1, 1, 1, 1, 1, 1, 1, 1, 1, 1, 1, 1, 1, 1, 1, 1, 
1, 1, 1, 1, 1, 1, 1, 1, 1, 1, 1, 1, 1, 1, 1, 1, 1, 1, 1, 1, 1, 
1, 1, 3.375, 3.472, 4.47, 4.576, 4.411, 4.855, 5.077, 5.07, 5.333, 
5.561, 5.808), .Dim = c(11L, 40L), .Dimnames = list(NULL, c("Sampling", 
"PSO.cost", "PSO.gamma", "PSO.data.balancing", "PSO.feature.selection", 
"PSO.valid.acc", "PSO.test.acc", "PSO.train.time", "PSO.n.support.vectors", 
"PSO.index", "PSO.n.solutions", "PSO.generations", "PSO.n.evaluations", 
"PSO.cpu.time", "RS.cost", "RS.gamma", "RS.data.balancing", "RS.feature.selection", 
"RS.valid.acc", "RS.test.acc", "RS.train.time", "RS.n.support.vectors", 
"RS.index", "RS.n.solutions", "RS.generations", "RS.n.evaluations", 
"RS.cpu.time", "DF.cost", "DF.gamma", "DF.data.balancing", "DF.feature.selection", 
"DF.valid.acc", "DF.test.acc", "DF.train.time", "DF.n.support.vectors", 
"DF.index", "DF.n.solutions", "DF.generations", "DF.n.evaluations", 
"DF.cpu.time")))
