full <-
structure(c(50, 55, 60, 65, 70, 75, 80, 85, 90, 95, 100, 8.00367, 
1.09541, 7.42386, 6.96583, 3.64799, 3.1762, 7.29009, 5.80276, 
4.22029, 13.9916, 15, -15, -11.58074, -15, -14.16701, -13.10626, 
-11.79798, -14.3802, -14.71487, -11.32018, -5.90037, -5.64035, 
0, 0, 0, 0, 0, 0, 0, 0, 0, 0, 0, 0, 0, 0, 0, 0, 0, 0, 0, 0, 0, 
0, 0.03026, 0.03402, 0.03762, 0.04509, 0.04064, 0.04363, 0.02095, 
0.03607, 0.0232, 0.01409, 0.01519, 0.0341, 0.02362, 0.03158, 
0.0293, 0.0318, 0.03853, 0.0142, 0.03603, 0.01925, 0.00804, 0.01152, 
0.0813, 0.0925, 0.102, 0.1086, 0.121, 0.1346, 0.152, 0.1673, 
0.18, 0.2076, 0.2358, 211.2, 232, 252.8, 273.6, 294.4, 315.2, 
336, 356.8, 377.6, 397.3, 420.8, 28, 4, 120, 1017, 20, 12, 65, 
12, 135, 1186, 524, 244, 2090, 933, 43, 1469, 949, 220, 1834, 
215, 64, 301, 100, 100, 100, 100, 100, 100, 100, 100, 100, 100, 
100, 2500, 2500, 2500, 2500, 2500, 2500, 2500, 2500, 2500, 2500, 
2500, 8838.817, 9217.629, 9478.477, 9483.818, 9948.342, 10067.86, 
9982.5, 10510.257, 10882.216, 11714.509, 12408.789, 6.51805, 
-1.1869, 5.68148, 6.01315, 6.73801, 3.80851, 6.76059, 3.45573, 
3.92014, 12.52829, 11.83798, -13.51363, -11.48228, -12.89455, 
-14.20314, -14.33317, -12.53924, -13.83007, -14.00825, -11.11169, 
-6.06901, -5.23815, 0, 0, 0, 0, 0, 0, 0, 0, 0, 0, 0, 0, 0, 0, 
0, 0, 0, 0, 0, 0, 0, 0, 0.03026, 0.03402, 0.03762, 0.04446, 0.04064, 
0.04363, 0.02095, 0.03607, 0.0232, 0.01217, 0.01348, 0.0341, 
0.02362, 0.02846, 0.03486, 0.0318, 0.04097, 0.0142, 0.03603, 
0.01925, 0.00813, 0.00759, 0.0822, 0.0908, 0.1062, 0.1119, 0.1284, 
0.1366, 0.1506, 0.1667, 0.1812, 0.2129, 0.2364, 211.2, 232, 252.8, 
273.6, 294.4, 315.2, 336, 356.8, 377.6, 397, 421, 20, 1, 124, 
3, 4, 23, 476, 11, 665, 338, 613, 4, 363, 13, 18, 130, 97, 5, 
41, 13, 8, 2, 100, 100, 100, 100, 100, 100, 100, 100, 100, 100, 
100, 2500, 2500, 2500, 2500, 2500, 2500, 2500, 2500, 2500, 2500, 
2500, 8989.261, 9396.508, 9543.203, 9504.69500000001, 10205.988, 
10009.546, 10126.224, 10671.471, 11007.086, 11716.95, 12791.363, 
1, 1, 1, 1, 1, 1, 1, 1, 1, 1, 1, 0.04762, 0.04762, 0.04762, 0.04762, 
0.04762, 0.04762, 0.04762, 0.04762, 0.04762, 0.04762, 0.04762, 
0, 0, 0, 0, 0, 0, 0, 0, 0, 0, 0, 0, 0, 0, 0, 0, 0, 0, 0, 0, 0, 
0, 0.00755, 0.00323, 0, 0.00286, 0.00541, 0.00244, 0, 0, 0, 0, 
0, 0.00741, 0.0068, 0.00303, 0, 0.00533, 0, 0, 0.0046, 0, 0, 
0, 0.0871, 0.0927, 0.1051, 0.1144, 0.131, 0.1408, 0.1545, 0.1683, 
0.1836, 0.1957, 0.2276, 211.2, 232, 252.8, 273.6, 294.4, 315.2, 
336, 356.8, 377.6, 398.4, 422.4, 1, 1, 1, 1, 1, 1, 1, 1, 1, 1, 
1, 1, 1, 1, 1, 1, 1, 1, 1, 1, 1, 1, 1, 1, 1, 1, 1, 1, 1, 1, 1, 
1, 1, 1, 1, 1, 1, 1, 1, 1, 1, 1, 1, 1, 3.673, 3.71, 3.698, 3.859, 
4.009, 3.959, 4.099, 4.168, 4.424, 4.468, 5.055), .Dim = c(11L, 
40L), .Dimnames = list(NULL, c("Sampling", "PSO.cost", "PSO.gamma", 
"PSO.data.balancing", "PSO.feature.selection", "PSO.valid.acc", 
"PSO.test.acc", "PSO.train.time", "PSO.n.support.vectors", "PSO.index", 
"PSO.n.solutions", "PSO.generations", "PSO.n.evaluations", "PSO.cpu.time", 
"RS.cost", "RS.gamma", "RS.data.balancing", "RS.feature.selection", 
"RS.valid.acc", "RS.test.acc", "RS.train.time", "RS.n.support.vectors", 
"RS.index", "RS.n.solutions", "RS.generations", "RS.n.evaluations", 
"RS.cpu.time", "DF.cost", "DF.gamma", "DF.data.balancing", "DF.feature.selection", 
"DF.valid.acc", "DF.test.acc", "DF.train.time", "DF.n.support.vectors", 
"DF.index", "DF.n.solutions", "DF.generations", "DF.n.evaluations", 
"DF.cpu.time")))
