full <-
structure(c(50, 55, 60, 65, 70, 75, 80, 85, 90, 95, 100, 1.44808, 
2.43386, -1.41268, 0.92828, -1.36, 5.7839, -1.00412, -1.21684, 
0.22971, 7.00079, 15, -8.89948, -11.20393, -5.6266, -12.0417, 
-5.03919, -14.22092, -6.30874, -7.31715, -13.18918, -14.44999, 
-7.87276, 0, 0, 0, 0, 0, 0, 0, 0, 0, 0, 0, 0, 0, 0, 0, 0, 0, 
0, 0, 0, 0, 0, 0.03806, 0.04171, 0.02847, 0.03793, 0.03229, 0.02805, 
0.04533, 0.01562, 0.01451, 0.01012, 0.01525, 0.03074, 0.03099, 
0.02821, 0.03558, 0.02709, 0.01007, 0.03806, 0.0044, 0.01917, 
0.00796, 0.01122, 0.0807, 0.0908, 0.1016, 0.1098, 0.1295, 0.1429, 
0.1515, 0.1641, 0.1786, 0.195, 0.2306, 211.2, 232, 252.8, 273.6, 
294.4, 315.2, 336, 356.8, 377.6, 398.4, 421.2, 72, 4, 513, 9, 
148, 7, 137, 86, 2, 111, 113, 109, 1879, 256, 1993, 1346, 1940, 
1163, 1083, 2136, 1134, 921, 100, 100, 100, 100, 100, 100, 100, 
100, 100, 100, 100, 2500, 2500, 2500, 2500, 2500, 2500, 2500, 
2500, 2500, 2500, 2500, 8493.441, 8730.317, 9089.606, 11070.846, 
11972.382, 11562.042, 10289.603, 10660.306, 11408.72, 11748.725, 
12329.978, 2.72638, -1.57425, -0.79722, 1.713, -1.36528, 1.61788, 
-0.81875, -1.82222, 2.68534, 7.8417, 13.88314, -10.20634, -11.58863, 
-5.09395, -13.5853, -4.69107, -14.31509, -6.39469, -7.56687, 
-12.00706, -14.81841, -7.22636, 0, 0, 0, 0, 0, 0, 0, 0, 0, 0, 
0, 0, 0, 0, 0, 0, 0, 0, 0, 0, 0, 0, 0.03806, 0.04171, 0.02796, 
0.03793, 0.03229, 0.02805, 0.04533, 0.01562, 0.01451, 0.01012, 
0.01525, 0.03074, 0.03099, 0.01566, 0.03558, 0.02709, 0.01007, 
0.03806, 0.00657, 0.01917, 0.00796, 0.01122, 0.0808, 0.089, 0.1016, 
0.1166, 0.1316, 0.1356, 0.1518, 0.1642, 0.1779, 0.1992, 0.2277, 
211.2, 232, 252.8, 273.6, 294.4, 315.2, 336, 356.8, 377.6, 398.4, 
421.2, 545, 8, 254, 3, 76, 5, 188, 278, 5, 259, 385, 11, 274, 
2, 362, 23, 381, 9, 37, 315, 12, 3, 100, 100, 100, 100, 100, 
100, 100, 100, 100, 100, 100, 2500, 2500, 2500, 2500, 2500, 2500, 
2500, 2500, 2500, 2500, 2500, 8641.82, 8976.445, 9200.055, 11843.615, 
12267.485, 10117.531, 10500.817, 10896.816, 11698.165, 11887.068, 
12291.555, 1, 1, 1, 1, 1, 1, 1, 1, 1, 1, 1, 0.04762, 0.04762, 
0.04762, 0.04762, 0.04762, 0.04762, 0.04762, 0.04762, 0.04762, 
0.04762, 0.04762, 0, 0, 0, 0, 0, 0, 0, 0, 0, 0, 0, 0, 0, 0, 0, 
0, 0, 0, 0, 0, 0, 0, 0.00435, 0.01059, 0, 0, 0, 0, 0.00465, 0.00217, 
0, 0, 0, 0.01155, 0, 0.00949, 0.00583, 0, 0.00233, 0.0045, 0, 
0, 0, 0, 0.0835, 0.0932, 0.105, 0.1189, 0.1334, 0.1403, 0.1536, 
0.1686, 0.1827, 0.1963, 0.2187, 211.2, 232, 252.8, 273.6, 294.4, 
315.2, 336, 356.8, 377.6, 398.4, 422.4, 1, 1, 1, 1, 1, 1, 1, 
1, 1, 1, 1, 1, 1, 1, 1, 1, 1, 1, 1, 1, 1, 1, 1, 1, 1, 1, 1, 1, 
1, 1, 1, 1, 1, 1, 1, 1, 1, 1, 1, 1, 1, 1, 1, 1, 3.415, 3.537, 
3.624, 4.72, 4.888, 4.005, 4.154, 4.306, 4.629, 4.59, 5.045), .Dim = c(11L, 
40L), .Dimnames = list(NULL, c("Sampling", "PSO.cost", "PSO.gamma", 
"PSO.data.balancing", "PSO.feature.selection", "PSO.valid.acc", 
"PSO.test.acc", "PSO.train.time", "PSO.n.support.vectors", "PSO.index", 
"PSO.n.solutions", "PSO.generations", "PSO.n.evaluations", "PSO.cpu.time", 
"RS.cost", "RS.gamma", "RS.data.balancing", "RS.feature.selection", 
"RS.valid.acc", "RS.test.acc", "RS.train.time", "RS.n.support.vectors", 
"RS.index", "RS.n.solutions", "RS.generations", "RS.n.evaluations", 
"RS.cpu.time", "DF.cost", "DF.gamma", "DF.data.balancing", "DF.feature.selection", 
"DF.valid.acc", "DF.test.acc", "DF.train.time", "DF.n.support.vectors", 
"DF.index", "DF.n.solutions", "DF.generations", "DF.n.evaluations", 
"DF.cpu.time")))
