full <-
structure(c(50, 55, 60, 65, 70, 75, 80, 85, 90, 95, 100, 0.77277, 
-0.97197, 4.68188, -0.38917, -1.85583, -0.72262, 5.64149, 3.00698, 
3.33326, 12.21462, 14.91964, -10.26829, -6.06576, -14.42271, 
-7.31609, -8.29035, -13.47744, -14.77489, -10.48097, -13.60395, 
-8.8648, -7.76682, 0, 0, 0, 0, 0, 0, 0, 0, 0, 0, 0, 0, 0, 0, 
0, 0, 0, 0, 0, 0, 0, 0, 0.0308, 0.05228, 0.05072, 0.02689, 0.0355, 
0.02788, 0.03871, 0.03785, 0.0231, 0.01409, 0.01496, 0.03396, 
0.0379, 0.05384, 0.02824, 0.0271, 0.0275, 0.04304, 0.02923, 0.01908, 
0.00204, 0.00937, 0.0824, 0.0899, 0.0996, 0.1118, 0.1235, 0.135, 
0.1504, 0.1647, 0.1765, 0.2099, 0.2312, 211.2, 232, 252.8, 273.6, 
294.4, 315.2, 336, 356.8, 377.6, 397.4, 421, 8, 42, 401, 98, 
106, 4, 5, 953, 3, 1021, 138, 2179, 424, 194, 684, 856, 2170, 
1873, 40, 2202, 26, 951, 100, 100, 100, 100, 100, 100, 100, 100, 
100, 100, 100, 2500, 2500, 2500, 2500, 2500, 2500, 2500, 2500, 
2500, 2500, 2500, 8272.882, 8538.665, 8781.077, 9117.98899999999, 
9432.88500000001, 9871.448, 10289.735, 10649.997, 11048.776, 
11830.248, 11814.133, -1.37395, -0.67637, 5.28338, -0.10245, 
0.6721, -0.69226, 2.27653, 3.7844, 2.29969, 12.11676, 14.61715, 
0.0087, -6.56189, -14.0546, -7.19389, -8.53555, -12.6124, -10.82471, 
-11.28589, -12.94435, -8.73383, -7.52246, 0, 0, 0, 0, 0, 0, 0, 
0, 0, 0, 0, 0, 0, 0, 0, 0, 0, 0, 0, 0, 0, 0, 0.0348, 0.05228, 
0.04749, 0.02689, 0.0355, 0.02788, 0.03871, 0.03785, 0.0231, 
0.01409, 0.01496, 0.03781, 0.0379, 0.05384, 0.02547, 0.0271, 
0.0275, 0.0406, 0.02923, 0.01908, 0.00204, 0.00741, 0.0838, 0.0924, 
0.1018, 0.112, 0.125, 0.135, 0.1489, 0.1648, 0.1776, 0.2073, 
0.2293, 211.2, 232, 252.8, 273.6, 294.4, 315.2, 336, 356.8, 377.6, 
397.4, 420.8, 8, 1440, 4, 246, 59, 21, 2, 773, 12, 2491, 265, 
34, 1, 258, 13, 23, 184, 443, 2, 263, 1, 4, 100, 100, 100, 100, 
100, 100, 100, 100, 100, 100, 100, 2500, 2500, 2500, 2500, 2500, 
2500, 2500, 2500, 2500, 2500, 2500, 8444.613, 8682.319, 9008.678, 
9307.468, 9691.43400000001, 10134.73, 10523.747, 10876.416, 11330.131, 
11370.193, 11668.848, 1, 1, 1, 1, 1, 1, 1, 1, 1, 1, 1, 0.04762, 
0.04762, 0.04762, 0.04762, 0.04762, 0.04762, 0.04762, 0.04762, 
0.04762, 0.04762, 0.04762, 0, 0, 0, 0, 0, 0, 0, 0, 0, 0, 0, 0, 
0, 0, 0, 0, 0, 0, 0, 0, 0, 0, 0.0037, 0.00345, 0.01242, 0.00286, 
0.00263, 0, 0, 0.00217, 0, 0, 0, 0, 0.00345, 0.00597, 0.00598, 
0.00572, 0, 0, 0, 0, 0, 0, 0.0854, 0.0936, 0.1047, 0.1157, 0.1273, 
0.1402, 0.1538, 0.1672, 0.1815, 0.2009, 0.2144, 211.2, 232, 252.8, 
273.6, 294.4, 315.2, 336, 356.8, 377.6, 398.4, 422.4, 1, 1, 1, 
1, 1, 1, 1, 1, 1, 1, 1, 1, 1, 1, 1, 1, 1, 1, 1, 1, 1, 1, 1, 1, 
1, 1, 1, 1, 1, 1, 1, 1, 1, 1, 1, 1, 1, 1, 1, 1, 1, 1, 1, 1, 3.334, 
3.411, 3.547, 3.676, 3.87, 4.015, 4.147, 4.27, 4.456, 4.536, 
4.58), .Dim = c(11L, 40L), .Dimnames = list(NULL, c("Sampling", 
"PSO.cost", "PSO.gamma", "PSO.data.balancing", "PSO.feature.selection", 
"PSO.valid.acc", "PSO.test.acc", "PSO.train.time", "PSO.n.support.vectors", 
"PSO.index", "PSO.n.solutions", "PSO.generations", "PSO.n.evaluations", 
"PSO.cpu.time", "RS.cost", "RS.gamma", "RS.data.balancing", "RS.feature.selection", 
"RS.valid.acc", "RS.test.acc", "RS.train.time", "RS.n.support.vectors", 
"RS.index", "RS.n.solutions", "RS.generations", "RS.n.evaluations", 
"RS.cpu.time", "DF.cost", "DF.gamma", "DF.data.balancing", "DF.feature.selection", 
"DF.valid.acc", "DF.test.acc", "DF.train.time", "DF.n.support.vectors", 
"DF.index", "DF.n.solutions", "DF.generations", "DF.n.evaluations", 
"DF.cpu.time")))
