full <-
structure(c(50, 55, 60, 65, 70, 75, 80, 85, 90, 95, 100, 4.47156, 
11.93721, 7.84858, 15, 8.52542, 7.38679, 12.56036, 13.43628, 
3.6194, 7.07177, 6.14727, -4.25039, -6.99263, -5.40261, -8.47395, 
-5.49333, -4.58166, -7.66116, -7.88068, -3.89351, -4.73628, -4.51706, 
0, 0, 0, 0, 0, 0, 0, 0, 0, 0, 0, 0, 0, 0, 0, 0, 0, 0, 0, 0, 0, 
0, 0.6671, 0.67214, 0.67476, 0.67217, 0.67612, 0.6796, 0.67713, 
0.67586, 0.67181, 0.67499, 0.67634, 0.66087, 0.66476, 0.65878, 
0.66334, 0.66859, 0.67512, 0.67474, 0.66431, 0.6673, 0.66768, 
0.67083, 0.9254, 2.2851, 1.4604, 6.244, 2.0721, 2.2415, 4.4166, 
6.3177, 2.7077, 3.4959, 3.668, 1144.8, 1240.5, 1354.3, 1469.1, 
1564.5, 1642.7, 1792.4, 1905.1, 2033.9, 2111.9, 2230.2, 1429, 
1474, 2037, 727, 1764, 676, 1023, 2482, 2259, 2145, 683, 29, 
2, 3, 1, 7, 58, 5, 2, 8, 1, 170, 100, 100, 100, 100, 100, 100, 
100, 100, 100, 100, 100, 2500, 2500, 2500, 2500, 2500, 2500, 
2500, 2500, 2500, 2500, 2500, 35665.431, 75288.755, 56594.966, 
178654.044, 72145.689, 93004.16, 138657.224, 302840.002, 229431.451, 
119214.701, 118456.91, 9.11987, 14.98272, 7.19346, 13.9119, 11.27012, 
12.45574, 11.17073, 10.51024, 3.63021, 6.96914, 12.1895, -6.76459, 
-9.07376, -5.16554, -8.96839, -6.64519, -6.50457, -7.37092, -5.82534, 
-3.89622, -4.50939, -6.37304, 0, 0, 0, 0, 0, 0, 0, 0, 0, 0, 0, 
0, 0, 0, 0, 0, 0, 0, 0, 0, 0, 0, 0.66423, 0.66954, 0.67198, 0.66997, 
0.67509, 0.67831, 0.67593, 0.67529, 0.67155, 0.67373, 0.67443, 
0.65753, 0.66346, 0.66079, 0.66077, 0.66792, 0.67065, 0.67384, 
0.66712, 0.6673, 0.66768, 0.66772, 1.0871, 3.449, 1.3943, 3.125, 
3.168, 5.3919, 3.3124, 4.2516, 2.64, 3.5857, 8.4067, 1146.8, 
1257.4, 1355.8, 1488.6, 1571, 1644.4, 1799.3, 1877.3, 2033.5, 
2106.3, 2219.8, 1527, 2253, 2009, 735, 2474, 426, 1016, 1975, 
2160, 2119, 1280, 2, 1, 1, 1, 1, 1, 2, 1, 1, 2, 1, 100, 100, 
100, 100, 100, 100, 100, 100, 100, 100, 100, 2500, 2500, 2500, 
2500, 2500, 2500, 2500, 2500, 2500, 2500, 2500, 69375.527, 90905.317, 
104666.545, 113288.693, 142232.985, 163814.498, 187579.685, 211054.184, 
220331.377, 262675.667, 296618.019, 1, 1, 1, 1, 1, 1, 1, 1, 1, 
1, 1, 0.125, 0.125, 0.125, 0.125, 0.125, 0.125, 0.125, 0.125, 
0.125, 0.125, 0.125, 0, 0, 0, 0, 0, 0, 0, 0, 0, 0, 0, 0, 0, 0, 
0, 0, 0, 0, 0, 0, 0, 0, 0.64509, 0.64127, 0.65162, 0.65265, 0.65628, 
0.66331, 0.66307, 0.66066, 0.66197, 0.66339, 0.66508, 0.64699, 
0.64519, 0.65161, 0.6556, 0.6556, 0.66267, 0.66038, 0.65559, 
0.65878, 0.66289, 0.66484, 0.9206, 1.0774, 1.2623, 1.4249, 1.6639, 
1.8675, 2.0521, 2.4131, 2.7506, 3.0411, 3.2075, 1208.3, 1326.7, 
1442.4, 1551.8, 1664.9, 1762.2, 1872.1, 1995.6, 2109.9, 2225.1, 
2337.7, 1, 1, 1, 1, 1, 1, 1, 1, 1, 1, 1, 1, 1, 1, 1, 1, 1, 1, 
1, 1, 1, 1, 1, 1, 1, 1, 1, 1, 1, 1, 1, 1, 1, 1, 1, 1, 1, 1, 1, 
1, 1, 1, 1, 1, 12.526, 14.173, 16.054, 17.789, 20.517, 23.268, 
24.309, 28.686, 33.402, 36.167, 37.975), .Dim = c(11L, 40L), .Dimnames = list(
    NULL, c("Sampling", "PSO.cost", "PSO.gamma", "PSO.data.balancing", 
    "PSO.feature.selection", "PSO.valid.acc", "PSO.test.acc", 
    "PSO.train.time", "PSO.n.support.vectors", "PSO.index", "PSO.n.solutions", 
    "PSO.generations", "PSO.n.evaluations", "PSO.cpu.time", "RS.cost", 
    "RS.gamma", "RS.data.balancing", "RS.feature.selection", 
    "RS.valid.acc", "RS.test.acc", "RS.train.time", "RS.n.support.vectors", 
    "RS.index", "RS.n.solutions", "RS.generations", "RS.n.evaluations", 
    "RS.cpu.time", "DF.cost", "DF.gamma", "DF.data.balancing", 
    "DF.feature.selection", "DF.valid.acc", "DF.test.acc", "DF.train.time", 
    "DF.n.support.vectors", "DF.index", "DF.n.solutions", "DF.generations", 
    "DF.n.evaluations", "DF.cpu.time")))
