full <-
structure(c(50, 55, 60, 65, 70, 75, 80, 85, 90, 95, 100, 9.61653, 
13.17563, 9.43256, 7.68953, 8.28687, 7.66038, 6.85236, 11.47797, 
8.6315, 8.23946, 10.58358, -7.54541, -6.51353, -8.19646, -6.15437, 
-6.95087, -5.16412, -6.26171, -7.54534, -5.97447, -6.64283, -4.43188, 
0, 0, 0, 0, 0, 0, 0, 0, 0, 0, 0, 0, 0, 0, 0, 0, 0, 0, 0, 0, 0, 
0, 0.66571, 0.66522, 0.6632, 0.66666, 0.66589, 0.66805, 0.66246, 
0.66544, 0.6689, 0.66614, 0.67417, 0.66044, 0.65608, 0.66082, 
0.65562, 0.65563, 0.66199, 0.66008, 0.66151, 0.66172, 0.66287, 
0.6677, 1.065, 4.9246, 1.3748, 1.6154, 1.8306, 2.2574, 2.2606, 
3.6782, 3.2924, 3.299, 10.4786, 1155, 1231.3, 1395.6, 1508.3, 
1623.4, 1702.6, 1861.1, 1937.6, 2043.9, 2184.8, 2194.8, 1314, 
1538, 2014, 1699, 2039, 1850, 2396, 1764, 1444, 910, 2447, 34, 
4, 5, 27, 12, 15, 3, 1, 24, 39, 1, 100, 100, 100, 100, 100, 100, 
100, 100, 100, 100, 100, 2500, 2500, 2500, 2500, 2500, 2500, 
2500, 2500, 2500, 2500, 2500, 53132.765, 98243.341, 50555.785, 
81279.962, 92778.571, 123912.953, 73396.517, 103247.897, 117443.568, 
120490.145, 294408.976, 7.36911, 11.23647, 11.73831, 9.44528, 
8.253, 8.97678, 9.15137, 10.70429, 8.66214, 8.73866, 9.39278, 
-5.35104, -5.95371, -9.93832, -6.92869, -6.97304, -5.34967, -7.8538, 
-7.50887, -5.9801, -6.73419, -4.70767, 0, 0, 0, 0, 0, 0, 0, 0, 
0, 0, 0, 0, 0, 0, 0, 0, 0, 0, 0, 0, 0, 0, 0.66569, 0.6626, 0.66201, 
0.66518, 0.66521, 0.66646, 0.66187, 0.66404, 0.66864, 0.66488, 
0.67249, 0.6614, 0.65738, 0.65403, 0.6534, 0.65665, 0.6639, 0.65648, 
0.66122, 0.66198, 0.66338, 0.66962, 1.0279, 2.5032, 1.4617, 1.7527, 
1.7756, 2.6927, 2.2995, 3.2241, 3.3118, 3.5722, 5.9345, 1144.9, 
1233.3, 1407.7, 1505.9, 1624.2, 1691.4, 1871.3, 1945.6, 2043.7, 
2180.2, 2204, 2187, 1262, 626, 906, 2283, 1455, 1151, 171, 1208, 
2168, 2427, 1, 1, 1, 1, 1, 2, 1, 1, 1, 1, 1, 100, 100, 100, 100, 
100, 100, 100, 100, 100, 100, 100, 2500, 2500, 2500, 2500, 2500, 
2500, 2500, 2500, 2500, 2500, 2500, 65521.755, 78014.636, 95068.635, 
122090.227, 133864.918, 149992.438, 182163.664, 190187.757, 231166.081, 
243109.035, 287702.566, 1, 1, 1, 1, 1, 1, 1, 1, 1, 1, 1, 0.125, 
0.125, 0.125, 0.125, 0.125, 0.125, 0.125, 0.125, 0.125, 0.125, 
0.125, 0, 0, 0, 0, 0, 0, 0, 0, 0, 0, 0, 0, 0, 0, 0, 0, 0, 0, 
0, 0, 0, 0, 0.64606, 0.64998, 0.64761, 0.64638, 0.64912, 0.65177, 
0.65558, 0.65278, 0.65374, 0.65631, 0.65908, 0.64894, 0.64911, 
0.64564, 0.64935, 0.6457, 0.64506, 0.65169, 0.65053, 0.6572, 
0.65305, 0.65763, 0.9132, 1.0705, 1.2602, 1.4355, 1.6748, 1.8533, 
2.1537, 2.3875, 2.7132, 2.9088, 3.1639, 1202.4, 1316.3, 1434.6, 
1567.8, 1674.1, 1791.9, 1908, 2009.1, 2129.9, 2241, 2335.3, 1, 
1, 1, 1, 1, 1, 1, 1, 1, 1, 1, 1, 1, 1, 1, 1, 1, 1, 1, 1, 1, 1, 
1, 1, 1, 1, 1, 1, 1, 1, 1, 1, 1, 1, 1, 1, 1, 1, 1, 1, 1, 1, 1, 
1, 12.387, 13.938, 15.992, 17.676, 21.309, 22.179, 25.521, 27.941, 
31.727, 34.451, 37.109), .Dim = c(11L, 40L), .Dimnames = list(
    NULL, c("Sampling", "PSO.cost", "PSO.gamma", "PSO.data.balancing", 
    "PSO.feature.selection", "PSO.valid.acc", "PSO.test.acc", 
    "PSO.train.time", "PSO.n.support.vectors", "PSO.index", "PSO.n.solutions", 
    "PSO.generations", "PSO.n.evaluations", "PSO.cpu.time", "RS.cost", 
    "RS.gamma", "RS.data.balancing", "RS.feature.selection", 
    "RS.valid.acc", "RS.test.acc", "RS.train.time", "RS.n.support.vectors", 
    "RS.index", "RS.n.solutions", "RS.generations", "RS.n.evaluations", 
    "RS.cpu.time", "DF.cost", "DF.gamma", "DF.data.balancing", 
    "DF.feature.selection", "DF.valid.acc", "DF.test.acc", "DF.train.time", 
    "DF.n.support.vectors", "DF.index", "DF.n.solutions", "DF.generations", 
    "DF.n.evaluations", "DF.cpu.time")))
