full <-
structure(c(50, 55, 60, 65, 70, 75, 80, 85, 90, 95, 100, 5.36703, 
2.40351, 3.87148, 11.19524, 4.77116, 4.87623, 5.6662, 5.03974, 
11.04447, 3.94625, 4.71588, -3.67023, -2.93876, -3.69944, -7.80003, 
-4.51487, -3.16232, -5.10675, -4.10291, -5.23607, -4.56579, -4.40955, 
0, 0, 0, 0, 0, 0, 0, 0, 0, 0, 0, 0, 0, 0, 0, 0, 0, 0, 0, 0, 0, 
0, 0.66814, 0.67179, 0.67196, 0.6707, 0.67098, 0.67573, 0.67444, 
0.6767, 0.67445, 0.67473, 0.67514, 0.65856, 0.66264, 0.66278, 
0.66112, 0.67235, 0.66138, 0.66934, 0.67303, 0.67046, 0.67121, 
0.67156, 0.9379, 1.0833, 1.2292, 2.0194, 1.692, 1.996, 2.1485, 
2.4155, 6.9107, 3.0154, 3.4428, 1118.1, 1252.8, 1350.7, 1474.2, 
1586.7, 1663.7, 1807.2, 1888.2, 1966.7, 2164.3, 2252.3, 2067, 
2266, 1563, 1580, 1508, 1398, 977, 2482, 1366, 1030, 1907, 5, 
2, 13, 3, 10, 59, 61, 1, 5, 12, 4, 100, 100, 100, 100, 100, 100, 
100, 100, 100, 100, 100, 2500, 2500, 2500, 2500, 2500, 2500, 
2500, 2500, 2500, 2500, 2500, 42189.798, 43673.212, 48376.009, 
68967.537, 61351.3150000001, 88551.4230000001, 81602.6219999999, 
91335.1339999998, 259864.303, 104582.506, 146202.698, 5.79603, 
2.55812, 3.80858, 8.99166, 5.2781, 4.50306, 5.82419, 8.623, 14.93358, 
4.0721, 2.28538, -3.83753, -3.04548, -3.63339, -6.94633, -5.04444, 
-3.20586, -5.23101, -6.58002, -6.59608, -4.60474, -3.03565, 0, 
0, 0, 0, 0, 0, 0, 0, 0, 0, 0, 0, 0, 0, 0, 0, 0, 0, 0, 0, 0, 0, 
0.66527, 0.67006, 0.67116, 0.66959, 0.66961, 0.67414, 0.67354, 
0.67528, 0.67365, 0.67398, 0.67347, 0.66, 0.66307, 0.66398, 0.66517, 
0.66893, 0.66489, 0.66845, 0.66655, 0.67099, 0.67171, 0.67155, 
0.9777, 1.0824, 1.2595, 1.6629, 1.6722, 2.005, 2.2034, 2.7508, 
28.0745, 2.9476, 3.2661, 1113.9, 1251.2, 1351.1, 1478.7, 1595.3, 
1669.1, 1808, 1916.9, 1966.4, 2162.9, 2260.7, 746, 1293, 441, 
1825, 25, 694, 2399, 1975, 217, 2394, 796, 1, 1, 1, 1, 1, 1, 
1, 1, 1, 1, 1, 100, 100, 100, 100, 100, 100, 100, 100, 100, 100, 
100, 2500, 2500, 2500, 2500, 2500, 2500, 2500, 2500, 2500, 2500, 
2500, 70493.379, 83510.389, 97241.579, 117882.842, 140132.646, 
151798.076, 156896.866, 181312.764, 227294.113, 245564.931, 252568.162, 
1, 1, 1, 1, 1, 1, 1, 1, 1, 1, 1, 0.125, 0.125, 0.125, 0.125, 
0.125, 0.125, 0.125, 0.125, 0.125, 0.125, 0.125, 0, 0, 0, 0, 
0, 0, 0, 0, 0, 0, 0, 0, 0, 0, 0, 0, 0, 0, 0, 0, 0, 0, 0.64945, 
0.65264, 0.65162, 0.65265, 0.65351, 0.66584, 0.66007, 0.66037, 
0.66141, 0.66315, 0.66413, 0.64753, 0.65351, 0.66, 0.65485, 0.65969, 
0.65787, 0.66008, 0.66544, 0.66567, 0.66491, 0.66317, 0.9204, 
1.0847, 1.2082, 1.4616, 1.6752, 1.9156, 2.1364, 2.3719, 2.6323, 
2.9675, 3.2786, 1195.9, 1304.5, 1415.8, 1539.2, 1654.3, 1767.9, 
1878, 1983.2, 2099.5, 2222.1, 2337.6, 1, 1, 1, 1, 1, 1, 1, 1, 
1, 1, 1, 1, 1, 1, 1, 1, 1, 1, 1, 1, 1, 1, 1, 1, 1, 1, 1, 1, 1, 
1, 1, 1, 1, 1, 1, 1, 1, 1, 1, 1, 1, 1, 1, 1, 12.619, 14.329, 
15.215, 18.108, 20.404, 23.055, 25.471, 27.79, 30.701, 34.566, 
37.94), .Dim = c(11L, 40L), .Dimnames = list(NULL, c("Sampling", 
"PSO.cost", "PSO.gamma", "PSO.data.balancing", "PSO.feature.selection", 
"PSO.valid.acc", "PSO.test.acc", "PSO.train.time", "PSO.n.support.vectors", 
"PSO.index", "PSO.n.solutions", "PSO.generations", "PSO.n.evaluations", 
"PSO.cpu.time", "RS.cost", "RS.gamma", "RS.data.balancing", "RS.feature.selection", 
"RS.valid.acc", "RS.test.acc", "RS.train.time", "RS.n.support.vectors", 
"RS.index", "RS.n.solutions", "RS.generations", "RS.n.evaluations", 
"RS.cpu.time", "DF.cost", "DF.gamma", "DF.data.balancing", "DF.feature.selection", 
"DF.valid.acc", "DF.test.acc", "DF.train.time", "DF.n.support.vectors", 
"DF.index", "DF.n.solutions", "DF.generations", "DF.n.evaluations", 
"DF.cpu.time")))
