full <-
structure(c(50, 55, 60, 65, 70, 75, 80, 85, 90, 95, 100, 6.37107, 
7.7747, 14.60961, 6.07359, 4.58182, 4.78423, 11.27532, 10.3264, 
15, 5.20458, 4.75042, -5.4177, -5.14268, -7.014, -5.26005, -4.16226, 
-4.18326, -7.7576, -6.58846, -7.99267, -4.96326, -4.70405, 0, 
0, 0, 0, 0, 0, 0, 0, 0, 0, 0, 0, 0, 0, 0, 0, 0, 0, 0, 0, 0, 0, 
0.67289, 0.67428, 0.67639, 0.67846, 0.67889, 0.67729, 0.67325, 
0.67135, 0.67288, 0.67397, 0.6739, 0.66618, 0.66427, 0.66203, 
0.67146, 0.67442, 0.67156, 0.66636, 0.66769, 0.66702, 0.67019, 
0.6696, 0.9536, 1.2819, 9.4156, 1.4859, 1.649, 1.8964, 3.0573, 
3.5278, 13.6668, 3.001, 3.407, 1128.2, 1218.4, 1335.2, 1470.2, 
1565.8, 1674.6, 1804.2, 1908.6, 2012.3, 2150.5, 2267.4, 687, 
1132, 2197, 2286, 1069, 837, 2323, 1515, 1845, 2102, 2432, 81, 
79, 1, 1, 27, 26, 2, 2, 3, 4, 1, 100, 100, 100, 100, 100, 100, 
100, 100, 100, 100, 100, 2500, 2500, 2500, 2500, 2500, 2500, 
2500, 2500, 2500, 2500, 2500, 36068.101, 52664.75, 188250.573, 
56569.575, 56816.52, 120495.562, 106251.213, 152423.791, 309243.152, 
111287.227, 110945.025, 5.86754, 10.85237, 14.85543, 4.69105, 
5.72227, 5.16006, 11.5755, 10.3734, 3.73069, 2.53743, 5.01424, 
-4.98318, -6.05905, -7.17532, -4.27657, -4.64584, -4.06743, -7.89958, 
-6.61081, -4.3806, -3.31074, -4.82704, 0, 0, 0, 0, 0, 0, 0, 0, 
0, 0, 0, 0, 0, 0, 0, 0, 0, 0, 0, 0, 0, 0, 0.67145, 0.67382, 0.6728, 
0.67699, 0.67615, 0.67697, 0.67175, 0.67079, 0.67128, 0.67296, 
0.67223, 0.66234, 0.66294, 0.66163, 0.67292, 0.67341, 0.67251, 
0.66487, 0.66797, 0.67181, 0.6717, 0.67032, 0.9312, 2.0415, 9.3355, 
1.4331, 1.7467, 1.9466, 3.1153, 3.5946, 2.6528, 2.9165, 3.2773, 
1121, 1211.1, 1336, 1465.5, 1561.1, 1669.4, 1805.6, 1909.2, 2051.1, 
2148.9, 2265.7, 2262, 2085, 1193, 511, 1652, 2193, 1591, 266, 
106, 276, 1773, 1, 1, 1, 1, 1, 1, 1, 1, 1, 1, 1, 100, 100, 100, 
100, 100, 100, 100, 100, 100, 100, 100, 2500, 2500, 2500, 2500, 
2500, 2500, 2500, 2500, 2500, 2500, 2500, 67375.994, 84292.682, 
100280.707, 113590.457, 128817.917, 144910.442, 154330.024, 200187.92, 
223147.41, 261360.223, 273408.152, 1, 1, 1, 1, 1, 1, 1, 1, 1, 
1, 1, 0.125, 0.125, 0.125, 0.125, 0.125, 0.125, 0.125, 0.125, 
0.125, 0.125, 0.125, 0, 0, 0, 0, 0, 0, 0, 0, 0, 0, 0, 0, 0, 0, 
0, 0, 0, 0, 0, 0, 0, 0, 0.65131, 0.6521, 0.65805, 0.65893, 0.66691, 
0.66324, 0.66217, 0.66347, 0.66356, 0.6634, 0.66361, 0.64941, 
0.6495, 0.65725, 0.66114, 0.66622, 0.66198, 0.65978, 0.66403, 
0.66543, 0.66289, 0.66243, 0.9, 1.0714, 1.2345, 1.3988, 1.6949, 
1.8541, 2.0825, 2.3753, 2.6583, 2.9742, 3.2665, 1185.1, 1300.3, 
1432.8, 1538.2, 1645.1, 1757.7, 1875.6, 1999.7, 2111.3, 2220.8, 
2338.5, 1, 1, 1, 1, 1, 1, 1, 1, 1, 1, 1, 1, 1, 1, 1, 1, 1, 1, 
1, 1, 1, 1, 1, 1, 1, 1, 1, 1, 1, 1, 1, 1, 1, 1, 1, 1, 1, 1, 1, 
1, 1, 1, 1, 1, 12.219, 14.094, 15.512, 17.233, 20.666, 22.291, 
24.677, 27.949, 31.047, 34.62, 37.532), .Dim = c(11L, 40L), .Dimnames = list(
    NULL, c("Sampling", "PSO.cost", "PSO.gamma", "PSO.data.balancing", 
    "PSO.feature.selection", "PSO.valid.acc", "PSO.test.acc", 
    "PSO.train.time", "PSO.n.support.vectors", "PSO.index", "PSO.n.solutions", 
    "PSO.generations", "PSO.n.evaluations", "PSO.cpu.time", "RS.cost", 
    "RS.gamma", "RS.data.balancing", "RS.feature.selection", 
    "RS.valid.acc", "RS.test.acc", "RS.train.time", "RS.n.support.vectors", 
    "RS.index", "RS.n.solutions", "RS.generations", "RS.n.evaluations", 
    "RS.cpu.time", "DF.cost", "DF.gamma", "DF.data.balancing", 
    "DF.feature.selection", "DF.valid.acc", "DF.test.acc", "DF.train.time", 
    "DF.n.support.vectors", "DF.index", "DF.n.solutions", "DF.generations", 
    "DF.n.evaluations", "DF.cpu.time")))
