full <-
structure(c(50, 55, 60, 65, 70, 75, 80, 85, 90, 95, 100, 14.43471, 
14.15358, 11.74816, 14.94843, 8.56897, 4.7316, 15, 9.15032, 5.18807, 
13.98191, 13.85671, -10.2078, -11.1223, -7.95047, -9.01881, -4.7503, 
-3.31143, -7.13049, -5.14933, -4.13114, -5.8527, -7.21127, 0, 
0, 0, 0, 0, 0, 0, 0, 0, 0, 0, 0, 0, 0, 0, 0, 0, 0, 0, 0, 0, 0, 
0.66618, 0.66868, 0.67199, 0.67957, 0.6751, 0.67638, 0.67715, 
0.6762, 0.67685, 0.67423, 0.67371, 0.65376, 0.66083, 0.66441, 
0.66923, 0.66553, 0.67223, 0.67506, 0.67057, 0.67419, 0.66768, 
0.66867, 1.6248, 1.5372, 1.9916, 4.6629, 2.3761, 2.0021, 17.4947, 
3.5858, 2.7157, 25.8962, 13.8185, 1170.9, 1288.7, 1363.6, 1447, 
1536.8, 1658.5, 1747.7, 1862.7, 1984.3, 2083.6, 2227.8, 1969, 
971, 752, 2361, 1946, 1004, 1989, 2286, 2179, 1647, 2099, 1, 
1, 25, 1, 1, 28, 3, 8, 28, 1, 2, 100, 100, 100, 100, 100, 100, 
100, 100, 100, 100, 100, 2500, 2500, 2500, 2500, 2500, 2500, 
2500, 2500, 2500, 2500, 2500, 56221.925, 52138.968, 84404.336, 
117673.549, 77853.4600000001, 78120.902, 250414.87, 183984.981, 
120170.776, 429507.889, 306534.09, 14.43339, 13.04286, 2.94406, 
6.05946, 8.9132, 4.50319, 7.72826, 12.55271, 5.15669, 13.23275, 
9.91968, -10.31732, -10.54125, -3.27153, -6.33037, -4.90468, 
-3.19401, -5.78453, -6.35514, -4.74449, -5.68057, -6.38656, 0, 
0, 0, 0, 0, 0, 0, 0, 0, 0, 0, 0, 0, 0, 0, 0, 0, 0, 0, 0, 0, 0, 
0.66427, 0.6665, 0.6716, 0.6792, 0.67236, 0.67478, 0.67565, 0.6748, 
0.67632, 0.67297, 0.67275, 0.65376, 0.66083, 0.6644, 0.67478, 
0.66655, 0.67255, 0.67834, 0.67254, 0.67579, 0.66717, 0.66772, 
1.6422, 1.3513, 1.2687, 1.439, 2.4539, 2.0042, 2.3538, 7.6879, 
2.6575, 18.882, 4.7281, 1172.6, 1288.6, 1361.6, 1481, 1536, 1659.9, 
1785.1, 1863.2, 2009.1, 2083.4, 2246.6, 1560, 1201, 879, 334, 
542, 884, 1311, 773, 1651, 62, 2310, 1, 1, 1, 1, 2, 1, 1, 2, 
1, 2, 2, 100, 100, 100, 100, 100, 100, 100, 100, 100, 100, 100, 
2500, 2500, 2500, 2500, 2500, 2500, 2500, 2500, 2500, 2500, 2500, 
74350.92, 90272.003, 100004.789, 113294.172, 125704.112, 162642.138, 
164840.68, 196431.097, 223352.976, 244971.725, 285334.68, 1, 
1, 1, 1, 1, 1, 1, 1, 1, 1, 1, 0.125, 0.125, 0.125, 0.125, 0.125, 
0.125, 0.125, 0.125, 0.125, 0.125, 0.125, 0, 0, 0, 0, 0, 0, 0, 
0, 0, 0, 0, 0, 0, 0, 0, 0, 0, 0, 0, 0, 0, 0, 0.64557, 0.65126, 
0.66121, 0.6626, 0.6645, 0.65978, 0.66398, 0.65988, 0.66541, 
0.66516, 0.6639, 0.64698, 0.65736, 0.65801, 0.66445, 0.65903, 
0.66361, 0.66697, 0.661, 0.66462, 0.66339, 0.66222, 0.9408, 1.0946, 
1.2464, 1.4354, 1.6718, 1.8607, 2.1138, 2.377, 2.6641, 2.9919, 
3.2725, 1199.8, 1305.3, 1416.3, 1508.7, 1636.3, 1754.3, 1856.5, 
1976.2, 2079.5, 2214.3, 2337.9, 1, 1, 1, 1, 1, 1, 1, 1, 1, 1, 
1, 1, 1, 1, 1, 1, 1, 1, 1, 1, 1, 1, 1, 1, 1, 1, 1, 1, 1, 1, 1, 
1, 1, 1, 1, 1, 1, 1, 1, 1, 1, 1, 1, 1, 13.697, 15.172, 16.654, 
17.853, 20.472, 23.13, 25.159, 27.965, 31.999, 35.584, 38.361
), .Dim = c(11L, 40L), .Dimnames = list(NULL, c("Sampling", "PSO.cost", 
"PSO.gamma", "PSO.data.balancing", "PSO.feature.selection", "PSO.valid.acc", 
"PSO.test.acc", "PSO.train.time", "PSO.n.support.vectors", "PSO.index", 
"PSO.n.solutions", "PSO.generations", "PSO.n.evaluations", "PSO.cpu.time", 
"RS.cost", "RS.gamma", "RS.data.balancing", "RS.feature.selection", 
"RS.valid.acc", "RS.test.acc", "RS.train.time", "RS.n.support.vectors", 
"RS.index", "RS.n.solutions", "RS.generations", "RS.n.evaluations", 
"RS.cpu.time", "DF.cost", "DF.gamma", "DF.data.balancing", "DF.feature.selection", 
"DF.valid.acc", "DF.test.acc", "DF.train.time", "DF.n.support.vectors", 
"DF.index", "DF.n.solutions", "DF.generations", "DF.n.evaluations", 
"DF.cpu.time")))
