full <-
structure(c(50, 55, 60, 65, 70, 75, 80, 85, 90, 95, 100, 7.13675, 
10.57763, 5.38976, 4.55428, 7.42449, 7.06912, 12.31121, 6.21392, 
8.99959, 2.55079, 6.86278, -4.7895, -6.45731, -4.51355, -4.36596, 
-4.83905, -6.13801, -5.95226, -6.45327, -4.44344, -3.62963, -4.87232, 
0, 0, 0, 0, 0, 0, 0, 0, 0, 0, 0, 0, 0, 0, 0, 0, 0, 0, 0, 0, 0, 
0, 0.66853, 0.67344, 0.67001, 0.67331, 0.67201, 0.67441, 0.67503, 
0.67359, 0.67286, 0.67599, 0.67057, 0.65896, 0.66866, 0.66043, 
0.66188, 0.66346, 0.66898, 0.66396, 0.66965, 0.66621, 0.67071, 
0.66506, 1.0636, 1.8138, 1.3033, 1.4485, 1.9348, 1.9623, 7.619, 
2.3711, 4.6344, 2.9505, 3.8239, 1122.6, 1234.3, 1347.3, 1464.5, 
1542.9, 1694.2, 1758.6, 1952.7, 1975, 2156.1, 2234.4, 2178, 1856, 
1278, 2308, 1106, 1325, 1512, 2319, 2262, 817, 1807, 7, 4, 47, 
1, 26, 3, 2, 1, 2, 62, 7, 100, 100, 100, 100, 100, 100, 100, 
100, 100, 100, 100, 2500, 2500, 2500, 2500, 2500, 2500, 2500, 
2500, 2500, 2500, 2500, 40636.359, 79560.477, 65652.7560000001, 
53116.29, 100860.95, 96206.596, 271294.536, 88646.1270000001, 
150066.483, 113779.486, 216927.052, 9.21669, 11.75666, 5.44704, 
4.39512, 7.77253, 11.41177, 12.98087, 6.11666, 8.9888, 5.31267, 
6.6625, -5.85881, -6.98689, -4.53116, -3.56502, -4.81713, -7.81291, 
-6.03779, -4.73107, -4.43027, -4.28379, -4.78284, 0, 0, 0, 0, 
0, 0, 0, 0, 0, 0, 0, 0, 0, 0, 0, 0, 0, 0, 0, 0, 0, 0, 0.66662, 
0.67039, 0.66841, 0.67258, 0.67099, 0.67409, 0.67234, 0.6719, 
0.67286, 0.67524, 0.66961, 0.65847, 0.66518, 0.66083, 0.65783, 
0.66414, 0.67122, 0.66457, 0.67107, 0.66594, 0.67373, 0.66602, 
1.239, 2.1578, 1.2866, 1.4188, 2.0302, 2.7085, 10.3621, 2.5064, 
4.7202, 3.1712, 3.719, 1122.8, 1233.3, 1347, 1450.7, 1539.3, 
1683.5, 1760.5, 1894.3, 1975.2, 2113.5, 2233.3, 1206, 1348, 1203, 
1852, 1909, 2375, 2073, 1415, 2292, 2100, 1999, 1, 1, 2, 1, 1, 
1, 2, 1, 1, 1, 1, 100, 100, 100, 100, 100, 100, 100, 100, 100, 
100, 100, 2500, 2500, 2500, 2500, 2500, 2500, 2500, 2500, 2500, 
2500, 2500, 74231.597, 84848.986, 96278.3590000001, 109475.294, 
134007.391, 159989.367, 157925.145, 209994.831, 238708.45, 250634.136, 
254333.353, 1, 1, 1, 1, 1, 1, 1, 1, 1, 1, 1, 0.125, 0.125, 0.125, 
0.125, 0.125, 0.125, 0.125, 0.125, 0.125, 0.125, 0.125, 0, 0, 
0, 0, 0, 0, 0, 0, 0, 0, 0, 0, 0, 0, 0, 0, 0, 0, 0, 0, 0, 0, 0.65129, 
0.65038, 0.65485, 0.6608, 0.65935, 0.65908, 0.65618, 0.66149, 
0.66196, 0.66541, 0.66412, 0.65081, 0.64864, 0.65686, 0.65896, 
0.65525, 0.65972, 0.66365, 0.66205, 0.66169, 0.66264, 0.66459, 
0.8792, 1.0814, 1.2476, 1.4392, 1.6637, 1.8974, 2.1436, 2.3308, 
2.6109, 3.0234, 3.3163, 1199.6, 1312.6, 1421.7, 1536.1, 1642.1, 
1757.2, 1876.1, 1984.7, 2100.2, 2215.5, 2335.5, 1, 1, 1, 1, 1, 
1, 1, 1, 1, 1, 1, 1, 1, 1, 1, 1, 1, 1, 1, 1, 1, 1, 1, 1, 1, 1, 
1, 1, 1, 1, 1, 1, 1, 1, 1, 1, 1, 1, 1, 1, 1, 1, 1, 1, 12.477, 
14.919, 16.537, 18.566, 20.69, 23.172, 26.134, 28.019, 31.14, 
35.464, 38.932), .Dim = c(11L, 40L), .Dimnames = list(NULL, c("Sampling", 
"PSO.cost", "PSO.gamma", "PSO.data.balancing", "PSO.feature.selection", 
"PSO.valid.acc", "PSO.test.acc", "PSO.train.time", "PSO.n.support.vectors", 
"PSO.index", "PSO.n.solutions", "PSO.generations", "PSO.n.evaluations", 
"PSO.cpu.time", "RS.cost", "RS.gamma", "RS.data.balancing", "RS.feature.selection", 
"RS.valid.acc", "RS.test.acc", "RS.train.time", "RS.n.support.vectors", 
"RS.index", "RS.n.solutions", "RS.generations", "RS.n.evaluations", 
"RS.cpu.time", "DF.cost", "DF.gamma", "DF.data.balancing", "DF.feature.selection", 
"DF.valid.acc", "DF.test.acc", "DF.train.time", "DF.n.support.vectors", 
"DF.index", "DF.n.solutions", "DF.generations", "DF.n.evaluations", 
"DF.cpu.time")))
