full <-
structure(c(50, 55, 60, 65, 70, 75, 80, 85, 90, 95, 100, 14.70792, 
14.98949, 15, 8.81726, 14.51328, 15, 5.99553, 8.51853, 12.24157, 
12.65613, 3.09263, -8.93728, -9.17851, -9.95279, -6.15039, -9.45343, 
-10.36044, -3.72143, -6.23687, -5.95051, -6.92223, -3.65429, 
0, 0, 0, 0, 0, 0, 0, 0, 0, 0, 0, 0, 0, 0, 0, 0, 0, 0, 0, 0, 0, 
0, 0.66615, 0.67216, 0.67634, 0.66926, 0.6727, 0.669, 0.66876, 
0.66827, 0.67076, 0.67499, 0.67394, 0.66279, 0.65779, 0.66878, 
0.66412, 0.66689, 0.66038, 0.66159, 0.6618, 0.6657, 0.67247, 
0.67058, 2.6182, 3.2111, 2.9152, 1.8305, 3.8674, 3.8759, 2.4526, 
2.842, 9.1633, 7.7881, 3.1817, 1143.9, 1245.1, 1373.6, 1472.4, 
1601.4, 1721.8, 1782.6, 1929.7, 1995.6, 2126.4, 2260.8, 1873, 
2444, 1105, 1515, 2196, 1595, 1995, 1467, 2468, 2276, 856, 2, 
1, 1, 10, 1, 1, 1, 16, 1, 2, 49, 100, 100, 100, 100, 100, 100, 
100, 100, 100, 100, 100, 2500, 2500, 2500, 2500, 2500, 2500, 
2500, 2500, 2500, 2500, 2500, 82204.993, 103841.041, 87893.447, 
101095.075, 116100.507, 169120.252, 323026.994, 100540.644, 296713.894, 
333385.122, 152090.428, 14.63562, 14.58955, 14.35516, 10.03558, 
14.04155, 10.39623, 6.51637, 9.73212, 1.79415, 12.29464, 5.09563, 
-8.86632, -9.17849, -9.75675, -6.43333, -9.29254, -7.42399, -4.33395, 
-5.89749, -2.61023, -6.73074, -4.89111, 0, 0, 0, 0, 0, 0, 0, 
0, 0, 0, 0, 0, 0, 0, 0, 0, 0, 0, 0, 0, 0, 0, 0.66375, 0.66998, 
0.67354, 0.66889, 0.67031, 0.66741, 0.66728, 0.66602, 0.66969, 
0.67423, 0.6737, 0.66135, 0.65867, 0.66958, 0.66338, 0.67065, 
0.66006, 0.66218, 0.66377, 0.66623, 0.67373, 0.67105, 2.7148, 
2.7316, 2.5197, 2.0765, 3.5214, 2.5019, 2.3762, 3.5594, 2.664, 
7.6331, 3.2713, 1143.4, 1248.9, 1374.3, 1467.7, 1601.4, 1709.5, 
1786.9, 1907.8, 2056.3, 2125.4, 2268.4, 2328, 1152, 2104, 1037, 
1522, 2499, 897, 224, 825, 977, 1294, 2, 1, 1, 1, 1, 3, 1, 1, 
1, 3, 1, 100, 100, 100, 100, 100, 100, 100, 100, 100, 100, 100, 
2500, 2500, 2500, 2500, 2500, 2500, 2500, 2500, 2500, 2500, 2500, 
68411.577, 76727.922, 93109.323, 113516.796, 127573.582, 151208.113, 
184908.079, 183630.945, 238552.446, 231918.157, 287232.79, 1, 
1, 1, 1, 1, 1, 1, 1, 1, 1, 1, 0.125, 0.125, 0.125, 0.125, 0.125, 
0.125, 0.125, 0.125, 0.125, 0.125, 0.125, 0, 0, 0, 0, 0, 0, 0, 
0, 0, 0, 0, 0, 0, 0, 0, 0, 0, 0, 0, 0, 0, 0, 0.647, 0.64996, 
0.65198, 0.65525, 0.65492, 0.65654, 0.65829, 0.65533, 0.65879, 
0.66037, 0.6634, 0.64603, 0.65041, 0.6544, 0.65599, 0.6539, 0.65239, 
0.65321, 0.65844, 0.6649, 0.66012, 0.66052, 0.9076, 1.0434, 1.2658, 
1.4516, 1.6349, 1.8615, 2.1945, 2.3347, 2.6835, 2.9437, 3.1969, 
1197.6, 1306.2, 1422.7, 1534.6, 1652.3, 1761.8, 1889.9, 2001.3, 
2118.3, 2231, 2338.3, 1, 1, 1, 1, 1, 1, 1, 1, 1, 1, 1, 1, 1, 
1, 1, 1, 1, 1, 1, 1, 1, 1, 1, 1, 1, 1, 1, 1, 1, 1, 1, 1, 1, 1, 
1, 1, 1, 1, 1, 1, 1, 1, 1, 1, 12.4, 13.566, 16.904, 18.839, 20.618, 
23.024, 26.926, 27.341, 31.233, 33.947, 36.644), .Dim = c(11L, 
40L), .Dimnames = list(NULL, c("Sampling", "PSO.cost", "PSO.gamma", 
"PSO.data.balancing", "PSO.feature.selection", "PSO.valid.acc", 
"PSO.test.acc", "PSO.train.time", "PSO.n.support.vectors", "PSO.index", 
"PSO.n.solutions", "PSO.generations", "PSO.n.evaluations", "PSO.cpu.time", 
"RS.cost", "RS.gamma", "RS.data.balancing", "RS.feature.selection", 
"RS.valid.acc", "RS.test.acc", "RS.train.time", "RS.n.support.vectors", 
"RS.index", "RS.n.solutions", "RS.generations", "RS.n.evaluations", 
"RS.cpu.time", "DF.cost", "DF.gamma", "DF.data.balancing", "DF.feature.selection", 
"DF.valid.acc", "DF.test.acc", "DF.train.time", "DF.n.support.vectors", 
"DF.index", "DF.n.solutions", "DF.generations", "DF.n.evaluations", 
"DF.cpu.time")))
