full <-
structure(c(50, 55, 60, 65, 70, 75, 80, 85, 90, 95, 100, 11.42083, 
4.86586, 9.63634, 6.50947, 13.34326, 11.71443, 5.90115, 11.19552, 
7.59793, 6.84685, 6.96618, -10.04242, -4.49175, -6.37455, -6.58682, 
-7.29959, -6.9801, -4.46749, -6.82715, -4.55304, -5.84524, -5.02155, 
0, 0, 0, 0, 0, 0, 0, 0, 0, 0, 0, 0, 0, 0, 0, 0, 0, 0, 0, 0, 0, 
0, 0.67347, 0.67127, 0.66642, 0.66997, 0.6751, 0.6757, 0.67654, 
0.67615, 0.67421, 0.67322, 0.67561, 0.66389, 0.66345, 0.66123, 
0.66924, 0.66826, 0.66964, 0.66787, 0.67079, 0.66889, 0.66843, 
0.67201, 1.0341, 1.0632, 1.7835, 1.5004, 5.6811, 3.9714, 2.2481, 
4.3304, 3.3116, 3.1558, 3.6811, 1172.5, 1250.2, 1366.8, 1515.8, 
1563.3, 1682.3, 1792.6, 1911.8, 2003.7, 2163.4, 2238.9, 1307, 
962, 1385, 1413, 1369, 849, 1792, 1540, 1657, 856, 1544, 10, 
188, 17, 13, 3, 4, 17, 30, 21, 40, 30, 100, 100, 100, 100, 100, 
100, 100, 100, 100, 100, 100, 2500, 2500, 2500, 2500, 2500, 2500, 
2500, 2500, 2500, 2500, 2500, 41649.864, 40184.237, 63719.691, 
72575.141, 167952.69, 121206.066, 97752.6879999998, 132045.642, 
119475.578, 225440.645, 129642.526, 13.69449, 5.28403, 7.94403, 
11.53383, 13.53444, 10.60966, 5.0726, 10.95143, 7.7797, 6.94894, 
7.68267, -11.18584, -4.57383, -6.19509, -8.45111, -7.2941, -6.52229, 
-4.24932, -6.74046, -5.06431, -5.85803, -5.26977, 0, 0, 0, 0, 
0, 0, 0, 0, 0, 0, 0, 0, 0, 0, 0, 0, 0, 0, 0, 0, 0, 0, 0.67155, 
0.66953, 0.66561, 0.66887, 0.67305, 0.67474, 0.67385, 0.67587, 
0.67261, 0.67222, 0.67369, 0.66532, 0.66693, 0.66004, 0.66556, 
0.6669, 0.66932, 0.66877, 0.67051, 0.66836, 0.66843, 0.67034, 
1.1612, 1.1067, 1.4181, 1.9787, 6.4446, 3.1929, 2.1602, 4.1647, 
3.2097, 3.1687, 3.8261, 1171.4, 1247.3, 1375.7, 1500.2, 1562.1, 
1683.9, 1798.8, 1912.6, 2015.6, 2162.4, 2239.5, 2169, 2262, 1522, 
1072, 799, 2243, 649, 1562, 1728, 1630, 430, 1, 1, 1, 1, 1, 1, 
1, 1, 1, 1, 1, 100, 100, 100, 100, 100, 100, 100, 100, 100, 100, 
100, 2500, 2500, 2500, 2500, 2500, 2500, 2500, 2500, 2500, 2500, 
2500, 69585.896, 79887.071, 100743.008, 122617.97, 142962.193, 
175504.468, 173987.62, 212428.516, 240357.186, 253089.234, 265267.116, 
1, 1, 1, 1, 1, 1, 1, 1, 1, 1, 1, 0.125, 0.125, 0.125, 0.125, 
0.125, 0.125, 0.125, 0.125, 0.125, 0.125, 0.125, 0, 0, 0, 0, 
0, 0, 0, 0, 0, 0, 0, 0, 0, 0, 0, 0, 0, 0, 0, 0, 0, 0, 0.65812, 
0.65735, 0.65643, 0.65304, 0.66209, 0.65879, 0.66397, 0.65925, 
0.6609, 0.66087, 0.6622, 0.66147, 0.6517, 0.65205, 0.65784, 0.66483, 
0.66008, 0.66607, 0.66348, 0.6625, 0.6634, 0.66363, 0.9131, 1.0869, 
1.2489, 1.4113, 1.7212, 1.9179, 2.1523, 2.3563, 2.6273, 2.9166, 
3.1984, 1192.3, 1306.5, 1435.1, 1544.9, 1654.1, 1769, 1885.9, 
2000.5, 2122.2, 2231.1, 2336.9, 1, 1, 1, 1, 1, 1, 1, 1, 1, 1, 
1, 1, 1, 1, 1, 1, 1, 1, 1, 1, 1, 1, 1, 1, 1, 1, 1, 1, 1, 1, 1, 
1, 1, 1, 1, 1, 1, 1, 1, 1, 1, 1, 1, 1, 12.451, 14.248, 15.864, 
18.236, 22.046, 24.022, 25.63, 28.865, 31.624, 35.093, 38.035
), .Dim = c(11L, 40L), .Dimnames = list(NULL, c("Sampling", "PSO.cost", 
"PSO.gamma", "PSO.data.balancing", "PSO.feature.selection", "PSO.valid.acc", 
"PSO.test.acc", "PSO.train.time", "PSO.n.support.vectors", "PSO.index", 
"PSO.n.solutions", "PSO.generations", "PSO.n.evaluations", "PSO.cpu.time", 
"RS.cost", "RS.gamma", "RS.data.balancing", "RS.feature.selection", 
"RS.valid.acc", "RS.test.acc", "RS.train.time", "RS.n.support.vectors", 
"RS.index", "RS.n.solutions", "RS.generations", "RS.n.evaluations", 
"RS.cpu.time", "DF.cost", "DF.gamma", "DF.data.balancing", "DF.feature.selection", 
"DF.valid.acc", "DF.test.acc", "DF.train.time", "DF.n.support.vectors", 
"DF.index", "DF.n.solutions", "DF.generations", "DF.n.evaluations", 
"DF.cpu.time")))
