full <-
structure(c(50, 55, 60, 65, 70, 75, 80, 85, 90, 95, 100, 15, 
8.11484, 7.27269, 8.22646, 5.17781, 4.194, 12.31327, 15, 3.23256, 
2.5116, 14.9816, -8.71662, -6.93644, -5.47355, -4.58996, -5.14262, 
-4.19448, -6.19971, -10.13873, -3.27249, -4.46603, -7.95896, 
0, 0, 0, 0, 0, 0, 0, 0, 0, 0, 0, 0, 0, 0, 0, 0, 0, 0, 0, 0, 0, 
0, 0.67001, 0.66433, 0.66283, 0.66887, 0.67441, 0.66998, 0.67684, 
0.67588, 0.67686, 0.67398, 0.67321, 0.65806, 0.66129, 0.65886, 
0.66076, 0.66894, 0.6652, 0.67027, 0.6725, 0.67287, 0.66667, 
0.66914, 3.996, 1.1564, 1.4302, 2.0183, 1.7215, 1.913, 6.9135, 
5.1481, 2.6447, 2.982, 17.8285, 1127.3, 1260, 1357.2, 1449.3, 
1589.3, 1694.8, 1761.9, 1929.3, 2002.7, 2183.8, 2235.7, 1845, 
1412, 958, 880, 1119, 1684, 2331, 1728, 2455, 1642, 1791, 1, 
81, 29, 10, 114, 17, 4, 1, 1, 17, 1, 100, 100, 100, 100, 100, 
100, 100, 100, 100, 100, 100, 2500, 2500, 2500, 2500, 2500, 2500, 
2500, 2500, 2500, 2500, 2500, 108047.779, 42806.074, 47729.74, 
65832.913, 65635.12, 117207.746, 231277.422, 161852.562, 315042.194, 
122887.886, 380923.874, 12.72346, 7.63498, 6.49127, 5.9981, 4.93299, 
14.27873, 12.67131, 11.81605, 3.2716, 2.49549, 14.82739, -7.28492, 
-6.66923, -5.56922, -3.88202, -5.01911, -10.49343, -6.29352, 
-8.26549, -3.27797, -2.90481, -7.4069, 0, 0, 0, 0, 0, 0, 0, 0, 
0, 0, 0, 0, 0, 0, 0, 0, 0, 0, 0, 0, 0, 0, 0.66666, 0.66302, 0.66086, 
0.66592, 0.67271, 0.66901, 0.67595, 0.67363, 0.6758, 0.67323, 
0.67129, 0.65614, 0.66173, 0.66045, 0.65892, 0.66859, 0.66327, 
0.66757, 0.67701, 0.67234, 0.67045, 0.66483, 2.5528, 1.1188, 
1.3365, 1.5813, 1.6759, 2.9948, 7.6873, 3.4679, 2.6552, 3.0068, 
20.7846, 1119.8, 1260.1, 1367.8, 1455.4, 1590.3, 1726.8, 1760.1, 
1918.1, 2002.8, 2134.1, 2223.1, 818, 1778, 252, 1645, 761, 1678, 
1820, 1520, 42, 261, 2084, 1, 1, 1, 1, 1, 1, 1, 1, 1, 1, 1, 100, 
100, 100, 100, 100, 100, 100, 100, 100, 100, 100, 2500, 2500, 
2500, 2500, 2500, 2500, 2500, 2500, 2500, 2500, 2500, 71927.007, 
87655.081, 90778.611, 119667.359, 126137.587, 153449.29, 176972.916, 
184327.565, 228338.018, 230652.468, 275660.963, 1, 1, 1, 1, 1, 
1, 1, 1, 1, 1, 1, 0.125, 0.125, 0.125, 0.125, 0.125, 0.125, 0.125, 
0.125, 0.125, 0.125, 0.125, 0, 0, 0, 0, 0, 0, 0, 0, 0, 0, 0, 
0, 0, 0, 0, 0, 0, 0, 0, 0, 0, 0, 0.65422, 0.64779, 0.64167, 0.65082, 
0.65218, 0.65754, 0.65888, 0.66686, 0.66914, 0.66894, 0.66794, 
0.6566, 0.65214, 0.64727, 0.65818, 0.66313, 0.65657, 0.66008, 
0.66152, 0.66728, 0.66566, 0.66196, 0.9016, 1.0684, 1.249, 1.4699, 
1.6729, 1.909, 2.0572, 2.3938, 2.6704, 2.9387, 3.2026, 1174.4, 
1287.5, 1409.1, 1527.6, 1636.1, 1757.6, 1860.3, 1973.3, 2088, 
2209, 2336.8, 1, 1, 1, 1, 1, 1, 1, 1, 1, 1, 1, 1, 1, 1, 1, 1, 
1, 1, 1, 1, 1, 1, 1, 1, 1, 1, 1, 1, 1, 1, 1, 1, 1, 1, 1, 1, 1, 
1, 1, 1, 1, 1, 1, 1, 12.291, 13.905, 15.786, 18.225, 20.351, 
23.078, 24.339, 28.085, 31.431, 34.273, 36.786), .Dim = c(11L, 
40L), .Dimnames = list(NULL, c("Sampling", "PSO.cost", "PSO.gamma", 
"PSO.data.balancing", "PSO.feature.selection", "PSO.valid.acc", 
"PSO.test.acc", "PSO.train.time", "PSO.n.support.vectors", "PSO.index", 
"PSO.n.solutions", "PSO.generations", "PSO.n.evaluations", "PSO.cpu.time", 
"RS.cost", "RS.gamma", "RS.data.balancing", "RS.feature.selection", 
"RS.valid.acc", "RS.test.acc", "RS.train.time", "RS.n.support.vectors", 
"RS.index", "RS.n.solutions", "RS.generations", "RS.n.evaluations", 
"RS.cpu.time", "DF.cost", "DF.gamma", "DF.data.balancing", "DF.feature.selection", 
"DF.valid.acc", "DF.test.acc", "DF.train.time", "DF.n.support.vectors", 
"DF.index", "DF.n.solutions", "DF.generations", "DF.n.evaluations", 
"DF.cpu.time")))
