full <-
structure(c(50, 55, 60, 65, 70, 75, 80, 85, 90, 95, 100, 6.28618, 
13.18408, 10.82756, 6.67277, 3.30194, 4.95953, 6.11566, 4.66078, 
14.98552, 4.88779, 4.47336, -4.27906, -8.60342, -7.04828, -4.31511, 
-3.37784, -3.18257, -4.01171, -3.32982, -8.6627, -3.94833, -3.72954, 
0, 0, 0, 0, 0, 0, 0, 0, 0, 0, 0, 0, 0, 0, 0, 0, 0, 0, 0, 0, 0, 
0, 0.67236, 0.67436, 0.67159, 0.67401, 0.66927, 0.67445, 0.67865, 
0.67728, 0.67365, 0.67021, 0.67584, 0.66759, 0.6613, 0.66761, 
0.67143, 0.66587, 0.66648, 0.67297, 0.66939, 0.66647, 0.66718, 
0.66627, 0.9827, 2.1224, 1.9558, 1.6259, 1.6761, 2.0783, 2.4018, 
2.4457, 10.004, 3.1222, 3.4262, 1112.2, 1247.3, 1366.8, 1456.7, 
1595.3, 1681, 1776.4, 1905, 2038.1, 2130.9, 2231.4, 1286, 1589, 
1080, 461, 1124, 2344, 791, 1363, 2282, 2157, 2465, 28, 6, 12, 
39, 13, 1, 75, 36, 1, 3, 2, 100, 100, 100, 100, 100, 100, 100, 
100, 100, 100, 100, 2500, 2500, 2500, 2500, 2500, 2500, 2500, 
2500, 2500, 2500, 2500, 35212.536, 64728.111, 79951.506, 132540.47, 
62228.9029999999, 76240.6070000001, 86497.2579999999, 95479.6739999999, 
310841.263, 100195.728, 198405.82, 3.79983, 5.8925, 3.22757, 
12.59511, 3.60383, 4.87176, 5.11295, 2.16997, 13.72748, 10.62739, 
4.58462, -4.15767, -5.88826, -4.12936, -6.57491, -3.80908, -3.70045, 
-3.42922, -3.37654, -8.32155, -4.82983, -3.71206, 0, 0, 0, 0, 
0, 0, 0, 0, 0, 0, 0, 0, 0, 0, 0, 0, 0, 0, 0, 0, 0, 0, 0.67044, 
0.67262, 0.6716, 0.67364, 0.66723, 0.67254, 0.67715, 0.67475, 
0.67233, 0.66844, 0.67368, 0.66612, 0.66392, 0.66601, 0.66886, 
0.66655, 0.66712, 0.67387, 0.67193, 0.6686, 0.66568, 0.66555, 
0.903, 1.0432, 1.2361, 4.7064, 1.6851, 1.9529, 2.3025, 2.3045, 
6.649, 8.0463, 3.4032, 1139.4, 1267, 1385.2, 1453.6, 1596, 1688.1, 
1781.2, 1954.8, 2041.4, 2096.8, 2228.1, 1111, 1255, 547, 1068, 
1719, 2188, 206, 587, 1232, 1712, 2165, 1, 1, 1, 1, 2, 1, 1, 
1, 1, 2, 2, 100, 100, 100, 100, 100, 100, 100, 100, 100, 100, 
100, 2500, 2500, 2500, 2500, 2500, 2500, 2500, 2500, 2500, 2500, 
2500, 69618.25, 89975.889, 103396.246, 111678.094, 130200.348, 
156272.093, 169229.704, 190985.593, 222435.174, 248322.515, 260558.044, 
1, 1, 1, 1, 1, 1, 1, 1, 1, 1, 1, 0.125, 0.125, 0.125, 0.125, 
0.125, 0.125, 0.125, 0.125, 0.125, 0.125, 0.125, 0, 0, 0, 0, 
0, 0, 0, 0, 0, 0, 0, 0, 0, 0, 0, 0, 0, 0, 0, 0, 0, 0, 0.66183, 
0.66045, 0.65203, 0.65891, 0.65936, 0.6601, 0.66818, 0.66433, 
0.66008, 0.66113, 0.66722, 0.66086, 0.66393, 0.65881, 0.66149, 
0.66108, 0.66008, 0.66519, 0.66489, 0.66355, 0.66138, 0.6653, 
0.9048, 1.0702, 1.2306, 1.4474, 1.6888, 1.9133, 2.0483, 2.4108, 
2.6433, 2.9718, 3.2381, 1193.7, 1309, 1431.3, 1549.3, 1664.6, 
1783.1, 1881.1, 2010.2, 2119.2, 2231.8, 2336.9, 1, 1, 1, 1, 1, 
1, 1, 1, 1, 1, 1, 1, 1, 1, 1, 1, 1, 1, 1, 1, 1, 1, 1, 1, 1, 1, 
1, 1, 1, 1, 1, 1, 1, 1, 1, 1, 1, 1, 1, 1, 1, 1, 1, 1, 12.376, 
14.896, 16.333, 18.016, 20.909, 23.083, 24.258, 28.44, 31.726, 
34.461, 38.498), .Dim = c(11L, 40L), .Dimnames = list(NULL, c("Sampling", 
"PSO.cost", "PSO.gamma", "PSO.data.balancing", "PSO.feature.selection", 
"PSO.valid.acc", "PSO.test.acc", "PSO.train.time", "PSO.n.support.vectors", 
"PSO.index", "PSO.n.solutions", "PSO.generations", "PSO.n.evaluations", 
"PSO.cpu.time", "RS.cost", "RS.gamma", "RS.data.balancing", "RS.feature.selection", 
"RS.valid.acc", "RS.test.acc", "RS.train.time", "RS.n.support.vectors", 
"RS.index", "RS.n.solutions", "RS.generations", "RS.n.evaluations", 
"RS.cpu.time", "DF.cost", "DF.gamma", "DF.data.balancing", "DF.feature.selection", 
"DF.valid.acc", "DF.test.acc", "DF.train.time", "DF.n.support.vectors", 
"DF.index", "DF.n.solutions", "DF.generations", "DF.n.evaluations", 
"DF.cpu.time")))
