full <-
structure(c(50, 55, 60, 65, 70, 75, 80, 85, 90, 95, 100, 3.61427, 
3.49683, 2.79213, 6.7021, 12.11338, 7.02746, 11.64899, 14.65044, 
6.68188, 7.4483, 7.98921, -4.05862, -4.79585, -4.28157, -4.99468, 
-6.57417, -4.8986, -5.66816, -6.12558, -4.98334, -4.97373, -5.54844, 
0, 0, 0, 0, 0, 0, 0, 0, 0, 0, 0, 0, 0, 0, 0, 0, 0, 0, 0, 0, 0, 
0, 0.66958, 0.67261, 0.67398, 0.67476, 0.66995, 0.67125, 0.67291, 
0.68037, 0.68191, 0.67775, 0.67299, 0.65807, 0.66696, 0.66799, 
0.66555, 0.66379, 0.66327, 0.66544, 0.67333, 0.67261, 0.67623, 
0.67179, 0.9349, 1.0889, 1.2673, 1.5883, 4.1496, 2.105, 6.273, 
28.3984, 2.8207, 3.5512, 3.925, 1153.5, 1289.2, 1399.3, 1471.1, 
1575.9, 1674.1, 1754.1, 1854.2, 2007.7, 2099.5, 2243.4, 549, 
1164, 1032, 2223, 1674, 2431, 1941, 1578, 784, 1399, 1669, 174, 
28, 305, 2, 4, 2, 1, 1, 50, 70, 4, 100, 100, 100, 100, 100, 100, 
100, 100, 100, 100, 100, 2500, 2500, 2500, 2500, 2500, 2500, 
2500, 2500, 2500, 2500, 2500, 35654.824, 42160.674, 44540.14, 
64410.963, 98517.385, 88562.393, 170361.786, 243758.741, 112234.84, 
110026.377, 140003.441, 3.75303, 2.67716, 2.7738, 4.11813, 9.15785, 
6.33691, 11.36187, 9.92452, 7.92762, 10.40273, 6.88583, -4.14064, 
-4.00705, -4.15133, -3.8819, -5.82758, -4.627, -5.50694, -5.65109, 
-5.34279, -5.82646, -5.39125, 0, 0, 0, 0, 0, 0, 0, 0, 0, 0, 0, 
0, 0, 0, 0, 0, 0, 0, 0, 0, 0, 0, 0.66814, 0.67088, 0.67278, 0.67293, 
0.66892, 0.66869, 0.67112, 0.67925, 0.67925, 0.67623, 0.67228, 
0.65902, 0.67132, 0.66919, 0.66556, 0.66312, 0.66359, 0.66604, 
0.67277, 0.67021, 0.67421, 0.67323, 0.9344, 1.089, 1.2412, 1.4839, 
2.2465, 2.0047, 5.7867, 3.9305, 3.1434, 5.3883, 3.5564, 1153.9, 
1282.6, 1395.3, 1474.9, 1586.4, 1675.7, 1752.4, 1877.9, 2005.6, 
2094.6, 2252.9, 2240, 2222, 1308, 155, 756, 1217, 1329, 799, 
474, 340, 1677, 2, 1, 1, 1, 2, 2, 1, 1, 1, 1, 1, 100, 100, 100, 
100, 100, 100, 100, 100, 100, 100, 100, 2500, 2500, 2500, 2500, 
2500, 2500, 2500, 2500, 2500, 2500, 2500, 75852.072, 85677.119, 
96238.033, 119745.443, 123831.621, 163964.736, 177073.2, 194171.465, 
215230.511, 250193.73, 275562.75, 1, 1, 1, 1, 1, 1, 1, 1, 1, 
1, 1, 0.125, 0.125, 0.125, 0.125, 0.125, 0.125, 0.125, 0.125, 
0.125, 0.125, 0.125, 0, 0, 0, 0, 0, 0, 0, 0, 0, 0, 0, 0, 0, 0, 
0, 0, 0, 0, 0, 0, 0, 0, 0.65232, 0.66261, 0.65921, 0.6582, 0.65699, 
0.6636, 0.66035, 0.66403, 0.66624, 0.66363, 0.66294, 0.64994, 
0.66348, 0.66321, 0.66446, 0.65936, 0.66295, 0.65765, 0.66515, 
0.6649, 0.66489, 0.66269, 0.9326, 1.0933, 1.2664, 1.4435, 1.6115, 
1.8352, 2.0698, 2.3303, 2.6191, 2.9126, 3.2206, 1205.5, 1321.6, 
1434.4, 1551.2, 1670, 1771.8, 1883.1, 1992.3, 2102.8, 2209.9, 
2338.8, 1, 1, 1, 1, 1, 1, 1, 1, 1, 1, 1, 1, 1, 1, 1, 1, 1, 1, 
1, 1, 1, 1, 1, 1, 1, 1, 1, 1, 1, 1, 1, 1, 1, 1, 1, 1, 1, 1, 1, 
1, 1, 1, 1, 1, 13.511, 15.09, 16.91, 18.775, 19.541, 21.973, 
24.53, 28.411, 30.512, 34.432, 37.027), .Dim = c(11L, 40L), .Dimnames = list(
    NULL, c("Sampling", "PSO.cost", "PSO.gamma", "PSO.data.balancing", 
    "PSO.feature.selection", "PSO.valid.acc", "PSO.test.acc", 
    "PSO.train.time", "PSO.n.support.vectors", "PSO.index", "PSO.n.solutions", 
    "PSO.generations", "PSO.n.evaluations", "PSO.cpu.time", "RS.cost", 
    "RS.gamma", "RS.data.balancing", "RS.feature.selection", 
    "RS.valid.acc", "RS.test.acc", "RS.train.time", "RS.n.support.vectors", 
    "RS.index", "RS.n.solutions", "RS.generations", "RS.n.evaluations", 
    "RS.cpu.time", "DF.cost", "DF.gamma", "DF.data.balancing", 
    "DF.feature.selection", "DF.valid.acc", "DF.test.acc", "DF.train.time", 
    "DF.n.support.vectors", "DF.index", "DF.n.solutions", "DF.generations", 
    "DF.n.evaluations", "DF.cpu.time")))
