full <-
structure(c(50, 55, 60, 65, 70, 75, 80, 85, 90, 95, 100, 5.81543, 
10.76604, 14.79906, 10.02724, 11.55367, 7.53481, 5.29617, 3.12236, 
6.6771, 11.9164, 7.37453, -5.71829, -8.60121, -11.15154, -4.75117, 
-6.24386, -5.87855, -5.85231, -4.627, -4.44852, -5.38445, -4.9219, 
0, 0, 0, 0, 0, 0, 0, 0, 0, 0, 0, 0, 0, 0, 0, 0, 0, 0, 0, 0, 0, 
0, 0.67918, 0.67565, 0.67121, 0.67776, 0.67922, 0.67154, 0.67771, 
0.66968, 0.67364, 0.67623, 0.67418, 0.66959, 0.66431, 0.66523, 
0.66744, 0.67067, 0.66931, 0.66634, 0.66459, 0.66674, 0.67094, 
0.67035, 0.9326, 1.3315, 2.0192, 3.2656, 3.7046, 2.0393, 2.0823, 
2.3951, 3.057, 11.0357, 3.869, 1129.7, 1255.9, 1390.9, 1420.9, 
1545.3, 1690.3, 1838, 1961.5, 2003.2, 2087.3, 2227.8, 1104, 2013, 
912, 1910, 904, 1091, 1149, 1481, 1654, 2470, 1991, 251, 3, 1, 
2, 9, 9, 150, 50, 1, 1, 5, 100, 100, 100, 100, 100, 100, 100, 
100, 100, 100, 100, 2500, 2500, 2500, 2500, 2500, 2500, 2500, 
2500, 2500, 2500, 2500, 35541.109, 53594.024, 84780.247, 142420.308, 
138802.806, 66817.8380000001, 72438.605, 90386.7729999998, 174008.845, 
344257.512, 179053.503, 5.04257, 8.60517, 14.54998, 9.90222, 
13.62019, 6.51313, 4.80815, 3.00624, 7.44173, 11.61365, 4.4903, 
-5.3667, -7.41671, -11.05197, -4.67062, -7.01406, -5.40614, -5.63673, 
-4.53985, -5.80688, -5.25015, -4.48381, 0, 0, 0, 0, 0, 0, 0, 
0, 0, 0, 0, 0, 0, 0, 0, 0, 0, 0, 0, 0, 0, 0, 0.67488, 0.67435, 
0.66921, 0.67555, 0.67751, 0.67091, 0.67502, 0.66883, 0.6726, 
0.67573, 0.67299, 0.66816, 0.66475, 0.66483, 0.66596, 0.67443, 
0.66836, 0.66754, 0.66488, 0.67073, 0.67043, 0.67155, 0.8707, 
1.1571, 1.8973, 3.1707, 6.9319, 1.9617, 2.085, 2.3817, 2.9943, 
10.1795, 3.2505, 1129.7, 1252.2, 1391.4, 1420.7, 1545.5, 1689.7, 
1840.1, 1961, 2035.7, 2087.4, 2260.8, 553, 1597, 2234, 604, 925, 
1213, 1478, 1364, 1227, 843, 1634, 1, 2, 1, 1, 2, 1, 1, 1, 1, 
1, 1, 100, 100, 100, 100, 100, 100, 100, 100, 100, 100, 100, 
2500, 2500, 2500, 2500, 2500, 2500, 2500, 2500, 2500, 2500, 2500, 
75352.39, 88390.072, 99319.996, 112018.78, 135188.239, 158983.052, 
182798.563, 207327.111, 218981.433, 246823.612, 293051.204, 1, 
1, 1, 1, 1, 1, 1, 1, 1, 1, 1, 0.125, 0.125, 0.125, 0.125, 0.125, 
0.125, 0.125, 0.125, 0.125, 0.125, 0.125, 0, 0, 0, 0, 0, 0, 0, 
0, 0, 0, 0, 0, 0, 0, 0, 0, 0, 0, 0, 0, 0, 0, 0.6672, 0.66694, 
0.66003, 0.66522, 0.66006, 0.66103, 0.66544, 0.66208, 0.66569, 
0.66213, 0.66508, 0.66962, 0.67042, 0.65884, 0.6619, 0.65835, 
0.66422, 0.66245, 0.66038, 0.66463, 0.66389, 0.6627, 0.8688, 
1.0722, 1.2641, 1.4273, 1.643, 1.8619, 2.0741, 2.2977, 2.6171, 
2.9377, 3.1907, 1173.1, 1292.8, 1420.2, 1528.1, 1643, 1765.8, 
1877.9, 1996.3, 2111.5, 2216.8, 2336.9, 1, 1, 1, 1, 1, 1, 1, 
1, 1, 1, 1, 1, 1, 1, 1, 1, 1, 1, 1, 1, 1, 1, 1, 1, 1, 1, 1, 1, 
1, 1, 1, 1, 1, 1, 1, 1, 1, 1, 1, 1, 1, 1, 1, 1, 12.59, 14.949, 
15.995, 17.643, 20.894, 23.208, 25.334, 26.918, 30.421, 34.016, 
36.615), .Dim = c(11L, 40L), .Dimnames = list(NULL, c("Sampling", 
"PSO.cost", "PSO.gamma", "PSO.data.balancing", "PSO.feature.selection", 
"PSO.valid.acc", "PSO.test.acc", "PSO.train.time", "PSO.n.support.vectors", 
"PSO.index", "PSO.n.solutions", "PSO.generations", "PSO.n.evaluations", 
"PSO.cpu.time", "RS.cost", "RS.gamma", "RS.data.balancing", "RS.feature.selection", 
"RS.valid.acc", "RS.test.acc", "RS.train.time", "RS.n.support.vectors", 
"RS.index", "RS.n.solutions", "RS.generations", "RS.n.evaluations", 
"RS.cpu.time", "DF.cost", "DF.gamma", "DF.data.balancing", "DF.feature.selection", 
"DF.valid.acc", "DF.test.acc", "DF.train.time", "DF.n.support.vectors", 
"DF.index", "DF.n.solutions", "DF.generations", "DF.n.evaluations", 
"DF.cpu.time")))
