full <-
structure(c(50, 55, 60, 65, 70, 75, 80, 85, 90, 95, 100, 9.02585, 
6.36054, 14.68128, 11.11644, 14.96092, 6.05281, 5.18312, 14.95774, 
7.23429, 4.33534, 6.11301, -7.62334, -6.38973, -10.89994, -7.88065, 
-7.06108, -6.0413, -5.14285, -7.61499, -5.93961, -4.22518, -4.09415, 
0, 0, 0, 0, 0, 0, 0, 0, 0, 0, 0, 0, 0, 0, 0, 0, 0, 0, 0, 0, 0, 
0, 0.67193, 0.67566, 0.67356, 0.66893, 0.67102, 0.66899, 0.67057, 
0.67558, 0.67183, 0.67397, 0.67441, 0.66759, 0.6648, 0.66716, 
0.66228, 0.66177, 0.66101, 0.66278, 0.66825, 0.66863, 0.66893, 
0.67177, 1.0121, 1.1142, 1.9623, 2.0302, 14.2642, 1.9818, 2.1959, 
14.9543, 2.8588, 3.0038, 3.6476, 1155.9, 1277.7, 1393.9, 1499.8, 
1563.3, 1749.5, 1836.3, 1895.6, 2049.8, 2145, 2221.4, 877, 2122, 
1484, 906, 1680, 837, 1133, 1359, 1309, 1384, 1305, 79, 4, 2, 
50, 1, 209, 48, 1, 44, 30, 273, 100, 100, 100, 100, 100, 100, 
100, 100, 100, 100, 100, 2500, 2500, 2500, 2500, 2500, 2500, 
2500, 2500, 2500, 2500, 2500, 35917.512, 43335.863, 73026.396, 
75612.106, 357451.768, 66473.2209999999, 90582.2520000001, 326925.333, 
106067.403, 108155.403, 126570.755, 5.63113, 5.93584, 6.95253, 
10.50386, 14.1947, 6.01382, 4.81275, 14.76165, 6.9479, 5.01818, 
5.48682, -6.57798, -6.20877, -6.29137, -7.7147, -6.77514, -6.0412, 
-5.15397, -7.57677, -5.53231, -3.72432, -3.9087, 0, 0, 0, 0, 
0, 0, 0, 0, 0, 0, 0, 0, 0, 0, 0, 0, 0, 0, 0, 0, 0, 0, 0.67001, 
0.67435, 0.67235, 0.66746, 0.66725, 0.66899, 0.66847, 0.67445, 
0.6705, 0.67246, 0.67321, 0.65946, 0.66698, 0.67075, 0.66376, 
0.65936, 0.66197, 0.66278, 0.66712, 0.66943, 0.66868, 0.67273, 
0.9283, 1.0782, 1.3295, 1.9202, 11.0969, 1.9142, 2.1855, 13.0101, 
2.9446, 3.1337, 3.4183, 1172.4, 1279.6, 1382.6, 1501.6, 1562.9, 
1750.9, 1845.6, 1897.6, 2038.9, 2120.7, 2222.2, 2338, 1097, 989, 
693, 993, 828, 331, 1572, 1667, 1703, 1143, 1, 1, 1, 1, 2, 1, 
1, 1, 5, 1, 1, 100, 100, 100, 100, 100, 100, 100, 100, 100, 100, 
100, 2500, 2500, 2500, 2500, 2500, 2500, 2500, 2500, 2500, 2500, 
2500, 73367.689, 83874.041, 101048.266, 120462.515, 136791.543, 
148808.125, 193791.749, 200627.785, 231650.999, 234630.128, 261662.843, 
1, 1, 1, 1, 1, 1, 1, 1, 1, 1, 1, 0.125, 0.125, 0.125, 0.125, 
0.125, 0.125, 0.125, 0.125, 0.125, 0.125, 0.125, 0, 0, 0, 0, 
0, 0, 0, 0, 0, 0, 0, 0, 0, 0, 0, 0, 0, 0, 0, 0, 0, 0, 0.64988, 
0.65608, 0.6548, 0.65936, 0.64777, 0.64761, 0.65442, 0.6539, 
0.66544, 0.66364, 0.66051, 0.64463, 0.65739, 0.6572, 0.65162, 
0.65153, 0.6476, 0.6559, 0.65558, 0.66066, 0.66515, 0.66267, 
0.9108, 1.0756, 1.2485, 1.4652, 1.6962, 1.9207, 2.1496, 2.3525, 
2.6394, 2.8949, 3.2327, 1206.7, 1324.4, 1430.4, 1554.5, 1677.1, 
1793.1, 1899.5, 2005.7, 2119.3, 2233, 2337, 1, 1, 1, 1, 1, 1, 
1, 1, 1, 1, 1, 1, 1, 1, 1, 1, 1, 1, 1, 1, 1, 1, 1, 1, 1, 1, 1, 
1, 1, 1, 1, 1, 1, 1, 1, 1, 1, 1, 1, 1, 1, 1, 1, 1, 12.369, 13.996, 
15.754, 18.98, 21.504, 23.814, 26.321, 27.59, 30.936, 34.318, 
37.149), .Dim = c(11L, 40L), .Dimnames = list(NULL, c("Sampling", 
"PSO.cost", "PSO.gamma", "PSO.data.balancing", "PSO.feature.selection", 
"PSO.valid.acc", "PSO.test.acc", "PSO.train.time", "PSO.n.support.vectors", 
"PSO.index", "PSO.n.solutions", "PSO.generations", "PSO.n.evaluations", 
"PSO.cpu.time", "RS.cost", "RS.gamma", "RS.data.balancing", "RS.feature.selection", 
"RS.valid.acc", "RS.test.acc", "RS.train.time", "RS.n.support.vectors", 
"RS.index", "RS.n.solutions", "RS.generations", "RS.n.evaluations", 
"RS.cpu.time", "DF.cost", "DF.gamma", "DF.data.balancing", "DF.feature.selection", 
"DF.valid.acc", "DF.test.acc", "DF.train.time", "DF.n.support.vectors", 
"DF.index", "DF.n.solutions", "DF.generations", "DF.n.evaluations", 
"DF.cpu.time")))
