full <-
structure(c(50, 55, 60, 65, 70, 75, 80, 85, 90, 95, 100, 15, 
14.74737, 15, 14.95205, 14.83138, 14.93851, 14.91552, 3.76457, 
7.94545, 14.95433, 9.31396, -9.84422, -9.94719, -9.3937, -9.53414, 
-10.30729, -10.20743, -8.64847, -4.82572, -6.02319, -5.92322, 
-5.77472, 0, 0, 0, 0, 0, 0, 0, 0, 0, 0, 0, 0, 0, 0, 0, 0, 0, 
0, 0, 0, 0, 0, 0.67145, 0.67392, 0.66595, 0.66187, 0.6649, 0.67027, 
0.66546, 0.66658, 0.67208, 0.66943, 0.67464, 0.66282, 0.66651, 
0.66357, 0.66188, 0.65872, 0.66548, 0.66098, 0.6601, 0.6633, 
0.67119, 0.66411, 2.3342, 2.4515, 3.8327, 3.9892, 3.4645, 4.0656, 
8.0942, 2.4385, 3.0537, 49.7377, 4.7269, 1142.2, 1249.7, 1363.9, 
1492.1, 1632.6, 1752.3, 1842.2, 1977.6, 2051.9, 2097.8, 2236.8, 
1254, 1213, 1736, 1562, 228, 2484, 1312, 2146, 2231, 1998, 2314, 
2, 1, 2, 3, 1, 1, 1, 4, 9, 1, 1, 100, 100, 100, 100, 100, 100, 
100, 100, 100, 100, 100, 2500, 2500, 2500, 2500, 2500, 2500, 
2500, 2500, 2500, 2500, 2500, 61068.463, 71697.259, 114302.798, 
115812.303, 116230.447, 117473.732, 214404.311, 90269.8129999998, 
129468.28, 1016673.197, 131384.399, 14.19219, 14.5047, 7.34462, 
14.72996, 12.95534, 13.73862, 12.97455, 9.12522, 7.2526, 12.52186, 
8.69718, -9.53616, -9.76731, -4.54349, -10.01401, -9.09168, -9.51972, 
-8.19434, -5.13822, -5.76447, -5.50062, -5.38597, 0, 0, 0, 0, 
0, 0, 0, 0, 0, 0, 0, 0, 0, 0, 0, 0, 0, 0, 0, 0, 0, 0, 0.66856, 
0.67218, 0.66396, 0.66002, 0.66284, 0.66772, 0.66337, 0.66545, 
0.67075, 0.66791, 0.67321, 0.66138, 0.66694, 0.65998, 0.66114, 
0.66387, 0.66676, 0.65739, 0.66263, 0.66436, 0.67094, 0.66411, 
1.9436, 2.3606, 1.4895, 3.2, 2.8782, 3.5601, 4.4433, 3.5993, 
2.9057, 14.7025, 4.6174, 1144.7, 1249.4, 1347.6, 1504.6, 1626.6, 
1750.3, 1848.2, 1910.6, 2052.7, 2105.9, 2229.1, 552, 1800, 2175, 
783, 1070, 501, 353, 833, 1930, 1235, 1027, 2, 1, 1, 1, 1, 1, 
1, 1, 1, 1, 1, 100, 100, 100, 100, 100, 100, 100, 100, 100, 100, 
100, 2500, 2500, 2500, 2500, 2500, 2500, 2500, 2500, 2500, 2500, 
2500, 73301.624, 88549.468, 107060.042, 133087.648, 146321.538, 
165474.229, 173431.902, 203077.558, 221897.035, 291689.158, 271308.132, 
1, 1, 1, 1, 1, 1, 1, 1, 1, 1, 1, 0.125, 0.125, 0.125, 0.125, 
0.125, 0.125, 0.125, 0.125, 0.125, 0.125, 0.125, 0, 0, 0, 0, 
0, 0, 0, 0, 0, 0, 0, 0, 0, 0, 0, 0, 0, 0, 0, 0, 0, 0, 0.65087, 
0.65303, 0.64879, 0.64566, 0.65255, 0.65304, 0.65409, 0.64912, 
0.65479, 0.66136, 0.66411, 0.65515, 0.65607, 0.64561, 0.64787, 
0.6481, 0.65464, 0.65259, 0.65419, 0.66038, 0.65911, 0.6598, 
0.8782, 1.0375, 1.2544, 1.4496, 1.7312, 1.9258, 2.174, 2.374, 
2.644, 2.9915, 3.2989, 1193.7, 1305.8, 1431.7, 1563.8, 1681, 
1797.4, 1918.7, 2017, 2127.7, 2239.6, 2337.5, 1, 1, 1, 1, 1, 
1, 1, 1, 1, 1, 1, 1, 1, 1, 1, 1, 1, 1, 1, 1, 1, 1, 1, 1, 1, 1, 
1, 1, 1, 1, 1, 1, 1, 1, 1, 1, 1, 1, 1, 1, 1, 1, 1, 1, 12.666, 
14.175, 16.61, 18.688, 21.907, 23.876, 26.677, 28.732, 31.701, 
34.611, 38.043), .Dim = c(11L, 40L), .Dimnames = list(NULL, c("Sampling", 
"PSO.cost", "PSO.gamma", "PSO.data.balancing", "PSO.feature.selection", 
"PSO.valid.acc", "PSO.test.acc", "PSO.train.time", "PSO.n.support.vectors", 
"PSO.index", "PSO.n.solutions", "PSO.generations", "PSO.n.evaluations", 
"PSO.cpu.time", "RS.cost", "RS.gamma", "RS.data.balancing", "RS.feature.selection", 
"RS.valid.acc", "RS.test.acc", "RS.train.time", "RS.n.support.vectors", 
"RS.index", "RS.n.solutions", "RS.generations", "RS.n.evaluations", 
"RS.cpu.time", "DF.cost", "DF.gamma", "DF.data.balancing", "DF.feature.selection", 
"DF.valid.acc", "DF.test.acc", "DF.train.time", "DF.n.support.vectors", 
"DF.index", "DF.n.solutions", "DF.generations", "DF.n.evaluations", 
"DF.cpu.time")))
