full <-
structure(c(50, 55, 60, 65, 70, 75, 80, 85, 90, 95, 100, 3.76329, 
7.62873, 9.08092, 6.79995, 4.304, 8.09164, 14.19357, 4.24461, 
6.59731, 14.8762, 9.42516, -4.50869, -6.64431, -6.67961, -5.58522, 
-4.76418, -5.54549, -9.47628, -3.49628, -4.4531, -5.56703, -5.4167, 
0, 0, 0, 0, 0, 0, 0, 0, 0, 0, 0, 0, 0, 0, 0, 0, 0, 0, 0, 0, 0, 
0, 0.67143, 0.67223, 0.67359, 0.66777, 0.66824, 0.66805, 0.66666, 
0.66939, 0.67234, 0.67274, 0.67178, 0.66616, 0.65699, 0.6644, 
0.66187, 0.66414, 0.66197, 0.65919, 0.66404, 0.66888, 0.66643, 
0.67202, 0.9124, 1.1596, 1.4897, 1.5109, 1.6677, 2.3286, 4.2787, 
2.409, 3.0335, 57.5745, 4.8946, 1137.9, 1254.7, 1358.5, 1466.2, 
1588.6, 1680.4, 1835.7, 1906, 2007.6, 2076, 2219.2, 1173, 1745, 
2299, 1536, 833, 1017, 2417, 2201, 2076, 802, 909, 21, 38, 2, 
27, 66, 36, 1, 3, 48, 1, 14, 100, 100, 100, 100, 100, 100, 100, 
100, 100, 100, 100, 2500, 2500, 2500, 2500, 2500, 2500, 2500, 
2500, 2500, 2500, 2500, 38717.996, 45484.927, 60332.85, 73609.5209999999, 
69946.34, 102193.9, 125656.461, 78073.632, 137228.176, 1120934.427, 
229923.508, 6.60277, 8.00807, 9.26856, 6.72884, 4.12952, 6.59516, 
7.89093, 5.01074, 5.89568, 14.19046, 11.87914, -5.58623, -6.8767, 
-6.74868, -5.53817, -4.66036, -5.02291, -6.27791, -3.77588, -5.13994, 
-5.09278, -5.87238, 0, 0, 0, 0, 0, 0, 0, 0, 0, 0, 0, 0, 0, 0, 
0, 0, 0, 0, 0, 0, 0, 0, 0.67239, 0.67178, 0.67199, 0.66666, 0.66687, 
0.66613, 0.66636, 0.6677, 0.67075, 0.67122, 0.67106, 0.66952, 
0.65525, 0.6652, 0.66187, 0.6638, 0.6639, 0.66038, 0.66545, 0.66489, 
0.66315, 0.66988, 0.9721, 1.1609, 1.5035, 1.5219, 1.6844, 2.044, 
2.4098, 2.426, 2.8002, 46.4345, 9.7008, 1126.4, 1255.1, 1358.3, 
1466.4, 1590.2, 1682.4, 1827.1, 1900.1, 2043, 2074.4, 2213.6, 
256, 646, 534, 2124, 1815, 783, 244, 1121, 1155, 880, 547, 1, 
1, 1, 1, 1, 1, 1, 1, 1, 1, 1, 100, 100, 100, 100, 100, 100, 100, 
100, 100, 100, 100, 2500, 2500, 2500, 2500, 2500, 2500, 2500, 
2500, 2500, 2500, 2500, 70525.116, 85875.624, 104725.73, 115581.955, 
139065.599, 151788.124, 187726.458, 202634.408, 232354.512, 241051.732, 
266549.339, 1, 1, 1, 1, 1, 1, 1, 1, 1, 1, 1, 0.125, 0.125, 0.125, 
0.125, 0.125, 0.125, 0.125, 0.125, 0.125, 0.125, 0.125, 0, 0, 
0, 0, 0, 0, 0, 0, 0, 0, 0, 0, 0, 0, 0, 0, 0, 0, 0, 0, 0, 0, 0.66137, 
0.65565, 0.65761, 0.65194, 0.6532, 0.65396, 0.655, 0.65616, 0.66275, 
0.65962, 0.66531, 0.65753, 0.6574, 0.65042, 0.65784, 0.65386, 
0.65333, 0.65261, 0.65503, 0.66116, 0.66038, 0.66197, 0.912, 
1.057, 1.2418, 1.4375, 1.6822, 1.8917, 2.1442, 2.4142, 2.6757, 
2.8945, 3.3245, 1182.4, 1294.3, 1416.1, 1526.3, 1635.1, 1758.6, 
1882.4, 1997.7, 2114.3, 2223.7, 2338, 1, 1, 1, 1, 1, 1, 1, 1, 
1, 1, 1, 1, 1, 1, 1, 1, 1, 1, 1, 1, 1, 1, 1, 1, 1, 1, 1, 1, 1, 
1, 1, 1, 1, 1, 1, 1, 1, 1, 1, 1, 1, 1, 1, 1, 13.102, 14.538, 
16.401, 18.143, 20.79, 22.974, 25.703, 28.602, 31.364, 34.121, 
38.836), .Dim = c(11L, 40L), .Dimnames = list(NULL, c("Sampling", 
"PSO.cost", "PSO.gamma", "PSO.data.balancing", "PSO.feature.selection", 
"PSO.valid.acc", "PSO.test.acc", "PSO.train.time", "PSO.n.support.vectors", 
"PSO.index", "PSO.n.solutions", "PSO.generations", "PSO.n.evaluations", 
"PSO.cpu.time", "RS.cost", "RS.gamma", "RS.data.balancing", "RS.feature.selection", 
"RS.valid.acc", "RS.test.acc", "RS.train.time", "RS.n.support.vectors", 
"RS.index", "RS.n.solutions", "RS.generations", "RS.n.evaluations", 
"RS.cpu.time", "DF.cost", "DF.gamma", "DF.data.balancing", "DF.feature.selection", 
"DF.valid.acc", "DF.test.acc", "DF.train.time", "DF.n.support.vectors", 
"DF.index", "DF.n.solutions", "DF.generations", "DF.n.evaluations", 
"DF.cpu.time")))
