full <-
structure(c(50, 55, 60, 65, 70, 75, 80, 85, 90, 95, 100, 14.56199, 
10.27134, 10.87519, 14.97869, 10.53363, 4.08514, 10.00113, 7.37031, 
6.21276, 3.33859, 5.9801, -8.36465, -6.81444, -7.85795, -8.52128, 
-5.61281, -3.53764, -5.09361, -4.30801, -5.00346, -4.75518, -4.4719, 
0, 0, 0, 0, 0, 0, 0, 0, 0, 0, 0, 0, 0, 0, 0, 0, 0, 0, 0, 0, 0, 
0, 0.67574, 0.67525, 0.67278, 0.66921, 0.66859, 0.67249, 0.66725, 
0.67616, 0.67285, 0.67269, 0.67775, 0.6695, 0.66613, 0.66558, 
0.66441, 0.66105, 0.66165, 0.66157, 0.66997, 0.66779, 0.66311, 
0.66937, 3.4214, 1.525, 1.6683, 5.9194, 3.3896, 1.9621, 4.0669, 
3.0917, 2.9134, 2.9965, 3.6183, 1103.9, 1231.4, 1369.7, 1469, 
1559.5, 1687.6, 1773.7, 1896.2, 2036.6, 2196.3, 2230.3, 1300, 
1398, 1039, 2135, 2148, 1308, 2494, 1328, 2392, 2060, 1267, 2, 
60, 13, 1, 4, 39, 16, 13, 1, 1, 14, 100, 100, 100, 100, 100, 
100, 100, 100, 100, 100, 100, 2500, 2500, 2500, 2500, 2500, 2500, 
2500, 2500, 2500, 2500, 2500, 74235.466, 53266.617, 59589.198, 
132943.863, 109104.674, 72305.3860000001, 134225.896, 121349.045, 
100396.657, 121723.85, 126335.797, 12.26591, 9.3438, 11.65386, 
14.1579, 14.19138, 5.0015, 11.264, 7.06065, 7.67453, 3.35043, 
5.97077, -7.50555, -6.69422, -7.8029, -8.21625, -8.2276, -4.51887, 
-6.13896, -4.20385, -5.99606, -4.8045, -4.38189, 0, 0, 0, 0, 
0, 0, 0, 0, 0, 0, 0, 0, 0, 0, 0, 0, 0, 0, 0, 0, 0, 0, 0.6743, 
0.67264, 0.67039, 0.667, 0.66686, 0.67027, 0.66665, 0.67447, 
0.67151, 0.67143, 0.67656, 0.66856, 0.66437, 0.66878, 0.667, 
0.6614, 0.6658, 0.65798, 0.67166, 0.66486, 0.66261, 0.66961, 
1.8359, 1.311, 1.9373, 4.5724, 5.2272, 1.9674, 4.4661, 2.9377, 
2.9686, 3.0196, 3.6243, 1105, 1238, 1362, 1470.2, 1584, 1698.7, 
1792, 1897.3, 2050.9, 2196.8, 2227.2, 535, 19, 680, 52, 854, 
648, 967, 663, 1708, 2221, 795, 3, 1, 2, 1, 1, 1, 1, 2, 1, 1, 
1, 100, 100, 100, 100, 100, 100, 100, 100, 100, 100, 100, 2500, 
2500, 2500, 2500, 2500, 2500, 2500, 2500, 2500, 2500, 2500, 67456.243, 
84317.559, 96651.712, 112069.528, 126997.401, 155685.559, 196321.496, 
192513.004, 222619.859, 243529.298, 293356.756, 1, 1, 1, 1, 1, 
1, 1, 1, 1, 1, 1, 0.125, 0.125, 0.125, 0.125, 0.125, 0.125, 0.125, 
0.125, 0.125, 0.125, 0.125, 0, 0, 0, 0, 0, 0, 0, 0, 0, 0, 0, 
0, 0, 0, 0, 0, 0, 0, 0, 0, 0, 0, 0.65228, 0.64999, 0.64764, 0.65447, 
0.6525, 0.65527, 0.65797, 0.66208, 0.65902, 0.6616, 0.67058, 
0.65181, 0.65432, 0.64884, 0.64602, 0.65079, 0.65431, 0.65529, 
0.65617, 0.65637, 0.66009, 0.66818, 0.9083, 1.0735, 1.242, 1.4492, 
1.6891, 1.8803, 2.1902, 2.4006, 2.6722, 3.0276, 3.3047, 1174.3, 
1298.8, 1422.4, 1546.1, 1656.1, 1769.9, 1891.5, 2009, 2121.4, 
2228.8, 2338.8, 1, 1, 1, 1, 1, 1, 1, 1, 1, 1, 1, 1, 1, 1, 1, 
1, 1, 1, 1, 1, 1, 1, 1, 1, 1, 1, 1, 1, 1, 1, 1, 1, 1, 1, 1, 1, 
1, 1, 1, 1, 1, 1, 1, 1, 12.369, 14.185, 15.672, 17.97, 20.647, 
22.617, 26.044, 28.254, 31.137, 35.395, 38.064), .Dim = c(11L, 
40L), .Dimnames = list(NULL, c("Sampling", "PSO.cost", "PSO.gamma", 
"PSO.data.balancing", "PSO.feature.selection", "PSO.valid.acc", 
"PSO.test.acc", "PSO.train.time", "PSO.n.support.vectors", "PSO.index", 
"PSO.n.solutions", "PSO.generations", "PSO.n.evaluations", "PSO.cpu.time", 
"RS.cost", "RS.gamma", "RS.data.balancing", "RS.feature.selection", 
"RS.valid.acc", "RS.test.acc", "RS.train.time", "RS.n.support.vectors", 
"RS.index", "RS.n.solutions", "RS.generations", "RS.n.evaluations", 
"RS.cpu.time", "DF.cost", "DF.gamma", "DF.data.balancing", "DF.feature.selection", 
"DF.valid.acc", "DF.test.acc", "DF.train.time", "DF.n.support.vectors", 
"DF.index", "DF.n.solutions", "DF.generations", "DF.n.evaluations", 
"DF.cpu.time")))
