full <-
structure(c(50, 55, 60, 65, 70, 75, 80, 85, 90, 95, 100, 10.28954, 
10.01398, 10.14584, 6.38522, 6.61781, 8.0108, 9.92451, 4.57988, 
10.2726, 11.98754, 3.63603, -5.91621, -5.99379, -7.60068, -5.6849, 
-4.61508, -5.42174, -5.14188, -4.55063, -6.11716, -7.91329, -5.12445, 
0, 0, 0, 0, 0, 0, 0, 0, 0, 0, 0, 0, 0, 0, 0, 0, 0, 0, 0, 0, 0, 
0, 0.66953, 0.67261, 0.66879, 0.66736, 0.66108, 0.66902, 0.66875, 
0.66967, 0.67582, 0.67295, 0.67227, 0.6628, 0.66174, 0.6608, 
0.66145, 0.65699, 0.66391, 0.65918, 0.66657, 0.66971, 0.66867, 
0.66724, 1.6248, 1.7519, 1.566, 1.4891, 1.8552, 2.2961, 3.9697, 
2.4153, 4.2703, 4.8466, 3.2957, 1134.1, 1245.6, 1390.6, 1504.3, 
1585.4, 1692, 1785.8, 1937, 2006.2, 2146.7, 2315.6, 2424, 630, 
1669, 1524, 1304, 1698, 2352, 1792, 2049, 1132, 849, 1, 79, 4, 
38, 21, 10, 1, 14, 5, 7, 6, 100, 100, 100, 100, 100, 100, 100, 
100, 100, 100, 100, 2500, 2500, 2500, 2500, 2500, 2500, 2500, 
2500, 2500, 2500, 2500, 59394.912, 59957.785, 76294.914, 51490.501, 
107997.469, 85099.2329999999, 150354.368, 116413.421, 167905.464, 
182770.059, 237793.226, 10.98559, 7.79717, 7.81118, 6.04629, 
6.73968, 9.06569, 3.40124, 3.51854, 5.55757, 9.96072, 2.22833, 
-6.12, -5.43409, -6.31903, -5.74484, -4.5744, -6.55316, -3.52339, 
-3.93052, -5.10801, -5.52407, -3.52305, 0, 0, 0, 0, 0, 0, 0, 
0, 0, 0, 0, 0, 0, 0, 0, 0, 0, 0, 0, 0, 0, 0, 0.66713, 0.67001, 
0.66758, 0.66588, 0.65971, 0.66774, 0.66815, 0.66741, 0.6745, 
0.67169, 0.67107, 0.66281, 0.66262, 0.66359, 0.66182, 0.65698, 
0.66199, 0.66067, 0.66572, 0.66944, 0.66841, 0.66748, 1.915, 
1.2657, 1.3087, 1.4774, 1.863, 2.2961, 2.1477, 2.3227, 2.7581, 
4.9276, 3.3179, 1132.6, 1252.3, 1383.2, 1510.4, 1581.4, 1711.9, 
1822.5, 1937.7, 2034.3, 2099.6, 2278.8, 2283, 1073, 1588, 1445, 
277, 1752, 1267, 852, 1640, 783, 34, 1, 1, 1, 1, 1, 1, 1, 2, 
1, 2, 2, 100, 100, 100, 100, 100, 100, 100, 100, 100, 100, 100, 
2500, 2500, 2500, 2500, 2500, 2500, 2500, 2500, 2500, 2500, 2500, 
69627.479, 82730.965, 106295.737, 114254.615, 136499.664, 155237.035, 
174203.69, 195503.049, 227045.862, 282781.583, 291869.804, 1, 
1, 1, 1, 1, 1, 1, 1, 1, 1, 1, 0.125, 0.125, 0.125, 0.125, 0.125, 
0.125, 0.125, 0.125, 0.125, 0.125, 0.125, 0, 0, 0, 0, 0, 0, 0, 
0, 0, 0, 0, 0, 0, 0, 0, 0, 0, 0, 0, 0, 0, 0, 0.64083, 0.64564, 
0.65483, 0.65298, 0.64775, 0.65591, 0.65708, 0.66149, 0.66652, 
0.66313, 0.667, 0.64128, 0.65216, 0.64926, 0.65482, 0.64639, 
0.65304, 0.65349, 0.65951, 0.66652, 0.6606, 0.66268, 0.9309, 
1.0581, 1.2327, 1.414, 1.6804, 1.8947, 2.1261, 2.4352, 2.6698, 
2.9658, 3.2205, 1213, 1324, 1435.8, 1556.6, 1677, 1781.5, 1895.5, 
2008, 2102.5, 2213, 2336.9, 1, 1, 1, 1, 1, 1, 1, 1, 1, 1, 1, 
1, 1, 1, 1, 1, 1, 1, 1, 1, 1, 1, 1, 1, 1, 1, 1, 1, 1, 1, 1, 1, 
1, 1, 1, 1, 1, 1, 1, 1, 1, 1, 1, 1, 12.859, 13.857, 15.456, 17.403, 
20.478, 22.739, 25.162, 28.6, 31.077, 34.291, 37.116), .Dim = c(11L, 
40L), .Dimnames = list(NULL, c("Sampling", "PSO.cost", "PSO.gamma", 
"PSO.data.balancing", "PSO.feature.selection", "PSO.valid.acc", 
"PSO.test.acc", "PSO.train.time", "PSO.n.support.vectors", "PSO.index", 
"PSO.n.solutions", "PSO.generations", "PSO.n.evaluations", "PSO.cpu.time", 
"RS.cost", "RS.gamma", "RS.data.balancing", "RS.feature.selection", 
"RS.valid.acc", "RS.test.acc", "RS.train.time", "RS.n.support.vectors", 
"RS.index", "RS.n.solutions", "RS.generations", "RS.n.evaluations", 
"RS.cpu.time", "DF.cost", "DF.gamma", "DF.data.balancing", "DF.feature.selection", 
"DF.valid.acc", "DF.test.acc", "DF.train.time", "DF.n.support.vectors", 
"DF.index", "DF.n.solutions", "DF.generations", "DF.n.evaluations", 
"DF.cpu.time")))
