full <-
structure(c(50, 55, 60, 65, 70, 75, 80, 85, 90, 95, 100, 9.40834, 
13.64587, 11.69532, 4.57861, 7.55314, 5.84936, 5.82661, 1.53774, 
2.17042, 8.98485, 4.46435, -7.82638, -10.06268, -4.95246, -5.75628, 
-3.97774, -5.78033, -4.20691, -3.31685, -3.65379, -5.1272, -3.54237, 
0, 0, 0, 0, 0, 0, 0, 0, 0, 0, 0, 0, 0, 0, 0, 0, 0, 0, 0, 0, 0, 
0, 0.67101, 0.66824, 0.66923, 0.67182, 0.6727, 0.66679, 0.66875, 
0.67077, 0.67019, 0.67147, 0.67442, 0.66571, 0.65908, 0.66207, 
0.66555, 0.65697, 0.65849, 0.66726, 0.6657, 0.66646, 0.66643, 
0.66963, 0.9985, 1.5726, 4.5201, 1.411, 2.2132, 1.9269, 2.3326, 
2.3869, 2.6686, 4.2619, 3.3923, 1133.9, 1262.3, 1310.4, 1504.8, 
1538.9, 1721.4, 1789.8, 1971.5, 2077.4, 2103.2, 2229.5, 1541, 
2166, 1694, 1371, 611, 1195, 1547, 1616, 2191, 1899, 1277, 8, 
1, 1, 36, 58, 42, 19, 18, 14, 63, 36, 100, 100, 100, 100, 100, 
100, 100, 100, 100, 100, 100, 2500, 2500, 2500, 2500, 2500, 2500, 
2500, 2500, 2500, 2500, 2500, 37029.802, 73882.814, 158210.446, 
51526.041, 70899.264, 83664.2270000001, 102546.058, 85921.5680000002, 
96449.9989999998, 203600.311, 128183.294, 10.61707, 12.70606, 
12.5895, 4.31985, 6.66657, 3.96029, 7.60279, 2.53988, 4.13852, 
9.01209, 7.11166, -8.50489, -9.64697, -5.2191, -5.55613, -3.81867, 
-4.85439, -4.96822, -4.07149, -4.91537, -5.06346, -5.56101, 0, 
0, 0, 0, 0, 0, 0, 0, 0, 0, 0, 0, 0, 0, 0, 0, 0, 0, 0, 0, 0, 0, 
0.67004, 0.66781, 0.66804, 0.67035, 0.66996, 0.66551, 0.66576, 
0.66965, 0.66859, 0.67097, 0.67392, 0.66235, 0.65952, 0.66007, 
0.66592, 0.66278, 0.65817, 0.66577, 0.66655, 0.66885, 0.66694, 
0.66961, 1.0529, 1.4241, 6.3917, 1.4044, 1.9375, 1.9267, 2.5704, 
2.3913, 2.7077, 4.3464, 3.5695, 1134.6, 1262.5, 1307.6, 1503, 
1542, 1726.8, 1788.7, 1967.4, 2081.6, 2101.3, 2257.9, 283, 167, 
1434, 2159, 1822, 1086, 2361, 41, 279, 925, 869, 1, 1, 1, 1, 
1, 1, 1, 1, 1, 1, 1, 100, 100, 100, 100, 100, 100, 100, 100, 
100, 100, 100, 2500, 2500, 2500, 2500, 2500, 2500, 2500, 2500, 
2500, 2500, 2500, 65883.578, 73944.813, 95414.05, 106697.766, 
135062.142, 155456.046, 192404.317, 200266.587, 233325.581, 267146.093, 
304342.543, 1, 1, 1, 1, 1, 1, 1, 1, 1, 1, 1, 0.125, 0.125, 0.125, 
0.125, 0.125, 0.125, 0.125, 0.125, 0.125, 0.125, 0.125, 0, 0, 
0, 0, 0, 0, 0, 0, 0, 0, 0, 0, 0, 0, 0, 0, 0, 0, 0, 0, 0, 0, 0.65235, 
0.65475, 0.65489, 0.65929, 0.65526, 0.65497, 0.65617, 0.66428, 
0.66036, 0.66366, 0.66531, 0.64992, 0.65302, 0.65369, 0.65599, 
0.65013, 0.6572, 0.65797, 0.65866, 0.66223, 0.66316, 0.66556, 
0.9093, 1.0358, 1.2489, 1.4283, 1.6638, 1.8723, 2.0836, 2.4076, 
2.6996, 2.9293, 3.2196, 1178, 1302.1, 1413.4, 1527.5, 1647.3, 
1769.9, 1887.9, 2010.5, 2129.4, 2225.8, 2337.8, 1, 1, 1, 1, 1, 
1, 1, 1, 1, 1, 1, 1, 1, 1, 1, 1, 1, 1, 1, 1, 1, 1, 1, 1, 1, 1, 
1, 1, 1, 1, 1, 1, 1, 1, 1, 1, 1, 1, 1, 1, 1, 1, 1, 1, 13.438, 
13.44, 15.884, 18.687, 20.399, 23.236, 25.393, 29.163, 31.575, 
34.702, 36.965), .Dim = c(11L, 40L), .Dimnames = list(NULL, c("Sampling", 
"PSO.cost", "PSO.gamma", "PSO.data.balancing", "PSO.feature.selection", 
"PSO.valid.acc", "PSO.test.acc", "PSO.train.time", "PSO.n.support.vectors", 
"PSO.index", "PSO.n.solutions", "PSO.generations", "PSO.n.evaluations", 
"PSO.cpu.time", "RS.cost", "RS.gamma", "RS.data.balancing", "RS.feature.selection", 
"RS.valid.acc", "RS.test.acc", "RS.train.time", "RS.n.support.vectors", 
"RS.index", "RS.n.solutions", "RS.generations", "RS.n.evaluations", 
"RS.cpu.time", "DF.cost", "DF.gamma", "DF.data.balancing", "DF.feature.selection", 
"DF.valid.acc", "DF.test.acc", "DF.train.time", "DF.n.support.vectors", 
"DF.index", "DF.n.solutions", "DF.generations", "DF.n.evaluations", 
"DF.cpu.time")))
