full <-
structure(c(50, 55, 60, 65, 70, 75, 80, 85, 90, 95, 100, 4.74464, 
2.81043, 13.96223, 1.9893, 3.14564, 5.40545, 3.53596, 13.89826, 
7.86326, 8.79892, 3.32338, -2.54294, -3.48659, -9.99598, -2.7711, 
-3.78762, -4.3814, -3.752, -10.25531, -4.53923, -4.92809, -3.21296, 
0, 0, 0, 0, 0, 0, 0, 0, 0, 0, 0, 0, 0, 0, 0, 0, 0, 0, 0, 0, 0, 
0, 0.66515, 0.67743, 0.6768, 0.67844, 0.67442, 0.67506, 0.67326, 
0.67248, 0.67739, 0.67424, 0.67225, 0.65129, 0.67219, 0.66841, 
0.67512, 0.66998, 0.6706, 0.66278, 0.66629, 0.67075, 0.67071, 
0.66674, 1.0384, 1.0725, 2.0571, 1.439, 1.6526, 1.9499, 2.1743, 
3.7639, 3.519, 4.4706, 3.3558, 1137.8, 1259.3, 1378.1, 1473.6, 
1589.2, 1684.6, 1808.9, 1966.2, 1988.8, 2113.4, 2243.7, 1800, 
1785, 1056, 1062, 1757, 1610, 1552, 2298, 1585, 1500, 915, 17, 
7, 5, 52, 21, 13, 32, 2, 43, 9, 14, 100, 100, 100, 100, 100, 
100, 100, 100, 100, 100, 100, 2500, 2500, 2500, 2500, 2500, 2500, 
2500, 2500, 2500, 2500, 2500, 36396.128, 47209.969, 73376.03, 
54653.729, 110758.36, 79162.312, 73443.483, 131619.664, 121107.204, 
148551.733, 161687.213, 4.89677, 2.76561, 14.09658, 2.97144, 
4.15698, 5.82646, 3.57681, 13.13273, 8.28049, 6.65799, 3.96981, 
-2.61928, -3.45149, -10.04607, -2.87583, -3.95015, -4.58876, 
-3.71014, -9.9364, -4.61736, -4.80633, -3.5753, 0, 0, 0, 0, 0, 
0, 0, 0, 0, 0, 0, 0, 0, 0, 0, 0, 0, 0, 0, 0, 0, 0, 0.6637, 0.67569, 
0.676, 0.67623, 0.67134, 0.67347, 0.67116, 0.67164, 0.67499, 
0.67423, 0.67081, 0.65369, 0.67219, 0.66841, 0.67623, 0.67202, 
0.6706, 0.66248, 0.66713, 0.67049, 0.66945, 0.67105, 1.0376, 
1.0832, 2.133, 1.4414, 1.6643, 2.0069, 2.144, 3.4339, 3.6687, 
3.351, 3.294, 1137.6, 1260.8, 1379.1, 1461.7, 1575.2, 1684.7, 
1806.7, 1967.3, 1984.8, 2135.3, 2235.5, 138, 36, 1041, 2173, 
545, 615, 1425, 661, 404, 1255, 554, 1, 1, 2, 2, 1, 1, 1, 1, 
1, 1, 1, 100, 100, 100, 100, 100, 100, 100, 100, 100, 100, 100, 
2500, 2500, 2500, 2500, 2500, 2500, 2500, 2500, 2500, 2500, 2500, 
73059.669, 88179.501, 100228.731, 110165.155, 137477.774, 137941.728, 
176868.95, 206214.671, 204805.849, 243926.33, 287371.93, 1, 1, 
1, 1, 1, 1, 1, 1, 1, 1, 1, 0.125, 0.125, 0.125, 0.125, 0.125, 
0.125, 0.125, 0.125, 0.125, 0.125, 0.125, 0, 0, 0, 0, 0, 0, 0, 
0, 0, 0, 0, 0, 0, 0, 0, 0, 0, 0, 0, 0, 0, 0, 0.64936, 0.66001, 
0.66682, 0.66443, 0.66143, 0.66452, 0.66188, 0.65954, 0.6633, 
0.66365, 0.66171, 0.6503, 0.66, 0.66202, 0.66591, 0.66211, 0.66356, 
0.66608, 0.65839, 0.65878, 0.66365, 0.66411, 0.9173, 1.052, 1.2227, 
1.4272, 1.6494, 1.9011, 2.14, 2.4057, 2.6184, 2.9851, 3.1651, 
1204.6, 1309, 1415, 1531.3, 1649.8, 1769.1, 1883.8, 1999.1, 2110, 
2236.6, 2334.2, 1, 1, 1, 1, 1, 1, 1, 1, 1, 1, 1, 1, 1, 1, 1, 
1, 1, 1, 1, 1, 1, 1, 1, 1, 1, 1, 1, 1, 1, 1, 1, 1, 1, 1, 1, 1, 
1, 1, 1, 1, 1, 1, 1, 1, 13.406, 14.499, 16.289, 18.729, 21.081, 
23.857, 26.308, 29.236, 31.305, 35.713, 37.205), .Dim = c(11L, 
40L), .Dimnames = list(NULL, c("Sampling", "PSO.cost", "PSO.gamma", 
"PSO.data.balancing", "PSO.feature.selection", "PSO.valid.acc", 
"PSO.test.acc", "PSO.train.time", "PSO.n.support.vectors", "PSO.index", 
"PSO.n.solutions", "PSO.generations", "PSO.n.evaluations", "PSO.cpu.time", 
"RS.cost", "RS.gamma", "RS.data.balancing", "RS.feature.selection", 
"RS.valid.acc", "RS.test.acc", "RS.train.time", "RS.n.support.vectors", 
"RS.index", "RS.n.solutions", "RS.generations", "RS.n.evaluations", 
"RS.cpu.time", "DF.cost", "DF.gamma", "DF.data.balancing", "DF.feature.selection", 
"DF.valid.acc", "DF.test.acc", "DF.train.time", "DF.n.support.vectors", 
"DF.index", "DF.n.solutions", "DF.generations", "DF.n.evaluations", 
"DF.cpu.time")))
