full <-
structure(c(50, 55, 60, 65, 70, 75, 80, 85, 90, 95, 100, 13.90273, 
11.72363, 13.00046, 14.82385, 8.04517, 6.89487, 6.7441, 12.59425, 
5.46936, 10.7038, 15, -7.30527, -5.39772, -6.60298, -7.47876, 
-4.50974, -3.51989, -3.93583, -6.07646, -4.39237, -4.36265, -7.65471, 
0, 0, 0, 0, 0, 0, 0, 0, 0, 0, 0, 0, 0, 0, 0, 0, 0, 0, 0, 0, 0, 
0, 0.67432, 0.67608, 0.67596, 0.67625, 0.68092, 0.6748, 0.68102, 
0.68374, 0.6766, 0.67601, 0.67491, 0.66426, 0.66348, 0.67316, 
0.67183, 0.67718, 0.66746, 0.67892, 0.68205, 0.67261, 0.67348, 
0.66892, 4.1034, 3.6999, 4.7646, 10.0447, 2.2196, 2.4049, 2.5175, 
9.1754, 2.8243, 9.8998, 19.6709, 1108.8, 1204.1, 1320, 1436.3, 
1528.8, 1629.6, 1741.9, 1856, 1997.6, 2076.8, 2226.9, 1935, 1326, 
2136, 1446, 1261, 1005, 1752, 1664, 1429, 2254, 1822, 1, 7, 2, 
1, 34, 28, 10, 1, 5, 1, 4, 100, 100, 100, 100, 100, 100, 100, 
100, 100, 100, 100, 2500, 2500, 2500, 2500, 2500, 2500, 2500, 
2500, 2500, 2500, 2500, 95083.697, 134334.853, 131277.453, 206623.265, 
224335.38, 74420.473, 114050.641, 279548.762, 217837.204, 351319.046, 
255239.317, 14.34013, 8.14883, 13.25502, 13.08476, 8.06011, 7.31971, 
6.76307, 12.86764, 13.38833, 10.93191, 6.79076, -7.47779, -4.2034, 
-6.68766, -7.05835, -4.52274, -3.66244, -3.83867, -6.18377, -6.40958, 
-4.33402, -5.72428, 0, 0, 0, 0, 0, 0, 0, 0, 0, 0, 0, 0, 0, 0, 
0, 0, 0, 0, 0, 0, 0, 0, 0.67192, 0.67477, 0.67396, 0.67293, 0.68024, 
0.67352, 0.67982, 0.68205, 0.67474, 0.67424, 0.67442, 0.66569, 
0.66259, 0.67316, 0.66963, 0.67752, 0.66714, 0.67803, 0.6843, 
0.67128, 0.67272, 0.66965, 4.8177, 1.536, 5.2433, 4.7406, 2.1779, 
2.5692, 2.5039, 9.7882, 12.4609, 11.2147, 3.4647, 1107.5, 1206.2, 
1317.5, 1439.8, 1529.1, 1629, 1740.7, 1857.7, 1968.9, 2074.1, 
2269.7, 367, 222, 1654, 1176, 956, 587, 54, 1735, 429, 232, 2303, 
1, 1, 1, 1, 1, 2, 2, 1, 1, 1, 1, 100, 100, 100, 100, 100, 100, 
100, 100, 100, 100, 100, 2500, 2500, 2500, 2500, 2500, 2500, 
2500, 2500, 2500, 2500, 2500, 67574.815, 76161.601, 100028.97, 
116987.896, 137572.339, 151190.657, 179382.51, 190504.169, 221275.52, 
253798.591, 294468.695, 1, 1, 1, 1, 1, 1, 1, 1, 1, 1, 1, 0.125, 
0.125, 0.125, 0.125, 0.125, 0.125, 0.125, 0.125, 0.125, 0.125, 
0.125, 0, 0, 0, 0, 0, 0, 0, 0, 0, 0, 0, 0, 0, 0, 0, 0, 0, 0, 
0, 0, 0, 0, 0.66282, 0.66172, 0.66122, 0.66372, 0.66315, 0.66331, 
0.66426, 0.66685, 0.66357, 0.66517, 0.6639, 0.66282, 0.65389, 
0.66161, 0.66371, 0.66417, 0.66107, 0.66186, 0.66967, 0.66356, 
0.66316, 0.6639, 0.9164, 1.0634, 1.274, 1.4458, 1.6706, 1.8606, 
2.137, 2.4296, 2.649, 2.9141, 3.2685, 1185.5, 1299.3, 1409.5, 
1523.4, 1634.3, 1736.3, 1854.4, 1973, 2085.5, 2212.3, 2340.2, 
1, 1, 1, 1, 1, 1, 1, 1, 1, 1, 1, 1, 1, 1, 1, 1, 1, 1, 1, 1, 1, 
1, 1, 1, 1, 1, 1, 1, 1, 1, 1, 1, 1, 1, 1, 1, 1, 1, 1, 1, 1, 1, 
1, 1, 12.562, 13.839, 16.323, 18.012, 20.35, 22.3, 25.273, 28.727, 
31.032, 33.973, 37.672), .Dim = c(11L, 40L), .Dimnames = list(
    NULL, c("Sampling", "PSO.cost", "PSO.gamma", "PSO.data.balancing", 
    "PSO.feature.selection", "PSO.valid.acc", "PSO.test.acc", 
    "PSO.train.time", "PSO.n.support.vectors", "PSO.index", "PSO.n.solutions", 
    "PSO.generations", "PSO.n.evaluations", "PSO.cpu.time", "RS.cost", 
    "RS.gamma", "RS.data.balancing", "RS.feature.selection", 
    "RS.valid.acc", "RS.test.acc", "RS.train.time", "RS.n.support.vectors", 
    "RS.index", "RS.n.solutions", "RS.generations", "RS.n.evaluations", 
    "RS.cpu.time", "DF.cost", "DF.gamma", "DF.data.balancing", 
    "DF.feature.selection", "DF.valid.acc", "DF.test.acc", "DF.train.time", 
    "DF.n.support.vectors", "DF.index", "DF.n.solutions", "DF.generations", 
    "DF.n.evaluations", "DF.cpu.time")))
