full <-
structure(c(50, 55, 60, 65, 70, 75, 80, 85, 90, 95, 100, -0.1118, 
1.91805, 7.36695, 11.1702, 4.76579, 6.84735, 7.16723, 3.94481, 
11.15642, 4.6225, 7.51091, -2.27821, -2.8362, -3.94798, -6.15606, 
-3.71084, -3.97859, -4.47053, -4.03473, -9.1507, -4.4072, -4.39825, 
0, 0, 0, 0, 0, 0, 0, 0, 0, 0, 0, 0, 0, 0, 0, 0, 0, 0, 0, 0, 0, 
0, 0.67336, 0.68174, 0.68477, 0.67845, 0.6748, 0.66904, 0.67207, 
0.6666, 0.66783, 0.67523, 0.67346, 0.66282, 0.67649, 0.68118, 
0.66961, 0.67103, 0.66872, 0.66669, 0.66321, 0.6657, 0.66641, 
0.66748, 0.9073, 1.0714, 1.6672, 3.1386, 1.6978, 2.291, 2.6036, 
2.4453, 3.251, 3.0613, 4.259, 1168.4, 1237.9, 1289.2, 1419.8, 
1549.9, 1655.7, 1770.9, 1921, 2087.7, 2153.1, 2213.9, 2222, 2283, 
1622, 2379, 703, 1773, 1260, 471, 2339, 1532, 1342, 1, 1, 7, 
3, 9, 7, 56, 68, 1, 36, 43, 100, 100, 100, 100, 100, 100, 100, 
100, 100, 100, 100, 2500, 2500, 2500, 2500, 2500, 2500, 2500, 
2500, 2500, 2500, 2500, 94534.107, 55113.774, 153199.042, 92205.355, 
199298.021, 100713.068, 141506.274, 209403.315, 141368.696, 112050.176, 
146739.744, 1.37502, 1.78483, 7.01613, 12.26848, 5.21153, 6.97307, 
7.1539, 14.45844, 3.15391, 4.36169, 7.99358, -3.07316, -2.97646, 
-4.03471, -6.58734, -3.88408, -4.02351, -4.46225, -7.31169, -3.39176, 
-4.10932, -4.91292, 0, 0, 0, 0, 0, 0, 0, 0, 0, 0, 0, 0, 0, 0, 
0, 0, 0, 0, 0, 0, 0, 0, 0.67142, 0.67913, 0.68358, 0.67698, 0.6731, 
0.6684, 0.67207, 0.6666, 0.66702, 0.67372, 0.6713, 0.66378, 0.67605, 
0.68318, 0.66592, 0.66932, 0.66744, 0.66639, 0.66435, 0.66197, 
0.66792, 0.67083, 0.903, 1.0658, 1.5403, 4.0632, 1.7052, 2.3089, 
2.5213, 13.6455, 2.6221, 2.9673, 4.2168, 1142.3, 1240, 1291.7, 
1419.7, 1547.7, 1654.2, 1770.3, 1892.7, 2031.3, 2148.6, 2216.8, 
2400, 202, 1293, 175, 2305, 2311, 1916, 1999, 547, 829, 1668, 
2, 2, 1, 1, 1, 1, 1, 1, 1, 3, 1, 100, 100, 100, 100, 100, 100, 
100, 100, 100, 100, 100, 2500, 2500, 2500, 2500, 2500, 2500, 
2500, 2500, 2500, 2500, 2500, 66641.492, 81092.438, 88826.376, 
117199.173, 143386.405, 162776.03, 169233.295, 198298.799, 211975.618, 
248990.61, 275871.761, 1, 1, 1, 1, 1, 1, 1, 1, 1, 1, 1, 0.125, 
0.125, 0.125, 0.125, 0.125, 0.125, 0.125, 0.125, 0.125, 0.125, 
0.125, 0, 0, 0, 0, 0, 0, 0, 0, 0, 0, 0, 0, 0, 0, 0, 0, 0, 0, 
0, 0, 0, 0, 0.66762, 0.66737, 0.67081, 0.66371, 0.66112, 0.65977, 
0.65951, 0.65702, 0.65983, 0.66238, 0.65981, 0.66474, 0.67301, 
0.67042, 0.65856, 0.66865, 0.662, 0.661, 0.65814, 0.6617, 0.66364, 
0.66029, 0.9039, 1.0677, 1.2393, 1.3835, 1.6893, 1.8599, 2.0856, 
2.3343, 2.5937, 3.0408, 3.2137, 1174.9, 1285.7, 1389.2, 1518, 
1643.5, 1764.1, 1881.3, 1997.9, 2108.7, 2233.9, 2335.7, 1, 1, 
1, 1, 1, 1, 1, 1, 1, 1, 1, 1, 1, 1, 1, 1, 1, 1, 1, 1, 1, 1, 1, 
1, 1, 1, 1, 1, 1, 1, 1, 1, 1, 1, 1, 1, 1, 1, 1, 1, 1, 1, 1, 1, 
12.36, 13.984, 15.76, 17.129, 20.667, 22.391, 24.741, 27.325, 
30.21, 35.308, 36.885), .Dim = c(11L, 40L), .Dimnames = list(
    NULL, c("Sampling", "PSO.cost", "PSO.gamma", "PSO.data.balancing", 
    "PSO.feature.selection", "PSO.valid.acc", "PSO.test.acc", 
    "PSO.train.time", "PSO.n.support.vectors", "PSO.index", "PSO.n.solutions", 
    "PSO.generations", "PSO.n.evaluations", "PSO.cpu.time", "RS.cost", 
    "RS.gamma", "RS.data.balancing", "RS.feature.selection", 
    "RS.valid.acc", "RS.test.acc", "RS.train.time", "RS.n.support.vectors", 
    "RS.index", "RS.n.solutions", "RS.generations", "RS.n.evaluations", 
    "RS.cpu.time", "DF.cost", "DF.gamma", "DF.data.balancing", 
    "DF.feature.selection", "DF.valid.acc", "DF.test.acc", "DF.train.time", 
    "DF.n.support.vectors", "DF.index", "DF.n.solutions", "DF.generations", 
    "DF.n.evaluations", "DF.cpu.time")))
