full <-
structure(c(50, 55, 60, 65, 70, 75, 80, 85, 90, 95, 100, 14.86308, 
0.26996, 15, 6.90207, 2.65414, 14.84706, 8.21615, 10.49552, 7.11526, 
6.80508, 6.98218, -9.51426, -2.34106, -8.6885, -5.21799, -2.21044, 
-8.44882, -6.83409, -6.74819, -4.93197, -6.30729, -5.89321, 0, 
0, 0, 0, 0, 0, 0, 0, 0, 0, 0, 0, 0, 0, 0, 0, 0, 0, 0, 0, 0, 0, 
0.67289, 0.66958, 0.674, 0.67512, 0.67475, 0.67541, 0.67263, 
0.67164, 0.68003, 0.6737, 0.66963, 0.66284, 0.66042, 0.66722, 
0.66886, 0.66757, 0.67381, 0.66756, 0.66967, 0.67631, 0.66538, 
0.66676, 2.4501, 1.0652, 5.0438, 1.5691, 1.7333, 7.3173, 2.3991, 
3.5505, 2.9709, 3.0872, 3.5993, 1147.1, 1310.6, 1354.6, 1453.6, 
1582.1, 1679.6, 1822.7, 1902.4, 1995.9, 2160.2, 2272.1, 2344, 
1480, 793, 1672, 1262, 2438, 2112, 1180, 2035, 1743, 2289, 1, 
31, 2, 1, 50, 1, 1, 4, 1, 13, 3, 100, 100, 100, 100, 100, 100, 
100, 100, 100, 100, 100, 2500, 2500, 2500, 2500, 2500, 2500, 
2500, 2500, 2500, 2500, 2500, 76710.512, 39506.678, 99377.552, 
58320.3300000001, 57311.7930000001, 157041.181, 79283.1499999999, 
136690.628, 97525.2950000002, 111756.972, 138716.481, 7.87774, 
0.45484, 8.47743, 6.90697, 3.78382, 13.16933, 8.80412, 14.42455, 
5.82184, 7.07789, 6.82175, -5.72037, -2.57694, -6.48674, -5.18715, 
-2.40413, -8.48022, -7.02685, -8.16948, -4.30744, -6.52894, -5.82684, 
0, 0, 0, 0, 0, 0, 0, 0, 0, 0, 0, 0, 0, 0, 0, 0, 0, 0, 0, 0, 0, 
0, 0.66906, 0.66784, 0.6736, 0.67291, 0.6727, 0.67381, 0.67083, 
0.67079, 0.67791, 0.67194, 0.66843, 0.66763, 0.66172, 0.66722, 
0.66922, 0.66517, 0.6719, 0.66815, 0.67081, 0.67844, 0.66488, 
0.66676, 1.0172, 1.0865, 1.4686, 1.5562, 1.7261, 3.8398, 2.4207, 
8.6414, 2.8458, 3.1691, 3.5547, 1135.8, 1309.1, 1370.7, 1452.4, 
1569.3, 1696.7, 1819.4, 1900.6, 1994.7, 2162.4, 2271.7, 454, 
2336, 1531, 220, 773, 506, 1301, 373, 2345, 326, 231, 1, 1, 1, 
2, 2, 1, 1, 1, 1, 3, 1, 100, 100, 100, 100, 100, 100, 100, 100, 
100, 100, 100, 2500, 2500, 2500, 2500, 2500, 2500, 2500, 2500, 
2500, 2500, 2500, 72659.397, 79419.255, 103801.816, 109892.094, 
138719.054, 157657.819, 174178.212, 194988.589, 226108.752, 263569.06, 
290969.713, 1, 1, 1, 1, 1, 1, 1, 1, 1, 1, 1, 0.125, 0.125, 0.125, 
0.125, 0.125, 0.125, 0.125, 0.125, 0.125, 0.125, 0.125, 0, 0, 
0, 0, 0, 0, 0, 0, 0, 0, 0, 0, 0, 0, 0, 0, 0, 0, 0, 0, 0, 0, 0.65327, 
0.66436, 0.65925, 0.6648, 0.66244, 0.66422, 0.65888, 0.65981, 
0.66806, 0.66109, 0.66437, 0.65614, 0.65957, 0.65527, 0.66075, 
0.66484, 0.65975, 0.66098, 0.66376, 0.66939, 0.66009, 0.66222, 
0.9275, 1.0838, 1.2351, 1.4016, 1.6943, 1.846, 2.1434, 2.3865, 
2.6295, 2.8875, 3.1865, 1207.3, 1325.8, 1435.7, 1534.4, 1652.9, 
1769.8, 1880.7, 1988.2, 2098.3, 2210.2, 2335.4, 1, 1, 1, 1, 1, 
1, 1, 1, 1, 1, 1, 1, 1, 1, 1, 1, 1, 1, 1, 1, 1, 1, 1, 1, 1, 1, 
1, 1, 1, 1, 1, 1, 1, 1, 1, 1, 1, 1, 1, 1, 1, 1, 1, 1, 12.505, 
14.035, 16.273, 18.044, 21.413, 22.816, 25.398, 28.149, 31.418, 
34.15, 37.651), .Dim = c(11L, 40L), .Dimnames = list(NULL, c("Sampling", 
"PSO.cost", "PSO.gamma", "PSO.data.balancing", "PSO.feature.selection", 
"PSO.valid.acc", "PSO.test.acc", "PSO.train.time", "PSO.n.support.vectors", 
"PSO.index", "PSO.n.solutions", "PSO.generations", "PSO.n.evaluations", 
"PSO.cpu.time", "RS.cost", "RS.gamma", "RS.data.balancing", "RS.feature.selection", 
"RS.valid.acc", "RS.test.acc", "RS.train.time", "RS.n.support.vectors", 
"RS.index", "RS.n.solutions", "RS.generations", "RS.n.evaluations", 
"RS.cpu.time", "DF.cost", "DF.gamma", "DF.data.balancing", "DF.feature.selection", 
"DF.valid.acc", "DF.test.acc", "DF.train.time", "DF.n.support.vectors", 
"DF.index", "DF.n.solutions", "DF.generations", "DF.n.evaluations", 
"DF.cpu.time")))
