full <-
structure(c(50, 55, 60, 65, 70, 75, 80, 85, 90, 95, 100, 3.9917, 
3.24093, 9.95559, 14.97646, 7.60653, 8.67613, 8.30257, 6.13834, 
12.49764, 9.43925, 4.86459, -2.99958, -4.11857, -7.61705, -12.02281, 
-4.7544, -5.22038, -5.40765, -4.36464, -8.3732, -6.72116, -4.07154, 
0, 0, 0, 0, 0, 0, 0, 0, 0, 0, 0, 0, 0, 0, 0, 0, 0, 0, 0, 0, 0, 
0, 0.66285, 0.67221, 0.66681, 0.6663, 0.66656, 0.67222, 0.67324, 
0.6677, 0.67157, 0.67245, 0.67415, 0.65759, 0.66567, 0.65763, 
0.66261, 0.65663, 0.66361, 0.66666, 0.66178, 0.66491, 0.66664, 
0.67127, 0.9099, 1.0294, 1.5173, 2.0285, 2.0787, 2.5507, 2.7408, 
2.5769, 4.5605, 3.8037, 3.4442, 1116.6, 1255, 1373.5, 1531.1, 
1567.1, 1686.8, 1807.6, 1911.8, 2060.9, 2165.5, 2238, 2063, 2159, 
1584, 1958, 1698, 1234, 1531, 992, 1716, 731, 1430, 3, 2, 1, 
3, 68, 43, 48, 32, 1, 6, 47, 100, 100, 100, 100, 100, 100, 100, 
100, 100, 100, 100, 2500, 2500, 2500, 2500, 2500, 2500, 2500, 
2500, 2500, 2500, 2500, 38431.23, 37598.26, 53422.414, 62317.684, 
86459.722, 176693.868, 90344.9240000001, 99992.7150000001, 174065.712, 
124389.112, 119460.276, 3.97499, 5.03799, 10.28035, 14.20873, 
3.34086, 8.65946, 8.23596, 9.09059, 4.38092, 9.20883, 4.95293, 
-2.9525, -5.45074, -7.78702, -11.64705, -3.49342, -5.26053, -5.42971, 
-5.37583, -3.70627, -6.60968, -4.05803, 0, 0, 0, 0, 0, 0, 0, 
0, 0, 0, 0, 0, 0, 0, 0, 0, 0, 0, 0, 0, 0, 0, 0.66045, 0.67046, 
0.66641, 0.66445, 0.66586, 0.67158, 0.67114, 0.66601, 0.67155, 
0.67094, 0.67295, 0.65711, 0.66043, 0.65723, 0.6604, 0.66381, 
0.66361, 0.66636, 0.65924, 0.66863, 0.6674, 0.67079, 0.937, 1.0672, 
1.5039, 1.8161, 1.6774, 2.5793, 2.6004, 3.3495, 2.7018, 3.7269, 
3.4294, 1115.5, 1261.3, 1374.1, 1530.4, 1588.4, 1686.2, 1806.9, 
1906.4, 2021.6, 2165.5, 2235.3, 2495, 837, 2399, 416, 359, 1168, 
1381, 2475, 1695, 939, 1097, 1, 1, 1, 3, 1, 1, 1, 3, 1, 2, 3, 
100, 100, 100, 100, 100, 100, 100, 100, 100, 100, 100, 2500, 
2500, 2500, 2500, 2500, 2500, 2500, 2500, 2500, 2500, 2500, 69643.358, 
79126.959, 99330.486, 116542.54, 132087.77, 154057.581, 159978.543, 
201409.122, 237335.509, 243149.296, 266215.38, 1, 1, 1, 1, 1, 
1, 1, 1, 1, 1, 1, 0.125, 0.125, 0.125, 0.125, 0.125, 0.125, 0.125, 
0.125, 0.125, 0.125, 0.125, 0, 0, 0, 0, 0, 0, 0, 0, 0, 0, 0, 
0, 0, 0, 0, 0, 0, 0, 0, 0, 0, 0, 0.64991, 0.66088, 0.65364, 0.65305, 
0.65251, 0.65754, 0.65618, 0.6539, 0.65959, 0.65808, 0.66386, 
0.6504, 0.65871, 0.65004, 0.65231, 0.65456, 0.65818, 0.65797, 
0.65222, 0.66039, 0.66161, 0.66409, 0.9003, 1.083, 1.2087, 1.481, 
1.6811, 1.9333, 2.1196, 2.3695, 2.6246, 2.9762, 3.3156, 1178.3, 
1289.3, 1409.8, 1541.6, 1652.4, 1774.8, 1889.7, 2007.1, 2117.4, 
2234.2, 2338.1, 1, 1, 1, 1, 1, 1, 1, 1, 1, 1, 1, 1, 1, 1, 1, 
1, 1, 1, 1, 1, 1, 1, 1, 1, 1, 1, 1, 1, 1, 1, 1, 1, 1, 1, 1, 1, 
1, 1, 1, 1, 1, 1, 1, 1, 12.266, 14.333, 15.181, 18.341, 20.443, 
23.321, 25.013, 27.775, 30.629, 34.571, 38.259), .Dim = c(11L, 
40L), .Dimnames = list(NULL, c("Sampling", "PSO.cost", "PSO.gamma", 
"PSO.data.balancing", "PSO.feature.selection", "PSO.valid.acc", 
"PSO.test.acc", "PSO.train.time", "PSO.n.support.vectors", "PSO.index", 
"PSO.n.solutions", "PSO.generations", "PSO.n.evaluations", "PSO.cpu.time", 
"RS.cost", "RS.gamma", "RS.data.balancing", "RS.feature.selection", 
"RS.valid.acc", "RS.test.acc", "RS.train.time", "RS.n.support.vectors", 
"RS.index", "RS.n.solutions", "RS.generations", "RS.n.evaluations", 
"RS.cpu.time", "DF.cost", "DF.gamma", "DF.data.balancing", "DF.feature.selection", 
"DF.valid.acc", "DF.test.acc", "DF.train.time", "DF.n.support.vectors", 
"DF.index", "DF.n.solutions", "DF.generations", "DF.n.evaluations", 
"DF.cpu.time")))
