full <-
structure(c(50, 55, 60, 65, 70, 75, 80, 85, 90, 95, 100, 14.93162, 
7.07397, 4.60445, 14.46658, 3.19534, 4.79899, 5.45971, 6.58025, 
14.25381, 6.79731, 10.52505, -9.10707, -5.90395, -5.15867, -8.18764, 
-3.87034, -3.87506, -4.45857, -5.08253, -7.18424, -4.11506, -5.15538, 
0, 0, 0, 0, 0, 0, 0, 0, 0, 0, 0, 0, 0, 0, 0, 0, 0, 0, 0, 0, 0, 
0, 0.66142, 0.66692, 0.66635, 0.65524, 0.66103, 0.66485, 0.66694, 
0.66882, 0.67448, 0.67522, 0.67608, 0.65709, 0.65515, 0.65639, 
0.64565, 0.65386, 0.66294, 0.66724, 0.66347, 0.66915, 0.66615, 
0.66746, 2.9457, 1.1936, 1.3068, 5.5066, 1.6197, 1.987, 2.2621, 
2.6116, 14.3525, 3.4823, 7.2524, 1153.8, 1282, 1416.4, 1495.9, 
1631.9, 1692.5, 1808.6, 1926.2, 2006.9, 2111.3, 2205.7, 922, 
1342, 1386, 1913, 1472, 1825, 1718, 1279, 1789, 1208, 1556, 1, 
160, 47, 1, 28, 9, 2, 37, 2, 39, 17, 100, 100, 100, 100, 100, 
100, 100, 100, 100, 100, 100, 2500, 2500, 2500, 2500, 2500, 2500, 
2500, 2500, 2500, 2500, 2500, 61681.309, 56141.183, 46145.195, 
132167.052, 65824.73, 83351.273, 75763.7109999999, 89562.175, 
405070.202, 273869.548, 224306.269, 12.69999, 8.73867, 4.66269, 
8.2176, 2.97862, 4.93363, 6.7991, 2.57082, 2.61466, 6.70784, 
9.61978, -8.6098, -6.5311, -5.11109, -6.82083, -3.66724, -3.96745, 
-4.89506, -4.28009, -3.6296, -4.08327, -4.71092, 0, 0, 0, 0, 
0, 0, 0, 0, 0, 0, 0, 0, 0, 0, 0, 0, 0, 0, 0, 0, 0, 0, 0.65997, 
0.66475, 0.66356, 0.65449, 0.65864, 0.66293, 0.66634, 0.66741, 
0.67367, 0.67497, 0.67608, 0.65757, 0.65777, 0.656, 0.65376, 
0.65283, 0.66166, 0.66664, 0.66235, 0.66755, 0.66691, 0.66961, 
1.582, 1.293, 1.2643, 1.6221, 1.6484, 2.0187, 2.3559, 2.304, 
2.5742, 3.4883, 6.2599, 1162.1, 1278.1, 1415.6, 1529, 1630.5, 
1692.6, 1804, 1975.6, 2047, 2110.8, 2204.8, 2083, 2349, 2198, 
29, 1622, 1183, 74, 2391, 800, 185, 89, 1, 1, 1, 1, 1, 1, 1, 
1, 1, 1, 1, 100, 100, 100, 100, 100, 100, 100, 100, 100, 100, 
100, 2500, 2500, 2500, 2500, 2500, 2500, 2500, 2500, 2500, 2500, 
2500, 73909.58, 83675.47, 113486.798, 116269.061, 136770.181, 
161362.598, 188739.545, 194846.084, 200921.634, 244073.142, 285457.899, 
1, 1, 1, 1, 1, 1, 1, 1, 1, 1, 1, 0.125, 0.125, 0.125, 0.125, 
0.125, 0.125, 0.125, 0.125, 0.125, 0.125, 0.125, 0, 0, 0, 0, 
0, 0, 0, 0, 0, 0, 0, 0, 0, 0, 0, 0, 0, 0, 0, 0, 0, 0, 0.64511, 
0.65603, 0.64646, 0.63719, 0.64872, 0.6521, 0.65437, 0.66121, 
0.66064, 0.66488, 0.66386, 0.64081, 0.6508, 0.64524, 0.64161, 
0.64326, 0.65592, 0.65557, 0.65924, 0.6617, 0.66186, 0.66362, 
0.9201, 1.0983, 1.2626, 1.4243, 1.6469, 1.9401, 2.1241, 2.3246, 
2.6127, 2.9887, 3.2347, 1205.8, 1327.4, 1452.2, 1566.2, 1683, 
1779.3, 1889.9, 2004.8, 2110.2, 2231.1, 2335.4, 1, 1, 1, 1, 1, 
1, 1, 1, 1, 1, 1, 1, 1, 1, 1, 1, 1, 1, 1, 1, 1, 1, 1, 1, 1, 1, 
1, 1, 1, 1, 1, 1, 1, 1, 1, 1, 1, 1, 1, 1, 1, 1, 1, 1, 13.533, 
15.521, 16.964, 18.432, 20.857, 24.407, 25.958, 28.109, 30.533, 
35.613, 38.406), .Dim = c(11L, 40L), .Dimnames = list(NULL, c("Sampling", 
"PSO.cost", "PSO.gamma", "PSO.data.balancing", "PSO.feature.selection", 
"PSO.valid.acc", "PSO.test.acc", "PSO.train.time", "PSO.n.support.vectors", 
"PSO.index", "PSO.n.solutions", "PSO.generations", "PSO.n.evaluations", 
"PSO.cpu.time", "RS.cost", "RS.gamma", "RS.data.balancing", "RS.feature.selection", 
"RS.valid.acc", "RS.test.acc", "RS.train.time", "RS.n.support.vectors", 
"RS.index", "RS.n.solutions", "RS.generations", "RS.n.evaluations", 
"RS.cpu.time", "DF.cost", "DF.gamma", "DF.data.balancing", "DF.feature.selection", 
"DF.valid.acc", "DF.test.acc", "DF.train.time", "DF.n.support.vectors", 
"DF.index", "DF.n.solutions", "DF.generations", "DF.n.evaluations", 
"DF.cpu.time")))
