full <-
structure(c(50, 55, 60, 65, 70, 75, 80, 85, 90, 95, 100, 13.90069, 
14.68574, 7.3001, 11.87742, 14.91492, 14.87675, 11.41995, 5.95885, 
7.32818, 5.39292, 6.27439, -8.41441, -7.51429, -4.2037, -8.57152, 
-7.1454, -8.94963, -4.93788, -5.0056, -5.98453, -4.40886, -4.41795, 
0, 0, 0, 0, 0, 0, 0, 0, 0, 0, 0, 0, 0, 0, 0, 0, 0, 0, 0, 0, 0, 
0, 0.67669, 0.67608, 0.67715, 0.67401, 0.67509, 0.67824, 0.68192, 
0.67816, 0.67713, 0.67751, 0.67537, 0.66424, 0.66389, 0.66837, 
0.6718, 0.66927, 0.67313, 0.67176, 0.66858, 0.67181, 0.67247, 
0.67608, 2.572, 6.4909, 1.53, 2.0458, 13.4972, 6.0745, 7.9486, 
2.5317, 2.9338, 3.1822, 3.6007, 1129.8, 1217.8, 1335.4, 1485.4, 
1553.5, 1682.6, 1744.5, 1907.5, 2030.5, 2122.7, 2224.1, 1871, 
1461, 1880, 917, 2189, 1697, 1403, 1269, 1585, 2080, 1584, 2, 
1, 21, 3, 3, 1, 2, 19, 6, 5, 174, 100, 100, 100, 100, 100, 100, 
100, 100, 100, 100, 100, 2500, 2500, 2500, 2500, 2500, 2500, 
2500, 2500, 2500, 2500, 2500, 77289.428, 165685.334, 64629.703, 
67010.9820000001, 283925.537, 144171.798, 158809.672, 155970.395, 
103581.337, 137998.199, 226435.824, 13.79419, 13.85285, 7.29921, 
11.71795, 3.81228, 14.29569, 9.66249, 5.84409, 7.55831, 5.70251, 
12.2249, -8.43018, -7.3431, -4.61541, -8.49487, -3.92855, -8.82668, 
-4.54042, -5.0195, -6.08947, -4.34103, -5.70911, 0, 0, 0, 0, 
0, 0, 0, 0, 0, 0, 0, 0, 0, 0, 0, 0, 0, 0, 0, 0, 0, 0, 0.6743, 
0.67304, 0.67476, 0.67291, 0.67372, 0.67569, 0.68013, 0.6776, 
0.67633, 0.67549, 0.67442, 0.66473, 0.66302, 0.67275, 0.67217, 
0.67166, 0.67217, 0.67236, 0.66943, 0.67101, 0.67297, 0.66723, 
2.3725, 4.5883, 1.4935, 2.0586, 1.6839, 4.8392, 4.4498, 2.4477, 
3.0017, 3.2618, 11.8634, 1131.4, 1221.6, 1340.4, 1485.8, 1585.1, 
1684.5, 1746.8, 1909.2, 2029.6, 2113.7, 2205.6, 2328, 1039, 500, 
249, 843, 36, 2068, 1092, 1484, 354, 1131, 1, 1, 1, 1, 1, 1, 
1, 1, 1, 1, 1, 100, 100, 100, 100, 100, 100, 100, 100, 100, 100, 
100, 2500, 2500, 2500, 2500, 2500, 2500, 2500, 2500, 2500, 2500, 
2500, 74438.03, 85273.262, 95474.175, 129244.778, 148871.838, 
156268.848, 177078.031, 210434.458, 237798.32, 264861.325, 275991.154, 
1, 1, 1, 1, 1, 1, 1, 1, 1, 1, 1, 0.125, 0.125, 0.125, 0.125, 
0.125, 0.125, 0.125, 0.125, 0.125, 0.125, 0.125, 0, 0, 0, 0, 
0, 0, 0, 0, 0, 0, 0, 0, 0, 0, 0, 0, 0, 0, 0, 0, 0, 0, 0.65179, 
0.64957, 0.65081, 0.65303, 0.65593, 0.6559, 0.65769, 0.66576, 
0.66595, 0.66566, 0.6622, 0.64987, 0.6513, 0.64724, 0.65119, 
0.65763, 0.65781, 0.66128, 0.66153, 0.66595, 0.66339, 0.66722, 
0.911, 1.0565, 1.238, 1.4069, 1.6927, 1.9402, 2.1553, 2.3806, 
2.7014, 3.0333, 3.279, 1189.6, 1293.7, 1417.5, 1531.3, 1647.5, 
1759.8, 1871.2, 1983, 2100.3, 2215.9, 2337.8, 1, 1, 1, 1, 1, 
1, 1, 1, 1, 1, 1, 1, 1, 1, 1, 1, 1, 1, 1, 1, 1, 1, 1, 1, 1, 1, 
1, 1, 1, 1, 1, 1, 1, 1, 1, 1, 1, 1, 1, 1, 1, 1, 1, 1, 12.445, 
13.763, 15.856, 17.516, 20.645, 24.271, 26.498, 29.003, 32.775, 
36.216, 38.625), .Dim = c(11L, 40L), .Dimnames = list(NULL, c("Sampling", 
"PSO.cost", "PSO.gamma", "PSO.data.balancing", "PSO.feature.selection", 
"PSO.valid.acc", "PSO.test.acc", "PSO.train.time", "PSO.n.support.vectors", 
"PSO.index", "PSO.n.solutions", "PSO.generations", "PSO.n.evaluations", 
"PSO.cpu.time", "RS.cost", "RS.gamma", "RS.data.balancing", "RS.feature.selection", 
"RS.valid.acc", "RS.test.acc", "RS.train.time", "RS.n.support.vectors", 
"RS.index", "RS.n.solutions", "RS.generations", "RS.n.evaluations", 
"RS.cpu.time", "DF.cost", "DF.gamma", "DF.data.balancing", "DF.feature.selection", 
"DF.valid.acc", "DF.test.acc", "DF.train.time", "DF.n.support.vectors", 
"DF.index", "DF.n.solutions", "DF.generations", "DF.n.evaluations", 
"DF.cpu.time")))
