full <-
structure(c(50, 55, 60, 65, 70, 75, 80, 85, 90, 95, 100, 10.65352, 
7.79583, 8.70089, 5.21947, 9.2456, 9.27977, 5.78589, 14.61651, 
14.19333, 6.21358, 7.35383, -7.0132, -5.12049, -5.70465, -4.0689, 
-4.83202, -5.88946, -4.88511, -9.30049, -8.15867, -4.36941, -4.38989, 
0, 0, 0, 0, 0, 0, 0, 0, 0, 0, 0, 0, 0, 0, 0, 0, 0, 0, 0, 0, 0, 
0, 0.65177, 0.65781, 0.66358, 0.66448, 0.66007, 0.66327, 0.66848, 
0.66967, 0.67391, 0.67978, 0.66842, 0.65321, 0.65388, 0.65918, 
0.65711, 0.657, 0.654, 0.6586, 0.6615, 0.66886, 0.6765, 0.66626, 
1.2894, 1.3169, 1.6363, 1.5148, 2.7976, 2.6918, 2.2266, 5.9114, 
8.5854, 3.2648, 4.0369, 1145.7, 1254.5, 1367.9, 1472.1, 1555.5, 
1688, 1813.7, 1928.1, 2025, 2109.5, 2213.3, 1449, 1963, 1966, 
1534, 1005, 1025, 1342, 2266, 2496, 1535, 1385, 6, 9, 32, 43, 
36, 8, 87, 2, 1, 2, 34, 100, 100, 100, 100, 100, 100, 100, 100, 
100, 100, 100, 2500, 2500, 2500, 2500, 2500, 2500, 2500, 2500, 
2500, 2500, 2500, 57147.425, 45475.64, 63290.634, 74501.688, 
95932.497, 123495.125, 76323.7790000001, 158749.63, 200515.819, 
113901.715, 128468.983, 8.01566, 8.21882, 9.1616, 5.20352, 8.51551, 
9.14542, 5.71253, 14.03023, 12.55353, 7.89608, 5.95955, -5.54677, 
-5.30347, -5.84008, -4.04059, -4.46039, -5.82096, -4.83031, -9.66379, 
-7.5599, -4.81423, -4.12793, 0, 0, 0, 0, 0, 0, 0, 0, 0, 0, 0, 
0, 0, 0, 0, 0, 0, 0, 0, 0, 0, 0, 0.65082, 0.6552, 0.66198, 0.66264, 
0.65836, 0.66199, 0.66728, 0.66855, 0.67179, 0.67852, 0.66794, 
0.64842, 0.65476, 0.65679, 0.65785, 0.65495, 0.65432, 0.65861, 
0.66432, 0.66966, 0.67624, 0.66769, 1.095, 1.3424, 1.6685, 1.5234, 
2.6018, 2.6382, 2.2477, 4.3492, 5.8763, 3.8573, 3.5432, 1140.8, 
1253.8, 1365.9, 1470, 1556.3, 1687.4, 1813, 1943.7, 2025.6, 2099.6, 
2220.5, 2233, 1319, 2361, 2171, 647, 348, 774, 116, 469, 2252, 
1424, 1, 1, 1, 1, 1, 1, 2, 1, 1, 1, 1, 100, 100, 100, 100, 100, 
100, 100, 100, 100, 100, 100, 2500, 2500, 2500, 2500, 2500, 2500, 
2500, 2500, 2500, 2500, 2500, 70072.897, 81754.856, 107655.781, 
107088.149, 137530.99, 161971.974, 168146.168, 193047.08, 247178.001, 
259205.85, 278415.219, 1, 1, 1, 1, 1, 1, 1, 1, 1, 1, 1, 0.125, 
0.125, 0.125, 0.125, 0.125, 0.125, 0.125, 0.125, 0.125, 0.125, 
0.125, 0, 0, 0, 0, 0, 0, 0, 0, 0, 0, 0, 0, 0, 0, 0, 0, 0, 0, 
0, 0, 0, 0, 0.6422, 0.64475, 0.64683, 0.65488, 0.65494, 0.65528, 
0.65921, 0.65587, 0.65477, 0.66542, 0.66219, 0.64748, 0.64344, 
0.64483, 0.65636, 0.65323, 0.65592, 0.65531, 0.6601, 0.65584, 
0.66416, 0.66363, 0.9308, 1.0894, 1.22, 1.4457, 1.6938, 1.8637, 
2.1201, 2.4097, 2.7621, 2.8993, 3.3494, 1200.4, 1324, 1435.5, 
1541.8, 1655.1, 1761.9, 1885.5, 1991.2, 2105.6, 2216.4, 2339, 
1, 1, 1, 1, 1, 1, 1, 1, 1, 1, 1, 1, 1, 1, 1, 1, 1, 1, 1, 1, 1, 
1, 1, 1, 1, 1, 1, 1, 1, 1, 1, 1, 1, 1, 1, 1, 1, 1, 1, 1, 1, 1, 
1, 1, 12.673, 14.356, 15.24, 17.785, 20.781, 22.376, 25.051, 
28.352, 32.449, 33.552, 38.626), .Dim = c(11L, 40L), .Dimnames = list(
    NULL, c("Sampling", "PSO.cost", "PSO.gamma", "PSO.data.balancing", 
    "PSO.feature.selection", "PSO.valid.acc", "PSO.test.acc", 
    "PSO.train.time", "PSO.n.support.vectors", "PSO.index", "PSO.n.solutions", 
    "PSO.generations", "PSO.n.evaluations", "PSO.cpu.time", "RS.cost", 
    "RS.gamma", "RS.data.balancing", "RS.feature.selection", 
    "RS.valid.acc", "RS.test.acc", "RS.train.time", "RS.n.support.vectors", 
    "RS.index", "RS.n.solutions", "RS.generations", "RS.n.evaluations", 
    "RS.cpu.time", "DF.cost", "DF.gamma", "DF.data.balancing", 
    "DF.feature.selection", "DF.valid.acc", "DF.test.acc", "DF.train.time", 
    "DF.n.support.vectors", "DF.index", "DF.n.solutions", "DF.generations", 
    "DF.n.evaluations", "DF.cpu.time")))
