full <-
structure(c(50, 55, 60, 65, 70, 75, 80, 85, 90, 95, 100, 6.90668, 
6.03391, 9.86725, 6.11501, 5.75759, 12.61357, 14.49913, 6.05314, 
5.60988, 15, 5.93857, -4.85483, -4.63216, -7.3838, -4.70582, 
-4.2266, -6.58229, -9.66521, -5.15951, -5.66319, -9.08699, -3.97775, 
0, 0, 0, 0, 0, 0, 0, 0, 0, 0, 0, 0, 0, 0, 0, 0, 0, 0, 0, 0, 0, 
0, 0.66572, 0.66521, 0.65959, 0.66408, 0.66177, 0.66007, 0.66574, 
0.67023, 0.67317, 0.66893, 0.67275, 0.66282, 0.65866, 0.6532, 
0.65523, 0.65938, 0.65144, 0.66095, 0.66347, 0.66572, 0.6649, 
0.67059, 1.0343, 1.1487, 1.6109, 1.5382, 1.771, 5.7462, 4.69, 
2.471, 2.6764, 9.1923, 3.5972, 1140.9, 1263.6, 1404.7, 1487.2, 
1578.6, 1682.3, 1839.1, 1928.1, 2080.8, 2155.5, 2215.9, 1285, 
866, 2165, 760, 2460, 2192, 2289, 1891, 2047, 1072, 1927, 49, 
33, 2, 208, 12, 1, 1, 1, 1, 1, 12, 100, 100, 100, 100, 100, 100, 
100, 100, 100, 100, 100, 2500, 2500, 2500, 2500, 2500, 2500, 
2500, 2500, 2500, 2500, 2500, 36659.89, 50049.277, 69727.916, 
53421.674, 69836.352, 210277.301, 116573.086, 95376.7609999999, 
89813.0989999999, 263273.987, 511921.075, 6.33382, 7.06887, 10.19623, 
8.76051, 4.16909, 13.10455, 14.86421, 8.02428, 6.33101, 6.55789, 
6.1394, -4.92374, -4.97334, -7.48146, -6.1954, -4.98982, -6.67889, 
-9.97448, -5.27709, -5.4205, -4.99165, -4.0728, 0, 0, 0, 0, 0, 
0, 0, 0, 0, 0, 0, 0, 0, 0, 0, 0, 0, 0, 0, 0, 0, 0, 0.66477, 0.66434, 
0.65719, 0.66113, 0.65973, 0.65975, 0.66424, 0.66854, 0.67024, 
0.66868, 0.67107, 0.66091, 0.65866, 0.6552, 0.65707, 0.65767, 
0.65208, 0.66005, 0.6646, 0.66758, 0.66691, 0.67035, 0.9952, 
1.2285, 1.6059, 1.7675, 1.6432, 6.9458, 4.7626, 2.8747, 2.8594, 
3.2816, 3.6491, 1151, 1260.2, 1403.8, 1497.9, 1631.4, 1680.9, 
1841.2, 1902.9, 2055.4, 2131.2, 2215.6, 175, 762, 1449, 1663, 
1010, 1577, 1635, 1655, 1711, 527, 1894, 1, 2, 2, 2, 2, 1, 1, 
1, 3, 1, 1, 100, 100, 100, 100, 100, 100, 100, 100, 100, 100, 
100, 2500, 2500, 2500, 2500, 2500, 2500, 2500, 2500, 2500, 2500, 
2500, 71067.259, 80308.58, 97448.94, 111669.907, 142543.03, 155742.656, 
181418.917, 198195.456, 230249.068, 255492.556, 272315.728, 1, 
1, 1, 1, 1, 1, 1, 1, 1, 1, 1, 0.125, 0.125, 0.125, 0.125, 0.125, 
0.125, 0.125, 0.125, 0.125, 0.125, 0.125, 0, 0, 0, 0, 0, 0, 0, 
0, 0, 0, 0, 0, 0, 0, 0, 0, 0, 0, 0, 0, 0, 0, 0.65182, 0.65127, 
0.652, 0.65083, 0.65084, 0.65304, 0.65645, 0.65501, 0.66279, 
0.6581, 0.66077, 0.65468, 0.64908, 0.65039, 0.64971, 0.65664, 
0.6524, 0.65765, 0.65699, 0.66146, 0.66212, 0.66293, 0.8999, 
1.0918, 1.2259, 1.4479, 1.6953, 1.9438, 2.1659, 2.327, 2.622, 
2.8839, 3.2889, 1221.2, 1339.1, 1446.3, 1562.1, 1669.7, 1783, 
1893, 2004.9, 2123.3, 2222.7, 2337.9, 1, 1, 1, 1, 1, 1, 1, 1, 
1, 1, 1, 1, 1, 1, 1, 1, 1, 1, 1, 1, 1, 1, 1, 1, 1, 1, 1, 1, 1, 
1, 1, 1, 1, 1, 1, 1, 1, 1, 1, 1, 1, 1, 1, 1, 12.29, 14.316, 15.442, 
17.902, 20.662, 23.433, 25.813, 27.29, 30.433, 33.335, 38.468
), .Dim = c(11L, 40L), .Dimnames = list(NULL, c("Sampling", "PSO.cost", 
"PSO.gamma", "PSO.data.balancing", "PSO.feature.selection", "PSO.valid.acc", 
"PSO.test.acc", "PSO.train.time", "PSO.n.support.vectors", "PSO.index", 
"PSO.n.solutions", "PSO.generations", "PSO.n.evaluations", "PSO.cpu.time", 
"RS.cost", "RS.gamma", "RS.data.balancing", "RS.feature.selection", 
"RS.valid.acc", "RS.test.acc", "RS.train.time", "RS.n.support.vectors", 
"RS.index", "RS.n.solutions", "RS.generations", "RS.n.evaluations", 
"RS.cpu.time", "DF.cost", "DF.gamma", "DF.data.balancing", "DF.feature.selection", 
"DF.valid.acc", "DF.test.acc", "DF.train.time", "DF.n.support.vectors", 
"DF.index", "DF.n.solutions", "DF.generations", "DF.n.evaluations", 
"DF.cpu.time")))
