full <-
structure(c(50, 55, 60, 65, 70, 75, 80, 85, 90, 95, 100, 14.95069, 
14.00168, 12.13563, 13.15983, 8.88178, 14.7933, 13.45164, 15, 
6.36864, 3.15772, 10.1587, -10.32924, -9.14829, -9.04056, -8.90234, 
-5.26768, -9.82083, -9.44496, -10.73811, -3.95939, -3.50807, 
-4.61029, 0, 0, 0, 0, 0, 0, 0, 0, 0, 0, 0, 0, 0, 0, 0, 0, 0, 
0, 0, 0, 0, 0, 0.67383, 0.68137, 0.68038, 0.67586, 0.67375, 0.67733, 
0.67058, 0.67024, 0.67659, 0.67422, 0.67417, 0.67144, 0.67831, 
0.67679, 0.67181, 0.66623, 0.6719, 0.6664, 0.66179, 0.67393, 
0.66692, 0.67177, 1.7708, 2.2044, 1.6895, 2.4845, 2.3151, 4.1038, 
3.5258, 4.1708, 3.1005, 2.9242, 7.6412, 1143.5, 1236.8, 1371.4, 
1479.5, 1560.3, 1715, 1837.8, 1974.6, 1998.1, 2143, 2201.3, 2467, 
1254, 1944, 1640, 2171, 1120, 2168, 1220, 2208, 2372, 2168, 1, 
1, 1, 5, 67, 1, 1, 2, 3, 4, 2, 100, 100, 100, 100, 100, 100, 
100, 100, 100, 100, 100, 2500, 2500, 2500, 2500, 2500, 2500, 
2500, 2500, 2500, 2500, 2500, 56885.516, 64712.083, 61188.99, 
89298.963, 93542.9929999999, 111457.939, 146361.737, 122511.593, 
109519.364, 116409.142, 277482.479, 11.02169, 14.64537, 13.23842, 
14.1324, 10.52392, 13.21797, 11.47583, 10.66047, 5.38753, 8.87916, 
10.85861, -10.98679, -9.83902, -9.44261, -9.31909, -5.72501, 
-8.9241, -7.65666, -7.54286, -3.90972, -7.33969, -5.39889, 0, 
0, 0, 0, 0, 0, 0, 0, 0, 0, 0, 0, 0, 0, 0, 0, 0, 0, 0, 0, 0, 0, 
0.67098, 0.67919, 0.67838, 0.67476, 0.67239, 0.67541, 0.66968, 
0.66884, 0.67473, 0.67221, 0.67296, 0.66571, 0.67571, 0.67679, 
0.67366, 0.6652, 0.67127, 0.66789, 0.66349, 0.66914, 0.66667, 
0.66914, 0.9517, 2.1952, 1.9565, 2.9303, 3.0551, 3.2745, 3.3047, 
3.1832, 2.8782, 3.2912, 7.2076, 1172.8, 1243, 1367.3, 1478.6, 
1557.1, 1712.2, 1815.5, 1945.9, 2006.8, 2181.7, 2204.5, 1842, 
1778, 1939, 942, 1563, 1258, 807, 1933, 2437, 881, 2024, 1, 1, 
1, 2, 1, 2, 1, 1, 1, 2, 1, 100, 100, 100, 100, 100, 100, 100, 
100, 100, 100, 100, 2500, 2500, 2500, 2500, 2500, 2500, 2500, 
2500, 2500, 2500, 2500, 67836.116, 83792.137, 105393.63, 111371.559, 
143029.377, 162203.314, 198073.003, 204351.399, 243964.724, 247387.64, 
299765.268, 1, 1, 1, 1, 1, 1, 1, 1, 1, 1, 1, 0.125, 0.125, 0.125, 
0.125, 0.125, 0.125, 0.125, 0.125, 0.125, 0.125, 0.125, 0, 0, 
0, 0, 0, 0, 0, 0, 0, 0, 0, 0, 0, 0, 0, 0, 0, 0, 0, 0, 0, 0, 0.65517, 
0.65391, 0.66041, 0.6545, 0.65186, 0.65721, 0.65951, 0.6539, 
0.65664, 0.66164, 0.66674, 0.65231, 0.6539, 0.65881, 0.65598, 
0.6546, 0.66008, 0.65799, 0.65784, 0.65824, 0.6644, 0.661, 0.8983, 
1.0688, 1.2487, 1.4019, 1.6991, 1.9096, 2.0934, 2.4405, 2.7145, 
2.9132, 3.2189, 1196.2, 1303.8, 1422.1, 1542.3, 1660.3, 1775.8, 
1893.6, 2014.8, 2117.6, 2224.7, 2336, 1, 1, 1, 1, 1, 1, 1, 1, 
1, 1, 1, 1, 1, 1, 1, 1, 1, 1, 1, 1, 1, 1, 1, 1, 1, 1, 1, 1, 1, 
1, 1, 1, 1, 1, 1, 1, 1, 1, 1, 1, 1, 1, 1, 1, 13.134, 14.905, 
16.819, 18.098, 21.836, 23.909, 25.632, 29.831, 32.668, 33.938, 
37.196), .Dim = c(11L, 40L), .Dimnames = list(NULL, c("Sampling", 
"PSO.cost", "PSO.gamma", "PSO.data.balancing", "PSO.feature.selection", 
"PSO.valid.acc", "PSO.test.acc", "PSO.train.time", "PSO.n.support.vectors", 
"PSO.index", "PSO.n.solutions", "PSO.generations", "PSO.n.evaluations", 
"PSO.cpu.time", "RS.cost", "RS.gamma", "RS.data.balancing", "RS.feature.selection", 
"RS.valid.acc", "RS.test.acc", "RS.train.time", "RS.n.support.vectors", 
"RS.index", "RS.n.solutions", "RS.generations", "RS.n.evaluations", 
"RS.cpu.time", "DF.cost", "DF.gamma", "DF.data.balancing", "DF.feature.selection", 
"DF.valid.acc", "DF.test.acc", "DF.train.time", "DF.n.support.vectors", 
"DF.index", "DF.n.solutions", "DF.generations", "DF.n.evaluations", 
"DF.cpu.time")))
