full <-
structure(c(50, 55, 60, 65, 70, 75, 80, 85, 90, 95, 100, 5.87951, 
7.25603, 8.41495, 8.97133, 5.59659, 3.04176, 4.98611, 3.64487, 
6.023, 3.45293, 4.13908, -5.45721, -6.72434, -6.38898, -7.00556, 
-5.18565, -3.16777, -5.02771, -3.81241, -4.25735, -3.93137, -4.78904, 
0, 0, 0, 0, 0, 0, 0, 0, 0, 0, 0, 0, 0, 0, 0, 0, 0, 0, 0, 0, 0, 
0, 0.6652, 0.66653, 0.66719, 0.67146, 0.66963, 0.66901, 0.67834, 
0.67447, 0.67897, 0.66969, 0.67009, 0.65802, 0.65738, 0.66639, 
0.6604, 0.66655, 0.669, 0.67055, 0.6677, 0.67419, 0.66441, 0.66985, 
0.9159, 1.1287, 1.4471, 1.6279, 1.6953, 1.9294, 2.1562, 2.4072, 
2.9567, 2.9896, 3.2397, 1146.9, 1278.7, 1363.3, 1481.7, 1590.3, 
1693.7, 1825.5, 1930.7, 2009.8, 2155, 2284.1, 1782, 1619, 1136, 
2020, 689, 1748, 1356, 1743, 1272, 1014, 1335, 13, 19, 2, 2, 
179, 30, 32, 27, 20, 4, 14, 100, 100, 100, 100, 100, 100, 100, 
100, 100, 100, 100, 2500, 2500, 2500, 2500, 2500, 2500, 2500, 
2500, 2500, 2500, 2500, 41989.927, 64614.94, 80320.187, 58356.74, 
56954.061, 66169.978, 79936.4099999999, 78922.051, 95595.5109999999, 
102538.027, 120943.25, 8.41108, 13.40187, 4.95787, 8.97615, 3.87923, 
3.14488, 4.67979, 4.09922, 5.20411, 3.49071, 4.0634, -8.28447, 
-10.10556, -4.79979, -7.07851, -4.31112, -3.0979, -4.91012, -3.94625, 
-3.69006, -3.95146, -4.89542, 0, 0, 0, 0, 0, 0, 0, 0, 0, 0, 0, 
0, 0, 0, 0, 0, 0, 0, 0, 0, 0, 0, 0.66426, 0.66434, 0.666, 0.66925, 
0.66894, 0.66837, 0.67744, 0.67278, 0.67632, 0.66894, 0.66937, 
0.65803, 0.65779, 0.6644, 0.6604, 0.66963, 0.66836, 0.67085, 
0.66488, 0.67153, 0.66466, 0.66841, 0.9535, 1.544, 1.2734, 1.58, 
1.6253, 1.9263, 2.1427, 2.4227, 2.8177, 2.931, 3.2241, 1177.2, 
1284.4, 1369.5, 1483.4, 1594, 1691.4, 1826.4, 1923.9, 2004.4, 
2154, 2290.2, 1742, 970, 414, 2448, 1406, 527, 1692, 2467, 172, 
102, 2124, 1, 2, 1, 1, 1, 2, 1, 1, 1, 1, 1, 100, 100, 100, 100, 
100, 100, 100, 100, 100, 100, 100, 2500, 2500, 2500, 2500, 2500, 
2500, 2500, 2500, 2500, 2500, 2500, 68485.844, 85244.742, 92540.625, 
105533.807, 128710.24, 155127.24, 169313.511, 197155.243, 226184.052, 
252341.453, 266515.375, 1, 1, 1, 1, 1, 1, 1, 1, 1, 1, 1, 0.125, 
0.125, 0.125, 0.125, 0.125, 0.125, 0.125, 0.125, 0.125, 0.125, 
0.125, 0, 0, 0, 0, 0, 0, 0, 0, 0, 0, 0, 0, 0, 0, 0, 0, 0, 0, 
0, 0, 0, 0, 0.64558, 0.64735, 0.65762, 0.65893, 0.66073, 0.65976, 
0.66278, 0.66489, 0.66381, 0.65861, 0.66027, 0.64703, 0.64776, 
0.65402, 0.65598, 0.6597, 0.66006, 0.66249, 0.66207, 0.66435, 
0.66037, 0.66602, 0.8912, 1.0891, 1.2424, 1.4555, 1.635, 1.828, 
2.0919, 2.4053, 2.625, 2.8985, 3.326, 1202.8, 1320.6, 1427.2, 
1539.9, 1652.8, 1766.3, 1883.6, 2008.8, 2118.9, 2231.6, 2336.2, 
1, 1, 1, 1, 1, 1, 1, 1, 1, 1, 1, 1, 1, 1, 1, 1, 1, 1, 1, 1, 1, 
1, 1, 1, 1, 1, 1, 1, 1, 1, 1, 1, 1, 1, 1, 1, 1, 1, 1, 1, 1, 1, 
1, 1, 12.141, 14.28, 15.631, 17.905, 19.931, 21.955, 24.754, 
28.206, 30.534, 33.499, 38.57), .Dim = c(11L, 40L), .Dimnames = list(
    NULL, c("Sampling", "PSO.cost", "PSO.gamma", "PSO.data.balancing", 
    "PSO.feature.selection", "PSO.valid.acc", "PSO.test.acc", 
    "PSO.train.time", "PSO.n.support.vectors", "PSO.index", "PSO.n.solutions", 
    "PSO.generations", "PSO.n.evaluations", "PSO.cpu.time", "RS.cost", 
    "RS.gamma", "RS.data.balancing", "RS.feature.selection", 
    "RS.valid.acc", "RS.test.acc", "RS.train.time", "RS.n.support.vectors", 
    "RS.index", "RS.n.solutions", "RS.generations", "RS.n.evaluations", 
    "RS.cpu.time", "DF.cost", "DF.gamma", "DF.data.balancing", 
    "DF.feature.selection", "DF.valid.acc", "DF.test.acc", "DF.train.time", 
    "DF.n.support.vectors", "DF.index", "DF.n.solutions", "DF.generations", 
    "DF.n.evaluations", "DF.cpu.time")))
