full <-
structure(c(50, 55, 60, 65, 70, 75, 80, 85, 90, 95, 100, 4.72752, 
8.64779, 15, 8.45107, 14.9946, 7.63656, 6.27701, 5.50229, 11.13566, 
10.28445, 15, -3.87988, -6.08531, -9.80093, -6.25373, -8.875, 
-4.98697, -5.32514, -3.69429, -6.66376, -4.8972, -8.95003, 0, 
0, 0, 0, 0, 0, 0, 0, 0, 0, 0, 0, 0, 0, 0, 0, 0, 0, 0, 0, 0, 0, 
0.66905, 0.66308, 0.65718, 0.66405, 0.66279, 0.66995, 0.67084, 
0.67418, 0.67529, 0.67171, 0.67251, 0.65661, 0.6535, 0.65079, 
0.65596, 0.65424, 0.66452, 0.66606, 0.6708, 0.6689, 0.66692, 
0.66532, 0.9324, 1.3565, 3.1506, 1.7434, 6.1796, 2.2839, 2.2061, 
2.566, 4.7666, 6.7317, 10.8462, 1140.9, 1265.7, 1391.6, 1505.5, 
1613.4, 1691.4, 1826.3, 1886.5, 2012.2, 2094.9, 2259.1, 1796, 
1555, 1122, 2078, 2200, 1721, 1681, 1923, 1896, 1383, 1699, 9, 
17, 1, 3, 1, 12, 9, 27, 1, 6, 1, 100, 100, 100, 100, 100, 100, 
100, 100, 100, 100, 100, 2500, 2500, 2500, 2500, 2500, 2500, 
2500, 2500, 2500, 2500, 2500, 37554.992, 60069.903, 124104.426, 
64634.8699999999, 172345.321, 88100.683, 74856.7790000001, 99185.6190000002, 
160375.172, 293783.269, 352263.304, 4.72944, 8.35072, 14.34919, 
9.00566, 10.95373, 7.90086, 7.03668, 4.92405, 7.66265, 7.96189, 
5.52837, -3.87533, -5.94059, -9.43242, -6.58003, -7.14203, -4.78244, 
-5.52922, -3.5959, -5.09534, -4.06735, -5.21242, 0, 0, 0, 0, 
0, 0, 0, 0, 0, 0, 0, 0, 0, 0, 0, 0, 0, 0, 0, 0, 0, 0, 0.66809, 
0.66177, 0.65639, 0.66221, 0.66177, 0.66802, 0.66905, 0.6722, 
0.67396, 0.6712, 0.67155, 0.65661, 0.6522, 0.65239, 0.65522, 
0.65664, 0.66197, 0.66456, 0.66968, 0.6713, 0.66692, 0.66509, 
0.9133, 1.2939, 2.8227, 1.7257, 2.6487, 2.4171, 2.2955, 2.4749, 
3.254, 4.2854, 3.2874, 1140.6, 1265.4, 1388.6, 1506.9, 1616.9, 
1682.1, 1819.8, 1890.1, 2005.2, 2098.6, 2270.7, 2251, 1660, 2211, 
2302, 2359, 659, 690, 48, 742, 2308, 580, 1, 1, 1, 1, 2, 1, 1, 
1, 1, 1, 1, 100, 100, 100, 100, 100, 100, 100, 100, 100, 100, 
100, 2500, 2500, 2500, 2500, 2500, 2500, 2500, 2500, 2500, 2500, 
2500, 80062.097, 93206.608, 97978.55, 128166.544, 133925.934, 
160641.135, 177347.245, 203162.575, 243138.395, 252623.777, 294318.908, 
1, 1, 1, 1, 1, 1, 1, 1, 1, 1, 1, 0.125, 0.125, 0.125, 0.125, 
0.125, 0.125, 0.125, 0.125, 0.125, 0.125, 0.125, 0, 0, 0, 0, 
0, 0, 0, 0, 0, 0, 0, 0, 0, 0, 0, 0, 0, 0, 0, 0, 0, 0, 0.65039, 
0.65001, 0.64368, 0.64639, 0.65185, 0.65654, 0.65916, 0.66207, 
0.66251, 0.66213, 0.65765, 0.64798, 0.64784, 0.64209, 0.64787, 
0.64707, 0.65334, 0.66037, 0.66347, 0.66357, 0.66389, 0.66269, 
0.9325, 1.0682, 1.2852, 1.4773, 1.6588, 1.8486, 2.1101, 2.4162, 
2.6135, 2.9711, 3.2716, 1206.1, 1329.1, 1442.4, 1566.3, 1680.9, 
1782.2, 1891.6, 1991.5, 2105.4, 2227.5, 2336.9, 1, 1, 1, 1, 1, 
1, 1, 1, 1, 1, 1, 1, 1, 1, 1, 1, 1, 1, 1, 1, 1, 1, 1, 1, 1, 1, 
1, 1, 1, 1, 1, 1, 1, 1, 1, 1, 1, 1, 1, 1, 1, 1, 1, 1, 13.339, 
14.471, 16.918, 18.515, 20.336, 22.313, 25.155, 28.599, 30.621, 
34.717, 37.747), .Dim = c(11L, 40L), .Dimnames = list(NULL, c("Sampling", 
"PSO.cost", "PSO.gamma", "PSO.data.balancing", "PSO.feature.selection", 
"PSO.valid.acc", "PSO.test.acc", "PSO.train.time", "PSO.n.support.vectors", 
"PSO.index", "PSO.n.solutions", "PSO.generations", "PSO.n.evaluations", 
"PSO.cpu.time", "RS.cost", "RS.gamma", "RS.data.balancing", "RS.feature.selection", 
"RS.valid.acc", "RS.test.acc", "RS.train.time", "RS.n.support.vectors", 
"RS.index", "RS.n.solutions", "RS.generations", "RS.n.evaluations", 
"RS.cpu.time", "DF.cost", "DF.gamma", "DF.data.balancing", "DF.feature.selection", 
"DF.valid.acc", "DF.test.acc", "DF.train.time", "DF.n.support.vectors", 
"DF.index", "DF.n.solutions", "DF.generations", "DF.n.evaluations", 
"DF.cpu.time")))
