full <-
structure(c(50, 55, 60, 65, 70, 75, 80, 85, 90, 95, 100, 1.17022, 
1, 12.94893, 1, 15, 15, 15, 14.1933, 10.50102, 14.92218, 11.33413, 
-4.53645, 0.16667, -8.01589, 0.16667, -7.56991, -8.0848, -8.09792, 
-7.56467, -5.59651, -8.462, -6.93598, 0, 0, 0, 0, 0, 0, 0, 0, 
0, 0, 0, 0, 0, 0, 0, 0, 0, 0, 0, 0, 0, 0, 0.96838, 0.96283, 0.96966, 
0.96869, 0.96741, 0.98162, 0.98857, 0.97034, 0.97987, 0.98321, 
0.98626, 0.96838, 0.96283, 0.95071, 0.96869, 0.93814, 0.98171, 
0.98571, 0.96771, 0.97987, 0.98321, 0.98626, 0.0159, 0.0173, 
0.0324, 0.0206, 0.0625, 0.078, 0.1104, 0.074, 0.0405, 0.1688, 
0.0562, 84.7, 101.2, 32.1, 111.7, 32.4, 34.8, 36.1, 38.7, 45.5, 
43.7, 50.1, 2, 1, 236, 1, 2171, 496, 321, 311, 42, 4, 190, 912, 
575, 185, 710, 4, 192, 32, 143, 457, 480, 205, 100, 100, 100, 
100, 100, 100, 100, 100, 100, 100, 100, 2500, 2500, 2500, 2500, 
2500, 2500, 2500, 2500, 2500, 2500, 2500, 6541.331, 6519.142, 
6613.385, 6462.744, 6820.245, 7726.038, 7968.686, 8035.25, 8170.897, 
9495.65999999999, 9987.889, 8.83493, 3.06024, 11.85007, 7.75529, 
14.28646, 14.67233, 11.57383, 14.34613, 10.36259, 13.05012, 11.99536, 
-6.96916, -4.6293, -7.3616, -6.75276, -7.22987, -7.94767, -6.67733, 
-7.6294, -5.93354, -7.39446, -7.26802, 0, 0, 0, 0, 0, 0, 0, 0, 
0, 0, 0, 0, 0, 0, 0, 0, 0, 0, 0, 0, 0, 0, 0.96838, 0.96283, 0.96966, 
0.96869, 0.96408, 0.97868, 0.98293, 0.97034, 0.97987, 0.98321, 
0.98626, 0.96838, 0.95849, 0.95456, 0.96869, 0.9446, 0.98171, 
0.9688, 0.97041, 0.98237, 0.98321, 0.98626, 0.0208, 0.0153, 0.0242, 
0.0202, 0.0533, 0.0833, 0.0313, 0.0801, 0.0379, 0.0727, 0.0674, 
37.9, 64.1, 32.3, 49.6, 33.3, 35.6, 37.5, 38.6, 45.8, 43.5, 49.1, 
1, 16, 44, 1, 2407, 2019, 282, 160, 101, 533, 1372, 221, 242, 
12, 284, 1, 1, 2, 1, 28, 14, 2, 100, 100, 100, 100, 100, 100, 
100, 100, 100, 100, 100, 2500, 2500, 2500, 2500, 2500, 2500, 
2500, 2500, 2500, 2500, 2500, 6605.165, 6520.36, 6639.981, 6693.303, 
6738.624, 6967.61500000001, 7079.587, 6828.899, 7031.255, 7125.82199999999, 
7283.94500000001, 1, 1, 1, 1, 1, 1, 1, 1, 1, 1, 1, 0.16667, 0.16667, 
0.16667, 0.16667, 0.16667, 0.16667, 0.16667, 0.16667, 0.16667, 
0.16667, 0.16667, 0, 0, 0, 0, 0, 0, 0, 0, 0, 0, 0, 0, 0, 0, 0, 
0, 0, 0, 0, 0, 0, 0, 0.96383, 0.96283, 0.96595, 0.96869, 0.96386, 
0.96682, 0.96873, 0.9623, 0.95942, 0.95889, 0.95888, 0.96838, 
0.96283, 0.96595, 0.96869, 0.96386, 0.96682, 0.96873, 0.9623, 
0.95942, 0.95889, 0.95888, 0.0158, 0.0176, 0.0184, 0.0197, 0.022, 
0.0233, 0.0258, 0.0251, 0.0277, 0.0315, 0.0313, 94.5, 101.2, 
107.7, 111.7, 121.4, 124, 124.9, 131.8, 139.9, 143.5, 146.8, 
1, 1, 1, 1, 1, 1, 1, 1, 1, 1, 1, 1, 1, 1, 1, 1, 1, 1, 1, 1, 1, 
1, 1, 1, 1, 1, 1, 1, 1, 1, 1, 1, 1, 1, 1, 1, 1, 1, 1, 1, 1, 1, 
1, 1, 2.595, 2.611, 2.578, 2.631, 2.64, 2.625, 2.756, 2.473, 
2.614, 2.832, 2.645), .Dim = c(11L, 40L), .Dimnames = list(NULL, 
    c("Sampling", "PSO.cost", "PSO.gamma", "PSO.data.balancing", 
    "PSO.feature.selection", "PSO.valid.acc", "PSO.test.acc", 
    "PSO.train.time", "PSO.n.support.vectors", "PSO.index", "PSO.n.solutions", 
    "PSO.generations", "PSO.n.evaluations", "PSO.cpu.time", "RS.cost", 
    "RS.gamma", "RS.data.balancing", "RS.feature.selection", 
    "RS.valid.acc", "RS.test.acc", "RS.train.time", "RS.n.support.vectors", 
    "RS.index", "RS.n.solutions", "RS.generations", "RS.n.evaluations", 
    "RS.cpu.time", "DF.cost", "DF.gamma", "DF.data.balancing", 
    "DF.feature.selection", "DF.valid.acc", "DF.test.acc", "DF.train.time", 
    "DF.n.support.vectors", "DF.index", "DF.n.solutions", "DF.generations", 
    "DF.n.evaluations", "DF.cpu.time")))
