full <-
structure(c(50, 55, 60, 65, 70, 75, 80, 85, 90, 95, 100, 7.15878, 
14.21677, 13.11591, 1, 14.97047, 15, 15, 15, 15, 14.98539, 10.96494, 
-6.16055, -9.3971, -6.8681, 0.16667, -7.28624, -7.82775, -7.72012, 
-7.86148, -7.58452, -8.43316, -6.71758, 0, 0, 0, 0, 0, 0, 0, 
0, 0, 0, 0, 0, 0, 0, 0, 0, 0, 0, 0, 0, 0, 0, 0.9539, 0.9585, 
0.96225, 0.96182, 0.97074, 0.97878, 0.97991, 0.98919, 0.98487, 
0.98078, 0.98615, 0.94935, 0.94183, 0.94302, 0.95825, 0.97407, 
0.97565, 0.9773, 0.98655, 0.97981, 0.9759, 0.98615, 0.0171, 0.0605, 
0.0336, 0.0205, 0.0577, 0.0751, 0.1073, 0.1415, 0.1436, 0.1541, 
0.0489, 46.5, 40.4, 32.7, 113.3, 31.4, 31.9, 34.2, 36.1, 37.1, 
44.6, 50.2, 39, 1844, 621, 1, 548, 71, 510, 64, 476, 707, 266, 
347, 1, 178, 488, 181, 707, 685, 446, 380, 32, 267, 100, 100, 
100, 100, 100, 100, 100, 100, 100, 100, 100, 2500, 2500, 2500, 
2500, 2500, 2500, 2500, 2500, 2500, 2500, 2500, 6194.501, 6692.174, 
6776.211, 6762.46, 7192.13600000001, 7556.474, 8254.546, 8246.685, 
9177.999, 9191.15299999999, 7810.03200000001, 2.10335, 1.41643, 
12.11177, 8.43083, 9.81631, 12.84267, 14.68924, 11.93954, 14.48449, 
14.03906, 12.50526, -2.96061, -2.85043, -6.46769, -8.25977, -4.82083, 
-6.86893, -7.44496, -6.41199, -7.58987, -7.99714, -7.43665, 0, 
0, 0, 0, 0, 0, 0, 0, 0, 0, 0, 0, 0, 0, 0, 0, 0, 0, 0, 0, 0, 0, 
0.9539, 0.95433, 0.96225, 0.96182, 0.96761, 0.97878, 0.97697, 
0.98919, 0.98237, 0.9784, 0.98615, 0.94935, 0.946, 0.94687, 0.96182, 
0.9645, 0.97253, 0.98008, 0.98655, 0.98231, 0.97352, 0.98615, 
0.0146, 0.0172, 0.0276, 0.0223, 0.0209, 0.0373, 0.0922, 0.0567, 
0.1247, 0.093, 0.0816, 68.3, 80.3, 33.7, 74.6, 38, 33.5, 34.6, 
38.7, 38.7, 44.4, 49.4, 61, 3, 567, 6, 101, 463, 49, 655, 80, 
2381, 284, 42, 298, 2, 234, 8, 9, 2, 9, 12, 1, 11, 100, 100, 
100, 100, 100, 100, 100, 100, 100, 100, 100, 2500, 2500, 2500, 
2500, 2500, 2500, 2500, 2500, 2500, 2500, 2500, 6357.289, 6496.416, 
6545.634, 6667.887, 6963.46199999999, 6844.321, 7091.141, 7186.109, 
7175.02900000001, 7011.81199999998, 7341.38400000002, 1, 1, 1, 
1, 1, 1, 1, 1, 1, 1, 1, 0.16667, 0.16667, 0.16667, 0.16667, 0.16667, 
0.16667, 0.16667, 0.16667, 0.16667, 0.16667, 0.16667, 0, 0, 0, 
0, 0, 0, 0, 0, 0, 0, 0, 0, 0, 0, 0, 0, 0, 0, 0, 0, 0, 0, 0.94481, 
0.95433, 0.95826, 0.96182, 0.96397, 0.96638, 0.96578, 0.965, 
0.96462, 0.95918, 0.95883, 0.94481, 0.95433, 0.95826, 0.95825, 
0.96397, 0.96638, 0.96578, 0.965, 0.96462, 0.95918, 0.95883, 
0.0158, 0.0182, 0.0191, 0.0207, 0.0212, 0.0242, 0.0244, 0.029, 
0.0278, 0.0291, 0.0322, 97.6, 102.4, 106.9, 113.3, 117, 120.3, 
124.4, 131.2, 135.4, 143.7, 147.5, 1, 1, 1, 1, 1, 1, 1, 1, 1, 
1, 1, 1, 1, 1, 1, 1, 1, 1, 1, 1, 1, 1, 1, 1, 1, 1, 1, 1, 1, 1, 
1, 1, 1, 1, 1, 1, 1, 1, 1, 1, 1, 1, 1, 1, 2.498, 2.635, 2.64, 
2.627, 2.656, 2.768, 2.56, 2.801, 2.676, 2.555, 2.7), .Dim = c(11L, 
40L), .Dimnames = list(NULL, c("Sampling", "PSO.cost", "PSO.gamma", 
"PSO.data.balancing", "PSO.feature.selection", "PSO.valid.acc", 
"PSO.test.acc", "PSO.train.time", "PSO.n.support.vectors", "PSO.index", 
"PSO.n.solutions", "PSO.generations", "PSO.n.evaluations", "PSO.cpu.time", 
"RS.cost", "RS.gamma", "RS.data.balancing", "RS.feature.selection", 
"RS.valid.acc", "RS.test.acc", "RS.train.time", "RS.n.support.vectors", 
"RS.index", "RS.n.solutions", "RS.generations", "RS.n.evaluations", 
"RS.cpu.time", "DF.cost", "DF.gamma", "DF.data.balancing", "DF.feature.selection", 
"DF.valid.acc", "DF.test.acc", "DF.train.time", "DF.n.support.vectors", 
"DF.index", "DF.n.solutions", "DF.generations", "DF.n.evaluations", 
"DF.cpu.time")))
