full <-
structure(c(50, 55, 60, 65, 70, 75, 80, 85, 90, 95, 100, 2.99365, 
6.19913, -0.29041, 8.75065, 8.69677, 8.77325, 14.0765, 14.97131, 
15, 14.79526, 15, -5.94797, -3.70495, -1.72987, -3.81435, -4.43486, 
-4.51564, -8.01663, -8.52704, -8.02982, -8.18109, -8.01638, 0, 
0, 0, 0, 0, 0, 0, 0, 0, 0, 0, 0, 0, 0, 0, 0, 0, 0, 0, 0, 0, 0, 
0.95866, 0.96296, 0.95868, 0.97217, 0.97386, 0.9695, 0.96865, 
0.98108, 0.97481, 0.97596, 0.98409, 0.93095, 0.95044, 0.95083, 
0.97204, 0.96397, 0.94846, 0.95746, 0.97845, 0.97724, 0.97828, 
0.98409, 0.0171, 0.0153, 0.0203, 0.018, 0.0208, 0.0229, 0.0776, 
0.1099, 0.1563, 0.1532, 0.225, 85.8, 43.6, 133.2, 41.4, 43.3, 
44.4, 42.5, 42.9, 39.7, 42, 42.1, 113, 1559, 6, 101, 219, 360, 
96, 312, 564, 231, 82, 322, 23, 205, 1119, 392, 195, 65, 43, 
49, 633, 958, 100, 100, 100, 100, 100, 100, 100, 100, 100, 100, 
100, 2500, 2500, 2500, 2500, 2500, 2500, 2500, 2500, 2500, 2500, 
2500, 6764.768, 6844.174, 6578.796, 7015.519, 6757.659, 7150.209, 
8265.63500000001, 8202.196, 8699.16899999999, 9728.00199999999, 
10568.762, -0.44305, 6.76639, 3.43301, 13.60883, 8.01875, 8.26724, 
13.06105, 13.8667, 11.80392, 14.96598, 11.93321, -3.81041, -3.92665, 
-4.33995, -3.83729, -4.15053, -4.29238, -7.50376, -8.01872, -6.45399, 
-8.2409, -6.3748, 0, 0, 0, 0, 0, 0, 0, 0, 0, 0, 0, 0, 0, 0, 0, 
0, 0, 0, 0, 0, 0, 0, 0.95431, 0.95061, 0.95868, 0.97217, 0.97386, 
0.9695, 0.96865, 0.97845, 0.97224, 0.97596, 0.98182, 0.93095, 
0.94644, 0.95483, 0.97204, 0.9643, 0.95434, 0.95746, 0.97845, 
0.97224, 0.97828, 0.98182, 0.0169, 0.0153, 0.0162, 0.0184, 0.0211, 
0.0232, 0.0591, 0.0813, 0.0487, 0.2468, 0.0874, 110.8, 41.4, 
59.3, 41, 46.3, 46.7, 42.9, 43.5, 41.6, 41.7, 45.2, 154, 1332, 
296, 61, 1775, 2190, 137, 63, 352, 2421, 198, 7, 3, 9, 17, 1, 
1, 2, 5, 5, 1, 23, 100, 100, 100, 100, 100, 100, 100, 100, 100, 
100, 100, 2500, 2500, 2500, 2500, 2500, 2500, 2500, 2500, 2500, 
2500, 2500, 6977.525, 6599.013, 6877.364, 6786.643, 6743.989, 
7403.11300000001, 7362.394, 7233.042, 7373.13, 7379.50399999999, 
7524.75599999999, 1, 1, 1, 1, 1, 1, 1, 1, 1, 1, 1, 0.16667, 0.16667, 
0.16667, 0.16667, 0.16667, 0.16667, 0.16667, 0.16667, 0.16667, 
0.16667, 0.16667, 0, 0, 0, 0, 0, 0, 0, 0, 0, 0, 0, 0, 0, 0, 0, 
0, 0, 0, 0, 0, 0, 0, 0.94957, 0.95028, 0.95483, 0.95776, 0.95784, 
0.95434, 0.95459, 0.95704, 0.95686, 0.95662, 0.95899, 0.94004, 
0.95028, 0.95483, 0.95776, 0.95784, 0.95434, 0.95459, 0.95704, 
0.95686, 0.95662, 0.95899, 0.017, 0.0178, 0.0204, 0.0202, 0.0226, 
0.0233, 0.0262, 0.0274, 0.0299, 0.0298, 0.0317, 97.1, 103.2, 
106.2, 111.7, 117, 122.6, 130.8, 134.6, 140.5, 145.7, 148.9, 
1, 1, 1, 1, 1, 1, 1, 1, 1, 1, 1, 1, 1, 1, 1, 1, 1, 1, 1, 1, 1, 
1, 1, 1, 1, 1, 1, 1, 1, 1, 1, 1, 1, 1, 1, 1, 1, 1, 1, 1, 1, 1, 
1, 1, 2.806, 2.663, 2.863, 2.615, 2.806, 2.925, 2.8, 2.715, 2.84, 
2.557, 2.721), .Dim = c(11L, 40L), .Dimnames = list(NULL, c("Sampling", 
"PSO.cost", "PSO.gamma", "PSO.data.balancing", "PSO.feature.selection", 
"PSO.valid.acc", "PSO.test.acc", "PSO.train.time", "PSO.n.support.vectors", 
"PSO.index", "PSO.n.solutions", "PSO.generations", "PSO.n.evaluations", 
"PSO.cpu.time", "RS.cost", "RS.gamma", "RS.data.balancing", "RS.feature.selection", 
"RS.valid.acc", "RS.test.acc", "RS.train.time", "RS.n.support.vectors", 
"RS.index", "RS.n.solutions", "RS.generations", "RS.n.evaluations", 
"RS.cpu.time", "DF.cost", "DF.gamma", "DF.data.balancing", "DF.feature.selection", 
"DF.valid.acc", "DF.test.acc", "DF.train.time", "DF.n.support.vectors", 
"DF.index", "DF.n.solutions", "DF.generations", "DF.n.evaluations", 
"DF.cpu.time")))
