full <-
structure(c(50, 55, 60, 65, 70, 75, 80, 85, 90, 95, 100, 10.15168, 
9.97434, 1, 1, 1, 1, 15, 13.1949, 11.91205, 8.93464, 13.43226, 
-7.85227, -6.61772, 0.16667, 0.16667, 0.16667, 0.16667, -8.46158, 
-7.25674, -6.91346, -5.36772, -7.83122, 0, 0, 0, 0, 0, 0, 0, 
0, 0, 0, 0, 0, 0, 0, 0, 0, 0, 0, 0, 0, 0, 0, 0.96858, 0.97133, 
0.96921, 0.97192, 0.97043, 0.97291, 0.9773, 0.98108, 0.97724, 
0.98328, 0.97928, 0.96858, 0.96699, 0.96521, 0.97192, 0.97043, 
0.97291, 0.97444, 0.97575, 0.97224, 0.98089, 0.97701, 0.0354, 
0.0267, 0.0196, 0.0202, 0.0214, 0.0243, 0.1495, 0.0639, 0.0412, 
0.0298, 0.0946, 43.8, 38.1, 108.5, 109.5, 117, 121.6, 36.8, 39.2, 
41, 49.7, 46.3, 8, 64, 1, 1, 1, 1, 669, 565, 28, 656, 82, 773, 
35, 832, 887, 751, 731, 43, 193, 307, 42, 311, 100, 100, 100, 
100, 100, 100, 100, 100, 100, 100, 100, 2500, 2500, 2500, 2500, 
2500, 2500, 2500, 2500, 2500, 2500, 2500, 6327.004, 6650.824, 
6471.328, 6709.79, 7256.21, 7250.746, 8032.65999999999, 8492.137, 
7886.406, 7609.60699999999, 9159.28100000002, 14.75422, 10.84728, 
10.85003, 14.38149, 12.75423, 13.24758, 12.41225, 11.43958, 11.03421, 
13.27307, 14.43822, -9.15864, -7.0491, -8.0412, -10.77828, -10.37817, 
-8.53756, -7.20147, -6.37845, -6.36817, -7.10094, -8.13156, 0, 
0, 0, 0, 0, 0, 0, 0, 0, 0, 0, 0, 0, 0, 0, 0, 0, 0, 0, 0, 0, 0, 
0.96858, 0.97133, 0.96921, 0.97192, 0.97043, 0.97291, 0.9773, 
0.97845, 0.97724, 0.98089, 0.97928, 0.96858, 0.96699, 0.96921, 
0.97192, 0.97043, 0.97291, 0.97444, 0.97304, 0.97474, 0.98328, 
0.97474, 0.0828, 0.032, 0.0503, 0.0678, 0.0467, 0.1744, 0.0569, 
0.0382, 0.0351, 0.0801, 0.1665, 33.8, 37.4, 45.3, 59.7, 75.2, 
44.5, 39.4, 41.1, 41.9, 39.4, 45.2, 4, 2315, 27, 13, 25, 4, 1181, 
2452, 363, 27, 497, 242, 1, 317, 358, 375, 381, 3, 1, 6, 27, 
8, 100, 100, 100, 100, 100, 100, 100, 100, 100, 100, 100, 2500, 
2500, 2500, 2500, 2500, 2500, 2500, 2500, 2500, 2500, 2500, 6290.039, 
6473.207, 6653.25, 6746.501, 7059.95699999999, 7137.605, 7258.747, 
7428.29399999999, 7433.89700000001, 7494.34, 7559.16999999998, 
1, 1, 1, 1, 1, 1, 1, 1, 1, 1, 1, 0.16667, 0.16667, 0.16667, 0.16667, 
0.16667, 0.16667, 0.16667, 0.16667, 0.16667, 0.16667, 0.16667, 
0, 0, 0, 0, 0, 0, 0, 0, 0, 0, 0, 0, 0, 0, 0, 0, 0, 0, 0, 0, 0, 
0, 0.95927, 0.96699, 0.96921, 0.97192, 0.97043, 0.97291, 0.97444, 
0.96778, 0.96461, 0.95923, 0.95899, 0.96403, 0.96699, 0.96521, 
0.97192, 0.97043, 0.97291, 0.97444, 0.96778, 0.96461, 0.95923, 
0.95899, 0.0159, 0.0179, 0.0192, 0.0196, 0.0229, 0.0243, 0.0243, 
0.0274, 0.0267, 0.0322, 0.0331, 95.7, 101.2, 108.5, 109.5, 117, 
121.6, 122.4, 131.9, 132.5, 142.6, 147.3, 1, 1, 1, 1, 1, 1, 1, 
1, 1, 1, 1, 1, 1, 1, 1, 1, 1, 1, 1, 1, 1, 1, 1, 1, 1, 1, 1, 1, 
1, 1, 1, 1, 1, 1, 1, 1, 1, 1, 1, 1, 1, 1, 1, 1, 2.557, 2.629, 
2.658, 2.543, 2.907, 2.884, 2.699, 2.909, 2.721, 3.019, 2.951
), .Dim = c(11L, 40L), .Dimnames = list(NULL, c("Sampling", "PSO.cost", 
"PSO.gamma", "PSO.data.balancing", "PSO.feature.selection", "PSO.valid.acc", 
"PSO.test.acc", "PSO.train.time", "PSO.n.support.vectors", "PSO.index", 
"PSO.n.solutions", "PSO.generations", "PSO.n.evaluations", "PSO.cpu.time", 
"RS.cost", "RS.gamma", "RS.data.balancing", "RS.feature.selection", 
"RS.valid.acc", "RS.test.acc", "RS.train.time", "RS.n.support.vectors", 
"RS.index", "RS.n.solutions", "RS.generations", "RS.n.evaluations", 
"RS.cpu.time", "DF.cost", "DF.gamma", "DF.data.balancing", "DF.feature.selection", 
"DF.valid.acc", "DF.test.acc", "DF.train.time", "DF.n.support.vectors", 
"DF.index", "DF.n.solutions", "DF.generations", "DF.n.evaluations", 
"DF.cpu.time")))
