full <-
structure(c(50, 55, 60, 65, 70, 75, 80, 85, 90, 95, 100, 9.42751, 
14.29988, 13.63531, 15, 13.97768, 14.544, 8.78298, 15, 15, 9.67035, 
13.4728, -6.14678, -6.62867, -6.51468, -7.57251, -6.30338, -6.8557, 
-3.81338, -8.28625, -7.79985, -5.34642, -7.64089, 0, 0, 0, 0, 
0, 0, 0, 0, 0, 0, 0, 0, 0, 0, 0, 0, 0, 0, 0, 0, 0, 0, 0.95433, 
0.9668, 0.96952, 0.98583, 0.97742, 0.97584, 0.98294, 0.98407, 
0.9798, 0.9856, 0.98399, 0.94048, 0.95065, 0.95013, 0.97869, 
0.97097, 0.96941, 0.96595, 0.97048, 0.97724, 0.98322, 0.97944, 
0.0185, 0.0462, 0.0361, 0.0675, 0.0462, 0.0577, 0.0259, 0.1055, 
0.1342, 0.0356, 0.1134, 36.2, 30.9, 30, 30.2, 34.1, 32.8, 54.3, 
37.1, 37.9, 47.7, 45.4, 508, 372, 338, 181, 261, 119, 63, 115, 
189, 32, 264, 44, 146, 34, 954, 386, 554, 985, 406, 429, 723, 
494, 100, 100, 100, 100, 100, 100, 100, 100, 100, 100, 100, 2500, 
2500, 2500, 2500, 2500, 2500, 2500, 2500, 2500, 2500, 2500, 6482.529, 
6724.817, 6985.141, 7635.199, 7330.792, 7195.932, 6756.17200000001, 
8043.34300000001, 8461.20999999999, 8173.167, 9190.28899999999, 
9.29957, 13.4385, 14.509, 14.54672, 13.50903, 12.8366, 8.13726, 
14.76292, 14.60151, 8.53604, 13.33235, -6.06109, -6.24272, -7.23478, 
-6.94724, -5.95156, -6.23894, -3.7181, -8.18046, -7.68953, -5.13854, 
-7.5456, 0, 0, 0, 0, 0, 0, 0, 0, 0, 0, 0, 0, 0, 0, 0, 0, 0, 0, 
0, 0, 0, 0, 0.95433, 0.9668, 0.96937, 0.98226, 0.97742, 0.97584, 
0.98294, 0.98407, 0.9798, 0.9856, 0.98399, 0.94048, 0.95482, 
0.96168, 0.97511, 0.97097, 0.96316, 0.96595, 0.97048, 0.9798, 
0.9856, 0.97944, 0.0184, 0.0326, 0.0514, 0.052, 0.0401, 0.037, 
0.0242, 0.0847, 0.1285, 0.031, 0.09, 35.9, 31.7, 28.6, 30.7, 
35.2, 34.4, 54.4, 37.5, 38.5, 51.9, 44.9, 890, 67, 150, 130, 
569, 154, 726, 800, 20, 84, 237, 1, 3, 1, 2, 6, 7, 4, 5, 10, 
50, 14, 100, 100, 100, 100, 100, 100, 100, 100, 100, 100, 100, 
2500, 2500, 2500, 2500, 2500, 2500, 2500, 2500, 2500, 2500, 2500, 
6527.841, 6591.976, 6599.696, 6709.548, 6795.275, 6836.731, 6942.09999999999, 
7006.391, 7141.274, 7135.50599999999, 7519.989, 1, 1, 1, 1, 1, 
1, 1, 1, 1, 1, 1, 0.16667, 0.16667, 0.16667, 0.16667, 0.16667, 
0.16667, 0.16667, 0.16667, 0.16667, 0.16667, 0.16667, 0, 0, 0, 
0, 0, 0, 0, 0, 0, 0, 0, 0, 0, 0, 0, 0, 0, 0, 0, 0, 0, 0, 0.94957, 
0.95865, 0.96182, 0.96464, 0.96774, 0.96629, 0.96579, 0.96521, 
0.95948, 0.95923, 0.95893, 0.95411, 0.95865, 0.96182, 0.96464, 
0.96774, 0.96629, 0.96579, 0.96521, 0.95948, 0.95923, 0.95893, 
0.0168, 0.0179, 0.018, 0.0203, 0.0215, 0.0235, 0.0255, 0.028, 
0.0292, 0.0298, 0.0338, 100.8, 103.5, 108.1, 112, 116.4, 122.4, 
125.1, 131.4, 138.3, 144.4, 148.1, 1, 1, 1, 1, 1, 1, 1, 1, 1, 
1, 1, 1, 1, 1, 1, 1, 1, 1, 1, 1, 1, 1, 1, 1, 1, 1, 1, 1, 1, 1, 
1, 1, 1, 1, 1, 1, 1, 1, 1, 1, 1, 1, 1, 1, 2.6, 2.614, 2.496, 
2.68, 2.604, 2.653, 2.781, 2.833, 2.806, 2.706, 2.825), .Dim = c(11L, 
40L), .Dimnames = list(NULL, c("Sampling", "PSO.cost", "PSO.gamma", 
"PSO.data.balancing", "PSO.feature.selection", "PSO.valid.acc", 
"PSO.test.acc", "PSO.train.time", "PSO.n.support.vectors", "PSO.index", 
"PSO.n.solutions", "PSO.generations", "PSO.n.evaluations", "PSO.cpu.time", 
"RS.cost", "RS.gamma", "RS.data.balancing", "RS.feature.selection", 
"RS.valid.acc", "RS.test.acc", "RS.train.time", "RS.n.support.vectors", 
"RS.index", "RS.n.solutions", "RS.generations", "RS.n.evaluations", 
"RS.cpu.time", "DF.cost", "DF.gamma", "DF.data.balancing", "DF.feature.selection", 
"DF.valid.acc", "DF.test.acc", "DF.train.time", "DF.n.support.vectors", 
"DF.index", "DF.n.solutions", "DF.generations", "DF.n.evaluations", 
"DF.cpu.time")))
