full <-
structure(c(50, 55, 60, 65, 70, 75, 80, 85, 90, 95, 100, 11.56304, 
15, 13.57406, 1, 13.41074, 13.86031, 10.18993, 12.08956, 14.81169, 
13.49332, 15, -7.69062, -5.04003, -7.41767, 0.16667, -4.17092, 
-7.19201, -5.63657, -7.32906, -8.35166, -7.36761, -8.36118, 0, 
0, 0, 0, 0, 0, 0, 0, 0, 0, 0, 0, 0, 0, 0, 0, 0, 0, 0, 0, 0, 0, 
0.95887, 0.97533, 0.96638, 0.96133, 0.96409, 0.97584, 0.98, 0.98663, 
0.98974, 0.9856, 0.98631, 0.94957, 0.96683, 0.93974, 0.96133, 
0.96409, 0.96666, 0.97151, 0.97582, 0.98711, 0.98327, 0.97944, 
0.0283, 0.0213, 0.0354, 0.0203, 0.0194, 0.0511, 0.0308, 0.0563, 
0.1213, 0.1143, 0.1589, 34.5, 32.8, 31.2, 114.6, 39.8, 33.1, 
42.8, 44.4, 40.9, 42.3, 43.5, 1174, 79, 219, 1, 13, 323, 46, 
546, 529, 262, 555, 52, 1438, 57, 666, 1505, 198, 208, 57, 171, 
252, 133, 100, 100, 100, 100, 100, 100, 100, 100, 100, 100, 100, 
2500, 2500, 2500, 2500, 2500, 2500, 2500, 2500, 2500, 2500, 2500, 
6637.326, 7114.406, 7170.11, 7201.818, 6689.45800000001, 7579.868, 
6898.96800000001, 8613.60799999999, 8868.727, 9956.27200000001, 
9522.541, 13.89941, 13.16447, 12.74867, 0.30108, 8.34944, 14.9496, 
14.89215, 14.30221, 13.51889, 14.58924, 14.28396, -8.82779, -5.08147, 
-7.02828, -2.38161, -2.94688, -7.79547, -7.90027, -8.44189, -7.70857, 
-7.90302, -8.36877, 0, 0, 0, 0, 0, 0, 0, 0, 0, 0, 0, 0, 0, 0, 
0, 0, 0, 0, 0, 0, 0, 0, 0.95887, 0.97533, 0.96268, 0.96133, 0.96409, 
0.9729, 0.98, 0.98663, 0.98974, 0.9856, 0.98631, 0.95411, 0.96683, 
0.93219, 0.96133, 0.95763, 0.96666, 0.97437, 0.97582, 0.98711, 
0.98565, 0.97944, 0.0546, 0.0226, 0.0311, 0.0204, 0.0177, 0.073, 
0.1035, 0.1039, 0.09, 0.1831, 0.0974, 34.1, 32.7, 32.2, 111.8, 
54.3, 32.3, 34.9, 42.9, 42.1, 41.1, 45.8, 525, 134, 2365, 22, 
7, 1485, 200, 2239, 503, 149, 417, 2, 11, 1, 307, 90, 1, 5, 1, 
2, 3, 1, 100, 100, 100, 100, 100, 100, 100, 100, 100, 100, 100, 
2500, 2500, 2500, 2500, 2500, 2500, 2500, 2500, 2500, 2500, 2500, 
6634.314, 6826.386, 6864.945, 6794.092, 7050.685, 7213.143, 7042.30499999999, 
7185.31199999999, 7125.28099999999, 7289.72899999999, 7234.61000000002, 
1, 1, 1, 1, 1, 1, 1, 1, 1, 1, 1, 0.16667, 0.16667, 0.16667, 0.16667, 
0.16667, 0.16667, 0.16667, 0.16667, 0.16667, 0.16667, 0.16667, 
0, 0, 0, 0, 0, 0, 0, 0, 0, 0, 0, 0, 0, 0, 0, 0, 0, 0, 0, 0, 0, 
0, 0.95411, 0.95833, 0.95855, 0.96133, 0.96096, 0.96078, 0.96032, 
0.95974, 0.96218, 0.96178, 0.95888, 0.95411, 0.95833, 0.95855, 
0.96133, 0.96096, 0.96078, 0.96032, 0.95974, 0.96218, 0.96178, 
0.95888, 0.0167, 0.0174, 0.0195, 0.0193, 0.021, 0.0232, 0.0239, 
0.0266, 0.0287, 0.0296, 0.0314, 99.7, 104.3, 110.2, 114.6, 121.1, 
125.7, 128, 136.8, 143.1, 143.9, 147, 1, 1, 1, 1, 1, 1, 1, 1, 
1, 1, 1, 1, 1, 1, 1, 1, 1, 1, 1, 1, 1, 1, 1, 1, 1, 1, 1, 1, 1, 
1, 1, 1, 1, 1, 1, 1, 1, 1, 1, 1, 1, 1, 1, 1, 2.717, 2.655, 2.786, 
2.546, 2.511, 2.682, 2.573, 2.787, 2.729, 2.658, 2.722), .Dim = c(11L, 
40L), .Dimnames = list(NULL, c("Sampling", "PSO.cost", "PSO.gamma", 
"PSO.data.balancing", "PSO.feature.selection", "PSO.valid.acc", 
"PSO.test.acc", "PSO.train.time", "PSO.n.support.vectors", "PSO.index", 
"PSO.n.solutions", "PSO.generations", "PSO.n.evaluations", "PSO.cpu.time", 
"RS.cost", "RS.gamma", "RS.data.balancing", "RS.feature.selection", 
"RS.valid.acc", "RS.test.acc", "RS.train.time", "RS.n.support.vectors", 
"RS.index", "RS.n.solutions", "RS.generations", "RS.n.evaluations", 
"RS.cpu.time", "DF.cost", "DF.gamma", "DF.data.balancing", "DF.feature.selection", 
"DF.valid.acc", "DF.test.acc", "DF.train.time", "DF.n.support.vectors", 
"DF.index", "DF.n.solutions", "DF.generations", "DF.n.evaluations", 
"DF.cpu.time")))
