full <-
structure(c(50, 55, 60, 65, 70, 75, 80, 85, 90, 95, 100, 15, 
13.49576, 12.08078, 3.03709, 15, 15, 12.45066, 15, 12.50224, 
13.60887, 12.73193, -9.55219, -8.40319, -9.79118, -3.22404, -8.64319, 
-8.59099, -6.47349, -8.14839, -7.24141, -7.63773, -7.35017, 0, 
0, 0, 0, 0, 0, 0, 0, 0, 0, 0, 0, 0, 0, 0, 0, 0, 0, 0, 0, 0, 0, 
0.96364, 0.96265, 0.95454, 0.96193, 0.96108, 0.96051, 0.97159, 
0.97033, 0.9798, 0.98554, 0.98404, 0.94978, 0.95467, 0.95454, 
0.95134, 0.94806, 0.9515, 0.9573, 0.96777, 0.9773, 0.98072, 0.98177, 
0.0592, 0.0453, 0.0389, 0.0171, 0.0743, 0.0835, 0.044, 0.0938, 
0.053, 0.1252, 0.0726, 35.5, 34.5, 66.4, 67.8, 37.8, 38.2, 37.8, 
38.8, 45.7, 45.3, 46.6, 208, 40, 2, 1213, 93, 641, 173, 131, 
42, 70, 585, 119, 140, 572, 35, 172, 16, 91, 730, 369, 969, 33, 
100, 100, 100, 100, 100, 100, 100, 100, 100, 100, 100, 2500, 
2500, 2500, 2500, 2500, 2500, 2500, 2500, 2500, 2500, 2500, 6988.049, 
6852.442, 6863.431, 6418.406, 7213.938, 6888.493, 7471.554, 7994.868, 
8583.408, 8270.37300000001, 8413.81400000001, 8.66913, 0.42664, 
4.16876, 1.11136, 13.52282, 13.8027, 12.84226, 13.79998, 13.0388, 
11.8777, 12.28776, -6.02184, -2.32591, -5.17363, -2.0104, -7.92975, 
-7.97824, -6.62315, -7.60411, -7.50344, -6.85994, -7.11315, 0, 
0, 0, 0, 0, 0, 0, 0, 0, 0, 0, 0, 0, 0, 0, 0, 0, 0, 0, 0, 0, 0, 
0.95909, 0.95883, 0.95454, 0.95848, 0.96108, 0.96051, 0.97159, 
0.97033, 0.9798, 0.98554, 0.98404, 0.94545, 0.95067, 0.95454, 
0.95491, 0.9514, 0.95445, 0.9573, 0.96507, 0.9798, 0.98072, 0.98177, 
0.0175, 0.0172, 0.0172, 0.0204, 0.0498, 0.0593, 0.0458, 0.0646, 
0.0616, 0.0658, 0.0659, 36.9, 101.5, 65.3, 104.5, 38.4, 39.2, 
37.5, 40, 44.7, 46.8, 47, 53, 777, 39, 106, 163, 349, 1256, 795, 
373, 26, 155, 13, 1, 159, 6, 13, 1, 1, 3, 4, 28, 1, 100, 100, 
100, 100, 100, 100, 100, 100, 100, 100, 100, 2500, 2500, 2500, 
2500, 2500, 2500, 2500, 2500, 2500, 2500, 2500, 6597.232, 6680.398, 
6504.357, 6957.461, 6863.86699999999, 6893.242, 7188.356, 6925.94499999999, 
7066.189, 7029.62899999999, 7306.399, 1, 1, 1, 1, 1, 1, 1, 1, 
1, 1, 1, 0.16667, 0.16667, 0.16667, 0.16667, 0.16667, 0.16667, 
0.16667, 0.16667, 0.16667, 0.16667, 0.16667, 0, 0, 0, 0, 0, 0, 
0, 0, 0, 0, 0, 0, 0, 0, 0, 0, 0, 0, 0, 0, 0, 0, 0.95433, 0.95467, 
0.95054, 0.95836, 0.95785, 0.95756, 0.95722, 0.9571, 0.95711, 
0.95674, 0.95877, 0.95887, 0.95467, 0.95054, 0.95836, 0.95785, 
0.95756, 0.95722, 0.9571, 0.95711, 0.95674, 0.95877, 0.0168, 
0.0183, 0.0197, 0.0209, 0.0251, 0.0232, 0.0259, 0.027, 0.0283, 
0.0301, 0.033, 99.3, 106.6, 107.5, 112.3, 118.4, 124.5, 129.1, 
134, 139.2, 144.9, 149.9, 1, 1, 1, 1, 1, 1, 1, 1, 1, 1, 1, 1, 
1, 1, 1, 1, 1, 1, 1, 1, 1, 1, 1, 1, 1, 1, 1, 1, 1, 1, 1, 1, 1, 
1, 1, 1, 1, 1, 1, 1, 1, 1, 1, 1, 2.622, 2.704, 2.696, 2.772, 
2.76, 2.677, 2.762, 2.718, 2.658, 2.59, 2.733), .Dim = c(11L, 
40L), .Dimnames = list(NULL, c("Sampling", "PSO.cost", "PSO.gamma", 
"PSO.data.balancing", "PSO.feature.selection", "PSO.valid.acc", 
"PSO.test.acc", "PSO.train.time", "PSO.n.support.vectors", "PSO.index", 
"PSO.n.solutions", "PSO.generations", "PSO.n.evaluations", "PSO.cpu.time", 
"RS.cost", "RS.gamma", "RS.data.balancing", "RS.feature.selection", 
"RS.valid.acc", "RS.test.acc", "RS.train.time", "RS.n.support.vectors", 
"RS.index", "RS.n.solutions", "RS.generations", "RS.n.evaluations", 
"RS.cpu.time", "DF.cost", "DF.gamma", "DF.data.balancing", "DF.feature.selection", 
"DF.valid.acc", "DF.test.acc", "DF.train.time", "DF.n.support.vectors", 
"DF.index", "DF.n.solutions", "DF.generations", "DF.n.evaluations", 
"DF.cpu.time")))
