full <-
structure(c(50, 55, 60, 65, 70, 75, 80, 85, 90, 95, 100, 3.39803, 
1, 1, 1, 10.92955, 1, 15, 15, 13.30006, 12.57098, 15, -5.17847, 
0.16667, 0.16667, 0.16667, -6.45797, 0.16667, -8.05033, -8.09177, 
-7.54879, -7.26703, -8.52758, 0, 0, 0, 0, 0, 0, 0, 0, 0, 0, 0, 
0, 0, 0, 0, 0, 0, 0, 0, 0, 0, 0, 0.97251, 0.96683, 0.96166, 0.96477, 
0.97042, 0.96345, 0.96325, 0.97304, 0.97974, 0.9831, 0.98399, 
0.97251, 0.96683, 0.96166, 0.96477, 0.96063, 0.96345, 0.95761, 
0.96507, 0.97192, 0.98066, 0.98393, 0.015, 0.0174, 0.0201, 0.0196, 
0.0334, 0.0231, 0.1441, 0.1944, 0.0562, 0.0612, 0.1727, 64.5, 
100.8, 109.9, 111.7, 40, 125.2, 39.1, 39.7, 43.1, 46.2, 46.6, 
12, 1, 1, 1, 1624, 1, 272, 794, 304, 73, 1454, 540, 684, 866, 
771, 7, 764, 535, 149, 196, 434, 31, 100, 100, 100, 100, 100, 
100, 100, 100, 100, 100, 100, 2500, 2500, 2500, 2500, 2500, 2500, 
2500, 2500, 2500, 2500, 2500, 6650.5, 7011.917, 6947.431, 6959.09699999999, 
7094.12, 7015.19600000001, 9126.10000000001, 9042.397, 8453.32799999999, 
8763.99600000001, 7996.25, 3.05038, 1.42404, 0.68124, 3.5029, 
14.98348, 1.01497, 14.25503, 14.52704, 13.4189, 12.23577, 14.63258, 
-4.43964, -3.58383, -2.82211, -4.76639, -8.31717, -3.52764, -7.59753, 
-7.74916, -7.61429, -7.07236, -8.31819, 0, 0, 0, 0, 0, 0, 0, 
0, 0, 0, 0, 0, 0, 0, 0, 0, 0, 0, 0, 0, 0, 0, 0.97251, 0.96683, 
0.96166, 0.96477, 0.97042, 0.96345, 0.96047, 0.97034, 0.97974, 
0.9831, 0.98399, 0.96797, 0.96683, 0.96166, 0.96477, 0.96386, 
0.96345, 0.95761, 0.96764, 0.97192, 0.97822, 0.98393, 0.016, 
0.0161, 0.0183, 0.0177, 0.0879, 0.0226, 0.1086, 0.1639, 0.0622, 
0.0545, 0.1667, 55.1, 76.9, 93.5, 65.7, 34.7, 99.8, 39.5, 40.4, 
43.1, 46.5, 46.6, 10, 3, 4, 3, 353, 2, 71, 1532, 683, 681, 1762, 
62, 321, 326, 399, 5, 404, 6, 1, 5, 4, 1, 100, 100, 100, 100, 
100, 100, 100, 100, 100, 100, 100, 2500, 2500, 2500, 2500, 2500, 
2500, 2500, 2500, 2500, 2500, 2500, 6907.262, 6806.483, 6751.63200000001, 
6945.525, 6888.20100000001, 7093.85400000001, 7352.005, 7213.2, 
7322.62800000001, 7281.48699999999, 7123.356, 1, 1, 1, 1, 1, 
1, 1, 1, 1, 1, 1, 0.16667, 0.16667, 0.16667, 0.16667, 0.16667, 
0.16667, 0.16667, 0.16667, 0.16667, 0.16667, 0.16667, 0, 0, 0, 
0, 0, 0, 0, 0, 0, 0, 0, 0, 0, 0, 0, 0, 0, 0, 0, 0, 0, 0, 0.96797, 
0.96683, 0.96166, 0.96477, 0.96719, 0.96345, 0.9573, 0.95731, 
0.95704, 0.95696, 0.95877, 0.97251, 0.96683, 0.96166, 0.96477, 
0.96719, 0.96345, 0.9573, 0.95731, 0.95704, 0.95696, 0.95877, 
0.016, 0.0168, 0.0189, 0.0195, 0.0211, 0.0241, 0.0256, 0.027, 
0.0283, 0.0293, 0.0322, 94.8, 100.8, 109.9, 111.7, 119.1, 125.2, 
131.1, 135.2, 141.1, 144.7, 148.7, 1, 1, 1, 1, 1, 1, 1, 1, 1, 
1, 1, 1, 1, 1, 1, 1, 1, 1, 1, 1, 1, 1, 1, 1, 1, 1, 1, 1, 1, 1, 
1, 1, 1, 1, 1, 1, 1, 1, 1, 1, 1, 1, 1, 1, 2.656, 2.801, 2.746, 
2.645, 2.681, 2.774, 2.801, 2.83, 2.801, 2.566, 2.742), .Dim = c(11L, 
40L), .Dimnames = list(NULL, c("Sampling", "PSO.cost", "PSO.gamma", 
"PSO.data.balancing", "PSO.feature.selection", "PSO.valid.acc", 
"PSO.test.acc", "PSO.train.time", "PSO.n.support.vectors", "PSO.index", 
"PSO.n.solutions", "PSO.generations", "PSO.n.evaluations", "PSO.cpu.time", 
"RS.cost", "RS.gamma", "RS.data.balancing", "RS.feature.selection", 
"RS.valid.acc", "RS.test.acc", "RS.train.time", "RS.n.support.vectors", 
"RS.index", "RS.n.solutions", "RS.generations", "RS.n.evaluations", 
"RS.cpu.time", "DF.cost", "DF.gamma", "DF.data.balancing", "DF.feature.selection", 
"DF.valid.acc", "DF.test.acc", "DF.train.time", "DF.n.support.vectors", 
"DF.index", "DF.n.solutions", "DF.generations", "DF.n.evaluations", 
"DF.cpu.time")))
