full <-
structure(c(50, 55, 60, 65, 70, 75, 80, 85, 90, 95, 100, 13.452, 
1, 8.58632, 15, 11.44845, 13.57195, 15, 14.9259, 12.57798, 12.51023, 
15, -7.29691, 0.16667, -6.01661, -6.71391, -5.43748, -7.00095, 
-8.11628, -6.58024, -7.38702, -7.30903, -8.34459, 0, 0, 0, 0, 
0, 0, 0, 0, 0, 0, 0, 0, 0, 0, 0, 0, 0, 0, 0, 0, 0, 0, 0.9632, 
0.96317, 0.96952, 0.97229, 0.97386, 0.97262, 0.97722, 0.97859, 
0.97468, 0.98554, 0.98626, 0.93095, 0.96317, 0.95413, 0.958, 
0.97043, 0.96655, 0.97437, 0.97319, 0.97218, 0.98078, 0.98166, 
0.0284, 0.0174, 0.0193, 0.0659, 0.0309, 0.0629, 0.1004, 0.0922, 
0.0848, 0.0715, 0.1906, 29, 102.7, 42, 32.1, 40.9, 36.9, 36.8, 
41.1, 47.4, 47.1, 44.7, 645, 1, 110, 47, 332, 676, 410, 294, 
448, 318, 199, 38, 650, 93, 900, 588, 79, 364, 370, 106, 352, 
267, 100, 100, 100, 100, 100, 100, 100, 100, 100, 100, 100, 2500, 
2500, 2500, 2500, 2500, 2500, 2500, 2500, 2500, 2500, 2500, 6607.399, 
6410.896, 6424.623, 7208.799, 6768.706, 7334.588, 7653.421, 7870.93800000001, 
9199.899, 8746.52499999999, 8403.96900000001, 13.38703, 7.32178, 
6.47967, 12.34446, 12.37504, 11.8931, 13.11361, 14.95411, 12.74648, 
13.36734, 14.89262, -7.14214, -6.33399, -4.90347, -5.62839, -5.6816, 
-6.25513, -6.94442, -6.63909, -7.46341, -7.55363, -8.24457, 0, 
0, 0, 0, 0, 0, 0, 0, 0, 0, 0, 0, 0, 0, 0, 0, 0, 0, 0, 0, 0, 0, 
0.95866, 0.96317, 0.96952, 0.97217, 0.97386, 0.96959, 0.97437, 
0.97859, 0.97468, 0.98554, 0.98626, 0.9355, 0.96317, 0.95413, 
0.95099, 0.97043, 0.96637, 0.97437, 0.97319, 0.97218, 0.9831, 
0.98166, 0.0333, 0.0177, 0.0164, 0.0351, 0.0375, 0.0431, 0.058, 
0.0928, 0.0906, 0.09, 0.2181, 29.1, 46.7, 46.1, 36.1, 39.1, 39.8, 
37, 40.9, 47.3, 45.7, 44.3, 1483, 3, 154, 600, 2079, 114, 116, 
1771, 1672, 1248, 1147, 7, 258, 4, 1, 1, 15, 41, 1, 1, 4, 4, 
100, 100, 100, 100, 100, 100, 100, 100, 100, 100, 100, 2500, 
2500, 2500, 2500, 2500, 2500, 2500, 2500, 2500, 2500, 2500, 6186.849, 
6448.203, 6630.867, 6473.23699999999, 6336.269, 6970.72500000001, 
6629.038, 6931.955, 6759.735, 6871.48200000002, 6869.01300000001, 
1, 1, 1, 1, 1, 1, 1, 1, 1, 1, 1, 0.16667, 0.16667, 0.16667, 0.16667, 
0.16667, 0.16667, 0.16667, 0.16667, 0.16667, 0.16667, 0.16667, 
0, 0, 0, 0, 0, 0, 0, 0, 0, 0, 0, 0, 0, 0, 0, 0, 0, 0, 0, 0, 0, 
0, 0.94955, 0.96317, 0.95812, 0.9548, 0.95054, 0.95425, 0.95738, 
0.9596, 0.95942, 0.95917, 0.95893, 0.9539, 0.96317, 0.95812, 
0.9548, 0.95387, 0.95425, 0.95738, 0.9596, 0.95942, 0.95917, 
0.95893, 0.0161, 0.0168, 0.0184, 0.0194, 0.0206, 0.0232, 0.0252, 
0.0262, 0.0262, 0.0305, 0.031, 93.9, 102.7, 110.1, 113.3, 121.3, 
126.7, 132.4, 133.3, 136.3, 145.7, 148.1, 1, 1, 1, 1, 1, 1, 1, 
1, 1, 1, 1, 1, 1, 1, 1, 1, 1, 1, 1, 1, 1, 1, 1, 1, 1, 1, 1, 1, 
1, 1, 1, 1, 1, 1, 1, 1, 1, 1, 1, 1, 1, 1, 1, 1, 2.571, 2.526, 
2.437, 2.484, 2.348, 2.648, 2.656, 2.544, 2.407, 2.59, 2.575), .Dim = c(11L, 
40L), .Dimnames = list(NULL, c("Sampling", "PSO.cost", "PSO.gamma", 
"PSO.data.balancing", "PSO.feature.selection", "PSO.valid.acc", 
"PSO.test.acc", "PSO.train.time", "PSO.n.support.vectors", "PSO.index", 
"PSO.n.solutions", "PSO.generations", "PSO.n.evaluations", "PSO.cpu.time", 
"RS.cost", "RS.gamma", "RS.data.balancing", "RS.feature.selection", 
"RS.valid.acc", "RS.test.acc", "RS.train.time", "RS.n.support.vectors", 
"RS.index", "RS.n.solutions", "RS.generations", "RS.n.evaluations", 
"RS.cpu.time", "DF.cost", "DF.gamma", "DF.data.balancing", "DF.feature.selection", 
"DF.valid.acc", "DF.test.acc", "DF.train.time", "DF.n.support.vectors", 
"DF.index", "DF.n.solutions", "DF.generations", "DF.n.evaluations", 
"DF.cpu.time")))
