full <-
structure(c(50, 55, 60, 65, 70, 75, 80, 85, 90, 95, 100, 14.39891, 
13.80747, 12.61378, 15, 15, 9.11695, 9.91658, 15, 15, 13.80782, 
9.05334, -8.42992, -6.83565, -6.48297, -7.29739, -8.25944, -4.56329, 
-4.72833, -8.09454, -8.10327, -7.97328, -5.69603, 0, 0, 0, 0, 
0, 0, 0, 0, 0, 0, 0, 0, 0, 0, 0, 0, 0, 0, 0, 0, 0, 0, 0.96797, 
0.96699, 0.97749, 0.97179, 0.98344, 0.98484, 0.98578, 0.98385, 
0.97712, 0.9687, 0.98393, 0.93615, 0.95899, 0.97379, 0.96144, 
0.98688, 0.98172, 0.96603, 0.98107, 0.97462, 0.9687, 0.97262, 
0.041, 0.033, 0.0292, 0.0897, 0.1433, 0.0274, 0.032, 0.1629, 
0.142, 0.0919, 0.034, 30.2, 28.2, 31.2, 32.5, 37.5, 43, 42.9, 
39.4, 40.3, 45.3, 52.4, 10, 231, 103, 716, 92, 120, 1354, 1070, 
1634, 1673, 285, 159, 348, 380, 31, 765, 349, 17, 113, 1, 6, 
122, 100, 100, 100, 100, 100, 100, 100, 100, 100, 100, 100, 2500, 
2500, 2500, 2500, 2500, 2500, 2500, 2500, 2500, 2500, 2500, 7202.543, 
7173.797, 7064.804, 8477.395, 11890.736, 11218.429, 12269.473, 
12950.302, 13293.25, 12737.082, 8134.07999999999, 14.57401, 11.87295, 
11.66471, 10.86091, 12.64598, 7.92566, 13.32633, 12.60666, 14.952, 
10.31638, 12.83175, -8.52056, -6.1295, -5.99604, -5.46338, -7.08527, 
-4.14847, -6.05269, -7.128, -7.44803, -5.93252, -7.62307, 0, 
0, 0, 0, 0, 0, 0, 0, 0, 0, 0, 0, 0, 0, 0, 0, 0, 0, 0, 0, 0, 0, 
0.96797, 0.96699, 0.97379, 0.97179, 0.98344, 0.98484, 0.98301, 
0.98115, 0.97455, 0.9687, 0.98166, 0.93615, 0.95899, 0.97365, 
0.96157, 0.98355, 0.97869, 0.96896, 0.97837, 0.97462, 0.96626, 
0.96808, 0.0433, 0.0231, 0.024, 0.0251, 0.0583, 0.0261, 0.0592, 
0.0658, 0.1222, 0.0376, 0.068, 30.3, 29.6, 32, 36.5, 38.6, 46.9, 
37.3, 42.1, 37.5, 46.6, 49.3, 870, 473, 115, 659, 12, 1239, 792, 
8, 370, 1004, 730, 5, 9, 6, 1, 11, 1, 2, 20, 14, 1, 7, 100, 100, 
100, 100, 100, 100, 100, 100, 100, 100, 100, 2500, 2500, 2500, 
2500, 2500, 2500, 2500, 2500, 2500, 2500, 2500, 6938.625, 7008.39, 
7120.899, 8790.287, 10679.365, 11697.858, 11897.467, 11768.574, 
12328.862, 8986.571, 8392.28899999999, 1, 1, 1, 1, 1, 1, 1, 1, 
1, 1, 1, 0.16667, 0.16667, 0.16667, 0.16667, 0.16667, 0.16667, 
0.16667, 0.16667, 0.16667, 0.16667, 0.16667, 0, 0, 0, 0, 0, 0, 
0, 0, 0, 0, 0, 0, 0, 0, 0, 0, 0, 0, 0, 0, 0, 0, 0.9632, 0.95864, 
0.95809, 0.96133, 0.95742, 0.96049, 0.96039, 0.95703, 0.95692, 
0.95935, 0.95883, 0.95866, 0.96264, 0.95809, 0.96133, 0.95742, 
0.96049, 0.96039, 0.95703, 0.95692, 0.95935, 0.95883, 0.0166, 
0.0176, 0.0205, 0.0233, 0.0252, 0.0305, 0.0306, 0.0338, 0.034, 
0.032, 0.0323, 93.3, 98.3, 106.8, 112.5, 120, 125.3, 128.9, 136.4, 
138.8, 142.4, 148.6, 1, 1, 1, 1, 1, 1, 1, 1, 1, 1, 1, 1, 1, 1, 
1, 1, 1, 1, 1, 1, 1, 1, 1, 1, 1, 1, 1, 1, 1, 1, 1, 1, 1, 1, 1, 
1, 1, 1, 1, 1, 1, 1, 1, 1, 2.782, 2.84, 3.059, 3.932, 4.196, 
4.798, 4.566, 4.661, 4.528, 3.206, 3.04), .Dim = c(11L, 40L), .Dimnames = list(
    NULL, c("Sampling", "PSO.cost", "PSO.gamma", "PSO.data.balancing", 
    "PSO.feature.selection", "PSO.valid.acc", "PSO.test.acc", 
    "PSO.train.time", "PSO.n.support.vectors", "PSO.index", "PSO.n.solutions", 
    "PSO.generations", "PSO.n.evaluations", "PSO.cpu.time", "RS.cost", 
    "RS.gamma", "RS.data.balancing", "RS.feature.selection", 
    "RS.valid.acc", "RS.test.acc", "RS.train.time", "RS.n.support.vectors", 
    "RS.index", "RS.n.solutions", "RS.generations", "RS.n.evaluations", 
    "RS.cpu.time", "DF.cost", "DF.gamma", "DF.data.balancing", 
    "DF.feature.selection", "DF.valid.acc", "DF.test.acc", "DF.train.time", 
    "DF.n.support.vectors", "DF.index", "DF.n.solutions", "DF.generations", 
    "DF.n.evaluations", "DF.cpu.time")))
