full <-
structure(c(50, 55, 60, 65, 70, 75, 80, 85, 90, 95, 100, 1, 12.72796, 
15, 15, 13.21509, 15, 11.49212, 12.71704, 15, 15, 15, 0.16667, 
-4.88558, -8.16694, -7.32759, -5.04174, -6.79785, -4.60779, -7.24178, 
-8.55785, -8.5353, -7.87495, 0, 0, 0, 0, 0, 0, 0, 0, 0, 0, 0, 
0, 0, 0, 0, 0, 0, 0, 0, 0, 0, 0, 0.96834, 0.97517, 0.96952, 0.97167, 
0.97376, 0.98181, 0.97452, 0.98137, 0.98481, 0.98571, 0.97944, 
0.96834, 0.98767, 0.97336, 0.97525, 0.97366, 0.98181, 0.96611, 
0.98137, 0.97705, 0.98084, 0.97944, 0.0166, 0.0173, 0.0688, 0.0798, 
0.0233, 0.0657, 0.0261, 0.0512, 0.1403, 0.2382, 0.1998, 95.6, 
31.4, 29.2, 30.1, 37.3, 35.3, 40.5, 38.9, 41.7, 46.3, 40.8, 1, 
10, 426, 51, 27, 60, 62, 301, 149, 564, 2328, 484, 1501, 691, 
1171, 1403, 1410, 1016, 153, 178, 249, 1, 100, 100, 100, 100, 
100, 100, 100, 100, 100, 100, 100, 2500, 2500, 2500, 2500, 2500, 
2500, 2500, 2500, 2500, 2500, 2500, 6697.737, 6812.572, 7571.234, 
8061.84600000001, 6905.034, 7893.90700000001, 6806.595, 7942.05, 
8722.73, 9797.90699999999, 10129.781, 1.75601, 14.58968, 14.70077, 
14.44816, 10.29454, 14.68483, 10.47361, 12.06773, 14.34668, 14.12326, 
14.69368, -3.8777, -4.89926, -7.09532, -7.12244, -4.90823, -6.38514, 
-4.65133, -6.93681, -8.20082, -8.18078, -7.88554, 0, 0, 0, 0, 
0, 0, 0, 0, 0, 0, 0, 0, 0, 0, 0, 0, 0, 0, 0, 0, 0, 0, 0.96834, 
0.97517, 0.96567, 0.97167, 0.97376, 0.98181, 0.97452, 0.98137, 
0.98481, 0.98571, 0.97717, 0.96834, 0.98767, 0.97735, 0.97525, 
0.97366, 0.97878, 0.96611, 0.97873, 0.97705, 0.98084, 0.98171, 
0.0156, 0.018, 0.0484, 0.0638, 0.0223, 0.0533, 0.0265, 0.0472, 
0.1277, 0.1153, 0.1626, 67.6, 31.4, 28.3, 30.5, 37.8, 36.4, 40.7, 
40.2, 42, 47.2, 41.2, 26, 93, 257, 448, 26, 26, 33, 70, 259, 
1157, 875, 237, 85, 13, 2, 22, 34, 9, 2, 1, 1, 4, 100, 100, 100, 
100, 100, 100, 100, 100, 100, 100, 100, 2500, 2500, 2500, 2500, 
2500, 2500, 2500, 2500, 2500, 2500, 2500, 6813.161, 6828.326, 
6813.005, 6992.547, 7081.79700000001, 7171.91399999999, 7094.505, 
7135.735, 7100.93799999999, 7326.34599999999, 7448.95199999999, 
1, 1, 1, 1, 1, 1, 1, 1, 1, 1, 1, 0.16667, 0.16667, 0.16667, 0.16667, 
0.16667, 0.16667, 0.16667, 0.16667, 0.16667, 0.16667, 0.16667, 
0, 0, 0, 0, 0, 0, 0, 0, 0, 0, 0, 0, 0, 0, 0, 0, 0, 0, 0, 0, 0, 
0, 0.96834, 0.96283, 0.95826, 0.96108, 0.95473, 0.95756, 0.95436, 
0.95718, 0.95929, 0.95685, 0.95883, 0.96834, 0.96283, 0.95826, 
0.96108, 0.95473, 0.95756, 0.95436, 0.95718, 0.95929, 0.95685, 
0.95883, 0.0164, 0.0185, 0.0193, 0.0194, 0.0219, 0.0238, 0.0249, 
0.0261, 0.0291, 0.0312, 0.0322, 95.6, 100.5, 108.5, 112.9, 120.7, 
123.6, 130.6, 131.7, 138.5, 147.3, 146.5, 1, 1, 1, 1, 1, 1, 1, 
1, 1, 1, 1, 1, 1, 1, 1, 1, 1, 1, 1, 1, 1, 1, 1, 1, 1, 1, 1, 1, 
1, 1, 1, 1, 1, 1, 1, 1, 1, 1, 1, 1, 1, 1, 1, 1, 2.698, 2.763, 
2.749, 2.613, 2.681, 2.794, 2.694, 2.654, 2.769, 2.773, 2.75), .Dim = c(11L, 
40L), .Dimnames = list(NULL, c("Sampling", "PSO.cost", "PSO.gamma", 
"PSO.data.balancing", "PSO.feature.selection", "PSO.valid.acc", 
"PSO.test.acc", "PSO.train.time", "PSO.n.support.vectors", "PSO.index", 
"PSO.n.solutions", "PSO.generations", "PSO.n.evaluations", "PSO.cpu.time", 
"RS.cost", "RS.gamma", "RS.data.balancing", "RS.feature.selection", 
"RS.valid.acc", "RS.test.acc", "RS.train.time", "RS.n.support.vectors", 
"RS.index", "RS.n.solutions", "RS.generations", "RS.n.evaluations", 
"RS.cpu.time", "DF.cost", "DF.gamma", "DF.data.balancing", "DF.feature.selection", 
"DF.valid.acc", "DF.test.acc", "DF.train.time", "DF.n.support.vectors", 
"DF.index", "DF.n.solutions", "DF.generations", "DF.n.evaluations", 
"DF.cpu.time")))
