full <-
structure(c(50, 55, 60, 65, 70, 75, 80, 85, 90, 95, 100, 1.03692, 
15, 15, 10.06755, 15, 15, 15, 13.66929, 14.33525, 15, 9.75556, 
-2.07218, -9.62622, -7.30716, -5.00319, -8.20003, -7.24095, -8.54286, 
-7.61854, -7.93592, -8.48054, -5.99557, 0, 0, 0, 0, 0, 0, 0, 
0, 0, 0, 0, 0, 0, 0, 0, 0, 0, 0, 0, 0, 0, 0, 0.95966, 0.9623, 
0.98076, 0.97204, 0.97398, 0.98475, 0.97738, 0.97603, 0.97981, 
0.97846, 0.98409, 0.94994, 0.95397, 0.98031, 0.96145, 0.97075, 
0.98181, 0.98008, 0.97333, 0.97981, 0.97846, 0.98182, 0.0163, 
0.0714, 0.0525, 0.0223, 0.0929, 0.1295, 0.1049, 0.0728, 0.0787, 
0.1409, 0.0345, 94.3, 37.6, 29, 36.4, 33.7, 35.8, 40.5, 41.9, 
40.4, 44.2, 51.8, 221, 148, 185, 1711, 431, 44, 325, 1020, 219, 
123, 160, 116, 73, 499, 17, 448, 1380, 239, 17, 263, 64, 124, 
100, 100, 100, 100, 100, 100, 100, 100, 100, 100, 100, 2500, 
2500, 2500, 2500, 2500, 2500, 2500, 2500, 2500, 2500, 2500, 6424.748, 
6827.148, 6523.984, 7049.42099999999, 7801.162, 8216.708, 8297.927, 
7783.39600000001, 8164.95, 9043.84499999999, 7673.64500000002, 
-0.02083, 13.9218, 14.91252, 10.27547, 13.68411, 12.91198, 14.22701, 
11.12544, 14.83624, 14.64604, 9.32003, -1.87531, -9.0677, -7.24989, 
-5.15377, -7.77867, -6.81403, -8.15545, -6.33848, -8.22885, -7.65793, 
-5.74998, 0, 0, 0, 0, 0, 0, 0, 0, 0, 0, 0, 0, 0, 0, 0, 0, 0, 
0, 0, 0, 0, 0, 0.95966, 0.9623, 0.98076, 0.96847, 0.97075, 0.98475, 
0.9746, 0.9734, 0.97731, 0.97602, 0.98409, 0.95036, 0.95397, 
0.98031, 0.96145, 0.96085, 0.98181, 0.98008, 0.97596, 0.97724, 
0.97607, 0.98182, 0.0166, 0.0523, 0.0492, 0.0207, 0.05, 0.0696, 
0.077, 0.0359, 0.0938, 0.1501, 0.0334, 114.4, 37.2, 28.7, 36.4, 
35.4, 38.1, 40.7, 44.4, 40.4, 40.6, 52.8, 1109, 724, 188, 688, 
455, 14, 77, 336, 167, 4, 472, 5, 8, 5, 3, 1, 15, 2, 1, 1, 14, 
4, 100, 100, 100, 100, 100, 100, 100, 100, 100, 100, 100, 2500, 
2500, 2500, 2500, 2500, 2500, 2500, 2500, 2500, 2500, 2500, 6281.855, 
6250.066, 6246.469, 6592.248, 6734.844, 6549.084, 6820.81300000001, 
6881.478, 6858.935, 6852.69, 6874.40400000001, 1, 1, 1, 1, 1, 
1, 1, 1, 1, 1, 1, 0.16667, 0.16667, 0.16667, 0.16667, 0.16667, 
0.16667, 0.16667, 0.16667, 0.16667, 0.16667, 0.16667, 0, 0, 0, 
0, 0, 0, 0, 0, 0, 0, 0, 0, 0, 0, 0, 0, 0, 0, 0, 0, 0, 0, 0.9549, 
0.95814, 0.95766, 0.96158, 0.96441, 0.95719, 0.96023, 0.95718, 
0.95949, 0.95645, 0.95877, 0.95036, 0.95814, 0.95766, 0.96158, 
0.96441, 0.95719, 0.96023, 0.95718, 0.95949, 0.95645, 0.95877, 
0.0162, 0.0179, 0.0192, 0.0203, 0.0203, 0.0226, 0.0249, 0.0257, 
0.0275, 0.0308, 0.0315, 101.6, 108.8, 116, 117.1, 119.7, 128.7, 
130.4, 137.1, 139, 146.5, 147.2, 1, 1, 1, 1, 1, 1, 1, 1, 1, 1, 
1, 1, 1, 1, 1, 1, 1, 1, 1, 1, 1, 1, 1, 1, 1, 1, 1, 1, 1, 1, 1, 
1, 1, 1, 1, 1, 1, 1, 1, 1, 1, 1, 1, 1, 2.542, 2.475, 2.531, 2.607, 
2.452, 2.479, 2.598, 2.439, 2.631, 2.62, 2.617), .Dim = c(11L, 
40L), .Dimnames = list(NULL, c("Sampling", "PSO.cost", "PSO.gamma", 
"PSO.data.balancing", "PSO.feature.selection", "PSO.valid.acc", 
"PSO.test.acc", "PSO.train.time", "PSO.n.support.vectors", "PSO.index", 
"PSO.n.solutions", "PSO.generations", "PSO.n.evaluations", "PSO.cpu.time", 
"RS.cost", "RS.gamma", "RS.data.balancing", "RS.feature.selection", 
"RS.valid.acc", "RS.test.acc", "RS.train.time", "RS.n.support.vectors", 
"RS.index", "RS.n.solutions", "RS.generations", "RS.n.evaluations", 
"RS.cpu.time", "DF.cost", "DF.gamma", "DF.data.balancing", "DF.feature.selection", 
"DF.valid.acc", "DF.test.acc", "DF.train.time", "DF.n.support.vectors", 
"DF.index", "DF.n.solutions", "DF.generations", "DF.n.evaluations", 
"DF.cpu.time")))
