full <-
structure(c(50, 55, 60, 65, 70, 75, 80, 85, 90, 95, 100, 9.59325, 
13.95414, 14.28701, 7.94252, 15, 13.72725, 13.23325, 15, 14.19951, 
9.63253, 11.93029, -5.04352, -6.71723, -3.50563, -4.18962, -9.05289, 
-7.78559, -7.47174, -8.55217, -7.58821, -5.39012, -6.2713, 0, 
0, 0, 0, 0, 0, 0, 0, 0, 0, 0, 0, 0, 0, 0, 0, 0, 0, 0, 0, 0, 0, 
0.97291, 0.96333, 0.98077, 0.97906, 0.96386, 0.96959, 0.96292, 
0.97041, 0.98231, 0.98078, 0.98177, 0.96362, 0.96715, 0.96168, 
0.95099, 0.95397, 0.95764, 0.95427, 0.96002, 0.97212, 0.97584, 
0.98171, 0.0161, 0.0339, 0.0156, 0.0176, 0.0757, 0.0401, 0.0479, 
0.0817, 0.0761, 0.0322, 0.0673, 32.4, 28.3, 45.2, 40, 37.3, 34.8, 
37.8, 39.3, 37.4, 44.9, 43.8, 1367, 19, 225, 304, 88, 248, 499, 
296, 1165, 380, 80, 30, 1571, 1304, 591, 564, 261, 132, 226, 
39, 267, 850, 100, 100, 100, 100, 100, 100, 100, 100, 100, 100, 
100, 2500, 2500, 2500, 2500, 2500, 2500, 2500, 2500, 2500, 2500, 
2500, 6231.939, 6772.636, 6112.895, 6124.00399999999, 7117.224, 
6945.86900000001, 7348.734, 7804.81999999999, 7905.899, 6991.52499999999, 
8421.122, 9.61313, 14.25013, 13.79019, 7.86475, 13.50042, 14.35405, 
13.71105, 13.78208, 13.66666, 9.94634, 14.41386, -5.20019, -6.77841, 
-3.50196, -4.27882, -8.29028, -8.06404, -7.67741, -7.74056, -7.33389, 
-5.55208, -7.94196, 0, 0, 0, 0, 0, 0, 0, 0, 0, 0, 0, 0, 0, 0, 
0, 0, 0, 0, 0, 0, 0, 0, 0.96856, 0.96333, 0.98077, 0.97906, 0.96386, 
0.96959, 0.96292, 0.96778, 0.98231, 0.98078, 0.98177, 0.95886, 
0.96715, 0.96168, 0.95443, 0.95397, 0.95764, 0.95427, 0.96266, 
0.97212, 0.97584, 0.98171, 0.0165, 0.0388, 0.0153, 0.0169, 0.0446, 
0.0451, 0.0534, 0.0695, 0.0621, 0.0327, 0.157, 31.8, 28, 45.2, 
40.4, 37.6, 34.3, 37.3, 38.6, 38.1, 44.1, 43, 258, 114, 767, 
733, 166, 642, 764, 38, 1695, 1795, 37, 4, 20, 9, 3, 5, 2, 2, 
6, 1, 1, 25, 100, 100, 100, 100, 100, 100, 100, 100, 100, 100, 
100, 2500, 2500, 2500, 2500, 2500, 2500, 2500, 2500, 2500, 2500, 
2500, 6670.085, 6484.67, 6235.75, 6364.374, 6396.796, 6414.87300000001, 
6679.855, 7103.341, 7095.432, 7270.09500000002, 9070.04800000001, 
1, 1, 1, 1, 1, 1, 1, 1, 1, 1, 1, 0.16667, 0.16667, 0.16667, 0.16667, 
0.16667, 0.16667, 0.16667, 0.16667, 0.16667, 0.16667, 0.16667, 
0, 0, 0, 0, 0, 0, 0, 0, 0, 0, 0, 0, 0, 0, 0, 0, 0, 0, 0, 0, 0, 
0, 0.93674, 0.93814, 0.94644, 0.95099, 0.95387, 0.95764, 0.9568, 
0.95725, 0.95705, 0.95935, 0.95888, 0.93674, 0.9383, 0.94644, 
0.95099, 0.95408, 0.96077, 0.9568, 0.95725, 0.95705, 0.95935, 
0.95888, 0.0165, 0.0164, 0.0173, 0.0187, 0.0206, 0.0209, 0.0249, 
0.0272, 0.0285, 0.0317, 0.0345, 94, 100.7, 106.3, 110.2, 112.1, 
119, 125.8, 132.8, 139.1, 142.9, 150.1, 1, 1, 1, 1, 1, 1, 1, 
1, 1, 1, 1, 1, 1, 1, 1, 1, 1, 1, 1, 1, 1, 1, 1, 1, 1, 1, 1, 1, 
1, 1, 1, 1, 1, 1, 1, 1, 1, 1, 1, 1, 1, 1, 1, 1, 2.657, 2.532, 
2.435, 2.424, 2.548, 2.405, 2.648, 2.729, 2.746, 2.747, 3.599
), .Dim = c(11L, 40L), .Dimnames = list(NULL, c("Sampling", "PSO.cost", 
"PSO.gamma", "PSO.data.balancing", "PSO.feature.selection", "PSO.valid.acc", 
"PSO.test.acc", "PSO.train.time", "PSO.n.support.vectors", "PSO.index", 
"PSO.n.solutions", "PSO.generations", "PSO.n.evaluations", "PSO.cpu.time", 
"RS.cost", "RS.gamma", "RS.data.balancing", "RS.feature.selection", 
"RS.valid.acc", "RS.test.acc", "RS.train.time", "RS.n.support.vectors", 
"RS.index", "RS.n.solutions", "RS.generations", "RS.n.evaluations", 
"RS.cpu.time", "DF.cost", "DF.gamma", "DF.data.balancing", "DF.feature.selection", 
"DF.valid.acc", "DF.test.acc", "DF.train.time", "DF.n.support.vectors", 
"DF.index", "DF.n.solutions", "DF.generations", "DF.n.evaluations", 
"DF.cpu.time")))
