full <-
structure(c(50, 55, 60, 65, 70, 75, 80, 85, 90, 95, 100, 15, 
12.28113, 13.82403, 15, 10.97079, 15, 13.76645, 15, 15, 11.77001, 
13.34905, -5.14753, -6.14804, -7.35823, -6.71729, -5.63071, -7.52908, 
-7.80558, -8.29495, -8.02962, -6.6816, -7.76802, 0, 0, 0, 0, 
0, 0, 0, 0, 0, 0, 0, 0, 0, 0, 0, 0, 0, 0, 0, 0, 0, 0, 0.96342, 
0.96699, 0.97707, 0.9649, 0.97376, 0.96657, 0.98309, 0.97595, 
0.98231, 0.98328, 0.98399, 0.95823, 0.95396, 0.96952, 0.95062, 
0.97043, 0.95445, 0.98293, 0.96777, 0.97718, 0.98566, 0.97035, 
0.0178, 0.0285, 0.058, 0.0565, 0.0294, 0.1209, 0.0978, 0.1263, 
0.1556, 0.0529, 0.0842, 34.7, 31.8, 34.1, 33.2, 39.8, 33.9, 40.7, 
37.9, 37.4, 45, 46.9, 100, 20, 80, 64, 110, 145, 139, 295, 61, 
45, 611, 738, 517, 486, 1661, 672, 1710, 497, 165, 693, 701, 
47, 100, 100, 100, 100, 100, 100, 100, 100, 100, 100, 100, 2500, 
2500, 2500, 2500, 2500, 2500, 2500, 2500, 2500, 2500, 2500, 6093.903, 
6707.187, 6652.994, 6731.22900000001, 7336.814, 7942.351, 7346.41499999999, 
8220.567, 8164, 8346.758, 8020.84700000001, 12.05513, 14.54851, 
14.642, 14.60296, 13.52738, 14.82376, 12.64752, 13.98915, 14.28439, 
14.88944, 12.10827, -5.15382, -7.21012, -7.88903, -6.23549, -6.88245, 
-7.64087, -7.22021, -6.77406, -7.50398, -7.91325, -7.18357, 0, 
0, 0, 0, 0, 0, 0, 0, 0, 0, 0, 0, 0, 0, 0, 0, 0, 0, 0, 0, 0, 0, 
0.96342, 0.96699, 0.97707, 0.9649, 0.97376, 0.96657, 0.98309, 
0.97325, 0.98231, 0.98328, 0.98171, 0.95823, 0.95812, 0.96952, 
0.95062, 0.97043, 0.95445, 0.98293, 0.96769, 0.97462, 0.98328, 
0.97035, 0.0178, 0.0509, 0.0705, 0.0442, 0.056, 0.109, 0.0562, 
0.0757, 0.1926, 0.1957, 0.0628, 34.6, 29.3, 32.8, 34.8, 35.4, 
34, 40.6, 37.3, 37.8, 41.1, 49.1, 105, 1936, 124, 1, 17, 39, 
199, 263, 15, 286, 917, 2, 3, 16, 44, 18, 15, 9, 8, 14, 8, 1, 
100, 100, 100, 100, 100, 100, 100, 100, 100, 100, 100, 2500, 
2500, 2500, 2500, 2500, 2500, 2500, 2500, 2500, 2500, 2500, 6120.834, 
6528.473, 6211.216, 6246.536, 6517.571, 6729.43699999999, 6642.02899999999, 
6658.77600000001, 6753.45499999999, 6955.33299999998, 6921.50200000001, 
1, 1, 1, 1, 1, 1, 1, 1, 1, 1, 1, 0.16667, 0.16667, 0.16667, 0.16667, 
0.16667, 0.16667, 0.16667, 0.16667, 0.16667, 0.16667, 0.16667, 
0, 0, 0, 0, 0, 0, 0, 0, 0, 0, 0, 0, 0, 0, 0, 0, 0, 0, 0, 0, 0, 
0, 0.94002, 0.94232, 0.95043, 0.94766, 0.95127, 0.95436, 0.9514, 
0.95461, 0.95705, 0.95697, 0.95888, 0.94002, 0.93815, 0.95043, 
0.94409, 0.95127, 0.95436, 0.9514, 0.95461, 0.95705, 0.95697, 
0.95888, 0.0157, 0.0172, 0.0178, 0.0199, 0.0207, 0.0237, 0.0241, 
0.0256, 0.0268, 0.0292, 0.0308, 100.7, 107.4, 112, 118.8, 120.9, 
128, 131.2, 134.3, 138.7, 144.1, 149.1, 1, 1, 1, 1, 1, 1, 1, 
1, 1, 1, 1, 1, 1, 1, 1, 1, 1, 1, 1, 1, 1, 1, 1, 1, 1, 1, 1, 1, 
1, 1, 1, 1, 1, 1, 1, 1, 1, 1, 1, 1, 1, 1, 1, 1, 2.349, 2.396, 
2.381, 2.504, 2.446, 2.622, 2.562, 2.551, 2.54, 2.606, 2.518), .Dim = c(11L, 
40L), .Dimnames = list(NULL, c("Sampling", "PSO.cost", "PSO.gamma", 
"PSO.data.balancing", "PSO.feature.selection", "PSO.valid.acc", 
"PSO.test.acc", "PSO.train.time", "PSO.n.support.vectors", "PSO.index", 
"PSO.n.solutions", "PSO.generations", "PSO.n.evaluations", "PSO.cpu.time", 
"RS.cost", "RS.gamma", "RS.data.balancing", "RS.feature.selection", 
"RS.valid.acc", "RS.test.acc", "RS.train.time", "RS.n.support.vectors", 
"RS.index", "RS.n.solutions", "RS.generations", "RS.n.evaluations", 
"RS.cpu.time", "DF.cost", "DF.gamma", "DF.data.balancing", "DF.feature.selection", 
"DF.valid.acc", "DF.test.acc", "DF.train.time", "DF.n.support.vectors", 
"DF.index", "DF.n.solutions", "DF.generations", "DF.n.evaluations", 
"DF.cpu.time")))
