full <-
structure(c(50, 55, 60, 65, 70, 75, 80, 85, 90, 95, 100, 12.50212, 
11.05241, 14.74996, 10.25085, 14.1084, 5.08787, 13.73525, 14.36039, 
11.24852, 14.99982, 13.46455, -7.91889, -5.97517, -7.73939, -5.5875, 
-7.30913, -2.4593, -7.72942, -8.0925, -6.40542, -8.49697, -7.92583, 
0, 0, 0, 0, 0, 0, 0, 0, 0, 0, 0, 0, 0, 0, 0, 0, 0, 0, 0, 0, 0, 
0, 0.95411, 0.9585, 0.97721, 0.96515, 0.97688, 0.97593, 0.9773, 
0.98378, 0.98212, 0.98798, 0.98631, 0.91775, 0.95017, 0.96952, 
0.95468, 0.9672, 0.96666, 0.97437, 0.97575, 0.97699, 0.98316, 
0.98631, 0.0299, 0.0238, 0.0753, 0.0287, 0.0909, 0.0215, 0.0748, 
0.1044, 0.0517, 0.1377, 0.0885, 35.9, 34.3, 32.6, 39.7, 36.8, 
79.2, 40.5, 41.1, 46, 42.4, 46.7, 180, 570, 240, 391, 41, 16, 
76, 662, 220, 1763, 106, 87, 42, 447, 126, 673, 486, 765, 114, 
153, 4, 102, 100, 100, 100, 100, 100, 100, 100, 100, 100, 100, 
100, 2500, 2500, 2500, 2500, 2500, 2500, 2500, 2500, 2500, 2500, 
2500, 6589.716, 6691.378, 7353.122, 6741.603, 8625.937, 7360.595, 
8676.288, 9591.269, 8144.78200000001, 9760.32399999999, 9704.375, 
14.86121, 12.75943, 14.55075, 9.66728, 12.68362, 5.22192, 12.56453, 
14.56251, 11.95542, 13.17597, 13.25266, -6.95135, -6.76102, -7.70393, 
-5.26678, -6.70401, -2.60994, -7.22118, -7.98404, -6.77655, -7.56494, 
-7.83065, 0, 0, 0, 0, 0, 0, 0, 0, 0, 0, 0, 0, 0, 0, 0, 0, 0, 
0, 0, 0, 0, 0, 0.95368, 0.95433, 0.97721, 0.96515, 0.97688, 0.97593, 
0.9773, 0.98108, 0.98212, 0.98554, 0.98631, 0.94048, 0.95433, 
0.96952, 0.95825, 0.97043, 0.96978, 0.97722, 0.98108, 0.97699, 
0.98316, 0.98631, 0.0375, 0.0306, 0.0688, 0.0263, 0.0526, 0.0218, 
0.0511, 0.1133, 0.0577, 0.0809, 0.0839, 30, 31.7, 33.2, 40.3, 
38.7, 73.9, 43.3, 39.3, 45.4, 42.9, 46.9, 2167, 75, 1259, 142, 
124, 394, 70, 801, 1713, 829, 536, 1, 5, 1, 1, 4, 5, 14, 2, 1, 
2, 2, 100, 100, 100, 100, 100, 100, 100, 100, 100, 100, 100, 
2500, 2500, 2500, 2500, 2500, 2500, 2500, 2500, 2500, 2500, 2500, 
6255.598, 6472.804, 6516.398, 6894.925, 7396.527, 7449.239, 7596.62699999999, 
7682.226, 7797.40299999999, 7718.94399999999, 7670.59400000001, 
1, 1, 1, 1, 1, 1, 1, 1, 1, 1, 1, 0.16667, 0.16667, 0.16667, 0.16667, 
0.16667, 0.16667, 0.16667, 0.16667, 0.16667, 0.16667, 0.16667, 
0, 0, 0, 0, 0, 0, 0, 0, 0, 0, 0, 0, 0, 0, 0, 0, 0, 0, 0, 0, 0, 
0, 0.94524, 0.94599, 0.9507, 0.95431, 0.95086, 0.95471, 0.9546, 
0.95697, 0.95942, 0.96144, 0.95899, 0.93593, 0.94599, 0.9507, 
0.95086, 0.95086, 0.95471, 0.9546, 0.95697, 0.95942, 0.96144, 
0.95899, 0.0163, 0.0173, 0.0184, 0.0209, 0.0224, 0.0238, 0.0278, 
0.0267, 0.0303, 0.0302, 0.0322, 101.9, 107.7, 111.7, 115.8, 123.6, 
125.4, 133.6, 135.4, 139.7, 143.1, 146, 1, 1, 1, 1, 1, 1, 1, 
1, 1, 1, 1, 1, 1, 1, 1, 1, 1, 1, 1, 1, 1, 1, 1, 1, 1, 1, 1, 1, 
1, 1, 1, 1, 1, 1, 1, 1, 1, 1, 1, 1, 1, 1, 1, 1, 2.456, 2.521, 
2.513, 2.828, 2.865, 2.865, 2.952, 2.967, 2.922, 2.725, 2.842
), .Dim = c(11L, 40L), .Dimnames = list(NULL, c("Sampling", "PSO.cost", 
"PSO.gamma", "PSO.data.balancing", "PSO.feature.selection", "PSO.valid.acc", 
"PSO.test.acc", "PSO.train.time", "PSO.n.support.vectors", "PSO.index", 
"PSO.n.solutions", "PSO.generations", "PSO.n.evaluations", "PSO.cpu.time", 
"RS.cost", "RS.gamma", "RS.data.balancing", "RS.feature.selection", 
"RS.valid.acc", "RS.test.acc", "RS.train.time", "RS.n.support.vectors", 
"RS.index", "RS.n.solutions", "RS.generations", "RS.n.evaluations", 
"RS.cpu.time", "DF.cost", "DF.gamma", "DF.data.balancing", "DF.feature.selection", 
"DF.valid.acc", "DF.test.acc", "DF.train.time", "DF.n.support.vectors", 
"DF.index", "DF.n.solutions", "DF.generations", "DF.n.evaluations", 
"DF.cpu.time")))
