full <-
structure(c(50, 55, 60, 65, 70, 75, 80, 85, 90, 95, 100, 9.38911, 
1.45227, 10.07232, 3.91688, 11.32863, 9.3966, 9.58266, 15, 14.33225, 
11.10092, 15, -7.64273, -3.22733, -4.89493, -5.21204, -6.2923, 
-4.24392, -5.59359, -7.68568, -8.14911, -6.63751, -8.65982, 0, 
0, 0, 0, 0, 0, 0, 0, 0, 0, 0, 0, 0, 0, 0, 0, 0, 0, 0, 0, 0, 0, 
0.95057, 0.95033, 0.95083, 0.95204, 0.97065, 0.9697, 0.97436, 
0.97326, 0.98224, 0.98322, 0.98182, 0.94623, 0.94617, 0.95055, 
0.95204, 0.96419, 0.96061, 0.96023, 0.97852, 0.97731, 0.98089, 
0.98404, 0.0195, 0.0157, 0.021, 0.0177, 0.0335, 0.0248, 0.0294, 
0.1156, 0.0846, 0.0451, 0.1623, 49.3, 78.3, 39.5, 74.2, 41.3, 
48.2, 45.2, 38, 43.1, 48.9, 47, 4, 35, 1775, 5, 232, 77, 2395, 
193, 193, 216, 311, 509, 510, 3, 715, 513, 240, 1, 515, 177, 
46, 73, 100, 100, 100, 100, 100, 100, 100, 100, 100, 100, 100, 
2500, 2500, 2500, 2500, 2500, 2500, 2500, 2500, 2500, 2500, 2500, 
6218.815, 6259.996, 6298.52, 6633.931, 7100.268, 6801.283, 7210.29700000001, 
8291.38900000001, 8712.715, 9483.15299999999, 10193.948, 4.22542, 
4.93215, 7.36026, 0.71084, 10.4987, 8.72473, 12.18923, 13.79194, 
14.31094, 12.80436, 12.05297, -5.27644, -5.17199, -6.77091, -3.14926, 
-5.80378, -3.64291, -7.11814, -7.32343, -8.1296, -7.47791, -7.17374, 
0, 0, 0, 0, 0, 0, 0, 0, 0, 0, 0, 0, 0, 0, 0, 0, 0, 0, 0, 0, 0, 
0, 0.95057, 0.95033, 0.94998, 0.95204, 0.96752, 0.9697, 0.9715, 
0.97326, 0.98224, 0.98084, 0.97955, 0.94623, 0.95033, 0.94998, 
0.94846, 0.96086, 0.95758, 0.96579, 0.97582, 0.97731, 0.98089, 
0.98404, 0.0146, 0.0148, 0.0192, 0.0181, 0.0303, 0.0236, 0.0439, 
0.0886, 0.0848, 0.0674, 0.0627, 59.5, 57.4, 59.1, 99.1, 41.7, 
54.5, 43.3, 39.7, 43, 47.3, 49.1, 19, 56, 130, 3, 331, 797, 106, 
170, 433, 330, 45, 49, 61, 28, 183, 3, 4, 3, 5, 2, 13, 19, 100, 
100, 100, 100, 100, 100, 100, 100, 100, 100, 100, 2500, 2500, 
2500, 2500, 2500, 2500, 2500, 2500, 2500, 2500, 2500, 6297.958, 
6213.158, 6320.262, 6855.613, 6843.712, 6971.83, 7062.80499999999, 
7170.88, 7188.89700000001, 6945.56700000001, 6957.53100000002, 
1, 1, 1, 1, 1, 1, 1, 1, 1, 1, 1, 0.16667, 0.16667, 0.16667, 0.16667, 
0.16667, 0.16667, 0.16667, 0.16667, 0.16667, 0.16667, 0.16667, 
0, 0, 0, 0, 0, 0, 0, 0, 0, 0, 0, 0, 0, 0, 0, 0, 0, 0, 0, 0, 0, 
0, 0.94146, 0.94617, 0.94257, 0.9487, 0.94774, 0.94848, 0.9546, 
0.95704, 0.95699, 0.95691, 0.95899, 0.94146, 0.94617, 0.94627, 
0.94846, 0.94451, 0.94848, 0.9546, 0.95704, 0.95699, 0.95691, 
0.95899, 0.0155, 0.017, 0.0177, 0.0203, 0.0217, 0.0244, 0.0252, 
0.0269, 0.0292, 0.028, 0.0303, 97.4, 102.9, 109.4, 118.4, 121.4, 
126.4, 132.3, 136, 139.7, 142.5, 147.4, 1, 1, 1, 1, 1, 1, 1, 
1, 1, 1, 1, 1, 1, 1, 1, 1, 1, 1, 1, 1, 1, 1, 1, 1, 1, 1, 1, 1, 
1, 1, 1, 1, 1, 1, 1, 1, 1, 1, 1, 1, 1, 1, 1, 1, 2.465, 2.482, 
2.479, 2.687, 2.659, 2.724, 2.76, 2.723, 2.79, 2.546, 2.577), .Dim = c(11L, 
40L), .Dimnames = list(NULL, c("Sampling", "PSO.cost", "PSO.gamma", 
"PSO.data.balancing", "PSO.feature.selection", "PSO.valid.acc", 
"PSO.test.acc", "PSO.train.time", "PSO.n.support.vectors", "PSO.index", 
"PSO.n.solutions", "PSO.generations", "PSO.n.evaluations", "PSO.cpu.time", 
"RS.cost", "RS.gamma", "RS.data.balancing", "RS.feature.selection", 
"RS.valid.acc", "RS.test.acc", "RS.train.time", "RS.n.support.vectors", 
"RS.index", "RS.n.solutions", "RS.generations", "RS.n.evaluations", 
"RS.cpu.time", "DF.cost", "DF.gamma", "DF.data.balancing", "DF.feature.selection", 
"DF.valid.acc", "DF.test.acc", "DF.train.time", "DF.n.support.vectors", 
"DF.index", "DF.n.solutions", "DF.generations", "DF.n.evaluations", 
"DF.cpu.time")))
