full <-
structure(c(50, 55, 60, 65, 70, 75, 80, 85, 90, 95, 100, 1, 9.66011, 
15, 15, 15, 3.85184, 12.16008, 11.80155, 13.81114, 13.90878, 
13.41808, 0.16667, -6.81121, -8.99182, -7.66143, -7.85792, -3.70752, 
-6.0616, -6.47614, -7.34433, -7.79821, -8.10484, 0, 0, 0, 0, 
0, 0, 0, 0, 0, 0, 0, 0, 0, 0, 0, 0, 0, 0, 0, 0, 0, 0, 0.97184, 
0.96667, 0.9698, 0.96527, 0.96731, 0.96051, 0.97149, 0.98129, 
0.97712, 0.9831, 0.97489, 0.96232, 0.96667, 0.9658, 0.94754, 
0.96075, 0.95436, 0.963, 0.97852, 0.97705, 0.98066, 0.9658, 0.0182, 
0.0268, 0.1431, 0.0606, 0.0744, 0.0202, 0.0384, 0.0438, 0.095, 
0.1423, 0.131, 95.4, 38.1, 36.8, 31.3, 33.4, 64.8, 39.5, 42.6, 
39.5, 45.2, 50.3, 1, 4, 72, 385, 260, 504, 141, 43, 432, 476, 
1123, 514, 989, 244, 72, 311, 65, 908, 784, 161, 241, 10, 100, 
100, 100, 100, 100, 100, 100, 100, 100, 100, 100, 2500, 2500, 
2500, 2500, 2500, 2500, 2500, 2500, 2500, 2500, 2500, 6632.713, 
6807.901, 7565.07, 6753.962, 7135.374, 6791.75, 7248.386, 7499.656, 
8502.234, 9293.651, 9684.44, 13.77743, 8.95704, 13.40909, 14.41457, 
14.38573, 3.35308, 12.26015, 14.31543, 14.22011, 13.02722, 14.0331, 
-9.86422, -8.11656, -8.19445, -7.4095, -7.47719, -3.39766, -6.69588, 
-7.87941, -8.06633, -7.31479, -7.41988, 0, 0, 0, 0, 0, 0, 0, 
0, 0, 0, 0, 0, 0, 0, 0, 0, 0, 0, 0, 0, 0, 0, 0.97184, 0.96667, 
0.9698, 0.96527, 0.96731, 0.96051, 0.97149, 0.98129, 0.97712, 
0.98066, 0.97468, 0.97184, 0.96667, 0.9658, 0.94754, 0.96075, 
0.95436, 0.9661, 0.98393, 0.97462, 0.98066, 0.97706, 0.1165, 
0.0214, 0.0655, 0.0589, 0.059, 0.02, 0.0434, 0.0766, 0.0872, 
0.1098, 0.2234, 42.4, 61.5, 37, 32, 34.3, 70, 40.3, 40.5, 41.7, 
45.8, 42.9, 9, 10, 397, 2433, 68, 387, 124, 29, 1094, 2111, 55, 
292, 265, 8, 1, 6, 7, 5, 24, 1, 2, 39, 100, 100, 100, 100, 100, 
100, 100, 100, 100, 100, 100, 2500, 2500, 2500, 2500, 2500, 2500, 
2500, 2500, 2500, 2500, 2500, 6575.314, 6695.043, 6704.169, 6690.3, 
6716.05, 6911.787, 6979.78599999999, 6975.24399999999, 7423.03, 
7066.334, 7235.76799999998, 1, 1, 1, 1, 1, 1, 1, 1, 1, 1, 1, 
0.16667, 0.16667, 0.16667, 0.16667, 0.16667, 0.16667, 0.16667, 
0.16667, 0.16667, 0.16667, 0.16667, 0, 0, 0, 0, 0, 0, 0, 0, 0, 
0, 0, 0, 0, 0, 0, 0, 0, 0, 0, 0, 0, 0, 0.97184, 0.9625, 0.9661, 
0.96502, 0.9643, 0.95748, 0.96022, 0.95967, 0.95929, 0.959, 0.95877, 
0.96232, 0.96667, 0.9661, 0.96158, 0.9643, 0.95748, 0.96022, 
0.95967, 0.95929, 0.959, 0.95877, 0.0167, 0.0183, 0.0187, 0.0203, 
0.0216, 0.0239, 0.0247, 0.0257, 0.029, 0.029, 0.0337, 95.4, 104.6, 
108.4, 110.9, 116.6, 124.8, 126, 131.6, 136.7, 141.3, 147.6, 
1, 1, 1, 1, 1, 1, 1, 1, 1, 1, 1, 1, 1, 1, 1, 1, 1, 1, 1, 1, 1, 
1, 1, 1, 1, 1, 1, 1, 1, 1, 1, 1, 1, 1, 1, 1, 1, 1, 1, 1, 1, 1, 
1, 1, 2.598, 2.687, 2.544, 2.587, 2.573, 2.726, 2.676, 2.608, 
2.814, 2.653, 2.893), .Dim = c(11L, 40L), .Dimnames = list(NULL, 
    c("Sampling", "PSO.cost", "PSO.gamma", "PSO.data.balancing", 
    "PSO.feature.selection", "PSO.valid.acc", "PSO.test.acc", 
    "PSO.train.time", "PSO.n.support.vectors", "PSO.index", "PSO.n.solutions", 
    "PSO.generations", "PSO.n.evaluations", "PSO.cpu.time", "RS.cost", 
    "RS.gamma", "RS.data.balancing", "RS.feature.selection", 
    "RS.valid.acc", "RS.test.acc", "RS.train.time", "RS.n.support.vectors", 
    "RS.index", "RS.n.solutions", "RS.generations", "RS.n.evaluations", 
    "RS.cpu.time", "DF.cost", "DF.gamma", "DF.data.balancing", 
    "DF.feature.selection", "DF.valid.acc", "DF.test.acc", "DF.train.time", 
    "DF.n.support.vectors", "DF.index", "DF.n.solutions", "DF.generations", 
    "DF.n.evaluations", "DF.cpu.time")))
