full <-
structure(c(50, 55, 60, 65, 70, 75, 80, 85, 90, 95, 100, 3.91141, 
13.49584, 10.01391, 1, 14.99522, 14.9675, 15, 12.90478, 10.74915, 
14.14907, 12.24967, -2.97242, -8.50544, -6.15282, 0.16667, -7.47939, 
-7.76315, -7.8577, -7.23412, -5.92059, -7.53507, -6.96358, 0, 
0, 0, 0, 0, 0, 0, 0, 0, 0, 0, 0, 0, 0, 0, 0, 0, 0, 0, 0, 0, 0, 
0.97226, 0.96765, 0.96966, 0.96489, 0.96763, 0.99081, 0.98579, 
0.98378, 0.98744, 0.9856, 0.98171, 0.9586, 0.96696, 0.96952, 
0.96489, 0.97731, 0.99081, 0.97722, 0.98649, 0.97974, 0.98316, 
0.98182, 0.016, 0.053, 0.021, 0.0213, 0.0731, 0.0838, 0.1621, 
0.0518, 0.049, 0.1242, 0.0807, 57, 33.3, 35.1, 114, 30.6, 31.6, 
35.5, 39.5, 43.9, 38, 47.8, 424, 1576, 160, 1, 128, 455, 102, 
134, 237, 11, 34, 379, 2, 126, 799, 417, 53, 616, 353, 963, 691, 
854, 100, 100, 100, 100, 100, 100, 100, 100, 100, 100, 100, 2500, 
2500, 2500, 2500, 2500, 2500, 2500, 2500, 2500, 2500, 2500, 7058, 
7109.376, 7217.543, 7088.437, 7519.684, 8264.886, 8700.477, 7931.599, 
7921.276, 8655.51799999998, 8451.80399999997, 4.2683, 13.45152, 
10.1481, 6.27372, 13.49642, 13.14424, 14.38927, 13.92071, 11.66421, 
13.57188, 13.64151, -3.14334, -8.48759, -6.23608, -5.82181, -6.60083, 
-7.0984, -7.65489, -7.68169, -6.20087, -7.51413, -7.46575, 0, 
0, 0, 0, 0, 0, 0, 0, 0, 0, 0, 0, 0, 0, 0, 0, 0, 0, 0, 0, 0, 0, 
0.96791, 0.96765, 0.96966, 0.96489, 0.96763, 0.98778, 0.98579, 
0.98378, 0.98744, 0.9856, 0.98171, 0.9586, 0.96696, 0.96952, 
0.96489, 0.97086, 0.98172, 0.97722, 0.98649, 0.97974, 0.9784, 
0.98182, 0.0149, 0.0467, 0.0207, 0.0234, 0.0427, 0.0464, 0.0884, 
0.0783, 0.0643, 0.1031, 0.1267, 53.3, 33.3, 35.2, 53.4, 31.4, 
34.1, 37, 39, 43.1, 40.5, 43.2, 494, 2351, 158, 7, 404, 6, 297, 
71, 805, 93, 217, 2, 1, 6, 352, 3, 7, 3, 9, 5, 25, 32, 100, 100, 
100, 100, 100, 100, 100, 100, 100, 100, 100, 2500, 2500, 2500, 
2500, 2500, 2500, 2500, 2500, 2500, 2500, 2500, 6756.282, 7167.378, 
6910.159, 7021.554, 7184.34899999999, 7342.611, 6864.864, 7176.35800000001, 
7523.80199999998, 7427.24099999998, 6933.58499999999, 1, 1, 1, 
1, 1, 1, 1, 1, 1, 1, 1, 0.16667, 0.16667, 0.16667, 0.16667, 0.16667, 
0.16667, 0.16667, 0.16667, 0.16667, 0.16667, 0.16667, 0, 0, 0, 
0, 0, 0, 0, 0, 0, 0, 0, 0, 0, 0, 0, 0, 0, 0, 0, 0, 0, 0, 0.95777, 
0.96696, 0.96182, 0.96489, 0.96419, 0.96648, 0.9631, 0.96245, 
0.96474, 0.96156, 0.95893, 0.95819, 0.96696, 0.96182, 0.96489, 
0.96419, 0.96648, 0.9631, 0.96245, 0.96474, 0.96156, 0.95893, 
0.0168, 0.0197, 0.0186, 0.0209, 0.0229, 0.023, 0.0243, 0.0272, 
0.0297, 0.0332, 0.0312, 98, 103.9, 107.6, 114, 120, 120.5, 128.7, 
132, 132.9, 142, 146.8, 1, 1, 1, 1, 1, 1, 1, 1, 1, 1, 1, 1, 1, 
1, 1, 1, 1, 1, 1, 1, 1, 1, 1, 1, 1, 1, 1, 1, 1, 1, 1, 1, 1, 1, 
1, 1, 1, 1, 1, 1, 1, 1, 1, 1, 2.733, 3.055, 2.636, 2.626, 2.822, 
2.661, 2.573, 2.819, 2.886, 2.872, 2.592), .Dim = c(11L, 40L), .Dimnames = list(
    NULL, c("Sampling", "PSO.cost", "PSO.gamma", "PSO.data.balancing", 
    "PSO.feature.selection", "PSO.valid.acc", "PSO.test.acc", 
    "PSO.train.time", "PSO.n.support.vectors", "PSO.index", "PSO.n.solutions", 
    "PSO.generations", "PSO.n.evaluations", "PSO.cpu.time", "RS.cost", 
    "RS.gamma", "RS.data.balancing", "RS.feature.selection", 
    "RS.valid.acc", "RS.test.acc", "RS.train.time", "RS.n.support.vectors", 
    "RS.index", "RS.n.solutions", "RS.generations", "RS.n.evaluations", 
    "RS.cpu.time", "DF.cost", "DF.gamma", "DF.data.balancing", 
    "DF.feature.selection", "DF.valid.acc", "DF.test.acc", "DF.train.time", 
    "DF.n.support.vectors", "DF.index", "DF.n.solutions", "DF.generations", 
    "DF.n.evaluations", "DF.cpu.time")))
