full <-
structure(c(50, 55, 60, 65, 70, 75, 80, 85, 90, 95, 100, 1, 2.21349, 
4.4982, 15, 7.67389, 12.28189, 15, 11.31788, 13.74827, 14.87879, 
14.57517, 0.16667, -3.78025, -5.66299, -6.09907, -3.74258, -7.17649, 
-7.75187, -6.64572, -7.58914, -8.38123, -8.46677, 0, 0, 0, 0, 
0, 0, 0, 0, 0, 0, 0, 0, 0, 0, 0, 0, 0, 0, 0, 0, 0, 0, 0.97292, 
0.95833, 0.95826, 0.97536, 0.97032, 0.97254, 0.98, 0.97596, 0.97981, 
0.98078, 0.98636, 0.97292, 0.95833, 0.95826, 0.96477, 0.96065, 
0.96951, 0.98, 0.97326, 0.97487, 0.98554, 0.97955, 0.0169, 0.0157, 
0.0165, 0.0272, 0.018, 0.0343, 0.0864, 0.0394, 0.0753, 0.1267, 
0.1117, 92.9, 65.9, 64.6, 31.5, 42.6, 36.7, 33, 41.4, 41.3, 44.2, 
46.9, 1, 26, 10, 49, 1178, 72, 282, 446, 97, 484, 764, 598, 1284, 
875, 1407, 34, 277, 611, 89, 295, 164, 125, 100, 100, 100, 100, 
100, 100, 100, 100, 100, 100, 100, 2500, 2500, 2500, 2500, 2500, 
2500, 2500, 2500, 2500, 2500, 2500, 6407.421, 6709.639, 6742.156, 
7011.03000000001, 7122.79900000001, 7381.23699999999, 7733.905, 
6968.74100000001, 8099.175, 9013.69300000001, 8993.29200000002, 
0.79298, 2.16472, 7.09148, 14.92928, 7.5709, 14.11379, 13.60922, 
11.86126, 12.49667, 14.82274, 14.54701, -2.13815, -3.55555, -6.94659, 
-6.29442, -3.73422, -7.97374, -7.21394, -6.86641, -7.03543, -8.33048, 
-8.40899, 0, 0, 0, 0, 0, 0, 0, 0, 0, 0, 0, 0, 0, 0, 0, 0, 0, 
0, 0, 0, 0, 0, 0.97292, 0.95833, 0.95826, 0.97536, 0.97032, 0.97254, 
0.98, 0.97596, 0.97981, 0.98078, 0.98636, 0.97292, 0.95833, 0.95826, 
0.96477, 0.96065, 0.96951, 0.98, 0.97326, 0.97737, 0.98554, 0.97955, 
0.0157, 0.0163, 0.0183, 0.0294, 0.0184, 0.0574, 0.0547, 0.0483, 
0.0532, 0.1436, 0.1157, 86.4, 65.8, 59.4, 31.2, 42.7, 35.7, 34.7, 
41.2, 42.9, 43.4, 46.8, 35, 77, 16, 179, 1601, 6, 631, 462, 258, 
599, 2451, 184, 41, 204, 15, 1, 21, 6, 3, 5, 3, 1, 100, 100, 
100, 100, 100, 100, 100, 100, 100, 100, 100, 2500, 2500, 2500, 
2500, 2500, 2500, 2500, 2500, 2500, 2500, 2500, 6872.577, 6650.038, 
6851.951, 6840.601, 6966.815, 7180.359, 7146.03499999999, 7171.277, 
7370.91799999999, 7013.269, 7316.42300000001, 1, 1, 1, 1, 1, 
1, 1, 1, 1, 1, 1, 0.16667, 0.16667, 0.16667, 0.16667, 0.16667, 
0.16667, 0.16667, 0.16667, 0.16667, 0.16667, 0.16667, 0, 0, 0, 
0, 0, 0, 0, 0, 0, 0, 0, 0, 0, 0, 0, 0, 0, 0, 0, 0, 0, 0, 0.97292, 
0.95417, 0.95442, 0.95455, 0.95784, 0.95739, 0.96286, 0.95982, 
0.95692, 0.95894, 0.95893, 0.97292, 0.95833, 0.95442, 0.95455, 
0.95784, 0.96051, 0.96286, 0.95982, 0.95692, 0.95894, 0.95893, 
0.016, 0.0166, 0.0203, 0.0223, 0.0211, 0.0238, 0.0246, 0.0283, 
0.0274, 0.0297, 0.0309, 92.9, 101, 106.2, 113.5, 118.1, 120.9, 
126.3, 134.4, 139.5, 141.7, 147.2, 1, 1, 1, 1, 1, 1, 1, 1, 1, 
1, 1, 1, 1, 1, 1, 1, 1, 1, 1, 1, 1, 1, 1, 1, 1, 1, 1, 1, 1, 1, 
1, 1, 1, 1, 1, 1, 1, 1, 1, 1, 1, 1, 1, 1, 2.606, 2.533, 2.738, 
2.811, 2.586, 2.812, 2.702, 2.82, 2.656, 2.585, 2.603), .Dim = c(11L, 
40L), .Dimnames = list(NULL, c("Sampling", "PSO.cost", "PSO.gamma", 
"PSO.data.balancing", "PSO.feature.selection", "PSO.valid.acc", 
"PSO.test.acc", "PSO.train.time", "PSO.n.support.vectors", "PSO.index", 
"PSO.n.solutions", "PSO.generations", "PSO.n.evaluations", "PSO.cpu.time", 
"RS.cost", "RS.gamma", "RS.data.balancing", "RS.feature.selection", 
"RS.valid.acc", "RS.test.acc", "RS.train.time", "RS.n.support.vectors", 
"RS.index", "RS.n.solutions", "RS.generations", "RS.n.evaluations", 
"RS.cpu.time", "DF.cost", "DF.gamma", "DF.data.balancing", "DF.feature.selection", 
"DF.valid.acc", "DF.test.acc", "DF.train.time", "DF.n.support.vectors", 
"DF.index", "DF.n.solutions", "DF.generations", "DF.n.evaluations", 
"DF.cpu.time")))
