full <-
structure(c(50, 55, 60, 65, 70, 75, 80, 85, 90, 95, 100, 12.20142, 
13.09408, 14.78637, 15, 14.39964, 12.47839, 14.75252, 13.7848, 
15, 14.82271, 14.43604, -9.51706, -7.07214, -7.4378, -8.40772, 
-7.58223, -6.68604, -8.23199, -7.70781, -8.34495, -7.65862, -8.31707, 
0, 0, 0, 0, 0, 0, 0, 0, 0, 0, 0, 0, 0, 0, 0, 0, 0, 0, 0, 0, 0, 
0, 0.96818, 0.996, 0.98077, 0.98238, 0.97097, 0.96675, 0.97722, 
0.97603, 0.98231, 0.97613, 0.98631, 0.96818, 0.996, 0.98077, 
0.97191, 0.96118, 0.96372, 0.98, 0.9734, 0.97474, 0.97375, 0.98631, 
0.0325, 0.0509, 0.0835, 0.0725, 0.0959, 0.0411, 0.0999, 0.0888, 
0.1657, 0.1325, 0.1223, 49.2, 33.2, 30.7, 34, 36.7, 38.4, 40.7, 
41.6, 41.7, 39.9, 45.3, 20, 17, 19, 407, 145, 304, 857, 189, 
485, 165, 435, 657, 1250, 1416, 79, 194, 274, 127, 729, 144, 
763, 176, 100, 100, 100, 100, 100, 100, 100, 100, 100, 100, 100, 
2500, 2500, 2500, 2500, 2500, 2500, 2500, 2500, 2500, 2500, 2500, 
6300.822, 7032.282, 7511.595, 7583.203, 7201.675, 6769.715, 7654.503, 
8065.425, 8907.861, 7657.40000000001, 8996.40699999998, 3.67009, 
14.67168, 13.61569, 14.33212, 14.32064, 12.4976, 9.14993, 14.72216, 
14.84846, 12.30707, 14.28489, -5.3527, -7.77918, -7.21607, -8.07697, 
-7.5757, -6.69641, -5.35524, -8.11727, -8.25617, -6.56989, -8.38564, 
0, 0, 0, 0, 0, 0, 0, 0, 0, 0, 0, 0, 0, 0, 0, 0, 0, 0, 0, 0, 0, 
0, 0.96818, 0.996, 0.98077, 0.98238, 0.97097, 0.96675, 0.97714, 
0.97603, 0.98231, 0.97613, 0.98404, 0.96818, 0.996, 0.98077, 
0.97191, 0.96118, 0.96372, 0.97142, 0.9734, 0.97724, 0.97137, 
0.98399, 0.0145, 0.0836, 0.0553, 0.0607, 0.0922, 0.0419, 0.024, 
0.1188, 0.1661, 0.0595, 0.1159, 60.8, 32.5, 31.7, 34.5, 36.6, 
38.4, 45.7, 40.9, 42.2, 42.9, 46.4, 4, 165, 170, 904, 870, 1422, 
273, 725, 481, 204, 1797, 160, 13, 7, 2, 2, 3, 1, 6, 1, 14, 1, 
100, 100, 100, 100, 100, 100, 100, 100, 100, 100, 100, 2500, 
2500, 2500, 2500, 2500, 2500, 2500, 2500, 2500, 2500, 2500, 6152.624, 
6383.992, 6450.812, 6630.061, 6390.32399999999, 6465.391, 7043.26400000001, 
6831.523, 6728.481, 6735.36300000001, 7052.25499999998, 1, 1, 
1, 1, 1, 1, 1, 1, 1, 1, 1, 0.16667, 0.16667, 0.16667, 0.16667, 
0.16667, 0.16667, 0.16667, 0.16667, 0.16667, 0.16667, 0.16667, 
0, 0, 0, 0, 0, 0, 0, 0, 0, 0, 0, 0, 0, 0, 0, 0, 0, 0, 0, 0, 0, 
0, 0.96364, 0.95867, 0.95812, 0.9543, 0.95129, 0.95141, 0.95435, 
0.95448, 0.95712, 0.95935, 0.95888, 0.96818, 0.95867, 0.95812, 
0.9543, 0.95129, 0.95141, 0.95435, 0.95448, 0.95712, 0.95935, 
0.95888, 0.0159, 0.0173, 0.0175, 0.0196, 0.0202, 0.0225, 0.0254, 
0.0268, 0.0267, 0.0286, 0.0315, 92.6, 102, 107.1, 115.6, 121.7, 
126.9, 133.6, 139, 140.8, 141.7, 149.7, 1, 1, 1, 1, 1, 1, 1, 
1, 1, 1, 1, 1, 1, 1, 1, 1, 1, 1, 1, 1, 1, 1, 1, 1, 1, 1, 1, 1, 
1, 1, 1, 1, 1, 1, 1, 1, 1, 1, 1, 1, 1, 1, 1, 1, 2.396, 2.515, 
2.612, 2.486, 2.337, 2.53, 2.616, 2.64, 2.449, 2.442, 2.678), .Dim = c(11L, 
40L), .Dimnames = list(NULL, c("Sampling", "PSO.cost", "PSO.gamma", 
"PSO.data.balancing", "PSO.feature.selection", "PSO.valid.acc", 
"PSO.test.acc", "PSO.train.time", "PSO.n.support.vectors", "PSO.index", 
"PSO.n.solutions", "PSO.generations", "PSO.n.evaluations", "PSO.cpu.time", 
"RS.cost", "RS.gamma", "RS.data.balancing", "RS.feature.selection", 
"RS.valid.acc", "RS.test.acc", "RS.train.time", "RS.n.support.vectors", 
"RS.index", "RS.n.solutions", "RS.generations", "RS.n.evaluations", 
"RS.cpu.time", "DF.cost", "DF.gamma", "DF.data.balancing", "DF.feature.selection", 
"DF.valid.acc", "DF.test.acc", "DF.train.time", "DF.n.support.vectors", 
"DF.index", "DF.n.solutions", "DF.generations", "DF.n.evaluations", 
"DF.cpu.time")))
