full <-
structure(c(50, 55, 60, 65, 70, 75, 80, 85, 90, 95, 100, 1, 1, 
15, 9.69288, 7.17045, 8.53864, 9.98539, 9.81746, 12.70331, 13.757, 
11.47086, 0.16667, 0.16667, -7.26658, -4.76769, -3.95053, -4.29423, 
-5.52815, -5.44197, -6.93911, -7.76433, -6.64594, 0, 0, 0, 0, 
0, 0, 0, 0, 0, 0, 0, 0, 0, 0, 0, 0, 0, 0, 0, 0, 0, 0, 0.96895, 
0.96265, 0.97365, 0.9686, 0.98677, 0.97574, 0.97143, 0.97595, 
0.98743, 0.97857, 0.98636, 0.96895, 0.96265, 0.95411, 0.95099, 
0.95751, 0.96683, 0.96857, 0.98114, 0.98743, 0.96411, 0.98409, 
0.0175, 0.0186, 0.0438, 0.0218, 0.0191, 0.0219, 0.028, 0.0349, 
0.0773, 0.0779, 0.0569, 92.3, 99.5, 29.2, 38.4, 47.1, 46.7, 42.5, 
45.8, 43.4, 42.9, 47.6, 1, 1, 869, 372, 43, 530, 1565, 138, 19, 
137, 92, 238, 502, 49, 107, 509, 72, 8, 460, 629, 88, 310, 100, 
100, 100, 100, 100, 100, 100, 100, 100, 100, 100, 2500, 2500, 
2500, 2500, 2500, 2500, 2500, 2500, 2500, 2500, 2500, 6942.571, 
7023.864, 7209.38, 6999.654, 8015.468, 7495.04400000001, 7131.147, 
7599.54300000001, 8075.34699999999, 8715.34700000001, 8425.304, 
5.65198, 0.18545, 14.95412, 10.13811, 10.63565, 13.66217, 8.73458, 
11.50298, 10.688, 13.19309, 13.37865, -6.38183, -3.2839, -7.17978, 
-5.16164, -5.90764, -7.35963, -5.00783, -6.29576, -5.57301, -7.49313, 
-7.47288, 0, 0, 0, 0, 0, 0, 0, 0, 0, 0, 0, 0, 0, 0, 0, 0, 0, 
0, 0, 0, 0, 0, 0.96895, 0.96265, 0.9698, 0.9686, 0.98677, 0.97271, 
0.96865, 0.97595, 0.98743, 0.97857, 0.98636, 0.96895, 0.96265, 
0.95795, 0.94741, 0.97344, 0.97896, 0.96857, 0.98114, 0.98743, 
0.96411, 0.98409, 0.0152, 0.0169, 0.0444, 0.0221, 0.0256, 0.06, 
0.0238, 0.0463, 0.0453, 0.0749, 0.0969, 55.7, 93.9, 29.3, 36.6, 
37, 37, 45.8, 42.2, 45.1, 43.5, 44.5, 8, 7, 1569, 593, 66, 651, 
296, 35, 44, 712, 428, 107, 234, 1, 1, 9, 3, 9, 20, 30, 2, 13, 
100, 100, 100, 100, 100, 100, 100, 100, 100, 100, 100, 2500, 
2500, 2500, 2500, 2500, 2500, 2500, 2500, 2500, 2500, 2500, 6792.384, 
7152.314, 7028.197, 7045.674, 7128.315, 6976.311, 6961.54000000001, 
7287.01300000001, 7392.58, 7270.747, 7549.72, 1, 1, 1, 1, 1, 
1, 1, 1, 1, 1, 1, 0.16667, 0.16667, 0.16667, 0.16667, 0.16667, 
0.16667, 0.16667, 0.16667, 0.16667, 0.16667, 0.16667, 0, 0, 0, 
0, 0, 0, 0, 0, 0, 0, 0, 0, 0, 0, 0, 0, 0, 0, 0, 0, 0, 0, 0.96895, 
0.96265, 0.96166, 0.95776, 0.95794, 0.95452, 0.95722, 0.96017, 
0.96217, 0.96173, 0.95888, 0.96895, 0.96265, 0.96166, 0.95776, 
0.95794, 0.95452, 0.95722, 0.96017, 0.96217, 0.96173, 0.95888, 
0.0164, 0.0187, 0.019, 0.0199, 0.021, 0.0239, 0.0248, 0.0262, 
0.0278, 0.0311, 0.034, 92.3, 99.5, 103.7, 112.2, 118.7, 122.3, 
126.6, 133.2, 134.7, 140.5, 147, 1, 1, 1, 1, 1, 1, 1, 1, 1, 1, 
1, 1, 1, 1, 1, 1, 1, 1, 1, 1, 1, 1, 1, 1, 1, 1, 1, 1, 1, 1, 1, 
1, 1, 1, 1, 1, 1, 1, 1, 1, 1, 1, 1, 1, 2.747, 2.853, 2.694, 2.686, 
2.809, 2.8, 2.787, 2.879, 2.829, 2.867, 2.94), .Dim = c(11L, 
40L), .Dimnames = list(NULL, c("Sampling", "PSO.cost", "PSO.gamma", 
"PSO.data.balancing", "PSO.feature.selection", "PSO.valid.acc", 
"PSO.test.acc", "PSO.train.time", "PSO.n.support.vectors", "PSO.index", 
"PSO.n.solutions", "PSO.generations", "PSO.n.evaluations", "PSO.cpu.time", 
"RS.cost", "RS.gamma", "RS.data.balancing", "RS.feature.selection", 
"RS.valid.acc", "RS.test.acc", "RS.train.time", "RS.n.support.vectors", 
"RS.index", "RS.n.solutions", "RS.generations", "RS.n.evaluations", 
"RS.cpu.time", "DF.cost", "DF.gamma", "DF.data.balancing", "DF.feature.selection", 
"DF.valid.acc", "DF.test.acc", "DF.train.time", "DF.n.support.vectors", 
"DF.index", "DF.n.solutions", "DF.generations", "DF.n.evaluations", 
"DF.cpu.time")))
