full <-
structure(c(50, 55, 60, 65, 70, 75, 80, 85, 90, 95, 100, 9.20469, 
3.33838, 2.34838, 6.0772, 6.25065, 12.747, 7.42133, 5.11432, 
14.12207, 12.17367, 9.46631, -11.11723, -5.96764, -3.52289, -1.80743, 
-1.61842, -9.62309, -5.4778, -1.43503, -9.74754, -6.20854, -3.91459, 
0, 0, 0, 0, 0, 0, 0, 0, 0, 0, 0, 0, 0, 0, 0, 0, 0, 0, 0, 0, 0, 
0, 0.78333, 0.78571, 0.80893, 0.83591, 0.84722, 0.84611, 0.86737, 
0.83343, 0.86182, 0.87879, 0.89143, 0.7, 0.76905, 0.78036, 0.78234, 
0.81944, 0.79139, 0.81475, 0.80505, 0.78818, 0.85985, 0.86643, 
0.0105, 0.0111, 0.0115, 0.0123, 0.0123, 0.0157, 0.0124, 0.0127, 
0.0193, 0.0156, 0.0155, 34.7, 38.9, 40.3, 45.4, 53.3, 31, 35.1, 
62.1, 35.8, 40.8, 51.7, 19, 126, 13, 39, 37, 39, 135, 102, 107, 
66, 79, 247, 49, 202, 1068, 883, 495, 366, 325, 604, 1570, 1261, 
100, 100, 100, 100, 100, 100, 100, 100, 100, 100, 100, 2500, 
2500, 2500, 2500, 2500, 2500, 2500, 2500, 2500, 2500, 2500, 9106.841, 
9330.896, 9474.255, 9430.048, 9329.36799999999, 9417.98199999999, 
9414.537, 9420.69100000002, 9675.242, 9687.63100000002, 7417.78200000001, 
12.47207, 12.09173, 2.74637, 5.46889, 7.49828, 14.77402, 8.64788, 
8.30561, 13.881, 14.88448, 10.56675, -14.6305, -14.82629, -4.06021, 
-1.71354, -1.56384, -12.06333, -6.09121, -1.42023, -9.55691, 
-7.62414, -4.05139, 0, 0, 0, 0, 0, 0, 0, 0, 0, 0, 0, 0, 0, 0, 
0, 0, 0, 0, 0, 0, 0, 0, 0.78333, 0.78571, 0.80893, 0.83591, 0.84722, 
0.84611, 0.86737, 0.83343, 0.86182, 0.87879, 0.89143, 0.7, 0.76905, 
0.76607, 0.78234, 0.81944, 0.79139, 0.84606, 0.80505, 0.78818, 
0.86818, 0.86643, 0.0107, 0.0111, 0.0113, 0.0123, 0.0124, 0.0219, 
0.0127, 0.0127, 0.0189, 0.0197, 0.0126, 34.7, 38.1, 39.5, 46.8, 
53.7, 33.4, 33.7, 62.5, 35.8, 38.2, 51.1, 44, 124, 9, 452, 134, 
224, 628, 671, 47, 162, 150, 55, 19, 42, 12, 26, 33, 6, 9, 25, 
59, 19, 100, 100, 100, 100, 100, 100, 100, 100, 100, 100, 100, 
2500, 2500, 2500, 2500, 2500, 2500, 2500, 2500, 2500, 2500, 2500, 
8978.695, 9495.978, 9437.498, 9375.574, 9396.63800000001, 9355.97100000001, 
9410.398, 9517.636, 9540.51000000001, 9721.34299999999, 6754.916, 
1, 1, 1, 1, 1, 1, 1, 1, 1, 1, 1, 0.33333, 0.33333, 0.33333, 0.33333, 
0.33333, 0.33333, 0.33333, 0.33333, 0.33333, 0.33333, 0.33333, 
0, 0, 0, 0, 0, 0, 0, 0, 0, 0, 0, 0, 0, 0, 0, 0, 0, 0, 0, 0, 0, 
0, 0.68333, 0.75714, 0.75357, 0.79524, 0.8, 0.80139, 0.7896, 
0.79414, 0.81727, 0.825, 0.82733, 0.68333, 0.74048, 0.76786, 
0.78234, 0.78611, 0.79, 0.76364, 0.80434, 0.79909, 0.84242, 0.82733, 
0.0108, 0.0119, 0.0119, 0.0121, 0.0124, 0.0124, 0.0123, 0.0129, 
0.014, 0.0138, 0.012, 41.6, 44.6, 49.7, 53.8, 60, 62.2, 64.2, 
67.7, 71.2, 75.3, 75.5, 1, 1, 1, 1, 1, 1, 1, 1, 1, 1, 1, 1, 1, 
1, 1, 1, 1, 1, 1, 1, 1, 1, 1, 1, 1, 1, 1, 1, 1, 1, 1, 1, 1, 1, 
1, 1, 1, 1, 1, 1, 1, 1, 1, 1, 3.576, 3.799, 3.791, 3.725, 3.743, 
3.735, 3.756, 3.805, 3.788, 3.911, 2.787), .Dim = c(11L, 40L), .Dimnames = list(
    NULL, c("Sampling", "PSO.cost", "PSO.gamma", "PSO.data.balancing", 
    "PSO.feature.selection", "PSO.valid.acc", "PSO.test.acc", 
    "PSO.train.time", "PSO.n.support.vectors", "PSO.index", "PSO.n.solutions", 
    "PSO.generations", "PSO.n.evaluations", "PSO.cpu.time", "RS.cost", 
    "RS.gamma", "RS.data.balancing", "RS.feature.selection", 
    "RS.valid.acc", "RS.test.acc", "RS.train.time", "RS.n.support.vectors", 
    "RS.index", "RS.n.solutions", "RS.generations", "RS.n.evaluations", 
    "RS.cpu.time", "DF.cost", "DF.gamma", "DF.data.balancing", 
    "DF.feature.selection", "DF.valid.acc", "DF.test.acc", "DF.train.time", 
    "DF.n.support.vectors", "DF.index", "DF.n.solutions", "DF.generations", 
    "DF.n.evaluations", "DF.cpu.time")))
