full <-
structure(c(50, 55, 60, 65, 70, 75, 80, 85, 90, 95, 100, 1.69643, 
1.72884, 14.84017, 7.44505, 9.70772, 2.98897, 2.65229, 8.02702, 
5.26107, 10.08213, 15, -2.06322, -0.59806, -8.49407, -3.2653, 
-6.32695, -2.01237, -2.11393, -1.40928, -3.79391, -5.97998, -9.04021, 
0, 0, 0, 0, 0, 0, 0, 0, 0, 0, 0, 0, 0, 0, 0, 0, 0, 0, 0, 0, 0, 
0, 0.86571, 0.85, 0.87679, 0.84921, 0.82361, 0.88694, 0.89535, 
0.82343, 0.87152, 0.84242, 0.87541, 0.8681, 0.83571, 0.82143, 
0.83214, 0.82083, 0.82111, 0.84202, 0.84121, 0.82591, 0.80455, 
0.86643, 0.009, 0.0098, 0.0125, 0.0098, 0.011, 0.0113, 0.0101, 
0.0115, 0.0107, 0.0125, 0.0192, 32.4, 50.8, 21.8, 34.8, 28.6, 
49.8, 50.8, 60, 43.6, 39, 34.7, 729, 1179, 230, 34, 124, 523, 
2364, 122, 55, 2022, 1653, 64, 145, 500, 1660, 169, 426, 2, 488, 
548, 1, 6, 100, 100, 100, 100, 100, 100, 100, 100, 100, 100, 
100, 2500, 2500, 2500, 2500, 2500, 2500, 2500, 2500, 2500, 2500, 
2500, 6823.449, 6868.305, 6823.193, 6648.108, 6557.213, 6580.94500000001, 
6573.88900000001, 6543.281, 6435.49699999999, 6722.681, 6978.89999999999, 
9.91539, 7.5718, 14.85785, 7.55225, 12.19139, 3.5651, 2.69968, 
14.19265, 5.28874, 10.20383, 11.26811, -11.23849, -0.544, -8.3966, 
-3.22124, -1.16744, -2.3319, -2.05627, -1.32141, -3.89857, -6.00624, 
-6.54673, 0, 0, 0, 0, 0, 0, 0, 0, 0, 0, 0, 0, 0, 0, 0, 0, 0, 
0, 0, 0, 0, 0, 0.85143, 0.83571, 0.87679, 0.84921, 0.82361, 0.87694, 
0.89535, 0.82343, 0.87152, 0.83333, 0.86772, 0.83714, 0.81905, 
0.82143, 0.83214, 0.775, 0.81972, 0.84202, 0.84212, 0.835, 0.79545, 
0.85886, 0.0093, 0.0096, 0.012, 0.0105, 0.0102, 0.0103, 0.0103, 
0.0118, 0.0115, 0.0126, 0.0139, 28.8, 50.9, 21.5, 35, 53.9, 46.9, 
51.2, 61.4, 43, 38.7, 40.7, 84, 512, 281, 8, 280, 1095, 1552, 
228, 502, 141, 843, 23, 7, 4, 90, 7, 2, 1, 13, 7, 12, 1, 100, 
100, 100, 100, 100, 100, 100, 100, 100, 100, 100, 2500, 2500, 
2500, 2500, 2500, 2500, 2500, 2500, 2500, 2500, 2500, 6851.161, 
6875.982, 6726.536, 6750.138, 6519.114, 6574.011, 6611.12700000001, 
6553.63299999999, 6563.758, 6712.26599999999, 6908.14199999999, 
1, 1, 1, 1, 1, 1, 1, 1, 1, 1, 1, 0.33333, 0.33333, 0.33333, 0.33333, 
0.33333, 0.33333, 0.33333, 0.33333, 0.33333, 0.33333, 0.33333, 
0, 0, 0, 0, 0, 0, 0, 0, 0, 0, 0, 0, 0, 0, 0, 0, 0, 0, 0, 0, 0, 
0, 0.77048, 0.74048, 0.7625, 0.70774, 0.77639, 0.74278, 0.77848, 
0.77303, 0.76712, 0.80682, 0.80659, 0.78714, 0.75476, 0.71964, 
0.71845, 0.75417, 0.76389, 0.79071, 0.76212, 0.74303, 0.76212, 
0.81696, 0.0091, 0.0102, 0.0105, 0.0102, 0.0104, 0.0105, 0.0109, 
0.0103, 0.0107, 0.012, 0.0114, 38.7, 44.4, 48.1, 48.8, 52.6, 
55.7, 62.5, 62.4, 68.3, 73.8, 76.6, 1, 1, 1, 1, 1, 1, 1, 1, 1, 
1, 1, 1, 1, 1, 1, 1, 1, 1, 1, 1, 1, 1, 1, 1, 1, 1, 1, 1, 1, 1, 
1, 1, 1, 1, 1, 1, 1, 1, 1, 1, 1, 1, 1, 1, 2.736, 2.726, 2.677, 
2.734, 2.729, 2.603, 2.681, 2.464, 2.508, 2.713, 2.705), .Dim = c(11L, 
40L), .Dimnames = list(NULL, c("Sampling", "PSO.cost", "PSO.gamma", 
"PSO.data.balancing", "PSO.feature.selection", "PSO.valid.acc", 
"PSO.test.acc", "PSO.train.time", "PSO.n.support.vectors", "PSO.index", 
"PSO.n.solutions", "PSO.generations", "PSO.n.evaluations", "PSO.cpu.time", 
"RS.cost", "RS.gamma", "RS.data.balancing", "RS.feature.selection", 
"RS.valid.acc", "RS.test.acc", "RS.train.time", "RS.n.support.vectors", 
"RS.index", "RS.n.solutions", "RS.generations", "RS.n.evaluations", 
"RS.cpu.time", "DF.cost", "DF.gamma", "DF.data.balancing", "DF.feature.selection", 
"DF.valid.acc", "DF.test.acc", "DF.train.time", "DF.n.support.vectors", 
"DF.index", "DF.n.solutions", "DF.generations", "DF.n.evaluations", 
"DF.cpu.time")))
