full <-
structure(c(50, 55, 60, 65, 70, 75, 80, 85, 90, 95, 100, 7.74694, 
1.01533, 1.9629, 1.20188, 12.68967, -0.13972, 10.06778, 9.05479, 
10.29226, 4.34747, 8.40511, -10.18416, -1.49091, -2.48261, -3.07323, 
-7.95585, -1.55254, -0.87139, -5.89191, -0.67622, -3.34489, -5.47836, 
0, 0, 0, 0, 0, 0, 0, 0, 0, 0, 0, 0, 0, 0, 0, 0, 0, 0, 0, 0, 0, 
0, 0.86714, 0.8619, 0.87679, 0.7875, 0.82444, 0.83139, 0.82222, 
0.87162, 0.83561, 0.89545, 0.88362, 0.84714, 0.87857, 0.80893, 
0.7875, 0.81278, 0.8075, 0.81111, 0.84545, 0.8347, 0.87879, 0.84324, 
0.01, 0.01, 0.01, 0.0104, 0.0117, 0.0114, 0.0119, 0.0128, 0.013, 
0.0126, 0.0133, 37.4, 43.7, 38.2, 46.5, 25.6, 60.7, 66.1, 33, 
78.5, 49.8, 44, 100, 110, 2113, 175, 276, 558, 231, 1895, 230, 
63, 2121, 167, 652, 1, 176, 185, 195, 314, 21, 854, 279, 8, 100, 
100, 100, 100, 100, 100, 100, 100, 100, 100, 100, 2500, 2500, 
2500, 2500, 2500, 2500, 2500, 2500, 2500, 2500, 2500, 8515.973, 
8629.311, 8630.144, 8628.678, 8681.29400000001, 8104.149, 7475.15700000001, 
7537.292, 7482.63700000002, 7135.217, 7280.315, 7.89887, 1.16042, 
1.49407, 5.00679, 11.92267, 0.95004, 12.37342, 8.53136, 3.98982, 
4.02575, 10.32133, -10.12174, -1.62327, -1.28323, -5.82479, -7.56655, 
-2.77153, -0.68058, -5.51407, -0.43223, -3.20438, -6.5626, 0, 
0, 0, 0, 0, 0, 0, 0, 0, 0, 0, 0, 0, 0, 0, 0, 0, 0, 0, 0, 0, 0, 
0.86714, 0.8619, 0.86429, 0.7875, 0.82306, 0.83139, 0.82222, 
0.86162, 0.83561, 0.89545, 0.87529, 0.86143, 0.87857, 0.8375, 
0.76071, 0.82528, 0.79778, 0.81111, 0.84434, 0.80727, 0.89621, 
0.83491, 0.0101, 0.0104, 0.0102, 0.0106, 0.0121, 0.0113, 0.0123, 
0.0126, 0.0131, 0.0115, 0.0142, 37.4, 42.5, 46.2, 35.9, 26.3, 
54, 69.5, 33.8, 81.5, 50.4, 40.3, 341, 500, 370, 94, 212, 380, 
48, 1710, 24, 211, 561, 18, 3, 10, 34, 5, 9, 19, 2, 24, 6, 31, 
100, 100, 100, 100, 100, 100, 100, 100, 100, 100, 100, 2500, 
2500, 2500, 2500, 2500, 2500, 2500, 2500, 2500, 2500, 2500, 8583.984, 
8649.006, 8615.671, 8624.454, 8662.32999999999, 7428.757, 7475.36900000001, 
7494.633, 7484.05799999999, 7011.35199999998, 7481.26500000001, 
1, 1, 1, 1, 1, 1, 1, 1, 1, 1, 1, 0.33333, 0.33333, 0.33333, 0.33333, 
0.33333, 0.33333, 0.33333, 0.33333, 0.33333, 0.33333, 0.33333, 
0, 0, 0, 0, 0, 0, 0, 0, 0, 0, 0, 0, 0, 0, 0, 0, 0, 0, 0, 0, 0, 
0, 0.77095, 0.7881, 0.83929, 0.76071, 0.74194, 0.83139, 0.81444, 
0.81232, 0.80076, 0.80985, 0.81824, 0.81857, 0.8, 0.78155, 0.79821, 
0.77556, 0.79639, 0.79, 0.81232, 0.79985, 0.80818, 0.80979, 0.0102, 
0.0105, 0.0105, 0.0105, 0.0109, 0.0113, 0.0128, 0.0123, 0.0122, 
0.0126, 0.0135, 43.1, 45.6, 48.4, 54.3, 57.1, 60.1, 63.8, 66.5, 
71.9, 72.9, 78.1, 1, 1, 1, 1, 1, 1, 1, 1, 1, 1, 1, 1, 1, 1, 1, 
1, 1, 1, 1, 1, 1, 1, 1, 1, 1, 1, 1, 1, 1, 1, 1, 1, 1, 1, 1, 1, 
1, 1, 1, 1, 1, 1, 1, 1, 3.455, 3.455, 3.419, 3.466, 3.459, 2.977, 
3.024, 2.983, 2.993, 2.856, 3.066), .Dim = c(11L, 40L), .Dimnames = list(
    NULL, c("Sampling", "PSO.cost", "PSO.gamma", "PSO.data.balancing", 
    "PSO.feature.selection", "PSO.valid.acc", "PSO.test.acc", 
    "PSO.train.time", "PSO.n.support.vectors", "PSO.index", "PSO.n.solutions", 
    "PSO.generations", "PSO.n.evaluations", "PSO.cpu.time", "RS.cost", 
    "RS.gamma", "RS.data.balancing", "RS.feature.selection", 
    "RS.valid.acc", "RS.test.acc", "RS.train.time", "RS.n.support.vectors", 
    "RS.index", "RS.n.solutions", "RS.generations", "RS.n.evaluations", 
    "RS.cpu.time", "DF.cost", "DF.gamma", "DF.data.balancing", 
    "DF.feature.selection", "DF.valid.acc", "DF.test.acc", "DF.train.time", 
    "DF.n.support.vectors", "DF.index", "DF.n.solutions", "DF.generations", 
    "DF.n.evaluations", "DF.cpu.time")))
