full <-
structure(c(50, 55, 60, 65, 70, 75, 80, 85, 90, 95, 100, 1.33134, 
12.58246, 11.21954, 1.01336, 0.99847, 4.31813, 2.84099, 10.544, 
2.13764, 4.09471, 10.79452, -1.4856, -1.83107, -6.67119, -1.77348, 
-2.00959, -1.02006, -4.29664, -1.9527, -0.83248, -3.2468, -2.59804, 
0, 0, 0, 0, 0, 0, 0, 0, 0, 0, 0, 0, 0, 0, 0, 0, 0, 0, 0, 0, 0, 
0, 0.88571, 0.87857, 0.82321, 0.87242, 0.86806, 0.85556, 0.83606, 
0.86141, 0.89076, 0.86955, 0.86731, 0.8681, 0.87857, 0.77857, 
0.83313, 0.84306, 0.82222, 0.82495, 0.84141, 0.87167, 0.81727, 
0.86667, 0.0106, 0.0101, 0.0109, 0.0111, 0.0114, 0.0126, 0.0115, 
0.0146, 0.0129, 0.0125, 0.0137, 41.6, 38.3, 23.3, 50.2, 51.8, 
62.9, 51.5, 57.9, 76, 49.4, 58.1, 682, 19, 112, 1859, 610, 65, 
81, 5, 1232, 1355, 5, 37, 853, 289, 18, 157, 786, 74, 1124, 4, 
37, 1182, 100, 100, 100, 100, 100, 100, 100, 100, 100, 100, 100, 
2500, 2500, 2500, 2500, 2500, 2500, 2500, 2500, 2500, 2500, 2500, 
8524.224, 8510.377, 8573.581, 8539.92200000001, 8553.829, 8867.429, 
8875.90300000001, 8950.281, 9119.91200000001, 8891.353, 8894.579, 
4.34712, 12.83283, 10.71127, 1.01731, 1.07546, 7.71187, 0.42517, 
14.27738, 12.16565, 4.08514, 8.33598, -1.77121, -1.96209, -6.41017, 
-1.80367, -2.0488, -1.08337, -1.08696, -2.16263, -0.85764, -3.52825, 
-2.60447, 0, 0, 0, 0, 0, 0, 0, 0, 0, 0, 0, 0, 0, 0, 0, 0, 0, 
0, 0, 0, 0, 0, 0.86571, 0.87857, 0.82321, 0.87242, 0.86806, 0.85556, 
0.83606, 0.86141, 0.88076, 0.86045, 0.86731, 0.91905, 0.87857, 
0.77857, 0.83313, 0.84306, 0.84444, 0.81384, 0.83141, 0.86167, 
0.80894, 0.86667, 0.0101, 0.0096, 0.011, 0.0109, 0.0111, 0.0115, 
0.014, 0.0127, 0.0131, 0.0132, 0.0137, 38.4, 36.8, 23.4, 50.2, 
50.9, 61.8, 71.3, 54.9, 75.8, 48.4, 58, 44, 11, 290, 1137, 252, 
51, 387, 1, 28, 1567, 362, 48, 160, 3, 2, 2, 50, 11, 120, 25, 
4, 14, 100, 100, 100, 100, 100, 100, 100, 100, 100, 100, 100, 
2500, 2500, 2500, 2500, 2500, 2500, 2500, 2500, 2500, 2500, 2500, 
8490.585, 8553.291, 8548.367, 8540.011, 8538.13799999999, 8852.167, 
8876.91899999999, 8936.80200000001, 8898.84599999999, 8909.20300000001, 
8934.31700000001, 1, 1, 1, 1, 1, 1, 1, 1, 1, 1, 1, 0.33333, 0.33333, 
0.33333, 0.33333, 0.33333, 0.33333, 0.33333, 0.33333, 0.33333, 
0.33333, 0.33333, 0, 0, 0, 0, 0, 0, 0, 0, 0, 0, 0, 0, 0, 0, 0, 
0, 0, 0, 0, 0, 0, 0, 0.75143, 0.83095, 0.77857, 0.78135, 0.82222, 
0.78889, 0.80384, 0.81414, 0.84348, 0.81727, 0.78438, 0.78714, 
0.8, 0.75357, 0.79563, 0.80833, 0.81111, 0.81384, 0.82343, 0.83439, 
0.81727, 0.77477, 0.0099, 0.0103, 0.0108, 0.0107, 0.0112, 0.0112, 
0.0137, 0.0121, 0.0124, 0.0127, 0.0129, 43.6, 46.3, 51.6, 54.4, 
57.4, 61, 66.8, 68.1, 72.5, 75.1, 77, 1, 1, 1, 1, 1, 1, 1, 1, 
1, 1, 1, 1, 1, 1, 1, 1, 1, 1, 1, 1, 1, 1, 1, 1, 1, 1, 1, 1, 1, 
1, 1, 1, 1, 1, 1, 1, 1, 1, 1, 1, 1, 1, 1, 1, 3.297, 3.444, 3.406, 
3.402, 3.426, 3.533, 3.587, 3.591, 3.564, 3.554, 3.594), .Dim = c(11L, 
40L), .Dimnames = list(NULL, c("Sampling", "PSO.cost", "PSO.gamma", 
"PSO.data.balancing", "PSO.feature.selection", "PSO.valid.acc", 
"PSO.test.acc", "PSO.train.time", "PSO.n.support.vectors", "PSO.index", 
"PSO.n.solutions", "PSO.generations", "PSO.n.evaluations", "PSO.cpu.time", 
"RS.cost", "RS.gamma", "RS.data.balancing", "RS.feature.selection", 
"RS.valid.acc", "RS.test.acc", "RS.train.time", "RS.n.support.vectors", 
"RS.index", "RS.n.solutions", "RS.generations", "RS.n.evaluations", 
"RS.cpu.time", "DF.cost", "DF.gamma", "DF.data.balancing", "DF.feature.selection", 
"DF.valid.acc", "DF.test.acc", "DF.train.time", "DF.n.support.vectors", 
"DF.index", "DF.n.solutions", "DF.generations", "DF.n.evaluations", 
"DF.cpu.time")))
