full <-
structure(c(50, 55, 60, 65, 70, 75, 80, 85, 90, 95, 100, 3.66909, 
9.62597, 14.62333, 15, 10.70758, 9.12045, 6.82615, 12.99454, 
9.14435, 14.76234, 6.84385, -3.47878, -8.51071, -15, -13.07996, 
-6.52035, -1.87213, -2.29964, -3.95003, -7.17757, -1.33867, -4.94571, 
0, 0, 0, 0, 0, 0, 0, 0, 0, 0, 0, 0, 0, 0, 0, 0, 0, 0, 0, 0, 0, 
0, 0.83333, 0.86905, 0.86071, 0.83849, 0.85417, 0.88889, 0.83444, 
0.85727, 0.87182, 0.86818, 0.89411, 0.81667, 0.86905, 0.84643, 
0.77202, 0.80417, 0.85556, 0.83333, 0.86636, 0.82636, 0.84091, 
0.86142, 0.0099, 0.0108, 0.0098, 0.0149, 0.0113, 0.0111, 0.0115, 
0.0116, 0.0124, 0.0133, 0.0141, 33.5, 28.4, 32.6, 28.5, 29.5, 
52.6, 49.5, 41.1, 41.4, 69.9, 46.6, 33, 27, 120, 29, 43, 87, 
19, 323, 31, 2, 493, 286, 356, 743, 279, 599, 451, 1184, 71, 
382, 1169, 44, 100, 100, 100, 100, 100, 100, 100, 100, 100, 100, 
100, 2500, 2500, 2500, 2500, 2500, 2500, 2500, 2500, 2500, 2500, 
2500, 7075.519, 7107.946, 7107.464, 7058.717, 7015.849, 7020.152, 
7002.15399999999, 6970.11200000001, 7226.46500000001, 9064.754, 
9130.22500000001, 4.31543, 12.39764, 10.80475, 13.19204, 9.33922, 
8.42999, 5.16507, 12.27214, 14.83487, 13.08902, 14.77381, -4.07694, 
-11.78263, -11.54511, -11.20015, -5.43681, -1.90741, -4.07546, 
-3.9554, -12.86116, -8.29352, -8.52196, 0, 0, 0, 0, 0, 0, 0, 
0, 0, 0, 0, 0, 0, 0, 0, 0, 0, 0, 0, 0, 0, 0, 0.83333, 0.86905, 
0.86071, 0.83849, 0.85417, 0.88889, 0.84333, 0.85727, 0.87182, 
0.86818, 0.89347, 0.81667, 0.85238, 0.83214, 0.77202, 0.80278, 
0.85556, 0.81333, 0.86636, 0.82636, 0.85758, 0.86976, 0.0104, 
0.0119, 0.0098, 0.0142, 0.0113, 0.0115, 0.0106, 0.0117, 0.0217, 
0.0169, 0.021, 32.5, 29.7, 34, 29.5, 31.4, 51.9, 43.1, 41.1, 
42.4, 35.6, 38.1, 3, 9, 715, 143, 7, 6, 673, 443, 150, 1, 200, 
112, 72, 8, 19, 50, 18, 2, 3, 26, 30, 2, 100, 100, 100, 100, 
100, 100, 100, 100, 100, 100, 100, 2500, 2500, 2500, 2500, 2500, 
2500, 2500, 2500, 2500, 2500, 2500, 7094.236, 7115.12, 7045.227, 
6999.992, 7013.407, 7024.152, 7001.092, 6953.008, 9015.736, 9030.59, 
9135.351, 1, 1, 1, 1, 1, 1, 1, 1, 1, 1, 1, 0.33333, 0.33333, 
0.33333, 0.33333, 0.33333, 0.33333, 0.33333, 0.33333, 0.33333, 
0.33333, 0.33333, 0, 0, 0, 0, 0, 0, 0, 0, 0, 0, 0, 0, 0, 0, 0, 
0, 0, 0, 0, 0, 0, 0, 0.73333, 0.71429, 0.75179, 0.73115, 0.78194, 
0.84444, 0.76333, 0.82525, 0.78909, 0.7803, 0.80082, 0.68333, 
0.7119, 0.725, 0.74365, 0.82917, 0.84444, 0.76222, 0.84545, 0.81636, 
0.78939, 0.81888, 0.0099, 0.0102, 0.0108, 0.0106, 0.0106, 0.0107, 
0.0115, 0.0115, 0.0125, 0.0136, 0.0133, 41.6, 45.2, 48, 52.3, 
59.2, 60.8, 62.5, 67.1, 69.3, 72.8, 75.9, 1, 1, 1, 1, 1, 1, 1, 
1, 1, 1, 1, 1, 1, 1, 1, 1, 1, 1, 1, 1, 1, 1, 1, 1, 1, 1, 1, 1, 
1, 1, 1, 1, 1, 1, 1, 1, 1, 1, 1, 1, 1, 1, 1, 1, 2.827, 2.853, 
2.812, 2.787, 2.792, 2.784, 2.843, 2.766, 3.567, 3.617, 3.648
), .Dim = c(11L, 40L), .Dimnames = list(NULL, c("Sampling", "PSO.cost", 
"PSO.gamma", "PSO.data.balancing", "PSO.feature.selection", "PSO.valid.acc", 
"PSO.test.acc", "PSO.train.time", "PSO.n.support.vectors", "PSO.index", 
"PSO.n.solutions", "PSO.generations", "PSO.n.evaluations", "PSO.cpu.time", 
"RS.cost", "RS.gamma", "RS.data.balancing", "RS.feature.selection", 
"RS.valid.acc", "RS.test.acc", "RS.train.time", "RS.n.support.vectors", 
"RS.index", "RS.n.solutions", "RS.generations", "RS.n.evaluations", 
"RS.cpu.time", "DF.cost", "DF.gamma", "DF.data.balancing", "DF.feature.selection", 
"DF.valid.acc", "DF.test.acc", "DF.train.time", "DF.n.support.vectors", 
"DF.index", "DF.n.solutions", "DF.generations", "DF.n.evaluations", 
"DF.cpu.time")))
