full <-
structure(c(50, 55, 60, 65, 70, 75, 80, 85, 90, 95, 100, 4.52451, 
9.35205, 15, 13.34632, 8.99074, 14.21719, 9.22726, 12.98187, 
10.31735, 12.81344, 5.33194, -3.38508, -1.87079, -1.62553, -11.40272, 
-7.23657, -3.60198, -3.72458, -7.99459, -7.33645, -7.64135, -0.89076, 
0, 0, 0, 0, 0, 0, 0, 0, 0, 0, 0, 0, 0, 0, 0, 0, 0, 0, 0, 0, 0, 
0, 0.85143, 0.82143, 0.80179, 0.85635, 0.84528, 0.84417, 0.88278, 
0.85091, 0.84182, 0.85152, 0.84761, 0.81571, 0.83333, 0.77679, 
0.7506, 0.83167, 0.82306, 0.87389, 0.81182, 0.80455, 0.85985, 
0.79889, 0.0097, 0.011, 0.0111, 0.0148, 0.0118, 0.0127, 0.0127, 
0.0153, 0.0146, 0.0156, 0.0133, 28.8, 39.3, 44.4, 29.4, 33.6, 
41.1, 43.2, 32, 38.6, 34, 83.6, 660, 93, 56, 775, 171, 16, 46, 
393, 46, 637, 89, 120, 1205, 716, 39, 85, 420, 1610, 487, 328, 
87, 1188, 100, 100, 100, 100, 100, 100, 100, 100, 100, 100, 100, 
2500, 2500, 2500, 2500, 2500, 2500, 2500, 2500, 2500, 2500, 2500, 
9076.861, 6996.302, 9598.369, 9552.70299999999, 9473.507, 9489.758, 
9479.485, 9570.93700000001, 9650.337, 9605.56100000002, 9700.67500000002, 
5.11371, 13.01444, 4.37012, 14.79962, 10.92036, 13.26603, 5.93791, 
12.54785, 13.96103, 13.76183, 9.48048, -3.79592, -1.91003, -1.59433, 
-12.87702, -9.25335, -3.63574, -3.90136, -7.96363, -10.95768, 
-8.13318, -0.64062, 0, 0, 0, 0, 0, 0, 0, 0, 0, 0, 0, 0, 0, 0, 
0, 0, 0, 0, 0, 0, 0, 0, 0.85143, 0.82143, 0.80179, 0.85635, 0.84528, 
0.84417, 0.88417, 0.85091, 0.84182, 0.84318, 0.84761, 0.81571, 
0.83333, 0.77679, 0.7506, 0.82056, 0.82306, 0.88389, 0.81182, 
0.80455, 0.85985, 0.79889, 0.0094, 0.0113, 0.0108, 0.0145, 0.0133, 
0.0115, 0.0115, 0.0153, 0.0233, 0.0165, 0.0132, 27.2, 39.3, 44.7, 
29.4, 33.8, 40.8, 42, 32, 38.2, 33.2, 86.9, 51, 7, 118, 1520, 
477, 48, 878, 78, 92, 151, 23, 4, 9, 14, 3, 3, 44, 3, 3, 29, 
4, 34, 100, 100, 100, 100, 100, 100, 100, 100, 100, 100, 100, 
2500, 2500, 2500, 2500, 2500, 2500, 2500, 2500, 2500, 2500, 2500, 
7624.583, 9483.51, 9550.461, 9502.33199999999, 9504.258, 9462.236, 
9502.48599999999, 9565.61500000002, 9566.26200000002, 9643.728, 
9425.962, 1, 1, 1, 1, 1, 1, 1, 1, 1, 1, 1, 0.33333, 0.33333, 
0.33333, 0.33333, 0.33333, 0.33333, 0.33333, 0.33333, 0.33333, 
0.33333, 0.33333, 0, 0, 0, 0, 0, 0, 0, 0, 0, 0, 0, 0, 0, 0, 0, 
0, 0, 0, 0, 0, 0, 0, 0.68143, 0.70238, 0.69821, 0.69365, 0.65611, 
0.73528, 0.78667, 0.76182, 0.80545, 0.77197, 0.80659, 0.68238, 
0.64048, 0.70714, 0.70794, 0.6575, 0.70417, 0.77556, 0.76364, 
0.81455, 0.80758, 0.78223, 0.0102, 0.0103, 0.0107, 0.0109, 0.0116, 
0.0114, 0.012, 0.0121, 0.0123, 0.0124, 0.0131, 42, 46.2, 49.7, 
54.4, 55.2, 62.1, 65.2, 70.5, 72.6, 75.9, 76.8, 1, 1, 1, 1, 1, 
1, 1, 1, 1, 1, 1, 1, 1, 1, 1, 1, 1, 1, 1, 1, 1, 1, 1, 1, 1, 1, 
1, 1, 1, 1, 1, 1, 1, 1, 1, 1, 1, 1, 1, 1, 1, 1, 1, 1, 2.791, 
3.841, 3.767, 3.819, 3.83, 3.843, 3.778, 3.816, 3.819, 3.871, 
3.779), .Dim = c(11L, 40L), .Dimnames = list(NULL, c("Sampling", 
"PSO.cost", "PSO.gamma", "PSO.data.balancing", "PSO.feature.selection", 
"PSO.valid.acc", "PSO.test.acc", "PSO.train.time", "PSO.n.support.vectors", 
"PSO.index", "PSO.n.solutions", "PSO.generations", "PSO.n.evaluations", 
"PSO.cpu.time", "RS.cost", "RS.gamma", "RS.data.balancing", "RS.feature.selection", 
"RS.valid.acc", "RS.test.acc", "RS.train.time", "RS.n.support.vectors", 
"RS.index", "RS.n.solutions", "RS.generations", "RS.n.evaluations", 
"RS.cpu.time", "DF.cost", "DF.gamma", "DF.data.balancing", "DF.feature.selection", 
"DF.valid.acc", "DF.test.acc", "DF.train.time", "DF.n.support.vectors", 
"DF.index", "DF.n.solutions", "DF.generations", "DF.n.evaluations", 
"DF.cpu.time")))
