full <-
structure(c(50, 55, 60, 65, 70, 75, 80, 85, 90, 95, 100, 12.49638, 
8.93049, 15, 4.71645, 3.05709, 13.42694, 7.42838, 11.44041, 9.18276, 
14.32252, 8.60628, -7.79168, -1.89362, -1.21517, -2.99037, -3.68652, 
-10.78458, -5.84196, -10.0699, -6.04355, -13.15987, -5.8035, 
0, 0, 0, 0, 0, 0, 0, 0, 0, 0, 0, 0, 0, 0, 0, 0, 0, 0, 0, 0, 0, 
0, 0.78381, 0.81786, 0.83214, 0.80813, 0.86944, 0.86333, 0.83222, 
0.8801, 0.88727, 0.86061, 0.87593, 0.68429, 0.75179, 0.73512, 
0.83135, 0.84722, 0.82583, 0.83333, 0.88212, 0.85, 0.84318, 0.83351, 
0.0092, 0.0103, 0.0105, 0.0107, 0.0106, 0.0153, 0.0114, 0.0144, 
0.0114, 0.0162, 0.0127, 19.5, 39.9, 49.5, 36.5, 40.7, 31.2, 38.3, 
39.4, 37.3, 43.1, 42.5, 185, 78, 165, 48, 68, 17, 44, 7, 30, 
65, 290, 106, 539, 1229, 335, 129, 753, 233, 518, 1320, 381, 
206, 100, 100, 100, 100, 100, 100, 100, 100, 100, 100, 100, 2500, 
2500, 2500, 2500, 2500, 2500, 2500, 2500, 2500, 2500, 2500, 6739.969, 
6793.628, 6640.436, 6457.553, 6456.832, 6493.167, 6493.17999999999, 
6500.19399999999, 6523.943, 6383.91100000001, 6345.42999999999, 
12.30943, 13.05056, 12.34472, 4.8409, 3.60076, 14.64088, 12.22256, 
10.57738, 14.91852, 14.77923, 5.77475, -7.68792, -1.8878, -1.23439, 
-3.00996, -4.22703, -11.19229, -10.67229, -9.15722, -9.54099, 
-13.72828, -4.22624, 0, 0, 0, 0, 0, 0, 0, 0, 0, 0, 0, 0, 0, 0, 
0, 0, 0, 0, 0, 0, 0, 0, 0.78381, 0.81786, 0.83214, 0.79702, 0.86944, 
0.86333, 0.83222, 0.8801, 0.88727, 0.86061, 0.87593, 0.68429, 
0.75179, 0.73512, 0.81706, 0.84583, 0.83972, 0.84333, 0.88212, 
0.85091, 0.85152, 0.83491, 0.0104, 0.0107, 0.0095, 0.0094, 0.0093, 
0.0163, 0.015, 0.0143, 0.0154, 0.0106, 0.0119, 19.6, 40, 49.3, 
36.5, 40.2, 27.5, 38.1, 39.2, 30.3, 43.3, 47.8, 593, 1921, 195, 
1840, 744, 114, 73, 162, 1, 15, 1231, 13, 1, 16, 1, 3, 44, 16, 
41, 118, 52, 2, 100, 100, 100, 100, 100, 100, 100, 100, 100, 
100, 100, 2500, 2500, 2500, 2500, 2500, 2500, 2500, 2500, 2500, 
2500, 2500, 6802.944, 6792.67, 6438.658, 6384.058, 6365.29199999999, 
6360.364, 6504.164, 6449.749, 6461.55100000001, 6388.849, 6431.878, 
1, 1, 1, 1, 1, 1, 1, 1, 1, 1, 1, 0.33333, 0.33333, 0.33333, 0.33333, 
0.33333, 0.33333, 0.33333, 0.33333, 0.33333, 0.33333, 0.33333, 
0, 0, 0, 0, 0, 0, 0, 0, 0, 0, 0, 0, 0, 0, 0, 0, 0, 0, 0, 0, 0, 
0, 0.67667, 0.67917, 0.7869, 0.74206, 0.80833, 0.75056, 0.77, 
0.75535, 0.77636, 0.79924, 0.80146, 0.74905, 0.64167, 0.73512, 
0.76706, 0.75972, 0.73806, 0.79, 0.72131, 0.76, 0.81742, 0.79953, 
0.01, 0.0098, 0.01, 0.0097, 0.0099, 0.0099, 0.0103, 0.0105, 0.0115, 
0.0109, 0.0119, 43, 47.3, 50.8, 53.9, 56.5, 62.3, 63.8, 67.6, 
68.4, 71.6, 77.2, 1, 1, 1, 1, 1, 1, 1, 1, 1, 1, 1, 1, 1, 1, 1, 
1, 1, 1, 1, 1, 1, 1, 1, 1, 1, 1, 1, 1, 1, 1, 1, 1, 1, 1, 1, 1, 
1, 1, 1, 1, 1, 1, 1, 1, 2.716, 2.711, 2.677, 2.57, 2.483, 2.441, 
2.465, 2.581, 2.665, 2.432, 2.623), .Dim = c(11L, 40L), .Dimnames = list(
    NULL, c("Sampling", "PSO.cost", "PSO.gamma", "PSO.data.balancing", 
    "PSO.feature.selection", "PSO.valid.acc", "PSO.test.acc", 
    "PSO.train.time", "PSO.n.support.vectors", "PSO.index", "PSO.n.solutions", 
    "PSO.generations", "PSO.n.evaluations", "PSO.cpu.time", "RS.cost", 
    "RS.gamma", "RS.data.balancing", "RS.feature.selection", 
    "RS.valid.acc", "RS.test.acc", "RS.train.time", "RS.n.support.vectors", 
    "RS.index", "RS.n.solutions", "RS.generations", "RS.n.evaluations", 
    "RS.cpu.time", "DF.cost", "DF.gamma", "DF.data.balancing", 
    "DF.feature.selection", "DF.valid.acc", "DF.test.acc", "DF.train.time", 
    "DF.n.support.vectors", "DF.index", "DF.n.solutions", "DF.generations", 
    "DF.n.evaluations", "DF.cpu.time")))
