full <-
structure(c(50, 55, 60, 65, 70, 75, 80, 85, 90, 95, 100, 12.27362, 
5.6105, 14.56325, 15, 7.82539, 9.23809, 9.18858, 3.32301, 3.20303, 
8.60772, 12.59315, -4.19828, -4.42377, -11.00185, -5.68972, -4.14356, 
-4.91855, -7.33562, -5.51264, -1.91031, -1.19017, -0.82442, 0, 
0, 0, 0, 0, 0, 0, 0, 0, 0, 0, 0, 0, 0, 0, 0, 0, 0, 0, 0, 0, 0, 
0.93333, 0.88214, 0.89048, 0.87103, 0.85833, 0.82, 0.88535, 0.83343, 
0.86182, 0.8764, 0.86923, 0.88, 0.825, 0.90655, 0.84603, 0.8125, 
0.835, 0.86424, 0.81525, 0.84273, 0.85822, 0.84423, 0.0099, 0.0102, 
0.0137, 0.0111, 0.0106, 0.0112, 0.0125, 0.0112, 0.0118, 0.0129, 
0.0134, 26.6, 27.8, 22.6, 26.8, 31, 32, 37.8, 60.4, 63.2, 76.2, 
84.7, 17, 145, 887, 55, 38, 35, 9, 113, 453, 81, 12, 1511, 132, 
11, 1504, 1692, 1494, 468, 93, 406, 1254, 1432, 100, 100, 100, 
100, 100, 100, 100, 100, 100, 100, 100, 2500, 2500, 2500, 2500, 
2500, 2500, 2500, 2500, 2500, 2500, 2500, 8714.608, 8970.408, 
8924.25000000001, 8622.964, 8544.126, 8552.943, 8584.19900000001, 
8671.321, 8565.89299999998, 8794.20300000001, 8836.497, 13.7732, 
13.91068, 13.69392, 10.39784, 9.67052, 9.30447, 12.18174, 6.54645, 
3.19178, 3.51241, 13.22534, -12.26886, -4.0085, -10.08262, -5.7346, 
-4.79629, -4.82229, -10.32693, -8.78915, -1.78668, -1.11857, 
-0.47767, 0, 0, 0, 0, 0, 0, 0, 0, 0, 0, 0, 0, 0, 0, 0, 0, 0, 
0, 0, 0, 0, 0, 0.93333, 0.86786, 0.87798, 0.87103, 0.85833, 0.82, 
0.88535, 0.83343, 0.85273, 0.8764, 0.86923, 0.91667, 0.81071, 
0.90655, 0.84603, 0.8125, 0.82389, 0.86424, 0.81525, 0.84273, 
0.85822, 0.82756, 0.0115, 0.0107, 0.0125, 0.0104, 0.0114, 0.0109, 
0.0167, 0.0113, 0.0122, 0.0127, 0.0133, 24.4, 28.2, 22.8, 26.5, 
28.7, 32.3, 38, 59.7, 64.7, 77.2, 88.6, 33, 47, 1820, 35, 40, 
31, 18, 211, 2031, 215, 155, 241, 56, 1, 38, 94, 48, 82, 31, 
1, 15, 37, 100, 100, 100, 100, 100, 100, 100, 100, 100, 100, 
100, 2500, 2500, 2500, 2500, 2500, 2500, 2500, 2500, 2500, 2500, 
2500, 8966.555, 8965.332, 8572.362, 8549.143, 8498.36499999999, 
8566.538, 8543.488, 8572.82199999999, 8701.83499999999, 8866, 
8811.63, 1, 1, 1, 1, 1, 1, 1, 1, 1, 1, 1, 0.33333, 0.33333, 0.33333, 
0.33333, 0.33333, 0.33333, 0.33333, 0.33333, 0.33333, 0.33333, 
0.33333, 0, 0, 0, 0, 0, 0, 0, 0, 0, 0, 0, 0, 0, 0, 0, 0, 0, 0, 
0, 0, 0, 0, 0.68714, 0.73929, 0.7506, 0.78313, 0.75139, 0.75694, 
0.76848, 0.77525, 0.79636, 0.8067, 0.81014, 0.7381, 0.78929, 
0.74643, 0.78274, 0.74028, 0.77889, 0.75737, 0.80525, 0.79636, 
0.81352, 0.80181, 0.0105, 0.0107, 0.0105, 0.0109, 0.0105, 0.0114, 
0.0114, 0.0114, 0.0122, 0.0122, 0.0127, 41, 45.1, 47.8, 51.4, 
59.4, 61.2, 66.8, 71, 74.6, 76.1, 76.1, 1, 1, 1, 1, 1, 1, 1, 
1, 1, 1, 1, 1, 1, 1, 1, 1, 1, 1, 1, 1, 1, 1, 1, 1, 1, 1, 1, 1, 
1, 1, 1, 1, 1, 1, 1, 1, 1, 1, 1, 1, 1, 1, 1, 1, 3.593, 3.592, 
3.583, 3.547, 3.259, 3.586, 3.52, 3.406, 3.559, 3.563, 3.519), .Dim = c(11L, 
40L), .Dimnames = list(NULL, c("Sampling", "PSO.cost", "PSO.gamma", 
"PSO.data.balancing", "PSO.feature.selection", "PSO.valid.acc", 
"PSO.test.acc", "PSO.train.time", "PSO.n.support.vectors", "PSO.index", 
"PSO.n.solutions", "PSO.generations", "PSO.n.evaluations", "PSO.cpu.time", 
"RS.cost", "RS.gamma", "RS.data.balancing", "RS.feature.selection", 
"RS.valid.acc", "RS.test.acc", "RS.train.time", "RS.n.support.vectors", 
"RS.index", "RS.n.solutions", "RS.generations", "RS.n.evaluations", 
"RS.cpu.time", "DF.cost", "DF.gamma", "DF.data.balancing", "DF.feature.selection", 
"DF.valid.acc", "DF.test.acc", "DF.train.time", "DF.n.support.vectors", 
"DF.index", "DF.n.solutions", "DF.generations", "DF.n.evaluations", 
"DF.cpu.time")))
