full <-
structure(c(50, 55, 60, 65, 70, 75, 80, 85, 90, 95, 100, 13.07251, 
11.65026, 6.40097, 7.02243, 11.61178, 6.50548, 10.08918, 15, 
4.2646, 8.6052, 4.73637, -3.84676, -1.19831, -4.03853, -4.98026, 
-8.65175, -0.94204, -8.27712, -9.28096, -2.09756, -3.80323, -3.2126, 
0, 0, 0, 0, 0, 0, 0, 0, 0, 0, 0, 0, 0, 0, 0, 0, 0, 0, 0, 0, 0, 
0, 0.85857, 0.81607, 0.86131, 0.81071, 0.82222, 0.80528, 0.83364, 
0.86303, 0.86061, 0.88636, 0.86772, 0.8419, 0.73929, 0.81607, 
0.75893, 0.77222, 0.79167, 0.82253, 0.82374, 0.86258, 0.84091, 
0.84196, 0.0107, 0.0107, 0.0101, 0.0113, 0.0137, 0.0114, 0.0148, 
0.0166, 0.0123, 0.0123, 0.013, 30.7, 44.9, 31.6, 33.2, 31.7, 
62.6, 40.1, 31.8, 58.1, 46.7, 52.9, 19, 28, 505, 42, 34, 112, 
10, 116, 29, 62, 1015, 1144, 1277, 45, 550, 491, 1227, 411, 46, 
1154, 510, 83, 100, 100, 100, 100, 100, 100, 100, 100, 100, 100, 
100, 2500, 2500, 2500, 2500, 2500, 2500, 2500, 2500, 2500, 2500, 
2500, 6901.716, 6834.621, 6837.53, 6719.17200000001, 6766.674, 
6712.15699999999, 6873.91799999999, 6914.859, 6779.28000000001, 
6817.761, 6799.076, 4.87981, 9.05173, 6.24363, 9.64123, 11.0679, 
7.45516, 14.1766, 8.61492, 3.78393, 12.13722, 5.54876, -3.0557, 
-1.05027, -3.9191, -7.34156, -8.27001, -0.87693, -8.16285, -6.27708, 
-1.80061, -6.56588, -3.63541, 0, 0, 0, 0, 0, 0, 0, 0, 0, 0, 0, 
0, 0, 0, 0, 0, 0, 0, 0, 0, 0, 0, 0.85857, 0.81607, 0.84881, 0.81071, 
0.82222, 0.80528, 0.83364, 0.85192, 0.86061, 0.88636, 0.86772, 
0.8419, 0.72262, 0.81607, 0.76071, 0.77222, 0.79167, 0.82253, 
0.82374, 0.8353, 0.85076, 0.8426, 0.0109, 0.0111, 0.012, 0.0116, 
0.0126, 0.0114, 0.0155, 0.0126, 0.0127, 0.0154, 0.0132, 33.1, 
46.3, 31.7, 31.7, 31.7, 63.3, 32.1, 40.5, 60.5, 37.9, 50.5, 41, 
15, 101, 112, 28, 152, 31, 57, 17, 20, 1138, 122, 24, 2, 87, 
66, 14, 60, 121, 93, 61, 1, 100, 100, 100, 100, 100, 100, 100, 
100, 100, 100, 100, 2500, 2500, 2500, 2500, 2500, 2500, 2500, 
2500, 2500, 2500, 2500, 6923.45, 6865.693, 6824.08300000001, 
6691.388, 6715.827, 6725.50900000001, 6811.43500000001, 6812.656, 
6810.66800000001, 6801.42600000001, 6786.51300000001, 1, 1, 1, 
1, 1, 1, 1, 1, 1, 1, 1, 0.33333, 0.33333, 0.33333, 0.33333, 0.33333, 
0.33333, 0.33333, 0.33333, 0.33333, 0.33333, 0.33333, 0, 0, 0, 
0, 0, 0, 0, 0, 0, 0, 0, 0, 0, 0, 0, 0, 0, 0, 0, 0, 0, 0, 0.69762, 
0.71786, 0.71964, 0.77143, 0.7375, 0.68, 0.70253, 0.75697, 0.74697, 
0.78106, 0.79184, 0.70571, 0.65536, 0.73393, 0.72321, 0.72361, 
0.69111, 0.72162, 0.76586, 0.77803, 0.77045, 0.81836, 0.0117, 
0.0111, 0.0106, 0.011, 0.0105, 0.0116, 0.0119, 0.0116, 0.0119, 
0.0117, 0.0129, 44, 45, 48.2, 51.5, 57, 60.1, 62.7, 65.7, 68.4, 
71.9, 78.3, 1, 1, 1, 1, 1, 1, 1, 1, 1, 1, 1, 1, 1, 1, 1, 1, 1, 
1, 1, 1, 1, 1, 1, 1, 1, 1, 1, 1, 1, 1, 1, 1, 1, 1, 1, 1, 1, 1, 
1, 1, 1, 1, 1, 1, 2.727, 2.754, 2.72, 2.684, 2.664, 2.702, 2.746, 
2.724, 2.705, 2.723, 2.671), .Dim = c(11L, 40L), .Dimnames = list(
    NULL, c("Sampling", "PSO.cost", "PSO.gamma", "PSO.data.balancing", 
    "PSO.feature.selection", "PSO.valid.acc", "PSO.test.acc", 
    "PSO.train.time", "PSO.n.support.vectors", "PSO.index", "PSO.n.solutions", 
    "PSO.generations", "PSO.n.evaluations", "PSO.cpu.time", "RS.cost", 
    "RS.gamma", "RS.data.balancing", "RS.feature.selection", 
    "RS.valid.acc", "RS.test.acc", "RS.train.time", "RS.n.support.vectors", 
    "RS.index", "RS.n.solutions", "RS.generations", "RS.n.evaluations", 
    "RS.cpu.time", "DF.cost", "DF.gamma", "DF.data.balancing", 
    "DF.feature.selection", "DF.valid.acc", "DF.test.acc", "DF.train.time", 
    "DF.n.support.vectors", "DF.index", "DF.n.solutions", "DF.generations", 
    "DF.n.evaluations", "DF.cpu.time")))
