full <-
structure(c(50, 55, 60, 65, 70, 75, 80, 85, 90, 95, 100, 14.39935, 
0.62839, 8.73216, 3.71332, 7.03822, 7.51245, 11.93994, 0.85007, 
1.43206, 13.22485, 14.46625, -0.57835, -1.74725, -6.48396, -2.67383, 
-5.13133, -5.20994, -0.90284, -1.04209, -2.03151, -9.291, -9.05176, 
0, 0, 0, 0, 0, 0, 0, 0, 0, 0, 0, 0, 0, 0, 0, 0, 0, 0, 0, 0, 0, 
0, 0.82286, 0.79048, 0.83393, 0.83393, 0.83194, 0.85722, 0.89889, 
0.85232, 0.85182, 0.8701, 0.87465, 0.73857, 0.75952, 0.71964, 
0.80714, 0.79722, 0.825, 0.86778, 0.84121, 0.81455, 0.86177, 
0.83362, 0.0093, 0.0098, 0.0107, 0.0104, 0.0105, 0.0106, 0.0105, 
0.0109, 0.0116, 0.0162, 0.0164, 47.6, 45.7, 27, 38.2, 31.5, 33.1, 
70.3, 71.8, 62, 33.7, 34.1, 88, 247, 6, 1789, 373, 718, 109, 
2349, 292, 21, 1934, 965, 133, 344, 10, 172, 76, 1059, 2, 116, 
1109, 9, 100, 100, 100, 100, 100, 100, 100, 100, 100, 100, 100, 
2500, 2500, 2500, 2500, 2500, 2500, 2500, 2500, 2500, 2500, 2500, 
6496.058, 6494.131, 6701.569, 6616.118, 6437.915, 6363.044, 6406.17, 
6469.40700000001, 6515.53099999999, 6620.224, 6576.319, 10.71384, 
0.32725, 11.57746, 4.15029, 6.65225, 7.24584, 8.19005, 10.56735, 
1.18483, 10.29901, 14.52739, -0.52936, -1.90431, -9.12325, -2.79876, 
-4.92245, -5.03683, -1.08488, -1.12576, -1.77521, -7.99938, -8.98568, 
0, 0, 0, 0, 0, 0, 0, 0, 0, 0, 0, 0, 0, 0, 0, 0, 0, 0, 0, 0, 0, 
0, 0.82286, 0.79048, 0.83393, 0.82143, 0.83194, 0.84722, 0.89889, 
0.83919, 0.85182, 0.8701, 0.87465, 0.73857, 0.75952, 0.71964, 
0.80714, 0.79722, 0.825, 0.87778, 0.8703, 0.81455, 0.85408, 0.83362, 
0.0095, 0.0097, 0.0117, 0.0096, 0.0101, 0.0097, 0.0104, 0.0109, 
0.0105, 0.0138, 0.0172, 47.6, 45.8, 26.5, 37.5, 32.3, 33.1, 68.5, 
69.1, 65.7, 40.9, 33.8, 20, 476, 33, 2075, 982, 909, 26, 30, 
2023, 38, 1779, 31, 5, 61, 1, 3, 1, 50, 118, 2, 84, 1, 100, 100, 
100, 100, 100, 100, 100, 100, 100, 100, 100, 2500, 2500, 2500, 
2500, 2500, 2500, 2500, 2500, 2500, 2500, 2500, 6522.374, 6526.836, 
6668.3, 6561.903, 6351.989, 6394.63, 6444.927, 6516, 6476.401, 
6477.363, 6547.66899999999, 1, 1, 1, 1, 1, 1, 1, 1, 1, 1, 1, 
0.33333, 0.33333, 0.33333, 0.33333, 0.33333, 0.33333, 0.33333, 
0.33333, 0.33333, 0.33333, 0.33333, 0, 0, 0, 0, 0, 0, 0, 0, 0, 
0, 0, 0, 0, 0, 0, 0, 0, 0, 0, 0, 0, 0, 0.80286, 0.7619, 0.7625, 
0.75714, 0.78056, 0.78167, 0.82556, 0.81414, 0.82545, 0.78351, 
0.78415, 0.75048, 0.74524, 0.73393, 0.75893, 0.77083, 0.77056, 
0.82556, 0.79303, 0.81545, 0.77226, 0.80093, 0.0095, 0.0099, 
0.01, 0.0102, 0.0095, 0.0105, 0.0105, 0.0112, 0.0105, 0.0112, 
0.0111, 44.2, 47.1, 51.4, 56.6, 58.9, 62.4, 67, 68.8, 73.3, 75.1, 
75.6, 1, 1, 1, 1, 1, 1, 1, 1, 1, 1, 1, 1, 1, 1, 1, 1, 1, 1, 1, 
1, 1, 1, 1, 1, 1, 1, 1, 1, 1, 1, 1, 1, 1, 1, 1, 1, 1, 1, 1, 1, 
1, 1, 1, 1, 2.622, 2.67, 2.685, 2.636, 2.436, 2.642, 2.499, 2.678, 
2.489, 2.496, 2.489), .Dim = c(11L, 40L), .Dimnames = list(NULL, 
    c("Sampling", "PSO.cost", "PSO.gamma", "PSO.data.balancing", 
    "PSO.feature.selection", "PSO.valid.acc", "PSO.test.acc", 
    "PSO.train.time", "PSO.n.support.vectors", "PSO.index", "PSO.n.solutions", 
    "PSO.generations", "PSO.n.evaluations", "PSO.cpu.time", "RS.cost", 
    "RS.gamma", "RS.data.balancing", "RS.feature.selection", 
    "RS.valid.acc", "RS.test.acc", "RS.train.time", "RS.n.support.vectors", 
    "RS.index", "RS.n.solutions", "RS.generations", "RS.n.evaluations", 
    "RS.cpu.time", "DF.cost", "DF.gamma", "DF.data.balancing", 
    "DF.feature.selection", "DF.valid.acc", "DF.test.acc", "DF.train.time", 
    "DF.n.support.vectors", "DF.index", "DF.n.solutions", "DF.generations", 
    "DF.n.evaluations", "DF.cpu.time")))
