full <-
structure(c(50, 55, 60, 65, 70, 75, 80, 85, 90, 95, 100, 0.17114, 
3.00732, 5.91951, 14.58246, 7.4009, 15, 9.86692, 2.16653, 8.60991, 
7.66295, 15, -2.39814, -0.62303, -4.04881, -8.26102, -3.48869, 
-8.15097, -5.10984, -1.33914, -3.19895, -4.47766, -9.93414, 0, 
0, 0, 0, 0, 0, 0, 0, 0, 0, 0, 0, 0, 0, 0, 0, 0, 0, 0, 0, 0, 0, 
0.80667, 0.76905, 0.83214, 0.83393, 0.84583, 0.81778, 0.85778, 
0.89273, 0.88182, 0.85758, 0.86632, 0.72143, 0.72619, 0.81786, 
0.83393, 0.7875, 0.75556, 0.83889, 0.85364, 0.85091, 0.83182, 
0.87541, 0.0101, 0.0109, 0.0099, 0.0143, 0.0115, 0.0149, 0.012, 
0.0123, 0.0135, 0.0144, 0.0205, 41.8, 51.2, 31.5, 24.4, 37.2, 
27, 35.5, 63.7, 48.2, 45.5, 35.2, 233, 123, 331, 192, 62, 229, 
28, 2202, 185, 96, 112, 96, 915, 360, 859, 1526, 1166, 1473, 
1, 1033, 1141, 1605, 100, 100, 100, 100, 100, 100, 100, 100, 
100, 100, 100, 2500, 2500, 2500, 2500, 2500, 2500, 2500, 2500, 
2500, 2500, 2500, 6997.719, 7044.227, 7040.62, 7042.147, 6975.832, 
6943.061, 7090.42600000001, 6941.909, 7116.421, 7144.28500000002, 
7252.22400000002, 8.0213, 13.57164, 6.25194, 7.93125, 9.01937, 
14.80824, 13.97824, 13.79452, 10.57388, 9.72882, 13.22915, -5.79658, 
-0.58111, -4.23326, -4.05938, -3.79313, -7.46431, -4.92068, -1.47656, 
-3.24748, -4.21035, -8.66469, 0, 0, 0, 0, 0, 0, 0, 0, 0, 0, 0, 
0, 0, 0, 0, 0, 0, 0, 0, 0, 0, 0, 0.80095, 0.76905, 0.83214, 0.83393, 
0.84583, 0.81778, 0.85778, 0.88273, 0.88182, 0.85758, 0.86632, 
0.77238, 0.72619, 0.81786, 0.79464, 0.7875, 0.75556, 0.83889, 
0.86364, 0.85091, 0.84091, 0.86632, 0.0101, 0.0101, 0.0109, 0.0107, 
0.0114, 0.0132, 0.0121, 0.0116, 0.0121, 0.012, 0.0161, 23.9, 
51.5, 30.6, 33.6, 35.9, 27.5, 36.4, 62.2, 48.1, 46.8, 37, 635, 
251, 500, 60, 20, 279, 8, 175, 25, 2, 174, 2, 8, 4, 6, 29, 15, 
113, 24, 6, 19, 12, 100, 100, 100, 100, 100, 100, 100, 100, 100, 
100, 100, 2500, 2500, 2500, 2500, 2500, 2500, 2500, 2500, 2500, 
2500, 2500, 7031.341, 7081.702, 7022.335, 6945.833, 6962.24600000001, 
7024.978, 7100.51700000001, 7144.023, 7101.583, 7113.06199999998, 
7124.77599999998, 1, 1, 1, 1, 1, 1, 1, 1, 1, 1, 1, 0.33333, 0.33333, 
0.33333, 0.33333, 0.33333, 0.33333, 0.33333, 0.33333, 0.33333, 
0.33333, 0.33333, 0, 0, 0, 0, 0, 0, 0, 0, 0, 0, 0, 0, 0, 0, 0, 
0, 0, 0, 0, 0, 0, 0, 0.79238, 0.70952, 0.69107, 0.65, 0.75833, 
0.67389, 0.77667, 0.73525, 0.84364, 0.7803, 0.82389, 0.70143, 
0.69286, 0.68929, 0.70357, 0.725, 0.70083, 0.78444, 0.77434, 
0.81636, 0.79697, 0.80647, 0.0104, 0.0132, 0.0109, 0.0108, 0.0111, 
0.0115, 0.0104, 0.0121, 0.0113, 0.0139, 0.0124, 43.3, 47.3, 51, 
55.9, 60.2, 60.2, 65.1, 68.6, 71.6, 74.2, 76, 1, 1, 1, 1, 1, 
1, 1, 1, 1, 1, 1, 1, 1, 1, 1, 1, 1, 1, 1, 1, 1, 1, 1, 1, 1, 1, 
1, 1, 1, 1, 1, 1, 1, 1, 1, 1, 1, 1, 1, 1, 1, 1, 1, 1, 2.838, 
2.844, 2.82, 2.753, 2.905, 2.856, 2.623, 2.883, 2.835, 2.841, 
2.856), .Dim = c(11L, 40L), .Dimnames = list(NULL, c("Sampling", 
"PSO.cost", "PSO.gamma", "PSO.data.balancing", "PSO.feature.selection", 
"PSO.valid.acc", "PSO.test.acc", "PSO.train.time", "PSO.n.support.vectors", 
"PSO.index", "PSO.n.solutions", "PSO.generations", "PSO.n.evaluations", 
"PSO.cpu.time", "RS.cost", "RS.gamma", "RS.data.balancing", "RS.feature.selection", 
"RS.valid.acc", "RS.test.acc", "RS.train.time", "RS.n.support.vectors", 
"RS.index", "RS.n.solutions", "RS.generations", "RS.n.evaluations", 
"RS.cpu.time", "DF.cost", "DF.gamma", "DF.data.balancing", "DF.feature.selection", 
"DF.valid.acc", "DF.test.acc", "DF.train.time", "DF.n.support.vectors", 
"DF.index", "DF.n.solutions", "DF.generations", "DF.n.evaluations", 
"DF.cpu.time")))
