full <-
structure(c(50, 55, 60, 65, 70, 75, 80, 85, 90, 95, 100, 8.58686, 
13.53874, 0.53083, -0.04815, 6.5573, 9.23168, 15, 4.7887, 5.7659, 
4.49572, 14.37071, -7.57302, -11.8433, -0.92432, -2.59017, -0.68908, 
-7.11709, -3.46517, -3.71911, -4.1092, -3.69768, -5.51433, 0, 
0, 0, 0, 0, 0, 0, 0, 0, 0, 0, 0, 0, 0, 0, 0, 0, 0, 0, 0, 0, 0, 
0.87381, 0.83333, 0.83095, 0.81786, 0.81806, 0.84917, 0.86606, 
0.87253, 0.87727, 0.88561, 0.87541, 0.84048, 0.82143, 0.83512, 
0.81786, 0.80833, 0.80194, 0.84495, 0.83141, 0.85182, 0.875, 
0.86568, 0.0113, 0.011, 0.0102, 0.01, 0.0103, 0.011, 0.0104, 
0.01, 0.0115, 0.0106, 0.0127, 24.8, 28.3, 56.1, 55.7, 63.5, 36.7, 
45.3, 47.2, 48.4, 51.3, 44.2, 230, 118, 561, 128, 37, 50, 62, 
334, 821, 48, 15, 66, 316, 61, 338, 1314, 587, 1169, 62, 84, 
367, 1454, 100, 100, 100, 100, 100, 100, 100, 100, 100, 100, 
100, 2500, 2500, 2500, 2500, 2500, 2500, 2500, 2500, 2500, 2500, 
2500, 8938.23, 6409.851, 6468.231, 6414.62, 6222.89, 6212.803, 
6211.98699999999, 6235.57800000001, 6253.262, 6251.394, 6240.155, 
14.41672, 12.0184, 0.41841, 5.03268, 10.62164, 9.25257, 12.54425, 
5.93371, 7.83607, 4.72013, 11.36461, -13.37672, -10.18018, -0.72238, 
-8.32692, -1.21516, -7.26764, -3.2448, -4.38534, -6.36007, -3.82829, 
-5.82959, 0, 0, 0, 0, 0, 0, 0, 0, 0, 0, 0, 0, 0, 0, 0, 0, 0, 
0, 0, 0, 0, 0, 0.87381, 0.83333, 0.83095, 0.81786, 0.81806, 0.84917, 
0.86606, 0.86343, 0.87, 0.88561, 0.87541, 0.84048, 0.82143, 0.83512, 
0.81786, 0.83056, 0.80194, 0.84495, 0.83343, 0.82364, 0.875, 
0.86568, 0.0113, 0.0111, 0.0099, 0.0093, 0.0098, 0.0109, 0.0107, 
0.011, 0.0115, 0.0116, 0.0143, 24.2, 28.1, 56.6, 53.1, 59.5, 
37.1, 47.1, 44.5, 45.8, 51.1, 43.8, 92, 56, 1730, 179, 181, 5, 
569, 452, 248, 1956, 65, 7, 19, 1, 54, 72, 14, 9, 1, 1, 2, 34, 
100, 100, 100, 100, 100, 100, 100, 100, 100, 100, 100, 2500, 
2500, 2500, 2500, 2500, 2500, 2500, 2500, 2500, 2500, 2500, 7194.316, 
6443.24, 6451.415, 6123.802, 6241.27299999999, 6208.29500000001, 
6212.825, 6251.58500000001, 6242.024, 6263.893, 6371.696, 1, 
1, 1, 1, 1, 1, 1, 1, 1, 1, 1, 0.33333, 0.33333, 0.33333, 0.33333, 
0.33333, 0.33333, 0.33333, 0.33333, 0.33333, 0.33333, 0.33333, 
0, 0, 0, 0, 0, 0, 0, 0, 0, 0, 0, 0, 0, 0, 0, 0, 0, 0, 0, 0, 0, 
0, 0.80619, 0.80476, 0.82083, 0.81607, 0.78472, 0.77806, 0.81586, 
0.78323, 0.78636, 0.78939, 0.80029, 0.82048, 0.77619, 0.82083, 
0.81607, 0.78472, 0.78806, 0.81697, 0.77323, 0.80545, 0.78864, 
0.80862, 0.0093, 0.0095, 0.0102, 0.0095, 0.0099, 0.0097, 0.0111, 
0.0102, 0.0117, 0.0106, 0.012, 45.2, 48.7, 54, 57.8, 60, 61.8, 
66, 66.5, 69.5, 73.6, 76.4, 1, 1, 1, 1, 1, 1, 1, 1, 1, 1, 1, 
1, 1, 1, 1, 1, 1, 1, 1, 1, 1, 1, 1, 1, 1, 1, 1, 1, 1, 1, 1, 1, 
1, 1, 1, 1, 1, 1, 1, 1, 1, 1, 1, 1, 2.52, 2.585, 2.552, 2.453, 
2.444, 2.367, 2.588, 2.432, 2.597, 2.369, 2.564), .Dim = c(11L, 
40L), .Dimnames = list(NULL, c("Sampling", "PSO.cost", "PSO.gamma", 
"PSO.data.balancing", "PSO.feature.selection", "PSO.valid.acc", 
"PSO.test.acc", "PSO.train.time", "PSO.n.support.vectors", "PSO.index", 
"PSO.n.solutions", "PSO.generations", "PSO.n.evaluations", "PSO.cpu.time", 
"RS.cost", "RS.gamma", "RS.data.balancing", "RS.feature.selection", 
"RS.valid.acc", "RS.test.acc", "RS.train.time", "RS.n.support.vectors", 
"RS.index", "RS.n.solutions", "RS.generations", "RS.n.evaluations", 
"RS.cpu.time", "DF.cost", "DF.gamma", "DF.data.balancing", "DF.feature.selection", 
"DF.valid.acc", "DF.test.acc", "DF.train.time", "DF.n.support.vectors", 
"DF.index", "DF.n.solutions", "DF.generations", "DF.n.evaluations", 
"DF.cpu.time")))
