full <-
structure(c(50, 55, 60, 65, 70, 75, 80, 85, 90, 95, 100, 7.7849, 
4.74856, 7.29521, 2.79557, 4.31555, 8.87544, 11.83029, 12.08198, 
11.04628, 9.89739, 6.58608, -1.12201, -2.0956, -2.02141, -1.15121, 
-3.16545, -6.27311, -1.79152, -2.38127, -6.50012, -1.5915, -0.75672, 
0, 0, 0, 0, 0, 0, 0, 0, 0, 0, 0, 0, 0, 0, 0, 0, 0, 0, 0, 0, 0, 
0, 0.85, 0.81369, 0.81607, 0.86786, 0.88056, 0.86, 0.88646, 0.88414, 
0.86182, 0.89455, 0.87477, 0.8, 0.79524, 0.84464, 0.825, 0.83016, 
0.84639, 0.86535, 0.89525, 0.83455, 0.86136, 0.86568, 0.0114, 
0.0116, 0.0113, 0.0118, 0.0116, 0.0128, 0.0122, 0.0121, 0.0147, 
0.0131, 0.014, 41.7, 36.1, 39.9, 51.7, 38.9, 34.1, 51.7, 49.9, 
37.1, 65.7, 85.7, 11, 72, 57, 23, 328, 409, 238, 154, 223, 58, 
7, 1626, 1103, 1550, 1495, 122, 51, 402, 1049, 72, 1218, 173, 
100, 100, 100, 100, 100, 100, 100, 100, 100, 100, 100, 2500, 
2500, 2500, 2500, 2500, 2500, 2500, 2500, 2500, 2500, 2500, 8783.907, 
8873.279, 8714.207, 8693.29199999999, 8615.45, 8588.605, 8577.70600000001, 
8559.024, 8649.65400000001, 8588.72, 8762.28, 9.04859, 13.32536, 
2.98647, 5.08896, 4.27117, 9.06307, 5.91093, 6.13704, 8.53078, 
11.40763, 5.08223, -1.4538, -2.09355, -2.09947, -3.9614, -3.10904, 
-6.44579, -1.79738, -2.41195, -5.2525, -1.61084, -0.7711, 0, 
0, 0, 0, 0, 0, 0, 0, 0, 0, 0, 0, 0, 0, 0, 0, 0, 0, 0, 0, 0, 0, 
0.85, 0.81369, 0.81607, 0.88393, 0.88056, 0.86, 0.88646, 0.88414, 
0.86182, 0.89455, 0.87477, 0.8, 0.79524, 0.83036, 0.81607, 0.83016, 
0.82417, 0.86535, 0.89525, 0.83455, 0.86136, 0.86568, 0.0101, 
0.0121, 0.0112, 0.0121, 0.0121, 0.0123, 0.0114, 0.013, 0.0126, 
0.0134, 0.0136, 38.5, 36.1, 38.8, 33.8, 39.2, 33.8, 51.7, 49.8, 
39.9, 65.6, 85.3, 3, 61, 150, 261, 2397, 1656, 175, 79, 740, 
344, 69, 84, 16, 26, 1, 1, 1, 6, 11, 3, 4, 53, 100, 100, 100, 
100, 100, 100, 100, 100, 100, 100, 100, 2500, 2500, 2500, 2500, 
2500, 2500, 2500, 2500, 2500, 2500, 2500, 8777.355, 8801.348, 
8670.576, 8762.05700000001, 8594.567, 8537.28999999999, 8536.575, 
8568.03899999999, 8572.98699999999, 8630.11499999999, 8724.856, 
1, 1, 1, 1, 1, 1, 1, 1, 1, 1, 1, 0.33333, 0.33333, 0.33333, 0.33333, 
0.33333, 0.33333, 0.33333, 0.33333, 0.33333, 0.33333, 0.33333, 
0, 0, 0, 0, 0, 0, 0, 0, 0, 0, 0, 0, 0, 0, 0, 0, 0, 0, 0, 0, 0, 
0, 0.68333, 0.70298, 0.68036, 0.72778, 0.7006, 0.76861, 0.76071, 
0.81687, 0.82545, 0.80076, 0.80798, 0.71667, 0.7125, 0.68214, 
0.69028, 0.73671, 0.77861, 0.7796, 0.75828, 0.82455, 0.77576, 
0.84068, 0.0113, 0.0117, 0.0116, 0.0112, 0.012, 0.0124, 0.0118, 
0.0127, 0.0125, 0.0132, 0.0129, 41.1, 43.1, 46, 50.8, 54.2, 57.6, 
61.3, 64.6, 67.4, 70.4, 76.6, 1, 1, 1, 1, 1, 1, 1, 1, 1, 1, 1, 
1, 1, 1, 1, 1, 1, 1, 1, 1, 1, 1, 1, 1, 1, 1, 1, 1, 1, 1, 1, 1, 
1, 1, 1, 1, 1, 1, 1, 1, 1, 1, 1, 1, 3.638, 3.596, 3.558, 3.528, 
3.487, 3.553, 3.374, 3.566, 3.408, 3.554, 3.47), .Dim = c(11L, 
40L), .Dimnames = list(NULL, c("Sampling", "PSO.cost", "PSO.gamma", 
"PSO.data.balancing", "PSO.feature.selection", "PSO.valid.acc", 
"PSO.test.acc", "PSO.train.time", "PSO.n.support.vectors", "PSO.index", 
"PSO.n.solutions", "PSO.generations", "PSO.n.evaluations", "PSO.cpu.time", 
"RS.cost", "RS.gamma", "RS.data.balancing", "RS.feature.selection", 
"RS.valid.acc", "RS.test.acc", "RS.train.time", "RS.n.support.vectors", 
"RS.index", "RS.n.solutions", "RS.generations", "RS.n.evaluations", 
"RS.cpu.time", "DF.cost", "DF.gamma", "DF.data.balancing", "DF.feature.selection", 
"DF.valid.acc", "DF.test.acc", "DF.train.time", "DF.n.support.vectors", 
"DF.index", "DF.n.solutions", "DF.generations", "DF.n.evaluations", 
"DF.cpu.time")))
