full <-
structure(c(50, 55, 60, 65, 70, 75, 80, 85, 90, 95, 100, 5.03206, 
2.18367, 8.65565, 6.77227, 15, 14.8149, 11.82958, 13.83054, 15, 
15, 7.31595, -6.45391, -3.64472, -5.64584, -4.71714, -1.07713, 
-8.53183, -6.8549, -5.53998, -0.53644, -11.47676, -4.12538, 0, 
0, 0, 0, 0, 0, 0, 0, 0, 0, 0, 0, 0, 0, 0, 0, 0, 0, 0, 0, 0, 0, 
0.84905, 0.7881, 0.80476, 0.7875, 0.82083, 0.88861, 0.83778, 
0.88253, 0.85091, 0.88636, 0.87348, 0.84905, 0.75893, 0.76488, 
0.74821, 0.78194, 0.8125, 0.82444, 0.82525, 0.83273, 0.85152, 
0.88258, 0.0116, 0.0102, 0.0115, 0.0111, 0.0111, 0.0156, 0.0133, 
0.0127, 0.0126, 0.0259, 0.0132, 37.2, 40.5, 30, 32, 59, 29.6, 
33.1, 36.3, 80.1, 38.1, 50.1, 138, 103, 421, 1809, 58, 1103, 
270, 5, 184, 339, 51, 127, 130, 193, 1, 1344, 61, 258, 1685, 
236, 46, 280, 100, 100, 100, 100, 100, 100, 100, 100, 100, 100, 
100, 2500, 2500, 2500, 2500, 2500, 2500, 2500, 2500, 2500, 2500, 
2500, 6843.172, 6950.241, 6886.086, 6489.361, 6862.443, 6893.448, 
6780.546, 6673.19499999999, 6677.522, 6921.91500000001, 7065.84100000001, 
3.01529, 9.24595, 8.21011, 7.55397, 12.4068, 14.72048, 10.84555, 
14.48785, 4.61368, 12.78256, 3.63562, -4.35239, -10.9496, -5.61067, 
-5.25009, -1.16899, -8.48405, -6.34316, -4.37895, -0.53678, -9.25461, 
-2.88554, 0, 0, 0, 0, 0, 0, 0, 0, 0, 0, 0, 0, 0, 0, 0, 0, 0, 
0, 0, 0, 0, 0, 0.84905, 0.7881, 0.80476, 0.775, 0.82083, 0.88861, 
0.83778, 0.88253, 0.85091, 0.88636, 0.87413, 0.84905, 0.75893, 
0.7506, 0.74821, 0.77083, 0.8125, 0.81444, 0.82525, 0.83273, 
0.84242, 0.85886, 0.0103, 0.0107, 0.0111, 0.0105, 0.0131, 0.0152, 
0.0129, 0.0122, 0.0125, 0.0168, 0.0122, 37.7, 38.8, 31.4, 30.3, 
58, 29.7, 33.7, 40.2, 80.1, 38.5, 55.5, 335, 317, 543, 26, 28, 
1569, 166, 20, 1, 356, 1808, 13, 19, 10, 6, 17, 1, 4, 81, 2, 
1, 2, 100, 100, 100, 100, 100, 100, 100, 100, 100, 100, 100, 
2500, 2500, 2500, 2500, 2500, 2500, 2500, 2500, 2500, 2500, 2500, 
6913.487, 6974.904, 6791.2, 6638.844, 6752.02699999999, 6832.95, 
6694.25099999999, 6662.208, 6606.266, 6907.537, 6930.122, 1, 
1, 1, 1, 1, 1, 1, 1, 1, 1, 1, 0.33333, 0.33333, 0.33333, 0.33333, 
0.33333, 0.33333, 0.33333, 0.33333, 0.33333, 0.33333, 0.33333, 
0, 0, 0, 0, 0, 0, 0, 0, 0, 0, 0, 0, 0, 0, 0, 0, 0, 0, 0, 0, 0, 
0, 0.67286, 0.72202, 0.75298, 0.70893, 0.72083, 0.74306, 0.78222, 
0.80525, 0.79636, 0.80682, 0.80682, 0.66952, 0.68929, 0.70952, 
0.72143, 0.70139, 0.76667, 0.75222, 0.78525, 0.79545, 0.81591, 
0.80886, 0.0101, 0.0109, 0.0095, 0.0099, 0.0111, 0.011, 0.0111, 
0.0109, 0.0119, 0.0124, 0.0128, 43.8, 47.2, 51.4, 54.6, 57.8, 
61.3, 65.4, 67.9, 71.9, 74.9, 76.2, 1, 1, 1, 1, 1, 1, 1, 1, 1, 
1, 1, 1, 1, 1, 1, 1, 1, 1, 1, 1, 1, 1, 1, 1, 1, 1, 1, 1, 1, 1, 
1, 1, 1, 1, 1, 1, 1, 1, 1, 1, 1, 1, 1, 1, 2.778, 2.8, 2.577, 
2.542, 2.648, 2.671, 2.647, 2.503, 2.671, 2.801, 2.742), .Dim = c(11L, 
40L), .Dimnames = list(NULL, c("Sampling", "PSO.cost", "PSO.gamma", 
"PSO.data.balancing", "PSO.feature.selection", "PSO.valid.acc", 
"PSO.test.acc", "PSO.train.time", "PSO.n.support.vectors", "PSO.index", 
"PSO.n.solutions", "PSO.generations", "PSO.n.evaluations", "PSO.cpu.time", 
"RS.cost", "RS.gamma", "RS.data.balancing", "RS.feature.selection", 
"RS.valid.acc", "RS.test.acc", "RS.train.time", "RS.n.support.vectors", 
"RS.index", "RS.n.solutions", "RS.generations", "RS.n.evaluations", 
"RS.cpu.time", "DF.cost", "DF.gamma", "DF.data.balancing", "DF.feature.selection", 
"DF.valid.acc", "DF.test.acc", "DF.train.time", "DF.n.support.vectors", 
"DF.index", "DF.n.solutions", "DF.generations", "DF.n.evaluations", 
"DF.cpu.time")))
