full <-
structure(c(50, 55, 60, 65, 70, 75, 80, 85, 90, 95, 100, 13.91433, 
4.55016, 6.07184, 15, 5.22577, 10.94728, 5.03674, 7.16369, 15, 
12.04271, 14.67222, -1.54248, -1.48332, -1.20363, -1.41549, -1.50645, 
-7.01711, -1.25665, -1.2225, -8.61541, -9.22021, -6.53218, 0, 
0, 0, 0, 0, 0, 0, 0, 0, 0, 0, 0, 0, 0, 0, 0, 0, 0, 0, 0, 0, 0, 
0.87905, 0.8619, 0.83175, 0.87143, 0.84556, 0.8575, 0.87222, 
0.86434, 0.89818, 0.89545, 0.88374, 0.86476, 0.85952, 0.82381, 
0.83214, 0.87306, 0.81306, 0.85222, 0.85343, 0.89727, 0.90379, 
0.84207, 0.0101, 0.0108, 0.0109, 0.0106, 0.011, 0.0131, 0.0123, 
0.0117, 0.0171, 0.017, 0.0163, 44.6, 49.6, 54.1, 56.1, 57.3, 
30.6, 65.9, 69.3, 29.9, 38.8, 41.8, 77, 14, 250, 277, 213, 155, 
33, 342, 60, 23, 19, 1233, 1418, 593, 723, 966, 158, 281, 901, 
392, 377, 1726, 100, 100, 100, 100, 100, 100, 100, 100, 100, 
100, 100, 2500, 2500, 2500, 2500, 2500, 2500, 2500, 2500, 2500, 
2500, 2500, 6925.287, 7148.07, 7190.335, 6874.981, 7013.981, 
7283.598, 7238.105, 7254.88299999999, 6951.78999999999, 7042.24799999999, 
7051.992, 14.1434, 9.00051, 14.54184, 14.24008, 9.34638, 11.15251, 
10.84752, 2.96395, 14.12482, 13.15907, 14.83404, -1.60672, -1.31073, 
-1.22143, -1.39839, -1.59563, -7.137, -1.23452, -1.88925, -8.31257, 
-10.23961, -7.0344, 0, 0, 0, 0, 0, 0, 0, 0, 0, 0, 0, 0, 0, 0, 
0, 0, 0, 0, 0, 0, 0, 0, 0.87905, 0.8619, 0.83175, 0.87143, 0.84556, 
0.8575, 0.87222, 0.87343, 0.89818, 0.89545, 0.88374, 0.86143, 
0.8619, 0.82381, 0.83214, 0.87306, 0.81306, 0.85222, 0.87253, 
0.88818, 0.90379, 0.84207, 0.0105, 0.0106, 0.0113, 0.0117, 0.0121, 
0.0127, 0.0116, 0.0125, 0.0174, 0.0207, 0.0168, 44.5, 50.1, 53.9, 
56.3, 56.3, 30.6, 66, 58.8, 31.1, 38.2, 40.6, 272, 130, 123, 
767, 274, 222, 308, 63, 271, 29, 17, 26, 62, 17, 3, 9, 1, 14, 
1, 6, 17, 20, 100, 100, 100, 100, 100, 100, 100, 100, 100, 100, 
100, 2500, 2500, 2500, 2500, 2500, 2500, 2500, 2500, 2500, 2500, 
2500, 7080.582, 7184.56, 7057.968, 7132.048, 7236.501, 7259.886, 
7209.84699999999, 6982.819, 6957.40700000001, 6900.29800000001, 
7022.71600000001, 1, 1, 1, 1, 1, 1, 1, 1, 1, 1, 1, 0.33333, 0.33333, 
0.33333, 0.33333, 0.33333, 0.33333, 0.33333, 0.33333, 0.33333, 
0.33333, 0.33333, 0, 0, 0, 0, 0, 0, 0, 0, 0, 0, 0, 0, 0, 0, 0, 
0, 0, 0, 0, 0, 0, 0, 0.7781, 0.79762, 0.80635, 0.78214, 0.78833, 
0.78972, 0.82111, 0.78778, 0.77727, 0.8, 0.80862, 0.80048, 0.76429, 
0.83492, 0.81964, 0.79944, 0.78972, 0.83222, 0.7898, 0.77727, 
0.78106, 0.75903, 0.0105, 0.0103, 0.0103, 0.0108, 0.0104, 0.0111, 
0.0117, 0.011, 0.0112, 0.0128, 0.0116, 46.8, 51.4, 54.5, 58.6, 
62.1, 66.1, 68, 70.3, 72.1, 72.8, 76.9, 1, 1, 1, 1, 1, 1, 1, 
1, 1, 1, 1, 1, 1, 1, 1, 1, 1, 1, 1, 1, 1, 1, 1, 1, 1, 1, 1, 1, 
1, 1, 1, 1, 1, 1, 1, 1, 1, 1, 1, 1, 1, 1, 1, 1, 2.839, 2.897, 
2.763, 2.841, 2.883, 2.845, 2.872, 2.657, 2.632, 2.815, 2.624
), .Dim = c(11L, 40L), .Dimnames = list(NULL, c("Sampling", "PSO.cost", 
"PSO.gamma", "PSO.data.balancing", "PSO.feature.selection", "PSO.valid.acc", 
"PSO.test.acc", "PSO.train.time", "PSO.n.support.vectors", "PSO.index", 
"PSO.n.solutions", "PSO.generations", "PSO.n.evaluations", "PSO.cpu.time", 
"RS.cost", "RS.gamma", "RS.data.balancing", "RS.feature.selection", 
"RS.valid.acc", "RS.test.acc", "RS.train.time", "RS.n.support.vectors", 
"RS.index", "RS.n.solutions", "RS.generations", "RS.n.evaluations", 
"RS.cpu.time", "DF.cost", "DF.gamma", "DF.data.balancing", "DF.feature.selection", 
"DF.valid.acc", "DF.test.acc", "DF.train.time", "DF.n.support.vectors", 
"DF.index", "DF.n.solutions", "DF.generations", "DF.n.evaluations", 
"DF.cpu.time")))
