full <-
structure(c(50, 55, 60, 65, 70, 75, 80, 85, 90, 95, 100, 10.03566, 
5.13324, 12.84767, 11.37873, 14.41944, 7.29147, 12.86311, 6.49139, 
3.13005, 11.1442, 12.87485, -5.67066, -4.11429, -6.37228, -8.79644, 
-2.7531, -4.53578, -4.44962, -1.82163, -2.33955, -7.70758, -7.6098, 
0, 0, 0, 0, 0, 0, 0, 0, 0, 0, 0, 0, 0, 0, 0, 0, 0, 0, 0, 0, 0, 
0, 0.77857, 0.83095, 0.83869, 0.86786, 0.85917, 0.85889, 0.83222, 
0.89545, 0.89455, 0.87488, 0.85723, 0.75952, 0.76905, 0.85119, 
0.84286, 0.78667, 0.84889, 0.79333, 0.86909, 0.86727, 0.88258, 
0.81597, 0.0101, 0.0093, 0.0104, 0.0116, 0.0098, 0.0105, 0.0102, 
0.0109, 0.0113, 0.0132, 0.0152, 23.2, 30.7, 24.6, 26.9, 41.9, 
32.2, 36.3, 56, 53.6, 36.3, 37, 29, 121, 81, 32, 13, 116, 29, 
238, 247, 440, 388, 1465, 556, 1417, 609, 1182, 415, 1248, 832, 
418, 47, 113, 100, 100, 100, 100, 100, 100, 100, 100, 100, 100, 
100, 2500, 2500, 2500, 2500, 2500, 2500, 2500, 2500, 2500, 2500, 
2500, 6376.257, 6524.809, 6293.474, 6274.274, 6228.619, 6263.41800000001, 
6275.20299999999, 6293.69500000001, 6329.68699999999, 6377.838, 
6513.825, 14.40997, 5.14147, 12.96933, 14.75084, 8.22114, 7.37461, 
3.33253, 10.29273, 3.3535, 10.73363, 13.24673, -5.26394, -4.25449, 
-6.52897, -12.16396, -2.72446, -4.66375, -5.01322, -1.84212, 
-2.44791, -7.50275, -7.79592, 0, 0, 0, 0, 0, 0, 0, 0, 0, 0, 0, 
0, 0, 0, 0, 0, 0, 0, 0, 0, 0, 0, 0.77857, 0.83095, 0.83869, 0.86786, 
0.85917, 0.85889, 0.83444, 0.89545, 0.89455, 0.87488, 0.85723, 
0.75952, 0.76905, 0.85119, 0.84286, 0.78667, 0.84889, 0.80444, 
0.86909, 0.86727, 0.88258, 0.81597, 0.0093, 0.009, 0.01, 0.0129, 
0.0093, 0.0101, 0.0103, 0.0118, 0.011, 0.0127, 0.015, 24.5, 30.7, 
24.6, 26.5, 42.1, 31.9, 51.3, 55.8, 52.8, 37, 36.9, 47, 884, 
39, 93, 953, 163, 348, 974, 20, 129, 247, 49, 3, 27, 38, 6, 5, 
3, 5, 4, 4, 2, 100, 100, 100, 100, 100, 100, 100, 100, 100, 100, 
100, 2500, 2500, 2500, 2500, 2500, 2500, 2500, 2500, 2500, 2500, 
2500, 6513.593, 6537.596, 6230.86699999999, 6243.521, 6210.036, 
6272.451, 6291.72, 6297.708, 6318.50200000001, 6367.909, 6359.65299999999, 
1, 1, 1, 1, 1, 1, 1, 1, 1, 1, 1, 0.33333, 0.33333, 0.33333, 0.33333, 
0.33333, 0.33333, 0.33333, 0.33333, 0.33333, 0.33333, 0.33333, 
0, 0, 0, 0, 0, 0, 0, 0, 0, 0, 0, 0, 0, 0, 0, 0, 0, 0, 0, 0, 0, 
0, 0.63238, 0.65, 0.69762, 0.70357, 0.77667, 0.80028, 0.80444, 
0.81556, 0.81182, 0.78829, 0.76748, 0.69429, 0.67143, 0.6869, 
0.71607, 0.80306, 0.83361, 0.80333, 0.82576, 0.79364, 0.78916, 
0.77517, 0.0091, 0.0095, 0.0097, 0.0098, 0.01, 0.0104, 0.011, 
0.011, 0.0108, 0.0119, 0.0112, 43.1, 46.6, 50.2, 54.8, 59.3, 
61.3, 63.3, 67.9, 70.4, 73.8, 77.6, 1, 1, 1, 1, 1, 1, 1, 1, 1, 
1, 1, 1, 1, 1, 1, 1, 1, 1, 1, 1, 1, 1, 1, 1, 1, 1, 1, 1, 1, 1, 
1, 1, 1, 1, 1, 1, 1, 1, 1, 1, 1, 1, 1, 1, 2.59, 2.61, 2.554, 
2.493, 2.491, 2.55, 2.563, 2.56, 2.481, 2.62, 2.446), .Dim = c(11L, 
40L), .Dimnames = list(NULL, c("Sampling", "PSO.cost", "PSO.gamma", 
"PSO.data.balancing", "PSO.feature.selection", "PSO.valid.acc", 
"PSO.test.acc", "PSO.train.time", "PSO.n.support.vectors", "PSO.index", 
"PSO.n.solutions", "PSO.generations", "PSO.n.evaluations", "PSO.cpu.time", 
"RS.cost", "RS.gamma", "RS.data.balancing", "RS.feature.selection", 
"RS.valid.acc", "RS.test.acc", "RS.train.time", "RS.n.support.vectors", 
"RS.index", "RS.n.solutions", "RS.generations", "RS.n.evaluations", 
"RS.cpu.time", "DF.cost", "DF.gamma", "DF.data.balancing", "DF.feature.selection", 
"DF.valid.acc", "DF.test.acc", "DF.train.time", "DF.n.support.vectors", 
"DF.index", "DF.n.solutions", "DF.generations", "DF.n.evaluations", 
"DF.cpu.time")))
