full <-
structure(c(50, 55, 60, 65, 70, 75, 80, 85, 90, 95, 100, 5.27202, 
1.623, 1.40206, 2.00461, 1.83213, 0.66777, 11.99512, 4.07831, 
11.44848, 15, 3.30696, -7.2092, -0.88513, -2.60918, -2.47059, 
-1.01187, -1.73352, -6.92441, -2.71467, -7.22877, -0.70017, -2.0151, 
0, 0, 0, 0, 0, 0, 0, 0, 0, 0, 0, 0, 0, 0, 0, 0, 0, 0, 0, 0, 0, 
0, 0.79571, 0.7744, 0.74881, 0.85536, 0.82083, 0.85583, 0.83495, 
0.83414, 0.87, 0.88409, 0.89143, 0.74571, 0.67917, 0.70714, 0.81607, 
0.75972, 0.80028, 0.79182, 0.81414, 0.82364, 0.84924, 0.84977, 
0.0096, 0.0099, 0.0098, 0.01, 0.0105, 0.0106, 0.0136, 0.0104, 
0.0132, 0.0124, 0.0126, 36.2, 50.8, 45.7, 44.9, 61, 59.4, 35.3, 
51.1, 35, 83.6, 63.3, 55, 408, 12, 180, 448, 1322, 286, 392, 
1058, 102, 133, 308, 395, 617, 589, 115, 74, 66, 259, 20, 1231, 
724, 100, 100, 100, 100, 100, 100, 100, 100, 100, 100, 100, 2500, 
2500, 2500, 2500, 2500, 2500, 2500, 2500, 2500, 2500, 2500, 6361.74, 
6455.824, 6514.398, 6473.247, 6476.56600000001, 6408.932, 6417.575, 
6334.575, 6455.883, 6467.461, 6422.18499999998, 2.86173, 1.58063, 
1.00745, 1.34862, 1.64945, 0.92225, 12.55378, 8.29545, 12.01304, 
12.40558, 3.62433, -4.91151, -0.89069, -2.1493, -1.67651, -0.77735, 
-1.9832, -7.24112, -2.86543, -7.53095, -0.67551, -2.48603, 0, 
0, 0, 0, 0, 0, 0, 0, 0, 0, 0, 0, 0, 0, 0, 0, 0, 0, 0, 0, 0, 0, 
0.79571, 0.7744, 0.74881, 0.85536, 0.82083, 0.85583, 0.83495, 
0.82414, 0.87, 0.88409, 0.89143, 0.76238, 0.69583, 0.71964, 0.82857, 
0.77222, 0.80028, 0.79182, 0.81414, 0.83273, 0.84924, 0.86643, 
0.0086, 0.0097, 0.0101, 0.0093, 0.0109, 0.01, 0.0133, 0.0109, 
0.0135, 0.0115, 0.012, 36.8, 50.8, 48.1, 51.4, 63.5, 57.1, 34.7, 
49.8, 34.8, 84.2, 58.5, 26, 2493, 284, 2038, 981, 1075, 458, 
1928, 772, 211, 122, 62, 1, 7, 1, 1, 1, 1, 1, 4, 73, 5, 100, 
100, 100, 100, 100, 100, 100, 100, 100, 100, 100, 2500, 2500, 
2500, 2500, 2500, 2500, 2500, 2500, 2500, 2500, 2500, 6415.711, 
6499.55, 6501.772, 6426.985, 6468.06, 6414.47199999999, 6378.823, 
6397.24400000001, 6410.10399999999, 6414.62699999999, 6452.114, 
1, 1, 1, 1, 1, 1, 1, 1, 1, 1, 1, 0.33333, 0.33333, 0.33333, 0.33333, 
0.33333, 0.33333, 0.33333, 0.33333, 0.33333, 0.33333, 0.33333, 
0, 0, 0, 0, 0, 0, 0, 0, 0, 0, 0, 0, 0, 0, 0, 0, 0, 0, 0, 0, 0, 
0, 0.71476, 0.70833, 0.71786, 0.77063, 0.7375, 0.81, 0.70606, 
0.76192, 0.80727, 0.8053, 0.80874, 0.66714, 0.70833, 0.70893, 
0.78036, 0.7625, 0.77528, 0.71939, 0.75394, 0.79636, 0.82273, 
0.81707, 0.0094, 0.0095, 0.0098, 0.0105, 0.0101, 0.0097, 0.0112, 
0.0107, 0.0115, 0.012, 0.0116, 42, 49.5, 51.1, 53.8, 57.8, 61.5, 
65.5, 69.8, 70.9, 75.5, 74.8, 1, 1, 1, 1, 1, 1, 1, 1, 1, 1, 1, 
1, 1, 1, 1, 1, 1, 1, 1, 1, 1, 1, 1, 1, 1, 1, 1, 1, 1, 1, 1, 1, 
1, 1, 1, 1, 1, 1, 1, 1, 1, 1, 1, 1, 2.587, 2.598, 2.612, 2.604, 
2.535, 2.421, 2.575, 2.514, 2.594, 2.635, 2.537), .Dim = c(11L, 
40L), .Dimnames = list(NULL, c("Sampling", "PSO.cost", "PSO.gamma", 
"PSO.data.balancing", "PSO.feature.selection", "PSO.valid.acc", 
"PSO.test.acc", "PSO.train.time", "PSO.n.support.vectors", "PSO.index", 
"PSO.n.solutions", "PSO.generations", "PSO.n.evaluations", "PSO.cpu.time", 
"RS.cost", "RS.gamma", "RS.data.balancing", "RS.feature.selection", 
"RS.valid.acc", "RS.test.acc", "RS.train.time", "RS.n.support.vectors", 
"RS.index", "RS.n.solutions", "RS.generations", "RS.n.evaluations", 
"RS.cpu.time", "DF.cost", "DF.gamma", "DF.data.balancing", "DF.feature.selection", 
"DF.valid.acc", "DF.test.acc", "DF.train.time", "DF.n.support.vectors", 
"DF.index", "DF.n.solutions", "DF.generations", "DF.n.evaluations", 
"DF.cpu.time")))
