full <-
structure(c(50, 55, 60, 65, 70, 75, 80, 85, 90, 95, 100, 8.50948, 
8.55321, 14.04357, 10.33441, 12.48097, 11.25571, 10.45077, 4.68214, 
3.86736, 13.50638, 10.19914, -6.03297, -4.97059, -10.79993, -6.65365, 
-8.847, -7.78672, -3.08839, -2.74714, -1.20417, -9.78455, -6.91143, 
0, 0, 0, 0, 0, 0, 0, 0, 0, 0, 0, 0, 0, 0, 0, 0, 0, 0, 0, 0, 0, 
0, 0.83381, 0.88333, 0.84107, 0.89921, 0.86944, 0.87722, 0.84697, 
0.85505, 0.88, 0.86958, 0.88106, 0.77952, 0.79048, 0.80357, 0.84425, 
0.91528, 0.825, 0.82808, 0.84303, 0.86091, 0.85204, 0.86515, 
0.0099, 0.01, 0.0125, 0.0105, 0.0127, 0.012, 0.0108, 0.011, 0.012, 
0.0165, 0.0135, 23.9, 26.7, 23.6, 25.6, 28.6, 30.3, 44.6, 48.4, 
68.7, 32.6, 39.9, 32, 275, 133, 36, 65, 175, 22, 942, 28, 18, 
476, 387, 173, 154, 296, 1111, 101, 972, 186, 751, 567, 101, 
100, 100, 100, 100, 100, 100, 100, 100, 100, 100, 100, 2500, 
2500, 2500, 2500, 2500, 2500, 2500, 2500, 2500, 2500, 2500, 6599.589, 
6664.751, 6683.871, 6599.476, 6674.92, 6387.514, 6584.106, 6477.008, 
6603.349, 6835.001, 6777.97099999999, 11.649, 8.35666, 14.87153, 
10.40354, 11.71993, 11.94549, 12.41569, 3.28773, 13.63561, 13.1165, 
10.09222, -9.06268, -5.03316, -11.58571, -6.89115, -8.54105, 
-8.51101, -3.28615, -2.74083, -1.17206, -10.01032, -6.8151, 0, 
0, 0, 0, 0, 0, 0, 0, 0, 0, 0, 0, 0, 0, 0, 0, 0, 0, 0, 0, 0, 0, 
0.83381, 0.88333, 0.84107, 0.89921, 0.86944, 0.87722, 0.84697, 
0.85303, 0.88, 0.86958, 0.88106, 0.76286, 0.79048, 0.80357, 0.84425, 
0.89028, 0.825, 0.82808, 0.83283, 0.86091, 0.84295, 0.86515, 
0.0106, 0.0097, 0.0134, 0.0106, 0.013, 0.0132, 0.0108, 0.0111, 
0.012, 0.017, 0.0132, 23.1, 27.2, 23.3, 25.5, 29.8, 30.2, 43.6, 
49.7, 69.7, 35.2, 40.1, 86, 1135, 679, 78, 24, 233, 150, 1437, 
30, 102, 273, 36, 3, 4, 19, 40, 4, 31, 1, 80, 25, 1, 100, 100, 
100, 100, 100, 100, 100, 100, 100, 100, 100, 2500, 2500, 2500, 
2500, 2500, 2500, 2500, 2500, 2500, 2500, 2500, 6629.385, 6708.813, 
6594.476, 6573.505, 6351.83300000001, 6365.175, 6616.61, 6585.06299999999, 
6587.822, 6757.52299999999, 6820.823, 1, 1, 1, 1, 1, 1, 1, 1, 
1, 1, 1, 0.33333, 0.33333, 0.33333, 0.33333, 0.33333, 0.33333, 
0.33333, 0.33333, 0.33333, 0.33333, 0.33333, 0, 0, 0, 0, 0, 0, 
0, 0, 0, 0, 0, 0, 0, 0, 0, 0, 0, 0, 0, 0, 0, 0, 0.77429, 0.75, 
0.68452, 0.79385, 0.78472, 0.84528, 0.81586, 0.82303, 0.82364, 
0.80256, 0.81632, 0.76095, 0.73333, 0.73333, 0.79067, 0.80972, 
0.83278, 0.82404, 0.80576, 0.79727, 0.77529, 0.81632, 0.0095, 
0.0102, 0.0101, 0.0102, 0.0103, 0.0106, 0.0126, 0.0112, 0.0113, 
0.0117, 0.0124, 43.7, 46.6, 50.9, 54.3, 57.3, 61.1, 64.9, 66.8, 
70, 74.9, 76.5, 1, 1, 1, 1, 1, 1, 1, 1, 1, 1, 1, 1, 1, 1, 1, 
1, 1, 1, 1, 1, 1, 1, 1, 1, 1, 1, 1, 1, 1, 1, 1, 1, 1, 1, 1, 1, 
1, 1, 1, 1, 1, 1, 1, 1, 2.618, 2.645, 2.625, 2.613, 2.606, 2.64, 
2.645, 2.656, 2.651, 2.673, 2.746), .Dim = c(11L, 40L), .Dimnames = list(
    NULL, c("Sampling", "PSO.cost", "PSO.gamma", "PSO.data.balancing", 
    "PSO.feature.selection", "PSO.valid.acc", "PSO.test.acc", 
    "PSO.train.time", "PSO.n.support.vectors", "PSO.index", "PSO.n.solutions", 
    "PSO.generations", "PSO.n.evaluations", "PSO.cpu.time", "RS.cost", 
    "RS.gamma", "RS.data.balancing", "RS.feature.selection", 
    "RS.valid.acc", "RS.test.acc", "RS.train.time", "RS.n.support.vectors", 
    "RS.index", "RS.n.solutions", "RS.generations", "RS.n.evaluations", 
    "RS.cpu.time", "DF.cost", "DF.gamma", "DF.data.balancing", 
    "DF.feature.selection", "DF.valid.acc", "DF.test.acc", "DF.train.time", 
    "DF.n.support.vectors", "DF.index", "DF.n.solutions", "DF.generations", 
    "DF.n.evaluations", "DF.cpu.time")))
