full <-
structure(c(50, 55, 60, 65, 70, 75, 80, 85, 90, 95, 100, 9.04643, 
13.91462, 4.90951, 5.62207, 7.92506, 7.15608, 11.16411, 13.0945, 
6.57257, 13.0663, 15, -5.93425, -8.7867, -4.51308, -3.76142, 
-5.17334, -5.85103, -4.52714, -10.16127, -4.50776, -1.03422, 
-10.83016, 0, 0, 0, 0, 0, 0, 0, 0, 0, 0, 0, 0, 0, 0, 0, 0, 0, 
0, 0, 0, 0, 0, 0.83, 0.86429, 0.84643, 0.9246, 0.81865, 0.86778, 
0.87515, 0.86545, 0.86, 0.85064, 0.8676, 0.73, 0.83333, 0.81964, 
0.89782, 0.79325, 0.86778, 0.84404, 0.81545, 0.82364, 0.8514, 
0.85221, 0.0102, 0.0129, 0.0104, 0.0101, 0.0112, 0.0116, 0.0123, 
0.0181, 0.0122, 0.0122, 0.0246, 22.1, 21.2, 31.7, 34.4, 31.5, 
35.5, 36.8, 36.4, 40.9, 77.5, 36.9, 309, 1050, 378, 521, 382, 
31, 18, 40, 1834, 165, 52, 144, 24, 157, 212, 263, 566, 1272, 
773, 22, 199, 1109, 100, 100, 100, 100, 100, 100, 100, 100, 100, 
100, 100, 2500, 2500, 2500, 2500, 2500, 2500, 2500, 2500, 2500, 
2500, 2500, 7086.042, 7036.585, 7134.97, 7030.227, 6993.357, 
6976.76000000001, 6905.43799999999, 7205.20300000001, 7143.91799999999, 
7063.19799999999, 6965.29300000001, 9.67804, 2.5085, 3.69179, 
5.74607, 7.76596, 5.88722, 10.78931, 11.24622, 7.08765, 5.79245, 
13.04341, -6.45428, -3.13271, -3.44009, -3.83597, -5.14209, -4.56753, 
-5.15518, -8.43447, -4.8266, -1.0598, -8.91626, 0, 0, 0, 0, 0, 
0, 0, 0, 0, 0, 0, 0, 0, 0, 0, 0, 0, 0, 0, 0, 0, 0, 0.81333, 0.86429, 
0.83214, 0.9246, 0.81865, 0.86778, 0.87515, 0.86545, 0.86, 0.85064, 
0.8676, 0.78, 0.83333, 0.81964, 0.89782, 0.79325, 0.86778, 0.84404, 
0.81545, 0.80545, 0.8514, 0.86055, 0.0112, 0.0107, 0.0102, 0.0108, 
0.0107, 0.0114, 0.0123, 0.0145, 0.0112, 0.0126, 0.0179, 21.5, 
33.2, 34, 34.1, 31.9, 36.2, 34.1, 36.7, 40.1, 76.7, 37, 85, 164, 
92, 2352, 406, 11, 146, 50, 288, 351, 106, 2, 12, 2, 1, 1, 69, 
70, 41, 2, 10, 18, 100, 100, 100, 100, 100, 100, 100, 100, 100, 
100, 100, 2500, 2500, 2500, 2500, 2500, 2500, 2500, 2500, 2500, 
2500, 2500, 7123.067, 7115.229, 7033.79, 7071.652, 7038.70400000001, 
6959.155, 6964.163, 7028.103, 6864.49900000001, 6976.15199999997, 
6748.30899999998, 1, 1, 1, 1, 1, 1, 1, 1, 1, 1, 1, 0.33333, 0.33333, 
0.33333, 0.33333, 0.33333, 0.33333, 0.33333, 0.33333, 0.33333, 
0.33333, 0.33333, 0, 0, 0, 0, 0, 0, 0, 0, 0, 0, 0, 0, 0, 0, 0, 
0, 0, 0, 0, 0, 0, 0, 0.69571, 0.76905, 0.7375, 0.77381, 0.7496, 
0.78, 0.7596, 0.78616, 0.79455, 0.79901, 0.7993, 0.71238, 0.72381, 
0.73571, 0.81171, 0.73532, 0.76889, 0.76051, 0.75525, 0.74909, 
0.80041, 0.78339, 0.0095, 0.0105, 0.0096, 0.0105, 0.013, 0.011, 
0.0112, 0.0116, 0.0114, 0.012, 0.0125, 38.9, 39.7, 45, 50.3, 
53.8, 55.7, 60.6, 66.5, 69.7, 73.5, 76.1, 1, 1, 1, 1, 1, 1, 1, 
1, 1, 1, 1, 1, 1, 1, 1, 1, 1, 1, 1, 1, 1, 1, 1, 1, 1, 1, 1, 1, 
1, 1, 1, 1, 1, 1, 1, 1, 1, 1, 1, 1, 1, 1, 1, 1, 2.777, 2.873, 
2.622, 2.811, 2.872, 2.826, 2.852, 2.838, 2.707, 2.796, 2.739
), .Dim = c(11L, 40L), .Dimnames = list(NULL, c("Sampling", "PSO.cost", 
"PSO.gamma", "PSO.data.balancing", "PSO.feature.selection", "PSO.valid.acc", 
"PSO.test.acc", "PSO.train.time", "PSO.n.support.vectors", "PSO.index", 
"PSO.n.solutions", "PSO.generations", "PSO.n.evaluations", "PSO.cpu.time", 
"RS.cost", "RS.gamma", "RS.data.balancing", "RS.feature.selection", 
"RS.valid.acc", "RS.test.acc", "RS.train.time", "RS.n.support.vectors", 
"RS.index", "RS.n.solutions", "RS.generations", "RS.n.evaluations", 
"RS.cpu.time", "DF.cost", "DF.gamma", "DF.data.balancing", "DF.feature.selection", 
"DF.valid.acc", "DF.test.acc", "DF.train.time", "DF.n.support.vectors", 
"DF.index", "DF.n.solutions", "DF.generations", "DF.n.evaluations", 
"DF.cpu.time")))
