full <-
structure(c(50, 55, 60, 65, 70, 75, 80, 85, 90, 95, 100, 8.30376, 
14.31138, 15, 15, 14.66288, 15, 10.55383, 8.39374, 9.3846, 6.69973, 
6.68586, -6.15934, -7.56337, -6.45959, -8.92062, -12.21149, -8.97697, 
-7.7585, -4.98993, -6.55392, -1.30402, -5.10314, 0, 0, 0, 0, 
0, 0, 0, 0, 0, 0, 0, 0, 0, 0, 0, 0, 0, 0, 0, 0, 0, 0, 0.84238, 
0.84286, 0.80952, 0.86964, 0.88155, 0.8775, 0.84111, 0.87303, 
0.86818, 0.85227, 0.88502, 0.82238, 0.8, 0.81369, 0.85714, 0.85933, 
0.81278, 0.80111, 0.77949, 0.85, 0.83333, 0.8676, 0.0102, 0.0103, 
0.01, 0.0111, 0.0168, 0.0165, 0.0131, 0.0121, 0.012, 0.0114, 
0.0117, 22.3, 18.5, 20.4, 21.7, 31, 31.6, 35.2, 39.6, 37.8, 71.6, 
45.7, 247, 9, 30, 35, 105, 267, 1088, 428, 45, 42, 586, 170, 
1732, 1154, 1766, 497, 645, 82, 60, 1012, 1031, 67, 100, 100, 
100, 100, 100, 100, 100, 100, 100, 100, 100, 2500, 2500, 2500, 
2500, 2500, 2500, 2500, 2500, 2500, 2500, 2500, 6586.373, 6739.053, 
6455.831, 6440.464, 6600.507, 6701.651, 6565.208, 6631.58, 6577.925, 
6375.368, 6517.64300000001, 8.40159, 11.29529, 12.30358, 13.44692, 
12.42863, 14.04952, 10.36186, 7.31786, 12.80404, 14.19234, 8.91375, 
-6.22709, -7.87283, -6.58706, -8.7434, -9.07657, -8.51616, -7.53107, 
-1.38784, -9.18869, -1.31525, -6.09059, 0, 0, 0, 0, 0, 0, 0, 
0, 0, 0, 0, 0, 0, 0, 0, 0, 0, 0, 0, 0, 0, 0, 0.84238, 0.84286, 
0.80952, 0.86964, 0.88155, 0.8775, 0.83111, 0.87141, 0.86818, 
0.85227, 0.88502, 0.82238, 0.8, 0.81369, 0.85714, 0.85933, 0.81278, 
0.80111, 0.82212, 0.86, 0.83333, 0.87593, 0.01, 0.0106, 0.0094, 
0.0115, 0.0128, 0.0153, 0.0119, 0.0109, 0.0155, 0.0121, 0.0123, 
22.2, 21.8, 20.3, 21.8, 27.5, 32, 34.9, 64.4, 34.9, 71.6, 42.2, 
534, 2, 379, 142, 10, 143, 617, 35, 16, 361, 680, 2, 121, 7, 
39, 35, 1, 4, 3, 69, 13, 1, 100, 100, 100, 100, 100, 100, 100, 
100, 100, 100, 100, 2500, 2500, 2500, 2500, 2500, 2500, 2500, 
2500, 2500, 2500, 2500, 6695.596, 6786.755, 6402.055, 6744.578, 
6512.58500000001, 6599.674, 6549.046, 6485.44200000001, 6400.77, 
6394.17600000001, 6392.98200000002, 1, 1, 1, 1, 1, 1, 1, 1, 1, 
1, 1, 0.33333, 0.33333, 0.33333, 0.33333, 0.33333, 0.33333, 0.33333, 
0.33333, 0.33333, 0.33333, 0.33333, 0, 0, 0, 0, 0, 0, 0, 0, 0, 
0, 0, 0, 0, 0, 0, 0, 0, 0, 0, 0, 0, 0, 0.71762, 0.72857, 0.73452, 
0.79286, 0.7256, 0.74667, 0.73, 0.75485, 0.76818, 0.79091, 0.81684, 
0.71429, 0.72857, 0.73274, 0.80536, 0.74782, 0.73667, 0.70889, 
0.74263, 0.78545, 0.8, 0.83351, 0.0097, 0.0099, 0.0104, 0.0102, 
0.0104, 0.0098, 0.0104, 0.0109, 0.0118, 0.0122, 0.0113, 42.9, 
46.1, 48.3, 51, 55.7, 61.7, 62.5, 66.3, 70.7, 74.1, 78.2, 1, 
1, 1, 1, 1, 1, 1, 1, 1, 1, 1, 1, 1, 1, 1, 1, 1, 1, 1, 1, 1, 1, 
1, 1, 1, 1, 1, 1, 1, 1, 1, 1, 1, 1, 1, 1, 1, 1, 1, 1, 1, 1, 1, 
1, 2.743, 2.688, 2.721, 2.692, 2.649, 2.497, 2.498, 2.633, 2.648, 
2.655, 2.451), .Dim = c(11L, 40L), .Dimnames = list(NULL, c("Sampling", 
"PSO.cost", "PSO.gamma", "PSO.data.balancing", "PSO.feature.selection", 
"PSO.valid.acc", "PSO.test.acc", "PSO.train.time", "PSO.n.support.vectors", 
"PSO.index", "PSO.n.solutions", "PSO.generations", "PSO.n.evaluations", 
"PSO.cpu.time", "RS.cost", "RS.gamma", "RS.data.balancing", "RS.feature.selection", 
"RS.valid.acc", "RS.test.acc", "RS.train.time", "RS.n.support.vectors", 
"RS.index", "RS.n.solutions", "RS.generations", "RS.n.evaluations", 
"RS.cpu.time", "DF.cost", "DF.gamma", "DF.data.balancing", "DF.feature.selection", 
"DF.valid.acc", "DF.test.acc", "DF.train.time", "DF.n.support.vectors", 
"DF.index", "DF.n.solutions", "DF.generations", "DF.n.evaluations", 
"DF.cpu.time")))
