full <-
structure(c(50, 55, 60, 65, 70, 75, 80, 85, 90, 95, 100, 13.39879, 
4.3604, 4.52227, 6.97916, 14.74415, 3.21705, 6.53459, 10.71937, 
14.70944, 9.82325, 6.86904, -3.39084, -6.43711, -6.80265, -3.65588, 
-1.22101, -0.51797, -0.92574, -7.7574, -8.39617, -5.92751, -4.55807, 
0, 0, 0, 0, 0, 0, 0, 0, 0, 0, 0, 0, 0, 0, 0, 0, 0, 0, 0, 0, 0, 
0, 0.84333, 0.86369, 0.8375, 0.80714, 0.85833, 0.83167, 0.85333, 
0.89364, 0.89, 0.83939, 0.85938, 0.81, 0.83512, 0.82083, 0.78571, 
0.85972, 0.80083, 0.79333, 0.87364, 0.87182, 0.81364, 0.83211, 
0.0093, 0.0107, 0.0108, 0.0109, 0.01, 0.0103, 0.0109, 0.0122, 
0.0151, 0.0121, 0.0124, 30.2, 40.1, 45.2, 34.4, 57.9, 69.1, 67.8, 
32.8, 28.9, 37.3, 46.4, 4, 79, 4, 43, 71, 188, 132, 34, 135, 
426, 556, 1572, 104, 284, 1246, 1277, 102, 1227, 973, 1494, 24, 
155, 100, 100, 100, 100, 100, 100, 100, 100, 100, 100, 100, 2500, 
2500, 2500, 2500, 2500, 2500, 2500, 2500, 2500, 2500, 2500, 6924.449, 
7082.277, 6936.764, 6685.202, 6713.403, 6655.54399999999, 6695.41500000001, 
6715.07100000001, 6667.96799999999, 6671.18199999999, 6745.538, 
5.44185, 12.16844, 5.09531, 0.87223, 6.28107, 5.65295, 14.49751, 
11.92349, 12.98295, 9.22001, 6.46169, -3.18446, -14.1945, -7.32827, 
-2.07885, -1.24482, -0.52822, -0.91817, -8.43401, -7.69856, -5.54098, 
-4.46599, 0, 0, 0, 0, 0, 0, 0, 0, 0, 0, 0, 0, 0, 0, 0, 0, 0, 
0, 0, 0, 0, 0, 0.84333, 0.86369, 0.8375, 0.81071, 0.85833, 0.83167, 
0.85333, 0.89364, 0.89, 0.83939, 0.85093, 0.79333, 0.83512, 0.82083, 
0.78393, 0.85972, 0.80083, 0.79333, 0.83636, 0.85273, 0.81364, 
0.83211, 0.0105, 0.01, 0.0103, 0.0098, 0.0111, 0.0114, 0.0121, 
0.0126, 0.0141, 0.0117, 0.0123, 31, 38.6, 44.7, 52.4, 57.4, 69, 
67.8, 30.2, 30, 38.4, 46.2, 77, 75, 147, 1625, 258, 2015, 201, 
69, 254, 367, 204, 118, 18, 45, 1, 31, 1, 10, 76, 12, 2, 1, 100, 
100, 100, 100, 100, 100, 100, 100, 100, 100, 100, 2500, 2500, 
2500, 2500, 2500, 2500, 2500, 2500, 2500, 2500, 2500, 7078.171, 
7103.166, 6733.697, 6670.532, 6754.115, 6683.72, 6732.31600000001, 
6606.23000000001, 6593.08200000001, 6599.81, 6697.97, 1, 1, 1, 
1, 1, 1, 1, 1, 1, 1, 1, 0.33333, 0.33333, 0.33333, 0.33333, 0.33333, 
0.33333, 0.33333, 0.33333, 0.33333, 0.33333, 0.33333, 0, 0, 0, 
0, 0, 0, 0, 0, 0, 0, 0, 0, 0, 0, 0, 0, 0, 0, 0, 0, 0, 0, 0.69714, 
0.72024, 0.77976, 0.74107, 0.7875, 0.76361, 0.80333, 0.82455, 
0.85182, 0.79773, 0.78479, 0.69476, 0.7506, 0.78214, 0.74464, 
0.80972, 0.765, 0.81556, 0.82364, 0.82455, 0.79773, 0.79237, 
0.0105, 0.0104, 0.0095, 0.0102, 0.0099, 0.0106, 0.0109, 0.0106, 
0.011, 0.012, 0.0129, 44.3, 48, 53, 56.4, 58.3, 62.6, 65.3, 67.6, 
70.6, 72.7, 76.9, 1, 1, 1, 1, 1, 1, 1, 1, 1, 1, 1, 1, 1, 1, 1, 
1, 1, 1, 1, 1, 1, 1, 1, 1, 1, 1, 1, 1, 1, 1, 1, 1, 1, 1, 1, 1, 
1, 1, 1, 1, 1, 1, 1, 1, 2.835, 2.835, 2.568, 2.742, 2.561, 2.698, 
2.764, 2.544, 2.576, 2.727, 2.765), .Dim = c(11L, 40L), .Dimnames = list(
    NULL, c("Sampling", "PSO.cost", "PSO.gamma", "PSO.data.balancing", 
    "PSO.feature.selection", "PSO.valid.acc", "PSO.test.acc", 
    "PSO.train.time", "PSO.n.support.vectors", "PSO.index", "PSO.n.solutions", 
    "PSO.generations", "PSO.n.evaluations", "PSO.cpu.time", "RS.cost", 
    "RS.gamma", "RS.data.balancing", "RS.feature.selection", 
    "RS.valid.acc", "RS.test.acc", "RS.train.time", "RS.n.support.vectors", 
    "RS.index", "RS.n.solutions", "RS.generations", "RS.n.evaluations", 
    "RS.cpu.time", "DF.cost", "DF.gamma", "DF.data.balancing", 
    "DF.feature.selection", "DF.valid.acc", "DF.test.acc", "DF.train.time", 
    "DF.n.support.vectors", "DF.index", "DF.n.solutions", "DF.generations", 
    "DF.n.evaluations", "DF.cpu.time")))
