full <-
structure(c(50, 55, 60, 65, 70, 75, 80, 85, 90, 95, 100, 2.19392, 
6.62577, 6.65824, 1.9482, 0.66709, 10.28004, 5.60159, 7.88663, 
9.81246, 5.2541, 15, -2.09694, -8.55273, -8.21443, -4.55437, 
-1.19084, -11.83446, -7.31359, -1.57625, -5.86906, -0.9752, -8.83982, 
0, 0, 0, 0, 0, 0, 0, 0, 0, 0, 0, 0, 0, 0, 0, 0, 0, 0, 0, 0, 0, 
0, 0.93333, 0.90952, 0.8756, 0.88393, 0.90556, 0.9, 0.89444, 
0.87212, 0.87909, 0.86818, 0.87337, 0.91667, 0.90952, 0.85893, 
0.88393, 0.89306, 0.9, 0.89444, 0.8601, 0.86, 0.85758, 0.80583, 
0.0099, 0.0109, 0.012, 0.0099, 0.0104, 0.0104, 0.0113, 0.0107, 
0.0126, 0.0129, 0.018, 35.5, 38, 43, 50.6, 63.9, 43.4, 48.8, 
58.2, 33.7, 79.4, 34.4, 181, 26, 60, 4, 541, 6, 7, 10, 379, 11, 
106, 172, 321, 248, 509, 94, 275, 446, 1587, 206, 1278, 383, 
100, 100, 100, 100, 100, 100, 100, 100, 100, 100, 100, 2500, 
2500, 2500, 2500, 2500, 2500, 2500, 2500, 2500, 2500, 2500, 6745.544, 
6894.592, 6784.548, 6530.286, 6616.179, 6642.057, 6605.962, 6550.10699999999, 
6563.773, 6937.808, 6995.253, 4.39535, 9.01405, 2.32929, 10.40553, 
0.21584, 1.56558, 4.35088, 14.99804, 11.0731, 0.80086, 14.20862, 
-4.66618, -10.83306, -3.99858, -11.78084, -0.88974, -2.95113, 
-6.47104, -11.32586, -6.88976, -1.57877, -8.45358, 0, 0, 0, 0, 
0, 0, 0, 0, 0, 0, 0, 0, 0, 0, 0, 0, 0, 0, 0, 0, 0, 0, 0.91667, 
0.90952, 0.8756, 0.88393, 0.90556, 0.9, 0.89444, 0.87394, 0.87, 
0.87652, 0.87337, 0.9, 0.90952, 0.8756, 0.88393, 0.89306, 0.9, 
0.89444, 0.85212, 0.86909, 0.85758, 0.80583, 0.0101, 0.0103, 
0.0112, 0.0104, 0.0101, 0.0107, 0.011, 0.0178, 0.0128, 0.0123, 
0.0168, 28.4, 36.8, 46.4, 40.9, 65.9, 52.1, 51.4, 25.8, 31, 71, 
35.4, 267, 2, 22, 4, 814, 2, 3, 1995, 10, 1268, 1429, 23, 71, 
44, 158, 2, 66, 223, 1, 12, 2, 1, 100, 100, 100, 100, 100, 100, 
100, 100, 100, 100, 100, 2500, 2500, 2500, 2500, 2500, 2500, 
2500, 2500, 2500, 2500, 2500, 6857.406, 6905.43, 6518.076, 6597.102, 
6647.601, 6617.111, 6597.38800000001, 6657.769, 6978.33099999999, 
7019.234, 6703.71100000001, 1, 1, 1, 1, 1, 1, 1, 1, 1, 1, 1, 
0.33333, 0.33333, 0.33333, 0.33333, 0.33333, 0.33333, 0.33333, 
0.33333, 0.33333, 0.33333, 0.33333, 0, 0, 0, 0, 0, 0, 0, 0, 0, 
0, 0, 0, 0, 0, 0, 0, 0, 0, 0, 0, 0, 0, 0.83333, 0.87857, 0.8256, 
0.87143, 0.89306, 0.86667, 0.88444, 0.84394, 0.84091, 0.81515, 
0.81428, 0.83333, 0.86429, 0.82143, 0.85893, 0.89306, 0.88889, 
0.87444, 0.82394, 0.82273, 0.80606, 0.81503, 0.0097, 0.0103, 
0.0099, 0.0109, 0.0106, 0.0105, 0.0103, 0.0119, 0.0121, 0.0121, 
0.0128, 42.1, 46.4, 52.9, 56.7, 60.3, 62.6, 65.8, 66.9, 70.4, 
74.1, 77.1, 1, 1, 1, 1, 1, 1, 1, 1, 1, 1, 1, 1, 1, 1, 1, 1, 1, 
1, 1, 1, 1, 1, 1, 1, 1, 1, 1, 1, 1, 1, 1, 1, 1, 1, 1, 1, 1, 1, 
1, 1, 1, 1, 1, 1, 2.755, 2.742, 2.583, 2.752, 2.652, 2.601, 2.527, 
2.68, 2.78, 2.775, 2.874), .Dim = c(11L, 40L), .Dimnames = list(
    NULL, c("Sampling", "PSO.cost", "PSO.gamma", "PSO.data.balancing", 
    "PSO.feature.selection", "PSO.valid.acc", "PSO.test.acc", 
    "PSO.train.time", "PSO.n.support.vectors", "PSO.index", "PSO.n.solutions", 
    "PSO.generations", "PSO.n.evaluations", "PSO.cpu.time", "RS.cost", 
    "RS.gamma", "RS.data.balancing", "RS.feature.selection", 
    "RS.valid.acc", "RS.test.acc", "RS.train.time", "RS.n.support.vectors", 
    "RS.index", "RS.n.solutions", "RS.generations", "RS.n.evaluations", 
    "RS.cpu.time", "DF.cost", "DF.gamma", "DF.data.balancing", 
    "DF.feature.selection", "DF.valid.acc", "DF.test.acc", "DF.train.time", 
    "DF.n.support.vectors", "DF.index", "DF.n.solutions", "DF.generations", 
    "DF.n.evaluations", "DF.cpu.time")))
