full <-
structure(c(50, 55, 60, 65, 70, 75, 80, 85, 90, 95, 100, 8.06886, 
12.97545, 11.29272, 2.53358, 0.95391, 1.70175, 6.0869, 5.47282, 
13.62531, 4.92637, 5.37302, -7.57404, -6.43557, -2.47042, -4.97385, 
-1.86265, -1.5341, -4.02887, -1.68203, -8.13458, -2.93898, -1.38768, 
0, 0, 0, 0, 0, 0, 0, 0, 0, 0, 0, 0, 0, 0, 0, 0, 0, 0, 0, 0, 0, 
0, 0.88048, 0.86429, 0.82917, 0.81964, 0.84722, 0.87944, 0.89444, 
0.84707, 0.85364, 0.85909, 0.86556, 0.84714, 0.8, 0.7881, 0.78214, 
0.84861, 0.85444, 0.87556, 0.81687, 0.82636, 0.85076, 0.86632, 
0.0109, 0.0107, 0.0106, 0.0107, 0.0112, 0.011, 0.0114, 0.0117, 
0.0149, 0.0118, 0.0131, 29.2, 22.1, 37.6, 47.7, 53.9, 56.6, 36.3, 
58.8, 32.3, 50, 72.8, 47, 75, 14, 41, 857, 121, 1336, 20, 80, 
1703, 47, 955, 1027, 1578, 102, 65, 279, 1233, 1406, 300, 3, 
1479, 100, 100, 100, 100, 100, 100, 100, 100, 100, 100, 100, 
2500, 2500, 2500, 2500, 2500, 2500, 2500, 2500, 2500, 2500, 2500, 
8211.087, 8421.798, 8415.306, 8387.512, 8321.327, 8326.86, 8326.49000000001, 
8292.79300000001, 8368.81099999999, 8363.59700000001, 8430.56599999999, 
6.37949, 11.12158, 5.29127, 9.2264, 0.77652, 1.84265, 7.79638, 
11.27529, 14.68693, 5.18357, 7.85635, -4.92916, -6.51579, -2.94486, 
-11.79009, -1.57969, -1.54701, -5.37007, -1.7224, -8.67941, -2.89176, 
-1.27861, 0, 0, 0, 0, 0, 0, 0, 0, 0, 0, 0, 0, 0, 0, 0, 0, 0, 
0, 0, 0, 0, 0, 0.88048, 0.86429, 0.82917, 0.81964, 0.84583, 0.87944, 
0.89556, 0.84707, 0.85364, 0.85076, 0.86556, 0.84714, 0.8, 0.7881, 
0.76964, 0.85972, 0.85444, 0.86556, 0.81687, 0.82636, 0.85076, 
0.86632, 0.0105, 0.0109, 0.0106, 0.0107, 0.0107, 0.0111, 0.0115, 
0.0115, 0.0168, 0.012, 0.0128, 26.4, 21.8, 35.4, 46.9, 56.2, 
56.3, 32.3, 58.1, 32, 50.3, 74.5, 9, 62, 141, 71, 673, 1987, 
1142, 35, 129, 108, 69, 96, 18, 53, 3, 4, 1, 2, 30, 14, 24, 67, 
100, 100, 100, 100, 100, 100, 100, 100, 100, 100, 100, 2500, 
2500, 2500, 2500, 2500, 2500, 2500, 2500, 2500, 2500, 2500, 8320.961, 
8459.166, 8386.839, 8340.12, 8322.42700000001, 8319.54699999999, 
8310.575, 8320.30099999999, 8320.40300000002, 8365.20799999998, 
8482.641, 1, 1, 1, 1, 1, 1, 1, 1, 1, 1, 1, 0.33333, 0.33333, 
0.33333, 0.33333, 0.33333, 0.33333, 0.33333, 0.33333, 0.33333, 
0.33333, 0.33333, 0, 0, 0, 0, 0, 0, 0, 0, 0, 0, 0, 0, 0, 0, 0, 
0, 0, 0, 0, 0, 0, 0, 0.72857, 0.71667, 0.72024, 0.80536, 0.7875, 
0.76972, 0.74, 0.76778, 0.77, 0.77197, 0.82314, 0.7119, 0.7119, 
0.70952, 0.75357, 0.77639, 0.78722, 0.79222, 0.74737, 0.79727, 
0.78864, 0.82238, 0.0103, 0.0106, 0.0104, 0.011, 0.0106, 0.0112, 
0.0109, 0.0119, 0.0117, 0.012, 0.0122, 43.5, 46.3, 50, 54.3, 
58.5, 62.9, 63.7, 66.5, 71.7, 71.3, 76.8, 1, 1, 1, 1, 1, 1, 1, 
1, 1, 1, 1, 1, 1, 1, 1, 1, 1, 1, 1, 1, 1, 1, 1, 1, 1, 1, 1, 1, 
1, 1, 1, 1, 1, 1, 1, 1, 1, 1, 1, 1, 1, 1, 1, 1, 3.377, 3.38, 
3.352, 3.323, 3.337, 3.331, 3.302, 3.29, 3.349, 3.372, 3.374), .Dim = c(11L, 
40L), .Dimnames = list(NULL, c("Sampling", "PSO.cost", "PSO.gamma", 
"PSO.data.balancing", "PSO.feature.selection", "PSO.valid.acc", 
"PSO.test.acc", "PSO.train.time", "PSO.n.support.vectors", "PSO.index", 
"PSO.n.solutions", "PSO.generations", "PSO.n.evaluations", "PSO.cpu.time", 
"RS.cost", "RS.gamma", "RS.data.balancing", "RS.feature.selection", 
"RS.valid.acc", "RS.test.acc", "RS.train.time", "RS.n.support.vectors", 
"RS.index", "RS.n.solutions", "RS.generations", "RS.n.evaluations", 
"RS.cpu.time", "DF.cost", "DF.gamma", "DF.data.balancing", "DF.feature.selection", 
"DF.valid.acc", "DF.test.acc", "DF.train.time", "DF.n.support.vectors", 
"DF.index", "DF.n.solutions", "DF.generations", "DF.n.evaluations", 
"DF.cpu.time")))
