full <-
structure(c(50, 55, 60, 65, 70, 75, 80, 85, 90, 95, 100, 1.21854, 
4.32892, 13.10598, 8.96272, 9.42852, 2.65184, 9.737, 11.22602, 
13.26705, 15, 4.2169, -1.49976, -5.39526, -4.31185, -1.79569, 
-6.02863, -1.26173, -2.94103, -7.86793, -8.5215, -8.32241, -3.07892, 
0, 0, 0, 0, 0, 0, 0, 0, 0, 0, 0, 0, 0, 0, 0, 0, 0, 0, 0, 0, 0, 
0, 0.86667, 0.83333, 0.78988, 0.82242, 0.83472, 0.84306, 0.88626, 
0.89162, 0.86818, 0.89621, 0.85897, 0.78333, 0.78571, 0.74524, 
0.77202, 0.76389, 0.78861, 0.87515, 0.86343, 0.83818, 0.86212, 
0.79219, 0.009, 0.0093, 0.0102, 0.0101, 0.0103, 0.0108, 0.0108, 
0.0122, 0.0159, 0.0202, 0.0117, 36.6, 32.9, 31.2, 48, 29.5, 59.8, 
44.5, 33.2, 33.1, 34.8, 54.2, 688, 204, 6, 9, 185, 38, 34, 61, 
190, 1343, 375, 238, 84, 1314, 1527, 85, 1457, 1261, 156, 266, 
45, 132, 100, 100, 100, 100, 100, 100, 100, 100, 100, 100, 100, 
2500, 2500, 2500, 2500, 2500, 2500, 2500, 2500, 2500, 2500, 2500, 
6407.671, 6589.354, 6540.548, 6469.065, 6265.299, 6220.556, 6514.196, 
7104.463, 7271.424, 6949.83499999999, 6585.777, 1.18724, 6.4841, 
9.9011, 12.55397, 9.11625, 11.77214, 9.01943, 14.31017, 14.29843, 
14.11625, 4.86981, -1.51856, -7.55437, -4.1201, -1.98039, -5.87242, 
-1.28542, -3.15145, -10.91431, -9.09592, -3.75987, -3.21819, 
0, 0, 0, 0, 0, 0, 0, 0, 0, 0, 0, 0, 0, 0, 0, 0, 0, 0, 0, 0, 0, 
0, 0.86667, 0.83333, 0.78988, 0.82242, 0.83472, 0.84306, 0.88626, 
0.89162, 0.86818, 0.89545, 0.85897, 0.78333, 0.78571, 0.74524, 
0.75952, 0.775, 0.77861, 0.87515, 0.85343, 0.83818, 0.86136, 
0.79219, 0.0096, 0.0097, 0.0104, 0.0107, 0.0107, 0.011, 0.0113, 
0.0193, 0.0159, 0.0128, 0.0123, 36.5, 32.5, 31.4, 46.2, 29.8, 
59.3, 42.4, 33.2, 32.4, 48, 53, 1723, 191, 83, 30, 116, 66, 276, 
307, 602, 56, 861, 2, 2, 16, 68, 1, 36, 23, 11, 2, 25, 1, 100, 
100, 100, 100, 100, 100, 100, 100, 100, 100, 100, 2500, 2500, 
2500, 2500, 2500, 2500, 2500, 2500, 2500, 2500, 2500, 6493.08, 
6643.858, 6478.443, 6235.879, 6232.519, 6224.45600000001, 6504.51300000001, 
7223.70300000001, 7143.56000000001, 6647.822, 6707.429, 1, 1, 
1, 1, 1, 1, 1, 1, 1, 1, 1, 0.33333, 0.33333, 0.33333, 0.33333, 
0.33333, 0.33333, 0.33333, 0.33333, 0.33333, 0.33333, 0.33333, 
0, 0, 0, 0, 0, 0, 0, 0, 0, 0, 0, 0, 0, 0, 0, 0, 0, 0, 0, 0, 0, 
0, 0.76667, 0.72857, 0.69286, 0.77619, 0.79504, 0.81194, 0.82364, 
0.82434, 0.78636, 0.80682, 0.78526, 0.75, 0.72619, 0.68274, 0.77163, 
0.79643, 0.81083, 0.81364, 0.83343, 0.80545, 0.81667, 0.80192, 
0.0094, 0.0096, 0.0099, 0.0095, 0.0099, 0.0104, 0.0103, 0.0117, 
0.0123, 0.0112, 0.0124, 39.2, 44, 48.3, 50.6, 58, 60.3, 62.5, 
66.7, 69.3, 74.8, 76.8, 1, 1, 1, 1, 1, 1, 1, 1, 1, 1, 1, 1, 1, 
1, 1, 1, 1, 1, 1, 1, 1, 1, 1, 1, 1, 1, 1, 1, 1, 1, 1, 1, 1, 1, 
1, 1, 1, 1, 1, 1, 1, 1, 1, 1, 2.603, 2.606, 2.556, 2.465, 2.374, 
2.427, 2.581, 2.939, 2.933, 2.631, 2.715), .Dim = c(11L, 40L), .Dimnames = list(
    NULL, c("Sampling", "PSO.cost", "PSO.gamma", "PSO.data.balancing", 
    "PSO.feature.selection", "PSO.valid.acc", "PSO.test.acc", 
    "PSO.train.time", "PSO.n.support.vectors", "PSO.index", "PSO.n.solutions", 
    "PSO.generations", "PSO.n.evaluations", "PSO.cpu.time", "RS.cost", 
    "RS.gamma", "RS.data.balancing", "RS.feature.selection", 
    "RS.valid.acc", "RS.test.acc", "RS.train.time", "RS.n.support.vectors", 
    "RS.index", "RS.n.solutions", "RS.generations", "RS.n.evaluations", 
    "RS.cpu.time", "DF.cost", "DF.gamma", "DF.data.balancing", 
    "DF.feature.selection", "DF.valid.acc", "DF.test.acc", "DF.train.time", 
    "DF.n.support.vectors", "DF.index", "DF.n.solutions", "DF.generations", 
    "DF.n.evaluations", "DF.cpu.time")))
