full <-
structure(c(50, 55, 60, 65, 70, 75, 80, 85, 90, 95, 100, 10.73612, 
10.58043, 10.46371, 14.99891, 11.87814, 15, 10.2626, 13.69888, 
11.44935, 15, 13.59518, -6.96831, -6.58264, -8.02998, -9.48575, 
-6.93401, -11.75145, -6.62182, -8.34012, -1.23746, -8.50346, 
-7.75245, 0, 0, 0, 0, 0, 0, 0, 0, 0, 0, 0, 0, 0, 0, 0, 0, 0, 
0, 0, 0, 0, 0, 0.80905, 0.77619, 0.80893, 0.82163, 0.805, 0.80639, 
0.79556, 0.87141, 0.86273, 0.81742, 0.90169, 0.80571, 0.72619, 
0.72381, 0.77063, 0.78833, 0.76028, 0.76222, 0.86141, 0.85364, 
0.83561, 0.85221, 0.0113, 0.0118, 0.0125, 0.0151, 0.0134, 0.02, 
0.0134, 0.0161, 0.0146, 0.02, 0.0179, 24.5, 25.4, 30.3, 27, 28.9, 
33.2, 33.5, 32.3, 69.8, 36.1, 37.8, 78, 483, 6, 130, 1066, 54, 
264, 85, 4, 842, 807, 274, 162, 444, 897, 23, 473, 213, 549, 
1189, 12, 99, 100, 100, 100, 100, 100, 100, 100, 100, 100, 100, 
100, 2500, 2500, 2500, 2500, 2500, 2500, 2500, 2500, 2500, 2500, 
2500, 9361.982, 9437.783, 9576.105, 9529.42600000001, 9434.662, 
9496.66800000001, 9448.648, 9523.06999999998, 9609.92000000001, 
9724.58500000002, 9709.33500000002, 11.17895, 10.43001, 8.30335, 
14.74232, 12.52517, 13.37119, 10.91768, 14.04218, 11.35773, 4.75316, 
12.83654, -7.0188, -6.36243, -6.00446, -9.17028, -7.23694, -8.36263, 
-7.06169, -8.33885, -1.24129, -3.4595, -7.36824, 0, 0, 0, 0, 
0, 0, 0, 0, 0, 0, 0, 0, 0, 0, 0, 0, 0, 0, 0, 0, 0, 0, 0.80905, 
0.7619, 0.80893, 0.82163, 0.805, 0.80639, 0.79556, 0.87141, 0.86273, 
0.825, 0.89336, 0.80905, 0.72619, 0.70714, 0.77063, 0.78833, 
0.76889, 0.77222, 0.86141, 0.85364, 0.82652, 0.85221, 0.0116, 
0.0121, 0.0118, 0.0151, 0.0152, 0.0139, 0.0142, 0.0169, 0.0141, 
0.0133, 0.0177, 24.5, 26, 30.6, 26.7, 28.3, 29.8, 33.2, 32.5, 
69.7, 49.5, 38.5, 265, 423, 269, 83, 370, 45, 535, 474, 470, 
1530, 1524, 18, 7, 31, 8, 2, 37, 6, 12, 12, 1, 1, 100, 100, 100, 
100, 100, 100, 100, 100, 100, 100, 100, 2500, 2500, 2500, 2500, 
2500, 2500, 2500, 2500, 2500, 2500, 2500, 9271.53, 9565.941, 
9538.823, 9443.29500000001, 9472.943, 9414.011, 9453.421, 9563.929, 
9579.38700000002, 9776.22, 9264.155, 1, 1, 1, 1, 1, 1, 1, 1, 
1, 1, 1, 0.33333, 0.33333, 0.33333, 0.33333, 0.33333, 0.33333, 
0.33333, 0.33333, 0.33333, 0.33333, 0.33333, 0, 0, 0, 0, 0, 0, 
0, 0, 0, 0, 0, 0, 0, 0, 0, 0, 0, 0, 0, 0, 0, 0, 0.67524, 0.64762, 
0.7369, 0.73512, 0.73139, 0.73917, 0.76222, 0.78414, 0.80727, 
0.78106, 0.79237, 0.66095, 0.60238, 0.73333, 0.71012, 0.76472, 
0.76889, 0.76222, 0.80232, 0.78, 0.73636, 0.80082, 0.0106, 0.0112, 
0.0112, 0.0117, 0.0116, 0.0123, 0.0119, 0.0119, 0.0133, 0.0131, 
0.0122, 43.9, 48.5, 52.4, 56.9, 59.3, 60.7, 63.2, 66.3, 72.4, 
73.7, 77.7, 1, 1, 1, 1, 1, 1, 1, 1, 1, 1, 1, 1, 1, 1, 1, 1, 1, 
1, 1, 1, 1, 1, 1, 1, 1, 1, 1, 1, 1, 1, 1, 1, 1, 1, 1, 1, 1, 1, 
1, 1, 1, 1, 1, 1, 3.696, 3.825, 3.827, 3.737, 3.805, 3.762, 3.837, 
3.8, 3.972, 3.888, 3.28), .Dim = c(11L, 40L), .Dimnames = list(
    NULL, c("Sampling", "PSO.cost", "PSO.gamma", "PSO.data.balancing", 
    "PSO.feature.selection", "PSO.valid.acc", "PSO.test.acc", 
    "PSO.train.time", "PSO.n.support.vectors", "PSO.index", "PSO.n.solutions", 
    "PSO.generations", "PSO.n.evaluations", "PSO.cpu.time", "RS.cost", 
    "RS.gamma", "RS.data.balancing", "RS.feature.selection", 
    "RS.valid.acc", "RS.test.acc", "RS.train.time", "RS.n.support.vectors", 
    "RS.index", "RS.n.solutions", "RS.generations", "RS.n.evaluations", 
    "RS.cpu.time", "DF.cost", "DF.gamma", "DF.data.balancing", 
    "DF.feature.selection", "DF.valid.acc", "DF.test.acc", "DF.train.time", 
    "DF.n.support.vectors", "DF.index", "DF.n.solutions", "DF.generations", 
    "DF.n.evaluations", "DF.cpu.time")))
