full <-
structure(c(50, 55, 60, 65, 70, 75, 80, 85, 90, 95, 100, 8.92174, 
8.09085, 12.89762, 10.072, 15, 8.24515, 13.44871, 13.26762, 12.07605, 
8.25984, 9.05451, -7.55388, -1.59556, -9.11651, -7.77127, -8.93023, 
-5.00461, -10.49876, -7.68194, -6.8348, -5.4581, -6.08301, 0, 
0, 0, 0, 0, 0, 0, 0, 0, 0, 0, 0, 0, 0, 0, 0, 0, 0, 0, 0, 0, 0, 
0.78333, 0.78333, 0.81845, 0.79841, 0.79683, 0.83861, 0.80111, 
0.82434, 0.82848, 0.88303, 0.86684, 0.76667, 0.77143, 0.78988, 
0.78234, 0.73849, 0.835, 0.78222, 0.79232, 0.78939, 0.81485, 
0.86265, 0.0098, 0.0118, 0.0117, 0.0112, 0.0144, 0.0126, 0.0176, 
0.0136, 0.0139, 0.0125, 0.0125, 24.8, 39.6, 25.3, 31, 28.9, 37.2, 
36.5, 34.2, 37.2, 42.9, 41.2, 11, 8, 16, 13, 63, 33, 86, 269, 
75, 2478, 429, 584, 1150, 978, 396, 313, 1106, 141, 237, 247, 
1, 244, 100, 100, 100, 100, 100, 100, 100, 100, 100, 100, 100, 
2500, 2500, 2500, 2500, 2500, 2500, 2500, 2500, 2500, 2500, 2500, 
6899.191, 6912.673, 6943.997, 6897.347, 6892.353, 6931.374, 6909.124, 
6969.61500000001, 6976.012, 7064.103, 6942.39600000001, 10.33743, 
12.30097, 14.17924, 11.59538, 14.78986, 8.38131, 11.17687, 12.99048, 
10.41884, 14.70991, 7.91666, -7.88972, -1.50653, -11.52981, -9.35609, 
-8.664, -4.97857, -8.16414, -7.5164, -6.05874, -8.41114, -5.49862, 
0, 0, 0, 0, 0, 0, 0, 0, 0, 0, 0, 0, 0, 0, 0, 0, 0, 0, 0, 0, 0, 
0, 0.78333, 0.78333, 0.81845, 0.79841, 0.79683, 0.83861, 0.80111, 
0.82434, 0.82848, 0.8747, 0.85915, 0.75, 0.75476, 0.7756, 0.78234, 
0.72738, 0.835, 0.78222, 0.79232, 0.80939, 0.81485, 0.87098, 
0.0099, 0.0095, 0.0127, 0.0127, 0.0148, 0.0134, 0.0128, 0.0139, 
0.0123, 0.0181, 0.0127, 22.6, 40, 27.2, 30.5, 29.2, 37.4, 36.9, 
34.2, 38.4, 37, 43.9, 69, 108, 2, 73, 236, 64, 112, 436, 123, 
392, 1006, 109, 114, 94, 42, 9, 13, 9, 2, 7, 7, 1, 100, 100, 
100, 100, 100, 100, 100, 100, 100, 100, 100, 2500, 2500, 2500, 
2500, 2500, 2500, 2500, 2500, 2500, 2500, 2500, 6925.232, 6947.11, 
6870.014, 6854.494, 6854.421, 6836.808, 6882.361, 6917.474, 6981.17899999999, 
6963.23699999999, 6928.63099999999, 1, 1, 1, 1, 1, 1, 1, 1, 1, 
1, 1, 0.33333, 0.33333, 0.33333, 0.33333, 0.33333, 0.33333, 0.33333, 
0.33333, 0.33333, 0.33333, 0.33333, 0, 0, 0, 0, 0, 0, 0, 0, 0, 
0, 0, 0, 0, 0, 0, 0, 0, 0, 0, 0, 0, 0, 0.71667, 0.69286, 0.70298, 
0.73095, 0.73671, 0.78028, 0.72778, 0.74616, 0.81848, 0.78, 0.80763, 
0.75, 0.72381, 0.70119, 0.71667, 0.72421, 0.73583, 0.74, 0.72889, 
0.79121, 0.79667, 0.81672, 0.0097, 0.0097, 0.0098, 0.0099, 0.0103, 
0.0105, 0.011, 0.0122, 0.0116, 0.012, 0.0119, 40.3, 42.6, 46.9, 
50.6, 53.9, 56.2, 61.9, 65.4, 69.8, 73.2, 75.9, 1, 1, 1, 1, 1, 
1, 1, 1, 1, 1, 1, 1, 1, 1, 1, 1, 1, 1, 1, 1, 1, 1, 1, 1, 1, 1, 
1, 1, 1, 1, 1, 1, 1, 1, 1, 1, 1, 1, 1, 1, 1, 1, 1, 1, 2.747, 
2.762, 2.727, 2.742, 2.762, 2.74, 2.714, 2.749, 2.771, 2.767, 
2.765), .Dim = c(11L, 40L), .Dimnames = list(NULL, c("Sampling", 
"PSO.cost", "PSO.gamma", "PSO.data.balancing", "PSO.feature.selection", 
"PSO.valid.acc", "PSO.test.acc", "PSO.train.time", "PSO.n.support.vectors", 
"PSO.index", "PSO.n.solutions", "PSO.generations", "PSO.n.evaluations", 
"PSO.cpu.time", "RS.cost", "RS.gamma", "RS.data.balancing", "RS.feature.selection", 
"RS.valid.acc", "RS.test.acc", "RS.train.time", "RS.n.support.vectors", 
"RS.index", "RS.n.solutions", "RS.generations", "RS.n.evaluations", 
"RS.cpu.time", "DF.cost", "DF.gamma", "DF.data.balancing", "DF.feature.selection", 
"DF.valid.acc", "DF.test.acc", "DF.train.time", "DF.n.support.vectors", 
"DF.index", "DF.n.solutions", "DF.generations", "DF.n.evaluations", 
"DF.cpu.time")))
