full <-
structure(c(50, 55, 60, 65, 70, 75, 80, 85, 90, 95, 100, 4.90249, 
13.53785, 2.41646, 9.75309, 8.99816, 13.30957, 3.42451, 10.62294, 
9.97773, 4.21468, 6.58672, -7.3936, -1.00764, -3.98971, -0.94591, 
-6.19178, -10.16506, -3.21869, -7.0826, -7.39296, -3.69743, -0.96018, 
0, 0, 0, 0, 0, 0, 0, 0, 0, 0, 0, 0, 0, 0, 0, 0, 0, 0, 0, 0, 0, 
0, 0.78381, 0.75476, 0.82262, 0.81071, 0.85694, 0.86583, 0.84273, 
0.86798, 0.85273, 0.86742, 0.85128, 0.80048, 0.74048, 0.78512, 
0.78393, 0.86667, 0.83583, 0.83364, 0.87707, 0.84364, 0.77803, 
0.83526, 0.0095, 0.0098, 0.0108, 0.011, 0.0112, 0.0173, 0.0121, 
0.0125, 0.0139, 0.012, 0.0124, 40.2, 48.9, 42.7, 55.7, 34.6, 
34.3, 47.4, 35.2, 40.2, 49.5, 82.9, 1970, 9, 27, 83, 1493, 69, 
1181, 488, 14, 149, 81, 4, 1372, 303, 1394, 2, 403, 29, 81, 1078, 
196, 693, 100, 100, 100, 100, 100, 100, 100, 100, 100, 100, 100, 
2500, 2500, 2500, 2500, 2500, 2500, 2500, 2500, 2500, 2500, 2500, 
7118.641, 6879.837, 7103.355, 7046.232, 6911.183, 7185.658, 7105.73699999999, 
7065.109, 6792.68400000001, 6727.17600000001, 6831.535, 8.89752, 
7.74433, 10.59792, 4.13255, 14.42627, 10.76078, 3.34873, 13.50936, 
13.7447, 4.26338, 10.80502, -11.41932, -1.44967, -12.46876, -0.9146, 
-1.53731, -7.48705, -3.29196, -9.80707, -10.3735, -3.78673, -0.88354, 
0, 0, 0, 0, 0, 0, 0, 0, 0, 0, 0, 0, 0, 0, 0, 0, 0, 0, 0, 0, 0, 
0, 0.76952, 0.75476, 0.82262, 0.81071, 0.85556, 0.86583, 0.83364, 
0.85798, 0.85273, 0.86742, 0.85128, 0.80048, 0.72619, 0.78512, 
0.78393, 0.83194, 0.83583, 0.82455, 0.86707, 0.83455, 0.77803, 
0.83526, 0.0096, 0.0108, 0.0095, 0.0108, 0.0111, 0.0122, 0.0114, 
0.0181, 0.0228, 0.0109, 0.013, 39.8, 45.4, 40.5, 56, 52.7, 33.7, 
47.5, 34.9, 37, 49.2, 84.9, 1009, 45, 10, 159, 516, 51, 1485, 
3, 3, 1735, 86, 7, 82, 59, 37, 31, 28, 1, 98, 127, 1, 36, 100, 
100, 100, 100, 100, 100, 100, 100, 100, 100, 100, 2500, 2500, 
2500, 2500, 2500, 2500, 2500, 2500, 2500, 2500, 2500, 7099.253, 
7113.187, 7161.527, 7003.808, 6958.309, 7140.125, 7204.867, 7207.49800000001, 
6774.86599999999, 6701.769, 6763.85999999999, 1, 1, 1, 1, 1, 
1, 1, 1, 1, 1, 1, 0.33333, 0.33333, 0.33333, 0.33333, 0.33333, 
0.33333, 0.33333, 0.33333, 0.33333, 0.33333, 0.33333, 0, 0, 0, 
0, 0, 0, 0, 0, 0, 0, 0, 0, 0, 0, 0, 0, 0, 0, 0, 0, 0, 0, 0.71619, 
0.69762, 0.75298, 0.75893, 0.73889, 0.79889, 0.77343, 0.76646, 
0.76909, 0.80682, 0.8095, 0.74952, 0.75714, 0.72619, 0.74286, 
0.74861, 0.79889, 0.76121, 0.76646, 0.77909, 0.81591, 0.79423, 
0.0097, 0.0117, 0.0102, 0.0111, 0.0108, 0.0113, 0.014, 0.0108, 
0.0128, 0.0113, 0.0125, 45.6, 48.5, 51.5, 54.5, 56.9, 59.4, 62.7, 
65.8, 68.2, 73.6, 76.7, 1, 1, 1, 1, 1, 1, 1, 1, 1, 1, 1, 1, 1, 
1, 1, 1, 1, 1, 1, 1, 1, 1, 1, 1, 1, 1, 1, 1, 1, 1, 1, 1, 1, 1, 
1, 1, 1, 1, 1, 1, 1, 1, 1, 1, 2.766, 2.876, 2.827, 2.933, 2.838, 
2.835, 2.923, 2.645, 2.681, 2.685, 2.702), .Dim = c(11L, 40L), .Dimnames = list(
    NULL, c("Sampling", "PSO.cost", "PSO.gamma", "PSO.data.balancing", 
    "PSO.feature.selection", "PSO.valid.acc", "PSO.test.acc", 
    "PSO.train.time", "PSO.n.support.vectors", "PSO.index", "PSO.n.solutions", 
    "PSO.generations", "PSO.n.evaluations", "PSO.cpu.time", "RS.cost", 
    "RS.gamma", "RS.data.balancing", "RS.feature.selection", 
    "RS.valid.acc", "RS.test.acc", "RS.train.time", "RS.n.support.vectors", 
    "RS.index", "RS.n.solutions", "RS.generations", "RS.n.evaluations", 
    "RS.cpu.time", "DF.cost", "DF.gamma", "DF.data.balancing", 
    "DF.feature.selection", "DF.valid.acc", "DF.test.acc", "DF.train.time", 
    "DF.n.support.vectors", "DF.index", "DF.n.solutions", "DF.generations", 
    "DF.n.evaluations", "DF.cpu.time")))
