full <-
structure(c(50, 55, 60, 65, 70, 75, 80, 85, 90, 95, 100, 10.42677, 
6.01419, 9.78062, 1.6546, 12.87283, 14.8725, 8.58668, 10.41356, 
11.10884, 15, 10.24824, -9.33109, -1.10561, -12.27013, -3.02752, 
-1.93893, -2.97553, -2.45389, -7.03517, -7.17279, -5.88142, -3.01442, 
0, 0, 0, 0, 0, 0, 0, 0, 0, 0, 0, 0, 0, 0, 0, 0, 0, 0, 0, 0, 0, 
0, 0.85, 0.7881, 0.76548, 0.83671, 0.83194, 0.80833, 0.84182, 
0.86141, 0.85, 0.86136, 0.87389, 0.75, 0.72857, 0.7369, 0.76131, 
0.82083, 0.78472, 0.83364, 0.83121, 0.83091, 0.86136, 0.85798, 
0.0123, 0.012, 0.0102, 0.0102, 0.0115, 0.0107, 0.0107, 0.0118, 
0.013, 0.0138, 0.0132, 25.7, 43, 40.2, 43, 46.4, 41.7, 47.6, 
33.7, 33.5, 37.7, 52.9, 1311, 84, 96, 2175, 7, 8, 51, 125, 24, 
127, 37, 13, 1042, 77, 2, 1434, 478, 1188, 286, 1309, 724, 1017, 
100, 100, 100, 100, 100, 100, 100, 100, 100, 100, 100, 2500, 
2500, 2500, 2500, 2500, 2500, 2500, 2500, 2500, 2500, 2500, 7035.576, 
7053.516, 7061.539, 6709.251, 6900.402, 6886.099, 6845.454, 6933.463, 
6903.356, 7034.49299999999, 6851.092, 9.01972, 11.12863, 7.02357, 
0.91182, 6.04186, 9.05646, 6.87911, 14.77216, 13.63081, 12.59449, 
12.01495, -7.92741, -1.13136, -9.05314, -1.75867, -1.72755, -2.93035, 
-2.52548, -9.28127, -5.97128, -5.88419, -2.76506, 0, 0, 0, 0, 
0, 0, 0, 0, 0, 0, 0, 0, 0, 0, 0, 0, 0, 0, 0, 0, 0, 0, 0.85, 0.7881, 
0.76548, 0.8256, 0.83194, 0.80833, 0.84182, 0.86141, 0.85, 0.86136, 
0.87389, 0.75, 0.74286, 0.7494, 0.79921, 0.82083, 0.78472, 0.83364, 
0.85121, 0.84091, 0.86136, 0.85798, 0.0099, 0.0103, 0.0101, 0.0105, 
0.0112, 0.0111, 0.0108, 0.0146, 0.0139, 0.0126, 0.0115, 25.6, 
42.9, 39.8, 47.3, 48.1, 42.7, 46.8, 29.2, 38.7, 37.7, 54.4, 40, 
7, 79, 611, 56, 44, 35, 212, 23, 899, 26, 3, 39, 13, 5, 43, 72, 
31, 15, 69, 1, 24, 100, 100, 100, 100, 100, 100, 100, 100, 100, 
100, 100, 2500, 2500, 2500, 2500, 2500, 2500, 2500, 2500, 2500, 
2500, 2500, 7052.573, 7061.137, 7039.261, 6791.73, 6855.112, 
6856.23299999999, 6881.09699999999, 6875.21399999999, 6766.194, 
6935.38500000001, 6928.58800000002, 1, 1, 1, 1, 1, 1, 1, 1, 1, 
1, 1, 0.33333, 0.33333, 0.33333, 0.33333, 0.33333, 0.33333, 0.33333, 
0.33333, 0.33333, 0.33333, 0.33333, 0, 0, 0, 0, 0, 0, 0, 0, 0, 
0, 0, 0, 0, 0, 0, 0, 0, 0, 0, 0, 0, 0, 0.71667, 0.73095, 0.6994, 
0.78631, 0.76389, 0.77361, 0.7903, 0.77081, 0.76727, 0.79015, 
0.81544, 0.71667, 0.77619, 0.69345, 0.75813, 0.78611, 0.77361, 
0.75899, 0.77061, 0.76818, 0.76288, 0.80082, 0.0117, 0.01, 0.0105, 
0.0104, 0.0103, 0.0103, 0.0103, 0.0114, 0.0127, 0.0122, 0.0132, 
39.3, 42.4, 45.2, 50, 54.7, 58.4, 60.9, 65.2, 69.8, 73, 76.2, 
1, 1, 1, 1, 1, 1, 1, 1, 1, 1, 1, 1, 1, 1, 1, 1, 1, 1, 1, 1, 1, 
1, 1, 1, 1, 1, 1, 1, 1, 1, 1, 1, 1, 1, 1, 1, 1, 1, 1, 1, 1, 1, 
1, 1, 2.859, 2.81, 2.775, 2.728, 2.653, 2.638, 2.646, 2.766, 
2.834, 2.789, 2.846), .Dim = c(11L, 40L), .Dimnames = list(NULL, 
    c("Sampling", "PSO.cost", "PSO.gamma", "PSO.data.balancing", 
    "PSO.feature.selection", "PSO.valid.acc", "PSO.test.acc", 
    "PSO.train.time", "PSO.n.support.vectors", "PSO.index", "PSO.n.solutions", 
    "PSO.generations", "PSO.n.evaluations", "PSO.cpu.time", "RS.cost", 
    "RS.gamma", "RS.data.balancing", "RS.feature.selection", 
    "RS.valid.acc", "RS.test.acc", "RS.train.time", "RS.n.support.vectors", 
    "RS.index", "RS.n.solutions", "RS.generations", "RS.n.evaluations", 
    "RS.cpu.time", "DF.cost", "DF.gamma", "DF.data.balancing", 
    "DF.feature.selection", "DF.valid.acc", "DF.test.acc", "DF.train.time", 
    "DF.n.support.vectors", "DF.index", "DF.n.solutions", "DF.generations", 
    "DF.n.evaluations", "DF.cpu.time")))
