full <-
structure(c(50, 55, 60, 65, 70, 75, 80, 85, 90, 95, 100, 4.87917, 
-0.7146, 6.68358, 11.19664, 15, 10.32012, 7.19262, 6.41432, 13.89208, 
11.07392, 3.59914, -1.53263, -0.90979, -9.46025, -8.83077, -15, 
-7.37316, -3.14173, -4.48887, -11.85003, -4.20968, -2.58208, 
0, 0, 0, 0, 0, 0, 0, 0, 0, 0, 0, 0, 0, 0, 0, 0, 0, 0, 0, 0, 0, 
0, 0.83476, 0.77381, 0.77976, 0.80714, 0.81667, 0.84444, 0.85475, 
0.86182, 0.84439, 0.85, 0.87325, 0.78143, 0.74524, 0.75357, 0.82321, 
0.79167, 0.85611, 0.84162, 0.82455, 0.87091, 0.82348, 0.84825, 
0.0097, 0.0107, 0.0111, 0.0131, 0.0102, 0.0122, 0.0118, 0.0118, 
0.0229, 0.0123, 0.012, 35.7, 50.3, 44.8, 31.5, 38.2, 33.9, 45.3, 
42.4, 42.2, 48.1, 57.8, 89, 5, 48, 83, 58, 26, 127, 1683, 25, 
18, 382, 903, 293, 321, 165, 1312, 479, 998, 1, 425, 973, 104, 
100, 100, 100, 100, 100, 100, 100, 100, 100, 100, 100, 2500, 
2500, 2500, 2500, 2500, 2500, 2500, 2500, 2500, 2500, 2500, 8680.197, 
8995.523, 8591.89799999999, 8458.27, 8593.69499999999, 8475.58100000001, 
8337.54400000001, 8781.493, 8936.54399999999, 8491.611, 8406.31, 
4.25894, 13.81655, 10.62255, 11.36579, 14.11138, 12.57713, 11.06345, 
5.399, 10.94023, 5.29627, 3.16794, -1.40517, -8.55797, -13.25392, 
-9.02046, -13.97117, -9.61707, -3.08596, -3.6398, -7.84699, -3.4502, 
-2.42388, 0, 0, 0, 0, 0, 0, 0, 0, 0, 0, 0, 0, 0, 0, 0, 0, 0, 
0, 0, 0, 0, 0, 0.83476, 0.77619, 0.77976, 0.80714, 0.81667, 0.84444, 
0.85475, 0.85273, 0.84439, 0.85, 0.87325, 0.7981, 0.72619, 0.76786, 
0.82321, 0.79167, 0.85611, 0.84162, 0.84273, 0.88, 0.83182, 0.84825, 
0.0104, 0.0129, 0.0095, 0.0125, 0.0112, 0.0152, 0.0118, 0.0121, 
0.0147, 0.0121, 0.0117, 37.4, 25.8, 43.7, 31.7, 38.3, 33.5, 45.3, 
46.1, 38.7, 50.3, 58.5, 88, 282, 16, 90, 78, 17, 22, 37, 23, 
269, 2426, 38, 3, 72, 13, 65, 59, 7, 1, 86, 28, 1, 100, 100, 
100, 100, 100, 100, 100, 100, 100, 100, 100, 2500, 2500, 2500, 
2500, 2500, 2500, 2500, 2500, 2500, 2500, 2500, 8861.638, 8994.697, 
8497.851, 8433.501, 8530.003, 8524.526, 8586.378, 8867.73300000001, 
8810, 8527.73199999999, 8425.51300000001, 1, 1, 1, 1, 1, 1, 1, 
1, 1, 1, 1, 0.33333, 0.33333, 0.33333, 0.33333, 0.33333, 0.33333, 
0.33333, 0.33333, 0.33333, 0.33333, 0.33333, 0, 0, 0, 0, 0, 0, 
0, 0, 0, 0, 0, 0, 0, 0, 0, 0, 0, 0, 0, 0, 0, 0, 0.79571, 0.74524, 
0.76726, 0.69107, 0.69583, 0.75528, 0.75212, 0.78414, 0.78803, 
0.82477, 0.81352, 0.76476, 0.74524, 0.75536, 0.70357, 0.69583, 
0.75528, 0.76101, 0.80545, 0.78727, 0.80874, 0.79825, 0.0103, 
0.0107, 0.0098, 0.0111, 0.0101, 0.0105, 0.0115, 0.0118, 0.0114, 
0.0116, 0.0119, 41.6, 44.8, 50, 53.3, 54.4, 58, 61.3, 64.9, 66.6, 
75.1, 76.9, 1, 1, 1, 1, 1, 1, 1, 1, 1, 1, 1, 1, 1, 1, 1, 1, 1, 
1, 1, 1, 1, 1, 1, 1, 1, 1, 1, 1, 1, 1, 1, 1, 1, 1, 1, 1, 1, 1, 
1, 1, 1, 1, 1, 1, 3.603, 3.591, 3.303, 3.532, 3.24, 3.253, 3.517, 
3.547, 3.305, 3.218, 3.26), .Dim = c(11L, 40L), .Dimnames = list(
    NULL, c("Sampling", "PSO.cost", "PSO.gamma", "PSO.data.balancing", 
    "PSO.feature.selection", "PSO.valid.acc", "PSO.test.acc", 
    "PSO.train.time", "PSO.n.support.vectors", "PSO.index", "PSO.n.solutions", 
    "PSO.generations", "PSO.n.evaluations", "PSO.cpu.time", "RS.cost", 
    "RS.gamma", "RS.data.balancing", "RS.feature.selection", 
    "RS.valid.acc", "RS.test.acc", "RS.train.time", "RS.n.support.vectors", 
    "RS.index", "RS.n.solutions", "RS.generations", "RS.n.evaluations", 
    "RS.cpu.time", "DF.cost", "DF.gamma", "DF.data.balancing", 
    "DF.feature.selection", "DF.valid.acc", "DF.test.acc", "DF.train.time", 
    "DF.n.support.vectors", "DF.index", "DF.n.solutions", "DF.generations", 
    "DF.n.evaluations", "DF.cpu.time")))
