full <-
structure(c(50, 55, 60, 65, 70, 75, 80, 85, 90, 95, 100, 10.92597, 
5.75267, 2.62739, 12.50587, 4.42185, 14.17177, 12.67526, 13.92957, 
8.82962, 5.75741, 9.07271, -13.11275, -4.11903, -1.84061, -11.31304, 
-2.62723, -12.52501, -10.69986, -12.22337, -4.76792, -4.7803, 
-5.76391, 0, 0, 0, 0, 0, 0, 0, 0, 0, 0, 0, 0, 0, 0, 0, 0, 0, 
0, 0, 0, 0, 0, 0.83333, 0.84286, 0.85298, 0.8746, 0.88155, 0.88694, 
0.89808, 0.86182, 0.88803, 0.86894, 0.86911, 0.81667, 0.77857, 
0.79405, 0.86171, 0.88155, 0.87722, 0.85364, 0.84182, 0.85894, 
0.84167, 0.79464, 0.0107, 0.0105, 0.0108, 0.0133, 0.01, 0.0142, 
0.0175, 0.0194, 0.0128, 0.0116, 0.0137, 33.5, 26.6, 41.3, 31, 
39.4, 31.8, 34.7, 36.9, 36.2, 44.7, 41.6, 16, 385, 942, 9, 1028, 
18, 104, 70, 27, 346, 68, 221, 501, 48, 206, 64, 372, 279, 173, 
890, 155, 133, 100, 100, 100, 100, 100, 100, 100, 100, 100, 100, 
100, 2500, 2500, 2500, 2500, 2500, 2500, 2500, 2500, 2500, 2500, 
2500, 6823.638, 6952.861, 6970.502, 6663.522, 6619.625, 6629.151, 
6669.046, 6757.08499999999, 6750.802, 6745.03099999999, 6705.37299999999, 
3.47044, 6.06631, 2.75836, 12.65301, 3.41242, 10.73885, 10.05687, 
5.1162, 12.40316, 7.13234, 13.82056, -5.47527, -4.24542, -1.9644, 
-11.62832, -1.80954, -9.64102, -8.09957, -3.87442, -4.77921, 
-4.8174, -3.58472, 0, 0, 0, 0, 0, 0, 0, 0, 0, 0, 0, 0, 0, 0, 
0, 0, 0, 0, 0, 0, 0, 0, 0.83333, 0.84286, 0.85298, 0.8746, 0.88155, 
0.88694, 0.89808, 0.86273, 0.88803, 0.86061, 0.85938, 0.81667, 
0.77857, 0.79405, 0.86171, 0.89405, 0.86722, 0.85364, 0.83182, 
0.85894, 0.83409, 0.85938, 0.0106, 0.0106, 0.0112, 0.0129, 0.0114, 
0.0127, 0.0129, 0.0117, 0.012, 0.0129, 0.0132, 34.1, 25.9, 40.5, 
31.3, 45.4, 33.8, 34.1, 39.8, 36, 41, 50.8, 12, 2095, 1165, 10, 
357, 2, 239, 869, 28, 478, 11, 43, 1, 4, 39, 1, 62, 22, 1, 5, 
8, 27, 100, 100, 100, 100, 100, 100, 100, 100, 100, 100, 100, 
2500, 2500, 2500, 2500, 2500, 2500, 2500, 2500, 2500, 2500, 2500, 
6935.952, 6970.162, 6908.983, 6640.686, 6615.11899999999, 6669.44499999999, 
6658.38900000001, 6772.14200000001, 6857.478, 6771.512, 6631.89999999999, 
1, 1, 1, 1, 1, 1, 1, 1, 1, 1, 1, 0.33333, 0.33333, 0.33333, 0.33333, 
0.33333, 0.33333, 0.33333, 0.33333, 0.33333, 0.33333, 0.33333, 
0, 0, 0, 0, 0, 0, 0, 0, 0, 0, 0, 0, 0, 0, 0, 0, 0, 0, 0, 0, 0, 
0, 0.78333, 0.72619, 0.80833, 0.78671, 0.82321, 0.81278, 0.77848, 
0.80182, 0.83167, 0.80455, 0.74161, 0.73333, 0.70952, 0.7756, 
0.78532, 0.82321, 0.84639, 0.78737, 0.80182, 0.82258, 0.79697, 
0.76888, 0.0104, 0.0106, 0.011, 0.0117, 0.0115, 0.0108, 0.0113, 
0.0122, 0.0124, 0.0119, 0.0122, 41.1, 44.2, 47, 51.7, 53.3, 57.6, 
61.5, 66.3, 70.1, 71.9, 76, 1, 1, 1, 1, 1, 1, 1, 1, 1, 1, 1, 
1, 1, 1, 1, 1, 1, 1, 1, 1, 1, 1, 1, 1, 1, 1, 1, 1, 1, 1, 1, 1, 
1, 1, 1, 1, 1, 1, 1, 1, 1, 1, 1, 1, 2.778, 2.776, 2.763, 2.743, 
2.766, 2.533, 2.667, 2.776, 2.786, 2.609, 2.633), .Dim = c(11L, 
40L), .Dimnames = list(NULL, c("Sampling", "PSO.cost", "PSO.gamma", 
"PSO.data.balancing", "PSO.feature.selection", "PSO.valid.acc", 
"PSO.test.acc", "PSO.train.time", "PSO.n.support.vectors", "PSO.index", 
"PSO.n.solutions", "PSO.generations", "PSO.n.evaluations", "PSO.cpu.time", 
"RS.cost", "RS.gamma", "RS.data.balancing", "RS.feature.selection", 
"RS.valid.acc", "RS.test.acc", "RS.train.time", "RS.n.support.vectors", 
"RS.index", "RS.n.solutions", "RS.generations", "RS.n.evaluations", 
"RS.cpu.time", "DF.cost", "DF.gamma", "DF.data.balancing", "DF.feature.selection", 
"DF.valid.acc", "DF.test.acc", "DF.train.time", "DF.n.support.vectors", 
"DF.index", "DF.n.solutions", "DF.generations", "DF.n.evaluations", 
"DF.cpu.time")))
