full <-
structure(c(50, 55, 60, 65, 70, 75, 80, 85, 90, 95, 100, 14.60397, 
-2, 15, 15, 8.39027, 12.47368, 7.69422, 15, 4.82864, 10.7258, 
12.06894, -3.89584, -3.71184, -8.17056, -9.75258, -5.79282, -9.31408, 
-13.24839, -8.07509, -7.77825, 0.06792, -4.30107, 0, 0, 0, 0, 
0, 0, 0, 0, 0, 0, 0, 0, 0, 0, 0, 0, 0, 0, 0, 0, 0, 0, 0.95364, 
0.9567, 0.96731, 0.95714, 0.9719, 0.96828, 0.96949, 0.98264, 
0.96284, 0.96442, 0.9619, 0.92455, 0.93992, 0.95064, 0.94945, 
0.94476, 0.9624, 0.9511, 0.97153, 0.95699, 0.94887, 0.94762, 
0.0126, 0.0133, 0.0122, 0.0123, 0.0127, 0.0135, 0.0147, 0.0142, 
0.0139, 0.0199, 0.0154, 19.1, 64.1, 14.1, 15.1, 18.5, 17.5, 63.1, 
16.2, 37.9, 101.6, 23.5, 181, 63, 649, 28, 38, 56, 7, 130, 48, 
60, 76, 791, 370, 57, 1457, 463, 693, 272, 1414, 383, 604, 1330, 
100, 100, 100, 100, 100, 100, 100, 100, 100, 100, 100, 2500, 
2500, 2500, 2500, 2500, 2500, 2500, 2500, 2500, 2500, 2500, 7575.272, 
7855.522, 7639.811, 7784.133, 7867.94300000001, 8022.98999999999, 
7962.762, 7700.25200000001, 7722.395, 7861.61600000001, 7787.00399999999, 
7.26053, -0.62925, 13.17638, 12.7676, 7.94821, 11.35427, 5.68445, 
14.50648, 12.12588, 12.9715, 11.25213, -3.84614, -5.42506, -8.16605, 
-9.30424, -5.87305, -8.78163, -8.63893, -7.94114, -14.14924, 
0.09642, -4.77059, 0, 0, 0, 0, 0, 0, 0, 0, 0, 0, 0, 0, 0, 0, 
0, 0, 0, 0, 0, 0, 0, 0, 0.95364, 0.9567, 0.96731, 0.95714, 0.9719, 
0.96828, 0.96949, 0.98264, 0.96284, 0.96442, 0.9619, 0.92455, 
0.94901, 0.95064, 0.94945, 0.94476, 0.9624, 0.95735, 0.97153, 
0.95754, 0.94887, 0.95238, 0.0123, 0.0134, 0.0131, 0.0126, 0.013, 
0.0135, 0.0143, 0.0145, 0.0145, 0.0203, 0.016, 19.1, 58.9, 14.1, 
15.4, 19.2, 18.6, 35.5, 16.3, 32.2, 103.2, 22.9, 159, 6, 1353, 
14, 972, 75, 21, 12, 86, 37, 82, 10, 61, 2, 70, 2, 48, 48, 8, 
73, 24, 30, 100, 100, 100, 100, 100, 100, 100, 100, 100, 100, 
100, 2500, 2500, 2500, 2500, 2500, 2500, 2500, 2500, 2500, 2500, 
2500, 7735.924, 7858.625, 7789.312, 7858.755, 8002.075, 8095.341, 
7969.27800000001, 7757.02099999999, 7760.12400000001, 7850.51699999999, 
8071.446, 1, 1, 1, 1, 1, 1, 1, 1, 1, 1, 1, 0.14286, 0.14286, 
0.14286, 0.14286, 0.14286, 0.14286, 0.14286, 0.14286, 0.14286, 
0.14286, 0.14286, 0, 0, 0, 0, 0, 0, 0, 0, 0, 0, 0, 0, 0, 0, 0, 
0, 0, 0, 0, 0, 0, 0, 0.93273, 0.93992, 0.9435, 0.93516, 0.94429, 
0.96282, 0.95074, 0.96078, 0.95173, 0.9494, 0.94286, 0.93273, 
0.93083, 0.93516, 0.92802, 0.94429, 0.96282, 0.95699, 0.95523, 
0.95699, 0.95942, 0.94286, 0.0123, 0.0123, 0.0138, 0.0139, 0.0141, 
0.0145, 0.0132, 0.015, 0.0146, 0.0156, 0.0169, 38.1, 39.3, 40.4, 
42.1, 43, 46.9, 47.9, 48.5, 51.6, 53.4, 59.7, 1, 1, 1, 1, 1, 
1, 1, 1, 1, 1, 1, 1, 1, 1, 1, 1, 1, 1, 1, 1, 1, 1, 1, 1, 1, 1, 
1, 1, 1, 1, 1, 1, 1, 1, 1, 1, 1, 1, 1, 1, 1, 1, 1, 1, 2.961, 
2.921, 3.23, 3.053, 3.137, 3.186, 2.857, 3.196, 3.065, 3.122, 
3.227), .Dim = c(11L, 40L), .Dimnames = list(NULL, c("Sampling", 
"PSO.cost", "PSO.gamma", "PSO.data.balancing", "PSO.feature.selection", 
"PSO.valid.acc", "PSO.test.acc", "PSO.train.time", "PSO.n.support.vectors", 
"PSO.index", "PSO.n.solutions", "PSO.generations", "PSO.n.evaluations", 
"PSO.cpu.time", "RS.cost", "RS.gamma", "RS.data.balancing", "RS.feature.selection", 
"RS.valid.acc", "RS.test.acc", "RS.train.time", "RS.n.support.vectors", 
"RS.index", "RS.n.solutions", "RS.generations", "RS.n.evaluations", 
"RS.cpu.time", "DF.cost", "DF.gamma", "DF.data.balancing", "DF.feature.selection", 
"DF.valid.acc", "DF.test.acc", "DF.train.time", "DF.n.support.vectors", 
"DF.index", "DF.n.solutions", "DF.generations", "DF.n.evaluations", 
"DF.cpu.time")))
