full <-
structure(c(50, 55, 60, 65, 70, 75, 80, 85, 90, 95, 100, 14.23632, 
14.81853, 12.62915, 10.66624, 9.16869, 14.29716, 8.26891, 9.61657, 
8.89398, 6.70662, 13.26258, -10.13332, -3.72693, -10.04769, -4.07839, 
-3.9407, -11.4628, -3.76411, -4.80427, -5.00417, -3.20894, -6.58509, 
0, 0, 0, 0, 0, 0, 0, 0, 0, 0, 0, 0, 0, 0, 0, 0, 0, 0, 0, 0, 0, 
0, 0.92864, 0.94, 0.92885, 0.94231, 0.9519, 0.96167, 0.96282, 
0.95282, 0.96257, 0.97468, 0.96667, 0.92864, 0.92106, 0.92051, 
0.91145, 0.95088, 0.94208, 0.96907, 0.9348, 0.94094, 0.94886, 
0.9619, 0.0121, 0.013, 0.0132, 0.0131, 0.0122, 0.0133, 0.014, 
0.0141, 0.0137, 0.0147, 0.015, 17.6, 25.4, 21.5, 26.2, 25, 22, 
27.9, 21.8, 23.3, 35, 20.2, 201, 106, 20, 313, 148, 971, 3, 64, 
74, 114, 115, 265, 1272, 836, 248, 1435, 19, 1516, 206, 1256, 
132, 423, 100, 100, 100, 100, 100, 100, 100, 100, 100, 100, 100, 
2500, 2500, 2500, 2500, 2500, 2500, 2500, 2500, 2500, 2500, 2500, 
6701.884, 6738.275, 6733.384, 6750.447, 6620.369, 6633.57400000001, 
6645.28099999999, 6658.28, 6676.08500000001, 6651.53, 6704.82999999999, 
13.57587, 8.82966, 6.10044, 11.72776, 11.05401, 13.53125, 11.84803, 
9.59599, 14.83512, 6.19251, 11.78174, -9.56463, -3.70959, -3.49381, 
-4.07528, -3.94801, -10.49569, -3.76304, -4.76909, -5.7762, -3.06659, 
-7.67629, 0, 0, 0, 0, 0, 0, 0, 0, 0, 0, 0, 0, 0, 0, 0, 0, 0, 
0, 0, 0, 0, 0, 0.92864, 0.94, 0.93654, 0.94231, 0.9519, 0.95542, 
0.96282, 0.95282, 0.96257, 0.97468, 0.96667, 0.93773, 0.92106, 
0.88974, 0.91145, 0.95088, 0.94875, 0.96907, 0.9348, 0.93538, 
0.9391, 0.95238, 0.0122, 0.0123, 0.0129, 0.013, 0.013, 0.0127, 
0.0136, 0.0137, 0.0142, 0.0138, 0.0138, 17.6, 25.7, 29.7, 26.2, 
25, 21.8, 27.9, 22.1, 19.7, 36.5, 21.9, 695, 444, 2328, 2164, 
217, 3, 47, 1032, 178, 1280, 142, 2, 15, 1, 1, 15, 26, 43, 2, 
4, 1, 5, 100, 100, 100, 100, 100, 100, 100, 100, 100, 100, 100, 
2500, 2500, 2500, 2500, 2500, 2500, 2500, 2500, 2500, 2500, 2500, 
6715.215, 6795.512, 6762.839, 6727.43, 6638.002, 6654.30899999999, 
6683.137, 6724.99000000001, 6717.13800000001, 6729.929, 6795.247, 
1, 1, 1, 1, 1, 1, 1, 1, 1, 1, 1, 0.14286, 0.14286, 0.14286, 0.14286, 
0.14286, 0.14286, 0.14286, 0.14286, 0.14286, 0.14286, 0.14286, 
0, 0, 0, 0, 0, 0, 0, 0, 0, 0, 0, 0, 0, 0, 0, 0, 0, 0, 0, 0, 0, 
0, 0.87076, 0.86788, 0.88077, 0.89328, 0.90374, 0.87708, 0.89775, 
0.91916, 0.91871, 0.9177, 0.92857, 0.88076, 0.88606, 0.8891, 
0.88392, 0.92469, 0.89042, 0.90989, 0.90703, 0.92953, 0.92746, 
0.92381, 0.0126, 0.0128, 0.0131, 0.0126, 0.0134, 0.0135, 0.0139, 
0.0143, 0.0139, 0.0153, 0.0153, 41.8, 45.9, 46.3, 48.7, 50.8, 
52.3, 53.8, 55.4, 57.1, 58, 60.7, 1, 1, 1, 1, 1, 1, 1, 1, 1, 
1, 1, 1, 1, 1, 1, 1, 1, 1, 1, 1, 1, 1, 1, 1, 1, 1, 1, 1, 1, 1, 
1, 1, 1, 1, 1, 1, 1, 1, 1, 1, 1, 1, 1, 1, 2.649, 2.726, 2.616, 
2.691, 2.642, 2.645, 2.693, 2.672, 2.628, 2.664, 2.703), .Dim = c(11L, 
40L), .Dimnames = list(NULL, c("Sampling", "PSO.cost", "PSO.gamma", 
"PSO.data.balancing", "PSO.feature.selection", "PSO.valid.acc", 
"PSO.test.acc", "PSO.train.time", "PSO.n.support.vectors", "PSO.index", 
"PSO.n.solutions", "PSO.generations", "PSO.n.evaluations", "PSO.cpu.time", 
"RS.cost", "RS.gamma", "RS.data.balancing", "RS.feature.selection", 
"RS.valid.acc", "RS.test.acc", "RS.train.time", "RS.n.support.vectors", 
"RS.index", "RS.n.solutions", "RS.generations", "RS.n.evaluations", 
"RS.cpu.time", "DF.cost", "DF.gamma", "DF.data.balancing", "DF.feature.selection", 
"DF.valid.acc", "DF.test.acc", "DF.train.time", "DF.n.support.vectors", 
"DF.index", "DF.n.solutions", "DF.generations", "DF.n.evaluations", 
"DF.cpu.time")))
