full <-
structure(c(50, 55, 60, 65, 70, 75, 80, 85, 90, 95, 100, 4.78824, 
5.00626, 1.69903, 4.62816, 10.54503, 8.89633, 9.53636, 14.91994, 
14.59785, 13.31316, 14.98565, -5.68841, -6.66346, -3.73897, -4.33907, 
-14.61207, -9.06525, -11.45379, -11.08386, -10.85911, -5.49988, 
-7.85154, 0, 0, 0, 0, 0, 0, 0, 0, 0, 0, 0, 0, 0, 0, 0, 0, 0, 
0, 0, 0, 0, 0, 0.97889, 0.95682, 0.97738, 0.95604, 0.95946, 0.9487, 
0.95253, 0.94796, 0.96278, 0.95863, 0.9619, 0.95889, 0.94773, 
0.9554, 0.92637, 0.93893, 0.93657, 0.93958, 0.93513, 0.95778, 
0.95836, 0.9619, 0.0126, 0.0119, 0.014, 0.0123, 0.013, 0.0123, 
0.0139, 0.0138, 0.014, 0.0141, 0.0176, 22.2, 25.7, 33.3, 26.8, 
45.8, 27.7, 34.6, 20.5, 22, 20.3, 20, 215, 192, 41, 3, 1977, 
39, 160, 255, 23, 47, 93, 262, 224, 639, 314, 1, 1137, 55, 1201, 
941, 1281, 1406, 100, 100, 100, 100, 100, 100, 100, 100, 100, 
100, 100, 2500, 2500, 2500, 2500, 2500, 2500, 2500, 2500, 2500, 
2500, 2500, 7803.183, 7564.635, 7244.933, 7237.625, 8074.111, 
7467.83499999999, 7344.891, 7233.572, 7296.74000000001, 7434.72099999999, 
7188.28700000001, 4.15492, 10.13828, 0.55752, -0.16738, 5.84313, 
9.89636, 5.90473, 14.73868, 14.41612, 11.03596, 10.19446, -5.26859, 
-11.58497, -2.67871, -0.97712, -9.83243, -9.92348, -7.85287, 
-11.11939, -10.6972, -5.19973, -7.89832, 0, 0, 0, 0, 0, 0, 0, 
0, 0, 0, 0, 0, 0, 0, 0, 0, 0, 0, 0, 0, 0, 0, 0.97889, 0.95682, 
0.97738, 0.96319, 0.9528, 0.9487, 0.95253, 0.94796, 0.96278, 
0.95863, 0.9619, 0.95889, 0.93864, 0.97738, 0.94066, 0.93893, 
0.93657, 0.94513, 0.92925, 0.95778, 0.95836, 0.94762, 0.0125, 
0.0115, 0.0132, 0.0132, 0.0131, 0.0126, 0.0125, 0.0141, 0.0132, 
0.0156, 0.0149, 23.8, 24.3, 40.6, 61.4, 45.4, 26.9, 35.2, 20.7, 
22, 21.2, 26.1, 177, 217, 19, 616, 162, 364, 424, 1094, 350, 
207, 117, 4, 11, 17, 2, 8, 9, 11, 1, 4, 27, 18, 100, 100, 100, 
100, 100, 100, 100, 100, 100, 100, 100, 2500, 2500, 2500, 2500, 
2500, 2500, 2500, 2500, 2500, 2500, 2500, 7621.976, 7601.836, 
7277.207, 7837.316, 7631.376, 7566.30499999999, 7292.05499999999, 
7193.891, 7340.13800000001, 7523.084, 7502.65400000001, 1, 1, 
1, 1, 1, 1, 1, 1, 1, 1, 1, 0.14286, 0.14286, 0.14286, 0.14286, 
0.14286, 0.14286, 0.14286, 0.14286, 0.14286, 0.14286, 0.14286, 
0, 0, 0, 0, 0, 0, 0, 0, 0, 0, 0, 0, 0, 0, 0, 0, 0, 0, 0, 0, 0, 
0, 0.93162, 0.93864, 0.96071, 0.94066, 0.93315, 0.93115, 0.92823, 
0.91332, 0.92474, 0.93313, 0.93333, 0.9598, 0.93864, 0.93883, 
0.94121, 0.93268, 0.92449, 0.93448, 0.91225, 0.93474, 0.93313, 
0.9381, 0.0115, 0.0125, 0.0123, 0.0133, 0.0131, 0.0139, 0.0139, 
0.0145, 0.0153, 0.0144, 0.0169, 40, 41.3, 43.5, 47.3, 49.3, 51.4, 
53, 57.2, 57.7, 58.5, 61.4, 1, 1, 1, 1, 1, 1, 1, 1, 1, 1, 1, 
1, 1, 1, 1, 1, 1, 1, 1, 1, 1, 1, 1, 1, 1, 1, 1, 1, 1, 1, 1, 1, 
1, 1, 1, 1, 1, 1, 1, 1, 1, 1, 1, 1, 2.828, 3.017, 2.826, 3.146, 
2.955, 3.016, 2.949, 3.018, 3.063, 2.789, 3.331), .Dim = c(11L, 
40L), .Dimnames = list(NULL, c("Sampling", "PSO.cost", "PSO.gamma", 
"PSO.data.balancing", "PSO.feature.selection", "PSO.valid.acc", 
"PSO.test.acc", "PSO.train.time", "PSO.n.support.vectors", "PSO.index", 
"PSO.n.solutions", "PSO.generations", "PSO.n.evaluations", "PSO.cpu.time", 
"RS.cost", "RS.gamma", "RS.data.balancing", "RS.feature.selection", 
"RS.valid.acc", "RS.test.acc", "RS.train.time", "RS.n.support.vectors", 
"RS.index", "RS.n.solutions", "RS.generations", "RS.n.evaluations", 
"RS.cpu.time", "DF.cost", "DF.gamma", "DF.data.balancing", "DF.feature.selection", 
"DF.valid.acc", "DF.test.acc", "DF.train.time", "DF.n.support.vectors", 
"DF.index", "DF.n.solutions", "DF.generations", "DF.n.evaluations", 
"DF.cpu.time")))
