full <-
structure(c(50, 55, 60, 65, 70, 75, 80, 85, 90, 95, 100, 12.2935, 
6.72369, 8.77729, 13.73222, 15, 14.39456, 7.13106, 15, 12.05898, 
15, 12.68873, -14.32888, -0.26338, -6.96018, -9.06775, -10.30161, 
-10.02597, -3.39719, -11.8077, -5.6803, -7.1321, -4.0822, 0, 
0, 0, 0, 0, 0, 0, 0, 0, 0, 0, 0, 0, 0, 0, 0, 0, 0, 0, 0, 0, 0, 
0.98091, 0.96591, 0.98397, 0.97081, 0.96469, 0.96792, 0.95249, 
0.96634, 0.95143, 0.97419, 0.96667, 0.96182, 0.97424, 0.9609, 
0.962, 0.94326, 0.96167, 0.93382, 0.94412, 0.95614, 0.95866, 
0.95238, 0.0111, 0.0138, 0.0118, 0.0127, 0.0133, 0.0127, 0.013, 
0.0132, 0.0138, 0.0151, 0.0139, 20.1, 58.9, 18.7, 17.6, 16.6, 
17.7, 27.5, 20.9, 19.5, 20, 25, 2, 10, 1815, 23, 62, 78, 139, 
93, 85, 113, 86, 650, 1648, 7, 640, 474, 1191, 195, 121, 1132, 
1663, 639, 100, 100, 100, 100, 100, 100, 100, 100, 100, 100, 
100, 2500, 2500, 2500, 2500, 2500, 2500, 2500, 2500, 2500, 2500, 
2500, 7189.433, 7192.188, 7141.77, 7153.115, 7085.236, 7109.186, 
7090.454, 7069.83099999999, 7268.272, 7254.299, 7174.22699999998, 
6.95216, 8.97693, 8.49821, 14.09912, 10.5884, 14.92536, 13.38942, 
13.76276, 14.45698, 10.55643, 12.70236, -12.64263, -0.13623, 
-6.70245, -9.62253, -7.98018, -9.57068, -2.57264, -10.65377, 
-4.53758, -6.30635, -6.84775, 0, 0, 0, 0, 0, 0, 0, 0, 0, 0, 0, 
0, 0, 0, 0, 0, 0, 0, 0, 0, 0, 0, 0.98091, 0.96591, 0.98397, 0.97081, 
0.96469, 0.96792, 0.94661, 0.96634, 0.95143, 0.97445, 0.97143, 
0.97091, 0.97424, 0.9609, 0.97033, 0.94374, 0.96167, 0.93971, 
0.94412, 0.94503, 0.96392, 0.95714, 0.0121, 0.0138, 0.0116, 0.0129, 
0.0125, 0.0132, 0.0132, 0.0133, 0.0135, 0.0137, 0.0149, 45.9, 
62.2, 18.3, 17.4, 19.7, 17.6, 36.1, 20.7, 21.9, 22.7, 21.2, 3, 
23, 1972, 337, 496, 1, 38, 112, 60, 194, 1011, 219, 110, 1, 15, 
20, 8, 43, 6, 72, 1, 1, 100, 100, 100, 100, 100, 100, 100, 100, 
100, 100, 100, 2500, 2500, 2500, 2500, 2500, 2500, 2500, 2500, 
2500, 2500, 2500, 7157.416, 7183.273, 7171.619, 7148.815, 7113.977, 
7130.033, 7054.213, 7231.408, 7263.93700000001, 7261.58000000002, 
7227.66800000001, 1, 1, 1, 1, 1, 1, 1, 1, 1, 1, 1, 0.14286, 0.14286, 
0.14286, 0.14286, 0.14286, 0.14286, 0.14286, 0.14286, 0.14286, 
0.14286, 0.14286, 0, 0, 0, 0, 0, 0, 0, 0, 0, 0, 0, 0, 0, 0, 0, 
0, 0, 0, 0, 0, 0, 0, 0.96091, 0.93939, 0.92756, 0.94828, 0.93796, 
0.93542, 0.93263, 0.93235, 0.91924, 0.92311, 0.9381, 0.95182, 
0.94773, 0.94359, 0.94828, 0.94421, 0.94208, 0.93888, 0.9268, 
0.91924, 0.92787, 0.93333, 0.0121, 0.0119, 0.0121, 0.0123, 0.013, 
0.0133, 0.0137, 0.0144, 0.0143, 0.0147, 0.0151, 34.1, 37.8, 41.2, 
43.7, 46.5, 49.3, 52.2, 53.6, 55.8, 57.3, 60.6, 1, 1, 1, 1, 1, 
1, 1, 1, 1, 1, 1, 1, 1, 1, 1, 1, 1, 1, 1, 1, 1, 1, 1, 1, 1, 1, 
1, 1, 1, 1, 1, 1, 1, 1, 1, 1, 1, 1, 1, 1, 1, 1, 1, 1, 2.884, 
2.818, 2.832, 2.843, 2.846, 2.859, 2.826, 2.993, 2.952, 2.852, 
2.954), .Dim = c(11L, 40L), .Dimnames = list(NULL, c("Sampling", 
"PSO.cost", "PSO.gamma", "PSO.data.balancing", "PSO.feature.selection", 
"PSO.valid.acc", "PSO.test.acc", "PSO.train.time", "PSO.n.support.vectors", 
"PSO.index", "PSO.n.solutions", "PSO.generations", "PSO.n.evaluations", 
"PSO.cpu.time", "RS.cost", "RS.gamma", "RS.data.balancing", "RS.feature.selection", 
"RS.valid.acc", "RS.test.acc", "RS.train.time", "RS.n.support.vectors", 
"RS.index", "RS.n.solutions", "RS.generations", "RS.n.evaluations", 
"RS.cpu.time", "DF.cost", "DF.gamma", "DF.data.balancing", "DF.feature.selection", 
"DF.valid.acc", "DF.test.acc", "DF.train.time", "DF.n.support.vectors", 
"DF.index", "DF.n.solutions", "DF.generations", "DF.n.evaluations", 
"DF.cpu.time")))
