full <-
structure(c(50, 55, 60, 65, 70, 75, 80, 85, 90, 95, 100, 15, 
13.36398, 12.08093, 15, 13.89612, 11.24722, 14.4862, 14.62474, 
8.37001, 9.13915, 15, -7.05118, -9.1408, -10.52373, -11.91423, 
-6.24223, -3.40702, -12.48613, -13.00399, -3.04438, -4.41244, 
-10.6226, 0, 0, 0, 0, 0, 0, 0, 0, 0, 0, 0, 0, 0, 0, 0, 0, 0, 
0, 0, 0, 0, 0, 0.94455, 0.93788, 0.94359, 0.95581, 0.95183, 0.93583, 
0.95129, 0.94346, 0.96228, 0.94426, 0.96667, 0.92621, 0.93788, 
0.91218, 0.94811, 0.92366, 0.92333, 0.94467, 0.93235, 0.95673, 
0.93397, 0.95714, 0.011, 0.0119, 0.0117, 0.0122, 0.0123, 0.0135, 
0.0127, 0.0139, 0.0137, 0.0137, 0.015, 15.2, 16.4, 20.4, 17.9, 
19.1, 27.4, 21.9, 23.8, 32.6, 23.9, 21.4, 33, 377, 31, 135, 90, 
79, 272, 389, 160, 113, 390, 1355, 436, 1053, 291, 1285, 1369, 
225, 215, 824, 638, 484, 100, 100, 100, 100, 100, 100, 100, 100, 
100, 100, 100, 2500, 2500, 2500, 2500, 2500, 2500, 2500, 2500, 
2500, 2500, 2500, 6464.185, 6489.233, 6566.622, 6517.113, 6611.083, 
6806.44, 6784.09600000001, 6865.274, 6837.06299999999, 6839.924, 
6880.37100000001, 14.76448, 13.3473, 9.98421, 14.91576, 12.7034, 
13.06295, 13.66203, 11.71161, 7.33403, 10.10826, 14.85673, -8.33435, 
-9.19595, -8.56535, -12.0614, -6.22552, -3.54751, -11.61332, 
-10.11909, -3.02589, -5.05876, -10.55703, 0, 0, 0, 0, 0, 0, 0, 
0, 0, 0, 0, 0, 0, 0, 0, 0, 0, 0, 0, 0, 0, 0, 0.94455, 0.93788, 
0.94359, 0.94914, 0.95183, 0.93583, 0.95129, 0.94346, 0.96228, 
0.94426, 0.96667, 0.92712, 0.93788, 0.91987, 0.94145, 0.92366, 
0.92333, 0.94467, 0.93235, 0.95146, 0.93952, 0.9619, 0.0115, 
0.0119, 0.012, 0.0124, 0.0132, 0.0139, 0.0131, 0.0133, 0.0141, 
0.0147, 0.0165, 14.6, 16.3, 21.1, 18.4, 19.1, 26.3, 22.1, 24.2, 
32.9, 22.3, 21.7, 3, 117, 4, 570, 50, 164, 156, 466, 65, 327, 
1855, 63, 1, 93, 6, 10, 19, 2, 5, 5, 9, 1, 100, 100, 100, 100, 
100, 100, 100, 100, 100, 100, 100, 2500, 2500, 2500, 2500, 2500, 
2500, 2500, 2500, 2500, 2500, 2500, 6473.885, 6567.806, 6599.125, 
6514.529, 6790.644, 6835.796, 6855.54300000001, 6896.87599999999, 
6866.027, 6915.33799999999, 6935.307, 1, 1, 1, 1, 1, 1, 1, 1, 
1, 1, 1, 0.14286, 0.14286, 0.14286, 0.14286, 0.14286, 0.14286, 
0.14286, 0.14286, 0.14286, 0.14286, 0.14286, 0, 0, 0, 0, 0, 0, 
0, 0, 0, 0, 0, 0, 0, 0, 0, 0, 0, 0, 0, 0, 0, 0, 0.91419, 0.87652, 
0.89615, 0.91328, 0.91802, 0.91708, 0.92629, 0.92059, 0.92456, 
0.92815, 0.93333, 0.91419, 0.87652, 0.89615, 0.92097, 0.92571, 
0.92333, 0.92629, 0.91503, 0.9193, 0.9273, 0.92857, 0.0114, 0.0121, 
0.012, 0.0123, 0.0135, 0.0138, 0.0149, 0.0148, 0.0151, 0.0148, 
0.0156, 37.6, 42.2, 44.4, 46.1, 48.1, 49.4, 51.5, 54.9, 56.3, 
56.8, 61.1, 1, 1, 1, 1, 1, 1, 1, 1, 1, 1, 1, 1, 1, 1, 1, 1, 1, 
1, 1, 1, 1, 1, 1, 1, 1, 1, 1, 1, 1, 1, 1, 1, 1, 1, 1, 1, 1, 1, 
1, 1, 1, 1, 1, 1, 2.582, 2.584, 2.581, 2.563, 2.767, 2.748, 2.704, 
2.74, 2.7, 2.805, 2.827), .Dim = c(11L, 40L), .Dimnames = list(
    NULL, c("Sampling", "PSO.cost", "PSO.gamma", "PSO.data.balancing", 
    "PSO.feature.selection", "PSO.valid.acc", "PSO.test.acc", 
    "PSO.train.time", "PSO.n.support.vectors", "PSO.index", "PSO.n.solutions", 
    "PSO.generations", "PSO.n.evaluations", "PSO.cpu.time", "RS.cost", 
    "RS.gamma", "RS.data.balancing", "RS.feature.selection", 
    "RS.valid.acc", "RS.test.acc", "RS.train.time", "RS.n.support.vectors", 
    "RS.index", "RS.n.solutions", "RS.generations", "RS.n.evaluations", 
    "RS.cpu.time", "DF.cost", "DF.gamma", "DF.data.balancing", 
    "DF.feature.selection", "DF.valid.acc", "DF.test.acc", "DF.train.time", 
    "DF.n.support.vectors", "DF.index", "DF.n.solutions", "DF.generations", 
    "DF.n.evaluations", "DF.cpu.time")))
