full <-
structure(c(50, 55, 60, 65, 70, 75, 80, 85, 90, 95, 100, 10.305, 
1.23967, 3.05464, 11.68073, 14.45929, 7.73929, 10.10326, 14.89508, 
15, 13.62472, 10.07865, -7.70012, -0.97057, -1.61406, -4.40579, 
-12.90899, -3.66588, -2.39117, -6.55402, -11.16537, -6.37242, 
-4.17177, 0, 0, 0, 0, 0, 0, 0, 0, 0, 0, 0, 0, 0, 0, 0, 0, 0, 
0, 0, 0, 0, 0, 0.92455, 0.95455, 0.93566, 0.94106, 0.94476, 0.94833, 
0.94611, 0.95425, 0.97222, 0.94876, 0.96667, 0.92273, 0.92803, 
0.92669, 0.91187, 0.9381, 0.9475, 0.92736, 0.95425, 0.9617, 0.95323, 
0.95714, 0.0129, 0.0141, 0.0136, 0.0131, 0.0139, 0.0141, 0.0133, 
0.0151, 0.0151, 0.0145, 0.0144, 18.9, 54.8, 46.6, 22.9, 24.1, 
26.9, 37.7, 19.5, 21.5, 20.4, 24.3, 244, 1106, 250, 52, 8, 12, 
5, 2381, 269, 865, 39, 307, 88, 649, 1130, 467, 1602, 1187, 1, 
138, 22, 1488, 100, 100, 100, 100, 100, 100, 100, 100, 100, 100, 
100, 2500, 2500, 2500, 2500, 2500, 2500, 2500, 2500, 2500, 2500, 
2500, 7832.599, 8059.229, 7435.744, 7563.422, 7474.73, 7165.98, 
7300.73000000001, 7321.287, 7479.10400000001, 7487.636, 6941.685, 
9.29374, 0.61332, 3.03413, 12.87946, 14.02075, 13.45257, 14.92815, 
12.9065, 12.88287, 14.93824, 8.39133, -6.60449, -0.58181, -1.5779, 
-4.68851, -11.77513, -4.62036, -11.42675, -6.38074, -8.95951, 
-12.14359, -4.16277, 0, 0, 0, 0, 0, 0, 0, 0, 0, 0, 0, 0, 0, 0, 
0, 0, 0, 0, 0, 0, 0, 0, 0.92455, 0.94545, 0.93566, 0.94106, 0.94476, 
0.94833, 0.95176, 0.94837, 0.96696, 0.94826, 0.97143, 0.91364, 
0.9197, 0.92669, 0.91187, 0.93143, 0.9475, 0.93815, 0.95425, 
0.95643, 0.93791, 0.95238, 0.0127, 0.0147, 0.0135, 0.012, 0.0129, 
0.0136, 0.0141, 0.0143, 0.0139, 0.014, 0.0135, 18.9, 62.3, 47.1, 
21.8, 22.9, 22.1, 21.1, 19.8, 20.5, 24.1, 24.9, 15, 914, 61, 
22, 1262, 45, 90, 15, 203, 367, 1729, 13, 4, 12, 47, 5, 107, 
3, 54, 32, 8, 1, 100, 100, 100, 100, 100, 100, 100, 100, 100, 
100, 100, 2500, 2500, 2500, 2500, 2500, 2500, 2500, 2500, 2500, 
2500, 2500, 8092.036, 7976.737, 7330.147, 7507.851, 7397.13100000001, 
7243.32399999999, 7381.10799999999, 7479.25499999999, 7271.33500000001, 
7217.50899999999, 7270.978, 1, 1, 1, 1, 1, 1, 1, 1, 1, 1, 1, 
0.14286, 0.14286, 0.14286, 0.14286, 0.14286, 0.14286, 0.14286, 
0.14286, 0.14286, 0.14286, 0.14286, 0, 0, 0, 0, 0, 0, 0, 0, 0, 
0, 0, 0, 0, 0, 0, 0, 0, 0, 0, 0, 0, 0, 0.89545, 0.90985, 0.90361, 
0.90733, 0.9181, 0.9224, 0.93301, 0.92582, 0.92398, 0.91794, 
0.93333, 0.88545, 0.90152, 0.89528, 0.91447, 0.9181, 0.92907, 
0.92745, 0.92582, 0.92953, 0.90207, 0.92857, 0.0124, 0.0128, 
0.0124, 0.0129, 0.0135, 0.0138, 0.0137, 0.0148, 0.0145, 0.0144, 
0.0153, 40.8, 43.4, 45.9, 47, 49.1, 51.2, 53.6, 53.8, 56.8, 59.7, 
61.3, 1, 1, 1, 1, 1, 1, 1, 1, 1, 1, 1, 1, 1, 1, 1, 1, 1, 1, 1, 
1, 1, 1, 1, 1, 1, 1, 1, 1, 1, 1, 1, 1, 1, 1, 1, 1, 1, 1, 1, 1, 
1, 1, 1, 1, 3.099, 3.024, 2.937, 3.048, 2.811, 2.884, 2.662, 
2.967, 2.843, 2.778, 2.974), .Dim = c(11L, 40L), .Dimnames = list(
    NULL, c("Sampling", "PSO.cost", "PSO.gamma", "PSO.data.balancing", 
    "PSO.feature.selection", "PSO.valid.acc", "PSO.test.acc", 
    "PSO.train.time", "PSO.n.support.vectors", "PSO.index", "PSO.n.solutions", 
    "PSO.generations", "PSO.n.evaluations", "PSO.cpu.time", "RS.cost", 
    "RS.gamma", "RS.data.balancing", "RS.feature.selection", 
    "RS.valid.acc", "RS.test.acc", "RS.train.time", "RS.n.support.vectors", 
    "RS.index", "RS.n.solutions", "RS.generations", "RS.n.evaluations", 
    "RS.cpu.time", "DF.cost", "DF.gamma", "DF.data.balancing", 
    "DF.feature.selection", "DF.valid.acc", "DF.test.acc", "DF.train.time", 
    "DF.n.support.vectors", "DF.index", "DF.n.solutions", "DF.generations", 
    "DF.n.evaluations", "DF.cpu.time")))
