full <-
structure(c(50, 55, 60, 65, 70, 75, 80, 85, 90, 95, 100, 3.18375, 
3.81056, 2.09333, 3.16355, 10.7252, 15, 5.34942, 8.02409, 13.36123, 
8.8967, 12.75976, -1.95932, -1.45049, -0.70365, -1.21642, -7.46239, 
-13.41607, -4.63963, -4.78759, -7.61577, -6.48064, -5.71404, 
0, 0, 0, 0, 0, 0, 0, 0, 0, 0, 0, 0, 0, 0, 0, 0, 0, 0, 0, 0, 0, 
0, 0.9453, 0.95758, 0.95897, 0.94938, 0.95952, 0.95453, 0.93377, 
0.96569, 0.96754, 0.96336, 0.97143, 0.89253, 0.93106, 0.94231, 
0.93509, 0.94, 0.94162, 0.89618, 0.95392, 0.95173, 0.94836, 0.9619, 
0.012, 0.013, 0.0136, 0.0132, 0.0116, 0.0131, 0.0129, 0.0142, 
0.0142, 0.0144, 0.0162, 35.7, 41.6, 58.2, 53.4, 20, 22, 29.4, 
24.4, 21, 24.8, 20.8, 599, 93, 44, 640, 24, 51, 396, 722, 121, 
18, 32, 129, 84, 404, 129, 372, 169, 92, 75, 270, 239, 1423, 
100, 100, 100, 100, 100, 100, 100, 100, 100, 100, 100, 2500, 
2500, 2500, 2500, 2500, 2500, 2500, 2500, 2500, 2500, 2500, 6704.618, 
6702.496, 6706.902, 6790.065, 6878.988, 6794.17, 6820.476, 6784.329, 
6770.761, 6788.295, 6788.80300000001, 14.42126, 12.37773, 3.12614, 
3.16429, 14.41339, 12.42419, 3.49444, 7.94791, 14.70342, 9.6412, 
13.51452, -10.5086, -8.90474, -2.15469, -1.26198, -12.41726, 
-10.65326, -2.12848, -4.73212, -8.36183, -7.10531, -5.51476, 
0, 0, 0, 0, 0, 0, 0, 0, 0, 0, 0, 0, 0, 0, 0, 0, 0, 0, 0, 0, 0, 
0, 0.94051, 0.95758, 0.95897, 0.94938, 0.95952, 0.95453, 0.93304, 
0.96569, 0.96754, 0.96336, 0.97143, 0.9396, 0.96515, 0.94295, 
0.93509, 0.94, 0.94162, 0.90206, 0.95392, 0.94617, 0.95863, 0.9619, 
0.0117, 0.0118, 0.0123, 0.0145, 0.0134, 0.0129, 0.014, 0.0135, 
0.0147, 0.0135, 0.0152, 17.1, 18.6, 38.6, 52.6, 20.9, 21.6, 46, 
24.5, 19.5, 24.3, 21.3, 335, 480, 124, 2128, 5, 632, 2250, 1368, 
600, 2308, 767, 11, 8, 12, 1, 19, 10, 2, 1, 1, 1, 6, 100, 100, 
100, 100, 100, 100, 100, 100, 100, 100, 100, 2500, 2500, 2500, 
2500, 2500, 2500, 2500, 2500, 2500, 2500, 2500, 6709.013, 6706.878, 
6724.658, 6847.541, 6897.23, 6828.02499999999, 6842.58500000001, 
6822.51000000001, 6872.334, 6850.34699999999, 6861.97899999999, 
1, 1, 1, 1, 1, 1, 1, 1, 1, 1, 1, 0.14286, 0.14286, 0.14286, 0.14286, 
0.14286, 0.14286, 0.14286, 0.14286, 0.14286, 0.14286, 0.14286, 
0, 0, 0, 0, 0, 0, 0, 0, 0, 0, 0, 0, 0, 0, 0, 0, 0, 0, 0, 0, 0, 
0, 0.9151, 0.90455, 0.94231, 0.92502, 0.93286, 0.91537, 0.92201, 
0.91993, 0.92453, 0.93202, 0.92381, 0.90621, 0.9303, 0.93397, 
0.92502, 0.94619, 0.90949, 0.90946, 0.92549, 0.89734, 0.93228, 
0.93333, 0.012, 0.0122, 0.0125, 0.013, 0.0137, 0.0143, 0.0134, 
0.0141, 0.0151, 0.0153, 0.0155, 41.7, 43.8, 45, 47.1, 48.7, 51, 
54.5, 57.4, 57.3, 58.2, 61.2, 1, 1, 1, 1, 1, 1, 1, 1, 1, 1, 1, 
1, 1, 1, 1, 1, 1, 1, 1, 1, 1, 1, 1, 1, 1, 1, 1, 1, 1, 1, 1, 1, 
1, 1, 1, 1, 1, 1, 1, 1, 1, 1, 1, 1, 2.69, 2.684, 2.686, 2.739, 
2.734, 2.759, 2.635, 2.707, 2.619, 2.68, 2.72), .Dim = c(11L, 
40L), .Dimnames = list(NULL, c("Sampling", "PSO.cost", "PSO.gamma", 
"PSO.data.balancing", "PSO.feature.selection", "PSO.valid.acc", 
"PSO.test.acc", "PSO.train.time", "PSO.n.support.vectors", "PSO.index", 
"PSO.n.solutions", "PSO.generations", "PSO.n.evaluations", "PSO.cpu.time", 
"RS.cost", "RS.gamma", "RS.data.balancing", "RS.feature.selection", 
"RS.valid.acc", "RS.test.acc", "RS.train.time", "RS.n.support.vectors", 
"RS.index", "RS.n.solutions", "RS.generations", "RS.n.evaluations", 
"RS.cpu.time", "DF.cost", "DF.gamma", "DF.data.balancing", "DF.feature.selection", 
"DF.valid.acc", "DF.test.acc", "DF.train.time", "DF.n.support.vectors", 
"DF.index", "DF.n.solutions", "DF.generations", "DF.n.evaluations", 
"DF.cpu.time")))
