full <-
structure(c(50, 55, 60, 65, 70, 75, 80, 85, 90, 95, 100, 14.50435, 
15, 7.80533, 8.09257, 15, 12.10482, 9.71147, 6.78774, 15, 10.3737, 
13.99604, -13.23721, -8.37687, -1.7658, -3.75416, -7.72851, -4.10267, 
-4.90392, -7.35574, -10.42576, -9.04519, -9.79719, 0, 0, 0, 0, 
0, 0, 0, 0, 0, 0, 0, 0, 0, 0, 0, 0, 0, 0, 0, 0, 0, 0, 0.95424, 
0.94685, 0.96145, 0.95659, 0.94429, 0.954, 0.93961, 0.93758, 
0.94532, 0.94469, 0.96667, 0.94439, 0.93147, 0.93807, 0.94826, 
0.92333, 0.93352, 0.92748, 0.93203, 0.94006, 0.93916, 0.96667, 
0.0117, 0.0124, 0.013, 0.013, 0.0144, 0.0131, 0.0139, 0.013, 
0.0136, 0.0133, 0.0166, 17, 15.4, 43.9, 24, 18, 22.3, 21, 31.7, 
19.9, 27, 21.9, 298, 30, 5, 115, 344, 51, 254, 32, 129, 58, 81, 
249, 1318, 1350, 1016, 1116, 1396, 87, 329, 309, 353, 358, 100, 
100, 100, 100, 100, 100, 100, 100, 100, 100, 100, 2500, 2500, 
2500, 2500, 2500, 2500, 2500, 2500, 2500, 2500, 2500, 7512.491, 
7467.48, 7384.173, 7182.135, 7206.832, 7191.802, 7251.208, 7288.046, 
7274.49399999999, 7360.788, 9583.929, 14.68091, 13.53535, 5.51637, 
9.67827, 13.54446, 13.78546, 9.49987, 13.72637, 14.38284, 0.73731, 
13.95536, -13.40964, -8.35125, -1.67714, -3.66946, -7.61652, 
-4.29717, -4.82372, -14.51909, -7.54955, -0.77323, -9.80513, 
0, 0, 0, 0, 0, 0, 0, 0, 0, 0, 0, 0, 0, 0, 0, 0, 0, 0, 0, 0, 0, 
0, 0.95424, 0.94685, 0.96145, 0.95659, 0.94429, 0.954, 0.93961, 
0.93758, 0.94532, 0.94892, 0.96667, 0.94439, 0.93147, 0.93807, 
0.94826, 0.92333, 0.93352, 0.92748, 0.93203, 0.93421, 0.9334, 
0.96667, 0.0115, 0.0121, 0.0128, 0.0128, 0.0137, 0.0132, 0.0132, 
0.0136, 0.0149, 0.0172, 0.0168, 17, 15.3, 44.7, 24.6, 18.3, 21.7, 
21.1, 32, 19.4, 78, 22.2, 1493, 24, 424, 260, 457, 1, 925, 68, 
1858, 1217, 978, 2, 6, 18, 7, 9, 11, 1, 62, 1, 1, 10, 100, 100, 
100, 100, 100, 100, 100, 100, 100, 100, 100, 2500, 2500, 2500, 
2500, 2500, 2500, 2500, 2500, 2500, 2500, 2500, 7521.234, 7392.346, 
7397.863, 7221.372, 7239.12800000001, 7249.11500000001, 7257.81899999999, 
7349.05799999999, 7276.17700000001, 8813.37100000001, 9765.37, 
1, 1, 1, 1, 1, 1, 1, 1, 1, 1, 1, 0.14286, 0.14286, 0.14286, 0.14286, 
0.14286, 0.14286, 0.14286, 0.14286, 0.14286, 0.14286, 0.14286, 
0, 0, 0, 0, 0, 0, 0, 0, 0, 0, 0, 0, 0, 0, 0, 0, 0, 0, 0, 0, 0, 
0, 0.90677, 0.89371, 0.92767, 0.89661, 0.90286, 0.89702, 0.89733, 
0.90359, 0.9076, 0.92863, 0.93333, 0.91586, 0.91189, 0.90375, 
0.88947, 0.89619, 0.91004, 0.89145, 0.90948, 0.91345, 0.9289, 
0.93333, 0.0126, 0.0125, 0.013, 0.0129, 0.0138, 0.0132, 0.0134, 
0.0145, 0.0149, 0.016, 0.0185, 38.7, 40.7, 45, 47.3, 49.3, 50.1, 
50.1, 53.6, 56.7, 58.1, 60.6, 1, 1, 1, 1, 1, 1, 1, 1, 1, 1, 1, 
1, 1, 1, 1, 1, 1, 1, 1, 1, 1, 1, 1, 1, 1, 1, 1, 1, 1, 1, 1, 1, 
1, 1, 1, 1, 1, 1, 1, 1, 1, 1, 1, 1, 3.049, 2.959, 2.977, 2.866, 
2.93, 2.82, 2.801, 3.013, 2.934, 3.56, 4.04), .Dim = c(11L, 40L
), .Dimnames = list(NULL, c("Sampling", "PSO.cost", "PSO.gamma", 
"PSO.data.balancing", "PSO.feature.selection", "PSO.valid.acc", 
"PSO.test.acc", "PSO.train.time", "PSO.n.support.vectors", "PSO.index", 
"PSO.n.solutions", "PSO.generations", "PSO.n.evaluations", "PSO.cpu.time", 
"RS.cost", "RS.gamma", "RS.data.balancing", "RS.feature.selection", 
"RS.valid.acc", "RS.test.acc", "RS.train.time", "RS.n.support.vectors", 
"RS.index", "RS.n.solutions", "RS.generations", "RS.n.evaluations", 
"RS.cpu.time", "DF.cost", "DF.gamma", "DF.data.balancing", "DF.feature.selection", 
"DF.valid.acc", "DF.test.acc", "DF.train.time", "DF.n.support.vectors", 
"DF.index", "DF.n.solutions", "DF.generations", "DF.n.evaluations", 
"DF.cpu.time")))
