full <-
structure(c(50, 55, 60, 65, 70, 75, 80, 85, 90, 95, 100, 2.03923, 
14.21177, 13.45101, 12.5193, 9.14954, 11.26183, 14.13618, 9.36419, 
12.20359, 10.18418, 14.38654, -0.31609, -10.94871, -14.85975, 
-3.32431, -4.93811, -7.08774, -3.41514, -5.95479, -5.80141, -4.69398, 
-6.99541, 0, 0, 0, 0, 0, 0, 0, 0, 0, 0, 0, 0, 0, 0, 0, 0, 0, 
0, 0, 0, 0, 0, 0.94182, 0.94848, 0.93679, 0.9478, 0.9519, 0.95458, 
0.95657, 0.96078, 0.9617, 0.97471, 0.9619, 0.90273, 0.91212, 
0.9291, 0.90495, 0.93095, 0.935, 0.93342, 0.94967, 0.95117, 0.95945, 
0.94762, 0.0141, 0.0128, 0.0122, 0.013, 0.0129, 0.0126, 0.0139, 
0.0131, 0.015, 0.015, 0.0178, 55.4, 17.6, 27.8, 26.7, 20.8, 20.2, 
27.3, 23.1, 21.1, 22.2, 20, 42, 24, 635, 193, 71, 167, 80, 315, 
18, 96, 701, 430, 1121, 46, 1211, 640, 81, 1303, 391, 1334, 1266, 
86, 100, 100, 100, 100, 100, 100, 100, 100, 100, 100, 100, 2500, 
2500, 2500, 2500, 2500, 2500, 2500, 2500, 2500, 2500, 2500, 7790.573, 
7326.311, 7343.873, 7916.704, 7430.72300000001, 7691.802, 8038.659, 
7842.747, 7670.54000000001, 7726.17400000003, 7811.185, 1.1319, 
14.25847, 13.36558, 8.48398, 8.95825, 9.02578, 13.85997, 8.76296, 
9.57755, 11.24, 14.0572, -0.75091, -11.46426, -11.47128, -3.32315, 
-4.94836, -5.59204, -3.35053, -5.31102, -4.21945, -4.5855, -6.67833, 
0, 0, 0, 0, 0, 0, 0, 0, 0, 0, 0, 0, 0, 0, 0, 0, 0, 0, 0, 0, 0, 
0, 0.94182, 0.94848, 0.92965, 0.9478, 0.9519, 0.95458, 0.95657, 
0.96078, 0.9617, 0.97471, 0.95714, 0.90439, 0.92045, 0.94338, 
0.90495, 0.92429, 0.92875, 0.93342, 0.95523, 0.94591, 0.95945, 
0.95238, 0.0133, 0.0128, 0.0121, 0.0159, 0.013, 0.0136, 0.014, 
0.0137, 0.0135, 0.0141, 0.0166, 49.4, 17.9, 20.9, 26.7, 20.8, 
21.9, 28.2, 23.1, 23, 22.4, 20.6, 263, 427, 5, 86, 571, 1192, 
56, 2414, 51, 140, 86, 39, 13, 152, 15, 4, 2, 17, 1, 83, 15, 
22, 100, 100, 100, 100, 100, 100, 100, 100, 100, 100, 100, 2500, 
2500, 2500, 2500, 2500, 2500, 2500, 2500, 2500, 2500, 2500, 7588.126, 
7245.529, 7559.666, 7833.533, 7545.29900000001, 8147.41399999999, 
7958.917, 7955.951, 7952.004, 7568.087, 7845.58199999999, 1, 
1, 1, 1, 1, 1, 1, 1, 1, 1, 1, 0.14286, 0.14286, 0.14286, 0.14286, 
0.14286, 0.14286, 0.14286, 0.14286, 0.14286, 0.14286, 0.14286, 
0, 0, 0, 0, 0, 0, 0, 0, 0, 0, 0, 0, 0, 0, 0, 0, 0, 0, 0, 0, 0, 
0, 0.93258, 0.90303, 0.90691, 0.91044, 0.91095, 0.90333, 0.9205, 
0.93231, 0.92368, 0.9386, 0.91905, 0.91348, 0.90152, 0.90776, 
0.91099, 0.91762, 0.92875, 0.9154, 0.93787, 0.92368, 0.94442, 
0.93333, 0.012, 0.012, 0.013, 0.0133, 0.0133, 0.0139, 0.014, 
0.0146, 0.0153, 0.0151, 0.0161, 38.7, 43.7, 46.7, 47.3, 50.4, 
51.5, 53.4, 55.9, 56.5, 58.5, 59.7, 1, 1, 1, 1, 1, 1, 1, 1, 1, 
1, 1, 1, 1, 1, 1, 1, 1, 1, 1, 1, 1, 1, 1, 1, 1, 1, 1, 1, 1, 1, 
1, 1, 1, 1, 1, 1, 1, 1, 1, 1, 1, 1, 1, 1, 3.136, 2.881, 3.093, 
3.032, 3.063, 3.363, 2.978, 3.225, 3.289, 2.821, 3.065), .Dim = c(11L, 
40L), .Dimnames = list(NULL, c("Sampling", "PSO.cost", "PSO.gamma", 
"PSO.data.balancing", "PSO.feature.selection", "PSO.valid.acc", 
"PSO.test.acc", "PSO.train.time", "PSO.n.support.vectors", "PSO.index", 
"PSO.n.solutions", "PSO.generations", "PSO.n.evaluations", "PSO.cpu.time", 
"RS.cost", "RS.gamma", "RS.data.balancing", "RS.feature.selection", 
"RS.valid.acc", "RS.test.acc", "RS.train.time", "RS.n.support.vectors", 
"RS.index", "RS.n.solutions", "RS.generations", "RS.n.evaluations", 
"RS.cpu.time", "DF.cost", "DF.gamma", "DF.data.balancing", "DF.feature.selection", 
"DF.valid.acc", "DF.test.acc", "DF.train.time", "DF.n.support.vectors", 
"DF.index", "DF.n.solutions", "DF.generations", "DF.n.evaluations", 
"DF.cpu.time")))
