full <-
structure(c(50, 55, 60, 65, 70, 75, 80, 85, 90, 95, 100, 14.10139, 
12.59037, 14.91018, 15, 12.06692, 15, 15, 7.31373, 8.04176, 6.37916, 
14.99808, -10.62932, -9.27942, -13.93692, -14.45874, -11.05098, 
-10.08745, -7.56164, -4.17995, -4.5215, -3.26533, -10.83958, 
0, 0, 0, 0, 0, 0, 0, 0, 0, 0, 0, 0, 0, 0, 0, 0, 0, 0, 0, 0, 0, 
0, 0.9253, 0.93864, 0.93004, 0.94762, 0.95899, 0.95532, 0.95221, 
0.95392, 0.96199, 0.96863, 0.9619, 0.93439, 0.92955, 0.92042, 
0.93278, 0.94518, 0.95532, 0.94596, 0.94837, 0.94617, 0.95918, 
0.9381, 0.0123, 0.0126, 0.0126, 0.0118, 0.0139, 0.0137, 0.0151, 
0.0133, 0.0133, 0.015, 0.0151, 18.1, 18.4, 22.3, 23.8, 23.1, 
18.8, 18.8, 25.9, 25, 34.4, 22, 30, 97, 173, 109, 39, 163, 105, 
98, 171, 1622, 103, 875, 255, 247, 350, 141, 261, 1201, 831, 
316, 31, 828, 100, 100, 100, 100, 100, 100, 100, 100, 100, 100, 
100, 2500, 2500, 2500, 2500, 2500, 2500, 2500, 2500, 2500, 2500, 
2500, 6748.741, 7414.537, 7267.055, 7364.88, 7372.657, 7001.20700000001, 
7147.47, 6858.10399999999, 7044.38400000001, 7164.34699999999, 
7127.18700000001, 12.87174, 14.38099, 12.69475, 12.32231, 9.61752, 
14.58823, 14.20405, 14.60546, 8.04706, 6.31613, 14.62535, -9.22275, 
-11.20994, -11.66101, -11.6358, -8.60153, -9.1286, -7.3564, -9.69168, 
-4.57415, -3.24548, -10.69797, 0, 0, 0, 0, 0, 0, 0, 0, 0, 0, 
0, 0, 0, 0, 0, 0, 0, 0, 0, 0, 0, 0, 0.9253, 0.93864, 0.93004, 
0.94762, 0.95899, 0.95495, 0.95221, 0.95392, 0.96199, 0.96863, 
0.9619, 0.93439, 0.93864, 0.92042, 0.93278, 0.93851, 0.9412, 
0.94596, 0.9598, 0.94617, 0.95918, 0.94286, 0.0117, 0.0132, 0.0126, 
0.0131, 0.0126, 0.0144, 0.0141, 0.0143, 0.0148, 0.014, 0.0162, 
18, 18.5, 22.1, 23.6, 23.6, 18.4, 18.8, 19.9, 25, 34.6, 21.9, 
67, 109, 147, 83, 656, 376, 1582, 21, 593, 534, 752, 49, 6, 10, 
26, 7, 1, 4, 8, 2, 5, 4, 100, 100, 100, 100, 100, 100, 100, 100, 
100, 100, 100, 2500, 2500, 2500, 2500, 2500, 2500, 2500, 2500, 
2500, 2500, 2500, 6728.094, 7262.235, 7511.02, 7381.892, 7169.837, 
7148.878, 6976.98700000001, 7052.98299999999, 7246.40999999999, 
7051.04999999999, 7213.28200000001, 1, 1, 1, 1, 1, 1, 1, 1, 1, 
1, 1, 0.14286, 0.14286, 0.14286, 0.14286, 0.14286, 0.14286, 0.14286, 
0.14286, 0.14286, 0.14286, 0.14286, 0, 0, 0, 0, 0, 0, 0, 0, 0, 
0, 0, 0, 0, 0, 0, 0, 0, 0, 0, 0, 0, 0, 0.87692, 0.90443, 0.91209, 
0.89645, 0.92423, 0.90979, 0.90873, 0.91961, 0.90842, 0.92863, 
0.92381, 0.90697, 0.87931, 0.92106, 0.8893, 0.91131, 0.89688, 
0.91539, 0.93105, 0.89731, 0.93389, 0.93333, 0.0129, 0.0127, 
0.0128, 0.0135, 0.0135, 0.0141, 0.0133, 0.0143, 0.0161, 0.0148, 
0.0158, 42, 43.9, 45.2, 46.8, 49.3, 52.8, 54.5, 58.2, 58.7, 59.7, 
60.8, 1, 1, 1, 1, 1, 1, 1, 1, 1, 1, 1, 1, 1, 1, 1, 1, 1, 1, 1, 
1, 1, 1, 1, 1, 1, 1, 1, 1, 1, 1, 1, 1, 1, 1, 1, 1, 1, 1, 1, 1, 
1, 1, 1, 1, 2.973, 2.967, 2.912, 2.89, 2.828, 2.857, 2.675, 2.77, 
2.93, 2.707, 2.817), .Dim = c(11L, 40L), .Dimnames = list(NULL, 
    c("Sampling", "PSO.cost", "PSO.gamma", "PSO.data.balancing", 
    "PSO.feature.selection", "PSO.valid.acc", "PSO.test.acc", 
    "PSO.train.time", "PSO.n.support.vectors", "PSO.index", "PSO.n.solutions", 
    "PSO.generations", "PSO.n.evaluations", "PSO.cpu.time", "RS.cost", 
    "RS.gamma", "RS.data.balancing", "RS.feature.selection", 
    "RS.valid.acc", "RS.test.acc", "RS.train.time", "RS.n.support.vectors", 
    "RS.index", "RS.n.solutions", "RS.generations", "RS.n.evaluations", 
    "RS.cpu.time", "DF.cost", "DF.gamma", "DF.data.balancing", 
    "DF.feature.selection", "DF.valid.acc", "DF.test.acc", "DF.train.time", 
    "DF.n.support.vectors", "DF.index", "DF.n.solutions", "DF.generations", 
    "DF.n.evaluations", "DF.cpu.time")))
