full <-
structure(c(50, 55, 60, 65, 70, 75, 80, 85, 90, 95, 100, 11.32258, 
6.84616, 3.70384, 14.90318, 8.23005, 11.25058, 6.93086, 13.23123, 
10.31141, 15, 15, -8.16463, -2.92096, -2.87737, -10.98479, -2.68937, 
-7.33486, -3.14537, -2.35199, -2.55424, -7.48506, -11.04506, 
0, 0, 0, 0, 0, 0, 0, 0, 0, 0, 0, 0, 0, 0, 0, 0, 0, 0, 0, 0, 0, 
0, 0.92773, 0.955, 0.95822, 0.94066, 0.92565, 0.94917, 0.95763, 
0.94902, 0.94558, 0.96884, 0.97619, 0.92439, 0.92167, 0.92671, 
0.91733, 0.92565, 0.94875, 0.94444, 0.93725, 0.9347, 0.95802, 
0.95238, 0.0115, 0.0122, 0.0127, 0.0135, 0.0137, 0.0135, 0.0135, 
0.0144, 0.0149, 0.0163, 0.0154, 16, 27.6, 31.8, 18.8, 34.8, 20.6, 
33, 40.2, 38.1, 19.5, 21.7, 244, 66, 190, 809, 29, 78, 779, 384, 
120, 41, 1090, 418, 1310, 170, 254, 190, 727, 213, 308, 982, 
1485, 10, 100, 100, 100, 100, 100, 100, 100, 100, 100, 100, 100, 
2500, 2500, 2500, 2500, 2500, 2500, 2500, 2500, 2500, 2500, 2500, 
6951.831, 7043.645, 7062.766, 7057.87, 7165.068, 7173.734, 7210.34, 
7259.63100000001, 7204.17600000001, 7220.08300000001, 7167.84299999999, 
10.48189, 10.4754, 3.82716, 14.94311, 12.3952, 9.76351, 6.31133, 
6.26522, 6.60419, 14.80836, 14.28046, -7.47572, -2.85482, -2.7844, 
-8.16067, -2.71188, -6.52002, -2.8978, -2.28313, -2.64527, -7.39616, 
-10.7358, 0, 0, 0, 0, 0, 0, 0, 0, 0, 0, 0, 0, 0, 0, 0, 0, 0, 
0, 0, 0, 0, 0, 0.92773, 0.955, 0.95822, 0.93335, 0.92565, 0.94917, 
0.95763, 0.94902, 0.94558, 0.96884, 0.97143, 0.9153, 0.90333, 
0.92671, 0.94049, 0.92565, 0.94208, 0.94513, 0.9317, 0.94026, 
0.96358, 0.95238, 0.0117, 0.0125, 0.0126, 0.0137, 0.0136, 0.0134, 
0.0144, 0.0156, 0.0147, 0.0163, 0.0151, 16.5, 28, 32.1, 17.5, 
34.5, 22.5, 35.4, 41.8, 37.6, 19.6, 22.6, 62, 144, 1267, 45, 
672, 554, 1894, 19, 215, 144, 3, 17, 17, 1, 3, 2, 11, 1, 2, 9, 
11, 75, 100, 100, 100, 100, 100, 100, 100, 100, 100, 100, 100, 
2500, 2500, 2500, 2500, 2500, 2500, 2500, 2500, 2500, 2500, 2500, 
7040.009, 7127.475, 7078.401, 7126.581, 7196.06, 7188.208, 7289.50599999999, 
7259.40699999999, 7247.461, 7172.87600000002, 7220.35700000002, 
1, 1, 1, 1, 1, 1, 1, 1, 1, 1, 1, 0.14286, 0.14286, 0.14286, 0.14286, 
0.14286, 0.14286, 0.14286, 0.14286, 0.14286, 0.14286, 0.14286, 
0, 0, 0, 0, 0, 0, 0, 0, 0, 0, 0, 0, 0, 0, 0, 0, 0, 0, 0, 0, 0, 
0, 0.91591, 0.91848, 0.91188, 0.91256, 0.91137, 0.91542, 0.92055, 
0.91993, 0.92209, 0.92845, 0.92381, 0.89773, 0.90848, 0.90279, 
0.91256, 0.9047, 0.91583, 0.9143, 0.91961, 0.92765, 0.93321, 
0.92857, 0.012, 0.0125, 0.0131, 0.0131, 0.0142, 0.014, 0.0142, 
0.0151, 0.015, 0.0152, 0.0161, 39.9, 42.7, 45.6, 49.3, 52, 54.2, 
54.4, 56.7, 57, 57.8, 60, 1, 1, 1, 1, 1, 1, 1, 1, 1, 1, 1, 1, 
1, 1, 1, 1, 1, 1, 1, 1, 1, 1, 1, 1, 1, 1, 1, 1, 1, 1, 1, 1, 1, 
1, 1, 1, 1, 1, 1, 1, 1, 1, 1, 1, 2.704, 2.88, 2.739, 2.849, 3.055, 
2.711, 2.935, 2.889, 2.803, 2.858, 2.896), .Dim = c(11L, 40L), .Dimnames = list(
    NULL, c("Sampling", "PSO.cost", "PSO.gamma", "PSO.data.balancing", 
    "PSO.feature.selection", "PSO.valid.acc", "PSO.test.acc", 
    "PSO.train.time", "PSO.n.support.vectors", "PSO.index", "PSO.n.solutions", 
    "PSO.generations", "PSO.n.evaluations", "PSO.cpu.time", "RS.cost", 
    "RS.gamma", "RS.data.balancing", "RS.feature.selection", 
    "RS.valid.acc", "RS.test.acc", "RS.train.time", "RS.n.support.vectors", 
    "RS.index", "RS.n.solutions", "RS.generations", "RS.n.evaluations", 
    "RS.cpu.time", "DF.cost", "DF.gamma", "DF.data.balancing", 
    "DF.feature.selection", "DF.valid.acc", "DF.test.acc", "DF.train.time", 
    "DF.n.support.vectors", "DF.index", "DF.n.solutions", "DF.generations", 
    "DF.n.evaluations", "DF.cpu.time")))
