full <-
structure(c(50, 55, 60, 65, 70, 75, 80, 85, 90, 95, 100, 1.42715, 
1.6581, 10.9951, 13.25578, 15, 12.27981, 12.58387, 15, 13.1206, 
10.18022, 13.79876, -2.26218, -0.84746, -7.85035, -3.44846, -10.71924, 
-4.6431, -3.99025, -11.51941, -3.65434, -7.19032, -9.93354, 0, 
0, 0, 0, 0, 0, 0, 0, 0, 0, 0, 0, 0, 0, 0, 0, 0, 0, 0, 0, 0, 0, 
0.95051, 0.96667, 0.95366, 0.95659, 0.94554, 0.96125, 0.97495, 
0.97768, 0.97895, 0.95865, 0.95238, 0.93232, 0.95, 0.93764, 0.94771, 
0.93839, 0.96125, 0.95657, 0.9718, 0.95698, 0.94254, 0.94762, 
0.0131, 0.013, 0.0119, 0.0122, 0.0126, 0.0129, 0.0129, 0.0136, 
0.0136, 0.0131, 0.0137, 35.3, 53, 15.9, 24.3, 15.3, 21.1, 24.4, 
19.6, 25.8, 22.9, 22.1, 193, 240, 1874, 26, 72, 3, 59, 32, 14, 
1101, 153, 539, 619, 4, 1517, 133, 1780, 1215, 1314, 1366, 43, 
149, 100, 100, 100, 100, 100, 100, 100, 100, 100, 100, 100, 2500, 
2500, 2500, 2500, 2500, 2500, 2500, 2500, 2500, 2500, 2500, 6908.256, 
6918.259, 6963.439, 6856.831, 6966.247, 6929.546, 6941.26700000001, 
6903.42, 6908.542, 6886.595, 6925.88399999999, 1.66297, 0.16887, 
-0.84208, 9.51464, 13.39364, 14.94834, 13.48198, 13.96939, 9.51632, 
10.38984, 14.12471, -2.60873, -1.24865, -2.61653, -2.65014, -9.31417, 
-5.35995, -4.07041, -9.63135, -3.4998, -6.98752, -10.12968, 0, 
0, 0, 0, 0, 0, 0, 0, 0, 0, 0, 0, 0, 0, 0, 0, 0, 0, 0, 0, 0, 0, 
0.95051, 0.96667, 0.95302, 0.95659, 0.94554, 0.96125, 0.97495, 
0.97768, 0.97895, 0.95365, 0.95238, 0.93232, 0.96667, 0.937, 
0.94771, 0.93125, 0.95411, 0.95657, 0.96003, 0.95698, 0.94781, 
0.94286, 0.0117, 0.0126, 0.013, 0.0124, 0.0126, 0.0128, 0.0128, 
0.0133, 0.0129, 0.0132, 0.014, 32.7, 48.5, 47.4, 28.3, 16.1, 
19.4, 23.6, 18.4, 27.7, 22.1, 21.7, 470, 51, 1656, 13, 86, 27, 
498, 48, 36, 171, 2013, 7, 5, 2, 107, 4, 129, 9, 24, 37, 7, 1, 
100, 100, 100, 100, 100, 100, 100, 100, 100, 100, 100, 2500, 
2500, 2500, 2500, 2500, 2500, 2500, 2500, 2500, 2500, 2500, 6913.027, 
6955.214, 6934.655, 6926.90900000001, 6972.32399999999, 6978.175, 
7004.238, 6948.91899999999, 6959.97799999999, 6963.70499999999, 
6967.77499999999, 1, 1, 1, 1, 1, 1, 1, 1, 1, 1, 1, 0.14286, 0.14286, 
0.14286, 0.14286, 0.14286, 0.14286, 0.14286, 0.14286, 0.14286, 
0.14286, 0.14286, 0, 0, 0, 0, 0, 0, 0, 0, 0, 0, 0, 0, 0, 0, 0, 
0, 0, 0, 0, 0, 0, 0, 0.94141, 0.94833, 0.94469, 0.91914, 0.92411, 
0.93583, 0.93929, 0.93062, 0.9307, 0.92278, 0.91905, 0.94141, 
0.96667, 0.94469, 0.912, 0.91696, 0.93583, 0.93929, 0.93062, 
0.94152, 0.92196, 0.92857, 0.0119, 0.012, 0.0124, 0.0134, 0.0134, 
0.0129, 0.013, 0.0136, 0.0136, 0.0143, 0.0156, 37.6, 39.7, 42.3, 
42.4, 45, 48.4, 51.2, 53.7, 53.9, 58.6, 60.6, 1, 1, 1, 1, 1, 
1, 1, 1, 1, 1, 1, 1, 1, 1, 1, 1, 1, 1, 1, 1, 1, 1, 1, 1, 1, 1, 
1, 1, 1, 1, 1, 1, 1, 1, 1, 1, 1, 1, 1, 1, 1, 1, 1, 1, 2.784, 
2.765, 2.78, 2.815, 2.767, 2.748, 2.732, 2.823, 2.715, 2.763, 
2.781), .Dim = c(11L, 40L), .Dimnames = list(NULL, c("Sampling", 
"PSO.cost", "PSO.gamma", "PSO.data.balancing", "PSO.feature.selection", 
"PSO.valid.acc", "PSO.test.acc", "PSO.train.time", "PSO.n.support.vectors", 
"PSO.index", "PSO.n.solutions", "PSO.generations", "PSO.n.evaluations", 
"PSO.cpu.time", "RS.cost", "RS.gamma", "RS.data.balancing", "RS.feature.selection", 
"RS.valid.acc", "RS.test.acc", "RS.train.time", "RS.n.support.vectors", 
"RS.index", "RS.n.solutions", "RS.generations", "RS.n.evaluations", 
"RS.cpu.time", "DF.cost", "DF.gamma", "DF.data.balancing", "DF.feature.selection", 
"DF.valid.acc", "DF.test.acc", "DF.train.time", "DF.n.support.vectors", 
"DF.index", "DF.n.solutions", "DF.generations", "DF.n.evaluations", 
"DF.cpu.time")))
