full <-
structure(c(50, 55, 60, 65, 70, 75, 80, 85, 90, 95, 100, 9.18058, 
11.48323, 14.74126, 12.82298, 5.54251, 14.0708, 15, 9.14851, 
9.80361, 11.73662, 15, -6.34688, -8.76212, -12.43638, -9.68212, 
-2.21423, -9.09587, -8.81668, -7.04952, -5.05991, -8.47497, -4.45252, 
0, 0, 0, 0, 0, 0, 0, 0, 0, 0, 0, 0, 0, 0, 0, 0, 0, 0, 0, 0, 0, 
0, 0.97, 0.96795, 0.953, 0.97183, 0.96571, 0.95411, 0.96324, 
0.96656, 0.96257, 0.96365, 0.9619, 0.93051, 0.94913, 0.94402, 
0.94875, 0.9381, 0.94161, 0.95699, 0.9548, 0.94094, 0.96395, 
0.9619, 0.012, 0.0124, 0.0126, 0.0134, 0.0138, 0.0139, 0.0145, 
0.0134, 0.0148, 0.0146, 0.0152, 15.7, 15.5, 18, 16.9, 38.6, 18.9, 
18, 22.3, 22.8, 21.9, 23.7, 33, 75, 604, 190, 61, 521, 135, 104, 
729, 217, 51, 500, 653, 45, 434, 887, 281, 842, 523, 175, 644, 
258, 100, 100, 100, 100, 100, 100, 100, 100, 100, 100, 100, 2500, 
2500, 2500, 2500, 2500, 2500, 2500, 2500, 2500, 2500, 2500, 7298.329, 
7385.35, 7363.962, 7469.686, 7481.424, 7165.571, 7171.557, 7206.341, 
7509.60900000001, 7489.035, 7565.45000000001, 8.74433, 12.42131, 
12.96715, 12.39398, 10.69445, 13.73958, 14.98688, 8.93767, 9.50759, 
10.83053, 12.42772, -6.22884, -9.58147, -10.80609, -9.44338, 
-2.48901, -8.91017, -9.29066, -6.90266, -5.25736, -7.56904, -4.20179, 
0, 0, 0, 0, 0, 0, 0, 0, 0, 0, 0, 0, 0, 0, 0, 0, 0, 0, 0, 0, 0, 
0, 0.97, 0.96795, 0.953, 0.97183, 0.96571, 0.95411, 0.96324, 
0.96656, 0.95731, 0.96339, 0.9619, 0.93051, 0.94913, 0.93633, 
0.94875, 0.9381, 0.94161, 0.95074, 0.9548, 0.94094, 0.95895, 
0.9619, 0.0119, 0.0125, 0.0129, 0.0131, 0.0133, 0.0139, 0.0142, 
0.015, 0.0146, 0.015, 0.0147, 16.3, 15.5, 18.6, 17.1, 35.5, 18.8, 
17.7, 22.4, 22.6, 22.3, 24.3, 2094, 202, 1552, 245, 219, 1217, 
47, 235, 300, 719, 37, 2, 20, 1, 3, 18, 3, 11, 4, 8, 2, 25, 100, 
100, 100, 100, 100, 100, 100, 100, 100, 100, 100, 2500, 2500, 
2500, 2500, 2500, 2500, 2500, 2500, 2500, 2500, 2500, 7375.431, 
7372.711, 7387.076, 7492.469, 7277.94200000001, 7112.808, 7250.735, 
7432.003, 7569.201, 7591.32500000001, 7409.65900000001, 1, 1, 
1, 1, 1, 1, 1, 1, 1, 1, 1, 0.14286, 0.14286, 0.14286, 0.14286, 
0.14286, 0.14286, 0.14286, 0.14286, 0.14286, 0.14286, 0.14286, 
0, 0, 0, 0, 0, 0, 0, 0, 0, 0, 0, 0, 0, 0, 0, 0, 0, 0, 0, 0, 0, 
0, 0.93162, 0.93234, 0.93752, 0.92623, 0.91762, 0.92911, 0.92749, 
0.9316, 0.91901, 0.9286, 0.9381, 0.9196, 0.93159, 0.9201, 0.91853, 
0.92429, 0.92286, 0.92749, 0.93748, 0.92953, 0.93416, 0.91429, 
0.0125, 0.0125, 0.0132, 0.0135, 0.0131, 0.0138, 0.0141, 0.015, 
0.0152, 0.0159, 0.0152, 38.9, 41.1, 44, 45.7, 47.2, 49.4, 50.7, 
52.1, 54.2, 56.7, 61.2, 1, 1, 1, 1, 1, 1, 1, 1, 1, 1, 1, 1, 1, 
1, 1, 1, 1, 1, 1, 1, 1, 1, 1, 1, 1, 1, 1, 1, 1, 1, 1, 1, 1, 1, 
1, 1, 1, 1, 1, 1, 1, 1, 1, 1, 2.902, 2.944, 3.074, 3.024, 2.817, 
2.907, 2.965, 3.014, 2.967, 2.993, 2.886), .Dim = c(11L, 40L), .Dimnames = list(
    NULL, c("Sampling", "PSO.cost", "PSO.gamma", "PSO.data.balancing", 
    "PSO.feature.selection", "PSO.valid.acc", "PSO.test.acc", 
    "PSO.train.time", "PSO.n.support.vectors", "PSO.index", "PSO.n.solutions", 
    "PSO.generations", "PSO.n.evaluations", "PSO.cpu.time", "RS.cost", 
    "RS.gamma", "RS.data.balancing", "RS.feature.selection", 
    "RS.valid.acc", "RS.test.acc", "RS.train.time", "RS.n.support.vectors", 
    "RS.index", "RS.n.solutions", "RS.generations", "RS.n.evaluations", 
    "RS.cpu.time", "DF.cost", "DF.gamma", "DF.data.balancing", 
    "DF.feature.selection", "DF.valid.acc", "DF.test.acc", "DF.train.time", 
    "DF.n.support.vectors", "DF.index", "DF.n.solutions", "DF.generations", 
    "DF.n.evaluations", "DF.cpu.time")))
