full <-
structure(c(50, 55, 60, 65, 70, 75, 80, 85, 90, 95, 100, 6.33825, 
2.26645, 9.04884, 14.72489, 11.2988, 4.72475, 12.2187, 13.69673, 
6.87724, 15, 15, -10.13035, -10.54933, -4.98319, -6.13214, -5.36832, 
-4.63978, -3.17736, -11.71955, -3.34622, -11.68553, -11.47636, 
0, 0, 0, 0, 0, 0, 0, 0, 0, 0, 0, 0, 0, 0, 0, 0, 0, 0, 0, 0, 0, 
0, 0.93455, 0.94015, 0.96145, 0.94835, 0.95136, 0.96119, 0.95796, 
0.95425, 0.96839, 0.96389, 0.96667, 0.91455, 0.90682, 0.93773, 
0.91868, 0.92374, 0.95531, 0.95171, 0.9549, 0.96313, 0.95387, 
0.96667, 0.0124, 0.0139, 0.0125, 0.0127, 0.013, 0.0129, 0.0132, 
0.0129, 0.0141, 0.0142, 0.0146, 35.1, 85.5, 18.6, 16.9, 18, 29.6, 
31.2, 23, 32.7, 21, 23.2, 140, 255, 388, 17, 7, 79, 74, 758, 
889, 103, 111, 97, 64, 328, 1302, 766, 360, 1427, 106, 600, 815, 
1151, 100, 100, 100, 100, 100, 100, 100, 100, 100, 100, 100, 
2500, 2500, 2500, 2500, 2500, 2500, 2500, 2500, 2500, 2500, 2500, 
6974.269, 6977.87, 6962.088, 6918.022, 6909.664, 6835.253, 6884.175, 
6930.72900000001, 7094.928, 7130.14199999999, 7140.94700000001, 
4.48396, -1.41392, 9.07492, 14.36781, 14.62729, 3.90708, 1.28817, 
13.9495, 6.74481, 13.52616, 14.65351, -8.26848, -6.40812, -4.94972, 
-6.61232, -8.52679, -3.67865, 0.05818, -11.97736, -3.3153, -10.46157, 
-6.4963, 0, 0, 0, 0, 0, 0, 0, 0, 0, 0, 0, 0, 0, 0, 0, 0, 0, 0, 
0, 0, 0, 0, 0.93455, 0.94015, 0.96145, 0.94835, 0.95136, 0.96119, 
0.95801, 0.95425, 0.96839, 0.96389, 0.9619, 0.91455, 0.91515, 
0.93773, 0.92582, 0.93033, 0.94864, 0.93962, 0.9549, 0.95757, 
0.95387, 0.94286, 0.012, 0.0134, 0.013, 0.0131, 0.0135, 0.0126, 
0.017, 0.0133, 0.0142, 0.0141, 0.0157, 35, 82.2, 18.6, 17.3, 
18.6, 32.9, 92.6, 23, 33.5, 21.7, 20.7, 284, 321, 442, 47, 7, 
884, 63, 1534, 402, 54, 61, 6, 6, 5, 33, 70, 9, 1, 1, 2, 14, 
18, 100, 100, 100, 100, 100, 100, 100, 100, 100, 100, 100, 2500, 
2500, 2500, 2500, 2500, 2500, 2500, 2500, 2500, 2500, 2500, 6939.077, 
6960.171, 6982.102, 6974.589, 6877.294, 6892.47600000001, 6962.473, 
7018.19500000001, 7201.64999999999, 7154.33500000002, 7193.88099999999, 
1, 1, 1, 1, 1, 1, 1, 1, 1, 1, 1, 0.14286, 0.14286, 0.14286, 0.14286, 
0.14286, 0.14286, 0.14286, 0.14286, 0.14286, 0.14286, 0.14286, 
0, 0, 0, 0, 0, 0, 0, 0, 0, 0, 0, 0, 0, 0, 0, 0, 0, 0, 0, 0, 0, 
0, 0.91636, 0.88621, 0.90495, 0.9022, 0.90985, 0.94239, 0.93333, 
0.9317, 0.92482, 0.91221, 0.92857, 0.90636, 0.88788, 0.89789, 
0.9022, 0.91604, 0.93614, 0.93921, 0.92614, 0.91927, 0.90297, 
0.91429, 0.0127, 0.0127, 0.0124, 0.0132, 0.0133, 0.0132, 0.0137, 
0.0145, 0.0146, 0.015, 0.0158, 40.9, 44, 47.3, 49.5, 51.6, 53.7, 
55.4, 56.5, 58.2, 61, 61.2, 1, 1, 1, 1, 1, 1, 1, 1, 1, 1, 1, 
1, 1, 1, 1, 1, 1, 1, 1, 1, 1, 1, 1, 1, 1, 1, 1, 1, 1, 1, 1, 1, 
1, 1, 1, 1, 1, 1, 1, 1, 1, 1, 1, 1, 2.698, 2.82, 2.771, 2.834, 
2.764, 2.71, 2.69, 2.837, 2.713, 2.752, 2.87), .Dim = c(11L, 
40L), .Dimnames = list(NULL, c("Sampling", "PSO.cost", "PSO.gamma", 
"PSO.data.balancing", "PSO.feature.selection", "PSO.valid.acc", 
"PSO.test.acc", "PSO.train.time", "PSO.n.support.vectors", "PSO.index", 
"PSO.n.solutions", "PSO.generations", "PSO.n.evaluations", "PSO.cpu.time", 
"RS.cost", "RS.gamma", "RS.data.balancing", "RS.feature.selection", 
"RS.valid.acc", "RS.test.acc", "RS.train.time", "RS.n.support.vectors", 
"RS.index", "RS.n.solutions", "RS.generations", "RS.n.evaluations", 
"RS.cpu.time", "DF.cost", "DF.gamma", "DF.data.balancing", "DF.feature.selection", 
"DF.valid.acc", "DF.test.acc", "DF.train.time", "DF.n.support.vectors", 
"DF.index", "DF.n.solutions", "DF.generations", "DF.n.evaluations", 
"DF.cpu.time")))
