full <-
structure(c(50, 55, 60, 65, 70, 75, 80, 85, 90, 95, 100, 13.86101, 
15, 5.85688, 14.92139, 11.16514, 2.38053, 14.83629, 14.69193, 
9.73789, 14.10067, 6.99425, -8.45698, -9.39887, -7.27692, -9.47559, 
-7.89162, -1.39344, -7.54561, -10.53664, -8.75768, -7.77195, 
-3.54172, 0, 0, 0, 0, 0, 0, 0, 0, 0, 0, 0, 0, 0, 0, 0, 0, 0, 
0, 0, 0, 0, 0, 0.98182, 0.96515, 0.96795, 0.96978, 0.96571, 0.95542, 
0.97412, 0.9719, 0.94754, 0.96392, 0.97143, 0.97182, 0.95606, 
0.95962, 0.96209, 0.9581, 0.9425, 0.96231, 0.94314, 0.93091, 
0.96419, 0.95714, 0.0121, 0.0119, 0.0117, 0.0122, 0.0123, 0.0149, 
0.0136, 0.0141, 0.014, 0.0143, 0.0153, 12.6, 14.2, 23.6, 14.2, 
15.4, 55.8, 15.7, 16.8, 24.4, 16.2, 31.5, 2, 53, 12, 86, 1653, 
124, 138, 135, 88, 63, 76, 1395, 1587, 537, 1307, 1, 71, 1519, 
366, 353, 652, 1175, 100, 100, 100, 100, 100, 100, 100, 100, 
100, 100, 100, 2500, 2500, 2500, 2500, 2500, 2500, 2500, 2500, 
2500, 2500, 2500, 7296.869, 7386.668, 7378.826, 7430.579, 7423.771, 
7361.997, 7480.113, 7424.46400000001, 7517.875, 7345.734, 7448.995, 
14.50149, 12.93886, 7.93636, 13.35022, 12.92221, 2.28955, 12.2108, 
13.80455, 5.52929, 14.61336, 12.49267, -7.5827, -7.60372, -11.15764, 
-9.34168, -9.5598, -1.24449, -7.36441, -9.72294, -7.65963, -7.77421, 
-3.79905, 0, 0, 0, 0, 0, 0, 0, 0, 0, 0, 0, 0, 0, 0, 0, 0, 0, 
0, 0, 0, 0, 0, 0.98182, 0.96515, 0.96795, 0.96978, 0.96571, 0.95542, 
0.97412, 0.9719, 0.95254, 0.96392, 0.97143, 0.97182, 0.94837, 
0.95962, 0.96209, 0.9581, 0.9425, 0.95606, 0.94314, 0.92564, 
0.96419, 0.95714, 0.0121, 0.0118, 0.0124, 0.013, 0.0129, 0.0151, 
0.0137, 0.0141, 0.0143, 0.0146, 0.0155, 13.2, 14.8, 32.7, 14.3, 
15.3, 58.1, 15.9, 17.2, 37.2, 16.2, 26.8, 20, 16, 13, 171, 120, 
1051, 454, 10, 1541, 956, 258, 42, 76, 107, 18, 1, 7, 13, 4, 
1, 3, 8, 100, 100, 100, 100, 100, 100, 100, 100, 100, 100, 100, 
2500, 2500, 2500, 2500, 2500, 2500, 2500, 2500, 2500, 2500, 2500, 
7291.308, 7408.446, 7369.671, 7596.399, 7471.08200000001, 7440.177, 
7529.71399999999, 7510.89499999999, 7638.01799999998, 7526.57000000001, 
7431.514, 1, 1, 1, 1, 1, 1, 1, 1, 1, 1, 1, 0.14286, 0.14286, 
0.14286, 0.14286, 0.14286, 0.14286, 0.14286, 0.14286, 0.14286, 
0.14286, 0.14286, 0, 0, 0, 0, 0, 0, 0, 0, 0, 0, 0, 0, 0, 0, 0, 
0, 0, 0, 0, 0, 0, 0, 0.94273, 0.92121, 0.92821, 0.95597, 0.93755, 
0.93583, 0.93315, 0.92614, 0.9262, 0.93366, 0.93333, 0.94273, 
0.9303, 0.93526, 0.92733, 0.94469, 0.9425, 0.9206, 0.93758, 0.9262, 
0.93366, 0.93333, 0.0126, 0.0129, 0.0122, 0.0131, 0.0133, 0.0137, 
0.016, 0.0144, 0.015, 0.0151, 0.0155, 37.1, 40.4, 41.8, 43.4, 
44.5, 50.5, 50.6, 53.1, 55, 56.2, 60.4, 1, 1, 1, 1, 1, 1, 1, 
1, 1, 1, 1, 1, 1, 1, 1, 1, 1, 1, 1, 1, 1, 1, 1, 1, 1, 1, 1, 1, 
1, 1, 1, 1, 1, 1, 1, 1, 1, 1, 1, 1, 1, 1, 1, 1, 2.883, 3.068, 
2.842, 3.057, 2.891, 2.91, 2.943, 2.93, 3.036, 2.833, 2.89), .Dim = c(11L, 
40L), .Dimnames = list(NULL, c("Sampling", "PSO.cost", "PSO.gamma", 
"PSO.data.balancing", "PSO.feature.selection", "PSO.valid.acc", 
"PSO.test.acc", "PSO.train.time", "PSO.n.support.vectors", "PSO.index", 
"PSO.n.solutions", "PSO.generations", "PSO.n.evaluations", "PSO.cpu.time", 
"RS.cost", "RS.gamma", "RS.data.balancing", "RS.feature.selection", 
"RS.valid.acc", "RS.test.acc", "RS.train.time", "RS.n.support.vectors", 
"RS.index", "RS.n.solutions", "RS.generations", "RS.n.evaluations", 
"RS.cpu.time", "DF.cost", "DF.gamma", "DF.data.balancing", "DF.feature.selection", 
"DF.valid.acc", "DF.test.acc", "DF.train.time", "DF.n.support.vectors", 
"DF.index", "DF.n.solutions", "DF.generations", "DF.n.evaluations", 
"DF.cpu.time")))
