full <-
structure(c(50, 55, 60, 65, 70, 75, 80, 85, 90, 95, 100, 9.91968, 
13.8096, 4.40698, 11.2696, 12.36845, 11.58702, 15, 15, 15, 14.98986, 
9.37145, -5.78196, -10.02388, -2.77417, -2.47936, -9.22793, -6.93252, 
-11.17144, -8.19885, -8.22554, -10.15798, -4.58497, 0, 0, 0, 
0, 0, 0, 0, 0, 0, 0, 0, 0, 0, 0, 0, 0, 0, 0, 0, 0, 0, 0, 0.9698, 
0.96591, 0.96795, 0.9543, 0.97143, 0.96792, 0.96985, 0.97059, 
0.96254, 0.95947, 0.9619, 0.9698, 0.93182, 0.95128, 0.95495, 
0.95762, 0.96792, 0.95772, 0.97059, 0.96195, 0.96447, 0.94286, 
0.0131, 0.0115, 0.0123, 0.0123, 0.0135, 0.0133, 0.014, 0.0154, 
0.0161, 0.0145, 0.0151, 16, 13.9, 30.8, 34.2, 16.1, 16.3, 19.4, 
17.3, 18.1, 19, 24.3, 48, 80, 44, 43, 379, 13, 67, 51, 177, 690, 
54, 515, 389, 866, 1462, 108, 1634, 844, 692, 466, 206, 1486, 
100, 100, 100, 100, 100, 100, 100, 100, 100, 100, 100, 2500, 
2500, 2500, 2500, 2500, 2500, 2500, 2500, 2500, 2500, 2500, 7921.913, 
7714.381, 7673.585, 8139.621, 7705.66099999999, 8044.376, 7457.11900000001, 
7396.102, 7220.315, 7815.39999999999, 7731.967, 8.14178, 14.83157, 
4.18004, 7.79476, 13.00585, 13.46551, 9.75051, 14.47322, 13.97539, 
14.06084, 9.34466, -4.92788, -11.16127, -2.60609, -2.87126, -10.24178, 
-6.63437, -5.5736, -7.80957, -7.58415, -9.44498, -4.51329, 0, 
0, 0, 0, 0, 0, 0, 0, 0, 0, 0, 0, 0, 0, 0, 0, 0, 0, 0, 0, 0, 0, 
0.9698, 0.96591, 0.96795, 0.9543, 0.96518, 0.96792, 0.97022, 
0.97059, 0.95698, 0.95921, 0.9619, 0.9498, 0.93106, 0.95128, 
0.95495, 0.95762, 0.96167, 0.95772, 0.97059, 0.96195, 0.96447, 
0.94286, 0.0117, 0.0123, 0.0125, 0.0131, 0.0126, 0.0115, 0.0135, 
0.0141, 0.0139, 0.0139, 0.0141, 17.9, 14, 32.7, 28.1, 17.1, 16.5, 
21.5, 18.1, 19.1, 19, 24.2, 38, 675, 317, 10, 166, 28, 1078, 
268, 161, 1, 176, 25, 6, 4, 92, 38, 93, 3, 4, 12, 3, 17, 100, 
100, 100, 100, 100, 100, 100, 100, 100, 100, 100, 2500, 2500, 
2500, 2500, 2500, 2500, 2500, 2500, 2500, 2500, 2500, 7723.763, 
7744.767, 7633.071, 8070.075, 8002.124, 7600.32599999999, 7500.655, 
7260.716, 7429.70199999999, 7813.734, 7642.77499999999, 1, 1, 
1, 1, 1, 1, 1, 1, 1, 1, 1, 0.14286, 0.14286, 0.14286, 0.14286, 
0.14286, 0.14286, 0.14286, 0.14286, 0.14286, 0.14286, 0.14286, 
0, 0, 0, 0, 0, 0, 0, 0, 0, 0, 0, 0, 0, 0, 0, 0, 0, 0, 0, 0, 0, 
0, 0.92419, 0.93182, 0.9359, 0.92582, 0.93798, 0.93625, 0.93346, 
0.93039, 0.93538, 0.94421, 0.92857, 0.93328, 0.93182, 0.94359, 
0.93352, 0.93131, 0.92958, 0.93346, 0.93072, 0.92979, 0.93421, 
0.92381, 0.0121, 0.0118, 0.0139, 0.014, 0.0133, 0.0137, 0.0146, 
0.0137, 0.0145, 0.0144, 0.0156, 38.7, 41.5, 42.6, 45.4, 47.9, 
49.1, 52.7, 53.4, 54.3, 56.1, 60.1, 1, 1, 1, 1, 1, 1, 1, 1, 1, 
1, 1, 1, 1, 1, 1, 1, 1, 1, 1, 1, 1, 1, 1, 1, 1, 1, 1, 1, 1, 1, 
1, 1, 1, 1, 1, 1, 1, 1, 1, 1, 1, 1, 1, 1, 2.908, 2.976, 3.441, 
3.45, 3.08, 3.125, 3.098, 2.791, 3.188, 3.041, 2.694), .Dim = c(11L, 
40L), .Dimnames = list(NULL, c("Sampling", "PSO.cost", "PSO.gamma", 
"PSO.data.balancing", "PSO.feature.selection", "PSO.valid.acc", 
"PSO.test.acc", "PSO.train.time", "PSO.n.support.vectors", "PSO.index", 
"PSO.n.solutions", "PSO.generations", "PSO.n.evaluations", "PSO.cpu.time", 
"RS.cost", "RS.gamma", "RS.data.balancing", "RS.feature.selection", 
"RS.valid.acc", "RS.test.acc", "RS.train.time", "RS.n.support.vectors", 
"RS.index", "RS.n.solutions", "RS.generations", "RS.n.evaluations", 
"RS.cpu.time", "DF.cost", "DF.gamma", "DF.data.balancing", "DF.feature.selection", 
"DF.valid.acc", "DF.test.acc", "DF.train.time", "DF.n.support.vectors", 
"DF.index", "DF.n.solutions", "DF.generations", "DF.n.evaluations", 
"DF.cpu.time")))
