full <-
structure(c(50, 55, 60, 65, 70, 75, 80, 85, 90, 95, 100, 2.83221, 
9.31938, 11.74919, 10.69082, 3.44747, 0.18983, -2, 14.33244, 
5.43693, 6.77406, 5.37549, -5.12206, -7.81922, -9.4195, -15, 
-6.76085, -3.00751, -2.2336, -9.64611, -3.10607, -3.30165, -2.77926, 
0, 0, 0, 0, 0, 0, 0, 0, 0, 0, 0, 0, 0, 0, 0, 0, 0, 0, 0, 0, 0, 
0, 0.98, 0.96439, 0.96978, 0.96295, 0.96619, 0.96792, 0.95842, 
0.96565, 0.98363, 0.97019, 0.96667, 0.94273, 0.96439, 0.94606, 
0.95628, 0.96619, 0.95458, 0.94628, 0.9594, 0.96199, 0.9549, 
0.9381, 0.0111, 0.0117, 0.0117, 0.0126, 0.013, 0.013, 0.0149, 
0.0138, 0.0138, 0.0134, 0.0153, 24.1, 12, 13.7, 40.7, 35.9, 44, 
72.9, 17.5, 33.8, 32.5, 38.5, 1328, 96, 13, 431, 56, 17, 498, 
8, 692, 765, 240, 38, 654, 86, 40, 152, 948, 470, 1316, 296, 
41, 447, 100, 100, 100, 100, 100, 100, 100, 100, 100, 100, 100, 
2500, 2500, 2500, 2500, 2500, 2500, 2500, 2500, 2500, 2500, 2500, 
7317.439, 7013.575, 7351.104, 7314.384, 7230.725, 7173.72099999999, 
7390.12000000001, 7318.611, 7018.75199999999, 7317.90199999999, 
7156.01000000001, 2.99308, -0.65509, -1.60568, 5.39609, 4.33131, 
0.32074, 6.80941, 14.26506, 6.47428, 6.75414, 6.03125, -5.4573, 
-6.37422, -6.37553, -3.04923, -7.68738, -2.10942, -5.55241, -11.46341, 
-2.9581, -3.20316, -2.80189, 0, 0, 0, 0, 0, 0, 0, 0, 0, 0, 0, 
0, 0, 0, 0, 0, 0, 0, 0, 0, 0, 0, 0.98, 0.96591, 0.96978, 0.95795, 
0.96619, 0.96792, 0.95355, 0.96565, 0.98363, 0.96492, 0.96667, 
0.93364, 0.95682, 0.95375, 0.94256, 0.96619, 0.955, 0.94073, 
0.95385, 0.97807, 0.9544, 0.94762, 0.0114, 0.0127, 0.0142, 0.0119, 
0.0123, 0.0138, 0.0129, 0.0133, 0.0133, 0.0142, 0.0148, 24.8, 
67.9, 85.2, 27.8, 35.6, 48.9, 22.3, 19.1, 33.3, 33.5, 37.6, 425, 
882, 14, 59, 124, 244, 458, 92, 39, 471, 613, 3, 2, 12, 9, 21, 
20, 1, 46, 3, 7, 3, 100, 100, 100, 100, 100, 100, 100, 100, 100, 
100, 100, 2500, 2500, 2500, 2500, 2500, 2500, 2500, 2500, 2500, 
2500, 2500, 7172.158, 7314.119, 7378.847, 7303.241, 7275.18900000001, 
7366.925, 7343.41699999999, 7230.788, 7330.898, 7282.30600000001, 
7276.55499999999, 1, 1, 1, 1, 1, 1, 1, 1, 1, 1, 1, 0.14286, 0.14286, 
0.14286, 0.14286, 0.14286, 0.14286, 0.14286, 0.14286, 0.14286, 
0.14286, 0.14286, 0, 0, 0, 0, 0, 0, 0, 0, 0, 0, 0, 0, 0, 0, 0, 
0, 0, 0, 0, 0, 0, 0, 0.95182, 0.9303, 0.94597, 0.91209, 0.9519, 
0.96125, 0.93415, 0.94171, 0.9564, 0.93876, 0.92381, 0.91455, 
0.94773, 0.94661, 0.92709, 0.94476, 0.94833, 0.9404, 0.9476, 
0.9514, 0.93881, 0.9381, 0.0111, 0.0121, 0.0119, 0.0124, 0.0138, 
0.0138, 0.0139, 0.0143, 0.0148, 0.015, 0.0163, 35.7, 36.8, 39.6, 
42.3, 45, 46.8, 49.1, 50.7, 53.5, 55.4, 60.3, 1, 1, 1, 1, 1, 
1, 1, 1, 1, 1, 1, 1, 1, 1, 1, 1, 1, 1, 1, 1, 1, 1, 1, 1, 1, 1, 
1, 1, 1, 1, 1, 1, 1, 1, 1, 1, 1, 1, 1, 1, 1, 1, 1, 1, 2.651, 
2.936, 2.765, 2.87, 2.851, 3.078, 2.94, 2.875, 3.006, 2.899, 
3.079), .Dim = c(11L, 40L), .Dimnames = list(NULL, c("Sampling", 
"PSO.cost", "PSO.gamma", "PSO.data.balancing", "PSO.feature.selection", 
"PSO.valid.acc", "PSO.test.acc", "PSO.train.time", "PSO.n.support.vectors", 
"PSO.index", "PSO.n.solutions", "PSO.generations", "PSO.n.evaluations", 
"PSO.cpu.time", "RS.cost", "RS.gamma", "RS.data.balancing", "RS.feature.selection", 
"RS.valid.acc", "RS.test.acc", "RS.train.time", "RS.n.support.vectors", 
"RS.index", "RS.n.solutions", "RS.generations", "RS.n.evaluations", 
"RS.cpu.time", "DF.cost", "DF.gamma", "DF.data.balancing", "DF.feature.selection", 
"DF.valid.acc", "DF.test.acc", "DF.train.time", "DF.n.support.vectors", 
"DF.index", "DF.n.solutions", "DF.generations", "DF.n.evaluations", 
"DF.cpu.time")))
