full <-
structure(c(50, 55, 60, 65, 70, 75, 80, 85, 90, 95, 100, 11.22738, 
12.53848, 7.27086, 15, 15, 15, 12.5793, 15, 9.01793, 13.50039, 
10.91957, -7.6052, -5.59628, -10.79449, -9.66066, -11.16405, 
-6.92037, -5.48927, -9.43387, -5.30386, -7.71262, -6.68302, 0, 
0, 0, 0, 0, 0, 0, 0, 0, 0, 0, 0, 0, 0, 0, 0, 0, 0, 0, 0, 0, 0, 
0.96182, 0.975, 0.95385, 0.94883, 0.96564, 0.96125, 0.95809, 
0.9545, 0.96192, 0.96416, 0.9619, 0.97182, 0.96667, 0.95321, 
0.95604, 0.95952, 0.95458, 0.94632, 0.94862, 0.95698, 0.9494, 
0.94762, 0.0121, 0.0124, 0.0136, 0.0137, 0.0164, 0.0137, 0.0146, 
0.0148, 0.0149, 0.0183, 0.0182, 14.4, 16.6, 38, 13.5, 14.7, 17, 
20.4, 19.2, 22.7, 20.9, 22.9, 23, 27, 223, 84, 72, 135, 153, 
79, 93, 376, 42, 1346, 1585, 88, 1400, 1494, 552, 1440, 1420, 
346, 406, 407, 100, 100, 100, 100, 100, 100, 100, 100, 100, 100, 
100, 2500, 2500, 2500, 2500, 2500, 2500, 2500, 2500, 2500, 2500, 
2500, 7796.382, 7992.007, 8009.86, 8275.517, 11719.26, 7724.334, 
7692.026, 7736.823, 10520.69, 11559.22, 11482.819, 11.50158, 
13.45816, 9.61663, 14.83031, 14.2961, 11.95611, 14.67312, 11.31661, 
9.01924, 14.54168, 12.81954, -7.45073, -6.45298, -13.11994, -8.85361, 
-10.52655, -6.91366, -5.72616, -8.04002, -5.60816, -7.61013, 
-7.79839, 0, 0, 0, 0, 0, 0, 0, 0, 0, 0, 0, 0, 0, 0, 0, 0, 0, 
0, 0, 0, 0, 0, 0.96182, 0.975, 0.95385, 0.94883, 0.96564, 0.96125, 
0.95809, 0.9545, 0.96192, 0.95916, 0.9619, 0.97182, 0.975, 0.95321, 
0.95604, 0.95183, 0.95458, 0.94632, 0.94274, 0.95143, 0.94914, 
0.95238, 0.0122, 0.0128, 0.0124, 0.0155, 0.0163, 0.0138, 0.0142, 
0.014, 0.0173, 0.0181, 0.0176, 14.6, 15.7, 37.9, 13.7, 15.3, 
17, 20.3, 22.5, 22.7, 20, 21.1, 64, 18, 76, 358, 5, 167, 101, 
302, 672, 995, 97, 77, 92, 3, 19, 6, 2, 24, 18, 4, 1, 16, 100, 
100, 100, 100, 100, 100, 100, 100, 100, 100, 100, 2500, 2500, 
2500, 2500, 2500, 2500, 2500, 2500, 2500, 2500, 2500, 7846.833, 
8035.942, 7996.292, 11789.249, 9477.151, 7734.64499999999, 7679.31499999999, 
7845.88799999999, 11583.596, 11612.876, 11769.998, 1, 1, 1, 1, 
1, 1, 1, 1, 1, 1, 1, 0.14286, 0.14286, 0.14286, 0.14286, 0.14286, 
0.14286, 0.14286, 0.14286, 0.14286, 0.14286, 0.14286, 0, 0, 0, 
0, 0, 0, 0, 0, 0, 0, 0, 0, 0, 0, 0, 0, 0, 0, 0, 0, 0, 0, 0.92273, 
0.93182, 0.92104, 0.93352, 0.92311, 0.935, 0.92794, 0.93097, 
0.9189, 0.93435, 0.92381, 0.90455, 0.93258, 0.91334, 0.92637, 
0.93081, 0.935, 0.91618, 0.92541, 0.91923, 0.92909, 0.91429, 
0.0126, 0.0132, 0.0138, 0.0162, 0.0135, 0.0146, 0.0138, 0.0151, 
0.0191, 0.0185, 0.0198, 39.1, 42.1, 45.5, 46.3, 48.1, 49.6, 52.1, 
56.4, 56.5, 58.1, 61, 1, 1, 1, 1, 1, 1, 1, 1, 1, 1, 1, 1, 1, 
1, 1, 1, 1, 1, 1, 1, 1, 1, 1, 1, 1, 1, 1, 1, 1, 1, 1, 1, 1, 1, 
1, 1, 1, 1, 1, 1, 1, 1, 1, 1, 3.215, 3.248, 3.087, 4.535, 3.099, 
3.12, 2.934, 3.212, 4.933, 4.411, 5.002), .Dim = c(11L, 40L), .Dimnames = list(
    NULL, c("Sampling", "PSO.cost", "PSO.gamma", "PSO.data.balancing", 
    "PSO.feature.selection", "PSO.valid.acc", "PSO.test.acc", 
    "PSO.train.time", "PSO.n.support.vectors", "PSO.index", "PSO.n.solutions", 
    "PSO.generations", "PSO.n.evaluations", "PSO.cpu.time", "RS.cost", 
    "RS.gamma", "RS.data.balancing", "RS.feature.selection", 
    "RS.valid.acc", "RS.test.acc", "RS.train.time", "RS.n.support.vectors", 
    "RS.index", "RS.n.solutions", "RS.generations", "RS.n.evaluations", 
    "RS.cpu.time", "DF.cost", "DF.gamma", "DF.data.balancing", 
    "DF.feature.selection", "DF.valid.acc", "DF.test.acc", "DF.train.time", 
    "DF.n.support.vectors", "DF.index", "DF.n.solutions", "DF.generations", 
    "DF.n.evaluations", "DF.cpu.time")))
