full <-
structure(c(50, 55, 60, 65, 70, 75, 80, 85, 90, 95, 100, 8.51684, 
2.64159, 13.88031, 6.63016, 13.20097, -0.02816, 6.1473, 10.03662, 
14.53828, 8.30635, 13.32732, -6.36951, -2.41259, -5.78168, -10.09062, 
-9.72211, -1.90818, 0.29645, -8.86081, -11.4505, -4.18135, -6.2994, 
0, 0, 0, 0, 0, 0, 0, 0, 0, 0, 0, 0, 0, 0, 0, 0, 0, 0, 0, 0, 0, 
0, 0.96182, 0.93258, 0.95897, 0.94059, 0.95857, 0.94083, 0.95846, 
0.95948, 0.96196, 0.97516, 0.9619, 0.93162, 0.90606, 0.93526, 
0.92575, 0.94476, 0.93458, 0.94044, 0.95392, 0.9567, 0.95463, 
0.9619, 0.0124, 0.0123, 0.0131, 0.0128, 0.0135, 0.0145, 0.0174, 
0.0143, 0.0145, 0.0162, 0.0184, 17.8, 36, 18.6, 41.9, 18.7, 53.8, 
98.2, 25.8, 21.4, 25.4, 21.4, 648, 173, 2, 80, 119, 291, 2, 1270, 
119, 418, 86, 34, 156, 1486, 261, 378, 303, 1324, 17, 509, 486, 
1338, 100, 100, 100, 100, 100, 100, 100, 100, 100, 100, 100, 
2500, 2500, 2500, 2500, 2500, 2500, 2500, 2500, 2500, 2500, 2500, 
7566.04, 7454.053, 7491.913, 7566.45, 7431.99299999999, 7452.50900000001, 
7534.433, 7569.367, 7610.13500000001, 9913.679, 9972.57999999999, 
10.71701, 2.73792, 12.18107, 4.88396, 12.83552, 1.0848, 10.90099, 
12.5696, 14.49983, 8.56728, 13.6753, -13.65222, -2.48962, -6.33456, 
-8.40771, -9.52238, -2.99992, 0.55731, -10.7492, -11.60111, -4.26666, 
-6.09197, 0, 0, 0, 0, 0, 0, 0, 0, 0, 0, 0, 0, 0, 0, 0, 0, 0, 
0, 0, 0, 0, 0, 0.95273, 0.93258, 0.95897, 0.94059, 0.95857, 0.94083, 
0.95846, 0.95425, 0.9567, 0.97016, 0.9619, 0.92253, 0.90606, 
0.94295, 0.93289, 0.94476, 0.92833, 0.94044, 0.9598, 0.9567, 
0.9599, 0.9619, 0.0117, 0.0126, 0.0134, 0.0136, 0.0139, 0.0129, 
0.0183, 0.0135, 0.0147, 0.0163, 0.0175, 30.2, 35.6, 17.8, 42.9, 
19.5, 44.2, 106.4, 23.2, 22.2, 25.1, 21.5, 171, 409, 59, 28, 
1484, 553, 40, 39, 76, 1662, 162, 10, 1, 44, 32, 2, 2, 93, 12, 
2, 1, 15, 100, 100, 100, 100, 100, 100, 100, 100, 100, 100, 100, 
2500, 2500, 2500, 2500, 2500, 2500, 2500, 2500, 2500, 2500, 2500, 
7493.724, 7510.726, 7547.82999999999, 7615.697, 7478.97, 7483.139, 
7415.3, 7569.764, 8625.38499999999, 10075.07, 10059.85, 1, 1, 
1, 1, 1, 1, 1, 1, 1, 1, 1, 0.14286, 0.14286, 0.14286, 0.14286, 
0.14286, 0.14286, 0.14286, 0.14286, 0.14286, 0.14286, 0.14286, 
0, 0, 0, 0, 0, 0, 0, 0, 0, 0, 0, 0, 0, 0, 0, 0, 0, 0, 0, 0, 0, 
0, 0.95071, 0.91439, 0.92033, 0.91806, 0.91714, 0.92167, 0.95142, 
0.93693, 0.93506, 0.93513, 0.94286, 0.93162, 0.89773, 0.92088, 
0.91751, 0.93095, 0.92833, 0.94591, 0.93105, 0.93477, 0.93537, 
0.92857, 0.0124, 0.0127, 0.0132, 0.0138, 0.0135, 0.0142, 0.0144, 
0.0142, 0.017, 0.0174, 0.0188, 40.6, 44.2, 45.8, 49.1, 50, 51.9, 
53.4, 55, 57.1, 57.3, 60, 1, 1, 1, 1, 1, 1, 1, 1, 1, 1, 1, 1, 
1, 1, 1, 1, 1, 1, 1, 1, 1, 1, 1, 1, 1, 1, 1, 1, 1, 1, 1, 1, 1, 
1, 1, 1, 1, 1, 1, 1, 1, 1, 1, 1, 3.09, 3.11, 3.065, 3.068, 3.078, 
3.009, 2.905, 3.028, 3.933, 4.017, 3.958), .Dim = c(11L, 40L), .Dimnames = list(
    NULL, c("Sampling", "PSO.cost", "PSO.gamma", "PSO.data.balancing", 
    "PSO.feature.selection", "PSO.valid.acc", "PSO.test.acc", 
    "PSO.train.time", "PSO.n.support.vectors", "PSO.index", "PSO.n.solutions", 
    "PSO.generations", "PSO.n.evaluations", "PSO.cpu.time", "RS.cost", 
    "RS.gamma", "RS.data.balancing", "RS.feature.selection", 
    "RS.valid.acc", "RS.test.acc", "RS.train.time", "RS.n.support.vectors", 
    "RS.index", "RS.n.solutions", "RS.generations", "RS.n.evaluations", 
    "RS.cpu.time", "DF.cost", "DF.gamma", "DF.data.balancing", 
    "DF.feature.selection", "DF.valid.acc", "DF.test.acc", "DF.train.time", 
    "DF.n.support.vectors", "DF.index", "DF.n.solutions", "DF.generations", 
    "DF.n.evaluations", "DF.cpu.time")))
