full <-
structure(c(50, 55, 60, 65, 70, 75, 80, 85, 90, 95, 100, 11.48916, 
7.38688, 12.35266, 12.94743, 7.60434, 12.65073, 8.76987, 6.14309, 
8.00166, 7.83783, 15, -5.78467, 0.79874, 0.68492, -3.48011, -10.66506, 
-12.36616, -4.05813, -3.40452, -3.94383, -4.23147, -11.62122, 
0, 0, 0, 0, 0, 0, 0, 0, 0, 0, 0, 0, 0, 0, 0, 0, 0, 0, 0, 0, 0, 
0, 0.93273, 0.95682, 0.94231, 0.95604, 0.9445, 0.95412, 0.95662, 
0.9587, 0.95088, 0.96336, 0.95714, 0.89273, 0.94848, 0.94295, 
0.9489, 0.95164, 0.94078, 0.94518, 0.9587, 0.94035, 0.9586, 0.95238, 
0.0123, 0.0146, 0.0179, 0.0151, 0.0149, 0.0153, 0.0158, 0.0157, 
0.0164, 0.0167, 0.0171, 16.7, 84, 86.8, 25.4, 35.7, 25.4, 23.9, 
32.6, 25.8, 25.9, 22.5, 3, 76, 310, 178, 56, 386, 117, 188, 25, 
209, 158, 405, 1309, 402, 985, 228, 67, 966, 582, 1249, 430, 
409, 100, 100, 100, 100, 100, 100, 100, 100, 100, 100, 100, 2500, 
2500, 2500, 2500, 2500, 2500, 2500, 2500, 2500, 2500, 2500, 7179.861, 
7209.138, 9682.093, 9636.605, 9517.792, 9519.327, 9480.66900000001, 
9547.45999999999, 9512.00900000002, 9542.37, 9514.584, 9.87431, 
1.30526, 5.40665, 13.90852, 7.03773, 14.65905, 9.3519, 5.53102, 
11.66358, 7.9078, 14.14796, -12.11427, 0.65703, 0.58602, -3.6078, 
-10.45934, -14.37951, -4.17007, -2.88714, -4.05357, -4.24407, 
-10.73466, 0, 0, 0, 0, 0, 0, 0, 0, 0, 0, 0, 0, 0, 0, 0, 0, 0, 
0, 0, 0, 0, 0, 0.93273, 0.95682, 0.94231, 0.95604, 0.9445, 0.95412, 
0.95662, 0.9587, 0.95088, 0.96336, 0.95714, 0.90455, 0.95682, 
0.94295, 0.9489, 0.9445, 0.94745, 0.94518, 0.95315, 0.94035, 
0.9586, 0.94762, 0.0112, 0.015, 0.0176, 0.0145, 0.0147, 0.0149, 
0.0157, 0.0158, 0.0167, 0.0164, 0.0168, 27.8, 82.2, 85.4, 25.2, 
38.1, 25.4, 23.4, 36, 24, 25.6, 22.7, 8, 24, 119, 13, 26, 59, 
52, 780, 1, 1426, 875, 147, 42, 20, 11, 40, 5, 29, 5, 52, 1, 
2, 100, 100, 100, 100, 100, 100, 100, 100, 100, 100, 100, 2500, 
2500, 2500, 2500, 2500, 2500, 2500, 2500, 2500, 2500, 2500, 7155.603, 
8712, 9648.801, 9677.077, 9595.44100000001, 9505.94100000001, 
9630.913, 9550.94399999999, 9606.00100000002, 9626.22600000002, 
9534.17600000001, 1, 1, 1, 1, 1, 1, 1, 1, 1, 1, 1, 0.14286, 0.14286, 
0.14286, 0.14286, 0.14286, 0.14286, 0.14286, 0.14286, 0.14286, 
0.14286, 0.14286, 0, 0, 0, 0, 0, 0, 0, 0, 0, 0, 0, 0, 0, 0, 0, 
0, 0, 0, 0, 0, 0, 0, 0.91455, 0.90455, 0.91026, 0.92637, 0.93069, 
0.93453, 0.92643, 0.90176, 0.94035, 0.93252, 0.93333, 0.91455, 
0.92121, 0.92756, 0.94176, 0.94505, 0.93495, 0.93962, 0.90731, 
0.91842, 0.93807, 0.9381, 0.0113, 0.0143, 0.0151, 0.0154, 0.016, 
0.0158, 0.0163, 0.0168, 0.0172, 0.0168, 0.0176, 38.7, 39.2, 41.3, 
42.2, 45.3, 47, 49.6, 55, 57, 57.7, 59.9, 1, 1, 1, 1, 1, 1, 1, 
1, 1, 1, 1, 1, 1, 1, 1, 1, 1, 1, 1, 1, 1, 1, 1, 1, 1, 1, 1, 1, 
1, 1, 1, 1, 1, 1, 1, 1, 1, 1, 1, 1, 1, 1, 1, 1, 2.841, 3.85, 
3.858, 3.876, 3.889, 3.845, 3.845, 3.75, 3.776, 3.721, 3.771), .Dim = c(11L, 
40L), .Dimnames = list(NULL, c("Sampling", "PSO.cost", "PSO.gamma", 
"PSO.data.balancing", "PSO.feature.selection", "PSO.valid.acc", 
"PSO.test.acc", "PSO.train.time", "PSO.n.support.vectors", "PSO.index", 
"PSO.n.solutions", "PSO.generations", "PSO.n.evaluations", "PSO.cpu.time", 
"RS.cost", "RS.gamma", "RS.data.balancing", "RS.feature.selection", 
"RS.valid.acc", "RS.test.acc", "RS.train.time", "RS.n.support.vectors", 
"RS.index", "RS.n.solutions", "RS.generations", "RS.n.evaluations", 
"RS.cpu.time", "DF.cost", "DF.gamma", "DF.data.balancing", "DF.feature.selection", 
"DF.valid.acc", "DF.test.acc", "DF.train.time", "DF.n.support.vectors", 
"DF.index", "DF.n.solutions", "DF.generations", "DF.n.evaluations", 
"DF.cpu.time")))
