full <-
structure(c(50, 55, 60, 65, 70, 75, 80, 85, 90, 95, 100, 11.14134, 
11.18724, 8.38883, 15, 9.13352, 12.70254, 6.79006, 6.28085, 9.19011, 
13.96265, 10.90156, -12.18445, -11.57517, -6.28333, -10.24564, 
-12.89592, -2.61548, -3.39079, -3.18891, -3.67674, -11.23502, 
-7.45428, 0, 0, 0, 0, 0, 0, 0, 0, 0, 0, 0, 0, 0, 0, 0, 0, 0, 
0, 0, 0, 0, 0, 0.97167, 0.97413, 0.99167, 0.97033, 0.9519, 0.98, 
0.95911, 0.95417, 0.97865, 0.96392, 0.98095, 0.9353, 0.97413, 
0.96026, 0.95549, 0.93762, 0.96787, 0.94105, 0.93819, 0.95117, 
0.95392, 0.97143, 0.012, 0.0113, 0.0114, 0.0118, 0.0117, 0.013, 
0.0132, 0.0131, 0.013, 0.0128, 0.0155, 19.8, 19.7, 20.1, 15.4, 
40.3, 34.7, 27.4, 29, 26.2, 23.3, 23.8, 13, 222, 42, 151, 32, 
9, 1260, 77, 16, 84, 692, 261, 269, 144, 453, 601, 1050, 40, 
338, 1226, 650, 287, 100, 100, 100, 100, 100, 100, 100, 100, 
100, 100, 100, 2500, 2500, 2500, 2500, 2500, 2500, 2500, 2500, 
2500, 2500, 2500, 7216.992, 7102.949, 7025.218, 6923.554, 6900.13400000001, 
6874.32299999999, 6908.416, 6862.514, 6805.64199999999, 7005.52400000002, 
6870.198, 8.69105, 11.44278, 8.49785, 14.81978, 7.88825, 12.62064, 
8.04958, -0.42569, 13.36365, 14.88474, 11.69219, -13.32492, -11.78455, 
-6.40948, -10.46969, -11.55451, -2.64661, -3.48679, -0.44, -3.80017, 
-12.06976, -8.56265, 0, 0, 0, 0, 0, 0, 0, 0, 0, 0, 0, 0, 0, 0, 
0, 0, 0, 0, 0, 0, 0, 0, 0.97167, 0.97413, 0.99167, 0.97033, 0.9519, 
0.98, 0.95874, 0.95556, 0.97865, 0.96392, 0.97619, 0.95348, 0.97413, 
0.96026, 0.95549, 0.93762, 0.96787, 0.95837, 0.94375, 0.94591, 
0.95392, 0.96667, 0.0113, 0.0116, 0.0119, 0.012, 0.0122, 0.0127, 
0.0133, 0.0154, 0.0144, 0.0136, 0.014, 38.1, 19.7, 19.9, 16.2, 
39.3, 34, 25.9, 83.1, 25.1, 22.8, 23.8, 21, 222, 1284, 952, 84, 
281, 350, 346, 155, 267, 172, 56, 8, 3, 2, 114, 8, 5, 3, 29, 
6, 7, 100, 100, 100, 100, 100, 100, 100, 100, 100, 100, 100, 
2500, 2500, 2500, 2500, 2500, 2500, 2500, 2500, 2500, 2500, 2500, 
7099.686, 7083.544, 7035.944, 6904.397, 6906.43, 6909.035, 6966.027, 
6875.114, 6899.70700000001, 6966.24099999998, 6920.24600000001, 
1, 1, 1, 1, 1, 1, 1, 1, 1, 1, 1, 0.14286, 0.14286, 0.14286, 0.14286, 
0.14286, 0.14286, 0.14286, 0.14286, 0.14286, 0.14286, 0.14286, 
0, 0, 0, 0, 0, 0, 0, 0, 0, 0, 0, 0, 0, 0, 0, 0, 0, 0, 0, 0, 0, 
0, 0.96258, 0.93916, 0.92179, 0.91178, 0.92333, 0.94828, 0.92749, 
0.91426, 0.94123, 0.91754, 0.92381, 0.95348, 0.93928, 0.93718, 
0.92614, 0.92333, 0.94787, 0.92194, 0.93194, 0.9307, 0.91754, 
0.92857, 0.012, 0.0124, 0.0118, 0.0118, 0.0124, 0.013, 0.0138, 
0.0139, 0.0138, 0.0141, 0.0155, 37.2, 39.2, 43.5, 45.1, 46.6, 
49.4, 52.1, 53.7, 55.8, 58.8, 60.4, 1, 1, 1, 1, 1, 1, 1, 1, 1, 
1, 1, 1, 1, 1, 1, 1, 1, 1, 1, 1, 1, 1, 1, 1, 1, 1, 1, 1, 1, 1, 
1, 1, 1, 1, 1, 1, 1, 1, 1, 1, 1, 1, 1, 1, 2.856, 2.877, 2.771, 
2.594, 2.637, 2.811, 2.827, 2.791, 2.776, 2.629, 2.792), .Dim = c(11L, 
40L), .Dimnames = list(NULL, c("Sampling", "PSO.cost", "PSO.gamma", 
"PSO.data.balancing", "PSO.feature.selection", "PSO.valid.acc", 
"PSO.test.acc", "PSO.train.time", "PSO.n.support.vectors", "PSO.index", 
"PSO.n.solutions", "PSO.generations", "PSO.n.evaluations", "PSO.cpu.time", 
"RS.cost", "RS.gamma", "RS.data.balancing", "RS.feature.selection", 
"RS.valid.acc", "RS.test.acc", "RS.train.time", "RS.n.support.vectors", 
"RS.index", "RS.n.solutions", "RS.generations", "RS.n.evaluations", 
"RS.cpu.time", "DF.cost", "DF.gamma", "DF.data.balancing", "DF.feature.selection", 
"DF.valid.acc", "DF.test.acc", "DF.train.time", "DF.n.support.vectors", 
"DF.index", "DF.n.solutions", "DF.generations", "DF.n.evaluations", 
"DF.cpu.time")))
