full <-
structure(c(50, 55, 60, 65, 70, 75, 80, 85, 90, 95, 100, 9.08162, 
5.18653, 15, 12.23501, 15, 15, 14.25591, 14.87791, 15, 13.55673, 
11.16887, -10.52955, -7.86962, -14.7406, -8.26032, -10.88799, 
-10.78563, -11.03221, -7.22233, -10.73447, -7.74694, -7.87067, 
0, 0, 0, 0, 0, 0, 0, 0, 0, 0, 0, 0, 0, 0, 0, 0, 0, 0, 0, 0, 0, 
0, 0.96182, 0.95795, 0.9609, 0.95385, 0.95143, 0.95574, 0.96287, 
0.96601, 0.9731, 0.97863, 0.9619, 0.94364, 0.95026, 0.94487, 
0.9544, 0.93048, 0.95574, 0.93855, 0.97157, 0.9731, 0.96363, 
0.95238, 0.0138, 0.0128, 0.0138, 0.0129, 0.013, 0.0146, 0.0145, 
0.015, 0.0151, 0.0156, 0.0163, 22.7, 30.4, 20.8, 14, 14.1, 16, 
18.3, 15.8, 16.1, 16.2, 23.4, 37, 19, 84, 51, 152, 134, 127, 
203, 138, 7, 32, 81, 541, 522, 1608, 250, 971, 160, 450, 1434, 
1397, 255, 100, 100, 100, 100, 100, 100, 100, 100, 100, 100, 
100, 2500, 2500, 2500, 2500, 2500, 2500, 2500, 2500, 2500, 2500, 
2500, 7634.307, 7673.896, 7602.801, 7675.872, 7666.13, 7757.54999999999, 
9713.49000000001, 9342.26400000001, 9357.47, 9435.90099999998, 
9417.34300000002, 8.66395, 12.00305, 14.06069, 5.31826, 14.6018, 
14.93573, 12.85883, 14.12443, 14.04825, 13.60884, 13.7529, -10.16752, 
-14.69527, -13.71606, -5.95059, -10.63341, -10.96866, -9.58209, 
-8.89902, -9.82304, -7.48529, -10.36335, 0, 0, 0, 0, 0, 0, 0, 
0, 0, 0, 0, 0, 0, 0, 0, 0, 0, 0, 0, 0, 0, 0, 0.96182, 0.95795, 
0.9609, 0.9544, 0.95143, 0.95574, 0.96287, 0.96601, 0.9731, 0.97863, 
0.9619, 0.94364, 0.94117, 0.94487, 0.93242, 0.91619, 0.95574, 
0.94444, 0.96569, 0.9731, 0.96863, 0.95238, 0.0117, 0.0125, 0.0133, 
0.0129, 0.0133, 0.0146, 0.0145, 0.0144, 0.0146, 0.0156, 0.016, 
23.1, 30.2, 20.6, 23.9, 14.6, 16.4, 18.2, 14.9, 16.4, 16.8, 22.7, 
275, 38, 188, 648, 686, 1574, 426, 86, 81, 136, 112, 4, 135, 
12, 2, 3, 2, 7, 23, 7, 16, 17, 100, 100, 100, 100, 100, 100, 
100, 100, 100, 100, 100, 2500, 2500, 2500, 2500, 2500, 2500, 
2500, 2500, 2500, 2500, 2500, 7711.846, 7695.557, 7704.38, 7800.22300000001, 
7781.155, 9511.70600000001, 9643.678, 9388.611, 9403.36600000001, 
9446.788, 9528.73500000002, 1, 1, 1, 1, 1, 1, 1, 1, 1, 1, 1, 
0.14286, 0.14286, 0.14286, 0.14286, 0.14286, 0.14286, 0.14286, 
0.14286, 0.14286, 0.14286, 0.14286, 0, 0, 0, 0, 0, 0, 0, 0, 0, 
0, 0, 0, 0, 0, 0, 0, 0, 0, 0, 0, 0, 0, 0.93364, 0.93423, 0.92809, 
0.93297, 0.93048, 0.93735, 0.92679, 0.94314, 0.93012, 0.94363, 
0.9381, 0.93364, 0.93423, 0.91206, 0.93242, 0.93667, 0.94319, 
0.9448, 0.9317, 0.93012, 0.93836, 0.9381, 0.0129, 0.0129, 0.0134, 
0.0143, 0.0143, 0.0151, 0.0148, 0.0148, 0.0159, 0.0163, 0.0171, 
39, 41.9, 42.7, 45.1, 48, 49.7, 51, 51.9, 53.9, 56.1, 61.5, 1, 
1, 1, 1, 1, 1, 1, 1, 1, 1, 1, 1, 1, 1, 1, 1, 1, 1, 1, 1, 1, 1, 
1, 1, 1, 1, 1, 1, 1, 1, 1, 1, 1, 1, 1, 1, 1, 1, 1, 1, 1, 1, 1, 
1, 3.084, 3.1, 2.973, 3.195, 3.179, 3.921, 3.743, 3.492, 3.861, 
3.817, 3.866), .Dim = c(11L, 40L), .Dimnames = list(NULL, c("Sampling", 
"PSO.cost", "PSO.gamma", "PSO.data.balancing", "PSO.feature.selection", 
"PSO.valid.acc", "PSO.test.acc", "PSO.train.time", "PSO.n.support.vectors", 
"PSO.index", "PSO.n.solutions", "PSO.generations", "PSO.n.evaluations", 
"PSO.cpu.time", "RS.cost", "RS.gamma", "RS.data.balancing", "RS.feature.selection", 
"RS.valid.acc", "RS.test.acc", "RS.train.time", "RS.n.support.vectors", 
"RS.index", "RS.n.solutions", "RS.generations", "RS.n.evaluations", 
"RS.cpu.time", "DF.cost", "DF.gamma", "DF.data.balancing", "DF.feature.selection", 
"DF.valid.acc", "DF.test.acc", "DF.train.time", "DF.n.support.vectors", 
"DF.index", "DF.n.solutions", "DF.generations", "DF.n.evaluations", 
"DF.cpu.time")))
