full <-
structure(c(50, 55, 60, 65, 70, 75, 80, 85, 90, 95, 100, 14.52688, 
11.37419, 14.93435, 11.22542, 15, 10.03905, 8.5659, 11.26038, 
13.7609, 13.96429, 11.71343, -12.06983, -10.84084, -11.10239, 
-3.61665, -6.64128, -5.57311, -3.45351, -6.21753, -11.32056, 
-6.988, -5.90432, 0, 0, 0, 0, 0, 0, 0, 0, 0, 0, 0, 0, 0, 0, 0, 
0, 0, 0, 0, 0, 0, 0, 0.98091, 0.96591, 0.97628, 0.962, 0.96565, 
0.96167, 0.95074, 0.96046, 0.95699, 0.975, 0.9619, 0.96182, 0.96655, 
0.97564, 0.93892, 0.95899, 0.96125, 0.93782, 0.94869, 0.9614, 
0.96474, 0.96667, 0.0126, 0.015, 0.015, 0.0125, 0.0133, 0.0127, 
0.0141, 0.015, 0.0145, 0.0153, 0.0182, 13.6, 18.5, 13.9, 20.4, 
16.4, 19, 28.1, 19.5, 21.9, 18.9, 20.6, 17, 82, 64, 602, 111, 
20, 235, 129, 218, 17, 143, 1274, 64, 1596, 269, 1555, 1409, 
278, 1161, 118, 1472, 318, 100, 100, 100, 100, 100, 100, 100, 
100, 100, 100, 100, 2500, 2500, 2500, 2500, 2500, 2500, 2500, 
2500, 2500, 2500, 2500, 9482.716, 11220.317, 11712.095, 7810.75099999999, 
7797.436, 7716.107, 7727.48699999999, 7687.292, 7459.08799999999, 
7440.17500000002, 11493.819, 14.19789, 13.93399, 12.42511, 13.91052, 
13.60493, 12.19234, 14.88728, 13.4812, 14.74085, 13.13828, 10.22362, 
-11.8686, -13.35858, -8.93914, -3.56419, -5.72923, -5.52361, 
-11.93966, -8.29413, -12.23801, -6.90687, -5.10979, 0, 0, 0, 
0, 0, 0, 0, 0, 0, 0, 0, 0, 0, 0, 0, 0, 0, 0, 0, 0, 0, 0, 0.98091, 
0.96591, 0.97628, 0.95533, 0.96565, 0.96167, 0.9448, 0.96569, 
0.95699, 0.975, 0.9619, 0.95273, 0.96655, 0.97564, 0.94661, 0.95185, 
0.96125, 0.93267, 0.95458, 0.9614, 0.96474, 0.95714, 0.0138, 
0.0147, 0.0146, 0.0123, 0.0134, 0.0131, 0.0137, 0.0142, 0.0142, 
0.0144, 0.0175, 14, 18.4, 14.8, 20.6, 17.8, 18.9, 19.6, 17.4, 
21.7, 18.9, 21.5, 64, 873, 86, 596, 55, 24, 46, 883, 96, 46, 
688, 12, 1, 53, 7, 46, 57, 15, 4, 5, 40, 4, 100, 100, 100, 100, 
100, 100, 100, 100, 100, 100, 100, 2500, 2500, 2500, 2500, 2500, 
2500, 2500, 2500, 2500, 2500, 2500, 11187.911, 11663.122, 11266.363, 
7840.715, 7768.719, 7797.81299999999, 7661.682, 7671.04499999998, 
7472.66200000001, 8784.82699999999, 11597.855, 1, 1, 1, 1, 1, 
1, 1, 1, 1, 1, 1, 0.14286, 0.14286, 0.14286, 0.14286, 0.14286, 
0.14286, 0.14286, 0.14286, 0.14286, 0.14286, 0.14286, 0, 0, 0, 
0, 0, 0, 0, 0, 0, 0, 0, 0, 0, 0, 0, 0, 0, 0, 0, 0, 0, 0, 0.91545, 
0.91492, 0.94359, 0.92614, 0.91702, 0.92287, 0.92132, 0.91373, 
0.91924, 0.91789, 0.92857, 0.92455, 0.92337, 0.92756, 0.94049, 
0.91036, 0.90917, 0.91544, 0.93105, 0.91895, 0.91763, 0.91905, 
0.0153, 0.0157, 0.0129, 0.0137, 0.0135, 0.0143, 0.0151, 0.0145, 
0.0152, 0.0178, 0.018, 37.5, 40.5, 40.6, 42.6, 47.1, 50.5, 52, 
53.6, 53.9, 55.9, 60.4, 1, 1, 1, 1, 1, 1, 1, 1, 1, 1, 1, 1, 1, 
1, 1, 1, 1, 1, 1, 1, 1, 1, 1, 1, 1, 1, 1, 1, 1, 1, 1, 1, 1, 1, 
1, 1, 1, 1, 1, 1, 1, 1, 1, 1, 4.347, 4.672, 3.089, 3.186, 3.084, 
3.136, 3.075, 2.871, 2.982, 4.816, 4.258), .Dim = c(11L, 40L), .Dimnames = list(
    NULL, c("Sampling", "PSO.cost", "PSO.gamma", "PSO.data.balancing", 
    "PSO.feature.selection", "PSO.valid.acc", "PSO.test.acc", 
    "PSO.train.time", "PSO.n.support.vectors", "PSO.index", "PSO.n.solutions", 
    "PSO.generations", "PSO.n.evaluations", "PSO.cpu.time", "RS.cost", 
    "RS.gamma", "RS.data.balancing", "RS.feature.selection", 
    "RS.valid.acc", "RS.test.acc", "RS.train.time", "RS.n.support.vectors", 
    "RS.index", "RS.n.solutions", "RS.generations", "RS.n.evaluations", 
    "RS.cpu.time", "DF.cost", "DF.gamma", "DF.data.balancing", 
    "DF.feature.selection", "DF.valid.acc", "DF.test.acc", "DF.train.time", 
    "DF.n.support.vectors", "DF.index", "DF.n.solutions", "DF.generations", 
    "DF.n.evaluations", "DF.cpu.time")))
