full <-
structure(c(50, 55, 60, 65, 70, 75, 80, 85, 90, 95, 100, 4.28681, 
4.75707, 1.83743, 2.84253, 1.38264, 4.11153, 5.24487, 0.63664, 
2.75884, 1.05367, 5.76346, -5.20064, -3.99736, -3.70805, -3.67723, 
-3.32817, -10.826, -12.12221, -7.98419, -3.7593, -7.93768, -12.84191, 
0, 0, 0, 0, 0, 0, 0, 0, 0, 0, 0, 0, 0, 0, 0, 0, 0, 0, 0, 0, 0, 
0, 0.86924, 0.87283, 0.88856, 0.8859, 0.88341, 0.86601, 0.87076, 
0.86616, 0.86713, 0.86313, 0.87268, 0.86034, 0.85191, 0.86911, 
0.87903, 0.86674, 0.86402, 0.85971, 0.86271, 0.85738, 0.86157, 
0.85667, 0.0391, 0.0483, 0.0507, 0.0576, 0.0668, 0.0758, 0.0823, 
0.0952, 0.0894, 0.1084, 0.1179, 116.2, 132.6, 153.2, 157.8, 188.8, 
236.4, 254.1, 289.3, 212.9, 296.4, 310.8, 644, 1297, 1990, 1263, 
2308, 341, 1172, 461, 1118, 1675, 152, 79, 78, 21, 32, 2, 14, 
4, 94, 55, 6, 37, 100, 100, 100, 100, 100, 100, 100, 100, 100, 
100, 100, 2500, 2500, 2500, 2500, 2500, 2500, 2500, 2500, 2500, 
2500, 2500, 8982.416, 9072.223, 9155.043, 9756.95199999999, 9869.148, 
10420.118, 10368.143, 10596.451, 10815.391, 11047.677, 11606.381, 
3.13108, 3.18936, 2.42653, 2.45752, 1.3069, 8.26186, 3.90103, 
4.66481, -0.19583, 1.0575, 2.10014, -4.49104, -3.60694, -3.95548, 
-3.52991, -3.37758, -14.98913, -10.81764, -12.04225, -6.5821, 
-7.95032, -9.1389, 0, 0, 0, 0, 0, 0, 0, 0, 0, 0, 0, 0, 0, 0, 
0, 0, 0, 0, 0, 0, 0, 0, 0.86908, 0.8702, 0.88136, 0.88372, 0.88133, 
0.86601, 0.87072, 0.86444, 0.86547, 0.86313, 0.87415, 0.85748, 
0.86763, 0.8716, 0.88353, 0.87091, 0.86594, 0.85974, 0.86271, 
0.85415, 0.86157, 0.85669, 0.0455, 0.0482, 0.051, 0.0562, 0.0641, 
0.0734, 0.0845, 0.0959, 0.1014, 0.1089, 0.1184, 124.5, 143.1, 
146.2, 161.8, 188.3, 236.5, 255.8, 286.2, 285.1, 296.8, 310.3, 
2260, 2110, 1432, 1088, 2137, 1610, 302, 765, 960, 2324, 437, 
1, 1, 1, 1, 2, 1, 2, 3, 1, 1, 2, 100, 100, 100, 100, 100, 100, 
100, 100, 100, 100, 100, 2500, 2500, 2500, 2500, 2500, 2500, 
2500, 2500, 2500, 2500, 2500, 11444.653, 9335.878, 9753.07, 10064.825, 
10404.013, 10801.49, 11078.283, 11405.241, 12048.37, 12111.668, 
13183.742, 1, 1, 1, 1, 1, 1, 1, 1, 1, 1, 1, 0.07143, 0.07143, 
0.07143, 0.07143, 0.07143, 0.07143, 0.07143, 0.07143, 0.07143, 
0.07143, 0.07143, 0, 0, 0, 0, 0, 0, 0, 0, 0, 0, 0, 0, 0, 0, 0, 
0, 0, 0, 0, 0, 0, 0, 0.84008, 0.8517, 0.85244, 0.85226, 0.86691, 
0.84249, 0.84335, 0.8438, 0.83786, 0.8508, 0.84943, 0.83403, 
0.8438, 0.86185, 0.85665, 0.85211, 0.84434, 0.83793, 0.85406, 
0.84926, 0.84928, 0.85228, 0.0447, 0.0479, 0.0535, 0.058, 0.0642, 
0.0704, 0.0782, 0.0856, 0.0913, 0.101, 0.1102, 159, 167.8, 172, 
183, 198.4, 212.6, 222.3, 235.5, 244.8, 256.1, 266.4, 1, 1, 1, 
1, 1, 1, 1, 1, 1, 1, 1, 1, 1, 1, 1, 1, 1, 1, 1, 1, 1, 1, 1, 1, 
1, 1, 1, 1, 1, 1, 1, 1, 1, 1, 1, 1, 1, 1, 1, 1, 1, 1, 1, 1, 3.508, 
3.665, 3.765, 3.847, 3.945, 4.081, 4.061, 4.034, 4.329, 4.301, 
4.533), .Dim = c(11L, 40L), .Dimnames = list(NULL, c("Sampling", 
"PSO.cost", "PSO.gamma", "PSO.data.balancing", "PSO.feature.selection", 
"PSO.valid.acc", "PSO.test.acc", "PSO.train.time", "PSO.n.support.vectors", 
"PSO.index", "PSO.n.solutions", "PSO.generations", "PSO.n.evaluations", 
"PSO.cpu.time", "RS.cost", "RS.gamma", "RS.data.balancing", "RS.feature.selection", 
"RS.valid.acc", "RS.test.acc", "RS.train.time", "RS.n.support.vectors", 
"RS.index", "RS.n.solutions", "RS.generations", "RS.n.evaluations", 
"RS.cpu.time", "DF.cost", "DF.gamma", "DF.data.balancing", "DF.feature.selection", 
"DF.valid.acc", "DF.test.acc", "DF.train.time", "DF.n.support.vectors", 
"DF.index", "DF.n.solutions", "DF.generations", "DF.n.evaluations", 
"DF.cpu.time")))
