full <-
structure(c(50, 55, 60, 65, 70, 75, 80, 85, 90, 95, 100, 1.62012, 
-0.90227, -1.36018, 7.66948, 6.56413, 3.52336, 0.68529, 1.94297, 
3.36291, 7.69098, 2.72482, -7.60818, -3.7696, -3.5084, -13.73746, 
-13.33471, -10.11561, -7.64171, -8.66832, -10.2038, -15, -10.07844, 
0, 0, 0, 0, 0, 0, 0, 0, 0, 0, 0, 0, 0, 0, 0, 0, 0, 0, 0, 0, 0, 
0, 0.8694, 0.88385, 0.88374, 0.87884, 0.87133, 0.87186, 0.87466, 
0.88699, 0.87869, 0.88006, 0.86974, 0.86931, 0.85754, 0.86434, 
0.86313, 0.85266, 0.86994, 0.86557, 0.88027, 0.87213, 0.87083, 
0.85944, 0.031, 0.0371, 0.0406, 0.0431, 0.0508, 0.0549, 0.0604, 
0.0681, 0.0711, 0.0811, 0.0922, 157.5, 178.8, 202, 188.7, 223.1, 
230.9, 259, 264.5, 275.7, 304.5, 323.4, 2094, 1604, 701, 522, 
1996, 1868, 10, 1653, 514, 511, 786, 1, 35, 107, 39, 3, 7, 59, 
22, 73, 97, 40, 100, 100, 100, 100, 100, 100, 100, 100, 100, 
100, 100, 2500, 2500, 2500, 2500, 2500, 2500, 2500, 2500, 2500, 
2500, 2500, 8712.518, 11450.287, 8496.116, 11520.181, 11617.502, 
11827.766, 12061.177, 12120.982, 12217.153, 12315.821, 12917.707, 
2.01208, -0.40434, -1.35912, 4.70947, 7.75318, 2.61715, 5.8213, 
1.78715, 7.98495, 0.61553, 2.16851, -8.06232, -3.72211, -3.52892, 
-10.80931, -14.10398, -9.41585, -12.87156, -8.49571, -14.68658, 
-7.70918, -9.39787, 0, 0, 0, 0, 0, 0, 0, 0, 0, 0, 0, 0, 0, 0, 
0, 0, 0, 0, 0, 0, 0, 0, 0.8694, 0.87866, 0.88374, 0.87879, 0.87124, 
0.87186, 0.87287, 0.88524, 0.87861, 0.88009, 0.86974, 0.86645, 
0.85491, 0.86434, 0.86086, 0.86508, 0.86598, 0.87102, 0.88027, 
0.85756, 0.87239, 0.85507, 0.0312, 0.0369, 0.0401, 0.0437, 0.0486, 
0.0562, 0.0636, 0.0669, 0.0725, 0.0796, 0.0879, 158.4, 169.2, 
201.8, 189.9, 210.1, 239, 258.5, 264.4, 269.3, 300.5, 318.3, 
485, 260, 399, 296, 1965, 940, 1234, 1594, 9, 115, 1537, 1, 1, 
1, 3, 2, 1, 2, 1, 2, 1, 1, 100, 100, 100, 100, 100, 100, 100, 
100, 100, 100, 100, 2500, 2500, 2500, 2500, 2500, 2500, 2500, 
2500, 2500, 2500, 2500, 11160.286, 11963.601, 9549.879, 11813.776, 
12117.808, 12202.352, 12989.961, 12858.179, 13148.664, 13213.491, 
13693.771, 1, 1, 1, 1, 1, 1, 1, 1, 1, 1, 1, 0.07143, 0.07143, 
0.07143, 0.07143, 0.07143, 0.07143, 0.07143, 0.07143, 0.07143, 
0.07143, 0.07143, 0, 0, 0, 0, 0, 0, 0, 0, 0, 0, 0, 0, 0, 0, 0, 
0, 0, 0, 0, 0, 0, 0, 0.84915, 0.8734, 0.86678, 0.86091, 0.84836, 
0.84845, 0.8526, 0.85619, 0.86235, 0.85556, 0.84367, 0.8552, 
0.85228, 0.86922, 0.85424, 0.8504, 0.85437, 0.85991, 0.85613, 
0.8624, 0.86174, 0.84514, 0.031, 0.0349, 0.0382, 0.0423, 0.0479, 
0.0502, 0.0579, 0.0629, 0.0687, 0.0739, 0.0804, 152.7, 161.3, 
169, 179.2, 195.3, 204.9, 219.3, 229.6, 239.9, 249.1, 265.7, 
1, 1, 1, 1, 1, 1, 1, 1, 1, 1, 1, 1, 1, 1, 1, 1, 1, 1, 1, 1, 1, 
1, 1, 1, 1, 1, 1, 1, 1, 1, 1, 1, 1, 1, 1, 1, 1, 1, 1, 1, 1, 1, 
1, 1, 4.259, 4.674, 4.588, 4.449, 4.665, 3.488, 4.761, 4.747, 
4.822, 4.974, 4.767), .Dim = c(11L, 40L), .Dimnames = list(NULL, 
    c("Sampling", "PSO.cost", "PSO.gamma", "PSO.data.balancing", 
    "PSO.feature.selection", "PSO.valid.acc", "PSO.test.acc", 
    "PSO.train.time", "PSO.n.support.vectors", "PSO.index", "PSO.n.solutions", 
    "PSO.generations", "PSO.n.evaluations", "PSO.cpu.time", "RS.cost", 
    "RS.gamma", "RS.data.balancing", "RS.feature.selection", 
    "RS.valid.acc", "RS.test.acc", "RS.train.time", "RS.n.support.vectors", 
    "RS.index", "RS.n.solutions", "RS.generations", "RS.n.evaluations", 
    "RS.cpu.time", "DF.cost", "DF.gamma", "DF.data.balancing", 
    "DF.feature.selection", "DF.valid.acc", "DF.test.acc", "DF.train.time", 
    "DF.n.support.vectors", "DF.index", "DF.n.solutions", "DF.generations", 
    "DF.n.evaluations", "DF.cpu.time")))
