full <-
structure(c(50, 55, 60, 65, 70, 75, 80, 85, 90, 95, 100, 0.27156, 
0.78757, 4.23603, 8.88308, 5.41652, 4.39898, 4.33864, 8.10385, 
5.00427, 8.10555, 5.22368, -6.38459, -6.16881, -10.71564, -15, 
-11.36849, -10.80398, -10.85608, -15, -11.43508, -15, -12.43705, 
0, 0, 0, 0, 0, 0, 0, 0, 0, 0, 0, 0, 0, 0, 0, 0, 0, 0, 0, 0, 0, 
0, 0.86109, 0.86527, 0.87393, 0.86793, 0.85071, 0.8698, 0.86864, 
0.86443, 0.86414, 0.87253, 0.86958, 0.84933, 0.85232, 0.85691, 
0.8501, 0.86299, 0.86399, 0.86123, 0.85762, 0.8561, 0.86024, 
0.87105, 0.0418, 0.0448, 0.0533, 0.0559, 0.07, 0.0796, 0.0851, 
0.0941, 0.0968, 0.1117, 0.1246, 166.7, 166.1, 194.7, 195.1, 205.1, 
230, 243.5, 265.4, 259, 291.7, 316.5, 469, 1642, 628, 1571, 372, 
915, 427, 176, 397, 602, 1139, 60, 14, 38, 5, 28, 33, 28, 127, 
26, 72, 16, 100, 100, 100, 100, 100, 100, 100, 100, 100, 100, 
100, 2500, 2500, 2500, 2500, 2500, 2500, 2500, 2500, 2500, 2500, 
2500, 8617.166, 8508.212, 8858.405, 9070.069, 11965.86, 12300.686, 
12189.358, 12574.804, 12802.123, 13189.807, 13416.66, -0.12944, 
2.66299, 0.93585, 8.12838, 7.5473, 5.0072, 5.4709, 5.52909, 7.50251, 
6.50646, 1.47419, -5.92361, -3.91473, -7.14249, -14.23433, -14.1375, 
-11.40772, -11.83885, -12.43183, -13.91962, -13.40912, -8.35884, 
0, 0, 0, 0, 0, 0, 0, 0, 0, 0, 0, 0, 0, 0, 0, 0, 0, 0, 0, 0, 0, 
0, 0.85824, 0.8573, 0.87387, 0.86793, 0.84871, 0.86787, 0.86682, 
0.86271, 0.86414, 0.87253, 0.86815, 0.84067, 0.84691, 0.86434, 
0.8546, 0.84875, 0.86203, 0.8649, 0.85762, 0.8561, 0.86024, 0.85946, 
0.0426, 0.0431, 0.0526, 0.0572, 0.0745, 0.0785, 0.0835, 0.0957, 
0.0973, 0.113, 0.1219, 167.8, 140, 193.2, 195, 223.6, 229.3, 
237.9, 265.8, 258.4, 292.3, 306.1, 1045, 354, 1657, 683, 124, 
530, 227, 2287, 941, 692, 2362, 1, 2, 1, 1, 1, 2, 1, 1, 4, 1, 
5, 100, 100, 100, 100, 100, 100, 100, 100, 100, 100, 100, 2500, 
2500, 2500, 2500, 2500, 2500, 2500, 2500, 2500, 2500, 2500, 8658.101, 
8906.745, 9302.47100000001, 10843.753, 12684.567, 12915.802, 
13212.153, 13659.288, 13737.15, 14392.705, 15181.213, 1, 1, 1, 
1, 1, 1, 1, 1, 1, 1, 1, 0.07143, 0.07143, 0.07143, 0.07143, 0.07143, 
0.07143, 0.07143, 0.07143, 0.07143, 0.07143, 0.07143, 0, 0, 0, 
0, 0, 0, 0, 0, 0, 0, 0, 0, 0, 0, 0, 0, 0, 0, 0, 0, 0, 0, 0.82067, 
0.83632, 0.84268, 0.83879, 0.8277, 0.83873, 0.84109, 0.83868, 
0.83981, 0.84488, 0.84935, 0.84092, 0.85204, 0.83775, 0.84586, 
0.83608, 0.83492, 0.84671, 0.84724, 0.84309, 0.84346, 0.8508, 
0.0425, 0.0448, 0.0523, 0.0628, 0.0708, 0.0772, 0.0819, 0.0897, 
0.0963, 0.1062, 0.1154, 155.5, 166.3, 177, 188.7, 204.2, 216.1, 
225.2, 232, 240.2, 259.1, 266.3, 1, 1, 1, 1, 1, 1, 1, 1, 1, 1, 
1, 1, 1, 1, 1, 1, 1, 1, 1, 1, 1, 1, 1, 1, 1, 1, 1, 1, 1, 1, 1, 
1, 1, 1, 1, 1, 1, 1, 1, 1, 1, 1, 1, 1, 3.351, 3.238, 3.507, 4.521, 
4.685, 4.703, 4.771, 4.742, 5.182, 4.969, 5.494), .Dim = c(11L, 
40L), .Dimnames = list(NULL, c("Sampling", "PSO.cost", "PSO.gamma", 
"PSO.data.balancing", "PSO.feature.selection", "PSO.valid.acc", 
"PSO.test.acc", "PSO.train.time", "PSO.n.support.vectors", "PSO.index", 
"PSO.n.solutions", "PSO.generations", "PSO.n.evaluations", "PSO.cpu.time", 
"RS.cost", "RS.gamma", "RS.data.balancing", "RS.feature.selection", 
"RS.valid.acc", "RS.test.acc", "RS.train.time", "RS.n.support.vectors", 
"RS.index", "RS.n.solutions", "RS.generations", "RS.n.evaluations", 
"RS.cpu.time", "DF.cost", "DF.gamma", "DF.data.balancing", "DF.feature.selection", 
"DF.valid.acc", "DF.test.acc", "DF.train.time", "DF.n.support.vectors", 
"DF.index", "DF.n.solutions", "DF.generations", "DF.n.evaluations", 
"DF.cpu.time")))
