full <-
structure(c(50, 55, 60, 65, 70, 75, 80, 85, 90, 95, 100, 3.43148, 
3.19611, 4.86459, 2.56552, 5.06133, 2.75217, 8.53366, 0.44469, 
7.78774, 3.62621, 7.05878, -5.90893, -4.25064, -11.18396, -9.06267, 
-11.92186, -9.38992, -14.97661, -7.8095, -14.93316, -10.42313, 
-13.78454, 0, 0, 0, 0, 0, 0, 0, 0, 0, 0, 0, 0, 0, 0, 0, 0, 0, 
0, 0, 0, 0, 0, 0.87824, 0.87668, 0.87422, 0.87495, 0.87526, 0.86614, 
0.86552, 0.86632, 0.86877, 0.86952, 0.87537, 0.86664, 0.85832, 
0.85964, 0.86364, 0.87113, 0.86026, 0.85272, 0.85601, 0.8606, 
0.86805, 0.87098, 0.0258, 0.0307, 0.0381, 0.0448, 0.0503, 0.0551, 
0.0586, 0.0711, 0.0733, 0.077, 0.0827, 107, 129.9, 184.5, 205.5, 
233.3, 240.8, 243.5, 297, 289.2, 286.8, 295.4, 27, 796, 21, 127, 
2111, 273, 962, 613, 826, 1083, 384, 354, 69, 67, 65, 1, 56, 
35, 71, 54, 38, 41, 100, 100, 100, 100, 100, 100, 100, 100, 100, 
100, 100, 2500, 2500, 2500, 2500, 2500, 2500, 2500, 2500, 2500, 
2500, 2500, 6809.473, 6950.917, 10231.151, 10782.545, 10704.568, 
11041.116, 11395.819, 11502.01, 11311.967, 11634.564, 11761.004, 
5.9256, 7.17323, 7.73763, 6.5255, 7.83385, 0.43699, 1.57653, 
1.04146, 3.90257, 2.06925, 1.58624, -7.34181, -13.96036, -14.04811, 
-12.64683, -14.67308, -6.93775, -8.25527, -8.4089, -11.04847, 
-8.83619, -8.26175, 0, 0, 0, 0, 0, 0, 0, 0, 0, 0, 0, 0, 0, 0, 
0, 0, 0, 0, 0, 0, 0, 0, 0.88109, 0.87397, 0.87422, 0.87268, 0.87526, 
0.8661, 0.86178, 0.8646, 0.86877, 0.86796, 0.87537, 0.86378, 
0.86608, 0.85964, 0.85914, 0.86905, 0.85253, 0.85448, 0.85601, 
0.8606, 0.86502, 0.86808, 0.0257, 0.0352, 0.0389, 0.0424, 0.05, 
0.0556, 0.0606, 0.0713, 0.0735, 0.0771, 0.0848, 96, 188.3, 184.1, 
193.4, 232.4, 242.2, 254.8, 295.1, 290.2, 288.2, 298.4, 1441, 
177, 595, 209, 1263, 873, 1663, 552, 1423, 952, 1562, 1, 3, 3, 
10, 1, 1, 1, 1, 1, 1, 2, 100, 100, 100, 100, 100, 100, 100, 100, 
100, 100, 100, 2500, 2500, 2500, 2500, 2500, 2500, 2500, 2500, 
2500, 2500, 2500, 7173.072, 7344.11, 11102.219, 11052.137, 11227.972, 
11939.281, 12103.948, 12319.992, 12293.427, 12591.226, 13870.735, 
1, 1, 1, 1, 1, 1, 1, 1, 1, 1, 1, 0.07143, 0.07143, 0.07143, 0.07143, 
0.07143, 0.07143, 0.07143, 0.07143, 0.07143, 0.07143, 0.07143, 
0, 0, 0, 0, 0, 0, 0, 0, 0, 0, 0, 0, 0, 0, 0, 0, 0, 0, 0, 0, 0, 
0, 0.86387, 0.85062, 0.85726, 0.84359, 0.84617, 0.83499, 0.83996, 
0.83544, 0.84775, 0.85124, 0.85363, 0.86378, 0.85298, 0.85482, 
0.84136, 0.84413, 0.82919, 0.85067, 0.84391, 0.84773, 0.84357, 
0.85651, 0.0289, 0.033, 0.0388, 0.0427, 0.048, 0.0538, 0.058, 
0.0635, 0.0677, 0.0739, 0.0812, 148.4, 161.5, 173.1, 186.6, 204.7, 
216.3, 227.3, 238.8, 247.3, 256.9, 265.4, 1, 1, 1, 1, 1, 1, 1, 
1, 1, 1, 1, 1, 1, 1, 1, 1, 1, 1, 1, 1, 1, 1, 1, 1, 1, 1, 1, 1, 
1, 1, 1, 1, 1, 1, 1, 1, 1, 1, 1, 1, 1, 1, 1, 1, 2.801, 2.813, 
4.281, 4.22, 4.369, 4.503, 4.212, 4.453, 4.53, 4.424, 5.077), .Dim = c(11L, 
40L), .Dimnames = list(NULL, c("Sampling", "PSO.cost", "PSO.gamma", 
"PSO.data.balancing", "PSO.feature.selection", "PSO.valid.acc", 
"PSO.test.acc", "PSO.train.time", "PSO.n.support.vectors", "PSO.index", 
"PSO.n.solutions", "PSO.generations", "PSO.n.evaluations", "PSO.cpu.time", 
"RS.cost", "RS.gamma", "RS.data.balancing", "RS.feature.selection", 
"RS.valid.acc", "RS.test.acc", "RS.train.time", "RS.n.support.vectors", 
"RS.index", "RS.n.solutions", "RS.generations", "RS.n.evaluations", 
"RS.cpu.time", "DF.cost", "DF.gamma", "DF.data.balancing", "DF.feature.selection", 
"DF.valid.acc", "DF.test.acc", "DF.train.time", "DF.n.support.vectors", 
"DF.index", "DF.n.solutions", "DF.generations", "DF.n.evaluations", 
"DF.cpu.time")))
