full <-
structure(c(50, 55, 60, 65, 70, 75, 80, 85, 90, 95, 100, 5.49724, 
6.89886, 5.68535, 1.59241, 2.52392, 7.68557, 14.53615, 4.08709, 
3.96363, 1.70082, 7.6352, -11.34569, -13.10361, -12.44147, -4.88102, 
-9.26302, -14.4581, -10.97051, -10.98697, -10.70825, -8.86806, 
-15, 0, 0, 0, 0, 0, 0, 0, 0, 0, 0, 0, 0, 0, 0, 0, 0, 0, 0, 0, 
0, 0, 0, 0.86655, 0.8739, 0.85903, 0.86327, 0.86886, 0.88156, 
0.87057, 0.87652, 0.87041, 0.87573, 0.87256, 0.86345, 0.86094, 
0.85659, 0.85655, 0.8709, 0.87372, 0.8542, 0.86452, 0.86716, 
0.8634, 0.8726, 0.0288, 0.0331, 0.0398, 0.0398, 0.0498, 0.0554, 
0.1504, 0.066, 0.0697, 0.0774, 0.0874, 154.4, 171.8, 201.6, 163.1, 
231.2, 244.9, 141.8, 268.9, 272.9, 299.5, 323.5, 287, 30, 207, 
1437, 57, 1187, 513, 17, 596, 476, 617, 86, 82, 87, 16, 35, 4, 
33, 22, 9, 32, 30, 100, 100, 100, 100, 100, 100, 100, 100, 100, 
100, 100, 2500, 2500, 2500, 2500, 2500, 2500, 2500, 2500, 2500, 
2500, 2500, 8845.334, 9151.98, 9449.275, 9607.186, 10495.303, 
10100.137, 11906.287, 10240.061, 10245.085, 10368.578, 10696.143, 
7.23725, 6.4657, 5.9817, 2.17891, 0.0124, 4.19893, 0.46732, 3.60987, 
2.63742, 1.46493, 7.045, -13.13028, -12.73204, -12.73508, -4.83145, 
-6.34505, -10.97226, -7.26473, -10.4861, -9.34866, -8.62547, 
-14.39409, 0, 0, 0, 0, 0, 0, 0, 0, 0, 0, 0, 0, 0, 0, 0, 0, 0, 
0, 0, 0, 0, 0, 0.86655, 0.8739, 0.85903, 0.86317, 0.87099, 0.87764, 
0.88158, 0.87652, 0.8688, 0.87419, 0.87113, 0.86353, 0.86087, 
0.85659, 0.86099, 0.86266, 0.87176, 0.87606, 0.86624, 0.86877, 
0.8634, 0.8726, 0.0292, 0.0333, 0.04, 0.0389, 0.0493, 0.0556, 
0.0611, 0.0655, 0.0694, 0.0779, 0.0871, 155.2, 172.9, 201.3, 
157.3, 229.6, 245.2, 263.3, 268.7, 272.9, 300.1, 322.4, 425, 
15, 676, 746, 894, 2266, 759, 404, 877, 34, 3, 2, 6, 5, 1, 1, 
1, 1, 1, 2, 2, 2, 100, 100, 100, 100, 100, 100, 100, 100, 100, 
100, 100, 2500, 2500, 2500, 2500, 2500, 2500, 2500, 2500, 2500, 
2500, 2500, 9380.867, 9485.724, 9785.591, 10002.776, 10394.868, 
10575.324, 10738.907, 10990.995, 11293.858, 11363.156, 11883.836, 
1, 1, 1, 1, 1, 1, 1, 1, 1, 1, 1, 0.07143, 0.07143, 0.07143, 0.07143, 
0.07143, 0.07143, 0.07143, 0.07143, 0.07143, 0.07143, 0.07143, 
0, 0, 0, 0, 0, 0, 0, 0, 0, 0, 0, 0, 0, 0, 0, 0, 0, 0, 0, 0, 0, 
0, 0.84605, 0.86039, 0.82773, 0.83862, 0.84594, 0.85422, 0.85599, 
0.84573, 0.84765, 0.85421, 0.85363, 0.84311, 0.84771, 0.83987, 
0.84756, 0.85215, 0.84842, 0.85235, 0.85259, 0.84765, 0.85424, 
0.8493, 0.0299, 0.0333, 0.0379, 0.0424, 0.0479, 0.0526, 0.057, 
0.0611, 0.0667, 0.0717, 0.0784, 155.8, 163.8, 176.4, 189.6, 204.2, 
213, 222.6, 232.9, 243.8, 252.8, 265.7, 1, 1, 1, 1, 1, 1, 1, 
1, 1, 1, 1, 1, 1, 1, 1, 1, 1, 1, 1, 1, 1, 1, 1, 1, 1, 1, 1, 1, 
1, 1, 1, 1, 1, 1, 1, 1, 1, 1, 1, 1, 1, 1, 1, 1, 3.609, 3.593, 
3.753, 3.778, 3.777, 3.834, 3.924, 3.963, 3.991, 3.987, 4.077
), .Dim = c(11L, 40L), .Dimnames = list(NULL, c("Sampling", "PSO.cost", 
"PSO.gamma", "PSO.data.balancing", "PSO.feature.selection", "PSO.valid.acc", 
"PSO.test.acc", "PSO.train.time", "PSO.n.support.vectors", "PSO.index", 
"PSO.n.solutions", "PSO.generations", "PSO.n.evaluations", "PSO.cpu.time", 
"RS.cost", "RS.gamma", "RS.data.balancing", "RS.feature.selection", 
"RS.valid.acc", "RS.test.acc", "RS.train.time", "RS.n.support.vectors", 
"RS.index", "RS.n.solutions", "RS.generations", "RS.n.evaluations", 
"RS.cpu.time", "DF.cost", "DF.gamma", "DF.data.balancing", "DF.feature.selection", 
"DF.valid.acc", "DF.test.acc", "DF.train.time", "DF.n.support.vectors", 
"DF.index", "DF.n.solutions", "DF.generations", "DF.n.evaluations", 
"DF.cpu.time")))
