full <-
structure(c(50, 55, 60, 65, 70, 75, 80, 85, 90, 95, 100, 4.17785, 
15, 4.73927, 3.42671, 4.41433, 6.98032, -1.62716, 0.50689, 5.81937, 
3.91644, 8.04784, -10.49103, -12.40337, -6.54194, -9.88981, -10.97749, 
-13.2199, -4.26926, -7.44264, -12.8443, -10.88845, -15, 0, 0, 
0, 0, 0, 0, 0, 0, 0, 0, 0, 0, 0, 0, 0, 0, 0, 0, 0, 0, 0, 0, 0.86947, 
0.86287, 0.85923, 0.86135, 0.86726, 0.86391, 0.86697, 0.8748, 
0.8754, 0.87265, 0.88111, 0.85795, 0.85761, 0.83757, 0.84548, 
0.85892, 0.85799, 0.85785, 0.86452, 0.86249, 0.86965, 0.87099, 
0.0434, 0.0687, 0.0463, 0.0632, 0.0689, 0.077, 0.0862, 0.0959, 
0.1008, 0.1139, 0.1196, 154.2, 96.7, 128.2, 209.5, 223.5, 223.2, 
260.3, 272.7, 284.6, 294.4, 304.9, 791, 712, 1200, 353, 636, 
975, 159, 885, 258, 560, 2019, 14, 134, 44, 85, 68, 5, 113, 107, 
26, 10, 5, 100, 100, 100, 100, 100, 100, 100, 100, 100, 100, 
100, 2500, 2500, 2500, 2500, 2500, 2500, 2500, 2500, 2500, 2500, 
2500, 8035.306, 8511.276, 8254.21999999999, 9074.714, 11326.626, 
11385.098, 11597.743, 11661.754, 12115.631, 12477.423, 12584.776, 
5.34745, 13.7866, 4.8945, 3.86634, 7.61573, 7.83078, -0.93093, 
-0.28151, -0.12922, 3.82222, 3.99292, -11.73506, -11.71841, -6.78906, 
-10.32075, -14.19385, -14.05739, -5.53104, -6.66636, -6.56887, 
-10.94429, -11.03731, 0, 0, 0, 0, 0, 0, 0, 0, 0, 0, 0, 0, 0, 
0, 0, 0, 0, 0, 0, 0, 0, 0, 0.86661, 0.85761, 0.85923, 0.85912, 
0.86522, 0.86199, 0.86515, 0.87138, 0.87379, 0.87116, 0.87966, 
0.85795, 0.85761, 0.83757, 0.84326, 0.85892, 0.85411, 0.86515, 
0.86279, 0.86247, 0.8696, 0.87389, 0.0439, 0.0594, 0.048, 0.0667, 
0.0755, 0.0775, 0.0853, 0.0946, 0.103, 0.1144, 0.1222, 155.1, 
97.4, 126.8, 208.9, 224.1, 223, 254.4, 275.6, 283.1, 300.3, 310, 
471, 45, 1, 808, 1539, 179, 763, 707, 374, 1280, 213, 3, 10, 
1, 4, 1, 5, 2, 5, 1, 2, 2, 100, 100, 100, 100, 100, 100, 100, 
100, 100, 100, 100, 2500, 2500, 2500, 2500, 2500, 2500, 2500, 
2500, 2500, 2500, 2500, 8423.97, 8607.401, 8682.301, 11672.067, 
11888.445, 12118.835, 12292.113, 12630.473, 13144.663, 13645.792, 
13989.015, 1, 1, 1, 1, 1, 1, 1, 1, 1, 1, 1, 0.07143, 0.07143, 
0.07143, 0.07143, 0.07143, 0.07143, 0.07143, 0.07143, 0.07143, 
0.07143, 0.07143, 0, 0, 0, 0, 0, 0, 0, 0, 0, 0, 0, 0, 0, 0, 0, 
0, 0, 0, 0, 0, 0, 0, 0.83173, 0.83385, 0.83995, 0.83174, 0.83605, 
0.83465, 0.85061, 0.85245, 0.85099, 0.85121, 0.8536, 0.84047, 
0.84175, 0.83513, 0.82962, 0.83592, 0.84246, 0.85242, 0.84906, 
0.84441, 0.8527, 0.85509, 0.0427, 0.0474, 0.0529, 0.0599, 0.0684, 
0.0719, 0.0786, 0.0865, 0.0951, 0.1019, 0.1111, 149.9, 161.6, 
174.4, 191.6, 201.8, 209.6, 219, 230.8, 241.7, 251.9, 266.9, 
1, 1, 1, 1, 1, 1, 1, 1, 1, 1, 1, 1, 1, 1, 1, 1, 1, 1, 1, 1, 1, 
1, 1, 1, 1, 1, 1, 1, 1, 1, 1, 1, 1, 1, 1, 1, 1, 1, 1, 1, 1, 1, 
1, 1, 3.263, 3.196, 3.271, 4.447, 4.308, 4.362, 4.442, 4.661, 
4.745, 4.698, 4.837), .Dim = c(11L, 40L), .Dimnames = list(NULL, 
    c("Sampling", "PSO.cost", "PSO.gamma", "PSO.data.balancing", 
    "PSO.feature.selection", "PSO.valid.acc", "PSO.test.acc", 
    "PSO.train.time", "PSO.n.support.vectors", "PSO.index", "PSO.n.solutions", 
    "PSO.generations", "PSO.n.evaluations", "PSO.cpu.time", "RS.cost", 
    "RS.gamma", "RS.data.balancing", "RS.feature.selection", 
    "RS.valid.acc", "RS.test.acc", "RS.train.time", "RS.n.support.vectors", 
    "RS.index", "RS.n.solutions", "RS.generations", "RS.n.evaluations", 
    "RS.cpu.time", "DF.cost", "DF.gamma", "DF.data.balancing", 
    "DF.feature.selection", "DF.valid.acc", "DF.test.acc", "DF.train.time", 
    "DF.n.support.vectors", "DF.index", "DF.n.solutions", "DF.generations", 
    "DF.n.evaluations", "DF.cpu.time")))
