full <-
structure(c(50, 55, 60, 65, 70, 75, 80, 85, 90, 95, 100, 2.16853, 
2.77537, 1.28823, -0.42535, 3.48651, 7.17667, -0.33965, 5.79248, 
0.354, 1.53115, 2.6306, -7.7137, -4.04049, -7.44323, -5.34485, 
-10.1392, -14.05385, -5.91777, -12.78664, -7.0492, -8.62946, 
-9.37086, 0, 0, 0, 0, 0, 0, 0, 0, 0, 0, 0, 0, 0, 0, 0, 0, 0, 
0, 0, 0, 0, 0, 0.8672, 0.87046, 0.88134, 0.88833, 0.86699, 0.87775, 
0.88525, 0.87811, 0.87673, 0.8741, 0.87256, 0.85846, 0.85999, 
0.86671, 0.87051, 0.85441, 0.87394, 0.8834, 0.86791, 0.87179, 
0.86946, 0.86819, 0.0421, 0.046, 0.0551, 0.0609, 0.0677, 0.0755, 
0.0797, 0.093, 0.0975, 0.1062, 0.1188, 145.1, 137.9, 180.6, 196.3, 
216.6, 233, 239.6, 263.7, 276.7, 298.3, 297.9, 1345, 861, 915, 
2241, 348, 1897, 581, 1118, 805, 494, 1552, 50, 31, 46, 1, 39, 
1, 50, 9, 15, 44, 3, 100, 100, 100, 100, 100, 100, 100, 100, 
100, 100, 100, 2500, 2500, 2500, 2500, 2500, 2500, 2500, 2500, 
2500, 2500, 2500, 9081.256, 9819.702, 9650.197, 9841.53699999999, 
9958.67499999999, 10253.79, 10481.764, 10444.042, 10626.687, 
10842.146, 11192.186, 8.63162, 12.61345, 1.01216, 0.04164, 8.03441, 
7.99196, 0.57967, 0.11407, 2.85199, 0.57216, 3.93258, -14.33986, 
-11.45205, -7.10591, -5.95243, -14.71224, -14.86936, -7.04221, 
-7.12468, -9.73023, -7.62262, -10.72953, 0, 0, 0, 0, 0, 0, 0, 
0, 0, 0, 0, 0, 0, 0, 0, 0, 0, 0, 0, 0, 0, 0, 0.86426, 0.87031, 
0.87647, 0.88601, 0.86695, 0.87775, 0.88343, 0.87639, 0.87509, 
0.8741, 0.87258, 0.85838, 0.86235, 0.86665, 0.87045, 0.85441, 
0.87394, 0.8798, 0.86271, 0.8734, 0.86794, 0.86819, 0.0426, 0.0493, 
0.0534, 0.0594, 0.0677, 0.0778, 0.0786, 0.0928, 0.0983, 0.1082, 
0.1164, 145.6, 98.9, 180.8, 195.8, 216.9, 232.9, 238.6, 271.2, 
277.4, 300.2, 299.4, 786, 2228, 1450, 1389, 622, 674, 771, 405, 
2399, 177, 153, 1, 1, 2, 1, 2, 1, 1, 2, 1, 2, 1, 100, 100, 100, 
100, 100, 100, 100, 100, 100, 100, 100, 2500, 2500, 2500, 2500, 
2500, 2500, 2500, 2500, 2500, 2500, 2500, 9435.082, 9823.298, 
10102.347, 10409.756, 10634.013, 10886.032, 10927.255, 11342.607, 
11603.837, 11938.676, 12558.866, 1, 1, 1, 1, 1, 1, 1, 1, 1, 1, 
1, 0.07143, 0.07143, 0.07143, 0.07143, 0.07143, 0.07143, 0.07143, 
0.07143, 0.07143, 0.07143, 0.07143, 0, 0, 0, 0, 0, 0, 0, 0, 0, 
0, 0, 0, 0, 0, 0, 0, 0, 0, 0, 0, 0, 0, 0.85829, 0.85417, 0.85719, 
0.87045, 0.85258, 0.86406, 0.85609, 0.85424, 0.85883, 0.85698, 
0.85516, 0.85854, 0.84919, 0.85481, 0.86374, 0.85263, 0.85434, 
0.85428, 0.85766, 0.8637, 0.85545, 0.85071, 0.0434, 0.048, 0.0536, 
0.0586, 0.0626, 0.0696, 0.0777, 0.0812, 0.0913, 0.0963, 0.1113, 
151.4, 161.7, 173.2, 182.5, 196.7, 207.2, 217.3, 226.5, 239.9, 
250.1, 265.7, 1, 1, 1, 1, 1, 1, 1, 1, 1, 1, 1, 1, 1, 1, 1, 1, 
1, 1, 1, 1, 1, 1, 1, 1, 1, 1, 1, 1, 1, 1, 1, 1, 1, 1, 1, 1, 1, 
1, 1, 1, 1, 1, 1, 1, 3.65, 3.674, 3.7, 3.884, 3.738, 3.898, 3.922, 
3.847, 4.215, 4.272, 4.54), .Dim = c(11L, 40L), .Dimnames = list(
    NULL, c("Sampling", "PSO.cost", "PSO.gamma", "PSO.data.balancing", 
    "PSO.feature.selection", "PSO.valid.acc", "PSO.test.acc", 
    "PSO.train.time", "PSO.n.support.vectors", "PSO.index", "PSO.n.solutions", 
    "PSO.generations", "PSO.n.evaluations", "PSO.cpu.time", "RS.cost", 
    "RS.gamma", "RS.data.balancing", "RS.feature.selection", 
    "RS.valid.acc", "RS.test.acc", "RS.train.time", "RS.n.support.vectors", 
    "RS.index", "RS.n.solutions", "RS.generations", "RS.n.evaluations", 
    "RS.cpu.time", "DF.cost", "DF.gamma", "DF.data.balancing", 
    "DF.feature.selection", "DF.valid.acc", "DF.test.acc", "DF.train.time", 
    "DF.n.support.vectors", "DF.index", "DF.n.solutions", "DF.generations", 
    "DF.n.evaluations", "DF.cpu.time")))
