full <-
structure(c(50, 55, 60, 65, 70, 75, 80, 85, 90, 95, 100, 4.94678, 
8.14409, 4.43894, 5.40146, 12.84183, 6.60786, 3.33949, 5.71512, 
0.22609, 8.27671, 5.39394, -10.22439, -13.97836, -10.73467, -11.51924, 
-10.02753, -13.14548, -10.21389, -12.52246, -6.99616, -15, -12.45308, 
0, 0, 0, 0, 0, 0, 0, 0, 0, 0, 0, 0, 0, 0, 0, 0, 0, 0, 0, 0, 0, 
0, 0.85526, 0.865, 0.86909, 0.87215, 0.88142, 0.87784, 0.87227, 
0.88179, 0.88008, 0.87396, 0.87823, 0.85232, 0.85703, 0.85707, 
0.86761, 0.86496, 0.87392, 0.86122, 0.87145, 0.87363, 0.87084, 
0.87088, 0.0418, 0.0465, 0.0578, 0.0623, 0.1109, 0.0767, 0.0861, 
0.0867, 0.095, 0.1056, 0.1223, 151.6, 168.3, 189.6, 195.4, 119.9, 
229.2, 250.5, 257.5, 276.5, 277.1, 310.2, 96, 815, 339, 2175, 
793, 1239, 438, 929, 461, 364, 169, 100, 25, 32, 1, 28, 22, 35, 
60, 69, 20, 68, 100, 100, 100, 100, 100, 100, 100, 100, 100, 
100, 100, 2500, 2500, 2500, 2500, 2500, 2500, 2500, 2500, 2500, 
2500, 2500, 7796.336, 8250.37, 11027.767, 11044.975, 12180.664, 
11627.791, 9557.126, 9872.96399999998, 11758.757, 12397.717, 
12686.618, 9.06682, 8.14212, 2.9024, 5.01394, 12.44987, 0.07224, 
4.40086, 5.27174, 0.33446, 6.57624, -0.83828, -14.08214, -14.06615, 
-9.17673, -11.1515, -9.81631, -6.56777, -11.2689, -12.07411, 
-7.11166, -13.31539, -5.8972, 0, 0, 0, 0, 0, 0, 0, 0, 0, 0, 0, 
0, 0, 0, 0, 0, 0, 0, 0, 0, 0, 0, 0.85526, 0.86236, 0.86909, 0.86776, 
0.88142, 0.87592, 0.87045, 0.88179, 0.88008, 0.87396, 0.87966, 
0.85232, 0.85703, 0.85945, 0.86761, 0.86496, 0.86412, 0.86671, 
0.87145, 0.87363, 0.87084, 0.86796, 0.042, 0.0495, 0.0575, 0.0631, 
0.1064, 0.0775, 0.0847, 0.0921, 0.0999, 0.1071, 0.1252, 147.8, 
170.2, 190.2, 195.5, 120.2, 238.2, 250, 257.4, 275.7, 278.2, 
315.4, 27, 1079, 604, 1900, 777, 2425, 202, 1925, 1271, 1279, 
2474, 11, 1, 1, 1, 2, 1, 3, 1, 1, 1, 1, 100, 100, 100, 100, 100, 
100, 100, 100, 100, 100, 100, 2500, 2500, 2500, 2500, 2500, 2500, 
2500, 2500, 2500, 2500, 2500, 8137.553, 9936.507, 11398.013, 
11678.759, 11978.095, 11208.586, 10007.984, 10252.964, 13278.827, 
13575.153, 14073.964, 1, 1, 1, 1, 1, 1, 1, 1, 1, 1, 1, 0.07143, 
0.07143, 0.07143, 0.07143, 0.07143, 0.07143, 0.07143, 0.07143, 
0.07143, 0.07143, 0.07143, 0, 0, 0, 0, 0, 0, 0, 0, 0, 0, 0, 0, 
0, 0, 0, 0, 0, 0, 0, 0, 0, 0, 0.82316, 0.8438, 0.83261, 0.8518, 
0.8608, 0.85228, 0.85964, 0.85608, 0.86382, 0.85853, 0.84928, 
0.82029, 0.82268, 0.85231, 0.84938, 0.8545, 0.85235, 0.85058, 
0.85783, 0.85399, 0.85545, 0.85802, 0.043, 0.0506, 0.0565, 0.0622, 
0.0684, 0.0734, 0.0802, 0.0806, 0.093, 0.1004, 0.1144, 159.2, 
165.8, 177.8, 186.8, 196.7, 207.5, 218.2, 227.9, 238.1, 250.2, 
266.4, 1, 1, 1, 1, 1, 1, 1, 1, 1, 1, 1, 1, 1, 1, 1, 1, 1, 1, 
1, 1, 1, 1, 1, 1, 1, 1, 1, 1, 1, 1, 1, 1, 1, 1, 1, 1, 1, 1, 1, 
1, 1, 1, 1, 1, 3.164, 4.347, 4.284, 4.454, 4.455, 3.504, 3.717, 
3.653, 4.754, 4.723, 4.954), .Dim = c(11L, 40L), .Dimnames = list(
    NULL, c("Sampling", "PSO.cost", "PSO.gamma", "PSO.data.balancing", 
    "PSO.feature.selection", "PSO.valid.acc", "PSO.test.acc", 
    "PSO.train.time", "PSO.n.support.vectors", "PSO.index", "PSO.n.solutions", 
    "PSO.generations", "PSO.n.evaluations", "PSO.cpu.time", "RS.cost", 
    "RS.gamma", "RS.data.balancing", "RS.feature.selection", 
    "RS.valid.acc", "RS.test.acc", "RS.train.time", "RS.n.support.vectors", 
    "RS.index", "RS.n.solutions", "RS.generations", "RS.n.evaluations", 
    "RS.cpu.time", "DF.cost", "DF.gamma", "DF.data.balancing", 
    "DF.feature.selection", "DF.valid.acc", "DF.test.acc", "DF.train.time", 
    "DF.n.support.vectors", "DF.index", "DF.n.solutions", "DF.generations", 
    "DF.n.evaluations", "DF.cpu.time")))
