full <-
structure(c(50, 55, 60, 65, 70, 75, 80, 85, 90, 95, 100, 2.99377, 
11.6424, 1.75844, 12.41623, 1.24833, 0.47946, 0.9298, 2.08739, 
7.37403, 6.40421, 0.89485, -8.54727, -10.10788, -5.71255, -10.43954, 
-7.37568, -7.36623, -7.30275, -9.27529, -7.07967, -13.09209, 
-8.24454, 0, 0, 0, 0, 0, 0, 0, 0, 0, 0, 0, 0, 0, 0, 0, 0, 0, 
0, 0, 0, 0, 0, 0.86403, 0.85514, 0.85226, 0.85894, 0.8627, 0.8547, 
0.87251, 0.86972, 0.87031, 0.87263, 0.87217, 0.86403, 0.84461, 
0.84257, 0.84318, 0.84829, 0.84293, 0.85622, 0.86464, 0.85251, 
0.86186, 0.86499, 0.0414, 0.0621, 0.0489, 0.0881, 0.0645, 0.0795, 
0.0825, 0.0968, 0.0814, 0.099, 0.118, 156.2, 108.8, 158.2, 123.5, 
215.6, 249.4, 249, 282.3, 167, 283.5, 326.8, 64, 21, 1071, 190, 
1569, 435, 1751, 420, 467, 722, 2148, 138, 75, 35, 299, 21, 28, 
7, 50, 47, 12, 12, 100, 100, 100, 100, 100, 100, 100, 100, 100, 
100, 100, 2500, 2500, 2500, 2500, 2500, 2500, 2500, 2500, 2500, 
2500, 2500, 8746.576, 8635.337, 8302.245, 8918.111, 8559.01699999999, 
8955.841, 8962.571, 11967.622, 9077.32199999999, 9753.416, 9783.867, 
0.53353, 0.13651, 0.57493, 14.63897, 2.52913, 1.33616, 1.06833, 
2.05248, 8.2299, 7.39642, 4.09356, -6.06682, -4.66736, -5.63084, 
-11.53813, -8.72352, -8.135, -7.43346, -9.27989, -14.87426, -14.08256, 
-10.9582, 0, 0, 0, 0, 0, 0, 0, 0, 0, 0, 0, 0, 0, 0, 0, 0, 0, 
0, 0, 0, 0, 0, 0.86412, 0.85763, 0.85238, 0.85894, 0.8627, 0.85278, 
0.86888, 0.86972, 0.87028, 0.87263, 0.86785, 0.85824, 0.84704, 
0.84744, 0.84318, 0.85237, 0.84678, 0.85437, 0.86294, 0.85738, 
0.86186, 0.86077, 0.0431, 0.0468, 0.051, 0.1275, 0.0659, 0.0785, 
0.0764, 0.0984, 0.0905, 0.0995, 0.111, 162.2, 168.5, 176.8, 122.1, 
214.2, 243.3, 247.9, 284, 269.3, 282.7, 302.2, 2320, 1309, 479, 
417, 1285, 3, 1025, 138, 1718, 109, 1140, 1, 1, 1, 8, 2, 6, 2, 
4, 3, 1, 2, 100, 100, 100, 100, 100, 100, 100, 100, 100, 100, 
100, 2500, 2500, 2500, 2500, 2500, 2500, 2500, 2500, 2500, 2500, 
2500, 8282.682, 8479.003, 8695.649, 8950.29399999999, 9305.43299999999, 
9713.09599999999, 10146.579, 11595.101, 10218.441, 10715.517, 
11143.361, 1, 1, 1, 1, 1, 1, 1, 1, 1, 1, 1, 0.07143, 0.07143, 
0.07143, 0.07143, 0.07143, 0.07143, 0.07143, 0.07143, 0.07143, 
0.07143, 0.07143, 0, 0, 0, 0, 0, 0, 0, 0, 0, 0, 0, 0, 0, 0, 0, 
0, 0, 0, 0, 0, 0, 0, 0.85252, 0.84718, 0.83548, 0.84116, 0.83383, 
0.83143, 0.83968, 0.85598, 0.84762, 0.8526, 0.85335, 0.85252, 
0.84433, 0.84739, 0.83667, 0.83383, 0.82943, 0.83965, 0.85435, 
0.84281, 0.85109, 0.85184, 0.0436, 0.0499, 0.0527, 0.0606, 0.0685, 
0.0727, 0.0823, 0.0788, 0.0868, 0.0937, 0.1036, 163, 173.8, 183.5, 
194.1, 202.1, 213.2, 228.2, 233.2, 240.9, 253.5, 266.2, 1, 1, 
1, 1, 1, 1, 1, 1, 1, 1, 1, 1, 1, 1, 1, 1, 1, 1, 1, 1, 1, 1, 1, 
1, 1, 1, 1, 1, 1, 1, 1, 1, 1, 1, 1, 1, 1, 1, 1, 1, 1, 1, 1, 1, 
3.171, 3.254, 3.19, 3.324, 3.371, 3.521, 4.449, 3.421, 3.594, 
3.703, 3.671), .Dim = c(11L, 40L), .Dimnames = list(NULL, c("Sampling", 
"PSO.cost", "PSO.gamma", "PSO.data.balancing", "PSO.feature.selection", 
"PSO.valid.acc", "PSO.test.acc", "PSO.train.time", "PSO.n.support.vectors", 
"PSO.index", "PSO.n.solutions", "PSO.generations", "PSO.n.evaluations", 
"PSO.cpu.time", "RS.cost", "RS.gamma", "RS.data.balancing", "RS.feature.selection", 
"RS.valid.acc", "RS.test.acc", "RS.train.time", "RS.n.support.vectors", 
"RS.index", "RS.n.solutions", "RS.generations", "RS.n.evaluations", 
"RS.cpu.time", "DF.cost", "DF.gamma", "DF.data.balancing", "DF.feature.selection", 
"DF.valid.acc", "DF.test.acc", "DF.train.time", "DF.n.support.vectors", 
"DF.index", "DF.n.solutions", "DF.generations", "DF.n.evaluations", 
"DF.cpu.time")))
