full <-
structure(c(50, 55, 60, 65, 70, 75, 80, 85, 90, 95, 100, 3.73162, 
5.3221, 5.81951, 3.26918, 8.09754, 3.27272, 8.27315, 1.96328, 
4.90979, 5.32385, 1.6279, -9.36402, -11.22794, -7.97496, -9.6861, 
-14.72839, -10.26977, -14.83253, -9.0515, -5.55714, -12.32761, 
-8.54321, 0, 0, 0, 0, 0, 0, 0, 0, 0, 0, 0, 0, 0, 0, 0, 0, 0, 
0, 0, 0, 0, 0, 0.88081, 0.87347, 0.86456, 0.87232, 0.87717, 0.86207, 
0.86519, 0.86771, 0.87515, 0.87709, 0.8756, 0.87181, 0.86294, 
0.86212, 0.86111, 0.86675, 0.85999, 0.85424, 0.8609, 0.85896, 
0.87551, 0.86548, 0.0283, 0.0352, 0.0333, 0.0474, 0.0516, 0.0564, 
0.0595, 0.068, 0.0614, 0.0807, 0.088, 145.3, 167.3, 121.4, 206, 
224.9, 248.8, 248.5, 275.9, 181.4, 295, 306, 1247, 409, 458, 
1022, 197, 579, 493, 2292, 1002, 718, 1739, 17, 61, 109, 51, 
43, 48, 46, 1, 83, 92, 5, 100, 100, 100, 100, 100, 100, 100, 
100, 100, 100, 100, 2500, 2500, 2500, 2500, 2500, 2500, 2500, 
2500, 2500, 2500, 2500, 6652.491, 8292.974, 9854.177, 11786.174, 
11741.32, 8949.58499999999, 9044.084, 9274.61200000002, 9291.71100000001, 
12249.533, 12456.934, 4.92377, 3.83329, 5.37111, 6.86468, 6.3129, 
3.71689, 6.42248, 1.66036, 5.36969, 7.07115, 1.19289, -10.57896, 
-9.76477, -7.65317, -13.26953, -12.95798, -10.60104, -13.01028, 
-8.75096, -5.7585, -14.08981, -8.12682, 0, 0, 0, 0, 0, 0, 0, 
0, 0, 0, 0, 0, 0, 0, 0, 0, 0, 0, 0, 0, 0, 0, 0.87795, 0.87347, 
0.86456, 0.87015, 0.87717, 0.86203, 0.86337, 0.86601, 0.87351, 
0.87558, 0.8727, 0.86887, 0.86294, 0.86456, 0.86116, 0.86675, 
0.85807, 0.8597, 0.8609, 0.85735, 0.87553, 0.86548, 0.0283, 0.0338, 
0.0363, 0.0459, 0.0518, 0.0556, 0.0596, 0.0676, 0.0629, 0.0811, 
0.0882, 144.4, 168.4, 123.5, 204.8, 225.7, 244.6, 249.1, 275.8, 
178.7, 295.4, 308.5, 341, 738, 331, 230, 1134, 545, 99, 1940, 
1606, 2287, 2452, 3, 1, 5, 2, 2, 1, 10, 1, 1, 2, 1, 100, 100, 
100, 100, 100, 100, 100, 100, 100, 100, 100, 2500, 2500, 2500, 
2500, 2500, 2500, 2500, 2500, 2500, 2500, 2500, 7269.864, 8271.543, 
12007.341, 12066.749, 12084.439, 9460.93299999999, 9803.698, 
10261.032, 12332.65, 13191.285, 13779.972, 1, 1, 1, 1, 1, 1, 
1, 1, 1, 1, 1, 0.07143, 0.07143, 0.07143, 0.07143, 0.07143, 0.07143, 
0.07143, 0.07143, 0.07143, 0.07143, 0.07143, 0, 0, 0, 0, 0, 0, 
0, 0, 0, 0, 0, 0, 0, 0, 0, 0, 0, 0, 0, 0, 0, 0, 0.86584, 0.84708, 
0.84272, 0.85, 0.82938, 0.83665, 0.8397, 0.8422, 0.84926, 0.85716, 
0.85533, 0.86013, 0.84708, 0.8426, 0.85217, 0.83771, 0.82293, 
0.83421, 0.84559, 0.85249, 0.8587, 0.85964, 0.0286, 0.0338, 0.0406, 
0.0447, 0.0489, 0.0522, 0.0577, 0.0607, 0.0695, 0.0747, 0.0822, 
149.6, 164.1, 172.8, 189.5, 201.8, 213, 226.8, 233.1, 245.5, 
252.7, 266.4, 1, 1, 1, 1, 1, 1, 1, 1, 1, 1, 1, 1, 1, 1, 1, 1, 
1, 1, 1, 1, 1, 1, 1, 1, 1, 1, 1, 1, 1, 1, 1, 1, 1, 1, 1, 1, 1, 
1, 1, 1, 1, 1, 1, 1, 2.797, 3.141, 4.643, 4.618, 4.563, 3.559, 
3.509, 3.451, 4.71, 4.742, 4.831), .Dim = c(11L, 40L), .Dimnames = list(
    NULL, c("Sampling", "PSO.cost", "PSO.gamma", "PSO.data.balancing", 
    "PSO.feature.selection", "PSO.valid.acc", "PSO.test.acc", 
    "PSO.train.time", "PSO.n.support.vectors", "PSO.index", "PSO.n.solutions", 
    "PSO.generations", "PSO.n.evaluations", "PSO.cpu.time", "RS.cost", 
    "RS.gamma", "RS.data.balancing", "RS.feature.selection", 
    "RS.valid.acc", "RS.test.acc", "RS.train.time", "RS.n.support.vectors", 
    "RS.index", "RS.n.solutions", "RS.generations", "RS.n.evaluations", 
    "RS.cpu.time", "DF.cost", "DF.gamma", "DF.data.balancing", 
    "DF.feature.selection", "DF.valid.acc", "DF.test.acc", "DF.train.time", 
    "DF.n.support.vectors", "DF.index", "DF.n.solutions", "DF.generations", 
    "DF.n.evaluations", "DF.cpu.time")))
