full <-
structure(c(50, 55, 60, 65, 70, 75, 80, 85, 90, 95, 100, -0.69877, 
0.60528, 8.2658, 8.6572, 7.1529, 5.43795, 8.00251, 8.41308, 2.88461, 
-0.9183, 4.1713, -4.84545, -6.83327, -14.14802, -14.97553, -12.07716, 
-11.93446, -14.02859, -15, -9.70612, -5.49608, -11.44551, 0, 
0, 0, 0, 0, 0, 0, 0, 0, 0, 0, 0, 0, 0, 0, 0, 0, 0, 0, 0, 0, 0, 
0.89039, 0.88168, 0.86961, 0.87045, 0.86888, 0.87198, 0.86705, 
0.87486, 0.88154, 0.86626, 0.87102, 0.873, 0.86581, 0.86461, 
0.86364, 0.85017, 0.86606, 0.86163, 0.86791, 0.87339, 0.8601, 
0.87241, 0.0444, 0.0452, 0.0492, 0.0574, 0.0573, 0.0719, 0.0738, 
0.0853, 0.0935, 0.1031, 0.1161, 157.3, 167.9, 167.2, 191.8, 167.4, 
220.5, 223.4, 252.1, 272.7, 290.7, 319.3, 922, 1963, 458, 2009, 
352, 1363, 355, 221, 416, 2357, 694, 36, 12, 14, 1, 74, 35, 77, 
45, 50, 2, 73, 100, 100, 100, 100, 100, 100, 100, 100, 100, 100, 
100, 2500, 2500, 2500, 2500, 2500, 2500, 2500, 2500, 2500, 2500, 
2500, 8539.458, 8731.135, 8910.486, 9047.988, 9056.803, 9500.822, 
9681.62699999999, 9893.226, 10010.04, 10504.847, 10475.97, -1.02316, 
1.40192, 1.46866, 1.2493, 7.8467, 3.38622, 2.89371, 3.88882, 
2.38105, -0.43868, 4.46315, -4.34204, -7.52984, -7.64142, -3.0108, 
-12.74744, -9.85823, -8.84676, -10.51697, -9.10069, -6.08185, 
-11.73171, 0, 0, 0, 0, 0, 0, 0, 0, 0, 0, 0, 0, 0, 0, 0, 0, 0, 
0, 0, 0, 0, 0, 0.88451, 0.8762, 0.86734, 0.8704, 0.86888, 0.87002, 
0.86523, 0.87659, 0.87995, 0.86775, 0.87102, 0.87291, 0.86595, 
0.86978, 0.84798, 0.84809, 0.86025, 0.85799, 0.85937, 0.87181, 
0.85854, 0.87243, 0.044, 0.0443, 0.0508, 0.0596, 0.0571, 0.0704, 
0.0747, 0.0878, 0.0978, 0.1048, 0.1202, 160.4, 163.1, 177.9, 
187.2, 166.7, 220.4, 224.3, 254.8, 269.4, 289.2, 319.2, 2014, 
1119, 1906, 1565, 373, 959, 256, 1928, 2420, 41, 883, 2, 1, 1, 
2, 2, 2, 3, 1, 1, 1, 2, 100, 100, 100, 100, 100, 100, 100, 100, 
100, 100, 100, 2500, 2500, 2500, 2500, 2500, 2500, 2500, 2500, 
2500, 2500, 2500, 8788.761, 9053.398, 9172.007, 9371.65200000001, 
9746.67999999999, 10210.254, 10571.331, 10704.031, 10936.374, 
11501.31, 11812.555, 1, 1, 1, 1, 1, 1, 1, 1, 1, 1, 1, 0.07143, 
0.07143, 0.07143, 0.07143, 0.07143, 0.07143, 0.07143, 0.07143, 
0.07143, 0.07143, 0.07143, 0, 0, 0, 0, 0, 0, 0, 0, 0, 0, 0, 0, 
0, 0, 0, 0, 0, 0, 0, 0, 0, 0, 0.86744, 0.8469, 0.85044, 0.86146, 
0.85434, 0.85622, 0.85241, 0.84374, 0.85396, 0.85234, 0.85204, 
0.86173, 0.84981, 0.85759, 0.85909, 0.86067, 0.85418, 0.8489, 
0.85066, 0.85235, 0.85083, 0.85344, 0.0393, 0.047, 0.05, 0.0573, 
0.0626, 0.0723, 0.0778, 0.0803, 0.0907, 0.1008, 0.1073, 143.3, 
157.1, 169.3, 182.7, 192.1, 204.7, 219.2, 229.3, 236.6, 250.1, 
266, 1, 1, 1, 1, 1, 1, 1, 1, 1, 1, 1, 1, 1, 1, 1, 1, 1, 1, 1, 
1, 1, 1, 1, 1, 1, 1, 1, 1, 1, 1, 1, 1, 1, 1, 1, 1, 1, 1, 1, 1, 
1, 1, 1, 1, 3.338, 3.588, 3.462, 3.522, 3.563, 3.825, 3.789, 
3.761, 3.846, 3.932, 4.028), .Dim = c(11L, 40L), .Dimnames = list(
    NULL, c("Sampling", "PSO.cost", "PSO.gamma", "PSO.data.balancing", 
    "PSO.feature.selection", "PSO.valid.acc", "PSO.test.acc", 
    "PSO.train.time", "PSO.n.support.vectors", "PSO.index", "PSO.n.solutions", 
    "PSO.generations", "PSO.n.evaluations", "PSO.cpu.time", "RS.cost", 
    "RS.gamma", "RS.data.balancing", "RS.feature.selection", 
    "RS.valid.acc", "RS.test.acc", "RS.train.time", "RS.n.support.vectors", 
    "RS.index", "RS.n.solutions", "RS.generations", "RS.n.evaluations", 
    "RS.cpu.time", "DF.cost", "DF.gamma", "DF.data.balancing", 
    "DF.feature.selection", "DF.valid.acc", "DF.test.acc", "DF.train.time", 
    "DF.n.support.vectors", "DF.index", "DF.n.solutions", "DF.generations", 
    "DF.n.evaluations", "DF.cpu.time")))
