full <-
structure(c(50, 55, 60, 65, 70, 75, 80, 85, 90, 95, 100, 4.18225, 
7.88184, 5.91473, 2.0009, 4.51445, 1.36537, 8.09426, 2.89314, 
0.01417, 3.00024, 0.14777, -9.76511, -13.35179, -12.43629, -8.50423, 
-11.16994, -8.10465, -15, -9.50725, -6.85616, -10.20278, -6.58481, 
0, 0, 0, 0, 0, 0, 0, 0, 0, 0, 0, 0, 0, 0, 0, 0, 0, 0, 0, 0, 0, 
0, 0.86992, 0.8733, 0.87915, 0.87715, 0.88138, 0.87376, 0.87424, 
0.87296, 0.87219, 0.86806, 0.87108, 0.86983, 0.85757, 0.86939, 
0.86806, 0.87109, 0.87572, 0.8597, 0.87124, 0.86408, 0.86195, 
0.86669, 0.0404, 0.0468, 0.0567, 0.0626, 0.0739, 0.0805, 0.0852, 
0.0873, 0.0993, 0.1101, 0.1161, 136.9, 153, 191.1, 209.4, 224.9, 
245.4, 256, 256.4, 284.2, 302.4, 296.5, 44, 317, 1095, 1541, 
79, 960, 78, 261, 1923, 1040, 894, 88, 77, 36, 1, 43, 51, 97, 
12, 7, 43, 22, 100, 100, 100, 100, 100, 100, 100, 100, 100, 100, 
100, 2500, 2500, 2500, 2500, 2500, 2500, 2500, 2500, 2500, 2500, 
2500, 8882.393, 9255.079, 9744.553, 10261.497, 10232.208, 10367.416, 
10864.062, 10470.077, 10859.368, 11014.878, 11425.688, 1.63185, 
0.82073, 6.32949, 2.46299, 2.09041, 5.17641, 1.4508, -0.20566, 
-0.56019, 3.67834, 0.51783, -6.9572, -5.29106, -12.85573, -8.94224, 
-8.69286, -11.96061, -8.3292, -6.91942, -6.47781, -10.89304, 
-7.0485, 0, 0, 0, 0, 0, 0, 0, 0, 0, 0, 0, 0, 0, 0, 0, 0, 0, 0, 
0, 0, 0, 0, 0.86992, 0.8733, 0.87671, 0.8772, 0.88138, 0.87179, 
0.87424, 0.87133, 0.86902, 0.86652, 0.87108, 0.86403, 0.86014, 
0.86939, 0.86583, 0.86896, 0.88348, 0.85966, 0.85932, 0.86572, 
0.86041, 0.87102, 0.0402, 0.0467, 0.057, 0.063, 0.0696, 0.0777, 
0.0843, 0.0947, 0.1037, 0.1101, 0.1148, 137.5, 151.7, 191.4, 
207.8, 224.3, 243.1, 258.9, 282.9, 293.4, 302.5, 297.6, 1560, 
1506, 957, 1230, 1024, 572, 1982, 536, 1134, 2221, 549, 3, 1, 
8, 1, 1, 3, 1, 1, 1, 1, 1, 100, 100, 100, 100, 100, 100, 100, 
100, 100, 100, 100, 2500, 2500, 2500, 2500, 2500, 2500, 2500, 
2500, 2500, 2500, 2500, 9304.03, 9915.289, 10293.378, 10488.745, 
10882.295, 11174.413, 11176.683, 11196.549, 11769.329, 12366.515, 
12679.425, 1, 1, 1, 1, 1, 1, 1, 1, 1, 1, 1, 0.07143, 0.07143, 
0.07143, 0.07143, 0.07143, 0.07143, 0.07143, 0.07143, 0.07143, 
0.07143, 0.07143, 0, 0, 0, 0, 0, 0, 0, 0, 0, 0, 0, 0, 0, 0, 0, 
0, 0, 0, 0, 0, 0, 0, 0.85227, 0.85459, 0.85487, 0.86371, 0.84605, 
0.85049, 0.85781, 0.8523, 0.85263, 0.85263, 0.85518, 0.83782, 
0.8496, 0.85475, 0.86139, 0.84605, 0.85238, 0.85057, 0.84719, 
0.84617, 0.8496, 0.86232, 0.042, 0.0476, 0.0585, 0.0597, 0.0685, 
0.0734, 0.0806, 0.0821, 0.0886, 0.1007, 0.1098, 145.1, 160.9, 
173.9, 190.5, 201.6, 213.2, 220.1, 228.1, 240.7, 252.9, 265.1, 
1, 1, 1, 1, 1, 1, 1, 1, 1, 1, 1, 1, 1, 1, 1, 1, 1, 1, 1, 1, 1, 
1, 1, 1, 1, 1, 1, 1, 1, 1, 1, 1, 1, 1, 1, 1, 1, 1, 1, 1, 1, 1, 
1, 1, 3.615, 3.778, 4.192, 4.06, 4.025, 4.293, 4.285, 3.986, 
3.999, 4.246, 4.298), .Dim = c(11L, 40L), .Dimnames = list(NULL, 
    c("Sampling", "PSO.cost", "PSO.gamma", "PSO.data.balancing", 
    "PSO.feature.selection", "PSO.valid.acc", "PSO.test.acc", 
    "PSO.train.time", "PSO.n.support.vectors", "PSO.index", "PSO.n.solutions", 
    "PSO.generations", "PSO.n.evaluations", "PSO.cpu.time", "RS.cost", 
    "RS.gamma", "RS.data.balancing", "RS.feature.selection", 
    "RS.valid.acc", "RS.test.acc", "RS.train.time", "RS.n.support.vectors", 
    "RS.index", "RS.n.solutions", "RS.generations", "RS.n.evaluations", 
    "RS.cpu.time", "DF.cost", "DF.gamma", "DF.data.balancing", 
    "DF.feature.selection", "DF.valid.acc", "DF.test.acc", "DF.train.time", 
    "DF.n.support.vectors", "DF.index", "DF.n.solutions", "DF.generations", 
    "DF.n.evaluations", "DF.cpu.time")))
