full <-
structure(c(50, 55, 60, 65, 70, 75, 80, 85, 90, 95, 100, 6.55156, 
4.29879, 1.6165, 5.2283, 8.1632, 6.83208, 15, 8.00193, 8.0726, 
1.35079, 6.19982, -12.73345, -10.52087, -7.78114, -11.72241, 
-14.87274, -13.19313, -12.05556, -15, -14.88003, -8.54232, -13.22974, 
0, 0, 0, 0, 0, 0, 0, 0, 0, 0, 0, 0, 0, 0, 0, 0, 0, 0, 0, 0, 0, 
0, 0.8579, 0.85491, 0.86164, 0.86369, 0.87134, 0.86831, 0.85992, 
0.87481, 0.88969, 0.87401, 0.87546, 0.84076, 0.83912, 0.8495, 
0.83909, 0.85875, 0.85862, 0.85638, 0.86455, 0.87189, 0.87091, 
0.86525, 0.0424, 0.0503, 0.0532, 0.0604, 0.0636, 0.0687, 0.166, 
0.087, 0.0892, 0.1044, 0.1108, 163.8, 180.4, 191.5, 207.4, 226.4, 
224.2, 142.5, 272.2, 271.9, 302.6, 308.3, 511, 573, 50, 1384, 
223, 459, 297, 141, 819, 891, 294, 53, 25, 26, 14, 69, 17, 14, 
52, 11, 63, 52, 100, 100, 100, 100, 100, 100, 100, 100, 100, 
100, 100, 2500, 2500, 2500, 2500, 2500, 2500, 2500, 2500, 2500, 
2500, 2500, 8629.563, 9758.203, 9527.052, 9524.806, 9636.519, 
9579.61300000001, 11519.763, 9592.103, 9337.505, 10607.327, 10806.176, 
7.27651, 8.4415, 2.69256, 8.15246, 4.64526, 4.83095, 2.45548, 
5.47293, 7.60391, 1.42708, 7.38298, -13.58262, -14.66458, -8.86291, 
-14.62672, -11.20324, -11.19266, -8.7334, -12.29807, -14.53874, 
-8.58839, -14.37497, 0, 0, 0, 0, 0, 0, 0, 0, 0, 0, 0, 0, 0, 0, 
0, 0, 0, 0, 0, 0, 0, 0, 0.85521, 0.85491, 0.86164, 0.86141, 0.86925, 
0.86831, 0.85986, 0.87478, 0.8881, 0.87249, 0.87544, 0.83782, 
0.83912, 0.852, 0.84359, 0.86083, 0.86058, 0.85427, 0.86797, 
0.87348, 0.87247, 0.8638, 0.0432, 0.0477, 0.0547, 0.0609, 0.0639, 
0.0672, 0.0754, 0.0856, 0.0905, 0.1074, 0.1097, 165.6, 179.7, 
189.5, 206.9, 222.6, 224.4, 236.8, 267.2, 277, 301, 306.6, 2145, 
113, 1030, 81, 795, 1252, 869, 249, 1531, 2264, 791, 1, 1, 3, 
3, 5, 1, 3, 2, 2, 2, 3, 100, 100, 100, 100, 100, 100, 100, 100, 
100, 100, 100, 2500, 2500, 2500, 2500, 2500, 2500, 2500, 2500, 
2500, 2500, 2500, 9201.784, 10003.763, 9896.384, 9907.558, 10172.358, 
10335.206, 10578.234, 10218.251, 10476.015, 11586.287, 11733.41, 
1, 1, 1, 1, 1, 1, 1, 1, 1, 1, 1, 0.07143, 0.07143, 0.07143, 0.07143, 
0.07143, 0.07143, 0.07143, 0.07143, 0.07143, 0.07143, 0.07143, 
0, 0, 0, 0, 0, 0, 0, 0, 0, 0, 0, 0, 0, 0, 0, 0, 0, 0, 0, 0, 0, 
0, 0.82277, 0.83912, 0.83748, 0.83667, 0.84412, 0.84116, 0.84151, 
0.8559, 0.85568, 0.85713, 0.85804, 0.82, 0.82589, 0.83255, 0.83222, 
0.83592, 0.8392, 0.8379, 0.85245, 0.85896, 0.85713, 0.85369, 
0.044, 0.0487, 0.0531, 0.058, 0.0657, 0.0681, 0.0716, 0.0772, 
0.0844, 0.0916, 0.1029, 160.2, 176.7, 185.4, 195.5, 207.4, 213.1, 
221.7, 232.6, 238.9, 248.8, 266.9, 1, 1, 1, 1, 1, 1, 1, 1, 1, 
1, 1, 1, 1, 1, 1, 1, 1, 1, 1, 1, 1, 1, 1, 1, 1, 1, 1, 1, 1, 1, 
1, 1, 1, 1, 1, 1, 1, 1, 1, 1, 1, 1, 1, 1, 3.69, 3.843, 3.864, 
3.627, 3.752, 3.693, 3.992, 3.46, 3.983, 3.901, 3.89), .Dim = c(11L, 
40L), .Dimnames = list(NULL, c("Sampling", "PSO.cost", "PSO.gamma", 
"PSO.data.balancing", "PSO.feature.selection", "PSO.valid.acc", 
"PSO.test.acc", "PSO.train.time", "PSO.n.support.vectors", "PSO.index", 
"PSO.n.solutions", "PSO.generations", "PSO.n.evaluations", "PSO.cpu.time", 
"RS.cost", "RS.gamma", "RS.data.balancing", "RS.feature.selection", 
"RS.valid.acc", "RS.test.acc", "RS.train.time", "RS.n.support.vectors", 
"RS.index", "RS.n.solutions", "RS.generations", "RS.n.evaluations", 
"RS.cpu.time", "DF.cost", "DF.gamma", "DF.data.balancing", "DF.feature.selection", 
"DF.valid.acc", "DF.test.acc", "DF.train.time", "DF.n.support.vectors", 
"DF.index", "DF.n.solutions", "DF.generations", "DF.n.evaluations", 
"DF.cpu.time")))
