full <-
structure(c(50, 55, 60, 65, 70, 75, 80, 85, 90, 95, 100, 2.24256, 
5.64036, 7.98439, 7.24177, 4.87144, 5.68616, 4.52588, 1.89927, 
10.66779, 2.53625, 6.2419, -5.61656, -11.6571, -14.42936, -13.85338, 
-11.609, -12.02233, -11.23314, -8.84765, -7.58121, -9.37107, 
-13.34715, 0, 0, 0, 0, 0, 0, 0, 0, 0, 0, 0, 0, 0, 0, 0, 0, 0, 
0, 0, 0, 0, 0, 0.88076, 0.87337, 0.88152, 0.88629, 0.88775, 0.87937, 
0.88366, 0.86945, 0.87053, 0.87407, 0.87107, 0.8779, 0.86277, 
0.87897, 0.87971, 0.8795, 0.8794, 0.87261, 0.86092, 0.85581, 
0.86797, 0.86664, 0.037, 0.0449, 0.0556, 0.056, 0.0666, 0.0688, 
0.0759, 0.0871, 0.1432, 0.099, 0.1121, 119.2, 165.6, 190.8, 208.1, 
226.9, 220.8, 247.7, 269.7, 162.2, 291.9, 312.1, 49, 345, 85, 
1911, 448, 172, 571, 861, 2246, 2496, 590, 285, 42, 108, 1, 29, 
25, 19, 35, 1, 1, 27, 100, 100, 100, 100, 100, 100, 100, 100, 
100, 100, 100, 2500, 2500, 2500, 2500, 2500, 2500, 2500, 2500, 
2500, 2500, 2500, 8541.562, 8140.229, 9459.778, 9256.742, 9619.15400000001, 
9101.841, 9458.07500000001, 9466.557, 11734.55, 10634.149, 10507.057, 
2.20581, 7.77557, 3.65219, 6.24288, 7.09242, 5.52648, 3.85843, 
-0.20751, 10.5739, 5.24581, 1.80789, -5.89063, -13.80299, -10.1003, 
-12.833, -13.83205, -11.8681, -10.55378, -6.54967, -7.5329, -12.14362, 
-8.92183, 0, 0, 0, 0, 0, 0, 0, 0, 0, 0, 0, 0, 0, 0, 0, 0, 0, 
0, 0, 0, 0, 0, 0.88076, 0.87337, 0.88396, 0.88401, 0.88775, 0.87937, 
0.88366, 0.86778, 0.86892, 0.87253, 0.87111, 0.8779, 0.86277, 
0.87897, 0.87744, 0.8795, 0.87748, 0.87261, 0.86428, 0.85581, 
0.86489, 0.86233, 0.0362, 0.0457, 0.0541, 0.0569, 0.0644, 0.0675, 
0.0776, 0.0828, 0.1393, 0.0979, 0.1106, 120.5, 166, 192.3, 207.5, 
226.4, 221.1, 247.9, 272.2, 162.5, 291.9, 314.2, 1052, 155, 1195, 
1076, 587, 2095, 1072, 1366, 1521, 788, 2411, 2, 1, 1, 2, 2, 
1, 2, 1, 1, 3, 1, 100, 100, 100, 100, 100, 100, 100, 100, 100, 
100, 100, 2500, 2500, 2500, 2500, 2500, 2500, 2500, 2500, 2500, 
2500, 2500, 8407.23, 9035.919, 9661.227, 9801.517, 9683.47900000001, 
9896.08499999999, 10674.281, 10465.148, 11321.633, 11666.632, 
11969.866, 1, 1, 1, 1, 1, 1, 1, 1, 1, 1, 1, 0.07143, 0.07143, 
0.07143, 0.07143, 0.07143, 0.07143, 0.07143, 0.07143, 0.07143, 
0.07143, 0.07143, 0, 0, 0, 0, 0, 0, 0, 0, 0, 0, 0, 0, 0, 0, 0, 
0, 0, 0, 0, 0, 0, 0, 0.84908, 0.83921, 0.86189, 0.86376, 0.86508, 
0.8619, 0.85982, 0.85753, 0.85414, 0.84946, 0.84498, 0.85782, 
0.85473, 0.86189, 0.86159, 0.86092, 0.86387, 0.85982, 0.85919, 
0.84605, 0.85568, 0.84797, 0.0405, 0.0476, 0.0505, 0.0556, 0.0632, 
0.0667, 0.0748, 0.0808, 0.0874, 0.098, 0.1028, 146.2, 162.3, 
174.4, 183.9, 197.3, 205.2, 219.5, 231.4, 242.3, 255.6, 264.2, 
1, 1, 1, 1, 1, 1, 1, 1, 1, 1, 1, 1, 1, 1, 1, 1, 1, 1, 1, 1, 1, 
1, 1, 1, 1, 1, 1, 1, 1, 1, 1, 1, 1, 1, 1, 1, 1, 1, 1, 1, 1, 1, 
1, 1, 3.236, 3.622, 3.198, 3.674, 3.507, 3.544, 3.663, 3.968, 
3.877, 4.236, 4.224), .Dim = c(11L, 40L), .Dimnames = list(NULL, 
    c("Sampling", "PSO.cost", "PSO.gamma", "PSO.data.balancing", 
    "PSO.feature.selection", "PSO.valid.acc", "PSO.test.acc", 
    "PSO.train.time", "PSO.n.support.vectors", "PSO.index", "PSO.n.solutions", 
    "PSO.generations", "PSO.n.evaluations", "PSO.cpu.time", "RS.cost", 
    "RS.gamma", "RS.data.balancing", "RS.feature.selection", 
    "RS.valid.acc", "RS.test.acc", "RS.train.time", "RS.n.support.vectors", 
    "RS.index", "RS.n.solutions", "RS.generations", "RS.n.evaluations", 
    "RS.cpu.time", "DF.cost", "DF.gamma", "DF.data.balancing", 
    "DF.feature.selection", "DF.valid.acc", "DF.test.acc", "DF.train.time", 
    "DF.n.support.vectors", "DF.index", "DF.n.solutions", "DF.generations", 
    "DF.n.evaluations", "DF.cpu.time")))
