full <-
structure(c(50, 55, 60, 65, 70, 75, 80, 85, 90, 95, 100, 13.68932, 
8.80926, 6.90972, 6.89268, 6.16637, 6.98411, 3.50749, 3.3182, 
0.98528, 2.65999, 3.33716, -14.79046, -11.37164, -12.17724, -6.82676, 
-12.21198, -13.31097, -10.38582, -9.89222, -7.7785, -9.52768, 
-10.26352, 0, 0, 0, 0, 0, 0, 0, 0, 0, 0, 0, 0, 0, 0, 0, 0, 0, 
0, 0, 0, 0, 0, 0.86947, 0.86812, 0.86434, 0.86823, 0.86701, 0.86403, 
0.8671, 0.86631, 0.86074, 0.86941, 0.87972, 0.86359, 0.86819, 
0.85465, 0.85242, 0.8483, 0.86014, 0.86707, 0.85605, 0.86235, 
0.86177, 0.86955, 0.036, 0.04, 0.0498, 0.0534, 0.0644, 0.0799, 
0.0839, 0.094, 0.0986, 0.1048, 0.1157, 92.1, 111.1, 161.9, 127.1, 
202.3, 225.1, 252.5, 255.8, 282.4, 289, 304.5, 1232, 147, 122, 
497, 1230, 925, 199, 775, 1443, 1562, 452, 4, 209, 68, 150, 23, 
37, 131, 14, 14, 6, 44, 100, 100, 100, 100, 100, 100, 100, 100, 
100, 100, 100, 2500, 2500, 2500, 2500, 2500, 2500, 2500, 2500, 
2500, 2500, 2500, 8104.722, 8286.985, 8582.82900000001, 9266.829, 
8899.86599999999, 12055.383, 12319.442, 12729.363, 9945.95600000001, 
10084.299, 10354.1, 12.95637, 10.46808, 1.36242, 6.48327, 7.12335, 
2.31495, 7.01085, 5.68659, -1.39135, 0.63628, 4.54137, -14.15004, 
-12.71649, -3.11479, -6.69057, -13.25258, -8.56576, -13.93746, 
-12.27557, -5.06332, -7.36072, -11.45423, 0, 0, 0, 0, 0, 0, 0, 
0, 0, 0, 0, 0, 0, 0, 0, 0, 0, 0, 0, 0, 0, 0, 0.86653, 0.86812, 
0.86434, 0.86823, 0.86492, 0.86599, 0.8671, 0.86458, 0.86068, 
0.87095, 0.87688, 0.86064, 0.86819, 0.84983, 0.85242, 0.85247, 
0.85818, 0.86525, 0.85605, 0.85093, 0.86177, 0.86951, 0.037, 
0.0399, 0.0533, 0.0515, 0.0691, 0.0789, 0.086, 0.0879, 0.101, 
0.1059, 0.114, 92.1, 108.8, 172.1, 129.5, 203.4, 226.2, 254.1, 
255.6, 292.4, 289.2, 303.5, 2283, 544, 936, 106, 1739, 36, 331, 
1704, 815, 1075, 227, 1, 8, 1, 3, 1, 1, 10, 3, 2, 2, 1, 100, 
100, 100, 100, 100, 100, 100, 100, 100, 100, 100, 2500, 2500, 
2500, 2500, 2500, 2500, 2500, 2500, 2500, 2500, 2500, 8550.88, 
8756.319, 9038.934, 9251.911, 10564.843, 12856.344, 13239.874, 
10645.122, 10801.465, 11220.885, 11574.021, 1, 1, 1, 1, 1, 1, 
1, 1, 1, 1, 1, 0.07143, 0.07143, 0.07143, 0.07143, 0.07143, 0.07143, 
0.07143, 0.07143, 0.07143, 0.07143, 0.07143, 0, 0, 0, 0, 0, 0, 
0, 0, 0, 0, 0, 0, 0, 0, 0, 0, 0, 0, 0, 0, 0, 0, 0.83189, 0.84166, 
0.83281, 0.85697, 0.83784, 0.84065, 0.84162, 0.84401, 0.83961, 
0.85405, 0.84776, 0.84634, 0.85233, 0.84489, 0.85025, 0.83784, 
0.83873, 0.83616, 0.8372, 0.84442, 0.85706, 0.85071, 0.0425, 
0.0478, 0.0526, 0.0586, 0.0675, 0.0767, 0.0837, 0.0836, 0.0918, 
0.0974, 0.1065, 147.1, 158.9, 172.9, 183.3, 198.2, 213.2, 223, 
235.6, 249.2, 255.8, 266.8, 1, 1, 1, 1, 1, 1, 1, 1, 1, 1, 1, 
1, 1, 1, 1, 1, 1, 1, 1, 1, 1, 1, 1, 1, 1, 1, 1, 1, 1, 1, 1, 1, 
1, 1, 1, 1, 1, 1, 1, 1, 1, 1, 1, 1, 3.332, 3.38, 3.4, 3.572, 
4.491, 4.866, 4.931, 3.673, 3.671, 3.853, 3.946), .Dim = c(11L, 
40L), .Dimnames = list(NULL, c("Sampling", "PSO.cost", "PSO.gamma", 
"PSO.data.balancing", "PSO.feature.selection", "PSO.valid.acc", 
"PSO.test.acc", "PSO.train.time", "PSO.n.support.vectors", "PSO.index", 
"PSO.n.solutions", "PSO.generations", "PSO.n.evaluations", "PSO.cpu.time", 
"RS.cost", "RS.gamma", "RS.data.balancing", "RS.feature.selection", 
"RS.valid.acc", "RS.test.acc", "RS.train.time", "RS.n.support.vectors", 
"RS.index", "RS.n.solutions", "RS.generations", "RS.n.evaluations", 
"RS.cpu.time", "DF.cost", "DF.gamma", "DF.data.balancing", "DF.feature.selection", 
"DF.valid.acc", "DF.test.acc", "DF.train.time", "DF.n.support.vectors", 
"DF.index", "DF.n.solutions", "DF.generations", "DF.n.evaluations", 
"DF.cpu.time")))
