full <-
structure(c(50, 55, 60, 65, 70, 75, 80, 85, 90, 95, 100, 1.92551, 
3.24079, 4.23669, 2.58249, 1.72703, 7.91279, 8.17829, 6.40681, 
5.49796, 0.21485, 6.31385, -4.4587, -5.09501, -4.40231, -8.88671, 
-8.2808, -15, -15, -13.33532, -12.42527, -6.72406, -13.59093, 
0, 0, 0, 0, 0, 0, 0, 0, 0, 0, 0, 0, 0, 0, 0, 0, 0, 0, 0, 0, 0, 
0, 0.88387, 0.87347, 0.87863, 0.87475, 0.86738, 0.86987, 0.87791, 
0.87633, 0.8753, 0.86949, 0.8756, 0.88092, 0.86031, 0.87636, 
0.86354, 0.86316, 0.8506, 0.87053, 0.87291, 0.87197, 0.85876, 
0.87264, 0.0402, 0.0427, 0.0503, 0.0592, 0.0689, 0.0796, 0.0831, 
0.0898, 0.0987, 0.1031, 0.1135, 127.9, 125.8, 134.5, 203.5, 227.7, 
254.7, 257, 269.8, 280.9, 284, 319.3, 1954, 1353, 340, 283, 2451, 
508, 534, 228, 929, 556, 511, 19, 5, 125, 37, 1, 123, 31, 33, 
23, 43, 20, 100, 100, 100, 100, 100, 100, 100, 100, 100, 100, 
100, 2500, 2500, 2500, 2500, 2500, 2500, 2500, 2500, 2500, 2500, 
2500, 8237.912, 8529.919, 8804.685, 9088.611, 9260.63399999999, 
9451.803, 9858.55100000001, 9818.929, 10148.303, 10289.207, 10399.025, 
1.44498, 3.45824, 4.11686, 0.40176, 1.82528, 3.00011, 2.12022, 
7.0046, 4.84316, 1.44625, 2.91922, -4.13506, -5.23887, -4.27604, 
-6.50477, -8.38787, -10.04474, -9.20458, -13.91972, -11.7791, 
-7.9491, -10.17791, 0, 0, 0, 0, 0, 0, 0, 0, 0, 0, 0, 0, 0, 0, 
0, 0, 0, 0, 0, 0, 0, 0, 0.88109, 0.87347, 0.87381, 0.87253, 0.86738, 
0.86983, 0.87962, 0.87461, 0.87527, 0.86797, 0.8756, 0.87807, 
0.86294, 0.88118, 0.85914, 0.86316, 0.85256, 0.8742, 0.87463, 
0.87035, 0.85874, 0.86974, 0.0404, 0.0418, 0.0489, 0.0609, 0.0684, 
0.0785, 0.0866, 0.0912, 0.097, 0.0964, 0.1143, 133.1, 123.7, 
135.7, 204.7, 228.1, 254.4, 268.1, 269.4, 281.3, 278.5, 319.7, 
794, 594, 840, 265, 1372, 1686, 1803, 1180, 2265, 2276, 212, 
1, 1, 2, 2, 1, 1, 1, 2, 1, 1, 4, 100, 100, 100, 100, 100, 100, 
100, 100, 100, 100, 100, 2500, 2500, 2500, 2500, 2500, 2500, 
2500, 2500, 2500, 2500, 2500, 8637.554, 8896.204, 9333.466, 9663.27999999999, 
9760.807, 10180.756, 10590.164, 10791.216, 11153.979, 11198.868, 
11426.007, 1, 1, 1, 1, 1, 1, 1, 1, 1, 1, 1, 0.07143, 0.07143, 
0.07143, 0.07143, 0.07143, 0.07143, 0.07143, 0.07143, 0.07143, 
0.07143, 0.07143, 0, 0, 0, 0, 0, 0, 0, 0, 0, 0, 0, 0, 0, 0, 0, 
0, 0, 0, 0, 0, 0, 0, 0.86361, 0.85505, 0.85691, 0.85237, 0.85483, 
0.8543, 0.85424, 0.84714, 0.85089, 0.84797, 0.85079, 0.86655, 
0.85505, 0.84959, 0.84338, 0.85261, 0.85234, 0.85609, 0.85395, 
0.85073, 0.848, 0.85362, 0.0434, 0.0473, 0.0525, 0.0601, 0.0657, 
0.0718, 0.0791, 0.0846, 0.0932, 0.0921, 0.1033, 154.2, 166.3, 
176.1, 190.7, 203.6, 213.3, 224.4, 231.9, 243.2, 253.4, 267.2, 
1, 1, 1, 1, 1, 1, 1, 1, 1, 1, 1, 1, 1, 1, 1, 1, 1, 1, 1, 1, 1, 
1, 1, 1, 1, 1, 1, 1, 1, 1, 1, 1, 1, 1, 1, 1, 1, 1, 1, 1, 1, 1, 
1, 1, 3.483, 3.497, 3.535, 3.494, 3.634, 3.613, 3.859, 3.75, 
3.967, 3.795, 3.802), .Dim = c(11L, 40L), .Dimnames = list(NULL, 
    c("Sampling", "PSO.cost", "PSO.gamma", "PSO.data.balancing", 
    "PSO.feature.selection", "PSO.valid.acc", "PSO.test.acc", 
    "PSO.train.time", "PSO.n.support.vectors", "PSO.index", "PSO.n.solutions", 
    "PSO.generations", "PSO.n.evaluations", "PSO.cpu.time", "RS.cost", 
    "RS.gamma", "RS.data.balancing", "RS.feature.selection", 
    "RS.valid.acc", "RS.test.acc", "RS.train.time", "RS.n.support.vectors", 
    "RS.index", "RS.n.solutions", "RS.generations", "RS.n.evaluations", 
    "RS.cpu.time", "DF.cost", "DF.gamma", "DF.data.balancing", 
    "DF.feature.selection", "DF.valid.acc", "DF.test.acc", "DF.train.time", 
    "DF.n.support.vectors", "DF.index", "DF.n.solutions", "DF.generations", 
    "DF.n.evaluations", "DF.cpu.time")))
