full <-
structure(c(50, 55, 60, 65, 70, 75, 80, 85, 90, 95, 100, 0.70051, 
2.77135, 5.14791, 8.78035, 1.17374, 2.78242, 7.17913, 1.23233, 
7.97724, 0.12697, 6.30114, -2.9331, -5.59601, -4.35845, -15, 
-4.56993, -3.68097, -13.84426, -4.63762, -14.7496, -6.97157, 
-13.25649, 0, 0, 0, 0, 0, 0, 0, 0, 0, 0, 0, 0, 0, 0, 0, 0, 0, 
0, 0, 0, 0, 0, 0.88157, 0.88389, 0.88158, 0.86782, 0.87337, 0.87964, 
0.87259, 0.86783, 0.87348, 0.86937, 0.86667, 0.86131, 0.87572, 
0.85491, 0.85898, 0.865, 0.86011, 0.86886, 0.85234, 0.86044, 
0.86478, 0.86088, 0.046, 0.0434, 0.0513, 0.0609, 0.0621, 0.0697, 
0.0832, 0.0815, 0.0965, 0.1073, 0.1161, 162.8, 125.5, 131.7, 
200.3, 179.7, 190.9, 245.5, 209, 273.4, 299.1, 304.6, 858, 257, 
755, 233, 1968, 1678, 458, 1509, 1062, 1541, 520, 322, 288, 66, 
19, 29, 42, 57, 15, 10, 34, 36, 100, 100, 100, 100, 100, 100, 
100, 100, 100, 100, 100, 2500, 2500, 2500, 2500, 2500, 2500, 
2500, 2500, 2500, 2500, 2500, 8586.978, 8640.026, 8904.503, 8982.839, 
9419.757, 9405.789, 9819.64, 9976.909, 10051.096, 10341.642, 
10555, 0.71867, 2.00772, 6.88116, 8.03553, 2.40567, 3.00167, 
5.7109, 1.69818, 6.23321, 0.23792, 0.51438, -3.18774, -5.0439, 
-13.31723, -14.24933, -5.02443, -3.81482, -12.27304, -4.62063, 
-13.01976, -7.09372, -7.44719, 0, 0, 0, 0, 0, 0, 0, 0, 0, 0, 
0, 0, 0, 0, 0, 0, 0, 0, 0, 0, 0, 0, 0.87863, 0.88119, 0.87681, 
0.86782, 0.87129, 0.87575, 0.87077, 0.86438, 0.87184, 0.86786, 
0.8667, 0.86115, 0.87052, 0.86467, 0.85898, 0.86916, 0.85434, 
0.87067, 0.85234, 0.86044, 0.86324, 0.85945, 0.0455, 0.0439, 
0.0558, 0.0616, 0.0577, 0.0697, 0.0805, 0.0792, 0.0963, 0.1053, 
0.1181, 157.2, 132.8, 191.5, 200, 162.2, 187.4, 241.8, 202.4, 
273.5, 299.1, 310.7, 1520, 1249, 1985, 19, 249, 213, 555, 656, 
231, 389, 552, 1, 5, 1, 6, 2, 2, 5, 1, 1, 2, 1, 100, 100, 100, 
100, 100, 100, 100, 100, 100, 100, 100, 2500, 2500, 2500, 2500, 
2500, 2500, 2500, 2500, 2500, 2500, 2500, 8798.96, 9038.968, 
9177.678, 9516.787, 9798.63, 10331.638, 10484.101, 10828.844, 
11220.125, 11335.171, 11875.518, 1, 1, 1, 1, 1, 1, 1, 1, 1, 1, 
1, 0.07143, 0.07143, 0.07143, 0.07143, 0.07143, 0.07143, 0.07143, 
0.07143, 0.07143, 0.07143, 0.07143, 0, 0, 0, 0, 0, 0, 0, 0, 0, 
0, 0, 0, 0, 0, 0, 0, 0, 0, 0, 0, 0, 0, 0.864, 0.85985, 0.85265, 
0.85236, 0.85679, 0.85045, 0.85987, 0.85754, 0.85079, 0.85252, 
0.86079, 0.85788, 0.86248, 0.86456, 0.84564, 0.86091, 0.85434, 
0.85071, 0.85406, 0.85241, 0.85256, 0.85069, 0.0431, 0.0473, 
0.0527, 0.0604, 0.065, 0.072, 0.0768, 0.0852, 0.0903, 0.0997, 
0.1087, 152.7, 163.8, 182.2, 196.1, 202.9, 214.9, 223, 235.1, 
248.3, 256.4, 265.9, 1, 1, 1, 1, 1, 1, 1, 1, 1, 1, 1, 1, 1, 1, 
1, 1, 1, 1, 1, 1, 1, 1, 1, 1, 1, 1, 1, 1, 1, 1, 1, 1, 1, 1, 1, 
1, 1, 1, 1, 1, 1, 1, 1, 1, 3.365, 3.483, 3.294, 3.527, 3.481, 
3.707, 3.82, 3.773, 3.756, 3.943, 4.17), .Dim = c(11L, 40L), .Dimnames = list(
    NULL, c("Sampling", "PSO.cost", "PSO.gamma", "PSO.data.balancing", 
    "PSO.feature.selection", "PSO.valid.acc", "PSO.test.acc", 
    "PSO.train.time", "PSO.n.support.vectors", "PSO.index", "PSO.n.solutions", 
    "PSO.generations", "PSO.n.evaluations", "PSO.cpu.time", "RS.cost", 
    "RS.gamma", "RS.data.balancing", "RS.feature.selection", 
    "RS.valid.acc", "RS.test.acc", "RS.train.time", "RS.n.support.vectors", 
    "RS.index", "RS.n.solutions", "RS.generations", "RS.n.evaluations", 
    "RS.cpu.time", "DF.cost", "DF.gamma", "DF.data.balancing", 
    "DF.feature.selection", "DF.valid.acc", "DF.test.acc", "DF.train.time", 
    "DF.n.support.vectors", "DF.index", "DF.n.solutions", "DF.generations", 
    "DF.n.evaluations", "DF.cpu.time")))
