full <-
structure(c(50, 55, 60, 65, 70, 75, 80, 85, 90, 95, 100, 8.68132, 
0.0211, 7.73979, 8.64416, 8.69212, 2.02707, 4.46443, 1.94348, 
1.09518, 3.30389, 3.36175, -15, -6.11392, -14.04122, -15, -15, 
-8.69908, -11.35647, -8.64418, -7.69666, -9.71836, -10.35622, 
0, 0, 0, 0, 0, 0, 0, 0, 0, 0, 0, 0, 0, 0, 0, 0, 0, 0, 0, 0, 0, 
0, 0.85849, 0.86017, 0.85935, 0.85909, 0.85839, 0.856, 0.86518, 
0.87636, 0.87222, 0.87092, 0.87848, 0.84689, 0.83898, 0.84495, 
0.86359, 0.84827, 0.84231, 0.85436, 0.8678, 0.86241, 0.86625, 
0.86544, 0.0443, 0.0501, 0.0565, 0.0622, 0.067, 0.0771, 0.0847, 
0.0888, 0.0959, 0.1003, 0.1203, 165.1, 183.3, 194.4, 206.4, 216, 
243, 256.2, 262.1, 270.1, 270.6, 308, 150, 1712, 338, 292, 303, 
2387, 96, 710, 2171, 1057, 2273, 78, 28, 50, 68, 73, 1, 83, 33, 
2, 53, 1, 100, 100, 100, 100, 100, 100, 100, 100, 100, 100, 100, 
2500, 2500, 2500, 2500, 2500, 2500, 2500, 2500, 2500, 2500, 2500, 
9011.284, 9181.386, 9474.552, 9956.978, 10312.704, 10542.97, 
10530.796, 10693.927, 10789.428, 10987.518, 11753.715, 2.55867, 
3.02378, 6.37779, 8.45067, 7.70757, 4.01963, 5.67259, 1.82592, 
0.59771, 2.81527, 4.61921, -8.69293, -8.12933, -12.68248, -14.78207, 
-14.02384, -10.69132, -12.57714, -8.53051, -7.13398, -9.04945, 
-11.61596, 0, 0, 0, 0, 0, 0, 0, 0, 0, 0, 0, 0, 0, 0, 0, 0, 0, 
0, 0, 0, 0, 0, 0.86143, 0.85505, 0.85935, 0.85909, 0.8563, 0.85407, 
0.86518, 0.87636, 0.87061, 0.86936, 0.87703, 0.84983, 0.84979, 
0.84495, 0.86581, 0.84614, 0.84231, 0.85436, 0.86952, 0.85588, 
0.86012, 0.86399, 0.0448, 0.047, 0.0562, 0.0611, 0.0681, 0.0768, 
0.0815, 0.0903, 0.0971, 0.1002, 0.1181, 163.5, 158.5, 194.6, 
205.9, 216, 241.3, 256.3, 262.4, 270.2, 265.2, 307.7, 1410, 107, 
2489, 678, 358, 40, 1412, 2246, 2080, 90, 581, 1, 11, 1, 2, 2, 
6, 4, 1, 1, 2, 2, 100, 100, 100, 100, 100, 100, 100, 100, 100, 
100, 100, 2500, 2500, 2500, 2500, 2500, 2500, 2500, 2500, 2500, 
2500, 2500, 9185.165, 9540.061, 10156.589, 10419.49, 10786.061, 
11251.535, 11420.188, 11674.483, 12238.298, 12418.102, 13355.328, 
1, 1, 1, 1, 1, 1, 1, 1, 1, 1, 1, 0.07143, 0.07143, 0.07143, 0.07143, 
0.07143, 0.07143, 0.07143, 0.07143, 0.07143, 0.07143, 0.07143, 
0, 0, 0, 0, 0, 0, 0, 0, 0, 0, 0, 0, 0, 0, 0, 0, 0, 0, 0, 0, 0, 
0, 0.83538, 0.83122, 0.8475, 0.83682, 0.83572, 0.84257, 0.8378, 
0.84886, 0.84958, 0.84803, 0.85223, 0.82664, 0.83378, 0.83537, 
0.85247, 0.83594, 0.83673, 0.84147, 0.84889, 0.84784, 0.84639, 
0.85668, 0.0443, 0.0493, 0.0559, 0.062, 0.0688, 0.0755, 0.0791, 
0.0875, 0.0928, 0.0999, 0.1121, 156.6, 169.2, 188.3, 197.4, 208.4, 
222, 228.4, 237.7, 245.7, 251.6, 266.4, 1, 1, 1, 1, 1, 1, 1, 
1, 1, 1, 1, 1, 1, 1, 1, 1, 1, 1, 1, 1, 1, 1, 1, 1, 1, 1, 1, 1, 
1, 1, 1, 1, 1, 1, 1, 1, 1, 1, 1, 1, 1, 1, 1, 1, 3.619, 3.719, 
3.771, 3.948, 4.019, 4.129, 4.145, 4.201, 4.413, 4.179, 4.544
), .Dim = c(11L, 40L), .Dimnames = list(NULL, c("Sampling", "PSO.cost", 
"PSO.gamma", "PSO.data.balancing", "PSO.feature.selection", "PSO.valid.acc", 
"PSO.test.acc", "PSO.train.time", "PSO.n.support.vectors", "PSO.index", 
"PSO.n.solutions", "PSO.generations", "PSO.n.evaluations", "PSO.cpu.time", 
"RS.cost", "RS.gamma", "RS.data.balancing", "RS.feature.selection", 
"RS.valid.acc", "RS.test.acc", "RS.train.time", "RS.n.support.vectors", 
"RS.index", "RS.n.solutions", "RS.generations", "RS.n.evaluations", 
"RS.cpu.time", "DF.cost", "DF.gamma", "DF.data.balancing", "DF.feature.selection", 
"DF.valid.acc", "DF.test.acc", "DF.train.time", "DF.n.support.vectors", 
"DF.index", "DF.n.solutions", "DF.generations", "DF.n.evaluations", 
"DF.cpu.time")))
