full <-
structure(c(50, 55, 60, 65, 70, 75, 80, 85, 90, 95, 100, -0.96322, 
6.25375, 4.20018, -0.71243, -1.06081, -0.13396, 2.59641, 0.94296, 
6.47971, 6.50405, 6.56764, -3.46395, -5.80266, -5.27016, -4.46542, 
-5.11193, -6.59007, -9.50329, -7.10936, -13.20358, -13.47771, 
-13.55012, 0, 0, 0, 0, 0, 0, 0, 0, 0, 0, 0, 0, 0, 0, 0, 0, 0, 
0, 0, 0, 0, 0, 0.86738, 0.87319, 0.87444, 0.86817, 0.87116, 0.86817, 
0.87591, 0.86964, 0.87692, 0.87095, 0.87363, 0.86158, 0.85213, 
0.85022, 0.857, 0.85244, 0.86241, 0.86494, 0.85938, 0.86068, 
0.86477, 0.86791, 0.0456, 0.0435, 0.047, 0.0469, 0.0719, 0.0763, 
0.0947, 0.0844, 0.097, 0.113, 0.1202, 169.9, 107.3, 121.6, 197.7, 
228.1, 245.6, 256.6, 247.9, 273.1, 295.4, 306.2, 1448, 661, 1197, 
838, 776, 848, 1149, 842, 3, 253, 753, 16, 48, 91, 159, 237, 
30, 37, 60, 40, 31, 6, 100, 100, 100, 100, 100, 100, 100, 100, 
100, 100, 100, 2500, 2500, 2500, 2500, 2500, 2500, 2500, 2500, 
2500, 2500, 2500, 9772.946, 9730.048, 9850.189, 12671.703, 10716.067, 
11327.088, 16430.95, 11005.646, 11642.012, 17274.208, 17941.463, 
-0.78988, 5.65426, 3.5296, -0.67352, -1.3805, 7.27353, 2.25207, 
-1.48143, 5.10382, 0.14516, 3.55034, -2.82767, -6.73271, -4.92131, 
-4.58653, -4.50841, -14.36561, -9.17562, -4.74179, -11.82, -7.02296, 
-10.52218, 0, 0, 0, 0, 0, 0, 0, 0, 0, 0, 0, 0, 0, 0, 0, 0, 0, 
0, 0, 0, 0, 0, 0.86461, 0.87063, 0.872, 0.86817, 0.86694, 0.86633, 
0.8741, 0.86809, 0.87528, 0.87093, 0.87363, 0.85301, 0.8601, 
0.85266, 0.86135, 0.85027, 0.85845, 0.85942, 0.86122, 0.86068, 
0.86941, 0.86789, 0.0472, 0.0424, 0.0465, 0.0616, 0.0693, 0.0784, 
0.0834, 0.0939, 0.101, 0.1138, 0.12, 177.4, 108.4, 126.8, 198.4, 
229.6, 249.6, 257.7, 274.6, 272.6, 300.1, 306.4, 1996, 15, 1230, 
1583, 2080, 1398, 891, 1449, 1001, 1533, 115, 1, 5, 2, 2, 1, 
1, 2, 1, 3, 1, 1, 100, 100, 100, 100, 100, 100, 100, 100, 100, 
100, 100, 2500, 2500, 2500, 2500, 2500, 2500, 2500, 2500, 2500, 
2500, 2500, 9950.879, 10187.754, 10634.337, 10928.197, 11332.741, 
11630.223, 13911.61, 12069.726, 17999.057, 18825.477, 17845.722, 
1, 1, 1, 1, 1, 1, 1, 1, 1, 1, 1, 0.07143, 0.07143, 0.07143, 0.07143, 
0.07143, 0.07143, 0.07143, 0.07143, 0.07143, 0.07143, 0.07143, 
0, 0, 0, 0, 0, 0, 0, 0, 0, 0, 0, 0, 0, 0, 0, 0, 0, 0, 0, 0, 0, 
0, 0.85586, 0.86003, 0.85766, 0.85473, 0.8521, 0.85852, 0.84341, 
0.84752, 0.85095, 0.84804, 0.85338, 0.86166, 0.86536, 0.85254, 
0.85014, 0.84793, 0.84106, 0.8489, 0.85263, 0.84934, 0.85111, 
0.85913, 0.0426, 0.0466, 0.0543, 0.0582, 0.0654, 0.0707, 0.0749, 
0.0855, 0.0951, 0.1067, 0.1153, 149.3, 159.6, 170.7, 185.4, 197, 
209.6, 220.5, 230.9, 244.9, 255.6, 266.8, 1, 1, 1, 1, 1, 1, 1, 
1, 1, 1, 1, 1, 1, 1, 1, 1, 1, 1, 1, 1, 1, 1, 1, 1, 1, 1, 1, 1, 
1, 1, 1, 1, 1, 1, 1, 1, 1, 1, 1, 1, 1, 1, 1, 1, 3.781, 3.815, 
4.153, 4.191, 4.328, 4.25, 4.059, 4.353, 6.388, 7.359, 6.397), .Dim = c(11L, 
40L), .Dimnames = list(NULL, c("Sampling", "PSO.cost", "PSO.gamma", 
"PSO.data.balancing", "PSO.feature.selection", "PSO.valid.acc", 
"PSO.test.acc", "PSO.train.time", "PSO.n.support.vectors", "PSO.index", 
"PSO.n.solutions", "PSO.generations", "PSO.n.evaluations", "PSO.cpu.time", 
"RS.cost", "RS.gamma", "RS.data.balancing", "RS.feature.selection", 
"RS.valid.acc", "RS.test.acc", "RS.train.time", "RS.n.support.vectors", 
"RS.index", "RS.n.solutions", "RS.generations", "RS.n.evaluations", 
"RS.cpu.time", "DF.cost", "DF.gamma", "DF.data.balancing", "DF.feature.selection", 
"DF.valid.acc", "DF.test.acc", "DF.train.time", "DF.n.support.vectors", 
"DF.index", "DF.n.solutions", "DF.generations", "DF.n.evaluations", 
"DF.cpu.time")))
