full <-
structure(c(50, 55, 60, 65, 70, 75, 80, 85, 90, 95, 100, 6.90636, 
-0.03453, 3.0445, 6.34606, 8.75353, 4.20998, 3.4981, 1.42377, 
4.31971, 6.64048, 5.51404, -13.38363, -6.37221, -9.52981, -12.77442, 
-15, -10.35981, -9.71358, -8.02999, -11.16337, -13.56611, -12.64565, 
0, 0, 0, 0, 0, 0, 0, 0, 0, 0, 0, 0, 0, 0, 0, 0, 0, 0, 0, 0, 0, 
0, 0.89261, 0.88371, 0.88879, 0.88828, 0.87979, 0.87176, 0.86528, 
0.86788, 0.85711, 0.86942, 0.86809, 0.89261, 0.8889, 0.87898, 
0.87253, 0.87975, 0.86983, 0.86332, 0.85766, 0.84902, 0.86026, 
0.85643, 0.0419, 0.0487, 0.0533, 0.0576, 0.0627, 0.0672, 0.0746, 
0.0868, 0.0969, 0.1032, 0.115, 167.5, 189.3, 192.4, 202.1, 207.2, 
216.7, 232.1, 262.1, 281.6, 293.9, 312.9, 511, 1108, 736, 243, 
165, 1423, 108, 2145, 175, 266, 1421, 11, 38, 61, 27, 206, 14, 
92, 1, 52, 127, 3, 100, 100, 100, 100, 100, 100, 100, 100, 100, 
100, 100, 2500, 2500, 2500, 2500, 2500, 2500, 2500, 2500, 2500, 
2500, 2500, 8121.581, 8422.835, 8485.478, 8752.29500000001, 8855.961, 
9018.03200000001, 9216.181, 9557.515, 9302.84299999999, 9428.329, 
9606.69100000002, 4.85087, 6.64971, 2.25123, 2.5146, 3.51233, 
4.2504, -0.20583, 6.83463, 6.4572, 4.86541, 3.45322, -11.32525, 
-12.89885, -8.70652, -8.8436, -9.7183, -10.41517, -6.42633, -13.5364, 
-13.32399, -11.78437, -10.49584, 0, 0, 0, 0, 0, 0, 0, 0, 0, 0, 
0, 0, 0, 0, 0, 0, 0, 0, 0, 0, 0, 0, 0.89261, 0.88356, 0.88635, 
0.88828, 0.88183, 0.86983, 0.86713, 0.86619, 0.85711, 0.86942, 
0.86662, 0.89261, 0.88093, 0.87654, 0.86808, 0.87762, 0.87176, 
0.858, 0.86113, 0.85063, 0.86026, 0.85788, 0.0443, 0.0465, 0.0546, 
0.0579, 0.0615, 0.068, 0.0815, 0.0868, 0.0948, 0.1024, 0.1153, 
167.6, 174.5, 192.7, 201, 207.3, 216.8, 257.9, 261.1, 282.1, 
293.5, 309.3, 1513, 1304, 362, 2060, 857, 490, 1837, 1779, 781, 
769, 370, 1, 1, 5, 1, 3, 1, 1, 1, 2, 2, 2, 100, 100, 100, 100, 
100, 100, 100, 100, 100, 100, 100, 2500, 2500, 2500, 2500, 2500, 
2500, 2500, 2500, 2500, 2500, 2500, 8345.095, 8691.141, 8943.589, 
9258.175, 9592.148, 9784.038, 10135.856, 10574.353, 10477.24, 
10627.286, 10879.648, 1, 1, 1, 1, 1, 1, 1, 1, 1, 1, 1, 0.07143, 
0.07143, 0.07143, 0.07143, 0.07143, 0.07143, 0.07143, 0.07143, 
0.07143, 0.07143, 0.07143, 0, 0, 0, 0, 0, 0, 0, 0, 0, 0, 0, 0, 
0, 0, 0, 0, 0, 0, 0, 0, 0, 0, 0.8721, 0.86756, 0.86185, 0.86131, 
0.86103, 0.84069, 0.84514, 0.84386, 0.84243, 0.84646, 0.85066, 
0.86639, 0.86763, 0.8619, 0.85232, 0.86715, 0.83676, 0.84144, 
0.85073, 0.84082, 0.84641, 0.84772, 0.0421, 0.0484, 0.0518, 0.0575, 
0.0631, 0.0706, 0.0743, 0.0851, 0.0895, 0.099, 0.1054, 151.7, 
164.1, 174, 188.2, 197.8, 208.9, 220, 235.3, 247.7, 259, 265.2, 
1, 1, 1, 1, 1, 1, 1, 1, 1, 1, 1, 1, 1, 1, 1, 1, 1, 1, 1, 1, 1, 
1, 1, 1, 1, 1, 1, 1, 1, 1, 1, 1, 1, 1, 1, 1, 1, 1, 1, 1, 1, 1, 
1, 1, 3.145, 3.416, 3.397, 3.505, 3.502, 3.651, 3.496, 3.68, 
3.467, 3.594, 3.613), .Dim = c(11L, 40L), .Dimnames = list(NULL, 
    c("Sampling", "PSO.cost", "PSO.gamma", "PSO.data.balancing", 
    "PSO.feature.selection", "PSO.valid.acc", "PSO.test.acc", 
    "PSO.train.time", "PSO.n.support.vectors", "PSO.index", "PSO.n.solutions", 
    "PSO.generations", "PSO.n.evaluations", "PSO.cpu.time", "RS.cost", 
    "RS.gamma", "RS.data.balancing", "RS.feature.selection", 
    "RS.valid.acc", "RS.test.acc", "RS.train.time", "RS.n.support.vectors", 
    "RS.index", "RS.n.solutions", "RS.generations", "RS.n.evaluations", 
    "RS.cpu.time", "DF.cost", "DF.gamma", "DF.data.balancing", 
    "DF.feature.selection", "DF.valid.acc", "DF.test.acc", "DF.train.time", 
    "DF.n.support.vectors", "DF.index", "DF.n.solutions", "DF.generations", 
    "DF.n.evaluations", "DF.cpu.time")))
