full <-
structure(c(50, 55, 60, 65, 70, 75, 80, 85, 90, 95, 100, 7.34847, 
3.16597, 8.60872, 4.7043, 6.35362, 4.58915, 2.82789, 3.19662, 
3.14894, 4.55234, 5.09379, -13.17949, -9.33318, -15, -10.95233, 
-13.09287, -11.35291, -9.72747, -10.05155, -9.73453, -11.48038, 
-12.32325, 0, 0, 0, 0, 0, 0, 0, 0, 0, 0, 0, 0, 0, 0, 0, 0, 0, 
0, 0, 0, 0, 0, 0.86647, 0.87317, 0.87699, 0.8703, 0.88142, 0.86987, 
0.87415, 0.87317, 0.87216, 0.8772, 0.87097, 0.85193, 0.87303, 
0.87211, 0.87495, 0.87725, 0.87179, 0.8688, 0.87145, 0.8624, 
0.86491, 0.8652, 0.0423, 0.0482, 0.0542, 0.0566, 0.0661, 0.0748, 
0.084, 0.095, 0.099, 0.1041, 0.1215, 151.6, 169.8, 184.8, 195.7, 
222.1, 240.8, 259.6, 268.3, 265.7, 290, 317.8, 104, 199, 155, 
110, 295, 36, 1070, 321, 276, 1411, 1841, 46, 55, 91, 124, 98, 
59, 5, 34, 30, 29, 2, 100, 100, 100, 100, 100, 100, 100, 100, 
100, 100, 100, 2500, 2500, 2500, 2500, 2500, 2500, 2500, 2500, 
2500, 2500, 2500, 8977.501, 9282.572, 9492.665, 9443.965, 9664.735, 
10022.667, 10273.053, 13841.548, 14236.445, 10619.313, 15175.749, 
2.72244, 1.74394, 6.16867, 7.53492, 7.48535, 7.31816, 6.94358, 
2.11818, 4.10249, 6.77652, 5.99062, -8.51016, -7.85371, -12.57356, 
-13.75604, -14.22436, -14.09449, -13.56817, -8.77883, -10.6782, 
-13.657, -13.22543, 0, 0, 0, 0, 0, 0, 0, 0, 0, 0, 0, 0, 0, 0, 
0, 0, 0, 0, 0, 0, 0, 0, 0.86647, 0.87317, 0.87699, 0.8703, 0.88142, 
0.86987, 0.87055, 0.87314, 0.87216, 0.87412, 0.87097, 0.84622, 
0.8731, 0.87211, 0.8704, 0.87725, 0.86987, 0.8724, 0.86975, 0.86404, 
0.86335, 0.8652, 0.043, 0.0494, 0.0538, 0.0595, 0.0663, 0.074, 
0.0801, 0.0954, 0.0907, 0.1053, 0.1222, 152.3, 170.2, 185.2, 
194, 222.2, 240.9, 248.4, 263.8, 264.6, 288.2, 317.8, 654, 23, 
1034, 624, 1452, 330, 742, 261, 2158, 2261, 572, 2, 1, 1, 7, 
1, 2, 1, 2, 1, 1, 1, 100, 100, 100, 100, 100, 100, 100, 100, 
100, 100, 100, 2500, 2500, 2500, 2500, 2500, 2500, 2500, 2500, 
2500, 2500, 2500, 9359.671, 9660.851, 9787.53000000001, 9959.277, 
10247.562, 10682.475, 11009.173, 14603.168, 13276.567, 11670.651, 
18068.5, 1, 1, 1, 1, 1, 1, 1, 1, 1, 1, 1, 0.07143, 0.07143, 0.07143, 
0.07143, 0.07143, 0.07143, 0.07143, 0.07143, 0.07143, 0.07143, 
0.07143, 0, 0, 0, 0, 0, 0, 0, 0, 0, 0, 0, 0, 0, 0, 0, 0, 0, 0, 
0, 0, 0, 0, 0.83151, 0.83889, 0.84557, 0.85025, 0.85434, 0.84446, 
0.8432, 0.8474, 0.85426, 0.85097, 0.85782, 0.82597, 0.84407, 
0.85533, 0.84798, 0.846, 0.84057, 0.85055, 0.84568, 0.8559, 0.85095, 
0.85927, 0.0447, 0.0477, 0.0527, 0.057, 0.0625, 0.0699, 0.0855, 
0.0927, 0.0885, 0.0948, 0.1131, 153, 162.5, 169.3, 183.8, 195.2, 
213.7, 225.5, 239.1, 245.2, 255.6, 268.8, 1, 1, 1, 1, 1, 1, 1, 
1, 1, 1, 1, 1, 1, 1, 1, 1, 1, 1, 1, 1, 1, 1, 1, 1, 1, 1, 1, 1, 
1, 1, 1, 1, 1, 1, 1, 1, 1, 1, 1, 1, 1, 1, 1, 1, 3.739, 3.691, 
3.772, 3.738, 3.752, 3.807, 5.516, 5.532, 3.955, 4.069, 6.576
), .Dim = c(11L, 40L), .Dimnames = list(NULL, c("Sampling", "PSO.cost", 
"PSO.gamma", "PSO.data.balancing", "PSO.feature.selection", "PSO.valid.acc", 
"PSO.test.acc", "PSO.train.time", "PSO.n.support.vectors", "PSO.index", 
"PSO.n.solutions", "PSO.generations", "PSO.n.evaluations", "PSO.cpu.time", 
"RS.cost", "RS.gamma", "RS.data.balancing", "RS.feature.selection", 
"RS.valid.acc", "RS.test.acc", "RS.train.time", "RS.n.support.vectors", 
"RS.index", "RS.n.solutions", "RS.generations", "RS.n.evaluations", 
"RS.cpu.time", "DF.cost", "DF.gamma", "DF.data.balancing", "DF.feature.selection", 
"DF.valid.acc", "DF.test.acc", "DF.train.time", "DF.n.support.vectors", 
"DF.index", "DF.n.solutions", "DF.generations", "DF.n.evaluations", 
"DF.cpu.time")))
