full <-
structure(c(50, 55, 60, 65, 70, 75, 80, 85, 90, 95, 100, 6.40536, 
5.34488, 5.43577, 8.46783, 2.68786, 1.86122, 2.37552, 7.7664, 
1.47358, 7.53056, 3.33697, -12.86634, -11.43245, -6.41146, -15, 
-9.65452, -8.76377, -9.21525, -14.61963, -8.25127, -14.37605, 
-10.36408, 0, 0, 0, 0, 0, 0, 0, 0, 0, 0, 0, 0, 0, 0, 0, 0, 0, 
0, 0, 0, 0, 0, 0.87815, 0.87883, 0.89098, 0.8856, 0.88973, 0.88133, 
0.88156, 0.87488, 0.87689, 0.86947, 0.87842, 0.86353, 0.87614, 
0.87908, 0.88328, 0.87719, 0.86965, 0.86877, 0.87316, 0.86552, 
0.86336, 0.86823, 0.0463, 0.0501, 0.0473, 0.0663, 0.0755, 0.0781, 
0.0829, 0.0928, 0.1026, 0.1078, 0.1238, 168.6, 168.1, 114.3, 
206.6, 239.7, 251.8, 254.6, 264.5, 276.6, 290.7, 308.5, 192, 
290, 1131, 260, 441, 654, 871, 805, 81, 291, 648, 73, 14, 126, 
110, 61, 43, 52, 1, 83, 50, 20, 100, 100, 100, 100, 100, 100, 
100, 100, 100, 100, 100, 2500, 2500, 2500, 2500, 2500, 2500, 
2500, 2500, 2500, 2500, 2500, 9192.787, 9155.201, 9064.071, 9808.012, 
9938.45000000001, 10063.656, 10139.037, 10169.696, 10415.432, 
10974.409, 11204.905, 7.15892, 5.96146, 5.35363, 1.811, 2.80742, 
6.0565, 0.25808, 5.65467, -0.05787, 5.3467, 1.96735, -13.59517, 
-12.13515, -6.36248, -8.36206, -9.7531, -13.00556, -6.93122, 
-12.33154, -6.49325, -12.17765, -8.97394, 0, 0, 0, 0, 0, 0, 0, 
0, 0, 0, 0, 0, 0, 0, 0, 0, 0, 0, 0, 0, 0, 0, 0.87815, 0.87876, 
0.88854, 0.8856, 0.88769, 0.88133, 0.87974, 0.86986, 0.8753, 
0.86947, 0.87697, 0.86647, 0.87336, 0.87908, 0.88105, 0.87927, 
0.86965, 0.86692, 0.86635, 0.87205, 0.86334, 0.86821, 0.0456, 
0.0497, 0.0495, 0.0622, 0.0708, 0.0831, 0.0839, 0.0873, 0.0987, 
0.1056, 0.1201, 167.5, 170.2, 114.7, 209.4, 238.7, 251.9, 255.4, 
256.8, 275.8, 290.5, 309.6, 2407, 431, 2215, 1147, 694, 1574, 
491, 1141, 1049, 430, 1212, 1, 4, 1, 2, 1, 2, 1, 3, 1, 2, 1, 
100, 100, 100, 100, 100, 100, 100, 100, 100, 100, 100, 2500, 
2500, 2500, 2500, 2500, 2500, 2500, 2500, 2500, 2500, 2500, 9250.96, 
9430.251, 9819.039, 10343.03, 10539.102, 10775.906, 11074.53, 
11282.347, 11458.871, 12287.392, 12645.54, 1, 1, 1, 1, 1, 1, 
1, 1, 1, 1, 1, 0.07143, 0.07143, 0.07143, 0.07143, 0.07143, 0.07143, 
0.07143, 0.07143, 0.07143, 0.07143, 0.07143, 0, 0, 0, 0, 0, 0, 
0, 0, 0, 0, 0, 0, 0, 0, 0, 0, 0, 0, 0, 0, 0, 0, 0.85513, 0.86567, 
0.87193, 0.86762, 0.86907, 0.85419, 0.85419, 0.85264, 0.85582, 
0.84798, 0.85666, 0.84916, 0.86041, 0.86706, 0.8608, 0.86694, 
0.85419, 0.8561, 0.85273, 0.85418, 0.85707, 0.85378, 0.0445, 
0.0497, 0.0539, 0.0601, 0.0667, 0.0765, 0.0782, 0.0834, 0.0901, 
0.1004, 0.106, 150.8, 161.2, 175.3, 187, 199.9, 214.4, 220.4, 
233.8, 242.2, 255.1, 264.5, 1, 1, 1, 1, 1, 1, 1, 1, 1, 1, 1, 
1, 1, 1, 1, 1, 1, 1, 1, 1, 1, 1, 1, 1, 1, 1, 1, 1, 1, 1, 1, 1, 
1, 1, 1, 1, 1, 1, 1, 1, 1, 1, 1, 1, 3.586, 3.603, 3.659, 3.848, 
3.97, 3.794, 4, 3.774, 3.95, 4.079, 4.122), .Dim = c(11L, 40L
), .Dimnames = list(NULL, c("Sampling", "PSO.cost", "PSO.gamma", 
"PSO.data.balancing", "PSO.feature.selection", "PSO.valid.acc", 
"PSO.test.acc", "PSO.train.time", "PSO.n.support.vectors", "PSO.index", 
"PSO.n.solutions", "PSO.generations", "PSO.n.evaluations", "PSO.cpu.time", 
"RS.cost", "RS.gamma", "RS.data.balancing", "RS.feature.selection", 
"RS.valid.acc", "RS.test.acc", "RS.train.time", "RS.n.support.vectors", 
"RS.index", "RS.n.solutions", "RS.generations", "RS.n.evaluations", 
"RS.cpu.time", "DF.cost", "DF.gamma", "DF.data.balancing", "DF.feature.selection", 
"DF.valid.acc", "DF.test.acc", "DF.train.time", "DF.n.support.vectors", 
"DF.index", "DF.n.solutions", "DF.generations", "DF.n.evaluations", 
"DF.cpu.time")))
