full <-
structure(c(50, 55, 60, 65, 70, 75, 80, 85, 90, 95, 100, 1.1866, 
15, 2.09962, 2.21246, 5.98049, 0.32166, 0.03935, 8.19586, 4.94924, 
7.98177, 0.93202, -7.46395, -14.95476, -8.31108, -8.46747, -12.5489, 
-6.32346, -6.38814, -15, -11.82024, -15, -7.86418, 0, 0, 0, 0, 
0, 0, 0, 0, 0, 0, 0, 0, 0, 0, 0, 0, 0, 0, 0, 0, 0, 0, 0.8957, 
0.87287, 0.88136, 0.88813, 0.88578, 0.87394, 0.87795, 0.87832, 
0.87694, 0.88338, 0.87111, 0.88411, 0.85444, 0.8741, 0.87924, 
0.87748, 0.86418, 0.86515, 0.87656, 0.87207, 0.87417, 0.86092, 
0.0427, 0.0636, 0.056, 0.0597, 0.0687, 0.0718, 0.0798, 0.0925, 
0.0925, 0.105, 0.1158, 165.8, 91.4, 188.8, 197.5, 216.9, 224, 
243.1, 259.4, 273.6, 289.6, 310.3, 706, 457, 263, 719, 231, 319, 
1381, 1632, 561, 484, 2054, 123, 55, 41, 31, 106, 47, 34, 13, 
93, 49, 2, 100, 100, 100, 100, 100, 100, 100, 100, 100, 100, 
100, 2500, 2500, 2500, 2500, 2500, 2500, 2500, 2500, 2500, 2500, 
2500, 8635.219, 9094.026, 9640.508, 9940.53599999999, 10029.593, 
10814.313, 10775.935, 13536.595, 10929.685, 11187.164, 11213.283, 
1.06445, 6.20425, 2.05423, 8.53978, 3.00031, 11.34163, 0.06524, 
0.20764, -0.0535, 3.49233, -0.68472, -7.27975, -10.78428, -8.27706, 
-14.8483, -9.53341, -10.60198, -6.49728, -6.83094, -6.56282, 
-10.66747, -5.76102, 0, 0, 0, 0, 0, 0, 0, 0, 0, 0, 0, 0, 0, 0, 
0, 0, 0, 0, 0, 0, 0, 0, 0.88999, 0.8703, 0.88136, 0.88591, 0.88578, 
0.87187, 0.87613, 0.87665, 0.87696, 0.88186, 0.8697, 0.88411, 
0.86767, 0.87654, 0.87919, 0.87748, 0.85253, 0.87242, 0.88001, 
0.86882, 0.86494, 0.85657, 0.0439, 0.0469, 0.0557, 0.0598, 0.0673, 
0.0737, 0.0824, 0.0953, 0.0957, 0.1046, 0.1109, 164.7, 135.6, 
189.3, 196.7, 216.9, 132.7, 244.5, 261.5, 274.1, 297.2, 305.4, 
1428, 767, 87, 689, 773, 2004, 585, 773, 439, 570, 2063, 1, 10, 
3, 8, 2, 2, 1, 1, 1, 5, 1, 100, 100, 100, 100, 100, 100, 100, 
100, 100, 100, 100, 2500, 2500, 2500, 2500, 2500, 2500, 2500, 
2500, 2500, 2500, 2500, 8918.092, 9513.856, 10139.172, 10433.642, 
10619.78, 11146.776, 11686.843, 12301.564, 12044.562, 12121.375, 
12498.927, 1, 1, 1, 1, 1, 1, 1, 1, 1, 1, 1, 0.07143, 0.07143, 
0.07143, 0.07143, 0.07143, 0.07143, 0.07143, 0.07143, 0.07143, 
0.07143, 0.07143, 0, 0, 0, 0, 0, 0, 0, 0, 0, 0, 0, 0, 0, 0, 0, 
0, 0, 0, 0, 0, 0, 0, 0.87537, 0.84911, 0.86696, 0.85884, 0.87531, 
0.86222, 0.86158, 0.85596, 0.85737, 0.85874, 0.8479, 0.87243, 
0.84925, 0.86696, 0.86106, 0.87531, 0.85452, 0.84694, 0.8628, 
0.85737, 0.86648, 0.84355, 0.0438, 0.0483, 0.0563, 0.0599, 0.0654, 
0.0709, 0.0808, 0.0827, 0.0878, 0.0934, 0.1084, 150.4, 163.7, 
176.4, 186.5, 194.9, 207.2, 218.2, 225.9, 240, 246.5, 265.2, 
1, 1, 1, 1, 1, 1, 1, 1, 1, 1, 1, 1, 1, 1, 1, 1, 1, 1, 1, 1, 1, 
1, 1, 1, 1, 1, 1, 1, 1, 1, 1, 1, 1, 1, 1, 1, 1, 1, 1, 1, 1, 1, 
1, 1, 3.454, 3.595, 3.934, 3.826, 3.914, 4.201, 5.246, 4.2, 4.177, 
4.19, 4.399), .Dim = c(11L, 40L), .Dimnames = list(NULL, c("Sampling", 
"PSO.cost", "PSO.gamma", "PSO.data.balancing", "PSO.feature.selection", 
"PSO.valid.acc", "PSO.test.acc", "PSO.train.time", "PSO.n.support.vectors", 
"PSO.index", "PSO.n.solutions", "PSO.generations", "PSO.n.evaluations", 
"PSO.cpu.time", "RS.cost", "RS.gamma", "RS.data.balancing", "RS.feature.selection", 
"RS.valid.acc", "RS.test.acc", "RS.train.time", "RS.n.support.vectors", 
"RS.index", "RS.n.solutions", "RS.generations", "RS.n.evaluations", 
"RS.cpu.time", "DF.cost", "DF.gamma", "DF.data.balancing", "DF.feature.selection", 
"DF.valid.acc", "DF.test.acc", "DF.train.time", "DF.n.support.vectors", 
"DF.index", "DF.n.solutions", "DF.generations", "DF.n.evaluations", 
"DF.cpu.time")))
