full <-
structure(c(50, 55, 60, 65, 70, 75, 80, 85, 90, 95, 100, 8.89765, 
8.1, 7.45416, 2.8233, 8.79829, 4.73719, 6.77314, 5.22565, 0.95992, 
-0.2896, 3.06231, -15, -15, -14.76833, -9.74154, -14.95149, -11.20363, 
-13.97374, -11.54781, -7.72394, -6.33, -10.52447, 0, 0, 0, 0, 
0, 0, 0, 0, 0, 0, 0, 0, 0, 0, 0, 0, 0, 0, 0, 0, 0, 0, 0.86908, 
0.86798, 0.87183, 0.86514, 0.86497, 0.85468, 0.86134, 0.86984, 
0.86888, 0.87241, 0.87694, 0.85739, 0.85995, 0.85743, 0.8608, 
0.86076, 0.84106, 0.84494, 0.85964, 0.86237, 0.87092, 0.86967, 
0.0439, 0.0489, 0.0571, 0.0629, 0.0593, 0.071, 0.0819, 0.08, 
0.0931, 0.1, 0.1174, 159.9, 192.9, 214.6, 216.5, 205.9, 230.5, 
266.7, 242.9, 275, 290.2, 329.3, 193, 340, 2033, 284, 1417, 643, 
719, 254, 2262, 1616, 1338, 120, 101, 2, 70, 5, 41, 10, 30, 1, 
3, 28, 100, 100, 100, 100, 100, 100, 100, 100, 100, 100, 100, 
2500, 2500, 2500, 2500, 2500, 2500, 2500, 2500, 2500, 2500, 2500, 
8107.181, 8451.478, 9410.579, 9101.032, 9461.72900000001, 9241.47199999999, 
9010.21799999999, 9847.47400000002, 10368.802, 10242.7, 10755.423, 
8.57718, 5.51621, 7.15444, 2.24612, 5.76696, 7.71593, 8.71591, 
0.35437, 0.88852, 6.26684, -0.47846, -14.67286, -12.37826, -13.57198, 
-9.20656, -11.87075, -14.19454, -14.79137, -6.74226, -7.74141, 
-13.32375, -6.60129, 0, 0, 0, 0, 0, 0, 0, 0, 0, 0, 0, 0, 0, 0, 
0, 0, 0, 0, 0, 0, 0, 0, 0.86908, 0.86798, 0.87177, 0.86292, 0.8608, 
0.85468, 0.85952, 0.86987, 0.87049, 0.86936, 0.87827, 0.85739, 
0.86258, 0.86195, 0.8563, 0.86076, 0.84306, 0.85414, 0.863, 0.86237, 
0.87099, 0.86243, 0.042, 0.0517, 0.0543, 0.0605, 0.0595, 0.0705, 
0.0724, 0.083, 0.0945, 0.1017, 0.1166, 160, 191.2, 186, 219.2, 
204.4, 230.4, 228.9, 254, 278.6, 293.2, 322.8, 1849, 7, 240, 
1170, 191, 130, 567, 470, 1572, 86, 1739, 3, 4, 8, 7, 8, 2, 3, 
1, 1, 2, 1, 100, 100, 100, 100, 100, 100, 100, 100, 100, 100, 
100, 2500, 2500, 2500, 2500, 2500, 2500, 2500, 2500, 2500, 2500, 
2500, 8433.664, 9574.227, 9551.865, 9516.72200000001, 9426.13799999999, 
9914.508, 10004.585, 10854.041, 11287.101, 11440.059, 12047.325, 
1, 1, 1, 1, 1, 1, 1, 1, 1, 1, 1, 0.07143, 0.07143, 0.07143, 0.07143, 
0.07143, 0.07143, 0.07143, 0.07143, 0.07143, 0.07143, 0.07143, 
0, 0, 0, 0, 0, 0, 0, 0, 0, 0, 0, 0, 0, 0, 0, 0, 0, 0, 0, 0, 0, 
0, 0.82286, 0.83875, 0.84279, 0.84509, 0.84001, 0.82172, 0.84137, 
0.84757, 0.85114, 0.84933, 0.85224, 0.84622, 0.83619, 0.84999, 
0.84721, 0.83997, 0.82764, 0.84323, 0.85113, 0.8463, 0.84467, 
0.84791, 0.0427, 0.046, 0.048, 0.0556, 0.0582, 0.0693, 0.0758, 
0.0805, 0.0868, 0.0947, 0.1015, 156.2, 164.9, 171.2, 183.5, 197.8, 
213.9, 224.8, 231.4, 240.7, 251, 266.2, 1, 1, 1, 1, 1, 1, 1, 
1, 1, 1, 1, 1, 1, 1, 1, 1, 1, 1, 1, 1, 1, 1, 1, 1, 1, 1, 1, 1, 
1, 1, 1, 1, 1, 1, 1, 1, 1, 1, 1, 1, 1, 1, 1, 1, 3.337, 3.658, 
3.51, 3.523, 3.388, 3.558, 3.631, 3.656, 3.939, 4.09, 4.194), .Dim = c(11L, 
40L), .Dimnames = list(NULL, c("Sampling", "PSO.cost", "PSO.gamma", 
"PSO.data.balancing", "PSO.feature.selection", "PSO.valid.acc", 
"PSO.test.acc", "PSO.train.time", "PSO.n.support.vectors", "PSO.index", 
"PSO.n.solutions", "PSO.generations", "PSO.n.evaluations", "PSO.cpu.time", 
"RS.cost", "RS.gamma", "RS.data.balancing", "RS.feature.selection", 
"RS.valid.acc", "RS.test.acc", "RS.train.time", "RS.n.support.vectors", 
"RS.index", "RS.n.solutions", "RS.generations", "RS.n.evaluations", 
"RS.cpu.time", "DF.cost", "DF.gamma", "DF.data.balancing", "DF.feature.selection", 
"DF.valid.acc", "DF.test.acc", "DF.train.time", "DF.n.support.vectors", 
"DF.index", "DF.n.solutions", "DF.generations", "DF.n.evaluations", 
"DF.cpu.time")))
