full <-
structure(c(50, 55, 60, 65, 70, 75, 80, 85, 90, 95, 100, 1.5037, 
7.53293, 6.33158, 4.79961, 8.17104, 8.76993, 8.16406, 2.44924, 
7.92797, 2.35359, 8.2168, -6.76098, -13.30017, -12.99847, -6.81478, 
-15, -15, -15, -9.60995, -15, -9.2951, -15, 0, 0, 0, 0, 0, 0, 
0, 0, 0, 0, 0, 0, 0, 0, 0, 0, 0, 0, 0, 0, 0, 0, 0.87913, 0.87061, 
0.87182, 0.86999, 0.87097, 0.87176, 0.86909, 0.87648, 0.86369, 
0.87724, 0.86837, 0.86165, 0.87061, 0.86462, 0.86125, 0.86693, 
0.8583, 0.86175, 0.85763, 0.85726, 0.86945, 0.85085, 0.0401, 
0.0448, 0.054, 0.0531, 0.0674, 0.0733, 0.0744, 0.085, 0.0916, 
0.1003, 0.1086, 144.4, 161.2, 197.3, 134.1, 229.3, 222, 252.2, 
278.1, 285.2, 293.2, 297.9, 1281, 33, 1464, 746, 365, 366, 444, 
2392, 506, 213, 1503, 11, 57, 16, 109, 98, 52, 27, 2, 17, 50, 
4, 100, 100, 100, 100, 100, 100, 100, 100, 100, 100, 100, 2500, 
2500, 2500, 2500, 2500, 2500, 2500, 2500, 2500, 2500, 2500, 8686.703, 
8500.892, 9646.801, 9423.747, 9650.75499999999, 9653.758, 9794.649, 
10085.8, 9540.204, 9422.69099999999, 9808.83199999999, 0.99516, 
6.39722, 3.70389, 1.96508, 7.16095, 6.6887, 5.5947, 7.54735, 
5.32268, 3.93476, 3.69457, -6.09573, -12.18772, -10.38281, -4.69051, 
-13.99476, -12.83604, -12.44218, -14.88038, -12.38204, -10.88106, 
-10.46477, 0, 0, 0, 0, 0, 0, 0, 0, 0, 0, 0, 0, 0, 0, 0, 0, 0, 
0, 0, 0, 0, 0, 0.87619, 0.87061, 0.86944, 0.86989, 0.86893, 0.86983, 
0.86724, 0.87475, 0.86207, 0.87724, 0.86692, 0.86165, 0.87061, 
0.8598, 0.8611, 0.86693, 0.86222, 0.86354, 0.8576, 0.85726, 0.87102, 
0.84938, 0.0394, 0.0449, 0.0551, 0.0536, 0.0655, 0.072, 0.0798, 
0.0858, 0.094, 0.0988, 0.1055, 144, 161.9, 198, 158.7, 229.5, 
219.1, 252.8, 284.1, 284.9, 292.7, 298.3, 295, 70, 608, 1084, 
2003, 1886, 2161, 53, 1144, 1332, 143, 1, 3, 7, 3, 1, 4, 2, 4, 
1, 1, 3, 100, 100, 100, 100, 100, 100, 100, 100, 100, 100, 100, 
2500, 2500, 2500, 2500, 2500, 2500, 2500, 2500, 2500, 2500, 2500, 
8805.106, 8878.049, 9873.388, 9880.198, 10286.217, 10344.066, 
10440.282, 10527.723, 10555.353, 10592.267, 11247.969, 1, 1, 
1, 1, 1, 1, 1, 1, 1, 1, 1, 0.07143, 0.07143, 0.07143, 0.07143, 
0.07143, 0.07143, 0.07143, 0.07143, 0.07143, 0.07143, 0.07143, 
0, 0, 0, 0, 0, 0, 0, 0, 0, 0, 0, 0, 0, 0, 0, 0, 0, 0, 0, 0, 0, 
0, 0.84401, 0.84658, 0.84755, 0.85201, 0.85, 0.85034, 0.84522, 
0.84909, 0.85076, 0.84945, 0.85522, 0.83257, 0.84935, 0.84505, 
0.86095, 0.85408, 0.84465, 0.85243, 0.85593, 0.84414, 0.84337, 
0.85808, 0.0428, 0.0456, 0.0512, 0.0552, 0.0649, 0.0683, 0.0724, 
0.0799, 0.0853, 0.0912, 0.1059, 151.9, 166, 177.3, 186.5, 205.2, 
212.3, 223, 235.4, 245.1, 255.1, 267.3, 1, 1, 1, 1, 1, 1, 1, 
1, 1, 1, 1, 1, 1, 1, 1, 1, 1, 1, 1, 1, 1, 1, 1, 1, 1, 1, 1, 1, 
1, 1, 1, 1, 1, 1, 1, 1, 1, 1, 1, 1, 1, 1, 1, 1, 3.314, 3.405, 
3.757, 3.6, 3.679, 3.852, 3.999, 3.561, 3.359, 3.571, 4.033), .Dim = c(11L, 
40L), .Dimnames = list(NULL, c("Sampling", "PSO.cost", "PSO.gamma", 
"PSO.data.balancing", "PSO.feature.selection", "PSO.valid.acc", 
"PSO.test.acc", "PSO.train.time", "PSO.n.support.vectors", "PSO.index", 
"PSO.n.solutions", "PSO.generations", "PSO.n.evaluations", "PSO.cpu.time", 
"RS.cost", "RS.gamma", "RS.data.balancing", "RS.feature.selection", 
"RS.valid.acc", "RS.test.acc", "RS.train.time", "RS.n.support.vectors", 
"RS.index", "RS.n.solutions", "RS.generations", "RS.n.evaluations", 
"RS.cpu.time", "DF.cost", "DF.gamma", "DF.data.balancing", "DF.feature.selection", 
"DF.valid.acc", "DF.test.acc", "DF.train.time", "DF.n.support.vectors", 
"DF.index", "DF.n.solutions", "DF.generations", "DF.n.evaluations", 
"DF.cpu.time")))
