full <-
structure(c(50, 55, 60, 65, 70, 75, 80, 85, 90, 95, 100, 10.26649, 
7.67012, 1.50707, 4.75462, 1.05102, -0.04375, 3.19197, 2.17661, 
1.33254, 2.1803, 1.6642, -12.26423, -13.6635, -6.81886, -11.20633, 
-7.75022, -6.12037, -9.8467, -9.0356, -7.97241, -8.55105, -8.79576, 
0, 0, 0, 0, 0, 0, 0, 0, 0, 0, 0, 0, 0, 0, 0, 0, 0, 0, 0, 0, 0, 
0, 0.88714, 0.87603, 0.87205, 0.87056, 0.87934, 0.87786, 0.87593, 
0.87124, 0.87528, 0.86793, 0.87237, 0.87, 0.86287, 0.86706, 0.87288, 
0.86679, 0.87013, 0.87589, 0.86265, 0.8753, 0.85874, 0.87529, 
0.0347, 0.047, 0.0639, 0.0696, 0.0774, 0.0841, 0.0943, 0.0979, 
0.1046, 0.1088, 0.1323, 94.4, 160.4, 165.1, 198.5, 225, 231.5, 
245.1, 265.6, 267.5, 267.9, 315.3, 228, 670, 1778, 123, 954, 
1839, 1800, 2303, 1832, 235, 323, 134, 43, 15, 58, 45, 24, 19, 
2, 1, 141, 55, 100, 100, 100, 100, 100, 100, 100, 100, 100, 100, 
100, 2500, 2500, 2500, 2500, 2500, 2500, 2500, 2500, 2500, 2500, 
2500, 8424.848, 9050.774, 15506.577, 16021.375, 14842.286, 14887.321, 
16781.573, 16302.114, 16052.851, 17672.833, 18529.502, 11.18562, 
6.87213, 3.88449, 1.22739, 5.37433, 0.41527, 4.04693, 4.15898, 
2.82864, 5.52717, 5.31167, -13.48878, -12.85697, -7.10752, -7.46531, 
-11.58613, -6.71489, -10.25741, -11.04942, -9.59487, -12.05146, 
-12.44169, 0, 0, 0, 0, 0, 0, 0, 0, 0, 0, 0, 0, 0, 0, 0, 0, 0, 
0, 0, 0, 0, 0, 0.88714, 0.87603, 0.86961, 0.87056, 0.87521, 0.87401, 
0.87242, 0.86949, 0.87525, 0.86793, 0.86947, 0.87, 0.86287, 0.85747, 
0.87056, 0.87317, 0.87205, 0.86508, 0.86093, 0.87205, 0.85872, 
0.87384, 0.035, 0.0607, 0.0572, 0.0702, 0.0779, 0.0842, 0.0886, 
0.1018, 0.1049, 0.1136, 0.1279, 97, 160.4, 131.7, 197, 205.3, 
231.6, 230.7, 265.3, 269.2, 270.2, 312.9, 100, 444, 1216, 63, 
34, 726, 1728, 742, 880, 155, 259, 4, 2, 1, 2, 4, 1, 1, 1, 1, 
7, 2, 100, 100, 100, 100, 100, 100, 100, 100, 100, 100, 100, 
2500, 2500, 2500, 2500, 2500, 2500, 2500, 2500, 2500, 2500, 2500, 
9041.296, 15485.193, 16026.875, 15787.293, 15421.868, 16523.377, 
17102.786, 17089.654, 18350.02, 18934.678, 19725.135, 1, 1, 1, 
1, 1, 1, 1, 1, 1, 1, 1, 0.07143, 0.07143, 0.07143, 0.07143, 0.07143, 
0.07143, 0.07143, 0.07143, 0.07143, 0.07143, 0.07143, 0, 0, 0, 
0, 0, 0, 0, 0, 0, 0, 0, 0, 0, 0, 0, 0, 0, 0, 0, 0, 0, 0, 0.85815, 
0.85228, 0.85486, 0.85045, 0.85863, 0.85648, 0.84862, 0.85237, 
0.85738, 0.84951, 0.84928, 0.85832, 0.86017, 0.8573, 0.86379, 
0.86071, 0.85844, 0.85229, 0.85582, 0.85251, 0.84797, 0.85796, 
0.0424, 0.0575, 0.0655, 0.0709, 0.072, 0.0816, 0.0889, 0.0939, 
0.1047, 0.1097, 0.1175, 147.9, 156.5, 170.8, 184.1, 193.4, 209.2, 
220.5, 231.6, 238.8, 249.2, 265.8, 1, 1, 1, 1, 1, 1, 1, 1, 1, 
1, 1, 1, 1, 1, 1, 1, 1, 1, 1, 1, 1, 1, 1, 1, 1, 1, 1, 1, 1, 1, 
1, 1, 1, 1, 1, 1, 1, 1, 1, 1, 1, 1, 1, 1, 3.476, 6.508, 6.319, 
6.289, 5.969, 6.328, 6.447, 6.579, 7.404, 6.815, 6.972), .Dim = c(11L, 
40L), .Dimnames = list(NULL, c("Sampling", "PSO.cost", "PSO.gamma", 
"PSO.data.balancing", "PSO.feature.selection", "PSO.valid.acc", 
"PSO.test.acc", "PSO.train.time", "PSO.n.support.vectors", "PSO.index", 
"PSO.n.solutions", "PSO.generations", "PSO.n.evaluations", "PSO.cpu.time", 
"RS.cost", "RS.gamma", "RS.data.balancing", "RS.feature.selection", 
"RS.valid.acc", "RS.test.acc", "RS.train.time", "RS.n.support.vectors", 
"RS.index", "RS.n.solutions", "RS.generations", "RS.n.evaluations", 
"RS.cpu.time", "DF.cost", "DF.gamma", "DF.data.balancing", "DF.feature.selection", 
"DF.valid.acc", "DF.test.acc", "DF.train.time", "DF.n.support.vectors", 
"DF.index", "DF.n.solutions", "DF.generations", "DF.n.evaluations", 
"DF.cpu.time")))
