full <-
structure(c(50, 55, 60, 65, 70, 75, 80, 85, 90, 95, 100, 8.42521, 
5.00321, 8.00782, 4.46002, 6.34507, 9.39052, 6.27599, 1.68899, 
4.78013, 1.625, 2.62328, -14.079, -6.59361, -15, -10.56088, -13.12487, 
-6.25633, -12.72207, -8.17767, -11.62449, -8.57175, -9.56327, 
0, 0, 0, 0, 0, 0, 0, 0, 0, 0, 0, 0, 0, 0, 0, 0, 0, 0, 0, 0, 0, 
0, 0.8551, 0.87055, 0.86677, 0.86598, 0.86485, 0.87194, 0.87628, 
0.87298, 0.86393, 0.86782, 0.87679, 0.84905, 0.86266, 0.85939, 
0.85916, 0.85856, 0.8484, 0.86702, 0.86951, 0.85735, 0.85866, 
0.86515, 0.0281, 0.0295, 0.0403, 0.0421, 0.0513, 0.0816, 0.0594, 
0.0657, 0.0726, 0.0812, 0.0862, 150.9, 115.3, 205.9, 193.8, 222.1, 
135.3, 234.4, 252.1, 273, 293.3, 305.7, 78, 286, 257, 149, 641, 
856, 1017, 351, 681, 968, 1342, 278, 81, 71, 62, 45, 109, 25, 
42, 33, 27, 4, 100, 100, 100, 100, 100, 100, 100, 100, 100, 100, 
100, 2500, 2500, 2500, 2500, 2500, 2500, 2500, 2500, 2500, 2500, 
2500, 7508.074, 7900.921, 8801.317, 10928.79, 12066.026, 13049.422, 
12318.089, 12622.412, 12405.422, 12541.983, 12250.277, 1.89921, 
4.51336, 5.66984, 8.58778, 6.25067, 9.73625, -0.63752, 7.44672, 
6.29108, 1.94577, 2.67965, -4.65478, -6.32795, -12.69457, -14.67949, 
-13.02654, -6.41047, -5.32748, -14.26245, -13.1327, -8.88337, 
-9.54253, 0, 0, 0, 0, 0, 0, 0, 0, 0, 0, 0, 0, 0, 0, 0, 0, 0, 
0, 0, 0, 0, 0, 0.85804, 0.87055, 0.86677, 0.86598, 0.86485, 0.87001, 
0.87618, 0.8729, 0.86393, 0.86628, 0.87244, 0.85502, 0.86529, 
0.85695, 0.85916, 0.85856, 0.84644, 0.86722, 0.87471, 0.85735, 
0.86022, 0.86523, 0.0298, 0.0295, 0.0405, 0.0445, 0.051, 0.0882, 
0.0603, 0.0648, 0.0705, 0.0783, 0.0877, 130.7, 117.9, 207.3, 
192.8, 222.2, 134.7, 239.5, 260.3, 273.3, 292.3, 302.8, 2421, 
65, 2261, 681, 466, 200, 2157, 1622, 85, 652, 15, 1, 5, 2, 4, 
1, 2, 1, 1, 2, 1, 2, 100, 100, 100, 100, 100, 100, 100, 100, 
100, 100, 100, 2500, 2500, 2500, 2500, 2500, 2500, 2500, 2500, 
2500, 2500, 2500, 10344.269, 8244.805, 8948.219, 12349.479, 12483.993, 
12671.228, 12900.108, 12994.393, 13172.763, 13765.579, 14329.218, 
1, 1, 1, 1, 1, 1, 1, 1, 1, 1, 1, 0.07143, 0.07143, 0.07143, 0.07143, 
0.07143, 0.07143, 0.07143, 0.07143, 0.07143, 0.07143, 0.07143, 
0, 0, 0, 0, 0, 0, 0, 0, 0, 0, 0, 0, 0, 0, 0, 0, 0, 0, 0, 0, 0, 
0, 0.84342, 0.85469, 0.85469, 0.84572, 0.83559, 0.85433, 0.85802, 
0.84893, 0.85262, 0.84476, 0.85939, 0.83737, 0.84417, 0.85701, 
0.83663, 0.83572, 0.84833, 0.84896, 0.85217, 0.84762, 0.84481, 
0.85654, 0.0318, 0.0334, 0.0377, 0.0442, 0.0485, 0.0538, 0.0567, 
0.0621, 0.0681, 0.0735, 0.0833, 156, 164.8, 175.1, 190, 197.2, 
206.6, 214.4, 227.5, 241, 254.1, 267, 1, 1, 1, 1, 1, 1, 1, 1, 
1, 1, 1, 1, 1, 1, 1, 1, 1, 1, 1, 1, 1, 1, 1, 1, 1, 1, 1, 1, 1, 
1, 1, 1, 1, 1, 1, 1, 1, 1, 1, 1, 1, 1, 1, 1, 4.352, 3.115, 3.369, 
4.69, 4.716, 4.822, 4.886, 4.82, 4.923, 4.743, 5.17), .Dim = c(11L, 
40L), .Dimnames = list(NULL, c("Sampling", "PSO.cost", "PSO.gamma", 
"PSO.data.balancing", "PSO.feature.selection", "PSO.valid.acc", 
"PSO.test.acc", "PSO.train.time", "PSO.n.support.vectors", "PSO.index", 
"PSO.n.solutions", "PSO.generations", "PSO.n.evaluations", "PSO.cpu.time", 
"RS.cost", "RS.gamma", "RS.data.balancing", "RS.feature.selection", 
"RS.valid.acc", "RS.test.acc", "RS.train.time", "RS.n.support.vectors", 
"RS.index", "RS.n.solutions", "RS.generations", "RS.n.evaluations", 
"RS.cpu.time", "DF.cost", "DF.gamma", "DF.data.balancing", "DF.feature.selection", 
"DF.valid.acc", "DF.test.acc", "DF.train.time", "DF.n.support.vectors", 
"DF.index", "DF.n.solutions", "DF.generations", "DF.n.evaluations", 
"DF.cpu.time")))
