full <-
structure(c(50, 55, 60, 65, 70, 75, 80, 85, 90, 95, 100, 9.0684, 
5.01988, 4.48559, 6.99046, 3.74381, 2.70395, 4.09441, 1.83701, 
-0.8383, 3.15639, 5.27877, -15, -11.42664, -10.66469, -5.64689, 
-10.17136, -8.78531, -10.69546, -8.31624, -5.71841, -4.10504, 
-11.92242, 0, 0, 0, 0, 0, 0, 0, 0, 0, 0, 0, 0, 0, 0, 0, 0, 0, 
0, 0, 0, 0, 0, 0.8725, 0.87319, 0.88135, 0.88342, 0.87534, 0.87787, 
0.87231, 0.8782, 0.87845, 0.87694, 0.86947, 0.86955, 0.8601, 
0.86183, 0.86114, 0.86497, 0.86814, 0.87228, 0.86797, 0.87028, 
0.86614, 0.86512, 0.0435, 0.0483, 0.0501, 0.0594, 0.0633, 0.0684, 
0.0753, 0.0837, 0.0937, 0.0868, 0.1052, 155.8, 179.2, 182.4, 
122.3, 220.4, 219.7, 243.3, 254.4, 283.5, 206.2, 293.4, 137, 
554, 108, 41, 127, 519, 1317, 147, 2057, 1150, 717, 114, 31, 
134, 81, 31, 31, 8, 62, 8, 60, 20, 100, 100, 100, 100, 100, 100, 
100, 100, 100, 100, 100, 2500, 2500, 2500, 2500, 2500, 2500, 
2500, 2500, 2500, 2500, 2500, 9334.059, 9528.166, 8606.466, 9128.69, 
8855.579, 9503.201, 9528.625, 9409.04700000002, 9408.46299999999, 
9325.52100000001, 9746.58900000001, 7.81842, 3.94673, 5.80692, 
6.90051, 0.28614, 8.45972, 4.21846, 7.50614, 5.41054, 3.73706, 
4.48432, -13.73523, -10.34313, -11.99774, -5.5961, -6.41262, 
-14.562, -10.81796, -14.5704, -12.70723, -10.84808, -11.07338, 
0, 0, 0, 0, 0, 0, 0, 0, 0, 0, 0, 0, 0, 0, 0, 0, 0, 0, 0, 0, 0, 
0, 0.8725, 0.87319, 0.88135, 0.88342, 0.87526, 0.87394, 0.87231, 
0.87317, 0.8784, 0.87545, 0.86951, 0.86955, 0.8601, 0.86189, 
0.86114, 0.85867, 0.86814, 0.87228, 0.86455, 0.87353, 0.86771, 
0.86659, 0.041, 0.0473, 0.0531, 0.0564, 0.0651, 0.0677, 0.0755, 
0.0849, 0.0934, 0.0999, 0.1062, 155.3, 179.4, 182.6, 122.4, 220.3, 
217.4, 243.2, 273, 293.5, 296.7, 292.3, 383, 1284, 2353, 538, 
2197, 788, 833, 1563, 1934, 618, 233, 2, 2, 1, 1, 1, 1, 1, 3, 
1, 3, 1, 100, 100, 100, 100, 100, 100, 100, 100, 100, 100, 100, 
2500, 2500, 2500, 2500, 2500, 2500, 2500, 2500, 2500, 2500, 2500, 
9631.895, 9118.291, 8969.75900000001, 9194.641, 9719.23699999999, 
10260.898, 10566.153, 10116.772, 10324.469, 10533.619, 11731.261, 
1, 1, 1, 1, 1, 1, 1, 1, 1, 1, 1, 0.07143, 0.07143, 0.07143, 0.07143, 
0.07143, 0.07143, 0.07143, 0.07143, 0.07143, 0.07143, 0.07143, 
0, 0, 0, 0, 0, 0, 0, 0, 0, 0, 0, 0, 0, 0, 0, 0, 0, 0, 0, 0, 0, 
0, 0.84065, 0.8522, 0.86694, 0.85655, 0.8503, 0.8506, 0.85238, 
0.8576, 0.86066, 0.86004, 0.84483, 0.85518, 0.84417, 0.86444, 
0.85438, 0.85034, 0.85268, 0.85602, 0.85763, 0.85582, 0.86004, 
0.84767, 0.0439, 0.0464, 0.0515, 0.056, 0.0624, 0.0683, 0.0736, 
0.0781, 0.0844, 0.0931, 0.1027, 155.2, 164.9, 172.3, 189.9, 202.4, 
211.2, 217.6, 230.3, 240.4, 252.3, 266.9, 1, 1, 1, 1, 1, 1, 1, 
1, 1, 1, 1, 1, 1, 1, 1, 1, 1, 1, 1, 1, 1, 1, 1, 1, 1, 1, 1, 1, 
1, 1, 1, 1, 1, 1, 1, 1, 1, 1, 1, 1, 1, 1, 1, 1, 3.591, 3.516, 
3.845, 3.486, 3.741, 3.775, 3.64, 3.484, 3.538, 3.711, 4.043), .Dim = c(11L, 
40L), .Dimnames = list(NULL, c("Sampling", "PSO.cost", "PSO.gamma", 
"PSO.data.balancing", "PSO.feature.selection", "PSO.valid.acc", 
"PSO.test.acc", "PSO.train.time", "PSO.n.support.vectors", "PSO.index", 
"PSO.n.solutions", "PSO.generations", "PSO.n.evaluations", "PSO.cpu.time", 
"RS.cost", "RS.gamma", "RS.data.balancing", "RS.feature.selection", 
"RS.valid.acc", "RS.test.acc", "RS.train.time", "RS.n.support.vectors", 
"RS.index", "RS.n.solutions", "RS.generations", "RS.n.evaluations", 
"RS.cpu.time", "DF.cost", "DF.gamma", "DF.data.balancing", "DF.feature.selection", 
"DF.valid.acc", "DF.test.acc", "DF.train.time", "DF.n.support.vectors", 
"DF.index", "DF.n.solutions", "DF.generations", "DF.n.evaluations", 
"DF.cpu.time")))
