full <-
structure(c(50, 55, 60, 65, 70, 75, 80, 85, 90, 95, 100, 8.36872, 
1.79827, 4.7268, 1.61552, 8.71608, 0.06203, 1.23742, 4.87073, 
1.87204, 0.92332, 3.1346, -10.76227, -7.2439, -10.05361, -5.91835, 
-15, -5.62482, -7.99702, -11.05002, -8.46515, -7.61783, -10.31907, 
0, 0, 0, 0, 0, 0, 0, 0, 0, 0, 0, 0, 0, 0, 0, 0, 0, 0, 0, 0, 0, 
0, 0.88143, 0.88144, 0.87648, 0.88566, 0.88146, 0.87383, 0.88531, 
0.88521, 0.88025, 0.88491, 0.87548, 0.86126, 0.86821, 0.86667, 
0.87455, 0.8773, 0.8621, 0.87066, 0.8765, 0.87541, 0.88188, 0.87115, 
0.0366, 0.044, 0.0475, 0.0511, 0.0671, 0.0685, 0.0845, 0.0862, 
0.0954, 0.1073, 0.1182, 100.7, 152.6, 155.5, 153, 201, 212, 246.8, 
233.6, 263.1, 284.9, 316.1, 17, 1629, 327, 840, 833, 2389, 976, 
843, 575, 2150, 241, 184, 24, 45, 56, 57, 3, 45, 19, 62, 1, 31, 
100, 100, 100, 100, 100, 100, 100, 100, 100, 100, 100, 2500, 
2500, 2500, 2500, 2500, 2500, 2500, 2500, 2500, 2500, 2500, 8687.593, 
8924.095, 9194.469, 9264.82, 9854.405, 9876.106, 10050.852, 10141.28, 
10390.427, 10551.474, 10718.621, 7.67472, 2.23921, 8.04849, 1.03957, 
5.35732, 0.76668, 1.98368, 6.77443, 1.27583, 3.48423, 7.31449, 
-10.15448, -7.63014, -13.38294, -5.65657, -11.74783, -6.45229, 
-8.77157, -12.89188, -7.78294, -10.22618, -14.51075, 0, 0, 0, 
0, 0, 0, 0, 0, 0, 0, 0, 0, 0, 0, 0, 0, 0, 0, 0, 0, 0, 0, 0.88143, 
0.87881, 0.87648, 0.88121, 0.88142, 0.87383, 0.88346, 0.88351, 
0.88022, 0.88186, 0.87403, 0.86412, 0.87084, 0.86667, 0.87687, 
0.87309, 0.86414, 0.87066, 0.87138, 0.86732, 0.87878, 0.87115, 
0.0354, 0.0456, 0.0488, 0.0546, 0.0639, 0.0683, 0.0829, 0.085, 
0.0963, 0.1059, 0.1182, 101.3, 151.8, 155.1, 162.2, 204.9, 207.3, 
246.2, 231.1, 262.7, 281.9, 315.1, 444, 343, 1066, 1215, 1555, 
1944, 1368, 2227, 438, 129, 2016, 3, 1, 3, 2, 1, 2, 1, 1, 1, 
1, 1, 100, 100, 100, 100, 100, 100, 100, 100, 100, 100, 100, 
2500, 2500, 2500, 2500, 2500, 2500, 2500, 2500, 2500, 2500, 2500, 
9095.707, 9459.105, 9633.12, 10124.227, 10302.389, 10743.58, 
10967.394, 11181.734, 11463.017, 11567.379, 11678.182, 1, 1, 
1, 1, 1, 1, 1, 1, 1, 1, 1, 0.07143, 0.07143, 0.07143, 0.07143, 
0.07143, 0.07143, 0.07143, 0.07143, 0.07143, 0.07143, 0.07143, 
0, 0, 0, 0, 0, 0, 0, 0, 0, 0, 0, 0, 0, 0, 0, 0, 0, 0, 0, 0, 0, 
0, 0.85546, 0.86302, 0.86928, 0.86116, 0.8503, 0.85449, 0.85433, 
0.85777, 0.85114, 0.85582, 0.84515, 0.86697, 0.87091, 0.85708, 
0.86566, 0.85655, 0.8428, 0.86154, 0.85943, 0.85111, 0.85114, 
0.84655, 0.0416, 0.0467, 0.0535, 0.0556, 0.062, 0.0698, 0.0746, 
0.0797, 0.0906, 0.0987, 0.1094, 147.4, 161.5, 169.2, 178.8, 192.8, 
205.4, 216.4, 223, 236.2, 252, 267.4, 1, 1, 1, 1, 1, 1, 1, 1, 
1, 1, 1, 1, 1, 1, 1, 1, 1, 1, 1, 1, 1, 1, 1, 1, 1, 1, 1, 1, 1, 
1, 1, 1, 1, 1, 1, 1, 1, 1, 1, 1, 1, 1, 1, 1, 3.389, 3.618, 3.533, 
3.794, 3.875, 3.913, 3.876, 3.996, 4.15, 3.983, 4.063), .Dim = c(11L, 
40L), .Dimnames = list(NULL, c("Sampling", "PSO.cost", "PSO.gamma", 
"PSO.data.balancing", "PSO.feature.selection", "PSO.valid.acc", 
"PSO.test.acc", "PSO.train.time", "PSO.n.support.vectors", "PSO.index", 
"PSO.n.solutions", "PSO.generations", "PSO.n.evaluations", "PSO.cpu.time", 
"RS.cost", "RS.gamma", "RS.data.balancing", "RS.feature.selection", 
"RS.valid.acc", "RS.test.acc", "RS.train.time", "RS.n.support.vectors", 
"RS.index", "RS.n.solutions", "RS.generations", "RS.n.evaluations", 
"RS.cpu.time", "DF.cost", "DF.gamma", "DF.data.balancing", "DF.feature.selection", 
"DF.valid.acc", "DF.test.acc", "DF.train.time", "DF.n.support.vectors", 
"DF.index", "DF.n.solutions", "DF.generations", "DF.n.evaluations", 
"DF.cpu.time")))
