full <-
structure(c(50, 55, 60, 65, 70, 75, 80, 85, 90, 95, 100, 9.21009, 
5.51824, 9.32273, 5.2471, 9.04814, 2.45845, 0.59953, 8.41396, 
0.8692, 2.78904, 4.85471, -15, -11.03205, -15, -11.88827, -15, 
-9.01939, -7.08586, -15, -7.861, -9.82282, -12.16899, 0, 0, 0, 
0, 0, 0, 0, 0, 0, 0, 0, 0, 0, 0, 0, 0, 0, 0, 0, 0, 0, 0, 0.87771, 
0.88626, 0.87695, 0.87488, 0.87117, 0.8679, 0.88206, 0.87475, 
0.87673, 0.87403, 0.87535, 0.86662, 0.87566, 0.86475, 0.86377, 
0.85663, 0.86409, 0.86569, 0.87133, 0.87515, 0.86939, 0.86953, 
0.0398, 0.0435, 0.0482, 0.0573, 0.0591, 0.0683, 0.0746, 0.0842, 
0.0937, 0.1037, 0.114, 141.6, 145.2, 163.3, 200.5, 194, 224.5, 
239, 247.4, 283.4, 297.1, 321, 214, 665, 99, 362, 217, 243, 1552, 
255, 2105, 839, 953, 82, 36, 212, 12, 71, 131, 12, 46, 2, 28, 
50, 100, 100, 100, 100, 100, 100, 100, 100, 100, 100, 100, 2500, 
2500, 2500, 2500, 2500, 2500, 2500, 2500, 2500, 2500, 2500, 8503.167, 
8648.805, 8661.941, 8990.837, 9040.12300000001, 9155.15399999999, 
10357.805, 12292.01, 9633.891, 9773.149, 10128.521, 4.62978, 
5.86638, 4.65475, 3.93495, 7.31286, 3.18342, 4.18067, 1.25772, 
5.17083, 7.89323, 5.55305, -10.35624, -11.37599, -10.22906, -10.56539, 
-13.26313, -9.87785, -10.80259, -7.81327, -11.68339, -14.94092, 
-12.88027, 0, 0, 0, 0, 0, 0, 0, 0, 0, 0, 0, 0, 0, 0, 0, 0, 0, 
0, 0, 0, 0, 0, 0.87779, 0.88626, 0.87689, 0.87488, 0.87117, 0.8679, 
0.88014, 0.87475, 0.87361, 0.87403, 0.87533, 0.86662, 0.87566, 
0.86719, 0.86377, 0.85663, 0.85825, 0.86199, 0.86785, 0.87028, 
0.86939, 0.86953, 0.0391, 0.0418, 0.0477, 0.0556, 0.0613, 0.0683, 
0.0777, 0.0854, 0.0877, 0.1032, 0.1157, 141.9, 145, 162.7, 200.5, 
194.2, 227.4, 236.7, 252, 260.5, 296, 322, 722, 2004, 102, 738, 
2456, 94, 502, 2158, 1046, 1715, 1963, 1, 1, 3, 2, 1, 4, 3, 1, 
2, 2, 1, 100, 100, 100, 100, 100, 100, 100, 100, 100, 100, 100, 
2500, 2500, 2500, 2500, 2500, 2500, 2500, 2500, 2500, 2500, 2500, 
8814.38, 8986.77, 9113.637, 9451.458, 9650.85399999999, 9835.02200000001, 
12946.875, 12946.875, 10638.782, 11071.746, 11559.25, 1, 1, 1, 
1, 1, 1, 1, 1, 1, 1, 1, 0.07143, 0.07143, 0.07143, 0.07143, 0.07143, 
0.07143, 0.07143, 0.07143, 0.07143, 0.07143, 0.07143, 0, 0, 0, 
0, 0, 0, 0, 0, 0, 0, 0, 0, 0, 0, 0, 0, 0, 0, 0, 0, 0, 0, 0.82576, 
0.85212, 0.85987, 0.84831, 0.85451, 0.84445, 0.84906, 0.85774, 
0.85405, 0.85247, 0.85651, 0.83771, 0.85738, 0.86225, 0.85039, 
0.85451, 0.85821, 0.85643, 0.85774, 0.85405, 0.85247, 0.85653, 
0.039, 0.0433, 0.0491, 0.0556, 0.0608, 0.0651, 0.0758, 0.0774, 
0.0876, 0.0944, 0.1036, 144.4, 151, 168.7, 182.4, 194, 204, 215.9, 
226.8, 240.8, 253.8, 267.9, 1, 1, 1, 1, 1, 1, 1, 1, 1, 1, 1, 
1, 1, 1, 1, 1, 1, 1, 1, 1, 1, 1, 1, 1, 1, 1, 1, 1, 1, 1, 1, 1, 
1, 1, 1, 1, 1, 1, 1, 1, 1, 1, 1, 1, 3.258, 3.446, 3.462, 3.618, 
3.546, 3.514, 4.535, 3.604, 3.735, 3.83, 3.816), .Dim = c(11L, 
40L), .Dimnames = list(NULL, c("Sampling", "PSO.cost", "PSO.gamma", 
"PSO.data.balancing", "PSO.feature.selection", "PSO.valid.acc", 
"PSO.test.acc", "PSO.train.time", "PSO.n.support.vectors", "PSO.index", 
"PSO.n.solutions", "PSO.generations", "PSO.n.evaluations", "PSO.cpu.time", 
"RS.cost", "RS.gamma", "RS.data.balancing", "RS.feature.selection", 
"RS.valid.acc", "RS.test.acc", "RS.train.time", "RS.n.support.vectors", 
"RS.index", "RS.n.solutions", "RS.generations", "RS.n.evaluations", 
"RS.cpu.time", "DF.cost", "DF.gamma", "DF.data.balancing", "DF.feature.selection", 
"DF.valid.acc", "DF.test.acc", "DF.train.time", "DF.n.support.vectors", 
"DF.index", "DF.n.solutions", "DF.generations", "DF.n.evaluations", 
"DF.cpu.time")))
