full <-
structure(c(50, 55, 60, 65, 70, 75, 80, 85, 90, 95, 100, 15, 
14.13027, 5.01564, 5.11239, 8.14158, 11.38171, 12.91871, 10.24624, 
14.65228, 7.2943, 7.71697, -10.24174, -12.92555, -8.33712, -6.58573, 
-10.74779, -12.04532, -15, -10.26374, -12.33967, -8.20346, -9.03796, 
0, 0, 0, 0, 0, 0, 0, 0, 0, 0, 0, 0, 0, 0, 0, 0, 0, 0, 0, 0, 0, 
0, 0.95469, 0.94597, 0.94288, 0.94052, 0.93794, 0.93313, 0.92324, 
0.91706, 0.92203, 0.92572, 0.92493, 0.9456, 0.92514, 0.92764, 
0.94039, 0.92856, 0.93323, 0.91753, 0.90632, 0.9169, 0.92328, 
0.92266, 0.0163, 0.0149, 0.0154, 0.0154, 0.0176, 0.0177, 0.0194, 
0.0215, 0.027, 0.0239, 0.0247, 23.2, 31.5, 57.9, 49.7, 60.2, 
56.3, 68.7, 68.4, 70.4, 78.5, 83.7, 53, 88, 407, 2267, 76, 400, 
74, 96, 107, 129, 202, 616, 1203, 83, 4, 226, 54, 324, 231, 508, 
87, 291, 100, 100, 100, 100, 100, 100, 100, 100, 100, 100, 100, 
2500, 2500, 2500, 2500, 2500, 2500, 2500, 2500, 2500, 2500, 2500, 
6077.637, 6112.441, 6350.066, 6433.31, 6400.565, 6472.804, 6486.54299999999, 
6631.413, 6695.31199999999, 6728.10799999999, 6665.446, 13.89759, 
13.87169, 4.80146, 2.96879, 9.7411, 9.38843, 10.31063, 14.35073, 
8.45152, 11.61028, 10.13552, -9.74891, -12.62144, -8.15671, -7.21206, 
-12.61146, -11.08035, -12.49795, -11.96964, -9.95392, -11.78454, 
-9.77496, 0, 0, 0, 0, 0, 0, 0, 0, 0, 0, 0, 0, 0, 0, 0, 0, 0, 
0, 0, 0, 0, 0, 0.95469, 0.94597, 0.93917, 0.94039, 0.93794, 0.93019, 
0.92324, 0.91706, 0.92209, 0.92567, 0.92271, 0.9456, 0.92514, 
0.92764, 0.9335, 0.93169, 0.9301, 0.91753, 0.91165, 0.90946, 
0.91608, 0.91589, 0.0157, 0.0145, 0.0158, 0.0172, 0.0171, 0.019, 
0.0193, 0.0262, 0.023, 0.0257, 0.0255, 23.3, 31.5, 58.4, 69.1, 
62.2, 59.3, 68.8, 65.2, 77.8, 77.9, 78, 54, 136, 1186, 749, 284, 
160, 584, 351, 333, 1199, 1614, 6, 5, 1, 1, 19, 17, 6, 5, 2, 
1, 2, 100, 100, 100, 100, 100, 100, 100, 100, 100, 100, 100, 
2500, 2500, 2500, 2500, 2500, 2500, 2500, 2500, 2500, 2500, 2500, 
6100.178, 6231.532, 6443.532, 6514.762, 6641.276, 6659.583, 6730.868, 
6817.303, 6897.63, 7038.625, 7051.69899999999, 1, 1, 1, 1, 1, 
1, 1, 1, 1, 1, 1, 0.14286, 0.14286, 0.14286, 0.14286, 0.14286, 
0.14286, 0.14286, 0.14286, 0.14286, 0.14286, 0.14286, 0, 0, 0, 
0, 0, 0, 0, 0, 0, 0, 0, 0, 0, 0, 0, 0, 0, 0, 0, 0, 0, 0, 0.91767, 
0.90462, 0.89003, 0.92968, 0.92503, 0.91807, 0.90911, 0.90368, 
0.90183, 0.90191, 0.90215, 0.89945, 0.90846, 0.90513, 0.92635, 
0.91878, 0.91192, 0.91189, 0.91464, 0.90195, 0.90911, 0.89539, 
0.0142, 0.0154, 0.0166, 0.0177, 0.0184, 0.0212, 0.0217, 0.022, 
0.024, 0.0275, 0.0275, 62.6, 71.8, 77.6, 78.2, 84.7, 89.8, 97.7, 
104.3, 109.8, 116.9, 123, 1, 1, 1, 1, 1, 1, 1, 1, 1, 1, 1, 1, 
1, 1, 1, 1, 1, 1, 1, 1, 1, 1, 1, 1, 1, 1, 1, 1, 1, 1, 1, 1, 1, 
1, 1, 1, 1, 1, 1, 1, 1, 1, 1, 1, 2.392, 2.521, 2.536, 2.541, 
2.594, 2.702, 2.626, 2.597, 2.552, 2.84, 2.693), .Dim = c(11L, 
40L), .Dimnames = list(NULL, c("Sampling", "PSO.cost", "PSO.gamma", 
"PSO.data.balancing", "PSO.feature.selection", "PSO.valid.acc", 
"PSO.test.acc", "PSO.train.time", "PSO.n.support.vectors", "PSO.index", 
"PSO.n.solutions", "PSO.generations", "PSO.n.evaluations", "PSO.cpu.time", 
"RS.cost", "RS.gamma", "RS.data.balancing", "RS.feature.selection", 
"RS.valid.acc", "RS.test.acc", "RS.train.time", "RS.n.support.vectors", 
"RS.index", "RS.n.solutions", "RS.generations", "RS.n.evaluations", 
"RS.cpu.time", "DF.cost", "DF.gamma", "DF.data.balancing", "DF.feature.selection", 
"DF.valid.acc", "DF.test.acc", "DF.train.time", "DF.n.support.vectors", 
"DF.index", "DF.n.solutions", "DF.generations", "DF.n.evaluations", 
"DF.cpu.time")))
