full <-
structure(c(50, 55, 60, 65, 70, 75, 80, 85, 90, 95, 100, 5.19088, 
13.12348, 6.7234, 3.45115, 14.737, 11.96443, 6.09526, 13.41582, 
9.0176, 11.2736, 6.76432, -7.03925, -15, -8.05807, -6.26013, 
-14.60874, -14.01432, -7.20927, -14.62957, -10.4025, -10.63879, 
-8.07663, 0, 0, 0, 0, 0, 0, 0, 0, 0, 0, 0, 0, 0, 0, 0, 0, 0, 
0, 0, 0, 0, 0, 0.95455, 0.942, 0.95085, 0.94729, 0.93857, 0.94847, 
0.94054, 0.92276, 0.91884, 0.92322, 0.92731, 0.94091, 0.93367, 
0.93575, 0.94027, 0.93857, 0.92744, 0.93188, 0.92269, 0.9214, 
0.91358, 0.9113, 0.0138, 0.0133, 0.0147, 0.0157, 0.0175, 0.0173, 
0.0179, 0.0232, 0.023, 0.0243, 0.0259, 34.4, 40.6, 40, 54.6, 
45.7, 57.2, 58, 70.4, 76.1, 73.2, 83.8, 1569, 256, 579, 154, 
21, 354, 221, 84, 115, 1316, 651, 6, 246, 94, 433, 1725, 108, 
75, 258, 728, 22, 150, 100, 100, 100, 100, 100, 100, 100, 100, 
100, 100, 100, 2500, 2500, 2500, 2500, 2500, 2500, 2500, 2500, 
2500, 2500, 2500, 6326.672, 5982.054, 6577.65, 6356.493, 6621.42099999999, 
6270.024, 7139.586, 6885.25999999999, 7054.11899999999, 6905.22900000001, 
6793.52600000001, 2.65517, 12.52202, 7.75572, 3.83233, 2.29155, 
12.16232, 6.43729, 9.38337, 13.10678, 5.12464, 7.5084, -4.3933, 
-13.94876, -8.8517, -6.52374, -4.61714, -14.20404, -7.36505, 
-12.86342, -9.15188, -8.43838, -8.65352, 0, 0, 0, 0, 0, 0, 0, 
0, 0, 0, 0, 0, 0, 0, 0, 0, 0, 0, 0, 0, 0, 0, 0.95455, 0.94183, 
0.9507, 0.94729, 0.9419, 0.94847, 0.93776, 0.92532, 0.91922, 
0.92079, 0.92726, 0.95, 0.93367, 0.9396, 0.94027, 0.93846, 0.92441, 
0.93188, 0.92269, 0.91396, 0.9137, 0.9113, 0.0134, 0.0134, 0.0145, 
0.0148, 0.0179, 0.0168, 0.0199, 0.0219, 0.0364, 0.0232, 0.0241, 
39, 39.8, 38.3, 53, 62.9, 57.2, 57.2, 84, 67, 93, 83.5, 1086, 
172, 960, 1248, 408, 618, 2176, 1917, 1146, 745, 1009, 1, 9, 
2, 1, 1, 3, 1, 2, 1, 2, 1, 100, 100, 100, 100, 100, 100, 100, 
100, 100, 100, 100, 2500, 2500, 2500, 2500, 2500, 2500, 2500, 
2500, 2500, 2500, 2500, 6222.171, 6503.588, 6324.115, 6241.031, 
7408.63800000001, 6315.64499999999, 6987.976, 6960.139, 7220.96699999999, 
7117.30700000002, 6798.10500000001, 1, 1, 1, 1, 1, 1, 1, 1, 1, 
1, 1, 0.14286, 0.14286, 0.14286, 0.14286, 0.14286, 0.14286, 0.14286, 
0.14286, 0.14286, 0.14286, 0.14286, 0, 0, 0, 0, 0, 0, 0, 0, 0, 
0, 0, 0, 0, 0, 0, 0, 0, 0, 0, 0, 0, 0, 0.93636, 0.91267, 0.9319, 
0.92635, 0.92233, 0.92726, 0.92037, 0.9091, 0.89889, 0.90871, 
0.90458, 0.95, 0.91267, 0.92804, 0.93682, 0.91878, 0.9212, 0.92045, 
0.9064, 0.89621, 0.91097, 0.90913, 0.0139, 0.0156, 0.0157, 0.0172, 
0.0207, 0.0195, 0.0217, 0.0239, 0.0248, 0.0271, 0.027, 58.1, 
65.5, 69.8, 76.1, 85.2, 83.7, 92.9, 103.8, 110.8, 118, 122.5, 
1, 1, 1, 1, 1, 1, 1, 1, 1, 1, 1, 1, 1, 1, 1, 1, 1, 1, 1, 1, 1, 
1, 1, 1, 1, 1, 1, 1, 1, 1, 1, 1, 1, 1, 1, 1, 1, 1, 1, 1, 1, 1, 
1, 1, 2.52, 2.641, 2.435, 2.436, 3.078, 2.522, 2.648, 2.745, 
2.652, 2.75, 2.521), .Dim = c(11L, 40L), .Dimnames = list(NULL, 
    c("Sampling", "PSO.cost", "PSO.gamma", "PSO.data.balancing", 
    "PSO.feature.selection", "PSO.valid.acc", "PSO.test.acc", 
    "PSO.train.time", "PSO.n.support.vectors", "PSO.index", "PSO.n.solutions", 
    "PSO.generations", "PSO.n.evaluations", "PSO.cpu.time", "RS.cost", 
    "RS.gamma", "RS.data.balancing", "RS.feature.selection", 
    "RS.valid.acc", "RS.test.acc", "RS.train.time", "RS.n.support.vectors", 
    "RS.index", "RS.n.solutions", "RS.generations", "RS.n.evaluations", 
    "RS.cpu.time", "DF.cost", "DF.gamma", "DF.data.balancing", 
    "DF.feature.selection", "DF.valid.acc", "DF.test.acc", "DF.train.time", 
    "DF.n.support.vectors", "DF.index", "DF.n.solutions", "DF.generations", 
    "DF.n.evaluations", "DF.cpu.time")))
