full <-
structure(c(50, 55, 60, 65, 70, 75, 80, 85, 90, 95, 100, 13.88747, 
14.69217, 12.65167, 7.31909, 8.87963, 8.91029, 15, 9.37529, 10.87201, 
11.00321, 11.08105, -10.85129, -13.83419, -11.99025, -8.06583, 
-11.03113, -9.47725, -13.28779, -11.34621, -12.29853, -10.23915, 
-11.17758, 0, 0, 0, 0, 0, 0, 0, 0, 0, 0, 0, 0, 0, 0, 0, 0, 0, 
0, 0, 0, 0, 0, 0.92659, 0.9345, 0.94272, 0.94433, 0.94473, 0.93929, 
0.93442, 0.93051, 0.92179, 0.92344, 0.92489, 0.91728, 0.93415, 
0.92734, 0.93374, 0.92849, 0.93011, 0.92307, 0.92781, 0.9141, 
0.91635, 0.92267, 0.0183, 0.0166, 0.0177, 0.0174, 0.0187, 0.0198, 
0.0225, 0.0215, 0.0234, 0.0252, 0.026, 42.3, 43.4, 46.2, 53.3, 
63.4, 58.6, 58, 74.3, 76.5, 72.7, 80.5, 872, 73, 145, 1361, 42, 
586, 101, 130, 96, 246, 418, 1, 1018, 525, 31, 98, 92, 371, 123, 
345, 108, 58, 100, 100, 100, 100, 100, 100, 100, 100, 100, 100, 
100, 2500, 2500, 2500, 2500, 2500, 2500, 2500, 2500, 2500, 2500, 
2500, 6822.887, 6892.317, 6897.628, 6931.333, 6978.569, 7031.34299999999, 
7113.715, 7194.40300000001, 7164.16200000001, 7274.03900000002, 
7294.655, 14.29318, 14.07005, 11.72418, 8.30984, 4.46906, 7.12028, 
13.27171, 11.71375, 13.16407, 11.46446, 11.14279, -14.8771, -12.88247, 
-11.8133, -7.31362, -7.01091, -8.12192, -12.5302, -13.37475, 
-10.01954, -10.5678, -11.15672, 0, 0, 0, 0, 0, 0, 0, 0, 0, 0, 
0, 0, 0, 0, 0, 0, 0, 0, 0, 0, 0, 0, 0.92637, 0.9345, 0.93902, 
0.94421, 0.94473, 0.93626, 0.93442, 0.93051, 0.92186, 0.92344, 
0.92267, 0.91728, 0.93015, 0.92734, 0.91281, 0.93172, 0.92708, 
0.92013, 0.92518, 0.91429, 0.91879, 0.92267, 0.015, 0.0175, 0.0173, 
0.0176, 0.0196, 0.0199, 0.0212, 0.0216, 0.0305, 0.0254, 0.0257, 
45.2, 43.5, 47.2, 49.7, 67, 59.9, 59, 72.8, 67.6, 72.7, 80.2, 
78, 53, 1339, 1393, 292, 118, 110, 145, 803, 295, 1506, 6, 42, 
2, 4, 4, 30, 3, 8, 4, 4, 1, 100, 100, 100, 100, 100, 100, 100, 
100, 100, 100, 100, 2500, 2500, 2500, 2500, 2500, 2500, 2500, 
2500, 2500, 2500, 2500, 6956.047, 7011.847, 7046.947, 7079.691, 
7135.15900000001, 7197.171, 7299.91800000001, 7409.833, 7500.63, 
7515.44199999998, 7553.91400000002, 1, 1, 1, 1, 1, 1, 1, 1, 1, 
1, 1, 0.14286, 0.14286, 0.14286, 0.14286, 0.14286, 0.14286, 0.14286, 
0.14286, 0.14286, 0.14286, 0.14286, 0, 0, 0, 0, 0, 0, 0, 0, 0, 
0, 0, 0, 0, 0, 0, 0, 0, 0, 0, 0, 0, 0, 0.89121, 0.89682, 0.88615, 
0.90936, 0.91548, 0.90605, 0.91212, 0.90917, 0.90667, 0.90683, 
0.89978, 0.87738, 0.89682, 0.89, 0.91268, 0.91548, 0.91202, 0.90641, 
0.91458, 0.90667, 0.89957, 0.90681, 0.016, 0.017, 0.0176, 0.0186, 
0.0205, 0.0208, 0.022, 0.0232, 0.0251, 0.027, 0.0288, 77.2, 79.2, 
83.7, 87.4, 93.3, 96.3, 100.9, 107, 113.8, 117, 121.8, 1, 1, 
1, 1, 1, 1, 1, 1, 1, 1, 1, 1, 1, 1, 1, 1, 1, 1, 1, 1, 1, 1, 1, 
1, 1, 1, 1, 1, 1, 1, 1, 1, 1, 1, 1, 1, 1, 1, 1, 1, 1, 1, 1, 1, 
2.706, 2.795, 2.754, 2.833, 2.792, 2.796, 2.878, 2.856, 2.858, 
2.815, 2.91), .Dim = c(11L, 40L), .Dimnames = list(NULL, c("Sampling", 
"PSO.cost", "PSO.gamma", "PSO.data.balancing", "PSO.feature.selection", 
"PSO.valid.acc", "PSO.test.acc", "PSO.train.time", "PSO.n.support.vectors", 
"PSO.index", "PSO.n.solutions", "PSO.generations", "PSO.n.evaluations", 
"PSO.cpu.time", "RS.cost", "RS.gamma", "RS.data.balancing", "RS.feature.selection", 
"RS.valid.acc", "RS.test.acc", "RS.train.time", "RS.n.support.vectors", 
"RS.index", "RS.n.solutions", "RS.generations", "RS.n.evaluations", 
"RS.cpu.time", "DF.cost", "DF.gamma", "DF.data.balancing", "DF.feature.selection", 
"DF.valid.acc", "DF.test.acc", "DF.train.time", "DF.n.support.vectors", 
"DF.index", "DF.n.solutions", "DF.generations", "DF.n.evaluations", 
"DF.cpu.time")))
