full <-
structure(c(50, 55, 60, 65, 70, 75, 80, 85, 90, 95, 100, 10.62648, 
14.00389, 10.68741, 11.99381, 13.07855, 15, 14.08837, 4.81113, 
15, 15, 8.55121, -13.27102, -12.46956, -9.83997, -13.13583, -12.87605, 
-14.51297, -13.55839, -8.95341, -14.36611, -9.35266, -9.5989, 
0, 0, 0, 0, 0, 0, 0, 0, 0, 0, 0, 0, 0, 0, 0, 0, 0, 0, 0, 0, 0, 
0, 0.90054, 0.90132, 0.92032, 0.90639, 0.90608, 0.91521, 0.91182, 
0.91245, 0.91929, 0.92118, 0.92286, 0.89577, 0.88465, 0.89352, 
0.90295, 0.89952, 0.90924, 0.9119, 0.89878, 0.91673, 0.91177, 
0.91599, 0.0158, 0.0176, 0.017, 0.0181, 0.0203, 0.0208, 0.0229, 
0.0234, 0.0246, 0.0648, 0.0257, 55.8, 50.7, 55.7, 63, 63, 64.5, 
67.7, 96.8, 72.5, 72.8, 83.3, 352, 1132, 551, 131, 136, 278, 
99, 50, 144, 274, 3, 312, 11, 284, 113, 1183, 131, 1025, 151, 
97, 2, 443, 100, 100, 100, 100, 100, 100, 100, 100, 100, 100, 
100, 2500, 2500, 2500, 2500, 2500, 2500, 2500, 2500, 2500, 2500, 
2500, 6617.824, 6473.551, 6623.321, 7019.422, 7116.774, 7035.29300000001, 
6865.03, 6945.59699999999, 6850.647, 7582.81800000001, 6733.98000000001, 
11.62116, 14.22786, 10.94723, 12.11717, 14.37631, 11.33056, 14.74, 
1.50307, 11.6676, 14.8891, 8.53518, -14.28767, -8.66456, -9.98092, 
-13.28614, -13.50714, -12.51355, -14.23756, -5.95654, -12.42492, 
-9.70254, -9.47038, 0, 0, 0, 0, 0, 0, 0, 0, 0, 0, 0, 0, 0, 0, 
0, 0, 0, 0, 0, 0, 0, 0, 0.90054, 0.89717, 0.92032, 0.90639, 0.90608, 
0.91521, 0.91182, 0.91252, 0.91673, 0.91891, 0.92286, 0.89577, 
0.8765, 0.89352, 0.90295, 0.89952, 0.90906, 0.9119, 0.89885, 
0.91417, 0.90701, 0.91599, 0.0149, 0.0309, 0.0175, 0.0183, 0.0199, 
0.0202, 0.0221, 0.0234, 0.0233, 0.0595, 0.0248, 55.9, 49.9, 55.6, 
63.1, 61.8, 69.3, 67.4, 103.8, 76.4, 74.3, 83.1, 55, 333, 23, 
1389, 140, 1092, 99, 72, 114, 497, 194, 9, 4, 2, 1, 12, 3, 15, 
1, 26, 12, 3, 100, 100, 100, 100, 100, 100, 100, 100, 100, 100, 
100, 2500, 2500, 2500, 2500, 2500, 2500, 2500, 2500, 2500, 2500, 
2500, 6796.43, 6458.842, 6880.275, 7330.016, 7201.372, 7157.841, 
7170.914, 7054.54399999999, 7048.262, 7163.921, 7174.514, 1, 
1, 1, 1, 1, 1, 1, 1, 1, 1, 1, 0.14286, 0.14286, 0.14286, 0.14286, 
0.14286, 0.14286, 0.14286, 0.14286, 0.14286, 0.14286, 0.14286, 
0, 0, 0, 0, 0, 0, 0, 0, 0, 0, 0, 0, 0, 0, 0, 0, 0, 0, 0, 0, 0, 
0, 0.85981, 0.86397, 0.8676, 0.8778, 0.88318, 0.88232, 0.88895, 
0.88833, 0.89897, 0.90213, 0.90912, 0.86909, 0.8718, 0.85989, 
0.89555, 0.8863, 0.88223, 0.89492, 0.89359, 0.90404, 0.9044, 
0.90215, 0.0154, 0.0158, 0.0183, 0.0199, 0.0209, 0.0222, 0.023, 
0.0236, 0.0243, 0.0266, 0.0274, 78.1, 83.1, 88.4, 94.1, 99, 102.8, 
107.9, 111, 114.5, 118.4, 122.9, 1, 1, 1, 1, 1, 1, 1, 1, 1, 1, 
1, 1, 1, 1, 1, 1, 1, 1, 1, 1, 1, 1, 1, 1, 1, 1, 1, 1, 1, 1, 1, 
1, 1, 1, 1, 1, 1, 1, 1, 1, 1, 1, 1, 1, 2.484, 2.449, 2.732, 2.811, 
2.924, 2.854, 2.784, 2.681, 2.639, 2.861, 2.668), .Dim = c(11L, 
40L), .Dimnames = list(NULL, c("Sampling", "PSO.cost", "PSO.gamma", 
"PSO.data.balancing", "PSO.feature.selection", "PSO.valid.acc", 
"PSO.test.acc", "PSO.train.time", "PSO.n.support.vectors", "PSO.index", 
"PSO.n.solutions", "PSO.generations", "PSO.n.evaluations", "PSO.cpu.time", 
"RS.cost", "RS.gamma", "RS.data.balancing", "RS.feature.selection", 
"RS.valid.acc", "RS.test.acc", "RS.train.time", "RS.n.support.vectors", 
"RS.index", "RS.n.solutions", "RS.generations", "RS.n.evaluations", 
"RS.cpu.time", "DF.cost", "DF.gamma", "DF.data.balancing", "DF.feature.selection", 
"DF.valid.acc", "DF.test.acc", "DF.train.time", "DF.n.support.vectors", 
"DF.index", "DF.n.solutions", "DF.generations", "DF.n.evaluations", 
"DF.cpu.time")))
