full <-
structure(c(50, 55, 60, 65, 70, 75, 80, 85, 90, 95, 100, 6.90807, 
10.228, 14.60331, 2.32646, 7.67446, 11.49274, 10.13394, 9.11067, 
8.7807, 13.73912, 8.74907, -7.08927, -10.0495, -11.81901, -4.25981, 
-7.43898, -10.45739, -9.55077, -10.35175, -8.96505, -10.33729, 
-9.92834, 0, 0, 0, 0, 0, 0, 0, 0, 0, 0, 0, 0, 0, 0, 0, 0, 0, 
0, 0, 0, 0, 0, 0.92763, 0.93867, 0.93527, 0.9198, 0.91224, 0.92736, 
0.9204, 0.91458, 0.92679, 0.92085, 0.91826, 0.91376, 0.93032, 
0.92016, 0.90933, 0.91547, 0.91835, 0.91746, 0.89296, 0.9241, 
0.9065, 0.91382, 0.0145, 0.0158, 0.0217, 0.0185, 0.0189, 0.0215, 
0.0227, 0.0232, 0.0237, 0.0358, 0.0264, 40.4, 46.2, 45.5, 66.8, 
55.2, 58.5, 61.8, 77.7, 72.6, 72.6, 83.3, 321, 224, 155, 103, 
528, 23, 213, 181, 1930, 67, 250, 272, 446, 678, 125, 163, 334, 
232, 471, 1, 543, 188, 100, 100, 100, 100, 100, 100, 100, 100, 
100, 100, 100, 2500, 2500, 2500, 2500, 2500, 2500, 2500, 2500, 
2500, 2500, 2500, 6801.178, 6837.568, 7016.528, 7058.431, 7125.997, 
7018.39300000001, 6941.439, 6937.655, 7017.685, 7344.114, 7074.19099999999, 
7.31696, 10.45213, 13.87998, 1.83783, 9.78077, 13.08258, 9.07093, 
9.50361, 11.82843, 13.71405, 13.05888, -8.16761, -10.05916, -11.53053, 
-3.99109, -8.26612, -11.26011, -9.0882, -7.6721, -10.64336, -10.31275, 
-11.43174, 0, 0, 0, 0, 0, 0, 0, 0, 0, 0, 0, 0, 0, 0, 0, 0, 0, 
0, 0, 0, 0, 0, 0.92741, 0.93867, 0.93527, 0.91623, 0.91235, 0.92736, 
0.9204, 0.91458, 0.92422, 0.92085, 0.91821, 0.91748, 0.93032, 
0.91275, 0.91278, 0.92182, 0.92138, 0.9146, 0.89566, 0.9191, 
0.90889, 0.91382, 0.0145, 0.0164, 0.0198, 0.0183, 0.0204, 0.0234, 
0.021, 0.0257, 0.0253, 0.0354, 0.029, 42.9, 45.4, 45.6, 69.1, 
53.7, 57.5, 62.8, 68.6, 69.9, 72.6, 76.3, 797, 1133, 1464, 153, 
1170, 36, 2037, 371, 427, 542, 331, 1, 1, 2, 1, 1, 14, 1, 4, 
2, 10, 2, 100, 100, 100, 100, 100, 100, 100, 100, 100, 100, 100, 
2500, 2500, 2500, 2500, 2500, 2500, 2500, 2500, 2500, 2500, 2500, 
6869.136, 6926.114, 7026.61, 7074.88600000001, 7103.99400000001, 
7100.268, 7123.917, 7202.905, 7281.31700000001, 7398.45000000001, 
7434.837, 1, 1, 1, 1, 1, 1, 1, 1, 1, 1, 1, 0.14286, 0.14286, 
0.14286, 0.14286, 0.14286, 0.14286, 0.14286, 0.14286, 0.14286, 
0.14286, 0.14286, 0, 0, 0, 0, 0, 0, 0, 0, 0, 0, 0, 0, 0, 0, 0, 
0, 0, 0, 0, 0, 0, 0, 0.89164, 0.90583, 0.89737, 0.89493, 0.88913, 
0.90017, 0.89198, 0.90654, 0.89878, 0.91144, 0.89331, 0.89123, 
0.8975, 0.90151, 0.90897, 0.88923, 0.91229, 0.89476, 0.89573, 
0.90897, 0.90424, 0.89559, 0.0164, 0.0171, 0.0185, 0.0195, 0.0208, 
0.0215, 0.0234, 0.0249, 0.0259, 0.0277, 0.0296, 72.3, 78, 82.1, 
88.5, 95, 99.4, 102.9, 110, 113, 119.6, 121.8, 1, 1, 1, 1, 1, 
1, 1, 1, 1, 1, 1, 1, 1, 1, 1, 1, 1, 1, 1, 1, 1, 1, 1, 1, 1, 1, 
1, 1, 1, 1, 1, 1, 1, 1, 1, 1, 1, 1, 1, 1, 1, 1, 1, 1, 2.804, 
2.768, 2.757, 2.783, 2.82, 2.76, 2.819, 2.79, 2.764, 2.799, 2.9
), .Dim = c(11L, 40L), .Dimnames = list(NULL, c("Sampling", "PSO.cost", 
"PSO.gamma", "PSO.data.balancing", "PSO.feature.selection", "PSO.valid.acc", 
"PSO.test.acc", "PSO.train.time", "PSO.n.support.vectors", "PSO.index", 
"PSO.n.solutions", "PSO.generations", "PSO.n.evaluations", "PSO.cpu.time", 
"RS.cost", "RS.gamma", "RS.data.balancing", "RS.feature.selection", 
"RS.valid.acc", "RS.test.acc", "RS.train.time", "RS.n.support.vectors", 
"RS.index", "RS.n.solutions", "RS.generations", "RS.n.evaluations", 
"RS.cpu.time", "DF.cost", "DF.gamma", "DF.data.balancing", "DF.feature.selection", 
"DF.valid.acc", "DF.test.acc", "DF.train.time", "DF.n.support.vectors", 
"DF.index", "DF.n.solutions", "DF.generations", "DF.n.evaluations", 
"DF.cpu.time")))
