full <-
structure(c(50, 55, 60, 65, 70, 75, 80, 85, 90, 95, 100, 9.60054, 
14.35116, 6.53663, 7.60026, 7.7478, 4.80425, 12.97287, 13.13494, 
7.96862, 4.29141, 13.85046, -12.74935, -14.90765, -9.90405, -9.26392, 
-10.33657, -8.17836, -12.79626, -13.46609, -9.35482, -7.2844, 
-14.98472, 0, 0, 0, 0, 0, 0, 0, 0, 0, 0, 0, 0, 0, 0, 0, 0, 0, 
0, 0, 0, 0, 0, 0.91818, 0.93383, 0.91325, 0.91613, 0.92223, 0.91818, 
0.92889, 0.92788, 0.92154, 0.91626, 0.92039, 0.90909, 0.91733, 
0.8943, 0.91244, 0.91578, 0.90909, 0.91754, 0.90384, 0.92167, 
0.90418, 0.91584, 0.0157, 0.0156, 0.0166, 0.0184, 0.0192, 0.0199, 
0.0216, 0.0225, 0.0239, 0.0246, 0.0268, 54, 46.1, 67.6, 62.6, 
69.5, 77.2, 65.3, 71.4, 76.6, 92.2, 84.9, 28, 1358, 1100, 50, 
237, 276, 1112, 623, 141, 436, 88, 311, 8, 34, 225, 89, 178, 
87, 184, 446, 66, 564, 100, 100, 100, 100, 100, 100, 100, 100, 
100, 100, 100, 2500, 2500, 2500, 2500, 2500, 2500, 2500, 2500, 
2500, 2500, 2500, 6528.13, 6502.72, 6908.298, 6908.826, 6953.634, 
7019.614, 7102.48199999999, 7096.83199999999, 7122.77200000001, 
7243.086, 7179.08599999998, 4.93162, 7.90578, 4.06402, 7.44788, 
8.26156, 2.99739, 13.36435, 12.91826, 8.17758, 2.76721, 13.84063, 
-8.3824, -8.35426, -7.44078, -8.97508, -10.5377, -6.40703, -12.95802, 
-13.29332, -9.36741, -5.94447, -14.98199, 0, 0, 0, 0, 0, 0, 0, 
0, 0, 0, 0, 0, 0, 0, 0, 0, 0, 0, 0, 0, 0, 0, 0.91818, 0.92967, 
0.91325, 0.91613, 0.91901, 0.91818, 0.92889, 0.92788, 0.92154, 
0.91376, 0.92039, 0.90455, 0.913, 0.89046, 0.91589, 0.91265, 
0.90909, 0.9204, 0.90114, 0.92423, 0.89936, 0.91584, 0.0145, 
0.0142, 0.0169, 0.0177, 0.0187, 0.0206, 0.0216, 0.0225, 0.0237, 
0.0256, 0.0265, 55, 45.4, 68.1, 61.8, 67.3, 78.3, 64.9, 71.5, 
75.4, 95.5, 84.7, 24, 48, 135, 1534, 106, 123, 77, 101, 34, 392, 
336, 23, 31, 1, 1, 10, 4, 4, 4, 4, 1, 3, 100, 100, 100, 100, 
100, 100, 100, 100, 100, 100, 100, 2500, 2500, 2500, 2500, 2500, 
2500, 2500, 2500, 2500, 2500, 2500, 6607.134, 6861.55, 7038.768, 
7095.993, 7128.39599999999, 7247.467, 7293.745, 7376.5, 7401.68700000001, 
7533.565, 7557.16199999998, 1, 1, 1, 1, 1, 1, 1, 1, 1, 1, 1, 
0.14286, 0.14286, 0.14286, 0.14286, 0.14286, 0.14286, 0.14286, 
0.14286, 0.14286, 0.14286, 0.14286, 0, 0, 0, 0, 0, 0, 0, 0, 0, 
0, 0, 0, 0, 0, 0, 0, 0, 0, 0, 0, 0, 0, 0.89091, 0.8965, 0.88974, 
0.89163, 0.88965, 0.88788, 0.90905, 0.91721, 0.90917, 0.89954, 
0.89744, 0.87273, 0.88817, 0.89003, 0.88805, 0.88288, 0.88788, 
0.88921, 0.89844, 0.9066, 0.8971, 0.89739, 0.0158, 0.0166, 0.0186, 
0.0195, 0.0206, 0.022, 0.0229, 0.0234, 0.026, 0.0278, 0.0291, 
71.4, 72.8, 84.9, 89.2, 92.4, 96.8, 100.9, 106.4, 109.6, 119.6, 
122.8, 1, 1, 1, 1, 1, 1, 1, 1, 1, 1, 1, 1, 1, 1, 1, 1, 1, 1, 
1, 1, 1, 1, 1, 1, 1, 1, 1, 1, 1, 1, 1, 1, 1, 1, 1, 1, 1, 1, 1, 
1, 1, 1, 1, 1, 2.704, 2.697, 2.793, 2.787, 2.829, 2.832, 2.858, 
2.762, 2.807, 2.856, 2.872), .Dim = c(11L, 40L), .Dimnames = list(
    NULL, c("Sampling", "PSO.cost", "PSO.gamma", "PSO.data.balancing", 
    "PSO.feature.selection", "PSO.valid.acc", "PSO.test.acc", 
    "PSO.train.time", "PSO.n.support.vectors", "PSO.index", "PSO.n.solutions", 
    "PSO.generations", "PSO.n.evaluations", "PSO.cpu.time", "RS.cost", 
    "RS.gamma", "RS.data.balancing", "RS.feature.selection", 
    "RS.valid.acc", "RS.test.acc", "RS.train.time", "RS.n.support.vectors", 
    "RS.index", "RS.n.solutions", "RS.generations", "RS.n.evaluations", 
    "RS.cpu.time", "DF.cost", "DF.gamma", "DF.data.balancing", 
    "DF.feature.selection", "DF.valid.acc", "DF.test.acc", "DF.train.time", 
    "DF.n.support.vectors", "DF.index", "DF.n.solutions", "DF.generations", 
    "DF.n.evaluations", "DF.cpu.time")))
