full <-
structure(c(50, 55, 60, 65, 70, 75, 80, 85, 90, 95, 100, 8.85538, 
5.48687, 15, 6.04429, 13.58087, 9.2725, 9.26709, 13.31351, 9.56518, 
8.95704, 9.51573, -7.45902, -6.33413, -11.15743, -7.05056, -8.48175, 
-7.66199, -8.39094, -8.8605, -8.09887, -9.98867, -9.92643, 0, 
0, 0, 0, 0, 0, 0, 0, 0, 0, 0, 0, 0, 0, 0, 0, 0, 0, 0, 0, 0, 0, 
0.95451, 0.955, 0.93932, 0.93038, 0.92866, 0.9301, 0.92913, 0.91977, 
0.92429, 0.92317, 0.9208, 0.94561, 0.93433, 0.93903, 0.91645, 
0.92554, 0.91502, 0.92921, 0.9091, 0.91917, 0.91835, 0.91636, 
0.0137, 0.0143, 0.0221, 0.016, 0.0298, 0.0211, 0.0217, 0.0375, 
0.0237, 0.0242, 0.0258, 31.5, 39.1, 40.7, 55, 47.5, 57.4, 62, 
62.5, 68.2, 80.1, 80.7, 451, 1806, 310, 234, 279, 361, 78, 278, 
264, 1365, 210, 85, 3, 773, 80, 70, 620, 84, 573, 237, 43, 265, 
100, 100, 100, 100, 100, 100, 100, 100, 100, 100, 100, 2500, 
2500, 2500, 2500, 2500, 2500, 2500, 2500, 2500, 2500, 2500, 6352.427, 
6365.129, 6548.558, 6486.255, 6841.744, 6561.576, 6703.446, 6968.249, 
6645.07000000001, 6602.48699999999, 6708.443, 4.61057, 5.15777, 
14.63199, 7.3625, 14.70205, 11.9332, 9.07398, 14.64584, 7.74725, 
9.63271, 9.32245, -5.28674, -6.0015, -10.97682, -7.477, -9.03083, 
-9.70787, -8.27696, -9.26338, -7.32527, -10.31141, -9.8763, 0, 
0, 0, 0, 0, 0, 0, 0, 0, 0, 0, 0, 0, 0, 0, 0, 0, 0, 0, 0, 0, 0, 
0.95451, 0.955, 0.93932, 0.93038, 0.92866, 0.93294, 0.92913, 
0.91977, 0.92429, 0.92079, 0.9208, 0.94107, 0.93433, 0.93903, 
0.91633, 0.92554, 0.92091, 0.92921, 0.90647, 0.92179, 0.91597, 
0.91408, 0.0137, 0.0142, 0.0209, 0.0167, 0.0369, 0.0212, 0.0202, 
0.0508, 0.0218, 0.0234, 0.0249, 38.7, 38.7, 40.6, 51.6, 47.2, 
56, 62.4, 62.1, 70.6, 78.2, 81.1, 47, 1375, 511, 1864, 159, 734, 
178, 196, 770, 361, 1124, 7, 1, 6, 1, 4, 2, 1, 8, 5, 2, 2, 100, 
100, 100, 100, 100, 100, 100, 100, 100, 100, 100, 2500, 2500, 
2500, 2500, 2500, 2500, 2500, 2500, 2500, 2500, 2500, 6458.52, 
6443.092, 6544.966, 6597.239, 6681.84, 6635.261, 6720.58199999999, 
6826.33600000001, 6899.712, 6969.54400000001, 7105.64199999999, 
1, 1, 1, 1, 1, 1, 1, 1, 1, 1, 1, 0.14286, 0.14286, 0.14286, 0.14286, 
0.14286, 0.14286, 0.14286, 0.14286, 0.14286, 0.14286, 0.14286, 
0, 0, 0, 0, 0, 0, 0, 0, 0, 0, 0, 0, 0, 0, 0, 0, 0, 0, 0, 0, 0, 
0, 0.94107, 0.93833, 0.90883, 0.91264, 0.89639, 0.90575, 0.9177, 
0.90106, 0.9066, 0.90424, 0.90468, 0.93652, 0.92182, 0.89729, 
0.91253, 0.89993, 0.91182, 0.91484, 0.90121, 0.9091, 0.9018, 
0.90014, 0.014, 0.0153, 0.0171, 0.0199, 0.02, 0.0211, 0.0217, 
0.0248, 0.0245, 0.0262, 0.0274, 63.9, 67.6, 77.2, 87.6, 93.7, 
101.4, 105.3, 110.9, 115.8, 117.4, 122.3, 1, 1, 1, 1, 1, 1, 1, 
1, 1, 1, 1, 1, 1, 1, 1, 1, 1, 1, 1, 1, 1, 1, 1, 1, 1, 1, 1, 1, 
1, 1, 1, 1, 1, 1, 1, 1, 1, 1, 1, 1, 1, 1, 1, 1, 2.44, 2.551, 
2.563, 2.823, 2.69, 2.641, 2.625, 2.767, 2.65, 2.636, 2.66), .Dim = c(11L, 
40L), .Dimnames = list(NULL, c("Sampling", "PSO.cost", "PSO.gamma", 
"PSO.data.balancing", "PSO.feature.selection", "PSO.valid.acc", 
"PSO.test.acc", "PSO.train.time", "PSO.n.support.vectors", "PSO.index", 
"PSO.n.solutions", "PSO.generations", "PSO.n.evaluations", "PSO.cpu.time", 
"RS.cost", "RS.gamma", "RS.data.balancing", "RS.feature.selection", 
"RS.valid.acc", "RS.test.acc", "RS.train.time", "RS.n.support.vectors", 
"RS.index", "RS.n.solutions", "RS.generations", "RS.n.evaluations", 
"RS.cpu.time", "DF.cost", "DF.gamma", "DF.data.balancing", "DF.feature.selection", 
"DF.valid.acc", "DF.test.acc", "DF.train.time", "DF.n.support.vectors", 
"DF.index", "DF.n.solutions", "DF.generations", "DF.n.evaluations", 
"DF.cpu.time")))
