full <-
structure(c(50, 55, 60, 65, 70, 75, 80, 85, 90, 95, 100, 1.38648, 
7.38374, 5.06967, 4.73012, 15, 8.7677, 10.02266, 15, 14.71121, 
13.91105, 8.80029, -3.54835, -7.7122, -8.27392, -6.65173, -10.263, 
-8.56419, -9.04035, -11.96485, -11.21004, -10.65177, -9.17535, 
0, 0, 0, 0, 0, 0, 0, 0, 0, 0, 0, 0, 0, 0, 0, 0, 0, 0, 0, 0, 0, 
0, 0.91795, 0.92612, 0.92863, 0.91315, 0.90548, 0.92422, 0.92576, 
0.92276, 0.91885, 0.91626, 0.93181, 0.89522, 0.90075, 0.92094, 
0.89566, 0.88914, 0.91522, 0.91433, 0.90661, 0.89878, 0.90912, 
0.92282, 0.0147, 0.0157, 0.0162, 0.0176, 0.0357, 0.0195, 0.0213, 
0.033, 0.034, 0.0332, 0.0257, 62.1, 48, 59.1, 61.8, 57.8, 62.9, 
64.7, 68.4, 71.5, 73.4, 80.2, 380, 509, 47, 149, 80, 466, 740, 
144, 362, 205, 496, 135, 209, 255, 329, 433, 114, 41, 814, 24, 
399, 152, 100, 100, 100, 100, 100, 100, 100, 100, 100, 100, 100, 
2500, 2500, 2500, 2500, 2500, 2500, 2500, 2500, 2500, 2500, 2500, 
6491.263, 6888.382, 6877.149, 6826.868, 7122.41800000001, 6892.202, 
6959.93700000001, 7044.189, 6994.372, 7162.443, 6925.217, 0.45487, 
7.62421, 4.89083, 6.67172, 10.70198, 8.73598, 10.91056, 14.61362, 
10.73575, 3.75278, 9.73435, -2.76173, -7.9372, -7.93387, -7.89622, 
-7.72401, -8.58276, -9.59986, -11.87988, -9.71853, -7.23636, 
-9.71126, 0, 0, 0, 0, 0, 0, 0, 0, 0, 0, 0, 0, 0, 0, 0, 0, 0, 
0, 0, 0, 0, 0, 0.9134, 0.92612, 0.92863, 0.91303, 0.90548, 0.92422, 
0.9229, 0.92013, 0.91635, 0.92096, 0.92953, 0.89996, 0.90944, 
0.92479, 0.90625, 0.89559, 0.91209, 0.91718, 0.90669, 0.89885, 
0.91144, 0.91605, 0.0149, 0.0157, 0.0163, 0.0175, 0.0231, 0.0193, 
0.0221, 0.0304, 0.0242, 0.0244, 0.025, 68.3, 48, 58.9, 58.5, 
58.5, 62.9, 64.4, 68.5, 73, 97.1, 79.1, 1001, 62, 847, 1763, 
109, 699, 26, 269, 758, 2411, 1185, 5, 6, 3, 1, 15, 4, 2, 1, 
1, 1, 5, 100, 100, 100, 100, 100, 100, 100, 100, 100, 100, 100, 
2500, 2500, 2500, 2500, 2500, 2500, 2500, 2500, 2500, 2500, 2500, 
6602.932, 6934.674, 6935.092, 7035.25, 6974.29300000001, 7014.86500000001, 
7038.546, 7095.84299999999, 7180.18500000001, 7242.72400000002, 
7270.08100000001, 1, 1, 1, 1, 1, 1, 1, 1, 1, 1, 1, 0.14286, 0.14286, 
0.14286, 0.14286, 0.14286, 0.14286, 0.14286, 0.14286, 0.14286, 
0.14286, 0.14286, 0, 0, 0, 0, 0, 0, 0, 0, 0, 0, 0, 0, 0, 0, 0, 
0, 0, 0, 0, 0, 0, 0, 0.90431, 0.90491, 0.9094, 0.88864, 0.88914, 
0.903, 0.9113, 0.90647, 0.90385, 0.89959, 0.90685, 0.89542, 0.90493, 
0.9057, 0.89221, 0.88269, 0.90631, 0.91131, 0.89566, 0.90897, 
0.88751, 0.91145, 0.0157, 0.0164, 0.0177, 0.0185, 0.0195, 0.0209, 
0.0217, 0.0234, 0.0259, 0.027, 0.0282, 70.5, 74.5, 77.2, 87.2, 
92.6, 96.1, 100.1, 110.2, 114.7, 118.4, 122.5, 1, 1, 1, 1, 1, 
1, 1, 1, 1, 1, 1, 1, 1, 1, 1, 1, 1, 1, 1, 1, 1, 1, 1, 1, 1, 1, 
1, 1, 1, 1, 1, 1, 1, 1, 1, 1, 1, 1, 1, 1, 1, 1, 1, 1, 2.73, 2.69, 
2.748, 2.786, 2.717, 2.74, 2.697, 2.694, 2.778, 2.779, 2.824), .Dim = c(11L, 
40L), .Dimnames = list(NULL, c("Sampling", "PSO.cost", "PSO.gamma", 
"PSO.data.balancing", "PSO.feature.selection", "PSO.valid.acc", 
"PSO.test.acc", "PSO.train.time", "PSO.n.support.vectors", "PSO.index", 
"PSO.n.solutions", "PSO.generations", "PSO.n.evaluations", "PSO.cpu.time", 
"RS.cost", "RS.gamma", "RS.data.balancing", "RS.feature.selection", 
"RS.valid.acc", "RS.test.acc", "RS.train.time", "RS.n.support.vectors", 
"RS.index", "RS.n.solutions", "RS.generations", "RS.n.evaluations", 
"RS.cpu.time", "DF.cost", "DF.gamma", "DF.data.balancing", "DF.feature.selection", 
"DF.valid.acc", "DF.test.acc", "DF.train.time", "DF.n.support.vectors", 
"DF.index", "DF.n.solutions", "DF.generations", "DF.n.evaluations", 
"DF.cpu.time")))
