full <-
structure(c(50, 55, 60, 65, 70, 75, 80, 85, 90, 95, 100, 10.15578, 
6.10327, 10.58801, 11.53361, 11.31299, 7.79281, 10.18616, 11.67304, 
8.70253, 14.83866, 11.41639, -8.48393, -8.55717, -9.47034, -12.77059, 
-8.46221, -10.42708, -7.44336, -9.10737, -8.94199, -14.8235, 
-10.21345, 0, 0, 0, 0, 0, 0, 0, 0, 0, 0, 0, 0, 0, 0, 0, 0, 0, 
0, 0, 0, 0, 0, 0.93656, 0.93847, 0.94329, 0.93387, 0.93495, 0.92127, 
0.91734, 0.92233, 0.91667, 0.91919, 0.92039, 0.91383, 0.9343, 
0.93959, 0.92685, 0.93183, 0.91824, 0.90313, 0.917, 0.90147, 
0.91454, 0.91796, 0.0151, 0.0149, 0.0158, 0.0156, 0.0187, 0.0174, 
0.024, 0.0256, 0.0222, 0.0246, 0.0265, 35.5, 49.9, 39.4, 50.3, 
45, 68.1, 59.6, 62.7, 72, 76, 76.8, 466, 81, 579, 92, 61, 215, 
155, 1777, 295, 611, 839, 112, 843, 114, 338, 503, 59, 43, 11, 
64, 32, 52, 100, 100, 100, 100, 100, 100, 100, 100, 100, 100, 
100, 2500, 2500, 2500, 2500, 2500, 2500, 2500, 2500, 2500, 2500, 
2500, 6674.973, 6615.77, 6494.944, 6250.969, 6275.283, 6302.538, 
7123.38100000001, 7166.41900000001, 7098.035, 6734.519, 6953.37, 
10.18274, 6.41758, 10.524, 12.56031, 10.732, 7.93487, 13.68754, 
11.61715, 8.69533, 13.49885, 2.08612, -8.50748, -8.70821, -9.43917, 
-13.12894, -8.27459, -10.65291, -9.55457, -9.07404, -8.93324, 
-13.63704, -7.05619, 0, 0, 0, 0, 0, 0, 0, 0, 0, 0, 0, 0, 0, 0, 
0, 0, 0, 0, 0, 0, 0, 0, 0.93656, 0.93847, 0.94329, 0.93387, 0.93495, 
0.92127, 0.91726, 0.92233, 0.91667, 0.91919, 0.91817, 0.91383, 
0.94247, 0.93959, 0.93374, 0.93183, 0.9153, 0.90591, 0.917, 0.90147, 
0.91199, 0.91124, 0.0145, 0.0151, 0.0151, 0.0156, 0.0183, 0.0175, 
0.03, 0.0258, 0.0235, 0.0231, 0.0268, 35.3, 49.4, 39.5, 47.7, 
46.3, 69.2, 58.6, 62.8, 72.3, 76.4, 118.7, 417, 731, 149, 387, 
123, 208, 1907, 901, 886, 1323, 322, 1, 9, 1, 7, 5, 11, 3, 1, 
1, 1, 1, 100, 100, 100, 100, 100, 100, 100, 100, 100, 100, 100, 
2500, 2500, 2500, 2500, 2500, 2500, 2500, 2500, 2500, 2500, 2500, 
6758.296, 6689.934, 6240.033, 6294.71, 6343.721, 6783.539, 7222.107, 
7160.208, 7043.916, 6988.40299999999, 7190.46300000002, 1, 1, 
1, 1, 1, 1, 1, 1, 1, 1, 1, 0.14286, 0.14286, 0.14286, 0.14286, 
0.14286, 0.14286, 0.14286, 0.14286, 0.14286, 0.14286, 0.14286, 
0, 0, 0, 0, 0, 0, 0, 0, 0, 0, 0, 0, 0, 0, 0, 0, 0, 0, 0, 0, 0, 
0, 0.89148, 0.89728, 0.91267, 0.91256, 0.89935, 0.91209, 0.89725, 
0.90363, 0.89635, 0.89979, 0.90215, 0.89603, 0.90544, 0.90497, 
0.91268, 0.8929, 0.90299, 0.89162, 0.90903, 0.89391, 0.90195, 
0.90675, 0.0154, 0.016, 0.0164, 0.0165, 0.0184, 0.0215, 0.0235, 
0.0233, 0.0249, 0.0257, 0.0274, 68, 74.4, 79.4, 83.3, 90.6, 95.1, 
103.9, 106.3, 110.7, 115.9, 122.1, 1, 1, 1, 1, 1, 1, 1, 1, 1, 
1, 1, 1, 1, 1, 1, 1, 1, 1, 1, 1, 1, 1, 1, 1, 1, 1, 1, 1, 1, 1, 
1, 1, 1, 1, 1, 1, 1, 1, 1, 1, 1, 1, 1, 1, 2.738, 2.692, 2.474, 
2.543, 2.469, 2.824, 2.918, 2.729, 2.807, 2.727, 2.627), .Dim = c(11L, 
40L), .Dimnames = list(NULL, c("Sampling", "PSO.cost", "PSO.gamma", 
"PSO.data.balancing", "PSO.feature.selection", "PSO.valid.acc", 
"PSO.test.acc", "PSO.train.time", "PSO.n.support.vectors", "PSO.index", 
"PSO.n.solutions", "PSO.generations", "PSO.n.evaluations", "PSO.cpu.time", 
"RS.cost", "RS.gamma", "RS.data.balancing", "RS.feature.selection", 
"RS.valid.acc", "RS.test.acc", "RS.train.time", "RS.n.support.vectors", 
"RS.index", "RS.n.solutions", "RS.generations", "RS.n.evaluations", 
"RS.cpu.time", "DF.cost", "DF.gamma", "DF.data.balancing", "DF.feature.selection", 
"DF.valid.acc", "DF.test.acc", "DF.train.time", "DF.n.support.vectors", 
"DF.index", "DF.n.solutions", "DF.generations", "DF.n.evaluations", 
"DF.cpu.time")))
