full <-
structure(c(50, 55, 60, 65, 70, 75, 80, 85, 90, 95, 100, 13.45266, 
14.71621, 6.17497, 4.68253, 14.3156, 2.5756, 9.59097, 13.03667, 
5.64802, 13.50617, 12.43335, -7.92674, -10.27649, -5.41537, -6.83645, 
-10.41661, -2.62277, -9.68014, -10.9533, -7.32695, -8.57043, 
-11.81253, 0, 0, 0, 0, 0, 0, 0, 0, 0, 0, 0, 0, 0, 0, 0, 0, 0, 
0, 0, 0, 0, 0, 0.90455, 0.88787, 0.90584, 0.91982, 0.91911, 0.91172, 
0.91507, 0.9199, 0.92186, 0.92135, 0.91615, 0.89091, 0.85402, 
0.88647, 0.89876, 0.91556, 0.91199, 0.9034, 0.91157, 0.90423, 
0.91636, 0.91615, 0.0303, 0.0267, 0.0182, 0.0203, 0.0299, 0.023, 
0.0225, 0.0277, 0.0246, 0.052, 0.03, 47.1, 50.7, 59.9, 69.8, 
60.3, 87.7, 70.3, 68.6, 79.4, 72, 78.5, 491, 133, 275, 2418, 
488, 71, 238, 270, 98, 89, 81, 69, 435, 107, 1, 14, 144, 152, 
204, 229, 360, 742, 100, 100, 100, 100, 100, 100, 100, 100, 100, 
100, 100, 2500, 2500, 2500, 2500, 2500, 2500, 2500, 2500, 2500, 
2500, 2500, 8159.488, 8085.484, 7788.06, 7958.93, 7991.514, 7988.795, 
7979.917, 8270.586, 8109.556, 8760.67499999999, 8518.454, 14.41325, 
3.36736, 5.93191, 6.97698, 12.70283, 2.83011, 5.68416, 12.47193, 
7.51158, 5.42064, 13.07888, -8.39905, -2.96092, -5.27622, -9.02609, 
-9.70542, -2.92211, -7.00351, -10.63435, -8.7168, -7.15222, -11.60665, 
0, 0, 0, 0, 0, 0, 0, 0, 0, 0, 0, 0, 0, 0, 0, 0, 0, 0, 0, 0, 0, 
0, 0.9, 0.89173, 0.90199, 0.91625, 0.91589, 0.91172, 0.915, 0.9199, 
0.92186, 0.92367, 0.91615, 0.89091, 0.87505, 0.88647, 0.90578, 
0.90901, 0.91199, 0.90626, 0.91157, 0.91173, 0.91897, 0.91388, 
0.0356, 0.0184, 0.0185, 0.0192, 0.0244, 0.022, 0.0214, 0.0272, 
0.0253, 0.0258, 0.0304, 47, 68.8, 60.3, 70.3, 60.6, 85.3, 73.5, 
69, 77.6, 82.8, 76.6, 473, 698, 931, 521, 885, 1185, 2254, 166, 
2031, 1847, 373, 3, 1, 1, 1, 4, 2, 1, 2, 1, 1, 19, 100, 100, 
100, 100, 100, 100, 100, 100, 100, 100, 100, 2500, 2500, 2500, 
2500, 2500, 2500, 2500, 2500, 2500, 2500, 2500, 8013.273, 8009.518, 
8033.537, 7963.317, 7929.37700000001, 7641.526, 8197.54699999999, 
8569.45600000001, 8540.28899999999, 8749.41900000002, 8957.12699999998, 
1, 1, 1, 1, 1, 1, 1, 1, 1, 1, 1, 0.14286, 0.14286, 0.14286, 0.14286, 
0.14286, 0.14286, 0.14286, 0.14286, 0.14286, 0.14286, 0.14286, 
0, 0, 0, 0, 0, 0, 0, 0, 0, 0, 0, 0, 0, 0, 0, 0, 0, 0, 0, 0, 0, 
0, 0.85909, 0.8674, 0.87906, 0.88878, 0.88632, 0.88453, 0.89523, 
0.90873, 0.90679, 0.90473, 0.90453, 0.86364, 0.87991, 0.87507, 
0.90233, 0.89589, 0.89674, 0.9038, 0.9009, 0.90186, 0.90728, 
0.90442, 0.0179, 0.0184, 0.0214, 0.021, 0.0222, 0.0224, 0.0242, 
0.027, 0.0275, 0.0293, 0.0312, 78.5, 85.6, 90.8, 97.3, 99.5, 
102.4, 106.8, 110.4, 114.5, 118.3, 122.2, 1, 1, 1, 1, 1, 1, 1, 
1, 1, 1, 1, 1, 1, 1, 1, 1, 1, 1, 1, 1, 1, 1, 1, 1, 1, 1, 1, 1, 
1, 1, 1, 1, 1, 1, 1, 1, 1, 1, 1, 1, 1, 1, 1, 1, 3.195, 3.052, 
3.28, 3.132, 3.282, 2.876, 3.116, 3.302, 3.244, 3.506, 3.235), .Dim = c(11L, 
40L), .Dimnames = list(NULL, c("Sampling", "PSO.cost", "PSO.gamma", 
"PSO.data.balancing", "PSO.feature.selection", "PSO.valid.acc", 
"PSO.test.acc", "PSO.train.time", "PSO.n.support.vectors", "PSO.index", 
"PSO.n.solutions", "PSO.generations", "PSO.n.evaluations", "PSO.cpu.time", 
"RS.cost", "RS.gamma", "RS.data.balancing", "RS.feature.selection", 
"RS.valid.acc", "RS.test.acc", "RS.train.time", "RS.n.support.vectors", 
"RS.index", "RS.n.solutions", "RS.generations", "RS.n.evaluations", 
"RS.cpu.time", "DF.cost", "DF.gamma", "DF.data.balancing", "DF.feature.selection", 
"DF.valid.acc", "DF.test.acc", "DF.train.time", "DF.n.support.vectors", 
"DF.index", "DF.n.solutions", "DF.generations", "DF.n.evaluations", 
"DF.cpu.time")))
