full <-
structure(c(50, 55, 60, 65, 70, 75, 80, 85, 90, 95, 100, 4.9647, 
5.95023, 5.44162, 10.47357, 14.35997, 12.98602, 14.81464, 11.21937, 
5.84375, 8.86953, 8.8198, -6.93722, -7.06596, -7.48676, -7.97787, 
-11.52013, -11.71442, -10.81855, -10.6066, -8.83347, -10.09932, 
-9.67331, 0, 0, 0, 0, 0, 0, 0, 0, 0, 0, 0, 0, 0, 0, 0, 0, 0, 
0, 0, 0, 0, 0, 0.92684, 0.9298, 0.92792, 0.92647, 0.91566, 0.91833, 
0.91762, 0.92268, 0.92167, 0.92547, 0.92065, 0.90844, 0.92165, 
0.90883, 0.92302, 0.90888, 0.89693, 0.90056, 0.91742, 0.91404, 
0.90154, 0.916, 0.0159, 0.017, 0.0178, 0.0197, 0.025, 0.0227, 
0.0353, 0.0235, 0.0243, 0.0263, 0.0278, 49.8, 47.1, 57.3, 45.6, 
53, 61.3, 62.4, 67.2, 87.6, 82.3, 82.4, 137, 206, 112, 24, 24, 
1404, 537, 299, 253, 246, 2240, 325, 61, 297, 69, 519, 45, 64, 
258, 93, 131, 1, 100, 100, 100, 100, 100, 100, 100, 100, 100, 
100, 100, 2500, 2500, 2500, 2500, 2500, 2500, 2500, 2500, 2500, 
2500, 2500, 7172.39, 7487.214, 7350.631, 7413.369, 7573.798, 
7699.21799999999, 7785.19200000001, 7700.57299999999, 7596.78499999999, 
7794.62599999999, 7989.09300000002, 3.94904, 13.97557, 4.69545, 
4.82875, 13.58333, 14.67914, 14.1691, 8.90408, 5.89456, 8.23079, 
8.7166, -6.86146, -10.35633, -6.84163, -7.00348, -11.17305, -14.22206, 
-10.50993, -9.64537, -8.85888, -9.62569, -9.56318, 0, 0, 0, 0, 
0, 0, 0, 0, 0, 0, 0, 0, 0, 0, 0, 0, 0, 0, 0, 0, 0, 0, 0.92684, 
0.9298, 0.92792, 0.92979, 0.91566, 0.91512, 0.91476, 0.92268, 
0.92167, 0.92309, 0.92065, 0.91775, 0.9093, 0.90883, 0.92277, 
0.90566, 0.89977, 0.90056, 0.91471, 0.91404, 0.90143, 0.916, 
0.0156, 0.0204, 0.0176, 0.0181, 0.0225, 0.0228, 0.0313, 0.0235, 
0.024, 0.0264, 0.0269, 55.7, 39.3, 57.9, 59.1, 53.4, 63.6, 62.4, 
69.9, 87.5, 82.8, 82.1, 439, 268, 360, 609, 151, 344, 27, 388, 
255, 1420, 859, 2, 2, 3, 1, 3, 3, 4, 2, 4, 4, 2, 100, 100, 100, 
100, 100, 100, 100, 100, 100, 100, 100, 2500, 2500, 2500, 2500, 
2500, 2500, 2500, 2500, 2500, 2500, 2500, 7388.777, 7288.365, 
7570.676, 7620.874, 7760.79999999999, 7734.353, 7785.69499999999, 
7829.74500000001, 7898.28899999999, 8395.51800000001, 8462.19399999999, 
1, 1, 1, 1, 1, 1, 1, 1, 1, 1, 1, 0.14286, 0.14286, 0.14286, 0.14286, 
0.14286, 0.14286, 0.14286, 0.14286, 0.14286, 0.14286, 0.14286, 
0, 0, 0, 0, 0, 0, 0, 0, 0, 0, 0, 0, 0, 0, 0, 0, 0, 0, 0, 0, 0, 
0, 0.90411, 0.9008, 0.90114, 0.91231, 0.89942, 0.90032, 0.90063, 
0.90134, 0.89647, 0.90642, 0.90236, 0.89957, 0.90499, 0.90114, 
0.90516, 0.8964, 0.89114, 0.89778, 0.90682, 0.89904, 0.89196, 
0.90003, 0.0171, 0.017, 0.019, 0.0195, 0.0208, 0.0223, 0.0234, 
0.0243, 0.0271, 0.0301, 0.0307, 73.2, 75.6, 83.4, 86.4, 92.1, 
99, 103.2, 106.2, 113.1, 120.2, 122.1, 1, 1, 1, 1, 1, 1, 1, 1, 
1, 1, 1, 1, 1, 1, 1, 1, 1, 1, 1, 1, 1, 1, 1, 1, 1, 1, 1, 1, 1, 
1, 1, 1, 1, 1, 1, 1, 1, 1, 1, 1, 1, 1, 1, 1, 2.97, 2.821, 3.073, 
2.92, 3.095, 2.934, 2.936, 2.931, 3.087, 3.279, 3.252), .Dim = c(11L, 
40L), .Dimnames = list(NULL, c("Sampling", "PSO.cost", "PSO.gamma", 
"PSO.data.balancing", "PSO.feature.selection", "PSO.valid.acc", 
"PSO.test.acc", "PSO.train.time", "PSO.n.support.vectors", "PSO.index", 
"PSO.n.solutions", "PSO.generations", "PSO.n.evaluations", "PSO.cpu.time", 
"RS.cost", "RS.gamma", "RS.data.balancing", "RS.feature.selection", 
"RS.valid.acc", "RS.test.acc", "RS.train.time", "RS.n.support.vectors", 
"RS.index", "RS.n.solutions", "RS.generations", "RS.n.evaluations", 
"RS.cpu.time", "DF.cost", "DF.gamma", "DF.data.balancing", "DF.feature.selection", 
"DF.valid.acc", "DF.test.acc", "DF.train.time", "DF.n.support.vectors", 
"DF.index", "DF.n.solutions", "DF.generations", "DF.n.evaluations", 
"DF.cpu.time")))
