full <-
structure(c(50, 55, 60, 65, 70, 75, 80, 85, 90, 95, 100, 7.55063, 
3.72057, 13.59835, 13.91954, 10.80452, 9.93171, 12.99489, 8.16667, 
15, 14.91975, 14.09799, -10.69803, -6.82277, -11.74849, -12.61382, 
-10.71672, -10.15643, -11.52904, -7.89365, -9.74513, -12.48154, 
-12.19424, 0, 0, 0, 0, 0, 0, 0, 0, 0, 0, 0, 0, 0, 0, 0, 0, 0, 
0, 0, 0, 0, 0, 0.91313, 0.9175, 0.90897, 0.90551, 0.92538, 0.91871, 
0.92324, 0.92269, 0.92936, 0.93053, 0.92261, 0.89969, 0.91333, 
0.91282, 0.89872, 0.91559, 0.90649, 0.90919, 0.90917, 0.91417, 
0.91868, 0.92044, 0.0146, 0.0148, 0.0171, 0.0177, 0.0176, 0.0182, 
0.0213, 0.0203, 0.0492, 0.0309, 0.0298, 51.8, 54.1, 48.7, 52.6, 
55.4, 58.6, 59.4, 66.5, 64.3, 72.3, 76.6, 1500, 173, 5, 2255, 
365, 59, 165, 967, 135, 1134, 294, 12, 181, 294, 1, 239, 166, 
162, 49, 93, 12, 28, 100, 100, 100, 100, 100, 100, 100, 100, 
100, 100, 100, 2500, 2500, 2500, 2500, 2500, 2500, 2500, 2500, 
2500, 2500, 2500, 6640.706, 6479.674, 6253.02, 6062.46, 6266.593, 
6253.56299999999, 6462.507, 6489.841, 6912.382, 6904.194, 6874.99999999999, 
2.33007, 3.3497, 4.99003, 13.93695, 4.07589, 9.93054, 3.58715, 
13.39317, 11.93629, 14.79095, 13.71545, -6.26502, -6.46837, -7.3274, 
-12.43055, -6.68399, -10.11601, -7.04978, -14.09027, -8.65068, 
-12.40814, -12.06668, 0, 0, 0, 0, 0, 0, 0, 0, 0, 0, 0, 0, 0, 
0, 0, 0, 0, 0, 0, 0, 0, 0, 0.91293, 0.9175, 0.90912, 0.90206, 
0.92527, 0.91871, 0.92316, 0.91984, 0.92692, 0.93053, 0.92261, 
0.89929, 0.9135, 0.89772, 0.90217, 0.91882, 0.90649, 0.91474, 
0.91181, 0.91423, 0.91868, 0.92271, 0.0148, 0.0142, 0.0151, 0.0181, 
0.0177, 0.0172, 0.0193, 0.0211, 0.028, 0.0327, 0.028, 57.4, 54.9, 
56.9, 52.2, 64.4, 58.6, 77.1, 70.2, 64.6, 72.3, 76.8, 211, 1036, 
876, 1017, 1718, 90, 464, 40, 140, 965, 193, 7, 1, 1, 4, 1, 4, 
2, 45, 9, 1, 5, 100, 100, 100, 100, 100, 100, 100, 100, 100, 
100, 100, 2500, 2500, 2500, 2500, 2500, 2500, 2500, 2500, 2500, 
2500, 2500, 6691.852, 6256.973, 6296.163, 6254.223, 6428.254, 
6304.389, 6424.58799999999, 6791.673, 6735.70999999999, 7244.12, 
7095.986, 1, 1, 1, 1, 1, 1, 1, 1, 1, 1, 1, 0.14286, 0.14286, 
0.14286, 0.14286, 0.14286, 0.14286, 0.14286, 0.14286, 0.14286, 
0.14286, 0.14286, 0, 0, 0, 0, 0, 0, 0, 0, 0, 0, 0, 0, 0, 0, 0, 
0, 0, 0, 0, 0, 0, 0, 0.8672, 0.88882, 0.88632, 0.87397, 0.90581, 
0.89096, 0.90356, 0.9064, 0.91429, 0.92106, 0.90215, 0.8672, 
0.89646, 0.89387, 0.88456, 0.90903, 0.89721, 0.89776, 0.91174, 
0.90679, 0.9163, 0.90215, 0.0162, 0.0152, 0.0164, 0.0176, 0.0191, 
0.0208, 0.0215, 0.0239, 0.024, 0.0265, 0.0286, 72.5, 75.8, 83.4, 
90, 92.3, 98.2, 102.5, 110, 109.4, 116.5, 122.2, 1, 1, 1, 1, 
1, 1, 1, 1, 1, 1, 1, 1, 1, 1, 1, 1, 1, 1, 1, 1, 1, 1, 1, 1, 1, 
1, 1, 1, 1, 1, 1, 1, 1, 1, 1, 1, 1, 1, 1, 1, 1, 1, 1, 1, 2.736, 
2.361, 2.458, 2.523, 2.534, 2.562, 2.512, 2.565, 2.63, 2.72, 
2.731), .Dim = c(11L, 40L), .Dimnames = list(NULL, c("Sampling", 
"PSO.cost", "PSO.gamma", "PSO.data.balancing", "PSO.feature.selection", 
"PSO.valid.acc", "PSO.test.acc", "PSO.train.time", "PSO.n.support.vectors", 
"PSO.index", "PSO.n.solutions", "PSO.generations", "PSO.n.evaluations", 
"PSO.cpu.time", "RS.cost", "RS.gamma", "RS.data.balancing", "RS.feature.selection", 
"RS.valid.acc", "RS.test.acc", "RS.train.time", "RS.n.support.vectors", 
"RS.index", "RS.n.solutions", "RS.generations", "RS.n.evaluations", 
"RS.cpu.time", "DF.cost", "DF.gamma", "DF.data.balancing", "DF.feature.selection", 
"DF.valid.acc", "DF.test.acc", "DF.train.time", "DF.n.support.vectors", 
"DF.index", "DF.n.solutions", "DF.generations", "DF.n.evaluations", 
"DF.cpu.time")))
