full <-
structure(c(50, 55, 60, 65, 70, 75, 80, 85, 90, 95, 100, 13.59011, 
8.651, 2.28169, 12.71647, 1.61496, 15, 8.49984, 5.10056, 6.38211, 
4.96777, 12.68014, -11.06378, -8.46781, -3.71559, -11.38622, 
-3.05911, -10.3294, -8.4529, -7.37, -8.96002, -7.57291, -11.60696, 
0, 0, 0, 0, 0, 0, 0, 0, 0, 0, 0, 0, 0, 0, 0, 0, 0, 0, 0, 0, 0, 
0, 0.92263, 0.91347, 0.92463, 0.91242, 0.93516, 0.93348, 0.93206, 
0.92232, 0.91917, 0.92555, 0.92762, 0.90465, 0.90947, 0.91337, 
0.91932, 0.92548, 0.92117, 0.90937, 0.90624, 0.89897, 0.90882, 
0.91863, 0.0197, 0.0173, 0.0183, 0.0204, 0.0205, 0.0399, 0.0223, 
0.0234, 0.0256, 0.0257, 0.0297, 44.6, 51.4, 65.1, 55.8, 78.9, 
57.6, 66.8, 79.3, 85.3, 88.6, 77.7, 9, 278, 243, 384, 2492, 710, 
615, 1062, 114, 1486, 152, 284, 80, 83, 103, 1, 16, 97, 71, 83, 
36, 273, 100, 100, 100, 100, 100, 100, 100, 100, 100, 100, 100, 
2500, 2500, 2500, 2500, 2500, 2500, 2500, 2500, 2500, 2500, 2500, 
7333.048, 7409.536, 7956.409, 7870.576, 7895.155, 8177.038, 7830.12700000001, 
7945.976, 7860.62, 8553.43599999999, 7880.46100000001, 9.81199, 
12.05522, 14.60969, 6.69707, 3.77205, 13.74788, 8.45806, 4.95946, 
6.81207, 14.61181, 13.20799, -9.08128, -9.85762, -11.03323, -8.88518, 
-3.69488, -9.68604, -8.2635, -7.05469, -9.19739, -7.10714, -11.83651, 
0, 0, 0, 0, 0, 0, 0, 0, 0, 0, 0, 0, 0, 0, 0, 0, 0, 0, 0, 0, 0, 
0, 0.92263, 0.91347, 0.92448, 0.9123, 0.93194, 0.93035, 0.92929, 
0.91698, 0.91917, 0.92101, 0.92762, 0.9001, 0.9178, 0.91323, 
0.91218, 0.91892, 0.91814, 0.91214, 0.91165, 0.89897, 0.90202, 
0.91863, 0.0161, 0.0195, 0.0245, 0.0193, 0.0198, 0.0321, 0.0231, 
0.0241, 0.0256, 0.1776, 0.0305, 46.3, 48.1, 49.5, 65, 64.6, 57.5, 
66.1, 78.8, 84.2, 71.1, 77.4, 178, 29, 28, 191, 45, 3, 1060, 
1899, 755, 273, 900, 6, 3, 5, 6, 17, 4, 1, 1, 3, 3, 1, 100, 100, 
100, 100, 100, 100, 100, 100, 100, 100, 100, 2500, 2500, 2500, 
2500, 2500, 2500, 2500, 2500, 2500, 2500, 2500, 7390.654, 7548.48, 
7913.294, 7978.896, 7889.939, 7983.087, 8126.63500000001, 8150.02099999999, 
8204.17000000001, 8133.141, 8214.78100000002, 1, 1, 1, 1, 1, 
1, 1, 1, 1, 1, 1, 0.14286, 0.14286, 0.14286, 0.14286, 0.14286, 
0.14286, 0.14286, 0.14286, 0.14286, 0.14286, 0.14286, 0, 0, 0, 
0, 0, 0, 0, 0, 0, 0, 0, 0, 0, 0, 0, 0, 0, 0, 0, 0, 0, 0, 0.89516, 
0.8973, 0.91308, 0.90194, 0.91892, 0.90886, 0.90952, 0.90646, 
0.90404, 0.90412, 0.90488, 0.88174, 0.8973, 0.91294, 0.90872, 
0.9157, 0.91493, 0.91802, 0.9145, 0.90397, 0.90173, 0.90721, 
0.0169, 0.0183, 0.0197, 0.0205, 0.0213, 0.0225, 0.0248, 0.0258, 
0.0277, 0.0286, 0.031, 77.6, 84.6, 83.6, 89.2, 91.6, 99.1, 103.9, 
109.8, 113.4, 117.5, 122.5, 1, 1, 1, 1, 1, 1, 1, 1, 1, 1, 1, 
1, 1, 1, 1, 1, 1, 1, 1, 1, 1, 1, 1, 1, 1, 1, 1, 1, 1, 1, 1, 1, 
1, 1, 1, 1, 1, 1, 1, 1, 1, 1, 1, 1, 2.852, 2.996, 2.983, 3.024, 
3.039, 3.012, 3.262, 3.055, 3.129, 3.081, 3.182), .Dim = c(11L, 
40L), .Dimnames = list(NULL, c("Sampling", "PSO.cost", "PSO.gamma", 
"PSO.data.balancing", "PSO.feature.selection", "PSO.valid.acc", 
"PSO.test.acc", "PSO.train.time", "PSO.n.support.vectors", "PSO.index", 
"PSO.n.solutions", "PSO.generations", "PSO.n.evaluations", "PSO.cpu.time", 
"RS.cost", "RS.gamma", "RS.data.balancing", "RS.feature.selection", 
"RS.valid.acc", "RS.test.acc", "RS.train.time", "RS.n.support.vectors", 
"RS.index", "RS.n.solutions", "RS.generations", "RS.n.evaluations", 
"RS.cpu.time", "DF.cost", "DF.gamma", "DF.data.balancing", "DF.feature.selection", 
"DF.valid.acc", "DF.test.acc", "DF.train.time", "DF.n.support.vectors", 
"DF.index", "DF.n.solutions", "DF.generations", "DF.n.evaluations", 
"DF.cpu.time")))
