full <-
structure(c(50, 55, 60, 65, 70, 75, 80, 85, 90, 95, 100, 6.77438, 
2.16922, 5.36767, 8.01349, 6.46305, 12.97903, 6.06115, 8.46156, 
5.38263, 7.42718, 8.19415, -8.01742, -5.77974, -7.18274, -10.01019, 
-6.70412, -11.26355, -10.22379, -9.98538, -7.7297, -7.96094, 
-9.86462, 0, 0, 0, 0, 0, 0, 0, 0, 0, 0, 0, 0, 0, 0, 0, 0, 0, 
0, 0, 0, 0, 0, 0.94107, 0.93767, 0.93516, 0.9236, 0.92524, 0.92778, 
0.91474, 0.91991, 0.92197, 0.92596, 0.92277, 0.93652, 0.9335, 
0.92006, 0.91992, 0.91846, 0.91234, 0.91189, 0.9091, 0.90953, 
0.914, 0.9205, 0.0145, 0.0156, 0.0162, 0.0172, 0.0246, 0.0254, 
0.0257, 0.025, 0.0261, 0.0263, 0.0258, 40.7, 56.2, 50.4, 57.8, 
59.2, 56, 89.8, 74.3, 82.8, 77.4, 86.5, 575, 1892, 162, 1019, 
405, 788, 1507, 128, 489, 532, 268, 131, 14, 573, 75, 101, 150, 
9, 112, 232, 67, 165, 100, 100, 100, 100, 100, 100, 100, 100, 
100, 100, 100, 2500, 2500, 2500, 2500, 2500, 2500, 2500, 2500, 
2500, 2500, 2500, 7047.54, 6662.375, 6971.445, 7011.344, 10369.62, 
10600.492, 10814.058, 10051.221, 9871.72200000001, 8812.962, 
7131.054, 6.55631, 14.00091, 5.33235, 8.18908, 4.00689, 12.5274, 
4.21204, 9.23964, 11.93475, 8.38489, 8.64148, -7.09021, -12.11433, 
-7.19651, -9.85135, -7.21062, -11.0462, -8.51753, -10.19575, 
-11.3967, -9.99119, -10.1696, 0, 0, 0, 0, 0, 0, 0, 0, 0, 0, 0, 
0, 0, 0, 0, 0, 0, 0, 0, 0, 0, 0, 0.93652, 0.9335, 0.93516, 0.92349, 
0.9219, 0.92778, 0.91466, 0.91728, 0.9196, 0.92358, 0.92277, 
0.92245, 0.925, 0.92006, 0.91992, 0.91544, 0.91234, 0.90903, 
0.91451, 0.91441, 0.91405, 0.91823, 0.0154, 0.0168, 0.0159, 0.0212, 
0.022, 0.0258, 0.0265, 0.0258, 0.027, 0.0233, 0.026, 38.8, 37.1, 
50.5, 56.6, 70.5, 56.2, 90.9, 71.5, 73.9, 82.5, 85.7, 13, 199, 
599, 1688, 85, 2173, 449, 249, 1081, 294, 2341, 41, 6, 2, 1, 
3, 2, 2, 9, 1, 6, 1, 100, 100, 100, 100, 100, 100, 100, 100, 
100, 100, 100, 2500, 2500, 2500, 2500, 2500, 2500, 2500, 2500, 
2500, 2500, 2500, 6926.544, 6763.883, 7089.028, 9862.501, 10712.994, 
10921.317, 10641.901, 10362.839, 10251.241, 7531.93300000002, 
7492.04299999998, 1, 1, 1, 1, 1, 1, 1, 1, 1, 1, 1, 0.14286, 0.14286, 
0.14286, 0.14286, 0.14286, 0.14286, 0.14286, 0.14286, 0.14286, 
0.14286, 0.14286, 0, 0, 0, 0, 0, 0, 0, 0, 0, 0, 0, 0, 0, 0, 0, 
0, 0, 0, 0, 0, 0, 0, 0.9268, 0.91283, 0.90895, 0.90588, 0.91201, 
0.90629, 0.90633, 0.90121, 0.9071, 0.90203, 0.90221, 0.92204, 
0.90867, 0.91635, 0.90944, 0.91222, 0.9061, 0.90062, 0.8931, 
0.90197, 0.89971, 0.90691, 0.0149, 0.0161, 0.0172, 0.0231, 0.0251, 
0.0265, 0.0258, 0.0284, 0.0286, 0.0268, 0.0291, 67.8, 71.2, 77.9, 
85.3, 94.1, 100.6, 103.9, 110.9, 116, 122.3, 122.2, 1, 1, 1, 
1, 1, 1, 1, 1, 1, 1, 1, 1, 1, 1, 1, 1, 1, 1, 1, 1, 1, 1, 1, 1, 
1, 1, 1, 1, 1, 1, 1, 1, 1, 1, 1, 1, 1, 1, 1, 1, 1, 1, 1, 1, 2.604, 
2.793, 2.707, 4.144, 4.351, 4.273, 3.745, 4.199, 3.919, 2.7, 
2.962), .Dim = c(11L, 40L), .Dimnames = list(NULL, c("Sampling", 
"PSO.cost", "PSO.gamma", "PSO.data.balancing", "PSO.feature.selection", 
"PSO.valid.acc", "PSO.test.acc", "PSO.train.time", "PSO.n.support.vectors", 
"PSO.index", "PSO.n.solutions", "PSO.generations", "PSO.n.evaluations", 
"PSO.cpu.time", "RS.cost", "RS.gamma", "RS.data.balancing", "RS.feature.selection", 
"RS.valid.acc", "RS.test.acc", "RS.train.time", "RS.n.support.vectors", 
"RS.index", "RS.n.solutions", "RS.generations", "RS.n.evaluations", 
"RS.cpu.time", "DF.cost", "DF.gamma", "DF.data.balancing", "DF.feature.selection", 
"DF.valid.acc", "DF.test.acc", "DF.train.time", "DF.n.support.vectors", 
"DF.index", "DF.n.solutions", "DF.generations", "DF.n.evaluations", 
"DF.cpu.time")))
