full <-
structure(c(50, 55, 60, 65, 70, 75, 80, 85, 90, 95, 100, 11.69515, 
10.40468, 15, 15, 13.97145, 14.69963, 8.56784, 6.76578, 15, 7.84186, 
8.49597, -7.4145, -8.6866, -10.74496, -10.80037, -9.93978, -11.20407, 
-8.45084, -8.93015, -11.5503, -9.468, -9.5388, 0, 0, 0, 0, 0, 
0, 0, 0, 0, 0, 0, 0, 0, 0, 0, 0, 0, 0, 0, 0, 0, 0, 0.93522, 0.93, 
0.92066, 0.91599, 0.93183, 0.92088, 0.92348, 0.91714, 0.92686, 
0.92362, 0.92731, 0.92177, 0.9175, 0.91681, 0.89862, 0.92538, 
0.91794, 0.90911, 0.9224, 0.91422, 0.92606, 0.92054, 0.0186, 
0.0166, 0.0267, 0.0279, 0.0277, 0.0273, 0.0205, 0.0219, 0.0347, 
0.0231, 0.0251, 36.7, 46.5, 49.9, 52.8, 53.6, 58.9, 67.7, 79.8, 
69.8, 83.8, 83.2, 89, 208, 2022, 670, 282, 365, 386, 1926, 89, 
123, 515, 212, 98, 1, 342, 10, 240, 66, 29, 312, 206, 147, 100, 
100, 100, 100, 100, 100, 100, 100, 100, 100, 100, 2500, 2500, 
2500, 2500, 2500, 2500, 2500, 2500, 2500, 2500, 2500, 6244.563, 
6328.549, 6397.698, 6379.41699999999, 6358.30100000001, 6542.891, 
6341.228, 6406.878, 6630.433, 6433.236, 6735.944, 10.53496, 11.65863, 
6.03188, 14.09335, 12.02332, 8.50968, 6.89328, 14.20576, 14.92145, 
7.80078, 8.9687, -6.79638, -9.58077, -5.62272, -10.38579, -8.99499, 
-6.95823, -7.99921, -12.21433, -11.50821, -9.4736, -9.73583, 
0, 0, 0, 0, 0, 0, 0, 0, 0, 0, 0, 0, 0, 0, 0, 0, 0, 0, 0, 0, 0, 
0, 0.93522, 0.92583, 0.91709, 0.91599, 0.9286, 0.91794, 0.92063, 
0.91707, 0.92686, 0.92362, 0.92504, 0.92177, 0.9175, 0.89815, 
0.89862, 0.92538, 0.91491, 0.90919, 0.917, 0.91422, 0.92368, 
0.92054, 0.0168, 0.0175, 0.0159, 0.0246, 0.0223, 0.0201, 0.0197, 
0.0251, 0.0342, 0.0238, 0.0254, 37.3, 45.5, 54.7, 53.3, 53.8, 
61.2, 71.7, 68.6, 69.6, 84.2, 82, 542, 47, 129, 2224, 14, 1500, 
1432, 2104, 1937, 1215, 563, 2, 21, 3, 1, 22, 1, 3, 2, 1, 1, 
2, 100, 100, 100, 100, 100, 100, 100, 100, 100, 100, 100, 2500, 
2500, 2500, 2500, 2500, 2500, 2500, 2500, 2500, 2500, 2500, 6229.023, 
6323.036, 6309.927, 6294.353, 6366.134, 6468.101, 6545.49900000001, 
6610.952, 6663.702, 7374.986, 7026.56900000002, 1, 1, 1, 1, 1, 
1, 1, 1, 1, 1, 1, 0.14286, 0.14286, 0.14286, 0.14286, 0.14286, 
0.14286, 0.14286, 0.14286, 0.14286, 0.14286, 0.14286, 0, 0, 0, 
0, 0, 0, 0, 0, 0, 0, 0, 0, 0, 0, 0, 0, 0, 0, 0, 0, 0, 0, 0.90024, 
0.897, 0.8906, 0.89493, 0.9028, 0.89065, 0.8949, 0.89289, 0.9089, 
0.9044, 0.91589, 0.89094, 0.897, 0.88319, 0.88803, 0.89957, 0.88459, 
0.88927, 0.88215, 0.89634, 0.9044, 0.90447, 0.0145, 0.0149, 0.0169, 
0.0188, 0.0191, 0.0225, 0.0224, 0.0251, 0.0252, 0.0264, 0.0284, 
67.3, 77.9, 82.5, 88.4, 91.1, 97.9, 105.4, 109.1, 113.6, 120.8, 
121.8, 1, 1, 1, 1, 1, 1, 1, 1, 1, 1, 1, 1, 1, 1, 1, 1, 1, 1, 
1, 1, 1, 1, 1, 1, 1, 1, 1, 1, 1, 1, 1, 1, 1, 1, 1, 1, 1, 1, 1, 
1, 1, 1, 1, 1, 2.408, 2.332, 2.423, 2.574, 2.499, 2.741, 2.553, 
2.739, 2.611, 2.643, 2.742), .Dim = c(11L, 40L), .Dimnames = list(
    NULL, c("Sampling", "PSO.cost", "PSO.gamma", "PSO.data.balancing", 
    "PSO.feature.selection", "PSO.valid.acc", "PSO.test.acc", 
    "PSO.train.time", "PSO.n.support.vectors", "PSO.index", "PSO.n.solutions", 
    "PSO.generations", "PSO.n.evaluations", "PSO.cpu.time", "RS.cost", 
    "RS.gamma", "RS.data.balancing", "RS.feature.selection", 
    "RS.valid.acc", "RS.test.acc", "RS.train.time", "RS.n.support.vectors", 
    "RS.index", "RS.n.solutions", "RS.generations", "RS.n.evaluations", 
    "RS.cpu.time", "DF.cost", "DF.gamma", "DF.data.balancing", 
    "DF.feature.selection", "DF.valid.acc", "DF.test.acc", "DF.train.time", 
    "DF.n.support.vectors", "DF.index", "DF.n.solutions", "DF.generations", 
    "DF.n.evaluations", "DF.cpu.time")))
