full <-
structure(c(50, 55, 60, 65, 70, 75, 80, 85, 90, 95, 100, 15, 
2.79207, 14.06835, 14.81284, 12.55529, 4.07101, 7.5123, 7.92418, 
7.4371, 8.66161, 11.43063, -11.5886, -5.81745, -10.53012, -10.8563, 
-14.79496, -8.19708, -7.51347, -9.28409, -9.42804, -9.24468, 
-10.26379, 0, 0, 0, 0, 0, 0, 0, 0, 0, 0, 0, 0, 0, 0, 0, 0, 0, 
0, 0, 0, 0, 0, 0.91364, 0.92197, 0.91638, 0.91268, 0.90892, 0.90621, 
0.92256, 0.91707, 0.91922, 0.93303, 0.92741, 0.89545, 0.90512, 
0.90897, 0.89532, 0.89602, 0.89381, 0.91439, 0.9091, 0.90896, 
0.92345, 0.92054, 0.0222, 0.0176, 0.0258, 0.0279, 0.0187, 0.0214, 
0.0211, 0.0244, 0.0245, 0.0264, 0.0291, 41.8, 60.4, 51.3, 54, 
70.5, 87.1, 66.5, 75.5, 81.8, 75.5, 76.6, 187, 1450, 100, 1511, 
90, 28, 147, 242, 279, 1106, 374, 183, 32, 271, 2, 250, 87, 158, 
89, 503, 10, 38, 100, 100, 100, 100, 100, 100, 100, 100, 100, 
100, 100, 2500, 2500, 2500, 2500, 2500, 2500, 2500, 2500, 2500, 
2500, 2500, 7597.09, 7638.919, 7671.483, 7231.539, 7147.785, 
7533.796, 7376.728, 7454.455, 7457.387, 7619.783, 7581.348, 13.53898, 
2.67862, 14.29876, 14.11281, 12.57739, 3.99545, 7.6058, 14.66615, 
9.13381, 9.89395, 14.67397, -10.8019, -5.76267, -10.64842, -10.46626, 
-14.72132, -7.85141, -7.58303, -10.9828, -11.28218, -10.04373, 
-12.23321, 0, 0, 0, 0, 0, 0, 0, 0, 0, 0, 0, 0, 0, 0, 0, 0, 0, 
0, 0, 0, 0, 0, 0.91364, 0.92197, 0.91638, 0.90911, 0.90892, 0.90621, 
0.92256, 0.91451, 0.91915, 0.93065, 0.92514, 0.89545, 0.90512, 
0.90513, 0.89532, 0.8928, 0.89381, 0.91733, 0.9091, 0.90396, 
0.92107, 0.92503, 0.0211, 0.017, 0.0286, 0.0261, 0.0195, 0.0205, 
0.0217, 0.0344, 0.0233, 0.0251, 0.035, 42.6, 60.8, 51.5, 54.1, 
70.1, 85.4, 66.1, 67.9, 82.1, 74.9, 75.6, 415, 793, 31, 177, 
186, 340, 1448, 922, 128, 1678, 798, 2, 1, 5, 4, 1, 1, 2, 6, 
1, 1, 4, 100, 100, 100, 100, 100, 100, 100, 100, 100, 100, 100, 
2500, 2500, 2500, 2500, 2500, 2500, 2500, 2500, 2500, 2500, 2500, 
7556.611, 7600.675, 7400.952, 7304.223, 7380.791, 7503.39599999999, 
7513.107, 7584.24000000001, 7760.838, 7812.095, 7901.09299999999, 
1, 1, 1, 1, 1, 1, 1, 1, 1, 1, 1, 0.14286, 0.14286, 0.14286, 0.14286, 
0.14286, 0.14286, 0.14286, 0.14286, 0.14286, 0.14286, 0.14286, 
0, 0, 0, 0, 0, 0, 0, 0, 0, 0, 0, 0, 0, 0, 0, 0, 0, 0, 0, 0, 0, 
0, 0.86818, 0.8973, 0.88219, 0.88091, 0.88645, 0.88186, 0.90246, 
0.89566, 0.89639, 0.90905, 0.90917, 0.88182, 0.88462, 0.87863, 
0.9053, 0.87355, 0.8847, 0.89683, 0.90107, 0.89627, 0.90185, 
0.90922, 0.0177, 0.0182, 0.018, 0.0197, 0.0221, 0.0231, 0.0227, 
0.0261, 0.0268, 0.0284, 0.0307, 75.2, 76.9, 84.9, 92.1, 96.6, 
101.4, 106.5, 109.9, 113.8, 115.7, 123, 1, 1, 1, 1, 1, 1, 1, 
1, 1, 1, 1, 1, 1, 1, 1, 1, 1, 1, 1, 1, 1, 1, 1, 1, 1, 1, 1, 1, 
1, 1, 1, 1, 1, 1, 1, 1, 1, 1, 1, 1, 1, 1, 1, 1, 3.075, 3.015, 
2.78, 2.83, 3.014, 3.01, 2.794, 3.158, 2.998, 3.133, 3.065), .Dim = c(11L, 
40L), .Dimnames = list(NULL, c("Sampling", "PSO.cost", "PSO.gamma", 
"PSO.data.balancing", "PSO.feature.selection", "PSO.valid.acc", 
"PSO.test.acc", "PSO.train.time", "PSO.n.support.vectors", "PSO.index", 
"PSO.n.solutions", "PSO.generations", "PSO.n.evaluations", "PSO.cpu.time", 
"RS.cost", "RS.gamma", "RS.data.balancing", "RS.feature.selection", 
"RS.valid.acc", "RS.test.acc", "RS.train.time", "RS.n.support.vectors", 
"RS.index", "RS.n.solutions", "RS.generations", "RS.n.evaluations", 
"RS.cpu.time", "DF.cost", "DF.gamma", "DF.data.balancing", "DF.feature.selection", 
"DF.valid.acc", "DF.test.acc", "DF.train.time", "DF.n.support.vectors", 
"DF.index", "DF.n.solutions", "DF.generations", "DF.n.evaluations", 
"DF.cpu.time")))
