full <-
structure(c(50, 55, 60, 65, 70, 75, 80, 85, 90, 95, 100, 1.95608, 
3.06348, 8.48148, 0.58809, 8.61478, 13.0097, 7.53918, 2.56189, 
6.87822, 5.95993, 12.49995, -2.93635, -5.60683, -9.6015, -3.44218, 
-9.87623, -7.67149, -8.74772, -6.94407, -7.83173, -8.97681, -9.85316, 
0, 0, 0, 0, 0, 0, 0, 0, 0, 0, 0, 0, 0, 0, 0, 0, 0, 0, 0, 0, 0, 
0, 0.92767, 0.93832, 0.93932, 0.92291, 0.92515, 0.93, 0.9346, 
0.92489, 0.92404, 0.92792, 0.91807, 0.90947, 0.91749, 0.92023, 
0.91576, 0.92514, 0.91494, 0.93468, 0.90889, 0.90385, 0.9184, 
0.91585, 0.0157, 0.0157, 0.0171, 0.0164, 0.0172, 0.0384, 0.0189, 
0.0215, 0.0222, 0.0239, 0.0324, 58.6, 59.4, 53.7, 79.9, 63.9, 
54.4, 66.7, 97, 72.1, 86.8, 75.4, 551, 399, 45, 446, 146, 238, 
125, 277, 1952, 625, 2272, 333, 85, 949, 211, 93, 214, 828, 488, 
6, 48, 1, 100, 100, 100, 100, 100, 100, 100, 100, 100, 100, 100, 
2500, 2500, 2500, 2500, 2500, 2500, 2500, 2500, 2500, 2500, 2500, 
6505.607, 6536.763, 6421.267, 6218.72, 6200.857, 6950.162, 6334.156, 
6348.44300000001, 6565.38, 6527.212, 6550.13500000001, 1.36464, 
3.97842, 10.73688, 0.24684, 5.41708, 14.63766, 8.86646, 3.24349, 
7.09695, 13.91743, 8.59517, -2.36565, -7.26006, -10.37054, -2.19534, 
-9.1465, -8.44075, -7.69754, -7.30774, -7.15967, -12.66526, -9.77571, 
0, 0, 0, 0, 0, 0, 0, 0, 0, 0, 0, 0, 0, 0, 0, 0, 0, 0, 0, 0, 0, 
0, 0.92312, 0.93815, 0.93932, 0.91946, 0.92504, 0.93, 0.93468, 
0.92489, 0.92404, 0.92571, 0.9159, 0.91423, 0.91349, 0.91652, 
0.90185, 0.91514, 0.912, 0.92897, 0.91152, 0.90641, 0.92333, 
0.91136, 0.0157, 0.016, 0.0155, 0.018, 0.0182, 0.0569, 0.0201, 
0.0215, 0.0223, 0.0248, 0.0244, 65.6, 62.2, 48.5, 88, 78.9, 54, 
58.5, 93.5, 68.4, 68.2, 83.6, 53, 1923, 118, 1096, 978, 115, 
32, 72, 72, 294, 921, 2, 2, 27, 1, 3, 5, 1, 7, 1, 4, 1, 100, 
100, 100, 100, 100, 100, 100, 100, 100, 100, 100, 2500, 2500, 
2500, 2500, 2500, 2500, 2500, 2500, 2500, 2500, 2500, 6303.666, 
6724.791, 6288.628, 6330.428, 6406.31, 6584.556, 6405.166, 6773.58, 
6811.807, 6664.27, 6698.753, 1, 1, 1, 1, 1, 1, 1, 1, 1, 1, 1, 
0.14286, 0.14286, 0.14286, 0.14286, 0.14286, 0.14286, 0.14286, 
0.14286, 0.14286, 0.14286, 0.14286, 0, 0, 0, 0, 0, 0, 0, 0, 0, 
0, 0, 0, 0, 0, 0, 0, 0, 0, 0, 0, 0, 0, 0.90492, 0.91312, 0.92422, 
0.91256, 0.91505, 0.91504, 0.92048, 0.90882, 0.90897, 0.91567, 
0.90904, 0.91382, 0.91312, 0.92407, 0.90197, 0.91827, 0.91192, 
0.91198, 0.90071, 0.90891, 0.91097, 0.90671, 0.0156, 0.0169, 
0.0167, 0.0175, 0.0192, 0.0213, 0.021, 0.0238, 0.025, 0.0261, 
0.0267, 74.6, 77.9, 80.4, 88, 93.1, 96.8, 102, 107.9, 111, 114.3, 
121.7, 1, 1, 1, 1, 1, 1, 1, 1, 1, 1, 1, 1, 1, 1, 1, 1, 1, 1, 
1, 1, 1, 1, 1, 1, 1, 1, 1, 1, 1, 1, 1, 1, 1, 1, 1, 1, 1, 1, 1, 
1, 1, 1, 1, 1, 2.544, 2.69, 2.467, 2.474, 2.552, 2.587, 2.391, 
2.646, 2.659, 2.706, 2.668), .Dim = c(11L, 40L), .Dimnames = list(
    NULL, c("Sampling", "PSO.cost", "PSO.gamma", "PSO.data.balancing", 
    "PSO.feature.selection", "PSO.valid.acc", "PSO.test.acc", 
    "PSO.train.time", "PSO.n.support.vectors", "PSO.index", "PSO.n.solutions", 
    "PSO.generations", "PSO.n.evaluations", "PSO.cpu.time", "RS.cost", 
    "RS.gamma", "RS.data.balancing", "RS.feature.selection", 
    "RS.valid.acc", "RS.test.acc", "RS.train.time", "RS.n.support.vectors", 
    "RS.index", "RS.n.solutions", "RS.generations", "RS.n.evaluations", 
    "RS.cpu.time", "DF.cost", "DF.gamma", "DF.data.balancing", 
    "DF.feature.selection", "DF.valid.acc", "DF.test.acc", "DF.train.time", 
    "DF.n.support.vectors", "DF.index", "DF.n.solutions", "DF.generations", 
    "DF.n.evaluations", "DF.cpu.time")))
