full <-
structure(c(50, 55, 60, 65, 70, 75, 80, 85, 90, 95, 100, 2.94477, 
9.64981, 1.33953, 3.15282, 14.55949, 13.78948, 8.14876, 13.66897, 
6.26928, 3.70874, 15, -8.12782, -7.68953, -5.81646, -7.19018, 
-11.18513, -10.67502, -7.36302, -13.59756, -7.7028, -6.58327, 
-12.08226, 0, 0, 0, 0, 0, 0, 0, 0, 0, 0, 0, 0, 0, 0, 0, 0, 0, 
0, 0, 0, 0, 0, 0.92718, 0.92007, 0.92806, 0.92263, 0.92568, 0.92727, 
0.92641, 0.92496, 0.92679, 0.92357, 0.92974, 0.8906, 0.91155, 
0.92422, 0.91548, 0.92245, 0.91515, 0.91775, 0.91422, 0.90916, 
0.92346, 0.91615, 0.0162, 0.0176, 0.018, 0.0188, 0.0248, 0.0269, 
0.0231, 0.0236, 0.0238, 0.0256, 0.0343, 72.9, 43.6, 76.3, 74, 
49.6, 58.5, 62.7, 69.9, 75.6, 90, 75.5, 235, 821, 8, 1218, 23, 
475, 1406, 583, 329, 272, 152, 203, 132, 258, 21, 242, 115, 19, 
229, 377, 86, 232, 100, 100, 100, 100, 100, 100, 100, 100, 100, 
100, 100, 2500, 2500, 2500, 2500, 2500, 2500, 2500, 2500, 2500, 
2500, 2500, 7070.78, 7146.519, 7090.511, 7167.821, 7271.261, 
7310.02, 7391.63099999999, 7304.18500000001, 7215.433, 7246.59000000001, 
7301.345, 2.70184, 9.98873, 1.47435, 2.67088, 14.79546, 12.15946, 
14.06188, 13.71564, 6.44015, 3.79064, 14.80324, -7.85691, -7.79028, 
-6.04566, -6.53561, -11.23058, -9.89022, -9.23893, -13.8746, 
-7.85655, -6.72286, -11.89043, 0, 0, 0, 0, 0, 0, 0, 0, 0, 0, 
0, 0, 0, 0, 0, 0, 0, 0, 0, 0, 0, 0, 0.92718, 0.92007, 0.92806, 
0.91918, 0.92568, 0.92727, 0.92355, 0.92496, 0.92679, 0.92357, 
0.92974, 0.8906, 0.91155, 0.92422, 0.91203, 0.91923, 0.91515, 
0.90926, 0.91152, 0.90916, 0.92346, 0.91382, 0.0166, 0.0175, 
0.0181, 0.0197, 0.0253, 0.0234, 0.0434, 0.0237, 0.0236, 0.0254, 
0.0354, 72.9, 43.7, 77, 72.9, 49.5, 59.1, 58.2, 70.5, 75.4, 90.5, 
75.1, 1421, 188, 190, 1412, 1944, 132, 391, 1383, 839, 684, 1168, 
1, 1, 4, 2, 1, 4, 3, 5, 3, 2, 3, 100, 100, 100, 100, 100, 100, 
100, 100, 100, 100, 100, 2500, 2500, 2500, 2500, 2500, 2500, 
2500, 2500, 2500, 2500, 2500, 7116.019, 7181.695, 7220.61, 7273.653, 
7299.078, 7400.18299999999, 7438.446, 7505.41099999999, 7447.31, 
7430.96400000001, 7509.16800000001, 1, 1, 1, 1, 1, 1, 1, 1, 1, 
1, 1, 0.14286, 0.14286, 0.14286, 0.14286, 0.14286, 0.14286, 0.14286, 
0.14286, 0.14286, 0.14286, 0.14286, 0, 0, 0, 0, 0, 0, 0, 0, 0, 
0, 0, 0, 0, 0, 0, 0, 0, 0, 0, 0, 0, 0, 0.89121, 0.89555, 0.90912, 
0.91229, 0.90631, 0.90909, 0.89767, 0.90071, 0.89403, 0.90435, 
0.90468, 0.90423, 0.8872, 0.90128, 0.91586, 0.90944, 0.90606, 
0.89759, 0.90619, 0.89922, 0.90905, 0.90479, 0.017, 0.0178, 0.019, 
0.0199, 0.0207, 0.0221, 0.0227, 0.0252, 0.0254, 0.0271, 0.0294, 
71.5, 79.6, 83.3, 84.9, 88.7, 96.8, 100.5, 104.6, 109.1, 116.3, 
122.1, 1, 1, 1, 1, 1, 1, 1, 1, 1, 1, 1, 1, 1, 1, 1, 1, 1, 1, 
1, 1, 1, 1, 1, 1, 1, 1, 1, 1, 1, 1, 1, 1, 1, 1, 1, 1, 1, 1, 1, 
1, 1, 1, 1, 1, 2.798, 2.85, 2.847, 2.842, 2.88, 2.872, 2.897, 
2.912, 2.761, 2.859, 2.901), .Dim = c(11L, 40L), .Dimnames = list(
    NULL, c("Sampling", "PSO.cost", "PSO.gamma", "PSO.data.balancing", 
    "PSO.feature.selection", "PSO.valid.acc", "PSO.test.acc", 
    "PSO.train.time", "PSO.n.support.vectors", "PSO.index", "PSO.n.solutions", 
    "PSO.generations", "PSO.n.evaluations", "PSO.cpu.time", "RS.cost", 
    "RS.gamma", "RS.data.balancing", "RS.feature.selection", 
    "RS.valid.acc", "RS.test.acc", "RS.train.time", "RS.n.support.vectors", 
    "RS.index", "RS.n.solutions", "RS.generations", "RS.n.evaluations", 
    "RS.cpu.time", "DF.cost", "DF.gamma", "DF.data.balancing", 
    "DF.feature.selection", "DF.valid.acc", "DF.test.acc", "DF.train.time", 
    "DF.n.support.vectors", "DF.index", "DF.n.solutions", "DF.generations", 
    "DF.n.evaluations", "DF.cpu.time")))
