full <-
structure(c(50, 55, 60, 65, 70, 75, 80, 85, 90, 95, 100, 12.74757, 
11.17157, 5.97379, 13.22211, 14.78524, 9.77231, 7.32403, 11.97017, 
6.93796, 15, 9.61647, -12.73671, -8.65577, -8.42434, -12.60546, 
-14.58654, -10.74312, -8.27137, -11.20639, -7.82635, -12.79133, 
-11.26928, 0, 0, 0, 0, 0, 0, 0, 0, 0, 0, 0, 0, 0, 0, 0, 0, 0, 
0, 0, 0, 0, 0, 0.91858, 0.90114, 0.91239, 0.90946, 0.90903, 0.91201, 
0.91778, 0.91963, 0.92173, 0.92096, 0.92272, 0.90949, 0.89697, 
0.901, 0.90257, 0.90903, 0.90907, 0.90365, 0.91437, 0.9091, 0.91376, 
0.91141, 0.0149, 0.019, 0.0171, 0.0192, 0.0193, 0.0201, 0.0209, 
0.0247, 0.0239, 0.0303, 0.0283, 41, 47.6, 62.2, 56.8, 60.8, 66.4, 
70.9, 70.8, 75.4, 72.7, 86.7, 33, 208, 957, 143, 5, 96, 83, 129, 
250, 326, 6, 858, 182, 153, 300, 1746, 228, 68, 636, 469, 187, 
47, 100, 100, 100, 100, 100, 100, 100, 100, 100, 100, 100, 2500, 
2500, 2500, 2500, 2500, 2500, 2500, 2500, 2500, 2500, 2500, 6916.322, 
7087.967, 6981.695, 6985.44, 6926.228, 6974.19500000001, 7062.96100000001, 
7108.355, 7094.383, 7325.98599999999, 7229.90399999998, 13.17356, 
14.0998, 6.28279, 13.32119, 9.54503, 9.41711, 5.34238, 12.78044, 
6.06127, 14.53432, 9.59286, -12.8811, -9.76208, -8.76053, -12.72235, 
-10.54856, -10.36507, -7.52068, -11.56517, -7.36714, -12.54515, 
-11.21941, 0, 0, 0, 0, 0, 0, 0, 0, 0, 0, 0, 0, 0, 0, 0, 0, 0, 
0, 0, 0, 0, 0, 0.91858, 0.90114, 0.91239, 0.90946, 0.90903, 0.91201, 
0.91778, 0.91963, 0.91923, 0.92096, 0.92272, 0.90514, 0.8928, 
0.89729, 0.90257, 0.89612, 0.90604, 0.90365, 0.91437, 0.9066, 
0.91376, 0.91141, 0.0156, 0.0257, 0.0177, 0.0184, 0.0183, 0.0195, 
0.0212, 0.0253, 0.022, 0.0298, 0.0267, 41.3, 46.9, 62.1, 57, 
64, 66.1, 76, 70, 77.6, 72.8, 86.3, 234, 44, 1246, 948, 33, 358, 
353, 58, 279, 1168, 57, 7, 9, 1, 3, 11, 8, 2, 10, 12, 1, 2, 100, 
100, 100, 100, 100, 100, 100, 100, 100, 100, 100, 2500, 2500, 
2500, 2500, 2500, 2500, 2500, 2500, 2500, 2500, 2500, 7001.439, 
7073.745, 7100.819, 7093.608, 7124.827, 7215.81599999999, 7271.43999999999, 
7312.44899999999, 7364.818, 7434.49400000001, 7563.76000000001, 
1, 1, 1, 1, 1, 1, 1, 1, 1, 1, 1, 0.14286, 0.14286, 0.14286, 0.14286, 
0.14286, 0.14286, 0.14286, 0.14286, 0.14286, 0.14286, 0.14286, 
0, 0, 0, 0, 0, 0, 0, 0, 0, 0, 0, 0, 0, 0, 0, 0, 0, 0, 0, 0, 0, 
0, 0.88696, 0.88011, 0.88618, 0.88496, 0.88987, 0.88803, 0.895, 
0.89815, 0.90423, 0.90893, 0.8955, 0.88676, 0.87611, 0.8708, 
0.87831, 0.89643, 0.90025, 0.89794, 0.89289, 0.9066, 0.89941, 
0.90686, 0.0163, 0.0173, 0.0179, 0.0205, 0.0208, 0.0217, 0.0227, 
0.0257, 0.0269, 0.0281, 0.0301, 73, 81.5, 86.7, 93.8, 97.6, 104.1, 
108, 114.5, 113, 117.1, 122.4, 1, 1, 1, 1, 1, 1, 1, 1, 1, 1, 
1, 1, 1, 1, 1, 1, 1, 1, 1, 1, 1, 1, 1, 1, 1, 1, 1, 1, 1, 1, 1, 
1, 1, 1, 1, 1, 1, 1, 1, 1, 1, 1, 1, 1, 2.733, 2.789, 2.803, 2.784, 
2.817, 2.774, 2.776, 2.886, 2.853, 2.886, 2.953), .Dim = c(11L, 
40L), .Dimnames = list(NULL, c("Sampling", "PSO.cost", "PSO.gamma", 
"PSO.data.balancing", "PSO.feature.selection", "PSO.valid.acc", 
"PSO.test.acc", "PSO.train.time", "PSO.n.support.vectors", "PSO.index", 
"PSO.n.solutions", "PSO.generations", "PSO.n.evaluations", "PSO.cpu.time", 
"RS.cost", "RS.gamma", "RS.data.balancing", "RS.feature.selection", 
"RS.valid.acc", "RS.test.acc", "RS.train.time", "RS.n.support.vectors", 
"RS.index", "RS.n.solutions", "RS.generations", "RS.n.evaluations", 
"RS.cpu.time", "DF.cost", "DF.gamma", "DF.data.balancing", "DF.feature.selection", 
"DF.valid.acc", "DF.test.acc", "DF.train.time", "DF.n.support.vectors", 
"DF.index", "DF.n.solutions", "DF.generations", "DF.n.evaluations", 
"DF.cpu.time")))
