full <-
structure(c(50, 55, 60, 65, 70, 75, 80, 85, 90, 95, 100, 9.57522, 
11.40671, 9.05224, 1.74096, 2.32134, 2.72658, 15, 3.01216, 13.50587, 
10.36707, 3.8148, -9.00987, -9.44237, -8.53145, -2.6572, -2.90177, 
-2.22364, -12.21004, -7.26324, -11.43308, -10.47668, -7.9129, 
0, 0, 0, 0, 0, 0, 0, 0, 0, 0, 0, 0, 0, 0, 0, 0, 0, 0, 0, 0, 0, 
0, 0.89998, 0.91311, 0.92123, 0.91195, 0.91892, 0.91835, 0.92324, 
0.91471, 0.91949, 0.9209, 0.91579, 0.89481, 0.88391, 0.89815, 
0.89433, 0.90892, 0.90311, 0.91189, 0.91194, 0.91692, 0.91132, 
0.90886, 0.0154, 0.0167, 0.015, 0.0173, 0.0179, 0.0192, 0.0277, 
0.0219, 0.0257, 0.0234, 0.0258, 49.6, 48.4, 51.4, 75.4, 77, 85.4, 
63.9, 96.9, 70, 76.8, 106.1, 280, 1663, 1629, 1389, 1246, 125, 
202, 671, 454, 170, 1602, 88, 17, 7, 7, 17, 221, 379, 103, 187, 
216, 9, 100, 100, 100, 100, 100, 100, 100, 100, 100, 100, 100, 
2500, 2500, 2500, 2500, 2500, 2500, 2500, 2500, 2500, 2500, 2500, 
6548.972, 6331.693, 5979.838, 6239.63, 6309.165, 6280.556, 7078.875, 
6899.67400000001, 6828.853, 6792.125, 6851.78999999999, 1.74365, 
9.45544, 10.91394, 2.20951, 5.39597, 3.66358, 13.47304, 2.82011, 
13.90242, 10.36298, 13.0715, -6.00142, -8.30951, -9.35542, -2.77684, 
-5.0085, -2.68135, -11.6074, -7.12099, -11.54658, -10.47284, 
-11.82164, 0, 0, 0, 0, 0, 0, 0, 0, 0, 0, 0, 0, 0, 0, 0, 0, 0, 
0, 0, 0, 0, 0, 0.89957, 0.91311, 0.91738, 0.91195, 0.91871, 0.91835, 
0.92324, 0.91471, 0.91699, 0.9209, 0.91573, 0.89026, 0.89641, 
0.8943, 0.89433, 0.90237, 0.90311, 0.90903, 0.91194, 0.91692, 
0.91132, 0.91335, 0.0149, 0.0141, 0.016, 0.0164, 0.0178, 0.0198, 
0.024, 0.0215, 0.027, 0.024, 0.0284, 72.2, 49.1, 50.4, 72.7, 
61.1, 79.1, 64.1, 97.8, 69.7, 76.8, 77.1, 2171, 1142, 438, 277, 
966, 92, 126, 1222, 634, 2079, 135, 1, 1, 3, 2, 3, 3, 8, 2, 2, 
2, 4, 100, 100, 100, 100, 100, 100, 100, 100, 100, 100, 100, 
2500, 2500, 2500, 2500, 2500, 2500, 2500, 2500, 2500, 2500, 2500, 
6500.172, 6120.218, 6026.571, 6231.792, 6429.643, 6373.284, 7004.79699999999, 
6666.83200000001, 6941.435, 6971.58, 7058.74799999999, 1, 1, 
1, 1, 1, 1, 1, 1, 1, 1, 1, 0.14286, 0.14286, 0.14286, 0.14286, 
0.14286, 0.14286, 0.14286, 0.14286, 0.14286, 0.14286, 0.14286, 
0, 0, 0, 0, 0, 0, 0, 0, 0, 0, 0, 0, 0, 0, 0, 0, 0, 0, 0, 0, 0, 
0, 0.87247, 0.88878, 0.90214, 0.89101, 0.90269, 0.9032, 0.90053, 
0.90398, 0.90167, 0.89918, 0.89982, 0.87206, 0.88026, 0.89444, 
0.9016, 0.89925, 0.90614, 0.898, 0.9012, 0.91417, 0.8943, 0.90199, 
0.0158, 0.0152, 0.0161, 0.018, 0.0193, 0.0199, 0.0233, 0.0227, 
0.024, 0.0278, 0.0281, 79.5, 79.9, 81.9, 87.5, 91.5, 96.5, 101.9, 
108, 112.3, 117.8, 121.7, 1, 1, 1, 1, 1, 1, 1, 1, 1, 1, 1, 1, 
1, 1, 1, 1, 1, 1, 1, 1, 1, 1, 1, 1, 1, 1, 1, 1, 1, 1, 1, 1, 1, 
1, 1, 1, 1, 1, 1, 1, 1, 1, 1, 1, 2.596, 2.317, 2.397, 2.515, 
2.644, 2.465, 2.797, 2.538, 2.565, 2.804, 2.812), .Dim = c(11L, 
40L), .Dimnames = list(NULL, c("Sampling", "PSO.cost", "PSO.gamma", 
"PSO.data.balancing", "PSO.feature.selection", "PSO.valid.acc", 
"PSO.test.acc", "PSO.train.time", "PSO.n.support.vectors", "PSO.index", 
"PSO.n.solutions", "PSO.generations", "PSO.n.evaluations", "PSO.cpu.time", 
"RS.cost", "RS.gamma", "RS.data.balancing", "RS.feature.selection", 
"RS.valid.acc", "RS.test.acc", "RS.train.time", "RS.n.support.vectors", 
"RS.index", "RS.n.solutions", "RS.generations", "RS.n.evaluations", 
"RS.cpu.time", "DF.cost", "DF.gamma", "DF.data.balancing", "DF.feature.selection", 
"DF.valid.acc", "DF.test.acc", "DF.train.time", "DF.n.support.vectors", 
"DF.index", "DF.n.solutions", "DF.generations", "DF.n.evaluations", 
"DF.cpu.time")))
