full <-
structure(c(50, 55, 60, 65, 70, 75, 80, 85, 90, 95, 100, 12.43116, 
12.706, 13.61221, 8.18576, 10.44255, 12.73951, 7.75289, 7.65134, 
12.1628, 13.83771, 8.16895, -8.99731, -8.30881, -10.05538, -11.61101, 
-8.54604, -8.50947, -10.23345, -9.16227, -14.87738, -9.8212, 
-6.83838, 0, 0, 0, 0, 0, 0, 0, 0, 0, 0, 0, 0, 0, 0, 0, 0, 0, 
0, 0, 0, 0, 0, 0.92305, 0.9385, 0.92806, 0.92289, 0.93536, 0.92716, 
0.92325, 0.91707, 0.91917, 0.91369, 0.91611, 0.91789, 0.92599, 
0.91667, 0.9123, 0.93182, 0.91192, 0.91762, 0.90114, 0.91147, 
0.90145, 0.90712, 0.0171, 0.0229, 0.0239, 0.0196, 0.0217, 0.0314, 
0.0232, 0.0245, 0.026, 0.0437, 0.0304, 35.5, 37, 43.6, 62.8, 
48.5, 51.8, 76.6, 78.4, 86.2, 71.8, 77.5, 203, 688, 563, 150, 
44, 483, 347, 722, 141, 171, 347, 105, 85, 43, 167, 364, 73, 
127, 28, 53, 51, 189, 100, 100, 100, 100, 100, 100, 100, 100, 
100, 100, 100, 2500, 2500, 2500, 2500, 2500, 2500, 2500, 2500, 
2500, 2500, 2500, 7811.609, 8885.196, 8945.281, 8892.108, 9058.74500000001, 
9215.368, 8992.49800000001, 9044.28999999999, 9009.486, 9448.18100000001, 
9163.23800000001, 12.81251, 13.25946, 11.93179, 7.92348, 14.78973, 
12.6248, 7.0333, 7.76488, 10.30223, 12.38488, 8.19317, -7.81692, 
-8.63619, -9.22, -11.45091, -10.6789, -8.44051, -9.55376, -7.24767, 
-12.1671, -9.24819, -6.86841, 0, 0, 0, 0, 0, 0, 0, 0, 0, 0, 0, 
0, 0, 0, 0, 0, 0, 0, 0, 0, 0, 0, 0.92285, 0.9345, 0.92806, 0.92289, 
0.93536, 0.92716, 0.9204, 0.91693, 0.9191, 0.91358, 0.91611, 
0.89971, 0.92199, 0.91667, 0.9123, 0.93182, 0.91192, 0.91762, 
0.90896, 0.91141, 0.90139, 0.90712, 0.0224, 0.0235, 0.0207, 0.0192, 
0.0317, 0.0302, 0.0233, 0.0255, 0.0256, 0.0351, 0.0282, 35.1, 
37.2, 43.6, 63.5, 47.4, 51.9, 76.3, 73.5, 80.8, 72.4, 77.8, 191, 
703, 2485, 551, 44, 214, 79, 471, 723, 561, 1207, 7, 1, 1, 7, 
17, 1, 10, 7, 4, 1, 3, 100, 100, 100, 100, 100, 100, 100, 100, 
100, 100, 100, 2500, 2500, 2500, 2500, 2500, 2500, 2500, 2500, 
2500, 2500, 2500, 8822.332, 8901.58, 8972.046, 9014, 9172.66900000001, 
9168.59, 9284.71299999999, 9294.55600000001, 9382.185, 9454.89999999999, 
7417.163, 1, 1, 1, 1, 1, 1, 1, 1, 1, 1, 1, 0.14286, 0.14286, 
0.14286, 0.14286, 0.14286, 0.14286, 0.14286, 0.14286, 0.14286, 
0.14286, 0.14286, 0, 0, 0, 0, 0, 0, 0, 0, 0, 0, 0, 0, 0, 0, 0, 
0, 0, 0, 0, 0, 0, 0, 0.88999, 0.90965, 0.91268, 0.90527, 0.9059, 
0.90309, 0.90333, 0.89552, 0.89109, 0.8968, 0.90469, 0.88999, 
0.91, 0.90883, 0.90207, 0.90913, 0.90319, 0.89476, 0.89559, 0.89365, 
0.89895, 0.90014, 0.0175, 0.0187, 0.02, 0.0208, 0.023, 0.0238, 
0.0262, 0.0272, 0.0278, 0.0304, 0.0301, 69.9, 74.7, 79, 83.4, 
89.6, 95.5, 105, 111.8, 115.8, 119.2, 122.2, 1, 1, 1, 1, 1, 1, 
1, 1, 1, 1, 1, 1, 1, 1, 1, 1, 1, 1, 1, 1, 1, 1, 1, 1, 1, 1, 1, 
1, 1, 1, 1, 1, 1, 1, 1, 1, 1, 1, 1, 1, 1, 1, 1, 1, 3.477, 3.618, 
3.56, 3.536, 3.705, 3.608, 3.662, 3.581, 3.626, 3.587, 2.767), .Dim = c(11L, 
40L), .Dimnames = list(NULL, c("Sampling", "PSO.cost", "PSO.gamma", 
"PSO.data.balancing", "PSO.feature.selection", "PSO.valid.acc", 
"PSO.test.acc", "PSO.train.time", "PSO.n.support.vectors", "PSO.index", 
"PSO.n.solutions", "PSO.generations", "PSO.n.evaluations", "PSO.cpu.time", 
"RS.cost", "RS.gamma", "RS.data.balancing", "RS.feature.selection", 
"RS.valid.acc", "RS.test.acc", "RS.train.time", "RS.n.support.vectors", 
"RS.index", "RS.n.solutions", "RS.generations", "RS.n.evaluations", 
"RS.cpu.time", "DF.cost", "DF.gamma", "DF.data.balancing", "DF.feature.selection", 
"DF.valid.acc", "DF.test.acc", "DF.train.time", "DF.n.support.vectors", 
"DF.index", "DF.n.solutions", "DF.generations", "DF.n.evaluations", 
"DF.cpu.time")))
