full <-
structure(c(50, 55, 60, 65, 70, 75, 80, 85, 90, 95, 100, 13.7658, 
14.70958, 12.98704, 8.70937, 12.22492, 15, 8.76778, 10.46737, 
3.4606, 13.63585, 8.02169, -11.63971, -12.1079, -8.54615, -8.18649, 
-9.00351, -11.83165, -9.1666, -9.96786, -5.57852, -12.24165, 
-10.70975, 0, 0, 0, 0, 0, 0, 0, 0, 0, 0, 0, 0, 0, 0, 0, 0, 0, 
0, 0, 0, 0, 0, 0.92265, 0.9228, 0.92775, 0.92328, 0.93127, 0.91835, 
0.92937, 0.91691, 0.91692, 0.92827, 0.92282, 0.90858, 0.92262, 
0.92005, 0.92328, 0.92169, 0.9122, 0.92373, 0.90879, 0.90429, 
0.91369, 0.91828, 0.0165, 0.0195, 0.0259, 0.0172, 0.0232, 0.0254, 
0.0204, 0.0223, 0.0228, 0.0278, 0.0262, 40.8, 44.1, 44.4, 51.5, 
50.5, 54.9, 64.3, 67.8, 84.2, 73, 92.9, 261, 86, 191, 55, 751, 
453, 185, 152, 523, 406, 29, 140, 816, 226, 435, 25, 254, 377, 
135, 356, 48, 87, 100, 100, 100, 100, 100, 100, 100, 100, 100, 
100, 100, 2500, 2500, 2500, 2500, 2500, 2500, 2500, 2500, 2500, 
2500, 2500, 6821.758, 6825.898, 7078.548, 6897.95600000001, 6946.10200000001, 
7014.442, 6946.67599999999, 7108.037, 7041.00099999999, 7031.43399999999, 
6970.845, 10.55997, 11.95709, 11.21051, 11.11052, 12.21466, 5.24098, 
9.01304, 9.55731, 3.49586, 14.99427, 10.49802, -9.97651, -10.24523, 
-7.67119, -9.73102, -8.84427, -8.34238, -9.27982, -9.46727, -5.75569, 
-13.1095, -13.58581, 0, 0, 0, 0, 0, 0, 0, 0, 0, 0, 0, 0, 0, 0, 
0, 0, 0, 0, 0, 0, 0, 0, 0.91811, 0.9228, 0.92775, 0.92328, 0.92825, 
0.91532, 0.92937, 0.91691, 0.91692, 0.92583, 0.92055, 0.89949, 
0.9228, 0.92005, 0.91638, 0.92169, 0.90926, 0.92373, 0.91435, 
0.90173, 0.91369, 0.91601, 0.0149, 0.0166, 0.0217, 0.0184, 0.0223, 
0.0192, 0.0199, 0.0221, 0.0228, 0.0277, 0.025, 42.8, 44.1, 44.8, 
50.1, 50.4, 73.3, 63.9, 68.8, 85.4, 72.6, 96.4, 1, 143, 1220, 
694, 252, 349, 1045, 7, 1066, 21, 15, 13, 26, 2, 16, 4, 7, 6, 
3, 2, 1, 19, 100, 100, 100, 100, 100, 100, 100, 100, 100, 100, 
100, 2500, 2500, 2500, 2500, 2500, 2500, 2500, 2500, 2500, 2500, 
2500, 6837.761, 6830.137, 6834.862, 6926.724, 7011.866, 7060.79300000001, 
7125.78700000001, 7224.61, 7307.84299999999, 7277.446, 7368.693, 
1, 1, 1, 1, 1, 1, 1, 1, 1, 1, 1, 0.14286, 0.14286, 0.14286, 0.14286, 
0.14286, 0.14286, 0.14286, 0.14286, 0.14286, 0.14286, 0.14286, 
0, 0, 0, 0, 0, 0, 0, 0, 0, 0, 0, 0, 0, 0, 0, 0, 0, 0, 0, 0, 0, 
0, 0.89081, 0.87691, 0.88242, 0.89852, 0.90909, 0.90007, 0.90381, 
0.90098, 0.89917, 0.90207, 0.90237, 0.88151, 0.87273, 0.88626, 
0.88818, 0.89608, 0.9031, 0.8981, 0.90346, 0.90167, 0.90196, 
0.90464, 0.0151, 0.0164, 0.0172, 0.0185, 0.0197, 0.0206, 0.0217, 
0.0238, 0.025, 0.0266, 0.0278, 72.8, 78.5, 82.9, 89.1, 88.6, 
94, 99.3, 105.6, 112.1, 116.8, 122.3, 1, 1, 1, 1, 1, 1, 1, 1, 
1, 1, 1, 1, 1, 1, 1, 1, 1, 1, 1, 1, 1, 1, 1, 1, 1, 1, 1, 1, 1, 
1, 1, 1, 1, 1, 1, 1, 1, 1, 1, 1, 1, 1, 1, 1, 2.714, 2.701, 2.65, 
2.679, 2.805, 2.769, 2.795, 2.908, 2.765, 2.729, 2.815), .Dim = c(11L, 
40L), .Dimnames = list(NULL, c("Sampling", "PSO.cost", "PSO.gamma", 
"PSO.data.balancing", "PSO.feature.selection", "PSO.valid.acc", 
"PSO.test.acc", "PSO.train.time", "PSO.n.support.vectors", "PSO.index", 
"PSO.n.solutions", "PSO.generations", "PSO.n.evaluations", "PSO.cpu.time", 
"RS.cost", "RS.gamma", "RS.data.balancing", "RS.feature.selection", 
"RS.valid.acc", "RS.test.acc", "RS.train.time", "RS.n.support.vectors", 
"RS.index", "RS.n.solutions", "RS.generations", "RS.n.evaluations", 
"RS.cpu.time", "DF.cost", "DF.gamma", "DF.data.balancing", "DF.feature.selection", 
"DF.valid.acc", "DF.test.acc", "DF.train.time", "DF.n.support.vectors", 
"DF.index", "DF.n.solutions", "DF.generations", "DF.n.evaluations", 
"DF.cpu.time")))
