full <-
structure(c(50, 55, 60, 65, 70, 75, 80, 85, 90, 95, 100, 3.27242, 
7.30266, 12.2514, 1.77531, 9.37833, 13.36151, 13.84968, 15, 10.58555, 
2.98695, 13.27374, -6.93628, -8.62782, -10.3863, -6.80545, -8.04099, 
-10.87505, -10.82012, -12.40768, -9.55766, -6.7137, -9.01225, 
0, 0, 0, 0, 0, 0, 0, 0, 0, 0, 0, 0, 0, 0, 0, 0, 0, 0, 0, 0, 0, 
0, 0.93178, 0.9255, 0.93117, 0.92635, 0.92892, 0.93337, 0.92929, 
0.92752, 0.92673, 0.92588, 0.91811, 0.91834, 0.91717, 0.91948, 
0.90899, 0.9257, 0.92428, 0.91205, 0.91131, 0.9064, 0.91874, 
0.90902, 0.0155, 0.0153, 0.0169, 0.0176, 0.0183, 0.0225, 0.0244, 
0.027, 0.0236, 0.0236, 0.0416, 54.6, 46.5, 39.5, 85.5, 50.7, 
52.1, 58.2, 65.8, 69.3, 96.3, 75, 700, 308, 129, 1908, 120, 353, 
353, 58, 344, 2292, 186, 43, 224, 405, 28, 558, 109, 96, 146, 
116, 1, 181, 100, 100, 100, 100, 100, 100, 100, 100, 100, 100, 
100, 2500, 2500, 2500, 2500, 2500, 2500, 2500, 2500, 2500, 2500, 
2500, 7021.043, 6857.96, 6830.33, 6644.218, 6633.487, 6752.11200000001, 
6686.36500000001, 6672.34299999999, 6558.459, 6734.05499999999, 
7464.902, 4.25204, 13.33068, 13.54112, 4.11099, 9.90441, 11.12982, 
14.08844, 14.64765, 13.99883, 2.87928, 13.4151, -8.08009, -10.61463, 
-10.9143, -8.58337, -8.28899, -9.53686, -10.94028, -12.26187, 
-10.85373, -6.59032, -9.10613, 0, 0, 0, 0, 0, 0, 0, 0, 0, 0, 
0, 0, 0, 0, 0, 0, 0, 0, 0, 0, 0, 0, 0.92743, 0.9255, 0.93117, 
0.92266, 0.92892, 0.93043, 0.92929, 0.92752, 0.92423, 0.92588, 
0.91811, 0.9138, 0.91717, 0.91948, 0.90542, 0.9257, 0.92428, 
0.91205, 0.91401, 0.91647, 0.91635, 0.90902, 0.0145, 0.0173, 
0.0175, 0.018, 0.0192, 0.0201, 0.0276, 0.0262, 0.0284, 0.0241, 
0.0442, 55.4, 37.7, 38.6, 79, 50.4, 52.9, 57.9, 65.9, 66.9, 96.3, 
74.9, 1858, 484, 181, 2198, 24, 268, 2457, 2268, 8, 1084, 1762, 
1, 3, 4, 1, 13, 12, 1, 1, 8, 1, 1, 100, 100, 100, 100, 100, 100, 
100, 100, 100, 100, 100, 2500, 2500, 2500, 2500, 2500, 2500, 
2500, 2500, 2500, 2500, 2500, 6681.483, 6761.761, 6827.238, 6584.499, 
6800.576, 6676.22799999999, 6879.17600000001, 6748.908, 7001.22, 
7235.70799999998, 7170.55600000001, 1, 1, 1, 1, 1, 1, 1, 1, 1, 
1, 1, 0.14286, 0.14286, 0.14286, 0.14286, 0.14286, 0.14286, 0.14286, 
0.14286, 0.14286, 0.14286, 0.14286, 0, 0, 0, 0, 0, 0, 0, 0, 0, 
0, 0, 0, 0, 0, 0, 0, 0, 0, 0, 0, 0, 0, 0.92289, 0.91283, 0.91223, 
0.8984, 0.90946, 0.91527, 0.90356, 0.90334, 0.9014, 0.90433, 
0.90008, 0.91814, 0.9005, 0.91607, 0.90185, 0.9029, 0.90902, 
0.90348, 0.89801, 0.9039, 0.91391, 0.90003, 0.0153, 0.017, 0.0171, 
0.0184, 0.0198, 0.0202, 0.0217, 0.0227, 0.0242, 0.0257, 0.0273, 
66.1, 72.7, 76.3, 83.6, 88.3, 93.5, 98.8, 105.1, 109.3, 115.9, 
121.8, 1, 1, 1, 1, 1, 1, 1, 1, 1, 1, 1, 1, 1, 1, 1, 1, 1, 1, 
1, 1, 1, 1, 1, 1, 1, 1, 1, 1, 1, 1, 1, 1, 1, 1, 1, 1, 1, 1, 1, 
1, 1, 1, 1, 1, 2.727, 2.772, 2.689, 2.554, 2.719, 2.538, 2.675, 
2.526, 2.609, 2.682, 2.694), .Dim = c(11L, 40L), .Dimnames = list(
    NULL, c("Sampling", "PSO.cost", "PSO.gamma", "PSO.data.balancing", 
    "PSO.feature.selection", "PSO.valid.acc", "PSO.test.acc", 
    "PSO.train.time", "PSO.n.support.vectors", "PSO.index", "PSO.n.solutions", 
    "PSO.generations", "PSO.n.evaluations", "PSO.cpu.time", "RS.cost", 
    "RS.gamma", "RS.data.balancing", "RS.feature.selection", 
    "RS.valid.acc", "RS.test.acc", "RS.train.time", "RS.n.support.vectors", 
    "RS.index", "RS.n.solutions", "RS.generations", "RS.n.evaluations", 
    "RS.cpu.time", "DF.cost", "DF.gamma", "DF.data.balancing", 
    "DF.feature.selection", "DF.valid.acc", "DF.test.acc", "DF.train.time", 
    "DF.n.support.vectors", "DF.index", "DF.n.solutions", "DF.generations", 
    "DF.n.evaluations", "DF.cpu.time")))
