full <-
structure(c(50, 55, 60, 65, 70, 75, 80, 85, 90, 95, 100, 4.27036, 
9.55298, 9.015, 6.77692, 8.55735, 13.0612, 15, 12.65701, 12.98054, 
8.05604, 6.86243, -4.87795, -11.42958, -8.89815, -10.12167, -8.98579, 
-15, -15, -10.15244, -14.12997, -9.3228, -8.46236, 0, 0, 0, 0, 
0, 0, 0, 0, 0, 0, 0, 0, 0, 0, 0, 0, 0, 0, 0, 0, 0, 0, 0.92407, 
0.9335, 0.94315, 0.92646, 0.91503, 0.91522, 0.92071, 0.91421, 
0.91423, 0.9212, 0.92286, 0.9102, 0.91267, 0.91692, 0.91611, 
0.90556, 0.90622, 0.915, 0.90376, 0.91173, 0.914, 0.91821, 0.0126, 
0.0141, 0.0157, 0.0159, 0.0166, 0.0189, 0.0194, 0.025, 0.0215, 
0.0222, 0.0252, 47.9, 49.5, 45.2, 67, 59.5, 70.9, 68.6, 69.9, 
81.7, 82.7, 85.5, 145, 188, 510, 426, 141, 114, 70, 205, 304, 
1173, 281, 395, 245, 46, 116, 457, 945, 1705, 39, 118, 94, 415, 
100, 100, 100, 100, 100, 100, 100, 100, 100, 100, 100, 2500, 
2500, 2500, 2500, 2500, 2500, 2500, 2500, 2500, 2500, 2500, 5682.57, 
5743.478, 5987.713, 5917.61, 6044.596, 6137.30899999999, 5970.747, 
6274.092, 6029.122, 6395.693, 6255.242, 4.30027, 10.02955, 8.75774, 
6.35907, 8.58304, 12.55198, 13.35066, 13.56845, 13.27961, 8.44446, 
6.63751, -4.93875, -11.86935, -9.38321, -9.81735, -9.15712, -14.3361, 
-13.99098, -10.99217, -14.40797, -9.47637, -8.3151, 0, 0, 0, 
0, 0, 0, 0, 0, 0, 0, 0, 0, 0, 0, 0, 0, 0, 0, 0, 0, 0, 0, 0.92407, 
0.9335, 0.93945, 0.92301, 0.91181, 0.91522, 0.92071, 0.91158, 
0.91423, 0.91876, 0.92286, 0.91496, 0.91267, 0.92818, 0.91611, 
0.90556, 0.90925, 0.91214, 0.90887, 0.91173, 0.91643, 0.91821, 
0.0128, 0.0137, 0.0147, 0.0169, 0.0177, 0.0186, 0.0209, 0.0285, 
0.0236, 0.0242, 0.025, 47.8, 49.5, 47.4, 68.3, 59.7, 70.2, 70.6, 
70.1, 81.5, 81.4, 86, 889, 714, 7, 387, 1088, 31, 350, 361, 2435, 
875, 842, 4, 4, 43, 4, 2, 12, 2, 9, 1, 2, 1, 100, 100, 100, 100, 
100, 100, 100, 100, 100, 100, 100, 2500, 2500, 2500, 2500, 2500, 
2500, 2500, 2500, 2500, 2500, 2500, 5776.38, 5839.259, 6203.8, 
6075.581, 6344.585, 6157.156, 6248.72100000001, 6536.66800000001, 
6390.45, 6526.44099999999, 6771.329, 1, 1, 1, 1, 1, 1, 1, 1, 
1, 1, 1, 0.14286, 0.14286, 0.14286, 0.14286, 0.14286, 0.14286, 
0.14286, 0.14286, 0.14286, 0.14286, 0.14286, 0, 0, 0, 0, 0, 0, 
0, 0, 0, 0, 0, 0, 0, 0, 0, 0, 0, 0, 0, 0, 0, 0, 0.90152, 0.91683, 
0.92048, 0.90527, 0.89296, 0.8996, 0.89785, 0.89287, 0.89917, 
0.89721, 0.89755, 0.90566, 0.90867, 0.91321, 0.90182, 0.89963, 
0.90272, 0.90087, 0.89272, 0.89654, 0.90447, 0.90003, 0.0148, 
0.0152, 0.0172, 0.0184, 0.0191, 0.0194, 0.0212, 0.0232, 0.025, 
0.0263, 0.0279, 72.7, 75.8, 79.1, 88.3, 94.8, 99.5, 106.1, 111.5, 
117.7, 119, 123.1, 1, 1, 1, 1, 1, 1, 1, 1, 1, 1, 1, 1, 1, 1, 
1, 1, 1, 1, 1, 1, 1, 1, 1, 1, 1, 1, 1, 1, 1, 1, 1, 1, 1, 1, 1, 
1, 1, 1, 1, 1, 1, 1, 1, 1, 2.304, 2.381, 2.534, 2.486, 2.441, 
2.323, 2.378, 2.527, 2.552, 2.569, 2.576), .Dim = c(11L, 40L), .Dimnames = list(
    NULL, c("Sampling", "PSO.cost", "PSO.gamma", "PSO.data.balancing", 
    "PSO.feature.selection", "PSO.valid.acc", "PSO.test.acc", 
    "PSO.train.time", "PSO.n.support.vectors", "PSO.index", "PSO.n.solutions", 
    "PSO.generations", "PSO.n.evaluations", "PSO.cpu.time", "RS.cost", 
    "RS.gamma", "RS.data.balancing", "RS.feature.selection", 
    "RS.valid.acc", "RS.test.acc", "RS.train.time", "RS.n.support.vectors", 
    "RS.index", "RS.n.solutions", "RS.generations", "RS.n.evaluations", 
    "RS.cpu.time", "DF.cost", "DF.gamma", "DF.data.balancing", 
    "DF.feature.selection", "DF.valid.acc", "DF.test.acc", "DF.train.time", 
    "DF.n.support.vectors", "DF.index", "DF.n.solutions", "DF.generations", 
    "DF.n.evaluations", "DF.cpu.time")))
