full <-
structure(c(50, 55, 60, 65, 70, 75, 80, 85, 90, 95, 100, 15, 
14.49643, 14.88104, 7.74961, 15, 14.17848, 11.49185, 12.49206, 
8.4513, 13.4251, 9.62006, -14.63864, -13.20782, -12.22918, -9.17509, 
-11.05004, -10.84345, -10.55129, -10.65091, -8.07223, -10.5424, 
-9.74625, 0, 0, 0, 0, 0, 0, 0, 0, 0, 0, 0, 0, 0, 0, 0, 0, 0, 
0, 0, 0, 0, 0, 0.94065, 0.93326, 0.94299, 0.92709, 0.93817, 0.93367, 
0.94047, 0.9384, 0.93981, 0.93031, 0.92262, 0.93156, 0.91709, 
0.93529, 0.90591, 0.92828, 0.92458, 0.92349, 0.92773, 0.92474, 
0.91359, 0.91135, 0.0089, 0.0106, 0.013, 0.0107, 0.0171, 0.0167, 
0.0139, 0.0163, 0.0148, 0.0214, 0.0173, 36.9, 44.7, 44.7, 57.9, 
50.9, 53.5, 61.4, 63.5, 67.7, 71.2, 79.7, 1120, 1825, 294, 38, 
256, 265, 926, 51, 461, 398, 584, 26, 2, 207, 144, 325, 139, 
109, 626, 145, 29, 233, 100, 100, 100, 100, 100, 100, 100, 100, 
100, 100, 100, 2500, 2500, 2500, 2500, 2500, 2500, 2500, 2500, 
2500, 2500, 2500, 5633.101, 5682.171, 5696.891, 5721.032, 5839.54, 
5825.165, 5833.508, 5923.554, 5927.02899999999, 6065.74800000001, 
6039.83300000001, 8.64051, 14.10836, 13.19709, 7.61429, 14.94282, 
10.92758, 12.56162, 11.64363, 6.96034, 12.45021, 8.63721, -9.71964, 
-12.3945, -11.36389, -8.55026, -11.21418, -9.4589, -10.25419, 
-10.16112, -7.70849, -10.06985, -10.16639, 0, 0, 0, 0, 0, 0, 
0, 0, 0, 0, 0, 0, 0, 0, 0, 0, 0, 0, 0, 0, 0, 0, 0.94065, 0.92926, 
0.94299, 0.92697, 0.93817, 0.93358, 0.93484, 0.9384, 0.93974, 
0.92793, 0.92257, 0.92702, 0.91675, 0.93529, 0.91281, 0.92505, 
0.93056, 0.92634, 0.92239, 0.92474, 0.91121, 0.91353, 0.0089, 
0.0109, 0.0116, 0.011, 0.0165, 0.013, 0.016, 0.0158, 0.0148, 
0.0194, 0.0174, 41.2, 44.2, 45.1, 55.7, 50.7, 55.5, 60.2, 63.7, 
71.3, 71.4, 86.4, 838, 226, 125, 1742, 620, 272, 29, 298, 1555, 
1642, 272, 4, 13, 4, 1, 2, 6, 2, 3, 1, 4, 2, 100, 100, 100, 100, 
100, 100, 100, 100, 100, 100, 100, 2500, 2500, 2500, 2500, 2500, 
2500, 2500, 2500, 2500, 2500, 2500, 5664.6, 5757.974, 5752.413, 
5819.136, 5866.74, 5934.975, 6045.54299999999, 6112.21999999999, 
6179.795, 6228.92600000001, 6292.643, 1, 1, 1, 1, 1, 1, 1, 1, 
1, 1, 1, 0.14286, 0.14286, 0.14286, 0.14286, 0.14286, 0.14286, 
0.14286, 0.14286, 0.14286, 0.14286, 0.14286, 0, 0, 0, 0, 0, 0, 
0, 0, 0, 0, 0, 0, 0, 0, 0, 0, 0, 0, 0, 0, 0, 0, 0.90882, 0.88357, 
0.89783, 0.89557, 0.89903, 0.90061, 0.88658, 0.90611, 0.91448, 
0.909, 0.89994, 0.90427, 0.87573, 0.90538, 0.89532, 0.88946, 
0.89758, 0.8923, 0.91415, 0.91198, 0.90912, 0.90681, 0.0095, 
0.0105, 0.0114, 0.0122, 0.0129, 0.0145, 0.015, 0.0159, 0.017, 
0.0181, 0.0197, 66.9, 77, 80, 87.2, 93.5, 99.6, 104.1, 108.6, 
112.2, 117.8, 123, 1, 1, 1, 1, 1, 1, 1, 1, 1, 1, 1, 1, 1, 1, 
1, 1, 1, 1, 1, 1, 1, 1, 1, 1, 1, 1, 1, 1, 1, 1, 1, 1, 1, 1, 1, 
1, 1, 1, 1, 1, 1, 1, 1, 1, 2.233, 2.21, 2.271, 2.287, 2.303, 
2.359, 2.331, 2.308, 2.364, 2.399, 2.39), .Dim = c(11L, 40L), .Dimnames = list(
    NULL, c("Sampling", "PSO.cost", "PSO.gamma", "PSO.data.balancing", 
    "PSO.feature.selection", "PSO.valid.acc", "PSO.test.acc", 
    "PSO.train.time", "PSO.n.support.vectors", "PSO.index", "PSO.n.solutions", 
    "PSO.generations", "PSO.n.evaluations", "PSO.cpu.time", "RS.cost", 
    "RS.gamma", "RS.data.balancing", "RS.feature.selection", 
    "RS.valid.acc", "RS.test.acc", "RS.train.time", "RS.n.support.vectors", 
    "RS.index", "RS.n.solutions", "RS.generations", "RS.n.evaluations", 
    "RS.cpu.time", "DF.cost", "DF.gamma", "DF.data.balancing", 
    "DF.feature.selection", "DF.valid.acc", "DF.test.acc", "DF.train.time", 
    "DF.n.support.vectors", "DF.index", "DF.n.solutions", "DF.generations", 
    "DF.n.evaluations", "DF.cpu.time")))
