full <-
structure(c(50, 55, 60, 65, 70, 75, 80, 85, 90, 95, 100, 5.3815, 
12.81706, 12.62069, 14.68757, 14.9958, 7.80386, 7.9765, 4.57427, 
12.17313, 8.39265, 11.07705, -7.68247, -12.64526, -15, -15, -14.22445, 
-10.3928, -8.70271, -8.1149, -12.7381, -9.41863, -10.63523, 0, 
0, 0, 0, 0, 0, 0, 0, 0, 0, 0, 0, 0, 0, 0, 0, 0, 0, 0, 0, 0, 0, 
0.90048, 0.92583, 0.9094, 0.90935, 0.9186, 0.92157, 0.91785, 
0.91692, 0.92972, 0.92095, 0.92499, 0.89178, 0.92567, 0.89801, 
0.90233, 0.90882, 0.92157, 0.91205, 0.91692, 0.92716, 0.9138, 
0.91595, 0.014, 0.0156, 0.0157, 0.016, 0.0181, 0.0186, 0.0193, 
0.0217, 0.0227, 0.022, 0.0246, 53.1, 47, 58.3, 55.4, 55.1, 71.9, 
70.1, 92, 76, 81.4, 78.4, 1178, 303, 91, 101, 151, 106, 112, 
211, 1006, 158, 107, 88, 166, 1186, 1008, 463, 98, 288, 339, 
21, 428, 425, 100, 100, 100, 100, 100, 100, 100, 100, 100, 100, 
100, 2500, 2500, 2500, 2500, 2500, 2500, 2500, 2500, 2500, 2500, 
2500, 6057.73, 5992.168, 6031.268, 5926.405, 5917.87100000001, 
6055.177, 6111.686, 6178.63099999999, 6252.836, 6094.289, 6293.386, 
5.96743, 12.66234, 11.54323, 12.9343, 13.85148, 7.57569, 8.40258, 
4.19886, 11.51575, 8.29684, 10.65693, -8.27179, -12.50501, -13.90203, 
-13.94018, -13.3256, -10.15611, -9.00999, -7.80722, -12.04863, 
-9.29496, -10.44332, 0, 0, 0, 0, 0, 0, 0, 0, 0, 0, 0, 0, 0, 0, 
0, 0, 0, 0, 0, 0, 0, 0, 0.90048, 0.92583, 0.9094, 0.90935, 0.91538, 
0.92157, 0.91785, 0.91692, 0.92728, 0.92095, 0.92499, 0.88702, 
0.92567, 0.89801, 0.89875, 0.90559, 0.92157, 0.91205, 0.91428, 
0.92716, 0.9138, 0.91595, 0.0131, 0.0142, 0.0157, 0.0167, 0.0188, 
0.0183, 0.0204, 0.025, 0.0216, 0.0239, 0.0243, 53.1, 47.3, 58.2, 
57.3, 55.7, 72, 70, 92.5, 75.1, 81.3, 78.7, 102, 1220, 2, 9, 
1136, 1302, 100, 615, 360, 213, 215, 3, 1, 15, 18, 3, 1, 3, 3, 
4, 2, 2, 100, 100, 100, 100, 100, 100, 100, 100, 100, 100, 100, 
2500, 2500, 2500, 2500, 2500, 2500, 2500, 2500, 2500, 2500, 2500, 
5950.259, 5968.786, 6221.704, 6053.26, 6160.419, 6326.455, 6487.917, 
6569.64000000001, 6500.58900000001, 6583.41800000001, 6451.14, 
1, 1, 1, 1, 1, 1, 1, 1, 1, 1, 1, 0.14286, 0.14286, 0.14286, 0.14286, 
0.14286, 0.14286, 0.14286, 0.14286, 0.14286, 0.14286, 0.14286, 
0, 0, 0, 0, 0, 0, 0, 0, 0, 0, 0, 0, 0, 0, 0, 0, 0, 0, 0, 0, 0, 
0, 0.87297, 0.8805, 0.87536, 0.88139, 0.87656, 0.8943, 0.89229, 
0.90083, 0.90433, 0.89441, 0.90686, 0.87752, 0.8845, 0.87536, 
0.87092, 0.88613, 0.90045, 0.88674, 0.90354, 0.90427, 0.89912, 
0.90681, 0.014, 0.0158, 0.0158, 0.0173, 0.0194, 0.0199, 0.0208, 
0.0241, 0.0249, 0.0263, 0.0262, 76.5, 79.4, 85.1, 93, 97, 103.3, 
108.6, 112.2, 114.1, 119.1, 122.3, 1, 1, 1, 1, 1, 1, 1, 1, 1, 
1, 1, 1, 1, 1, 1, 1, 1, 1, 1, 1, 1, 1, 1, 1, 1, 1, 1, 1, 1, 1, 
1, 1, 1, 1, 1, 1, 1, 1, 1, 1, 1, 1, 1, 1, 2.285, 2.449, 2.317, 
2.288, 2.426, 2.328, 2.329, 2.53, 2.543, 2.503, 2.453), .Dim = c(11L, 
40L), .Dimnames = list(NULL, c("Sampling", "PSO.cost", "PSO.gamma", 
"PSO.data.balancing", "PSO.feature.selection", "PSO.valid.acc", 
"PSO.test.acc", "PSO.train.time", "PSO.n.support.vectors", "PSO.index", 
"PSO.n.solutions", "PSO.generations", "PSO.n.evaluations", "PSO.cpu.time", 
"RS.cost", "RS.gamma", "RS.data.balancing", "RS.feature.selection", 
"RS.valid.acc", "RS.test.acc", "RS.train.time", "RS.n.support.vectors", 
"RS.index", "RS.n.solutions", "RS.generations", "RS.n.evaluations", 
"RS.cpu.time", "DF.cost", "DF.gamma", "DF.data.balancing", "DF.feature.selection", 
"DF.valid.acc", "DF.test.acc", "DF.train.time", "DF.n.support.vectors", 
"DF.index", "DF.n.solutions", "DF.generations", "DF.n.evaluations", 
"DF.cpu.time")))
