full <-
structure(c(50, 55, 60, 65, 70, 75, 80, 85, 90, 95, 100, 5.6581, 
11.67826, 7.59153, 12.16003, 14.96714, 11.0744, 12.4236, 14.00376, 
12.12353, 7.4877, 9.38544, -7.48672, -10.21683, -8.70795, -10.29347, 
-11.0011, -10.59329, -10.80869, -11.75511, -12.16357, -8.93369, 
-9.78063, 0, 0, 0, 0, 0, 0, 0, 0, 0, 0, 0, 0, 0, 0, 0, 0, 0, 
0, 0, 0, 0, 0, 0.92244, 0.93, 0.92821, 0.93362, 0.92784, 0.92743, 
0.93539, 0.93356, 0.92646, 0.92844, 0.92922, 0.91354, 0.922, 
0.91296, 0.93017, 0.90847, 0.90925, 0.92404, 0.91244, 0.92396, 
0.91403, 0.91806, 0.0155, 0.018, 0.0173, 0.0199, 0.027, 0.0209, 
0.0239, 0.0254, 0.0236, 0.0245, 0.0257, 45.9, 45, 52, 49.4, 50.5, 
55.3, 57.3, 61.3, 69, 79.6, 80, 206, 116, 1554, 391, 409, 139, 
212, 186, 570, 428, 2152, 416, 509, 23, 169, 99, 468, 253, 379, 
56, 110, 4, 100, 100, 100, 100, 100, 100, 100, 100, 100, 100, 
100, 2500, 2500, 2500, 2500, 2500, 2500, 2500, 2500, 2500, 2500, 
2500, 7079.828, 7326.954, 7330.395, 7216.407, 7375.378, 7225.227, 
7254.651, 7318.72, 7265.59299999999, 7324.682, 7285.86499999999, 
5.89748, 10.54435, 14.38708, 11.30581, 14.73538, 10.89459, 11.22361, 
13.98952, 12.2611, 9.54735, 8.25383, -8.03599, -9.77267, -13.03434, 
-9.88629, -10.74454, -10.42862, -10.29814, -11.77011, -12.26912, 
-10.24275, -9.28023, 0, 0, 0, 0, 0, 0, 0, 0, 0, 0, 0, 0, 0, 0, 
0, 0, 0, 0, 0, 0, 0, 0, 0.92244, 0.93, 0.92436, 0.93362, 0.92471, 
0.92743, 0.93539, 0.93356, 0.92396, 0.92362, 0.92478, 0.91354, 
0.91783, 0.90527, 0.92672, 0.9116, 0.90925, 0.9269, 0.91244, 
0.92396, 0.91409, 0.91801, 0.0158, 0.0183, 0.0194, 0.0196, 0.0276, 
0.0204, 0.022, 0.0256, 0.0232, 0.0258, 0.0265, 46.6, 45.4, 48.8, 
50, 50.9, 55.4, 58.5, 61.3, 69, 76.9, 82.7, 643, 241, 160, 917, 
93, 1065, 1816, 390, 246, 1172, 1073, 4, 21, 22, 1, 5, 2, 1, 
5, 6, 1, 3, 100, 100, 100, 100, 100, 100, 100, 100, 100, 100, 
100, 2500, 2500, 2500, 2500, 2500, 2500, 2500, 2500, 2500, 2500, 
2500, 7322.151, 7379.128, 7381.632, 7374.429, 7399.92700000001, 
7400.357, 7460.883, 7461.689, 7554.00700000001, 7576.42600000001, 
7649.69200000001, 1, 1, 1, 1, 1, 1, 1, 1, 1, 1, 1, 0.14286, 0.14286, 
0.14286, 0.14286, 0.14286, 0.14286, 0.14286, 0.14286, 0.14286, 
0.14286, 0.14286, 0, 0, 0, 0, 0, 0, 0, 0, 0, 0, 0, 0, 0, 0, 0, 
0, 0, 0, 0, 0, 0, 0, 0.89554, 0.89267, 0.90912, 0.90197, 0.90825, 
0.90623, 0.9122, 0.91514, 0.90133, 0.90428, 0.90205, 0.89078, 
0.905, 0.90912, 0.89852, 0.91159, 0.91229, 0.91498, 0.9071, 0.91146, 
0.90672, 0.90659, 0.0168, 0.0178, 0.0179, 0.0194, 0.0205, 0.0209, 
0.0227, 0.0242, 0.025, 0.0276, 0.0301, 67.1, 72.6, 76.3, 82.8, 
87, 89.1, 95.1, 101.2, 104.9, 115.5, 124.1, 1, 1, 1, 1, 1, 1, 
1, 1, 1, 1, 1, 1, 1, 1, 1, 1, 1, 1, 1, 1, 1, 1, 1, 1, 1, 1, 1, 
1, 1, 1, 1, 1, 1, 1, 1, 1, 1, 1, 1, 1, 1, 1, 1, 1, 2.921, 2.994, 
2.869, 2.907, 2.916, 2.806, 2.843, 2.932, 2.865, 2.87, 2.981), .Dim = c(11L, 
40L), .Dimnames = list(NULL, c("Sampling", "PSO.cost", "PSO.gamma", 
"PSO.data.balancing", "PSO.feature.selection", "PSO.valid.acc", 
"PSO.test.acc", "PSO.train.time", "PSO.n.support.vectors", "PSO.index", 
"PSO.n.solutions", "PSO.generations", "PSO.n.evaluations", "PSO.cpu.time", 
"RS.cost", "RS.gamma", "RS.data.balancing", "RS.feature.selection", 
"RS.valid.acc", "RS.test.acc", "RS.train.time", "RS.n.support.vectors", 
"RS.index", "RS.n.solutions", "RS.generations", "RS.n.evaluations", 
"RS.cpu.time", "DF.cost", "DF.gamma", "DF.data.balancing", "DF.feature.selection", 
"DF.valid.acc", "DF.test.acc", "DF.train.time", "DF.n.support.vectors", 
"DF.index", "DF.n.solutions", "DF.generations", "DF.n.evaluations", 
"DF.cpu.time")))
