full <-
structure(c(50, 55, 60, 65, 70, 75, 80, 85, 90, 95, 100, 6.37458, 
9.36621, 7.63102, 10.74916, 8.61612, 9.83486, 15, 14.97132, 6.14409, 
0.43515, 15, -5.4506, -9.43546, -8.05056, -10.45757, -8.49062, 
-10.56062, -12.44057, -14.28447, -6.40242, -1.73081, -12.30031, 
0, 0, 0, 0, 0, 0, 0, 0, 0, 0, 0, 0, 0, 0, 0, 0, 0, 0, 0, 0, 0, 
0, 0.97747, 0.97333, 0.9594, 0.97219, 0.96395, 0.97143, 0.96502, 
0.96649, 0.95677, 0.94373, 0.95405, 0.97747, 0.96708, 0.95347, 
0.96663, 0.94895, 0.94762, 0.96502, 0.95344, 0.93292, 0.93989, 
0.95036, 0.0174, 0.0189, 0.0196, 0.0193, 0.0205, 0.0206, 0.0208, 
0.0243, 0.0243, 0.0298, 0.0276, 24.3, 22.9, 29.1, 26.6, 29.8, 
31.8, 22.6, 29.1, 38.6, 96.7, 32.4, 281, 110, 1366, 76, 235, 
42, 60, 212, 263, 1037, 86, 704, 204, 36, 681, 185, 211, 279, 
59, 101, 81, 781, 100, 100, 100, 100, 100, 100, 100, 100, 100, 
100, 100, 2500, 2500, 2500, 2500, 2500, 2500, 2500, 2500, 2500, 
2500, 2500, 6937.865, 6975.133, 6837.83, 6832.724, 6857.4, 7103.126, 
7029.556, 7328.91, 7412.454, 7110.34599999999, 7044.117, 14.90316, 
7.87096, 8.1227, 12.69389, 10.55387, 10.88987, 14.09355, 13.55879, 
6.19285, 0.0468, 14.65589, -5.3699, -7.324, -8.2573, -12.45778, 
-10.44886, -11.62242, -14.20692, -13.00494, -6.58142, -0.85116, 
-12.01775, 0, 0, 0, 0, 0, 0, 0, 0, 0, 0, 0, 0, 0, 0, 0, 0, 0, 
0, 0, 0, 0, 0, 0.97081, 0.96708, 0.95907, 0.97219, 0.96395, 0.97143, 
0.96502, 0.95815, 0.95677, 0.94373, 0.95405, 0.97081, 0.97375, 
0.95347, 0.96663, 0.95395, 0.94762, 0.96937, 0.95344, 0.93292, 
0.94758, 0.95036, 0.0176, 0.0173, 0.019, 0.0195, 0.0195, 0.0214, 
0.0217, 0.0222, 0.025, 0.0417, 0.0277, 24, 23, 27.5, 26.9, 29.2, 
31.9, 31.4, 29.6, 38.7, 153.6, 32.6, 212, 29, 1901, 134, 66, 
54, 87, 200, 417, 1394, 153, 27, 73, 1, 24, 7, 15, 5, 8, 4, 2, 
13, 100, 100, 100, 100, 100, 100, 100, 100, 100, 100, 100, 2500, 
2500, 2500, 2500, 2500, 2500, 2500, 2500, 2500, 2500, 2500, 7111.903, 
7061.718, 6840.126, 7001.709, 6922, 7321.607, 7403.735, 7451.67200000001, 
7250.106, 7128.02900000001, 7914.88900000002, 1, 1, 1, 1, 1, 
1, 1, 1, 1, 1, 1, 0.0625, 0.0625, 0.0625, 0.0625, 0.0625, 0.0625, 
0.0625, 0.0625, 0.0625, 0.0625, 0.0625, 0, 0, 0, 0, 0, 0, 0, 
0, 0, 0, 0, 0, 0, 0, 0, 0, 0, 0, 0, 0, 0, 0, 0.92513, 0.935, 
0.91773, 0.93326, 0.92313, 0.9381, 0.93336, 0.93261, 0.93323, 
0.93248, 0.93235, 0.92513, 0.92833, 0.92398, 0.93326, 0.92813, 
0.92857, 0.93812, 0.93678, 0.92906, 0.93248, 0.9358, 0.0198, 
0.0208, 0.0211, 0.0216, 0.0223, 0.0233, 0.025, 0.0261, 0.0271, 
0.0271, 0.0299, 52.8, 56.2, 60.8, 66, 67.8, 69.8, 71, 73.3, 76.2, 
76.8, 80.3, 1, 1, 1, 1, 1, 1, 1, 1, 1, 1, 1, 1, 1, 1, 1, 1, 1, 
1, 1, 1, 1, 1, 1, 1, 1, 1, 1, 1, 1, 1, 1, 1, 1, 1, 1, 1, 1, 1, 
1, 1, 1, 1, 1, 1, 2.871, 2.874, 2.784, 2.647, 2.681, 2.737, 2.945, 
2.947, 2.836, 2.693, 3.159), .Dim = c(11L, 40L), .Dimnames = list(
    NULL, c("Sampling", "PSO.cost", "PSO.gamma", "PSO.data.balancing", 
    "PSO.feature.selection", "PSO.valid.acc", "PSO.test.acc", 
    "PSO.train.time", "PSO.n.support.vectors", "PSO.index", "PSO.n.solutions", 
    "PSO.generations", "PSO.n.evaluations", "PSO.cpu.time", "RS.cost", 
    "RS.gamma", "RS.data.balancing", "RS.feature.selection", 
    "RS.valid.acc", "RS.test.acc", "RS.train.time", "RS.n.support.vectors", 
    "RS.index", "RS.n.solutions", "RS.generations", "RS.n.evaluations", 
    "RS.cpu.time", "DF.cost", "DF.gamma", "DF.data.balancing", 
    "DF.feature.selection", "DF.valid.acc", "DF.test.acc", "DF.train.time", 
    "DF.n.support.vectors", "DF.index", "DF.n.solutions", "DF.generations", 
    "DF.n.evaluations", "DF.cpu.time")))
