full <-
structure(c(50, 55, 60, 65, 70, 75, 80, 85, 90, 95, 100, -0.06583, 
0.00606, 3.01046, -0.55653, -0.61243, -1.15281, 2.59777, 14.92742, 
3.90478, 1.3991, 14.78205, -3.78926, -1.68565, -5.64684, -1.88166, 
-3.26565, -2.40723, -2.86851, -14.96414, -4.52493, -2.46967, 
-12.59469, 0, 0, 0, 0, 0, 0, 0, 0, 0, 0, 0, 0, 0, 0, 0, 0, 0, 
0, 0, 0, 0, 0, 0.9489, 0.95458, 0.94632, 0.95088, 0.94921, 0.94688, 
0.95075, 0.95379, 0.95194, 0.94715, 0.94972, 0.94176, 0.94833, 
0.94044, 0.95088, 0.93895, 0.93734, 0.94186, 0.93711, 0.93192, 
0.9359, 0.93568, 0.0187, 0.0225, 0.0198, 0.0239, 0.0239, 0.0262, 
0.0234, 0.0227, 0.0241, 0.0285, 0.0272, 51.9, 72.7, 38.8, 76.6, 
69.2, 82.9, 50.2, 32.7, 45.5, 74.2, 31.9, 40, 276, 35, 181, 278, 
1137, 279, 604, 31, 26, 546, 644, 508, 782, 470, 106, 64, 87, 
20, 63, 329, 57, 100, 100, 100, 100, 100, 100, 100, 100, 100, 
100, 100, 2500, 2500, 2500, 2500, 2500, 2500, 2500, 2500, 2500, 
2500, 2500, 6931.221, 7339.718, 7201.322, 7504.52499999999, 7427.048, 
7369.47600000001, 7320.87800000001, 7218.64899999999, 7312.52, 
7558.109, 7610.44, 0.00836, -0.00062, -0.80069, -0.54367, 1.35692, 
-0.45792, 2.48912, 10.74735, 3.03326, 2.40112, 3.11129, -1.98986, 
-1.73936, -2.88127, -1.99711, -3.32593, -1.71003, -2.84135, -11.05663, 
-3.95193, -2.55518, -3.40313, 0, 0, 0, 0, 0, 0, 0, 0, 0, 0, 0, 
0, 0, 0, 0, 0, 0, 0, 0, 0, 0, 0, 0.9489, 0.95458, 0.94669, 0.95088, 
0.94421, 0.94688, 0.95075, 0.94979, 0.95194, 0.94715, 0.94614, 
0.92747, 0.94833, 0.94632, 0.95088, 0.94421, 0.93734, 0.94641, 
0.93276, 0.93592, 0.93946, 0.9284, 0.0201, 0.0225, 0.0216, 0.0239, 
0.0229, 0.0277, 0.0233, 0.0227, 0.0247, 0.0279, 0.0276, 61.1, 
71, 63.6, 74, 54.8, 94, 51.2, 33, 49.5, 69.1, 59, 26, 92, 1289, 
388, 8, 136, 380, 39, 451, 146, 138, 31, 2, 1, 7, 122, 7, 5, 
21, 7, 8, 2, 100, 100, 100, 100, 100, 100, 100, 100, 100, 100, 
100, 2500, 2500, 2500, 2500, 2500, 2500, 2500, 2500, 2500, 2500, 
2500, 7149.658, 7313.609, 7246.6, 7476.18, 7425.717, 7397.478, 
7420.617, 7380.84600000001, 7505.95299999999, 7697.23499999999, 
7744.674, 1, 1, 1, 1, 1, 1, 1, 1, 1, 1, 1, 0.0625, 0.0625, 0.0625, 
0.0625, 0.0625, 0.0625, 0.0625, 0.0625, 0.0625, 0.0625, 0.0625, 
0, 0, 0, 0, 0, 0, 0, 0, 0, 0, 0, 0, 0, 0, 0, 0, 0, 0, 0, 0, 0, 
0, 0.94176, 0.935, 0.94044, 0.93977, 0.94421, 0.94167, 0.93791, 
0.94109, 0.92808, 0.93604, 0.93185, 0.94176, 0.935, 0.94632, 
0.95088, 0.93895, 0.94643, 0.93791, 0.93693, 0.93192, 0.93604, 
0.93542, 0.0199, 0.0205, 0.0212, 0.0219, 0.0231, 0.0249, 0.0259, 
0.0262, 0.0276, 0.0291, 0.0307, 51.8, 53.1, 56.4, 58, 64.3, 67, 
69.7, 71.9, 73.6, 78.1, 81.1, 1, 1, 1, 1, 1, 1, 1, 1, 1, 1, 1, 
1, 1, 1, 1, 1, 1, 1, 1, 1, 1, 1, 1, 1, 1, 1, 1, 1, 1, 1, 1, 1, 
1, 1, 1, 1, 1, 1, 1, 1, 1, 1, 1, 1, 2.923, 2.968, 2.917, 2.89, 
2.926, 3.011, 3.035, 2.975, 3.046, 3.012, 3.107), .Dim = c(11L, 
40L), .Dimnames = list(NULL, c("Sampling", "PSO.cost", "PSO.gamma", 
"PSO.data.balancing", "PSO.feature.selection", "PSO.valid.acc", 
"PSO.test.acc", "PSO.train.time", "PSO.n.support.vectors", "PSO.index", 
"PSO.n.solutions", "PSO.generations", "PSO.n.evaluations", "PSO.cpu.time", 
"RS.cost", "RS.gamma", "RS.data.balancing", "RS.feature.selection", 
"RS.valid.acc", "RS.test.acc", "RS.train.time", "RS.n.support.vectors", 
"RS.index", "RS.n.solutions", "RS.generations", "RS.n.evaluations", 
"RS.cpu.time", "DF.cost", "DF.gamma", "DF.data.balancing", "DF.feature.selection", 
"DF.valid.acc", "DF.test.acc", "DF.train.time", "DF.n.support.vectors", 
"DF.index", "DF.n.solutions", "DF.generations", "DF.n.evaluations", 
"DF.cpu.time")))
