full <-
structure(c(50, 55, 60, 65, 70, 75, 80, 85, 90, 95, 100, 8.45982, 
1, 0.24736, 3.8638, 5.44112, -1.2963, 6.23884, 1.20653, 9.47822, 
0.80386, 14.61259, -10.74725, 0.0625, -3.45396, -9.06574, -10.28793, 
-2.80422, -7.26257, -3.21715, -9.69852, -1.98167, -15, 0, 0, 
0, 0, 0, 0, 0, 0, 0, 0, 0, 0, 0, 0, 0, 0, 0, 0, 0, 0, 0, 0, 0.94319, 
0.9412, 0.94044, 0.93421, 0.93837, 0.93353, 0.93735, 0.94528, 
0.94042, 0.94715, 0.95356, 0.92121, 0.9412, 0.93456, 0.92895, 
0.92835, 0.93353, 0.91917, 0.92859, 0.94074, 0.9396, 0.94322, 
0.018, 0.0189, 0.0201, 0.0216, 0.0223, 0.0252, 0.0197, 0.0242, 
0.0219, 0.0277, 0.0244, 32.4, 56.8, 56.4, 68.1, 66.1, 86.2, 37.9, 
61.3, 37.3, 90, 37.7, 28, 1, 110, 67, 171, 668, 1507, 662, 2309, 
584, 497, 133, 243, 103, 372, 124, 111, 42, 51, 1, 154, 91, 100, 
100, 100, 100, 100, 100, 100, 100, 100, 100, 100, 2500, 2500, 
2500, 2500, 2500, 2500, 2500, 2500, 2500, 2500, 2500, 6538.456, 
6724.972, 6785.925, 7054.556, 7016.288, 7055.45, 6477.41399999999, 
6703.52899999999, 6292.939, 6452.164, 6668.96400000001, 8.14419, 
0.64599, 3.67693, 9.29684, 6.55368, -0.65649, 5.80945, 3.47874, 
7.86553, 0.88502, 14.1481, -10.44727, -5.19009, -3.67618, -14.59217, 
-11.33703, -1.57355, -6.65638, -4.64657, -7.44129, -2.0079, -14.60726, 
0, 0, 0, 0, 0, 0, 0, 0, 0, 0, 0, 0, 0, 0, 0, 0, 0, 0, 0, 0, 0, 
0, 0.94319, 0.9412, 0.94007, 0.93421, 0.93837, 0.93353, 0.933, 
0.94111, 0.94058, 0.94715, 0.95011, 0.92121, 0.9412, 0.91654, 
0.92895, 0.92835, 0.93353, 0.91917, 0.92859, 0.94474, 0.94345, 
0.94322, 0.0171, 0.0197, 0.0187, 0.0218, 0.0224, 0.0256, 0.022, 
0.0228, 0.0221, 0.0295, 0.0233, 32.6, 57.9, 39.3, 69.4, 65, 100.9, 
38.5, 45.8, 36.4, 88.7, 37.9, 56, 10, 222, 37, 133, 566, 946, 
27, 2041, 2018, 485, 13, 120, 2, 31, 9, 2, 3, 11, 3, 1, 1, 100, 
100, 100, 100, 100, 100, 100, 100, 100, 100, 100, 2500, 2500, 
2500, 2500, 2500, 2500, 2500, 2500, 2500, 2500, 2500, 6649.478, 
6673.767, 6808.259, 6995.01, 6910.978, 6744.03, 6837.735, 6752.87800000001, 
6525.996, 6700.05899999999, 6986.93599999999, 1, 1, 1, 1, 1, 
1, 1, 1, 1, 1, 1, 0.0625, 0.0625, 0.0625, 0.0625, 0.0625, 0.0625, 
0.0625, 0.0625, 0.0625, 0.0625, 0.0625, 0, 0, 0, 0, 0, 0, 0, 
0, 0, 0, 0, 0, 0, 0, 0, 0, 0, 0, 0, 0, 0, 0, 0.92835, 0.9412, 
0.93456, 0.92368, 0.92861, 0.91946, 0.92372, 0.92843, 0.9289, 
0.92835, 0.93212, 0.93549, 0.9412, 0.93456, 0.93421, 0.92835, 
0.92422, 0.92826, 0.92843, 0.93274, 0.93205, 0.9357, 0.0184, 
0.0198, 0.0198, 0.0222, 0.0221, 0.0218, 0.0244, 0.0242, 0.0263, 
0.0271, 0.0276, 54.7, 56.8, 59.9, 62.9, 65.3, 69.9, 73, 74.8, 
79.1, 81.2, 82.6, 1, 1, 1, 1, 1, 1, 1, 1, 1, 1, 1, 1, 1, 1, 1, 
1, 1, 1, 1, 1, 1, 1, 1, 1, 1, 1, 1, 1, 1, 1, 1, 1, 1, 1, 1, 1, 
1, 1, 1, 1, 1, 1, 1, 1, 2.6, 2.817, 2.57, 2.864, 2.736, 2.669, 
2.678, 2.428, 2.536, 2.641, 2.594), .Dim = c(11L, 40L), .Dimnames = list(
    NULL, c("Sampling", "PSO.cost", "PSO.gamma", "PSO.data.balancing", 
    "PSO.feature.selection", "PSO.valid.acc", "PSO.test.acc", 
    "PSO.train.time", "PSO.n.support.vectors", "PSO.index", "PSO.n.solutions", 
    "PSO.generations", "PSO.n.evaluations", "PSO.cpu.time", "RS.cost", 
    "RS.gamma", "RS.data.balancing", "RS.feature.selection", 
    "RS.valid.acc", "RS.test.acc", "RS.train.time", "RS.n.support.vectors", 
    "RS.index", "RS.n.solutions", "RS.generations", "RS.n.evaluations", 
    "RS.cpu.time", "DF.cost", "DF.gamma", "DF.data.balancing", 
    "DF.feature.selection", "DF.valid.acc", "DF.test.acc", "DF.train.time", 
    "DF.n.support.vectors", "DF.index", "DF.n.solutions", "DF.generations", 
    "DF.n.evaluations", "DF.cpu.time")))
