full <-
structure(c(50, 55, 60, 65, 70, 75, 80, 85, 90, 95, 100, 5.50977, 
11.55942, 6.16637, 8.95743, 6.48275, 5.76777, 11.80099, 9.85296, 
10.92352, 7.3748, 6.98799, -7.35179, -13.07828, -6.04328, -2.29028, 
-6.4263, -6.31565, -10.79978, -10.02217, -10.35478, -8.1135, 
-7.41027, 0, 0, 0, 0, 0, 0, 0, 0, 0, 0, 0, 0, 0, 0, 0, 0, 0, 
0, 0, 0, 0, 0, 0.96571, 0.96119, 0.9636, 0.95117, 0.96442, 0.96641, 
0.95968, 0.96214, 0.96046, 0.95869, 0.95037, 0.95857, 0.94244, 
0.95805, 0.94561, 0.94414, 0.95212, 0.95059, 0.9538, 0.96431, 
0.94758, 0.93251, 0.0182, 0.0181, 0.0177, 0.0208, 0.0189, 0.02, 
0.0198, 0.02, 0.0215, 0.022, 0.0241, 27.6, 28.5, 27.3, 53.4, 
29.3, 33.9, 25.5, 30, 27.8, 36.6, 40, 33, 125, 80, 29, 539, 397, 
127, 7, 753, 28, 29, 107, 74, 950, 1357, 66, 316, 341, 404, 19, 
190, 169, 100, 100, 100, 100, 100, 100, 100, 100, 100, 100, 100, 
2500, 2500, 2500, 2500, 2500, 2500, 2500, 2500, 2500, 2500, 2500, 
6455.829, 6459.595, 6406.745, 6487.238, 6501.748, 6473.272, 6478.29299999999, 
6645.534, 6588.386, 6633.223, 6665.038, 11.79144, 8.70741, 6.9215, 
8.86452, 3.26367, 5.36042, 11.87622, 14.33992, 4.42286, 7.80077, 
2.64378, -13.70764, -10.21242, -6.45985, -2.62816, -3.63805, 
-6.14057, -10.99359, -14.03293, -4.26456, -8.43813, -3.48588, 
0, 0, 0, 0, 0, 0, 0, 0, 0, 0, 0, 0, 0, 0, 0, 0, 0, 0, 0, 0, 0, 
0, 0.96571, 0.96119, 0.9636, 0.95117, 0.95916, 0.96641, 0.95968, 
0.96214, 0.96031, 0.95869, 0.95025, 0.95857, 0.94244, 0.9511, 
0.94561, 0.95942, 0.95212, 0.94605, 0.9538, 0.95231, 0.95128, 
0.93608, 0.0171, 0.0188, 0.0177, 0.0201, 0.0205, 0.0201, 0.0196, 
0.0202, 0.022, 0.0218, 0.0258, 26.9, 28.5, 26.1, 47.1, 40.5, 
34.7, 26.1, 28.1, 39.4, 35.2, 57.3, 170, 386, 111, 1, 47, 214, 
188, 41, 62, 23, 134, 6, 1, 14, 66, 15, 2, 10, 98, 3, 6, 9, 100, 
100, 100, 100, 100, 100, 100, 100, 100, 100, 100, 2500, 2500, 
2500, 2500, 2500, 2500, 2500, 2500, 2500, 2500, 2500, 6525.317, 
6511.266, 6530.012, 6569.682, 6586.292, 6617.083, 6731.41499999999, 
6805.143, 6821.929, 6873.70099999999, 6920.22099999999, 1, 1, 
1, 1, 1, 1, 1, 1, 1, 1, 1, 0.0625, 0.0625, 0.0625, 0.0625, 0.0625, 
0.0625, 0.0625, 0.0625, 0.0625, 0.0625, 0.0625, 0, 0, 0, 0, 0, 
0, 0, 0, 0, 0, 0, 0, 0, 0, 0, 0, 0, 0, 0, 0, 0, 0, 0.94374, 0.92911, 
0.93382, 0.92924, 0.92284, 0.93307, 0.93735, 0.94547, 0.94462, 
0.93603, 0.93251, 0.93659, 0.92911, 0.93382, 0.92924, 0.92784, 
0.92831, 0.93735, 0.94547, 0.94862, 0.93603, 0.93608, 0.0186, 
0.019, 0.0205, 0.0208, 0.0217, 0.0222, 0.0234, 0.0247, 0.0257, 
0.0271, 0.0281, 47.7, 51.8, 57, 60, 61.7, 65.8, 67.7, 70.1, 72.2, 
75.2, 80.8, 1, 1, 1, 1, 1, 1, 1, 1, 1, 1, 1, 1, 1, 1, 1, 1, 1, 
1, 1, 1, 1, 1, 1, 1, 1, 1, 1, 1, 1, 1, 1, 1, 1, 1, 1, 1, 1, 1, 
1, 1, 1, 1, 1, 1, 2.594, 2.598, 2.611, 2.573, 2.557, 2.565, 2.651, 
2.694, 2.651, 2.69, 2.683), .Dim = c(11L, 40L), .Dimnames = list(
    NULL, c("Sampling", "PSO.cost", "PSO.gamma", "PSO.data.balancing", 
    "PSO.feature.selection", "PSO.valid.acc", "PSO.test.acc", 
    "PSO.train.time", "PSO.n.support.vectors", "PSO.index", "PSO.n.solutions", 
    "PSO.generations", "PSO.n.evaluations", "PSO.cpu.time", "RS.cost", 
    "RS.gamma", "RS.data.balancing", "RS.feature.selection", 
    "RS.valid.acc", "RS.test.acc", "RS.train.time", "RS.n.support.vectors", 
    "RS.index", "RS.n.solutions", "RS.generations", "RS.n.evaluations", 
    "RS.cpu.time", "DF.cost", "DF.gamma", "DF.data.balancing", 
    "DF.feature.selection", "DF.valid.acc", "DF.test.acc", "DF.train.time", 
    "DF.n.support.vectors", "DF.index", "DF.n.solutions", "DF.generations", 
    "DF.n.evaluations", "DF.cpu.time")))
