full <-
structure(c(50, 55, 60, 65, 70, 75, 80, 85, 90, 95, 100, 3.80111, 
4.62446, 1.19174, 1.33159, -0.59457, 12.48502, 1.49217, 4.50175, 
1.15035, 3.97296, 15, -5.1283, -6.05865, -2.56417, -2.70186, 
-1.04742, -11.07285, -1.43597, -3.71085, -2.4, -3.80514, -12.91674, 
0, 0, 0, 0, 0, 0, 0, 0, 0, 0, 0, 0, 0, 0, 0, 0, 0, 0, 0, 0, 0, 
0, 0.9719, 0.96071, 0.95735, 0.95058, 0.95842, 0.94346, 0.95534, 
0.94558, 0.948, 0.95142, 0.94974, 0.9504, 0.95405, 0.94559, 0.95058, 
0.93842, 0.92374, 0.95059, 0.9242, 0.93215, 0.94017, 0.93518, 
0.0168, 0.0179, 0.0195, 0.0202, 0.0273, 0.0203, 0.0276, 0.0217, 
0.0246, 0.0241, 0.0251, 27.6, 29.9, 55, 52.9, 116, 28, 96.2, 
48.9, 70.3, 51.7, 32.9, 654, 231, 95, 146, 1582, 158, 194, 276, 
1935, 260, 119, 48, 282, 148, 128, 4, 183, 550, 497, 256, 244, 
274, 100, 100, 100, 100, 100, 100, 100, 100, 100, 100, 100, 2500, 
2500, 2500, 2500, 2500, 2500, 2500, 2500, 2500, 2500, 2500, 6528.259, 
6478.514, 6387.148, 6728.47, 6716.676, 6831.68799999999, 6660.643, 
6673.649, 7010.56000000001, 6388.656, 6651.20800000001, 10.38593, 
4.17622, 1.07155, 1.42851, 0.85281, 11.0295, 1.50463, 3.6636, 
2.58234, 11.11898, 14.76122, -9.21921, -5.56651, -2.55004, -2.76538, 
-2.12962, -9.64564, -1.88766, -3.46555, -3.519, -10.11602, -12.65671, 
0, 0, 0, 0, 0, 0, 0, 0, 0, 0, 0, 0, 0, 0, 0, 0, 0, 0, 0, 0, 0, 
0, 0.96524, 0.96071, 0.9518, 0.95058, 0.95368, 0.94346, 0.95534, 
0.94558, 0.944, 0.95128, 0.94974, 0.95652, 0.95405, 0.94559, 
0.95058, 0.94342, 0.92374, 0.95059, 0.92855, 0.93215, 0.94402, 
0.93518, 0.016, 0.0178, 0.02, 0.0205, 0.022, 0.0203, 0.0252, 
0.0252, 0.0244, 0.0228, 0.0266, 17.9, 30.9, 55.9, 51.4, 69.3, 
29.3, 76.9, 50.3, 55, 33.8, 33, 52, 91, 1372, 2376, 2477, 214, 
120, 942, 794, 25, 431, 134, 10, 1, 1, 1, 6, 8, 3, 10, 8, 1, 
100, 100, 100, 100, 100, 100, 100, 100, 100, 100, 100, 2500, 
2500, 2500, 2500, 2500, 2500, 2500, 2500, 2500, 2500, 2500, 6454.311, 
6600.144, 6525.442, 6772.568, 6732.054, 6834.11, 6795.37699999999, 
6861.51400000001, 6875.215, 6986.47900000002, 6889.41800000001, 
1, 1, 1, 1, 1, 1, 1, 1, 1, 1, 1, 0.0625, 0.0625, 0.0625, 0.0625, 
0.0625, 0.0625, 0.0625, 0.0625, 0.0625, 0.0625, 0.0625, 0, 0, 
0, 0, 0, 0, 0, 0, 0, 0, 0, 0, 0, 0, 0, 0, 0, 0, 0, 0, 0, 0, 0.94381, 
0.92821, 0.93415, 0.93915, 0.94368, 0.93805, 0.93715, 0.93688, 
0.93215, 0.92892, 0.93556, 0.93612, 0.92732, 0.93415, 0.93915, 
0.94368, 0.93805, 0.93715, 0.93272, 0.93215, 0.93276, 0.93556, 
0.0186, 0.0188, 0.0197, 0.0212, 0.0217, 0.0236, 0.0238, 0.024, 
0.0253, 0.0271, 0.0274, 49.3, 53.7, 60.8, 64.5, 65.9, 71, 70.1, 
72.6, 74.7, 77.2, 80.4, 1, 1, 1, 1, 1, 1, 1, 1, 1, 1, 1, 1, 1, 
1, 1, 1, 1, 1, 1, 1, 1, 1, 1, 1, 1, 1, 1, 1, 1, 1, 1, 1, 1, 1, 
1, 1, 1, 1, 1, 1, 1, 1, 1, 1, 2.57, 2.606, 2.498, 2.678, 2.632, 
2.747, 2.756, 2.597, 2.637, 2.715, 2.549), .Dim = c(11L, 40L), .Dimnames = list(
    NULL, c("Sampling", "PSO.cost", "PSO.gamma", "PSO.data.balancing", 
    "PSO.feature.selection", "PSO.valid.acc", "PSO.test.acc", 
    "PSO.train.time", "PSO.n.support.vectors", "PSO.index", "PSO.n.solutions", 
    "PSO.generations", "PSO.n.evaluations", "PSO.cpu.time", "RS.cost", 
    "RS.gamma", "RS.data.balancing", "RS.feature.selection", 
    "RS.valid.acc", "RS.test.acc", "RS.train.time", "RS.n.support.vectors", 
    "RS.index", "RS.n.solutions", "RS.generations", "RS.n.evaluations", 
    "RS.cpu.time", "DF.cost", "DF.gamma", "DF.data.balancing", 
    "DF.feature.selection", "DF.valid.acc", "DF.test.acc", "DF.train.time", 
    "DF.n.support.vectors", "DF.index", "DF.n.solutions", "DF.generations", 
    "DF.n.evaluations", "DF.cpu.time")))
