full <-
structure(c(50, 55, 60, 65, 70, 75, 80, 85, 90, 95, 100, 10.59633, 
3.65449, 12.84602, 12.63755, 14.16597, 15, 4.67815, 15, 7.4154, 
9.57731, 15, -5.62916, -5.26625, -15, -12.38539, -13.63974, -15, 
-4.47722, -13.96422, -7.46997, -8.60078, -14.70059, 0, 0, 0, 
0, 0, 0, 0, 0, 0, 0, 0, 0, 0, 0, 0, 0, 0, 0, 0, 0, 0, 0, 0.9504, 
0.94875, 0.93452, 0.93904, 0.95447, 0.95755, 0.95079, 0.95779, 
0.94815, 0.95157, 0.95341, 0.91509, 0.93625, 0.91614, 0.93407, 
0.94447, 0.95279, 0.94644, 0.95362, 0.93615, 0.92847, 0.95367, 
0.0192, 0.0199, 0.0187, 0.0243, 0.0257, 0.0255, 0.0271, 0.0271, 
0.0254, 0.0261, 0.0269, 22.2, 33.4, 35.6, 27, 30.1, 32, 41, 29.3, 
36.5, 34.6, 36, 99, 80, 75, 454, 57, 52, 555, 2332, 88, 118, 
51, 584, 521, 102, 35, 647, 1318, 402, 1, 180, 323, 1107, 100, 
100, 100, 100, 100, 100, 100, 100, 100, 100, 100, 2500, 2500, 
2500, 2500, 2500, 2500, 2500, 2500, 2500, 2500, 2500, 7837.589, 
7610.976, 10921.708, 11158.537, 10778.576, 10645.239, 10652.997, 
10039.181, 10025.043, 10096.827, 10095.253, 7.86526, 4.6241, 
8.25861, 13.04351, 13.04263, 13.95008, 4.55618, 14.75931, 8.88014, 
14.18058, 11.77556, -5.30139, -6.40643, -10.38203, -12.84123, 
-12.52861, -14.05286, -4.46718, -13.41318, -8.6465, -12.63504, 
-11.29578, 0, 0, 0, 0, 0, 0, 0, 0, 0, 0, 0, 0, 0, 0, 0, 0, 0, 
0, 0, 0, 0, 0, 0.9504, 0.94875, 0.93452, 0.93904, 0.95447, 0.95755, 
0.95079, 0.95761, 0.94815, 0.95157, 0.95341, 0.92842, 0.93, 0.91614, 
0.92852, 0.94447, 0.95279, 0.94644, 0.94946, 0.94415, 0.92876, 
0.95367, 0.0173, 0.0185, 0.0263, 0.0235, 0.0262, 0.026, 0.0281, 
0.0255, 0.0266, 0.0273, 0.0286, 23, 32.3, 35.6, 27.4, 30.1, 32.7, 
41.4, 28.9, 34.6, 32.1, 35.5, 73, 647, 245, 360, 161, 190, 144, 
32, 61, 75, 55, 17, 6, 5, 2, 15, 15, 6, 12, 22, 38, 23, 100, 
100, 100, 100, 100, 100, 100, 100, 100, 100, 100, 2500, 2500, 
2500, 2500, 2500, 2500, 2500, 2500, 2500, 2500, 2500, 7660.469, 
7572.146, 11824.736, 11369.093, 10867.863, 10743.961, 10646.407, 
10109.006, 10183.646, 10427.947, 10433.816, 1, 1, 1, 1, 1, 1, 
1, 1, 1, 1, 1, 0.0625, 0.0625, 0.0625, 0.0625, 0.0625, 0.0625, 
0.0625, 0.0625, 0.0625, 0.0625, 0.0625, 0, 0, 0, 0, 0, 0, 0, 
0, 0, 0, 0, 0, 0, 0, 0, 0, 0, 0, 0, 0, 0, 0, 0.91509, 0.91625, 
0.9165, 0.92202, 0.92868, 0.9337, 0.93715, 0.94094, 0.94015, 
0.93291, 0.93581, 0.91509, 0.91625, 0.92206, 0.92728, 0.92868, 
0.9337, 0.93715, 0.94094, 0.94015, 0.93291, 0.93581, 0.0203, 
0.0208, 0.0249, 0.0268, 0.0277, 0.0292, 0.0307, 0.0289, 0.0305, 
0.0333, 0.0355, 50.8, 54.9, 59.4, 61.3, 66.7, 71.3, 74.7, 75.2, 
77, 77.9, 80.3, 1, 1, 1, 1, 1, 1, 1, 1, 1, 1, 1, 1, 1, 1, 1, 
1, 1, 1, 1, 1, 1, 1, 1, 1, 1, 1, 1, 1, 1, 1, 1, 1, 1, 1, 1, 1, 
1, 1, 1, 1, 1, 1, 1, 1, 3.252, 3.11, 4.316, 4.374, 4.193, 4.232, 
4.179, 3.88, 3.952, 4.262, 4.648), .Dim = c(11L, 40L), .Dimnames = list(
    NULL, c("Sampling", "PSO.cost", "PSO.gamma", "PSO.data.balancing", 
    "PSO.feature.selection", "PSO.valid.acc", "PSO.test.acc", 
    "PSO.train.time", "PSO.n.support.vectors", "PSO.index", "PSO.n.solutions", 
    "PSO.generations", "PSO.n.evaluations", "PSO.cpu.time", "RS.cost", 
    "RS.gamma", "RS.data.balancing", "RS.feature.selection", 
    "RS.valid.acc", "RS.test.acc", "RS.train.time", "RS.n.support.vectors", 
    "RS.index", "RS.n.solutions", "RS.generations", "RS.n.evaluations", 
    "RS.cpu.time", "DF.cost", "DF.gamma", "DF.data.balancing", 
    "DF.feature.selection", "DF.valid.acc", "DF.test.acc", "DF.train.time", 
    "DF.n.support.vectors", "DF.index", "DF.n.solutions", "DF.generations", 
    "DF.n.evaluations", "DF.cpu.time")))
