full <-
structure(c(50, 55, 60, 65, 70, 75, 80, 85, 90, 95, 100, 5.5241, 
1, 10.77098, 1, 15, 6.09962, 0.51633, 7.91774, 9.56724, 0.51566, 
0.81216, -7.94627, 0.0625, -11.32272, 0.0625, -12.91573, -6.45111, 
-1.96282, -7.73802, -9.12025, -1.37774, -1.53713, 0, 0, 0, 0, 
0, 0, 0, 0, 0, 0, 0, 0, 0, 0, 0, 0, 0, 0, 0, 0, 0, 0, 0.95095, 
0.94792, 0.95286, 0.94964, 0.94892, 0.95301, 0.94644, 0.95761, 
0.95262, 0.94758, 0.94679, 0.95095, 0.94125, 0.94073, 0.94408, 
0.92254, 0.9387, 0.94644, 0.94493, 0.94062, 0.94744, 0.94322, 
0.0188, 0.0186, 0.0177, 0.0208, 0.0182, 0.0202, 0.0266, 0.0204, 
0.0229, 0.0337, 0.0323, 32, 53.9, 26.8, 60.3, 25.8, 33.6, 84, 
35.1, 34.3, 116.4, 107.5, 11, 1, 375, 1, 284, 233, 2297, 143, 
264, 319, 2228, 948, 797, 66, 815, 195, 117, 1, 299, 46, 84, 
12, 100, 100, 100, 100, 100, 100, 100, 100, 100, 100, 100, 2500, 
2500, 2500, 2500, 2500, 2500, 2500, 2500, 2500, 2500, 2500, 6592.211, 
6633.565, 6567.143, 6592.054, 6539.389, 6634.556, 6614.466, 6796.54500000001, 
6781.92600000001, 6810.482, 6911.55499999999, 9.37047, 4.65799, 
11.81258, 7.93955, 14.88841, 5.33755, 0.7856, 8.45906, 9.64953, 
0.41425, 0.33296, -14.00938, -6.44745, -12.36407, -9.91045, -12.67529, 
-5.88513, -2.00105, -8.45976, -9.18245, -1.43716, -1.94551, 0, 
0, 0, 0, 0, 0, 0, 0, 0, 0, 0, 0, 0, 0, 0, 0, 0, 0, 0, 0, 0, 0, 
0.95095, 0.94792, 0.95286, 0.94964, 0.94892, 0.95301, 0.94644, 
0.95761, 0.95262, 0.94758, 0.94322, 0.94381, 0.94792, 0.94073, 
0.94964, 0.92254, 0.9387, 0.9419, 0.94493, 0.94446, 0.94373, 
0.93951, 0.0189, 0.0179, 0.0195, 0.0198, 0.0199, 0.0208, 0.0262, 
0.021, 0.0228, 0.0327, 0.0307, 47.1, 32.8, 26.8, 32.9, 25.6, 
35.7, 82.3, 35.1, 34.4, 113.8, 94.8, 1, 4, 248, 2, 330, 727, 
459, 31, 1856, 755, 379, 264, 396, 9, 357, 2, 11, 1, 8, 1, 1, 
3, 100, 100, 100, 100, 100, 100, 100, 100, 100, 100, 100, 2500, 
2500, 2500, 2500, 2500, 2500, 2500, 2500, 2500, 2500, 2500, 6670.448, 
6587.058, 6615.99, 6591.90500000001, 6707.788, 6738.675, 6835.838, 
6969.72200000001, 6928.99400000001, 6955.18700000001, 6983.37599999999, 
1, 1, 1, 1, 1, 1, 1, 1, 1, 1, 1, 0.0625, 0.0625, 0.0625, 0.0625, 
0.0625, 0.0625, 0.0625, 0.0625, 0.0625, 0.0625, 0.0625, 0, 0, 
0, 0, 0, 0, 0, 0, 0, 0, 0, 0, 0, 0, 0, 0, 0, 0, 0, 0, 0, 0, 0.94381, 
0.94792, 0.94073, 0.94964, 0.93365, 0.93439, 0.933, 0.92893, 
0.93677, 0.93234, 0.93249, 0.94381, 0.94125, 0.94105, 0.94408, 
0.93365, 0.93916, 0.933, 0.92893, 0.93677, 0.93234, 0.93249, 
0.0187, 0.0196, 0.0201, 0.0203, 0.0213, 0.023, 0.0245, 0.0256, 
0.027, 0.0287, 0.0274, 49.8, 53.9, 58.3, 60.3, 65.1, 67.1, 71.5, 
73.9, 75.1, 80.2, 80.5, 1, 1, 1, 1, 1, 1, 1, 1, 1, 1, 1, 1, 1, 
1, 1, 1, 1, 1, 1, 1, 1, 1, 1, 1, 1, 1, 1, 1, 1, 1, 1, 1, 1, 1, 
1, 1, 1, 1, 1, 1, 1, 1, 1, 1, 2.549, 2.708, 2.572, 2.595, 2.608, 
2.642, 2.719, 2.723, 2.762, 2.899, 2.624), .Dim = c(11L, 40L), .Dimnames = list(
    NULL, c("Sampling", "PSO.cost", "PSO.gamma", "PSO.data.balancing", 
    "PSO.feature.selection", "PSO.valid.acc", "PSO.test.acc", 
    "PSO.train.time", "PSO.n.support.vectors", "PSO.index", "PSO.n.solutions", 
    "PSO.generations", "PSO.n.evaluations", "PSO.cpu.time", "RS.cost", 
    "RS.gamma", "RS.data.balancing", "RS.feature.selection", 
    "RS.valid.acc", "RS.test.acc", "RS.train.time", "RS.n.support.vectors", 
    "RS.index", "RS.n.solutions", "RS.generations", "RS.n.evaluations", 
    "RS.cpu.time", "DF.cost", "DF.gamma", "DF.data.balancing", 
    "DF.feature.selection", "DF.valid.acc", "DF.test.acc", "DF.train.time", 
    "DF.n.support.vectors", "DF.index", "DF.n.solutions", "DF.generations", 
    "DF.n.evaluations", "DF.cpu.time")))
