full <-
structure(c(50, 55, 60, 65, 70, 75, 80, 85, 90, 95, 100, 7.19543, 
10.12011, 9.12913, 3.15173, 1.12292, 5.63998, 14.29197, 1.63032, 
7.54564, 6.92974, 0.61909, -8.80335, -14.85167, -9.60723, -5.74078, 
-2.03568, -5.47748, -11.04549, -2.60195, -7.1644, -6.41339, -1.66159, 
0, 0, 0, 0, 0, 0, 0, 0, 0, 0, 0, 0, 0, 0, 0, 0, 0, 0, 0, 0, 0, 
0, 0.95755, 0.94042, 0.94698, 0.94503, 0.94947, 0.94762, 0.947, 
0.94493, 0.94845, 0.95456, 0.9501, 0.95755, 0.93375, 0.94698, 
0.94503, 0.94421, 0.9381, 0.92467, 0.93641, 0.94845, 0.94701, 
0.93937, 0.0205, 0.0208, 0.0227, 0.0223, 0.0249, 0.0208, 0.026, 
0.0257, 0.0222, 0.0227, 0.0336, 29.4, 54.7, 31.3, 48.3, 74.4, 
36.8, 30.9, 70.6, 37.2, 38.1, 101.9, 12, 6, 5, 10, 50, 98, 486, 
1559, 63, 975, 696, 1133, 1167, 1044, 1008, 114, 493, 235, 41, 
177, 40, 93, 100, 100, 100, 100, 100, 100, 100, 100, 100, 100, 
100, 2500, 2500, 2500, 2500, 2500, 2500, 2500, 2500, 2500, 2500, 
2500, 7230.334, 6962.544, 7276.663, 7319.522, 6776.075, 6743.768, 
6799.326, 6779.664, 6680.78999999999, 6611.16899999999, 7024.15299999999, 
4.21498, 9.39564, 11.11704, 2.93692, 0.48668, 7.86314, 13.5571, 
1.53714, 11.50786, 11.75574, 0.62224, -8.39179, -13.72055, -14.58794, 
-7.65787, -1.6755, -6.8254, -10.54471, -2.54601, -10.46421, -10.66591, 
-1.56403, 0, 0, 0, 0, 0, 0, 0, 0, 0, 0, 0, 0, 0, 0, 0, 0, 0, 
0, 0, 0, 0, 0, 0.95755, 0.94042, 0.94698, 0.94503, 0.94947, 0.94762, 
0.947, 0.94493, 0.94845, 0.95071, 0.9501, 0.95755, 0.94042, 0.94698, 
0.93392, 0.94421, 0.92857, 0.92467, 0.93641, 0.9446, 0.94687, 
0.93937, 0.02, 0.0208, 0.0212, 0.0231, 0.0271, 0.0206, 0.0235, 
0.0258, 0.0227, 0.0231, 0.0313, 44.6, 50.9, 47, 59.6, 88.6, 33.1, 
30.9, 71.8, 32.9, 33.4, 106.1, 9, 7, 1, 16, 26, 343, 1984, 1161, 
6, 138, 1852, 377, 405, 480, 406, 13, 12, 1, 2, 13, 8, 1, 100, 
100, 100, 100, 100, 100, 100, 100, 100, 100, 100, 2500, 2500, 
2500, 2500, 2500, 2500, 2500, 2500, 2500, 2500, 2500, 7280.614, 
7022.737, 7327.216, 7355.37, 7074.52699999999, 6821.268, 6989.962, 
6876.361, 6824.70999999999, 6920.288, 6505.08100000001, 1, 1, 
1, 1, 1, 1, 1, 1, 1, 1, 1, 0.0625, 0.0625, 0.0625, 0.0625, 0.0625, 
0.0625, 0.0625, 0.0625, 0.0625, 0.0625, 0.0625, 0, 0, 0, 0, 0, 
0, 0, 0, 0, 0, 0, 0, 0, 0, 0, 0, 0, 0, 0, 0, 0, 0, 0.95088, 0.93375, 
0.94142, 0.93947, 0.94421, 0.92857, 0.92862, 0.92808, 0.93259, 
0.93561, 0.93211, 0.95088, 0.93375, 0.94142, 0.93392, 0.94421, 
0.92857, 0.92862, 0.93225, 0.93259, 0.93932, 0.93223, 0.0202, 
0.021, 0.0218, 0.0212, 0.0223, 0.0232, 0.0254, 0.0254, 0.0268, 
0.0274, 0.0277, 50.9, 57.1, 60.1, 62, 63.4, 67.3, 72.6, 74, 75.6, 
77.7, 80.8, 1, 1, 1, 1, 1, 1, 1, 1, 1, 1, 1, 1, 1, 1, 1, 1, 1, 
1, 1, 1, 1, 1, 1, 1, 1, 1, 1, 1, 1, 1, 1, 1, 1, 1, 1, 1, 1, 1, 
1, 1, 1, 1, 1, 1, 2.916, 2.946, 2.976, 2.687, 2.768, 2.788, 2.693, 
2.639, 2.738, 2.677, 2.575), .Dim = c(11L, 40L), .Dimnames = list(
    NULL, c("Sampling", "PSO.cost", "PSO.gamma", "PSO.data.balancing", 
    "PSO.feature.selection", "PSO.valid.acc", "PSO.test.acc", 
    "PSO.train.time", "PSO.n.support.vectors", "PSO.index", "PSO.n.solutions", 
    "PSO.generations", "PSO.n.evaluations", "PSO.cpu.time", "RS.cost", 
    "RS.gamma", "RS.data.balancing", "RS.feature.selection", 
    "RS.valid.acc", "RS.test.acc", "RS.train.time", "RS.n.support.vectors", 
    "RS.index", "RS.n.solutions", "RS.generations", "RS.n.evaluations", 
    "RS.cpu.time", "DF.cost", "DF.gamma", "DF.data.balancing", 
    "DF.feature.selection", "DF.valid.acc", "DF.test.acc", "DF.train.time", 
    "DF.n.support.vectors", "DF.index", "DF.n.solutions", "DF.generations", 
    "DF.n.evaluations", "DF.cpu.time")))
