full <-
structure(c(50, 55, 60, 65, 70, 75, 80, 85, 90, 95, 100, 1.24197, 
4.24694, 0.73158, 1.37993, 10.50295, 1.12568, 1.86309, 15, 5.22592, 
10.57469, 6.06566, -1.46015, -4.22318, -3.76685, -1.78918, -8.10572, 
-2.04255, -2.23795, -15, -5.53436, -9.3688, -6.99524, 0, 0, 0, 
0, 0, 0, 0, 0, 0, 0, 0, 0, 0, 0, 0, 0, 0, 0, 0, 0, 0, 0, 0.95, 
0.94917, 0.95249, 0.95052, 0.94395, 0.95234, 0.95138, 0.95379, 
0.95338, 0.95156, 0.95011, 0.95, 0.92917, 0.94661, 0.95578, 0.91816, 
0.94255, 0.94684, 0.94545, 0.94938, 0.9326, 0.93952, 0.0217, 
0.0186, 0.0198, 0.0233, 0.0213, 0.0258, 0.0254, 0.0242, 0.0246, 
0.0237, 0.025, 75.9, 35.1, 48.2, 75.4, 30.4, 75.6, 73.9, 32.9, 
41, 32.7, 41.9, 383, 45, 37, 715, 17, 44, 4, 72, 11, 2102, 80, 
510, 817, 737, 471, 712, 487, 547, 1010, 502, 4, 124, 100, 100, 
100, 100, 100, 100, 100, 100, 100, 100, 100, 2500, 2500, 2500, 
2500, 2500, 2500, 2500, 2500, 2500, 2500, 2500, 6787.704, 6715.491, 
6787.15, 6993.961, 6963.766, 7070.00199999999, 7079.73700000001, 
7029.486, 7053.42200000001, 7061.37699999999, 7088.95299999998, 
1.82222, 2.90624, 3.46278, 0.98493, 8.13366, 4.57619, 1.23041, 
9.99934, 6.31312, 12.54578, 6.1462, -2.26106, -0.97178, -3.72442, 
-2.5163, -7.43668, -5.09145, -1.90652, -9.98935, -5.67373, -11.23378, 
-6.98325, 0, 0, 0, 0, 0, 0, 0, 0, 0, 0, 0, 0, 0, 0, 0, 0, 0, 
0, 0, 0, 0, 0, 0.95, 0.94917, 0.95249, 0.95022, 0.94395, 0.95234, 
0.95138, 0.95379, 0.95338, 0.94785, 0.95011, 0.95, 0.9425, 0.94628, 
0.94496, 0.92842, 0.94255, 0.94684, 0.94962, 0.95323, 0.9326, 
0.94297, 0.0195, 0.0239, 0.0188, 0.022, 0.0206, 0.021, 0.0279, 
0.0229, 0.024, 0.025, 0.0237, 54.9, 94.3, 37.3, 59.7, 30.6, 38.8, 
83, 34.6, 41, 32.7, 41.7, 108, 8, 8, 345, 12, 7, 11, 273, 18, 
68, 522, 8, 45, 163, 7, 62, 36, 26, 13, 25, 24, 3, 100, 100, 
100, 100, 100, 100, 100, 100, 100, 100, 100, 2500, 2500, 2500, 
2500, 2500, 2500, 2500, 2500, 2500, 2500, 2500, 6755.763, 6774.854, 
6970.063, 7018.802, 7059.446, 7134.333, 7166.701, 7177.889, 7218.126, 
7272.13700000002, 7299.383, 1, 1, 1, 1, 1, 1, 1, 1, 1, 1, 1, 
0.0625, 0.0625, 0.0625, 0.0625, 0.0625, 0.0625, 0.0625, 0.0625, 
0.0625, 0.0625, 0.0625, 0, 0, 0, 0, 0, 0, 0, 0, 0, 0, 0, 0, 0, 
0, 0, 0, 0, 0, 0, 0, 0, 0, 0.93516, 0.92958, 0.94624, 0.94467, 
0.93368, 0.94303, 0.94229, 0.94129, 0.93705, 0.92504, 0.93595, 
0.92802, 0.9425, 0.94624, 0.94467, 0.93868, 0.94303, 0.94229, 
0.94129, 0.93321, 0.92489, 0.93238, 0.0186, 0.019, 0.02, 0.0212, 
0.0221, 0.0236, 0.0237, 0.026, 0.0257, 0.0271, 0.0284, 49.2, 
51.5, 53.6, 59.5, 64.9, 66.7, 70, 72, 76.6, 78.9, 80.7, 1, 1, 
1, 1, 1, 1, 1, 1, 1, 1, 1, 1, 1, 1, 1, 1, 1, 1, 1, 1, 1, 1, 1, 
1, 1, 1, 1, 1, 1, 1, 1, 1, 1, 1, 1, 1, 1, 1, 1, 1, 1, 1, 1, 1, 
2.645, 2.674, 2.738, 2.808, 2.808, 2.815, 2.784, 2.841, 2.787, 
2.841, 2.87), .Dim = c(11L, 40L), .Dimnames = list(NULL, c("Sampling", 
"PSO.cost", "PSO.gamma", "PSO.data.balancing", "PSO.feature.selection", 
"PSO.valid.acc", "PSO.test.acc", "PSO.train.time", "PSO.n.support.vectors", 
"PSO.index", "PSO.n.solutions", "PSO.generations", "PSO.n.evaluations", 
"PSO.cpu.time", "RS.cost", "RS.gamma", "RS.data.balancing", "RS.feature.selection", 
"RS.valid.acc", "RS.test.acc", "RS.train.time", "RS.n.support.vectors", 
"RS.index", "RS.n.solutions", "RS.generations", "RS.n.evaluations", 
"RS.cpu.time", "DF.cost", "DF.gamma", "DF.data.balancing", "DF.feature.selection", 
"DF.valid.acc", "DF.test.acc", "DF.train.time", "DF.n.support.vectors", 
"DF.index", "DF.n.solutions", "DF.generations", "DF.n.evaluations", 
"DF.cpu.time")))
