full <-
structure(c(50, 55, 60, 65, 70, 75, 80, 85, 90, 95, 100, 9.47251, 
11.89753, 6.22415, 10.04556, 14.89936, 10.96505, 12.95298, 0.91109, 
0.52112, 1.79798, 0.80529, -9.92384, -11.34543, -5.75201, -10.81996, 
-14.52243, -10.40752, -13.37354, -1.49324, -1.39917, -2.2548, 
-1.14428, 0, 0, 0, 0, 0, 0, 0, 0, 0, 0, 0, 0, 0, 0, 0, 0, 0, 
0, 0, 0, 0, 0, 0.98516, 0.98708, 0.96471, 0.9719, 0.96342, 0.95736, 
0.94681, 0.93732, 0.94046, 0.95484, 0.96044, 0.97857, 0.97417, 
0.96471, 0.95581, 0.95342, 0.93831, 0.94226, 0.93315, 0.93646, 
0.94345, 0.94959, 0.0168, 0.0171, 0.0167, 0.0181, 0.0188, 0.0199, 
0.0192, 0.0286, 0.0295, 0.0275, 0.0396, 19.8, 17.9, 21.6, 26, 
24.3, 26.2, 31.4, 101.7, 108.8, 78.3, 135.7, 17, 6, 600, 73, 
641, 2, 11, 596, 1061, 404, 1087, 1400, 220, 80, 133, 127, 196, 
558, 88, 121, 515, 58, 100, 100, 100, 100, 100, 100, 100, 100, 
100, 100, 100, 2500, 2500, 2500, 2500, 2500, 2500, 2500, 2500, 
2500, 2500, 2500, 7092.578, 7156.682, 6829.725, 6656.524, 6487.881, 
6872.303, 6440.28, 6648.182, 6413.803, 6440.04400000001, 6824.5, 
8.31654, 9.57644, 5.71036, 13.33328, 12.06163, 12.80864, 1.09691, 
0.61787, 1.20147, 1.88122, 0.87202, -8.77858, -9.0253, -5.4543, 
-14.0469, -12.15202, -12.14023, -2.09532, -1.22725, -1.99472, 
-2.38081, -1.11232, 0, 0, 0, 0, 0, 0, 0, 0, 0, 0, 0, 0, 0, 0, 
0, 0, 0, 0, 0, 0, 0, 0, 0.98516, 0.98708, 0.96471, 0.9719, 0.95842, 
0.95736, 0.95155, 0.93732, 0.94046, 0.95484, 0.96044, 0.97857, 
0.97417, 0.96471, 0.95581, 0.95892, 0.94307, 0.95135, 0.92482, 
0.93246, 0.94345, 0.94615, 0.0173, 0.0182, 0.0171, 0.0187, 0.0176, 
0.0201, 0.0237, 0.0327, 0.027, 0.0271, 0.0399, 20.5, 18.1, 22.9, 
25.6, 26.5, 26.1, 72, 117.1, 84.1, 74.8, 137.7, 99, 158, 1291, 
321, 161, 42, 964, 135, 177, 240, 2075, 20, 15, 2, 9, 23, 12, 
1, 9, 2, 5, 1, 100, 100, 100, 100, 100, 100, 100, 100, 100, 100, 
100, 2500, 2500, 2500, 2500, 2500, 2500, 2500, 2500, 2500, 2500, 
2500, 7100.443, 7047.708, 6779.778, 6680.94, 6732.205, 6654.417, 
6874.523, 6783.58499999999, 6434.83799999999, 6609.56999999999, 
6984.826, 1, 1, 1, 1, 1, 1, 1, 1, 1, 1, 1, 0.0625, 0.0625, 0.0625, 
0.0625, 0.0625, 0.0625, 0.0625, 0.0625, 0.0625, 0.0625, 0.0625, 
0, 0, 0, 0, 0, 0, 0, 0, 0, 0, 0, 0, 0, 0, 0, 0, 0, 0, 0, 0, 0, 
0, 0.9285, 0.93583, 0.93493, 0.92303, 0.93337, 0.92855, 0.94246, 
0.92899, 0.92892, 0.92877, 0.93555, 0.9285, 0.93583, 0.93493, 
0.93385, 0.93863, 0.92855, 0.93791, 0.93315, 0.93292, 0.93248, 
0.93555, 0.0201, 0.0194, 0.02, 0.0196, 0.0226, 0.0223, 0.0226, 
0.0244, 0.0251, 0.027, 0.0276, 48.6, 52.9, 54.9, 58.7, 63.1, 
65.3, 69, 72.7, 75.4, 79.9, 81.2, 1, 1, 1, 1, 1, 1, 1, 1, 1, 
1, 1, 1, 1, 1, 1, 1, 1, 1, 1, 1, 1, 1, 1, 1, 1, 1, 1, 1, 1, 1, 
1, 1, 1, 1, 1, 1, 1, 1, 1, 1, 1, 1, 1, 1, 2.866, 2.797, 2.648, 
2.45, 2.806, 2.693, 2.831, 2.643, 2.492, 2.633, 2.739), .Dim = c(11L, 
40L), .Dimnames = list(NULL, c("Sampling", "PSO.cost", "PSO.gamma", 
"PSO.data.balancing", "PSO.feature.selection", "PSO.valid.acc", 
"PSO.test.acc", "PSO.train.time", "PSO.n.support.vectors", "PSO.index", 
"PSO.n.solutions", "PSO.generations", "PSO.n.evaluations", "PSO.cpu.time", 
"RS.cost", "RS.gamma", "RS.data.balancing", "RS.feature.selection", 
"RS.valid.acc", "RS.test.acc", "RS.train.time", "RS.n.support.vectors", 
"RS.index", "RS.n.solutions", "RS.generations", "RS.n.evaluations", 
"RS.cpu.time", "DF.cost", "DF.gamma", "DF.data.balancing", "DF.feature.selection", 
"DF.valid.acc", "DF.test.acc", "DF.train.time", "DF.n.support.vectors", 
"DF.index", "DF.n.solutions", "DF.generations", "DF.n.evaluations", 
"DF.cpu.time")))
