full <-
structure(c(50, 55, 60, 65, 70, 75, 80, 85, 90, 95, 100, 12.97539, 
13.52408, 9.55945, 1, 3.1738, 7.39118, 14.0199, 8.7888, 7.7974, 
7.53455, 7.27208, -15, -14.93856, -12.6038, 0.0625, -8.70485, 
-12.82491, -14.47823, -6.9913, -7.88858, -7.47826, -6.62783, 
0, 0, 0, 0, 0, 0, 0, 0, 0, 0, 0, 0, 0, 0, 0, 0, 0, 0, 0, 0, 0, 
0, 0.91359, 0.93536, 0.93493, 0.92362, 0.92368, 0.92444, 0.92846, 
0.94437, 0.94024, 0.95139, 0.95369, 0.90692, 0.92286, 0.93493, 
0.92391, 0.91342, 0.91491, 0.91047, 0.92369, 0.94024, 0.93628, 
0.93571, 0.0207, 0.0206, 0.0215, 0.0239, 0.0246, 0.0251, 0.0222, 
0.0239, 0.0237, 0.0259, 0.0263, 33.5, 32.3, 41.6, 63.2, 76.4, 
79.5, 36.6, 35.8, 37.9, 37.5, 38.3, 2028, 16, 367, 1, 116, 74, 
1250, 33, 189, 226, 53, 3, 614, 80, 353, 143, 299, 13, 171, 130, 
207, 256, 100, 100, 100, 100, 100, 100, 100, 100, 100, 100, 100, 
2500, 2500, 2500, 2500, 2500, 2500, 2500, 2500, 2500, 2500, 2500, 
8501.799, 8237.36, 8130.595, 8255.928, 8149.29999999999, 7967.685, 
7928.44, 8041.59600000001, 7775.81600000001, 8008.57199999999, 
8134.36499999999, 0.46987, 9.67277, 11.09844, 4.70561, -0.45706, 
0.76289, 4.87704, 8.64276, 8.29085, 2.59092, 8.29305, -4.10758, 
-10.14912, -14.13831, -9.8553, -4.27091, -6.2121, -9.50713, -7.03434, 
-8.2771, -3.0021, -7.17084, 0, 0, 0, 0, 0, 0, 0, 0, 0, 0, 0, 
0, 0, 0, 0, 0, 0, 0, 0, 0, 0, 0, 0.91359, 0.93536, 0.93493, 0.92362, 
0.92368, 0.92444, 0.92826, 0.94437, 0.94024, 0.9437, 0.95369, 
0.89923, 0.90994, 0.93493, 0.92917, 0.91342, 0.91491, 0.91897, 
0.93637, 0.94024, 0.9437, 0.93571, 0.021, 0.0209, 0.0218, 0.0236, 
0.0257, 0.0266, 0.0269, 0.0253, 0.0248, 0.0267, 0.026, 51.6, 
29.1, 41.6, 66.9, 73, 81.9, 70, 35.8, 37.4, 60.5, 38, 127, 20, 
300, 6, 132, 17, 5, 1426, 1854, 686, 44, 3, 107, 1, 106, 23, 
50, 16, 2, 1, 7, 9, 100, 100, 100, 100, 100, 100, 100, 100, 100, 
100, 100, 2500, 2500, 2500, 2500, 2500, 2500, 2500, 2500, 2500, 
2500, 2500, 8259.407, 8238.689, 8191.043, 8241.999, 8058.93500000001, 
8105.78899999999, 7949.21500000001, 8272.08200000001, 8178.24099999998, 
8209.47999999998, 8158.86500000002, 1, 1, 1, 1, 1, 1, 1, 1, 1, 
1, 1, 0.0625, 0.0625, 0.0625, 0.0625, 0.0625, 0.0625, 0.0625, 
0.0625, 0.0625, 0.0625, 0.0625, 0, 0, 0, 0, 0, 0, 0, 0, 0, 0, 
0, 0, 0, 0, 0, 0, 0, 0, 0, 0, 0, 0, 0.89923, 0.92196, 0.91728, 
0.92362, 0.91316, 0.90539, 0.92806, 0.92316, 0.92871, 0.93258, 
0.93213, 0.89923, 0.91571, 0.9114, 0.92391, 0.91342, 0.90539, 
0.91897, 0.91916, 0.92454, 0.93258, 0.93571, 0.0222, 0.0209, 
0.023, 0.0233, 0.0248, 0.025, 0.0261, 0.027, 0.0282, 0.0292, 
0.0308, 56.1, 58.1, 60.4, 63.2, 66.2, 69.8, 72.2, 74.4, 77.5, 
79.3, 80.6, 1, 1, 1, 1, 1, 1, 1, 1, 1, 1, 1, 1, 1, 1, 1, 1, 1, 
1, 1, 1, 1, 1, 1, 1, 1, 1, 1, 1, 1, 1, 1, 1, 1, 1, 1, 1, 1, 1, 
1, 1, 1, 1, 1, 1, 3.313, 3.011, 3.345, 3.288, 3.32, 3.191, 3.184, 
3.067, 3.176, 3.063, 3.126), .Dim = c(11L, 40L), .Dimnames = list(
    NULL, c("Sampling", "PSO.cost", "PSO.gamma", "PSO.data.balancing", 
    "PSO.feature.selection", "PSO.valid.acc", "PSO.test.acc", 
    "PSO.train.time", "PSO.n.support.vectors", "PSO.index", "PSO.n.solutions", 
    "PSO.generations", "PSO.n.evaluations", "PSO.cpu.time", "RS.cost", 
    "RS.gamma", "RS.data.balancing", "RS.feature.selection", 
    "RS.valid.acc", "RS.test.acc", "RS.train.time", "RS.n.support.vectors", 
    "RS.index", "RS.n.solutions", "RS.generations", "RS.n.evaluations", 
    "RS.cpu.time", "DF.cost", "DF.gamma", "DF.data.balancing", 
    "DF.feature.selection", "DF.valid.acc", "DF.test.acc", "DF.train.time", 
    "DF.n.support.vectors", "DF.index", "DF.n.solutions", "DF.generations", 
    "DF.n.evaluations", "DF.cpu.time")))
