full <-
structure(c(50, 55, 60, 65, 70, 75, 80, 85, 90, 95, 100, -1.657, 
-0.98076, 4.84393, 8.6101, 7.86565, 4.72417, 13.55415, 1.53332, 
3.95972, 3.35845, 6.74701, -2.5912, -3.46588, -4.94851, -7.37562, 
-11.13973, -10.50882, -12.88339, -1.74562, -3.95019, -2.98365, 
-5.35825, 0, 0, 0, 0, 0, 0, 0, 0, 0, 0, 0, 0, 0, 0, 0, 0, 0, 
0, 0, 0, 0, 0, 0.96429, 0.96042, 0.96434, 0.95084, 0.95447, 0.95712, 
0.95573, 0.96647, 0.95597, 0.95499, 0.94667, 0.94993, 0.95375, 
0.95846, 0.94529, 0.95447, 0.9476, 0.95553, 0.94926, 0.94813, 
0.94758, 0.93225, 0.0203, 0.0209, 0.0187, 0.0193, 0.0223, 0.0243, 
0.0217, 0.0287, 0.0249, 0.0265, 0.0267, 66.6, 59.8, 29.7, 26.8, 
40.4, 75, 23.9, 83.1, 49.3, 60.6, 45.6, 611, 441, 83, 22, 8, 
21, 76, 33, 57, 540, 4, 375, 354, 89, 769, 970, 131, 461, 309, 
219, 147, 276, 100, 100, 100, 100, 100, 100, 100, 100, 100, 100, 
100, 2500, 2500, 2500, 2500, 2500, 2500, 2500, 2500, 2500, 2500, 
2500, 7459.412, 7460.934, 7414.369, 7103.589, 7455.869, 7530.133, 
7423.091, 7535.72, 7488.598, 7604.90700000001, 7858.80800000002, 
-1.47495, -1.31742, -0.39093, 2.13896, 9.1736, -0.68866, -0.48375, 
2.41407, 5.63546, 3.1043, 13.50577, -3.08353, -3.05271, -2.41948, 
-3.23883, -12.31704, -1.57765, -1.12146, -2.32155, -4.99959, 
-2.57966, -10.973, 0, 0, 0, 0, 0, 0, 0, 0, 0, 0, 0, 0, 0, 0, 
0, 0, 0, 0, 0, 0, 0, 0, 0.95762, 0.96042, 0.96434, 0.95084, 0.95447, 
0.95712, 0.96008, 0.96647, 0.95597, 0.95128, 0.94679, 0.95048, 
0.96042, 0.95221, 0.95022, 0.95447, 0.9476, 0.95099, 0.95361, 
0.94413, 0.94758, 0.94284, 0.0205, 0.0204, 0.0228, 0.0199, 0.0206, 
0.0259, 0.0313, 0.0243, 0.0245, 0.0275, 0.0286, 62.6, 64, 63.1, 
48, 40.2, 94, 120.1, 64.3, 42.6, 66.1, 31.7, 1154, 7, 3, 26, 
1, 87, 157, 203, 581, 41, 677, 3, 4, 20, 162, 293, 23, 3, 4, 
8, 7, 1, 100, 100, 100, 100, 100, 100, 100, 100, 100, 100, 100, 
2500, 2500, 2500, 2500, 2500, 2500, 2500, 2500, 2500, 2500, 2500, 
7568.152, 7514.542, 7469.381, 7234.107, 7582.939, 7579.167, 7556.701, 
7577.50599999999, 7760.41799999999, 8053.682, 8007.53999999998, 
1, 1, 1, 1, 1, 1, 1, 1, 1, 1, 1, 0.0625, 0.0625, 0.0625, 0.0625, 
0.0625, 0.0625, 0.0625, 0.0625, 0.0625, 0.0625, 0.0625, 0, 0, 
0, 0, 0, 0, 0, 0, 0, 0, 0, 0, 0, 0, 0, 0, 0, 0, 0, 0, 0, 0, 0.94278, 
0.94708, 0.95221, 0.94496, 0.94947, 0.94781, 0.95099, 0.94509, 
0.94397, 0.93618, 0.9325, 0.94278, 0.94708, 0.95221, 0.95022, 
0.94947, 0.95258, 0.95099, 0.94075, 0.94397, 0.93234, 0.9325, 
0.0195, 0.0199, 0.0202, 0.0222, 0.0231, 0.0236, 0.025, 0.0264, 
0.0272, 0.0281, 0.0305, 47.4, 51.3, 54.1, 61, 60.7, 62, 64.1, 
65.8, 74.4, 79, 81.8, 1, 1, 1, 1, 1, 1, 1, 1, 1, 1, 1, 1, 1, 
1, 1, 1, 1, 1, 1, 1, 1, 1, 1, 1, 1, 1, 1, 1, 1, 1, 1, 1, 1, 1, 
1, 1, 1, 1, 1, 1, 1, 1, 1, 1, 2.934, 2.966, 2.809, 3.006, 3.067, 
2.94, 2.994, 3.197, 3.017, 3.073, 3.093), .Dim = c(11L, 40L), .Dimnames = list(
    NULL, c("Sampling", "PSO.cost", "PSO.gamma", "PSO.data.balancing", 
    "PSO.feature.selection", "PSO.valid.acc", "PSO.test.acc", 
    "PSO.train.time", "PSO.n.support.vectors", "PSO.index", "PSO.n.solutions", 
    "PSO.generations", "PSO.n.evaluations", "PSO.cpu.time", "RS.cost", 
    "RS.gamma", "RS.data.balancing", "RS.feature.selection", 
    "RS.valid.acc", "RS.test.acc", "RS.train.time", "RS.n.support.vectors", 
    "RS.index", "RS.n.solutions", "RS.generations", "RS.n.evaluations", 
    "RS.cpu.time", "DF.cost", "DF.gamma", "DF.data.balancing", 
    "DF.feature.selection", "DF.valid.acc", "DF.test.acc", "DF.train.time", 
    "DF.n.support.vectors", "DF.index", "DF.n.solutions", "DF.generations", 
    "DF.n.evaluations", "DF.cpu.time")))
