full <-
structure(c(50, 55, 60, 65, 70, 75, 80, 85, 90, 95, 100, 1.7242, 
0.16463, 2.75215, 3.41068, 3.39445, 6.79793, 8.89206, 4.98169, 
7.4638, 1.25233, 14.17487, -1.81241, -1.40358, -3.14944, -3.75896, 
-3.3454, -5.98425, -8.71064, -4.69354, -6.73203, -1.83116, -13.42389, 
0, 0, 0, 0, 0, 0, 0, 0, 0, 0, 0, 0, 0, 0, 0, 0, 0, 0, 0, 0, 0, 
0, 0.9581, 0.96125, 0.96471, 0.96696, 0.95895, 0.94236, 0.95514, 
0.95341, 0.95615, 0.94744, 0.95738, 0.9581, 0.95458, 0.94706, 
0.95058, 0.94895, 0.93327, 0.95949, 0.94108, 0.93231, 0.94359, 
0.95393, 0.0185, 0.0218, 0.0186, 0.0195, 0.0202, 0.0201, 0.019, 
0.0217, 0.0213, 0.0297, 0.0236, 57.5, 81.6, 41.5, 37.5, 41.2, 
30.7, 29.1, 38.8, 32.3, 90.7, 34.7, 2419, 526, 542, 517, 117, 
26, 203, 65, 14, 182, 235, 3, 221, 127, 329, 843, 272, 181, 625, 
395, 86, 226, 100, 100, 100, 100, 100, 100, 100, 100, 100, 100, 
100, 2500, 2500, 2500, 2500, 2500, 2500, 2500, 2500, 2500, 2500, 
2500, 6802.554, 6507.8, 6440.106, 6788.054, 6910.058, 7205.86599999999, 
6840.234, 7019.69899999999, 6922.85699999999, 7434.33900000001, 
7040.603, 1.81446, 0.28703, 2.81522, 3.56307, 3.76556, 8.22554, 
9.68675, 13.81455, 1.52499, 1.33264, 14.76744, -1.55914, -1.38175, 
-3.31254, -3.67641, -3.3082, -9.27957, -9.54214, -11.3974, -1.92979, 
-1.95672, -13.87224, 0, 0, 0, 0, 0, 0, 0, 0, 0, 0, 0, 0, 0, 0, 
0, 0, 0, 0, 0, 0, 0, 0, 0.95143, 0.955, 0.96471, 0.96696, 0.95895, 
0.94236, 0.95514, 0.95376, 0.95615, 0.94744, 0.95738, 0.9581, 
0.96125, 0.95294, 0.95088, 0.94895, 0.93781, 0.95949, 0.94159, 
0.94415, 0.94359, 0.95393, 0.0207, 0.0232, 0.0176, 0.019, 0.0201, 
0.0193, 0.0198, 0.0235, 0.0274, 0.0283, 0.0238, 65.1, 82.1, 40.5, 
37.7, 39.9, 32.4, 29.3, 26.3, 78.4, 86.1, 34, 104, 259, 374, 
60, 210, 2, 541, 57, 104, 435, 37, 7, 9, 2, 3, 12, 80, 5, 9, 
3, 14, 3, 100, 100, 100, 100, 100, 100, 100, 100, 100, 100, 100, 
2500, 2500, 2500, 2500, 2500, 2500, 2500, 2500, 2500, 2500, 2500, 
6509.126, 6478.742, 6625.337, 6784.869, 7096.747, 7136.23999999999, 
7093.92, 7092.26400000001, 7419.47600000001, 7505.326, 7290.82500000001, 
1, 1, 1, 1, 1, 1, 1, 1, 1, 1, 1, 0.0625, 0.0625, 0.0625, 0.0625, 
0.0625, 0.0625, 0.0625, 0.0625, 0.0625, 0.0625, 0.0625, 0, 0, 
0, 0, 0, 0, 0, 0, 0, 0, 0, 0, 0, 0, 0, 0, 0, 0, 0, 0, 0, 0, 0.92952, 
0.93417, 0.92868, 0.9345, 0.93316, 0.92829, 0.933, 0.93275, 0.93215, 
0.93234, 0.9325, 0.93667, 0.9275, 0.93456, 0.9345, 0.94368, 0.93281, 
0.933, 0.93275, 0.93615, 0.93234, 0.93607, 0.0186, 0.0194, 0.0196, 
0.0214, 0.0222, 0.023, 0.0237, 0.025, 0.0259, 0.027, 0.0276, 
51, 54.2, 58.1, 59.4, 62.1, 64.6, 67.4, 71.5, 75, 79.9, 80.9, 
1, 1, 1, 1, 1, 1, 1, 1, 1, 1, 1, 1, 1, 1, 1, 1, 1, 1, 1, 1, 1, 
1, 1, 1, 1, 1, 1, 1, 1, 1, 1, 1, 1, 1, 1, 1, 1, 1, 1, 1, 1, 1, 
1, 1, 2.677, 2.574, 2.71, 2.848, 2.942, 2.902, 2.682, 2.792, 
2.956, 2.786, 2.796), .Dim = c(11L, 40L), .Dimnames = list(NULL, 
    c("Sampling", "PSO.cost", "PSO.gamma", "PSO.data.balancing", 
    "PSO.feature.selection", "PSO.valid.acc", "PSO.test.acc", 
    "PSO.train.time", "PSO.n.support.vectors", "PSO.index", "PSO.n.solutions", 
    "PSO.generations", "PSO.n.evaluations", "PSO.cpu.time", "RS.cost", 
    "RS.gamma", "RS.data.balancing", "RS.feature.selection", 
    "RS.valid.acc", "RS.test.acc", "RS.train.time", "RS.n.support.vectors", 
    "RS.index", "RS.n.solutions", "RS.generations", "RS.n.evaluations", 
    "RS.cpu.time", "DF.cost", "DF.gamma", "DF.data.balancing", 
    "DF.feature.selection", "DF.valid.acc", "DF.test.acc", "DF.train.time", 
    "DF.n.support.vectors", "DF.index", "DF.n.solutions", "DF.generations", 
    "DF.n.evaluations", "DF.cpu.time")))
