full <-
structure(c(50, 55, 60, 65, 70, 75, 80, 85, 90, 95, 100, 10.60998, 
-0.46065, 6.31229, 13.26254, 0.8867, 12.27294, 3.36165, 5.19403, 
0.74999, 14.66452, 4.63891, -15, -1.2321, -7.61165, -10.12465, 
-1.56031, -2.81767, -3.20942, -5.00047, -1.55799, -14.66851, 
-4.94652, 0, 0, 0, 0, 0, 0, 0, 0, 0, 0, 0, 0, 0, 0, 0, 0, 0, 
0, 0, 0, 0, 0, 0.92136, 0.92208, 0.9268, 0.93421, 0.93947, 0.93736, 
0.95059, 0.94909, 0.95662, 0.95128, 0.95406, 0.90707, 0.89667, 
0.92092, 0.89591, 0.93447, 0.92784, 0.92372, 0.94058, 0.95677, 
0.94373, 0.95049, 0.0192, 0.0269, 0.0197, 0.0221, 0.0251, 0.0224, 
0.0224, 0.0228, 0.0307, 0.0244, 0.026, 51.6, 94.9, 34.1, 27, 
86.6, 52.6, 51.9, 39.4, 96.6, 35.8, 46.6, 748, 1590, 217, 60, 
455, 17, 476, 92, 110, 18, 1813, 37, 9, 174, 88, 320, 1077, 335, 
161, 352, 685, 8, 100, 100, 100, 100, 100, 100, 100, 100, 100, 
100, 100, 2500, 2500, 2500, 2500, 2500, 2500, 2500, 2500, 2500, 
2500, 2500, 7204.808, 7248.717, 7006.783, 6970.375, 7259.476, 
7311.11200000001, 7317.65700000001, 7257.66099999999, 7427.644, 
7470.67, 7511.42300000001, 8.50256, -0.1921, 8.39617, 12.2171, 
0.97781, 4.11047, 3.56571, 5.19497, 3.18937, 12.06098, 4.52113, 
-12.86792, -1.121, -9.62929, -9.47448, -1.6283, -3.19533, -3.39356, 
-4.99335, -3.9803, -12.19266, -4.84002, 0, 0, 0, 0, 0, 0, 0, 
0, 0, 0, 0, 0, 0, 0, 0, 0, 0, 0, 0, 0, 0, 0, 0.92136, 0.92208, 
0.9268, 0.93421, 0.93421, 0.9376, 0.95059, 0.94909, 0.95662, 
0.95128, 0.95406, 0.90707, 0.89667, 0.92092, 0.89591, 0.92921, 
0.92307, 0.91937, 0.94493, 0.93692, 0.94744, 0.95049, 0.0211, 
0.0249, 0.0184, 0.021, 0.0256, 0.0238, 0.0235, 0.0233, 0.0247, 
0.0239, 0.0258, 51.5, 96.3, 33.4, 27.5, 83.8, 48.6, 49.2, 39.5, 
48.8, 36.7, 47.2, 510, 1330, 167, 722, 423, 1730, 965, 20, 155, 
304, 1006, 1, 1, 10, 3, 3, 1, 1, 5, 8, 22, 1, 100, 100, 100, 
100, 100, 100, 100, 100, 100, 100, 100, 2500, 2500, 2500, 2500, 
2500, 2500, 2500, 2500, 2500, 2500, 2500, 7236.134, 7255.857, 
6953.47100000001, 6978.145, 7343.90500000001, 7382.251, 7285.84599999999, 
7237.492, 7768.21400000001, 7728.51000000001, 7734.054, 1, 1, 
1, 1, 1, 1, 1, 1, 1, 1, 1, 0.0625, 0.0625, 0.0625, 0.0625, 0.0625, 
0.0625, 0.0625, 0.0625, 0.0625, 0.0625, 0.0625, 0, 0, 0, 0, 0, 
0, 0, 0, 0, 0, 0, 0, 0, 0, 0, 0, 0, 0, 0, 0, 0, 0, 0.89938, 0.90333, 
0.92055, 0.91228, 0.92421, 0.91829, 0.92787, 0.93207, 0.92892, 
0.93604, 0.93633, 0.91421, 0.91, 0.91467, 0.91784, 0.92421, 0.91851, 
0.92332, 0.93207, 0.93677, 0.93234, 0.93633, 0.0202, 0.0215, 
0.0201, 0.0225, 0.0225, 0.0243, 0.025, 0.0263, 0.0275, 0.0284, 
0.03, 57.1, 58.3, 60.5, 65.6, 67.4, 69.2, 70.8, 72.9, 75.2, 78.7, 
80.7, 1, 1, 1, 1, 1, 1, 1, 1, 1, 1, 1, 1, 1, 1, 1, 1, 1, 1, 1, 
1, 1, 1, 1, 1, 1, 1, 1, 1, 1, 1, 1, 1, 1, 1, 1, 1, 1, 1, 1, 1, 
1, 1, 1, 1, 2.885, 2.91, 2.641, 2.894, 2.935, 2.934, 2.875, 2.873, 
3.018, 2.977, 2.998), .Dim = c(11L, 40L), .Dimnames = list(NULL, 
    c("Sampling", "PSO.cost", "PSO.gamma", "PSO.data.balancing", 
    "PSO.feature.selection", "PSO.valid.acc", "PSO.test.acc", 
    "PSO.train.time", "PSO.n.support.vectors", "PSO.index", "PSO.n.solutions", 
    "PSO.generations", "PSO.n.evaluations", "PSO.cpu.time", "RS.cost", 
    "RS.gamma", "RS.data.balancing", "RS.feature.selection", 
    "RS.valid.acc", "RS.test.acc", "RS.train.time", "RS.n.support.vectors", 
    "RS.index", "RS.n.solutions", "RS.generations", "RS.n.evaluations", 
    "RS.cpu.time", "DF.cost", "DF.gamma", "DF.data.balancing", 
    "DF.feature.selection", "DF.valid.acc", "DF.test.acc", "DF.train.time", 
    "DF.n.support.vectors", "DF.index", "DF.n.solutions", "DF.generations", 
    "DF.n.evaluations", "DF.cpu.time")))
