full <-
structure(c(50, 55, 60, 65, 70, 75, 80, 85, 90, 95, 100, 3.67191, 
2.31829, 9.50923, 1, 7.38384, 8.77942, 0.13026, -0.37971, 1.66861, 
9.86727, 8.6825, -5.78155, -6.46167, -8.40886, 0.0625, -8.29185, 
-9.07608, -5.22776, -0.95613, -1.6172, -10.57699, -7.94779, 0, 
0, 0, 0, 0, 0, 0, 0, 0, 0, 0, 0, 0, 0, 0, 0, 0, 0, 0, 0, 0, 0, 
0.92897, 0.92952, 0.93493, 0.92953, 0.9334, 0.94346, 0.93794, 
0.9449, 0.94415, 0.94701, 0.95369, 0.92897, 0.91613, 0.90478, 
0.91345, 0.90837, 0.93846, 0.9334, 0.92823, 0.92846, 0.94316, 
0.94655, 0.011, 0.0122, 0.0117, 0.0139, 0.0127, 0.013, 0.0165, 
0.0242, 0.0203, 0.0149, 0.0153, 34.3, 51.1, 27.6, 64.8, 34.3, 
33.9, 79.2, 137.4, 96.2, 38.7, 36.5, 19, 43, 981, 1, 664, 1363, 
2213, 1701, 229, 220, 535, 278, 145, 1, 351, 26, 47, 3, 2, 174, 
95, 74, 100, 100, 100, 100, 100, 100, 100, 100, 100, 100, 100, 
2500, 2500, 2500, 2500, 2500, 2500, 2500, 2500, 2500, 2500, 2500, 
5835.549, 5897.245, 5944.374, 6329.106, 6347.523, 6287.737, 6485.499, 
6165.25900000001, 6325.85399999999, 6401.508, 6141.197, 3.18086, 
9.077, 9.08107, 5.22287, 6.67533, 9.23588, -0.89961, 0.14315, 
0.8534, 10.61413, 8.68688, -4.62233, -13.49591, -8.11694, -6.93786, 
-8.3969, -9.54626, -2.66352, -0.79913, -1.23294, -11.31868, -7.97451, 
0, 0, 0, 0, 0, 0, 0, 0, 0, 0, 0, 0, 0, 0, 0, 0, 0, 0, 0, 0, 0, 
0, 0.92897, 0.92952, 0.92904, 0.92953, 0.9289, 0.94346, 0.93794, 
0.9449, 0.94415, 0.94701, 0.95369, 0.92128, 0.92327, 0.91066, 
0.91842, 0.91363, 0.93846, 0.9336, 0.92805, 0.92446, 0.94316, 
0.94655, 0.0109, 0.0125, 0.0119, 0.0125, 0.0127, 0.0136, 0.0172, 
0.0244, 0.0237, 0.0155, 0.0153, 33.9, 51.7, 27.8, 37.5, 36.4, 
33.9, 81.3, 144.6, 121.3, 38.6, 36.6, 56, 33, 386, 5, 209, 848, 
1, 334, 605, 91, 396, 44, 35, 3, 157, 11, 1, 13, 1, 6, 3, 2, 
100, 100, 100, 100, 100, 100, 100, 100, 100, 100, 100, 2500, 
2500, 2500, 2500, 2500, 2500, 2500, 2500, 2500, 2500, 2500, 5888.429, 
5877.955, 6266.321, 6335.287, 6336.47, 6404.204, 6569.83899999999, 
6229.16, 6431.77899999999, 6302.02499999999, 6345.22300000001, 
1, 1, 1, 1, 1, 1, 1, 1, 1, 1, 1, 0.0625, 0.0625, 0.0625, 0.0625, 
0.0625, 0.0625, 0.0625, 0.0625, 0.0625, 0.0625, 0.0625, 0, 0, 
0, 0, 0, 0, 0, 0, 0, 0, 0, 0, 0, 0, 0, 0, 0, 0, 0, 0, 0, 0, 0.92183, 
0.92863, 0.91103, 0.92953, 0.92363, 0.92892, 0.92885, 0.92807, 
0.92462, 0.93547, 0.93584, 0.92897, 0.92863, 0.91103, 0.91345, 
0.9239, 0.93392, 0.9334, 0.9239, 0.93662, 0.93547, 0.93584, 0.0116, 
0.0126, 0.0131, 0.0145, 0.0143, 0.0152, 0.0163, 0.0163, 0.0174, 
0.0184, 0.0195, 51, 56.3, 59.7, 64.8, 64.4, 68.4, 70.5, 74.8, 
77.8, 79, 81.5, 1, 1, 1, 1, 1, 1, 1, 1, 1, 1, 1, 1, 1, 1, 1, 
1, 1, 1, 1, 1, 1, 1, 1, 1, 1, 1, 1, 1, 1, 1, 1, 1, 1, 1, 1, 1, 
1, 1, 1, 1, 1, 1, 1, 1, 2.284, 2.383, 2.432, 2.609, 2.491, 2.493, 
2.641, 2.416, 2.47, 2.546, 2.633), .Dim = c(11L, 40L), .Dimnames = list(
    NULL, c("Sampling", "PSO.cost", "PSO.gamma", "PSO.data.balancing", 
    "PSO.feature.selection", "PSO.valid.acc", "PSO.test.acc", 
    "PSO.train.time", "PSO.n.support.vectors", "PSO.index", "PSO.n.solutions", 
    "PSO.generations", "PSO.n.evaluations", "PSO.cpu.time", "RS.cost", 
    "RS.gamma", "RS.data.balancing", "RS.feature.selection", 
    "RS.valid.acc", "RS.test.acc", "RS.train.time", "RS.n.support.vectors", 
    "RS.index", "RS.n.solutions", "RS.generations", "RS.n.evaluations", 
    "RS.cpu.time", "DF.cost", "DF.gamma", "DF.data.balancing", 
    "DF.feature.selection", "DF.valid.acc", "DF.test.acc", "DF.train.time", 
    "DF.n.support.vectors", "DF.index", "DF.n.solutions", "DF.generations", 
    "DF.n.evaluations", "DF.cpu.time")))
