full <-
structure(c(50, 55, 60, 65, 70, 75, 80, 85, 90, 95, 100, 2.09283, 
11.91346, 0.98971, 1.60646, 2.58803, 9.46576, 15, 8.83352, 1.37744, 
13.34692, 14.1161, -2.4303, -10.85487, -1.90369, -1.54711, -2.43064, 
-7.59245, -10.27327, -9.03179, -1.29631, -12.87637, -14.24335, 
0, 0, 0, 0, 0, 0, 0, 0, 0, 0, 0, 0, 0, 0, 0, 0, 0, 0, 0, 0, 0, 
0, 0.97136, 0.96119, 0.95882, 0.95175, 0.94895, 0.95238, 0.93769, 
0.94076, 0.94813, 0.95157, 0.95381, 0.93564, 0.92952, 0.94706, 
0.94649, 0.94368, 0.94762, 0.92405, 0.93259, 0.93644, 0.94772, 
0.94309, 0.0207, 0.0174, 0.0204, 0.0238, 0.0206, 0.0197, 0.0289, 
0.0214, 0.0321, 0.0227, 0.0231, 43.3, 22.6, 64.2, 78.6, 54.5, 
26.5, 28.6, 36.2, 110.7, 34.7, 37.8, 476, 211, 657, 133, 323, 
369, 126, 52, 264, 378, 1853, 369, 149, 279, 276, 199, 292, 957, 
799, 145, 186, 1, 100, 100, 100, 100, 100, 100, 100, 100, 100, 
100, 100, 2500, 2500, 2500, 2500, 2500, 2500, 2500, 2500, 2500, 
2500, 2500, 6748.044, 6831.006, 6237.72, 6559.977, 6545.022, 
6463.887, 6993.658, 6963.253, 7053.245, 6818.818, 6789.552, 2.15494, 
12.7842, 1.25464, 0.62194, 2.67763, 10.70911, 1.85216, -0.04969, 
4.22973, 13.79327, 8.78317, -2.52311, -11.58175, -2.04329, -1.51178, 
-2.43125, -8.37751, -2.53385, -1.36444, -4.08694, -13.34982, 
-8.84124, 0, 0, 0, 0, 0, 0, 0, 0, 0, 0, 0, 0, 0, 0, 0, 0, 0, 
0, 0, 0, 0, 0, 0.97136, 0.96119, 0.95882, 0.95175, 0.94895, 0.95238, 
0.94143, 0.94147, 0.94428, 0.95157, 0.95369, 0.93564, 0.92952, 
0.94706, 0.9462, 0.94368, 0.94762, 0.92384, 0.94129, 0.93628, 
0.94772, 0.94322, 0.0179, 0.0188, 0.0199, 0.0234, 0.0207, 0.02, 
0.0226, 0.0301, 0.023, 0.0235, 0.0227, 42.3, 22.1, 58.9, 82.1, 
54.7, 25.4, 61.5, 113, 48.3, 34.8, 38.3, 1454, 377, 2168, 5, 
155, 96, 44, 1203, 184, 842, 1439, 2, 6, 1, 14, 4, 14, 4, 1, 
4, 3, 1, 100, 100, 100, 100, 100, 100, 100, 100, 100, 100, 100, 
2500, 2500, 2500, 2500, 2500, 2500, 2500, 2500, 2500, 2500, 2500, 
6580.508, 6873.816, 6436.068, 6594.27, 6401.174, 7194.70700000001, 
7106.167, 7054.662, 7090.33, 7252.902, 6965.29400000002, 1, 1, 
1, 1, 1, 1, 1, 1, 1, 1, 1, 0.0625, 0.0625, 0.0625, 0.0625, 0.0625, 
0.0625, 0.0625, 0.0625, 0.0625, 0.0625, 0.0625, 0, 0, 0, 0, 0, 
0, 0, 0, 0, 0, 0, 0, 0, 0, 0, 0, 0, 0, 0, 0, 0, 0, 0.92842, 0.92952, 
0.94081, 0.94591, 0.93842, 0.9381, 0.93232, 0.93278, 0.93212, 
0.93262, 0.93262, 0.94223, 0.92952, 0.94118, 0.94064, 0.93316, 
0.9381, 0.92797, 0.92426, 0.92395, 0.93647, 0.93607, 0.0182, 
0.0188, 0.0203, 0.0207, 0.0211, 0.0244, 0.0236, 0.0256, 0.0244, 
0.0273, 0.0283, 51, 56.1, 58, 59.7, 60.7, 64.7, 68.8, 72.5, 73.8, 
79.6, 81.3, 1, 1, 1, 1, 1, 1, 1, 1, 1, 1, 1, 1, 1, 1, 1, 1, 1, 
1, 1, 1, 1, 1, 1, 1, 1, 1, 1, 1, 1, 1, 1, 1, 1, 1, 1, 1, 1, 1, 
1, 1, 1, 1, 1, 1, 2.607, 2.744, 2.555, 2.522, 2.569, 2.93, 2.698, 
2.819, 2.58, 2.78, 2.732), .Dim = c(11L, 40L), .Dimnames = list(
    NULL, c("Sampling", "PSO.cost", "PSO.gamma", "PSO.data.balancing", 
    "PSO.feature.selection", "PSO.valid.acc", "PSO.test.acc", 
    "PSO.train.time", "PSO.n.support.vectors", "PSO.index", "PSO.n.solutions", 
    "PSO.generations", "PSO.n.evaluations", "PSO.cpu.time", "RS.cost", 
    "RS.gamma", "RS.data.balancing", "RS.feature.selection", 
    "RS.valid.acc", "RS.test.acc", "RS.train.time", "RS.n.support.vectors", 
    "RS.index", "RS.n.solutions", "RS.generations", "RS.n.evaluations", 
    "RS.cpu.time", "DF.cost", "DF.gamma", "DF.data.balancing", 
    "DF.feature.selection", "DF.valid.acc", "DF.test.acc", "DF.train.time", 
    "DF.n.support.vectors", "DF.index", "DF.n.solutions", "DF.generations", 
    "DF.n.evaluations", "DF.cpu.time")))
