full <-
structure(c(50, 55, 60, 65, 70, 75, 80, 85, 90, 95, 100, 13.13252, 
4.68937, 1.07929, 8.72806, 15, 1.00635, 9.40326, 0.81461, 14.03375, 
14.06139, 13.31794, -12.87093, -7.0259, -2.42162, -7.79212, -13.97829, 
-1.96662, -8.51163, -1.22732, -14.20188, -13.78806, -14.26792, 
0, 0, 0, 0, 0, 0, 0, 0, 0, 0, 0, 0, 0, 0, 0, 0, 0, 0, 0, 0, 0, 
0, 0.94381, 0.94208, 0.94665, 0.95614, 0.94944, 0.94712, 0.95079, 
0.94964, 0.94842, 0.95499, 0.94728, 0.93714, 0.94208, 0.94077, 
0.93947, 0.92444, 0.93758, 0.9415, 0.93714, 0.94426, 0.93989, 
0.93337, 0.0198, 0.0212, 0.0232, 0.0211, 0.0205, 0.026, 0.0206, 
0.0326, 0.0235, 0.0231, 0.0241, 25.4, 41.5, 63.4, 31.9, 28.2, 
83.3, 31.2, 121, 34.9, 34.2, 40.8, 9, 29, 73, 941, 1110, 295, 
159, 20, 18, 66, 111, 1579, 826, 280, 150, 11, 176, 152, 98, 
405, 1413, 175, 100, 100, 100, 100, 100, 100, 100, 100, 100, 
100, 100, 2500, 2500, 2500, 2500, 2500, 2500, 2500, 2500, 2500, 
2500, 2500, 7778.898, 7927.93, 7303.388, 7181.927, 7294.343, 
7246.568, 6980.80600000001, 7112.448, 6872.632, 6878.58599999998, 
6997.285, 4.32688, 13.22097, 1.19384, 9.43066, 5.93159, 0.85752, 
8.8564, 9.79415, 11.42572, 12.46223, 0.67718, -6.28237, -14.50899, 
-2.61419, -8.39713, -6.45481, -2.12198, -7.99868, -8.59294, -11.66197, 
-12.16584, -1.84057, 0, 0, 0, 0, 0, 0, 0, 0, 0, 0, 0, 0, 0, 0, 
0, 0, 0, 0, 0, 0, 0, 0, 0.94381, 0.94208, 0.94665, 0.95058, 0.94444, 
0.94712, 0.95079, 0.94565, 0.94842, 0.95499, 0.95098, 0.94381, 
0.94208, 0.94077, 0.93947, 0.93918, 0.94712, 0.93696, 0.94149, 
0.94426, 0.93989, 0.94383, 0.0202, 0.025, 0.0213, 0.0217, 0.0201, 
0.0256, 0.0208, 0.0219, 0.0218, 0.0233, 0.0312, 37.3, 36.7, 61.1, 
30.5, 35.1, 80.5, 32, 30.7, 35.2, 34.6, 96.3, 2, 19, 69, 275, 
47, 489, 396, 687, 51, 518, 1047, 518, 261, 6, 11, 36, 4, 5, 
2, 79, 12, 1, 100, 100, 100, 100, 100, 100, 100, 100, 100, 100, 
100, 2500, 2500, 2500, 2500, 2500, 2500, 2500, 2500, 2500, 2500, 
2500, 7874.619, 7430.953, 7256.743, 7315.466, 7267.29399999999, 
7177.959, 7152.40400000001, 7002.76300000001, 7046.71799999999, 
7165.44700000001, 7218.11199999999, 1, 1, 1, 1, 1, 1, 1, 1, 1, 
1, 1, 0.0625, 0.0625, 0.0625, 0.0625, 0.0625, 0.0625, 0.0625, 
0.0625, 0.0625, 0.0625, 0.0625, 0, 0, 0, 0, 0, 0, 0, 0, 0, 0, 
0, 0, 0, 0, 0, 0, 0, 0, 0, 0, 0, 0, 0.93714, 0.93542, 0.93452, 
0.93915, 0.93918, 0.94236, 0.9419, 0.94547, 0.94426, 0.94359, 
0.93324, 0.93714, 0.93542, 0.92827, 0.93359, 0.93918, 0.94236, 
0.9419, 0.94547, 0.94426, 0.94359, 0.93695, 0.0206, 0.0206, 0.0209, 
0.0219, 0.023, 0.0241, 0.0248, 0.0252, 0.0267, 0.0275, 0.0294, 
52.7, 56.9, 60.8, 64.2, 66.6, 70, 73.9, 74.2, 75.6, 80.2, 80.8, 
1, 1, 1, 1, 1, 1, 1, 1, 1, 1, 1, 1, 1, 1, 1, 1, 1, 1, 1, 1, 1, 
1, 1, 1, 1, 1, 1, 1, 1, 1, 1, 1, 1, 1, 1, 1, 1, 1, 1, 1, 1, 1, 
1, 1, 3.272, 2.863, 2.852, 2.814, 2.818, 2.765, 2.748, 2.682, 
2.793, 2.721, 2.829), .Dim = c(11L, 40L), .Dimnames = list(NULL, 
    c("Sampling", "PSO.cost", "PSO.gamma", "PSO.data.balancing", 
    "PSO.feature.selection", "PSO.valid.acc", "PSO.test.acc", 
    "PSO.train.time", "PSO.n.support.vectors", "PSO.index", "PSO.n.solutions", 
    "PSO.generations", "PSO.n.evaluations", "PSO.cpu.time", "RS.cost", 
    "RS.gamma", "RS.data.balancing", "RS.feature.selection", 
    "RS.valid.acc", "RS.test.acc", "RS.train.time", "RS.n.support.vectors", 
    "RS.index", "RS.n.solutions", "RS.generations", "RS.n.evaluations", 
    "RS.cpu.time", "DF.cost", "DF.gamma", "DF.data.balancing", 
    "DF.feature.selection", "DF.valid.acc", "DF.test.acc", "DF.train.time", 
    "DF.n.support.vectors", "DF.index", "DF.n.solutions", "DF.generations", 
    "DF.n.evaluations", "DF.cpu.time")))
