full <-
structure(c(50, 55, 60, 65, 70, 75, 80, 85, 90, 95, 100, 1.54887, 
1, 12.61447, 12.69783, 1.45179, 0.984, 1, 7.28272, 5.86301, 7.8306, 
10.16386, -2.35159, 0.0625, -13.1822, -11.33723, -1.91303, -1.6105, 
0.0625, -6.48253, -5.88726, -6.8548, -7.60843, 0, 0, 0, 0, 0, 
0, 0, 0, 0, 0, 0, 0, 0, 0, 0, 0, 0, 0, 0, 0, 0, 0, 0.93755, 0.93488, 
0.94007, 0.9345, 0.93868, 0.94799, 0.94127, 0.94964, 0.95213, 
0.94358, 0.95012, 0.92985, 0.92774, 0.92243, 0.92368, 0.92342, 
0.94299, 0.93237, 0.91612, 0.94813, 0.92832, 0.9431, 0.0202, 
0.0198, 0.0205, 0.0217, 0.024, 0.0269, 0.0275, 0.0216, 0.0227, 
0.0228, 0.0247, 55.9, 59.2, 28.5, 27.9, 74.4, 89.4, 71.8, 35, 
39.1, 36.7, 36.9, 2042, 1, 13, 65, 158, 571, 1, 30, 164, 135, 
77, 2, 756, 557, 417, 873, 188, 484, 306, 173, 294, 70, 100, 
100, 100, 100, 100, 100, 100, 100, 100, 100, 100, 2500, 2500, 
2500, 2500, 2500, 2500, 2500, 2500, 2500, 2500, 2500, 6544.399, 
6694.986, 6590.313, 6721.428, 6847.469, 7337.458, 7303.35400000001, 
6646.03, 6963.34, 6919.15199999999, 6984.677, 0.4829, 9.56247, 
0.93571, 12.99084, 1.52084, 1.1197, 6.9211, 6.11149, 12.1251, 
8.58562, 11.56608, -1.36562, -12.12702, -1.80042, -11.8676, -2.20913, 
-1.96345, -11.96912, -5.64244, -12.59849, -7.305, -8.04035, 0, 
0, 0, 0, 0, 0, 0, 0, 0, 0, 0, 0, 0, 0, 0, 0, 0, 0, 0, 0, 0, 0, 
0.94469, 0.93488, 0.94596, 0.9345, 0.93868, 0.94799, 0.94127, 
0.94964, 0.95213, 0.94358, 0.95357, 0.93802, 0.93488, 0.91654, 
0.92368, 0.92342, 0.94323, 0.93237, 0.91612, 0.93628, 0.93203, 
0.93596, 0.0225, 0.0194, 0.0236, 0.0202, 0.0236, 0.0255, 0.0252, 
0.0218, 0.0221, 0.0233, 0.0271, 82.6, 38.3, 75.7, 28.1, 67, 77.1, 
73.8, 38.5, 37.1, 35.6, 36.8, 1144, 6, 491, 177, 288, 139, 38, 
312, 59, 110, 220, 1, 343, 6, 20, 4, 3, 71, 8, 10, 3, 3, 100, 
100, 100, 100, 100, 100, 100, 100, 100, 100, 100, 2500, 2500, 
2500, 2500, 2500, 2500, 2500, 2500, 2500, 2500, 2500, 6689.949, 
6662.858, 6777.325, 6793.541, 6848.917, 8605.327, 6783.48700000001, 
7078.75999999999, 7132.31899999999, 7127.31299999999, 7177.47300000003, 
1, 1, 1, 1, 1, 1, 1, 1, 1, 1, 1, 0.0625, 0.0625, 0.0625, 0.0625, 
0.0625, 0.0625, 0.0625, 0.0625, 0.0625, 0.0625, 0.0625, 0, 0, 
0, 0, 0, 0, 0, 0, 0, 0, 0, 0, 0, 0, 0, 0, 0, 0, 0, 0, 0, 0, 0.92985, 
0.93488, 0.92831, 0.92339, 0.92289, 0.9287, 0.94127, 0.9288, 
0.92828, 0.93587, 0.93929, 0.92319, 0.92774, 0.93419, 0.91813, 
0.91789, 0.9337, 0.93237, 0.9288, 0.92428, 0.93217, 0.93929, 
0.0191, 0.0207, 0.0228, 0.0218, 0.0229, 0.0265, 0.0243, 0.0253, 
0.0262, 0.0272, 0.0279, 55.3, 59.2, 61.2, 64, 67.2, 69, 71.8, 
73.1, 77.1, 79, 80.3, 1, 1, 1, 1, 1, 1, 1, 1, 1, 1, 1, 1, 1, 
1, 1, 1, 1, 1, 1, 1, 1, 1, 1, 1, 1, 1, 1, 1, 1, 1, 1, 1, 1, 1, 
1, 1, 1, 1, 1, 1, 1, 1, 1, 1, 2.639, 2.658, 2.873, 2.645, 2.645, 
3.655, 2.656, 2.784, 2.792, 2.813, 2.793), .Dim = c(11L, 40L), .Dimnames = list(
    NULL, c("Sampling", "PSO.cost", "PSO.gamma", "PSO.data.balancing", 
    "PSO.feature.selection", "PSO.valid.acc", "PSO.test.acc", 
    "PSO.train.time", "PSO.n.support.vectors", "PSO.index", "PSO.n.solutions", 
    "PSO.generations", "PSO.n.evaluations", "PSO.cpu.time", "RS.cost", 
    "RS.gamma", "RS.data.balancing", "RS.feature.selection", 
    "RS.valid.acc", "RS.test.acc", "RS.train.time", "RS.n.support.vectors", 
    "RS.index", "RS.n.solutions", "RS.generations", "RS.n.evaluations", 
    "RS.cpu.time", "DF.cost", "DF.gamma", "DF.data.balancing", 
    "DF.feature.selection", "DF.valid.acc", "DF.test.acc", "DF.train.time", 
    "DF.n.support.vectors", "DF.index", "DF.n.solutions", "DF.generations", 
    "DF.n.evaluations", "DF.cpu.time")))
