full <-
structure(c(50, 55, 60, 65, 70, 75, 80, 85, 90, 95, 100, 3.80672, 
3.7781, 1, 2.73548, 3.51633, 14.95312, 3.98154, 15, 6.26776, 
12.82169, 2.17468, -3.9548, -3.64226, 0.0625, -7.33634, -4.24092, 
-14.34559, -5.56257, -15, -6.18055, -11.81289, -2.52041, 0, 0, 
0, 0, 0, 0, 0, 0, 0, 0, 0, 0, 0, 0, 0, 0, 0, 0, 0, 0, 0, 0, 0.94993, 
0.94738, 0.93342, 0.93947, 0.9434, 0.95799, 0.9415, 0.94544, 
0.9446, 0.9661, 0.95343, 0.93707, 0.92196, 0.93342, 0.93421, 
0.92261, 0.95275, 0.93261, 0.94544, 0.9366, 0.95085, 0.94986, 
0.0181, 0.0184, 0.0204, 0.0221, 0.0209, 0.0213, 0.022, 0.0227, 
0.023, 0.0268, 0.0315, 31.5, 34.6, 57.8, 58.6, 42.9, 30, 45.1, 
34.5, 38.2, 32.9, 71.4, 402, 533, 1, 55, 171, 182, 66, 85, 1419, 
346, 178, 428, 127, 220, 221, 211, 271, 304, 1454, 17, 52, 592, 
100, 100, 100, 100, 100, 100, 100, 100, 100, 100, 100, 2500, 
2500, 2500, 2500, 2500, 2500, 2500, 2500, 2500, 2500, 2500, 6876.866, 
6904.836, 6944.952, 6929.376, 6979.644, 6913.78400000001, 6967.863, 
7039.511, 7861.288, 9334.70799999998, 9608.38, 4.66947, 7.69139, 
1.176, 5.39653, 3.73165, 14.44507, 4.57058, 1.57963, 0.11173, 
14.79337, 2.28473, -4.73809, -8.48618, -1.6202, -10.1642, -4.53093, 
-13.82283, -5.92986, -1.64139, -1.58146, -13.77549, -2.55892, 
0, 0, 0, 0, 0, 0, 0, 0, 0, 0, 0, 0, 0, 0, 0, 0, 0, 0, 0, 0, 0, 
0, 0.94993, 0.94696, 0.93342, 0.93947, 0.9434, 0.95799, 0.94605, 
0.94579, 0.94429, 0.9661, 0.95343, 0.92278, 0.93357, 0.93342, 
0.93421, 0.92261, 0.94799, 0.93696, 0.93728, 0.94445, 0.95085, 
0.94986, 0.0172, 0.0181, 0.0222, 0.021, 0.0206, 0.0211, 0.0219, 
0.0284, 0.0333, 0.0266, 0.0317, 28.3, 26.2, 73.7, 59.7, 40.3, 
30.3, 43.4, 90.5, 102.5, 32.7, 70.6, 72, 47, 5, 90, 763, 1029, 
535, 702, 348, 1607, 387, 4, 57, 94, 17, 5, 1, 1, 1, 2, 1, 9, 
100, 100, 100, 100, 100, 100, 100, 100, 100, 100, 100, 2500, 
2500, 2500, 2500, 2500, 2500, 2500, 2500, 2500, 2500, 2500, 6917.809, 
6935.886, 6944.967, 6993.837, 7033.033, 7065.569, 7127.00799999999, 
7212.348, 9479.473, 9628.29399999999, 9730.79300000001, 1, 1, 
1, 1, 1, 1, 1, 1, 1, 1, 1, 0.0625, 0.0625, 0.0625, 0.0625, 0.0625, 
0.0625, 0.0625, 0.0625, 0.0625, 0.0625, 0.0625, 0, 0, 0, 0, 0, 
0, 0, 0, 0, 0, 0, 0, 0, 0, 0, 0, 0, 0, 0, 0, 0, 0, 0.93564, 0.93357, 
0.93342, 0.93392, 0.92787, 0.92935, 0.91917, 0.92441, 0.92844, 
0.93205, 0.93557, 0.93612, 0.93357, 0.93342, 0.93392, 0.92787, 
0.93844, 0.92372, 0.92441, 0.93244, 0.93205, 0.932, 0.0193, 0.0201, 
0.0216, 0.0217, 0.0223, 0.0236, 0.025, 0.0263, 0.0294, 0.0311, 
0.0322, 50.1, 52.4, 57.8, 62.2, 63.7, 67.8, 73.5, 74.1, 76.3, 
77.9, 82.5, 1, 1, 1, 1, 1, 1, 1, 1, 1, 1, 1, 1, 1, 1, 1, 1, 1, 
1, 1, 1, 1, 1, 1, 1, 1, 1, 1, 1, 1, 1, 1, 1, 1, 1, 1, 1, 1, 1, 
1, 1, 1, 1, 1, 1, 2.796, 2.847, 2.819, 2.812, 2.545, 2.772, 2.861, 
2.917, 3.712, 3.855, 3.822), .Dim = c(11L, 40L), .Dimnames = list(
    NULL, c("Sampling", "PSO.cost", "PSO.gamma", "PSO.data.balancing", 
    "PSO.feature.selection", "PSO.valid.acc", "PSO.test.acc", 
    "PSO.train.time", "PSO.n.support.vectors", "PSO.index", "PSO.n.solutions", 
    "PSO.generations", "PSO.n.evaluations", "PSO.cpu.time", "RS.cost", 
    "RS.gamma", "RS.data.balancing", "RS.feature.selection", 
    "RS.valid.acc", "RS.test.acc", "RS.train.time", "RS.n.support.vectors", 
    "RS.index", "RS.n.solutions", "RS.generations", "RS.n.evaluations", 
    "RS.cpu.time", "DF.cost", "DF.gamma", "DF.data.balancing", 
    "DF.feature.selection", "DF.valid.acc", "DF.test.acc", "DF.train.time", 
    "DF.n.support.vectors", "DF.index", "DF.n.solutions", "DF.generations", 
    "DF.n.evaluations", "DF.cpu.time")))
