full <-
structure(c(50, 55, 60, 65, 70, 75, 80, 85, 90, 95, 100, 13.7118, 
11.72961, 9.38253, 1.81021, 12.11043, 2.49508, 0.59778, 3.0804, 
-0.14097, 15, 5.66145, -1.80058, -10.3205, -9.26032, -2.5551, 
-13.1273, -2.0933, -1.74073, -3.56497, -1.64577, -13.93036, -5.76501, 
0, 0, 0, 0, 0, 0, 0, 0, 0, 0, 0, 0, 0, 0, 0, 0, 0, 0, 0, 0, 0, 
0, 0.97857, 0.98042, 0.98824, 0.97248, 0.96947, 0.95258, 0.95115, 
0.95362, 0.94445, 0.95128, 0.95382, 0.97857, 0.9675, 0.97059, 
0.96166, 0.95921, 0.9476, 0.93769, 0.94529, 0.93645, 0.92521, 
0.9431, 0.0202, 0.0165, 0.016, 0.0196, 0.0183, 0.0222, 0.0262, 
0.0222, 0.0328, 0.0264, 0.0283, 59.3, 16.7, 21, 51.8, 30, 66.9, 
91.5, 52.7, 104.7, 33.8, 42.7, 559, 175, 426, 251, 132, 91, 552, 
1099, 955, 431, 60, 224, 60, 42, 57, 125, 843, 475, 53, 90, 27, 
281, 100, 100, 100, 100, 100, 100, 100, 100, 100, 100, 100, 2500, 
2500, 2500, 2500, 2500, 2500, 2500, 2500, 2500, 2500, 2500, 6563.792, 
6428.523, 6471.17, 6547.586, 6437.514, 6526.518, 6767.156, 7168.977, 
8967.391, 9087.12700000001, 9000.25699999998, 12.11958, 14.21688, 
13.79628, 9.90894, 1.21437, 5.42265, 0.5476, 3.89742, 0.04254, 
14.33795, 4.48659, -1.81402, -12.85185, -13.65784, -9.81927, 
-2.15358, -2.1185, -1.72786, -4.11357, -1.99302, -13.15502, -4.85037, 
0, 0, 0, 0, 0, 0, 0, 0, 0, 0, 0, 0, 0, 0, 0, 0, 0, 0, 0, 0, 0, 
0, 0.97857, 0.98042, 0.98824, 0.96784, 0.96947, 0.95258, 0.95115, 
0.94946, 0.94045, 0.94758, 0.95382, 0.97857, 0.9675, 0.97059, 
0.96228, 0.95447, 0.9476, 0.93769, 0.94112, 0.93628, 0.92521, 
0.9431, 0.0206, 0.0182, 0.0171, 0.0176, 0.0226, 0.0228, 0.0268, 
0.0252, 0.0319, 0.0269, 0.0276, 58.9, 16.2, 20.6, 21.9, 67.1, 
61.9, 92, 48, 92.5, 33.7, 47.7, 180, 2, 1645, 64, 198, 9, 858, 
122, 2247, 71, 1075, 4, 5, 1, 28, 5, 17, 2, 9, 1, 2, 4, 100, 
100, 100, 100, 100, 100, 100, 100, 100, 100, 100, 2500, 2500, 
2500, 2500, 2500, 2500, 2500, 2500, 2500, 2500, 2500, 6510.265, 
6513.682, 6616.671, 6558.253, 6757.899, 6775.155, 6800.054, 9045.548, 
9075.648, 9551.103, 9275.095, 1, 1, 1, 1, 1, 1, 1, 1, 1, 1, 1, 
0.0625, 0.0625, 0.0625, 0.0625, 0.0625, 0.0625, 0.0625, 0.0625, 
0.0625, 0.0625, 0.0625, 0, 0, 0, 0, 0, 0, 0, 0, 0, 0, 0, 0, 0, 
0, 0, 0, 0, 0, 0, 0, 0, 0, 0.96429, 0.96083, 0.95882, 0.95611, 
0.94395, 0.93353, 0.92899, 0.93696, 0.92844, 0.93618, 0.93251, 
0.96429, 0.96083, 0.95882, 0.95611, 0.94395, 0.93353, 0.92445, 
0.92844, 0.92844, 0.93248, 0.93251, 0.0183, 0.0205, 0.021, 0.0215, 
0.021, 0.0232, 0.0251, 0.0277, 0.0288, 0.0318, 0.0313, 53, 60.5, 
61.3, 62.4, 66.9, 69.6, 74.9, 77.1, 78.1, 79.1, 81.4, 1, 1, 1, 
1, 1, 1, 1, 1, 1, 1, 1, 1, 1, 1, 1, 1, 1, 1, 1, 1, 1, 1, 1, 1, 
1, 1, 1, 1, 1, 1, 1, 1, 1, 1, 1, 1, 1, 1, 1, 1, 1, 1, 1, 1, 2.619, 
2.724, 2.643, 2.615, 2.476, 2.583, 2.694, 3.508, 3.501, 3.87, 
3.542), .Dim = c(11L, 40L), .Dimnames = list(NULL, c("Sampling", 
"PSO.cost", "PSO.gamma", "PSO.data.balancing", "PSO.feature.selection", 
"PSO.valid.acc", "PSO.test.acc", "PSO.train.time", "PSO.n.support.vectors", 
"PSO.index", "PSO.n.solutions", "PSO.generations", "PSO.n.evaluations", 
"PSO.cpu.time", "RS.cost", "RS.gamma", "RS.data.balancing", "RS.feature.selection", 
"RS.valid.acc", "RS.test.acc", "RS.train.time", "RS.n.support.vectors", 
"RS.index", "RS.n.solutions", "RS.generations", "RS.n.evaluations", 
"RS.cpu.time", "DF.cost", "DF.gamma", "DF.data.balancing", "DF.feature.selection", 
"DF.valid.acc", "DF.test.acc", "DF.train.time", "DF.n.support.vectors", 
"DF.index", "DF.n.solutions", "DF.generations", "DF.n.evaluations", 
"DF.cpu.time")))
