full <-
structure(c(50, 55, 60, 65, 70, 75, 80, 85, 90, 95, 100, 0.3227, 
1.08566, 11.9821, -0.17674, 8.60408, 6.33635, -0.04807, 7.79864, 
2.02845, 14.58469, 1.51003, -1.3286, -1.65497, -11.40889, -2.93553, 
-7.38358, -10.33675, -2.4983, -8.69339, -2.35002, -13.79884, 
-2.3467, 0, 0, 0, 0, 0, 0, 0, 0, 0, 0, 0, 0, 0, 0, 0, 0, 0, 0, 
0, 0, 0, 0, 0.96469, 0.96708, 0.97092, 0.9564, 0.94368, 0.9337, 
0.93755, 0.9538, 0.94891, 0.95142, 0.94692, 0.96469, 0.96708, 
0.95392, 0.95084, 0.92842, 0.9337, 0.93755, 0.94112, 0.94106, 
0.94387, 0.9399, 0.0215, 0.0219, 0.0176, 0.0214, 0.0196, 0.0214, 
0.0246, 0.0229, 0.0289, 0.0256, 0.0312, 81.4, 72.6, 20.7, 62.7, 
29.6, 56.1, 72.2, 37.6, 71.6, 34.3, 77, 296, 137, 123, 1469, 
190, 102, 169, 111, 118, 1352, 109, 256, 653, 457, 21, 275, 295, 
771, 435, 447, 3, 544, 100, 100, 100, 100, 100, 100, 100, 100, 
100, 100, 100, 2500, 2500, 2500, 2500, 2500, 2500, 2500, 2500, 
2500, 2500, 2500, 6447.872, 6587.005, 6490.422, 6572.655, 6627.891, 
6635.76699999999, 6525.48699999999, 7205.992, 7551.94799999999, 
7482.368, 7747.22699999998, 0.80778, -0.7632, 11.28328, -0.15893, 
8.81763, -0.01861, 0.30385, 9.3102, 1.66729, 11.25982, 1.38407, 
-1.90428, -2.25091, -10.83316, -2.69546, -7.55116, -2.63033, 
-2.46226, -10.46399, -2.03656, -10.77639, -2.19007, 0, 0, 0, 
0, 0, 0, 0, 0, 0, 0, 0, 0, 0, 0, 0, 0, 0, 0, 0, 0, 0, 0, 0.95802, 
0.96708, 0.97092, 0.95084, 0.94368, 0.93825, 0.93755, 0.9538, 
0.94891, 0.94772, 0.94692, 0.95136, 0.95495, 0.95392, 0.95084, 
0.92842, 0.92418, 0.93755, 0.94112, 0.94491, 0.95142, 0.94347, 
0.0193, 0.0202, 0.0169, 0.0215, 0.0205, 0.0232, 0.0247, 0.0235, 
0.0279, 0.0247, 0.0318, 62.8, 67.6, 20.4, 62.8, 29, 68.4, 69.4, 
38.8, 79.9, 35.5, 81.4, 145, 48, 57, 29, 60, 582, 107, 24, 1138, 
535, 315, 28, 5, 44, 12, 6, 2, 9, 47, 1, 17, 3, 100, 100, 100, 
100, 100, 100, 100, 100, 100, 100, 100, 2500, 2500, 2500, 2500, 
2500, 2500, 2500, 2500, 2500, 2500, 2500, 6500.284, 6632.396, 
6489.093, 6708.283, 6808.652, 6598.409, 7006.033, 7769.417, 7695.826, 
7789.97600000001, 7907.50700000001, 1, 1, 1, 1, 1, 1, 1, 1, 1, 
1, 1, 0.0625, 0.0625, 0.0625, 0.0625, 0.0625, 0.0625, 0.0625, 
0.0625, 0.0625, 0.0625, 0.0625, 0, 0, 0, 0, 0, 0, 0, 0, 0, 0, 
0, 0, 0, 0, 0, 0, 0, 0, 0, 0, 0, 0, 0.94421, 0.95375, 0.94702, 
0.94002, 0.92842, 0.92418, 0.92391, 0.92446, 0.9289, 0.93248, 
0.93263, 0.95136, 0.95375, 0.9529, 0.94002, 0.93342, 0.92894, 
0.92846, 0.93696, 0.9289, 0.93248, 0.92918, 0.0187, 0.0193, 0.0195, 
0.0214, 0.0215, 0.023, 0.025, 0.0271, 0.028, 0.0298, 0.0315, 
53.3, 56.2, 57.7, 60.7, 62.9, 66.4, 69.7, 74.2, 76.9, 78.7, 81, 
1, 1, 1, 1, 1, 1, 1, 1, 1, 1, 1, 1, 1, 1, 1, 1, 1, 1, 1, 1, 1, 
1, 1, 1, 1, 1, 1, 1, 1, 1, 1, 1, 1, 1, 1, 1, 1, 1, 1, 1, 1, 1, 
1, 1, 2.572, 2.564, 2.55, 2.651, 2.598, 2.765, 2.871, 2.956, 
3.058, 3.077, 3.143), .Dim = c(11L, 40L), .Dimnames = list(NULL, 
    c("Sampling", "PSO.cost", "PSO.gamma", "PSO.data.balancing", 
    "PSO.feature.selection", "PSO.valid.acc", "PSO.test.acc", 
    "PSO.train.time", "PSO.n.support.vectors", "PSO.index", "PSO.n.solutions", 
    "PSO.generations", "PSO.n.evaluations", "PSO.cpu.time", "RS.cost", 
    "RS.gamma", "RS.data.balancing", "RS.feature.selection", 
    "RS.valid.acc", "RS.test.acc", "RS.train.time", "RS.n.support.vectors", 
    "RS.index", "RS.n.solutions", "RS.generations", "RS.n.evaluations", 
    "RS.cpu.time", "DF.cost", "DF.gamma", "DF.data.balancing", 
    "DF.feature.selection", "DF.valid.acc", "DF.test.acc", "DF.train.time", 
    "DF.n.support.vectors", "DF.index", "DF.n.solutions", "DF.generations", 
    "DF.n.evaluations", "DF.cpu.time")))
