full <-
structure(c(50, 55, 60, 65, 70, 75, 80, 85, 90, 95, 100, 9.73946, 
4.03587, -0.8286, -0.76495, 2.90682, 14.48042, 2.0707, 8.87083, 
14.97475, 15, 14.84625, -9.40614, -8.0382, -1.16723, -1.77993, 
-5.38332, -14.69561, -2.83612, -8.42109, -14.59274, -15, -11.71466, 
0, 0, 0, 0, 0, 0, 0, 0, 0, 0, 0, 0, 0, 0, 0, 0, 0, 0, 0, 0, 0, 
0, 0.93659, 0.93542, 0.93493, 0.92865, 0.92919, 0.93333, 0.94247, 
0.95399, 0.95229, 0.94373, 0.95751, 0.90136, 0.90917, 0.92904, 
0.92339, 0.92919, 0.93333, 0.94206, 0.93297, 0.95614, 0.94729, 
0.95394, 0.0169, 0.0182, 0.024, 0.024, 0.0212, 0.0194, 0.024, 
0.0212, 0.0231, 0.0233, 0.0281, 26.2, 45.6, 100.2, 85.3, 46.3, 
33, 61, 35.6, 35.8, 36.5, 31.8, 207, 42, 779, 841, 10, 2, 469, 
1862, 295, 71, 353, 211, 330, 102, 67, 399, 914, 45, 4, 129, 
1047, 541, 100, 100, 100, 100, 100, 100, 100, 100, 100, 100, 
100, 2500, 2500, 2500, 2500, 2500, 2500, 2500, 2500, 2500, 2500, 
2500, 6731.036, 6823.165, 6906.988, 6825.602, 6804.665, 6756.901, 
6927.69200000001, 7024.894, 7099.262, 7077.092, 7177.647, 13.45565, 
2.7083, -0.80413, 1.39511, 5.38004, 7.51118, 0.41934, 10.99841, 
3.80422, 14.65602, 14.94973, -13.00931, -6.60757, -1.46725, -2.48046, 
-8.34199, -8.41253, -1.5556, -10.59505, -4.61216, -14.46549, 
-11.85513, 0, 0, 0, 0, 0, 0, 0, 0, 0, 0, 0, 0, 0, 0, 0, 0, 0, 
0, 0, 0, 0, 0, 0.93659, 0.93542, 0.92904, 0.92865, 0.92919, 0.93333, 
0.94247, 0.94565, 0.94829, 0.94373, 0.95751, 0.90136, 0.90917, 
0.91728, 0.91784, 0.92919, 0.91905, 0.94247, 0.93297, 0.94045, 
0.94359, 0.95394, 0.0175, 0.0186, 0.023, 0.0208, 0.0207, 0.0205, 
0.0277, 0.0225, 0.0236, 0.0232, 0.0277, 26, 45.3, 91, 58.2, 44.7, 
35.3, 97.6, 34.5, 48.3, 35.8, 31.6, 746, 60, 575, 942, 5, 16, 
463, 189, 263, 14, 1921, 2, 29, 5, 3, 88, 121, 4, 9, 8, 29, 1, 
100, 100, 100, 100, 100, 100, 100, 100, 100, 100, 100, 2500, 
2500, 2500, 2500, 2500, 2500, 2500, 2500, 2500, 2500, 2500, 6870.347, 
6796.694, 6829.815, 6899.86, 6917.628, 6940.943, 6951.06599999999, 
7232.05799999999, 7270.507, 7229.49800000002, 7332.139, 1, 1, 
1, 1, 1, 1, 1, 1, 1, 1, 1, 0.0625, 0.0625, 0.0625, 0.0625, 0.0625, 
0.0625, 0.0625, 0.0625, 0.0625, 0.0625, 0.0625, 0, 0, 0, 0, 0, 
0, 0, 0, 0, 0, 0, 0, 0, 0, 0, 0, 0, 0, 0, 0, 0, 0, 0.9085, 0.92208, 
0.90551, 0.91287, 0.91919, 0.92381, 0.92882, 0.92446, 0.92844, 
0.92464, 0.93595, 0.9085, 0.92208, 0.89963, 0.91813, 0.91919, 
0.92381, 0.92882, 0.92464, 0.92444, 0.92464, 0.9325, 0.0183, 
0.0199, 0.0205, 0.0214, 0.0218, 0.0226, 0.0243, 0.0261, 0.0268, 
0.0278, 0.0305, 51.7, 52.8, 58.4, 62, 66.3, 67.4, 73.2, 75.2, 
77.5, 79, 80.6, 1, 1, 1, 1, 1, 1, 1, 1, 1, 1, 1, 1, 1, 1, 1, 
1, 1, 1, 1, 1, 1, 1, 1, 1, 1, 1, 1, 1, 1, 1, 1, 1, 1, 1, 1, 1, 
1, 1, 1, 1, 1, 1, 1, 1, 2.713, 2.797, 2.668, 2.679, 2.618, 2.624, 
2.781, 2.835, 2.787, 2.839, 2.91), .Dim = c(11L, 40L), .Dimnames = list(
    NULL, c("Sampling", "PSO.cost", "PSO.gamma", "PSO.data.balancing", 
    "PSO.feature.selection", "PSO.valid.acc", "PSO.test.acc", 
    "PSO.train.time", "PSO.n.support.vectors", "PSO.index", "PSO.n.solutions", 
    "PSO.generations", "PSO.n.evaluations", "PSO.cpu.time", "RS.cost", 
    "RS.gamma", "RS.data.balancing", "RS.feature.selection", 
    "RS.valid.acc", "RS.test.acc", "RS.train.time", "RS.n.support.vectors", 
    "RS.index", "RS.n.solutions", "RS.generations", "RS.n.evaluations", 
    "RS.cpu.time", "DF.cost", "DF.gamma", "DF.data.balancing", 
    "DF.feature.selection", "DF.valid.acc", "DF.test.acc", "DF.train.time", 
    "DF.n.support.vectors", "DF.index", "DF.n.solutions", "DF.generations", 
    "DF.n.evaluations", "DF.cpu.time")))
