full <-
structure(c(50, 55, 60, 65, 70, 75, 80, 85, 90, 95, 100, 1.56115, 
14.31572, 2.65562, 2.14174, 1.72937, 12.46388, 10.2258, 11.62812, 
3.39873, 12.74097, 5.92535, -2.22203, -13.7951, -3.06228, -2.94365, 
-2.5658, -12.51327, -11.55482, -10.98354, -3.23999, -12.39032, 
-5.81441, 0, 0, 0, 0, 0, 0, 0, 0, 0, 0, 0, 0, 0, 0, 0, 0, 0, 
0, 0, 0, 0, 0, 0.95, 0.96042, 0.94105, 0.94532, 0.94421, 0.95258, 
0.93735, 0.94529, 0.94429, 0.94744, 0.94653, 0.92905, 0.9475, 
0.93517, 0.93944, 0.93868, 0.95712, 0.92826, 0.9288, 0.93244, 
0.93632, 0.93926, 0.021, 0.0209, 0.022, 0.021, 0.0229, 0.0222, 
0.0229, 0.0238, 0.0258, 0.0247, 0.0247, 50.7, 25.4, 46.2, 48.9, 
57.9, 30.7, 39.8, 32.8, 56.2, 35.6, 42.5, 852, 90, 110, 350, 
45, 179, 129, 228, 38, 127, 81, 60, 76, 643, 221, 379, 59, 127, 
212, 398, 179, 127, 100, 100, 100, 100, 100, 100, 100, 100, 100, 
100, 100, 2500, 2500, 2500, 2500, 2500, 2500, 2500, 2500, 2500, 
2500, 2500, 7778.772, 7691.707, 7804.635, 7766.85000000001, 7498.548, 
7939.52, 7877.31999999999, 7312.81600000001, 7490.99299999999, 
7230.883, 7214.36900000001, 1.49618, 10.9834, 2.07943, 4.6982, 
2.44403, 11.13767, 0.76745, 13.59702, 14.56634, 14.88351, 8.90112, 
-2.17707, -11.14166, -2.7632, -5.01269, -3.15899, -11.20266, 
-1.39804, -12.9865, -11.26084, -14.49448, -8.25942, 0, 0, 0, 
0, 0, 0, 0, 0, 0, 0, 0, 0, 0, 0, 0, 0, 0, 0, 0, 0, 0, 0, 0.95, 
0.95417, 0.94105, 0.94532, 0.94421, 0.95258, 0.9417, 0.94529, 
0.94429, 0.94744, 0.94653, 0.92905, 0.94125, 0.94142, 0.92924, 
0.93868, 0.95712, 0.92411, 0.92464, 0.93228, 0.93632, 0.94284, 
0.0196, 0.0183, 0.0209, 0.0208, 0.022, 0.0219, 0.0305, 0.0228, 
0.0275, 0.026, 0.023, 51.2, 26.4, 50.7, 34.6, 49.9, 30.8, 103.3, 
33, 30, 35, 36.6, 1151, 5, 233, 222, 1723, 33, 2163, 220, 55, 
850, 117, 1, 34, 7, 10, 43, 4, 2, 9, 60, 1, 13, 100, 100, 100, 
100, 100, 100, 100, 100, 100, 100, 100, 2500, 2500, 2500, 2500, 
2500, 2500, 2500, 2500, 2500, 2500, 2500, 7781.878, 7806.206, 
7877.903, 7521.069, 7825.61599999999, 7948.75900000001, 7688.834, 
7543.462, 7451.992, 7328.64800000002, 7320.48999999999, 1, 1, 
1, 1, 1, 1, 1, 1, 1, 1, 1, 0.0625, 0.0625, 0.0625, 0.0625, 0.0625, 
0.0625, 0.0625, 0.0625, 0.0625, 0.0625, 0.0625, 0, 0, 0, 0, 0, 
0, 0, 0, 0, 0, 0, 0, 0, 0, 0, 0, 0, 0, 0, 0, 0, 0, 0.9219, 0.9225, 
0.92341, 0.92368, 0.92368, 0.93329, 0.92372, 0.9288, 0.93228, 
0.92877, 0.93556, 0.9219, 0.9225, 0.91752, 0.92924, 0.91868, 
0.93805, 0.92826, 0.93297, 0.92828, 0.93248, 0.93556, 0.0203, 
0.0204, 0.0218, 0.0222, 0.0243, 0.0247, 0.0251, 0.0257, 0.0281, 
0.0283, 0.0293, 52.6, 54.5, 60.4, 62.5, 66.3, 67.3, 71.8, 72.6, 
77.4, 79.3, 79.4, 1, 1, 1, 1, 1, 1, 1, 1, 1, 1, 1, 1, 1, 1, 1, 
1, 1, 1, 1, 1, 1, 1, 1, 1, 1, 1, 1, 1, 1, 1, 1, 1, 1, 1, 1, 1, 
1, 1, 1, 1, 1, 1, 1, 1, 3.066, 3.063, 3.151, 3.029, 3.197, 3.162, 
2.843, 2.794, 2.994, 2.899, 2.934), .Dim = c(11L, 40L), .Dimnames = list(
    NULL, c("Sampling", "PSO.cost", "PSO.gamma", "PSO.data.balancing", 
    "PSO.feature.selection", "PSO.valid.acc", "PSO.test.acc", 
    "PSO.train.time", "PSO.n.support.vectors", "PSO.index", "PSO.n.solutions", 
    "PSO.generations", "PSO.n.evaluations", "PSO.cpu.time", "RS.cost", 
    "RS.gamma", "RS.data.balancing", "RS.feature.selection", 
    "RS.valid.acc", "RS.test.acc", "RS.train.time", "RS.n.support.vectors", 
    "RS.index", "RS.n.solutions", "RS.generations", "RS.n.evaluations", 
    "RS.cpu.time", "DF.cost", "DF.gamma", "DF.data.balancing", 
    "DF.feature.selection", "DF.valid.acc", "DF.test.acc", "DF.train.time", 
    "DF.n.support.vectors", "DF.index", "DF.n.solutions", "DF.generations", 
    "DF.n.evaluations", "DF.cpu.time")))
