full <-
structure(c(50, 55, 60, 65, 70, 75, 80, 85, 90, 95, 100, 11.56214, 
-0.89843, 9.63297, 14.35787, 2.6327, 7.23569, 13.60298, 2.16411, 
15, 12.47646, 15, -13.09311, -2.54415, -9.52643, -14.55838, -3.70929, 
-8.07267, -13.7599, -3.09672, -14.79629, -13.01645, -14.56235, 
0, 0, 0, 0, 0, 0, 0, 0, 0, 0, 0, 0, 0, 0, 0, 0, 0, 0, 0, 0, 0, 
0, 0.92238, 0.91, 0.93456, 0.9397, 0.93469, 0.94255, 0.94642, 
0.94565, 0.95262, 0.94359, 0.95012, 0.91524, 0.91, 0.8989, 0.92826, 
0.92969, 0.94279, 0.93297, 0.94149, 0.94062, 0.93989, 0.94298, 
0.0192, 0.024, 0.0195, 0.0202, 0.023, 0.0225, 0.0237, 0.0255, 
0.0256, 0.0261, 0.0286, 30.4, 65, 27.6, 30.2, 45.4, 33.1, 32.3, 
59, 35.2, 38.4, 35.4, 13, 84, 36, 27, 40, 138, 25, 31, 1623, 
228, 70, 177, 296, 67, 702, 262, 60, 835, 376, 1, 267, 223, 100, 
100, 100, 100, 100, 100, 100, 100, 100, 100, 100, 2500, 2500, 
2500, 2500, 2500, 2500, 2500, 2500, 2500, 2500, 2500, 8029.205, 
8393.583, 8190.27800000001, 8239.388, 8162.204, 8221.37, 8176.48599999999, 
8183.60100000001, 8403.49400000001, 8418.929, 8431.37599999999, 
10.35112, 8.43788, -0.67776, 13.58, -0.63832, -0.819, 9.87675, 
1.29069, 13.66248, 14.43295, 10.03501, -11.9463, -13.62646, -1.39206, 
-13.77327, -1.7371, -1.02586, -9.23993, -2.10269, -13.59871, 
-14.97725, -9.5504, 0, 0, 0, 0, 0, 0, 0, 0, 0, 0, 0, 0, 0, 0, 
0, 0, 0, 0, 0, 0, 0, 0, 0.92238, 0.91, 0.93456, 0.9397, 0.93495, 
0.94255, 0.95077, 0.94565, 0.94862, 0.94359, 0.94655, 0.91524, 
0.91, 0.91691, 0.923, 0.93495, 0.93325, 0.94642, 0.94565, 0.94062, 
0.93989, 0.93584, 0.019, 0.0222, 0.0257, 0.021, 0.0264, 0.0316, 
0.024, 0.0284, 0.0256, 0.0258, 0.026, 30.5, 57.7, 92.5, 29.9, 
90, 125.7, 30, 76.7, 35.9, 38.1, 35.8, 52, 99, 605, 35, 78, 56, 
180, 192, 44, 50, 241, 31, 21, 1, 76, 1, 6, 1, 21, 77, 23, 12, 
100, 100, 100, 100, 100, 100, 100, 100, 100, 100, 100, 2500, 
2500, 2500, 2500, 2500, 2500, 2500, 2500, 2500, 2500, 2500, 8261.446, 
8234.79, 8236.758, 8448.457, 8353.20199999999, 8292.982, 8141.54700000001, 
8412.38299999999, 8848.64999999999, 8556.201, 8614.39200000002, 
1, 1, 1, 1, 1, 1, 1, 1, 1, 1, 1, 0.0625, 0.0625, 0.0625, 0.0625, 
0.0625, 0.0625, 0.0625, 0.0625, 0.0625, 0.0625, 0.0625, 0, 0, 
0, 0, 0, 0, 0, 0, 0, 0, 0, 0, 0, 0, 0, 0, 0, 0, 0, 0, 0, 0, 0.91524, 
0.90375, 0.90441, 0.91156, 0.9139, 0.91896, 0.93338, 0.92464, 
0.92877, 0.92493, 0.93227, 0.90095, 0.91, 0.91066, 0.91185, 0.9139, 
0.92827, 0.92883, 0.92047, 0.92877, 0.92493, 0.93584, 0.0215, 
0.0221, 0.0224, 0.0241, 0.0262, 0.0247, 0.0261, 0.0278, 0.0281, 
0.0293, 0.0307, 52.3, 53.4, 59.1, 62.1, 64.6, 66.6, 71.7, 72.4, 
74.9, 77.4, 81.6, 1, 1, 1, 1, 1, 1, 1, 1, 1, 1, 1, 1, 1, 1, 1, 
1, 1, 1, 1, 1, 1, 1, 1, 1, 1, 1, 1, 1, 1, 1, 1, 1, 1, 1, 1, 1, 
1, 1, 1, 1, 1, 1, 1, 1, 3.254, 3.339, 3.229, 3.404, 3.497, 3.175, 
3.237, 3.523, 3.584, 3.379, 3.389), .Dim = c(11L, 40L), .Dimnames = list(
    NULL, c("Sampling", "PSO.cost", "PSO.gamma", "PSO.data.balancing", 
    "PSO.feature.selection", "PSO.valid.acc", "PSO.test.acc", 
    "PSO.train.time", "PSO.n.support.vectors", "PSO.index", "PSO.n.solutions", 
    "PSO.generations", "PSO.n.evaluations", "PSO.cpu.time", "RS.cost", 
    "RS.gamma", "RS.data.balancing", "RS.feature.selection", 
    "RS.valid.acc", "RS.test.acc", "RS.train.time", "RS.n.support.vectors", 
    "RS.index", "RS.n.solutions", "RS.generations", "RS.n.evaluations", 
    "RS.cpu.time", "DF.cost", "DF.gamma", "DF.data.balancing", 
    "DF.feature.selection", "DF.valid.acc", "DF.test.acc", "DF.train.time", 
    "DF.n.support.vectors", "DF.index", "DF.n.solutions", "DF.generations", 
    "DF.n.evaluations", "DF.cpu.time")))
