full <-
structure(c(50, 55, 60, 65, 70, 75, 80, 85, 90, 95, 100, 5.62423, 
5.81233, 10.31204, 11.36401, 1.27115, 0.6688, 5.85397, 11.733, 
14.77808, 15, 0.91875, -5.80263, -5.51222, -10.02843, -10.16583, 
-2.06123, -1.87935, -4.11889, -10.06736, -13.99688, -14.06282, 
-1.99578, 0, 0, 0, 0, 0, 0, 0, 0, 0, 0, 0, 0, 0, 0, 0, 0, 0, 
0, 0, 0, 0, 0, 0.93612, 0.96083, 0.95184, 0.95585, 0.95447, 0.95775, 
0.95968, 0.95779, 0.95231, 0.95071, 0.95342, 0.92897, 0.92292, 
0.94003, 0.95614, 0.93895, 0.94344, 0.91937, 0.95362, 0.93277, 
0.94701, 0.94628, 0.0186, 0.0182, 0.0188, 0.0221, 0.0249, 0.028, 
0.0235, 0.025, 0.0227, 0.027, 0.0323, 30.8, 29, 26.2, 24.2, 74.1, 
85, 35.7, 29.4, 33.4, 33.4, 89.9, 188, 914, 102, 98, 1967, 2061, 
274, 202, 193, 340, 751, 293, 99, 208, 402, 117, 5, 312, 65, 
101, 202, 30, 100, 100, 100, 100, 100, 100, 100, 100, 100, 100, 
100, 2500, 2500, 2500, 2500, 2500, 2500, 2500, 2500, 2500, 2500, 
2500, 7495.226, 7055.549, 7509.362, 7546.458, 7570.47899999999, 
7960.345, 7740.125, 7896.15700000001, 7888.448, 7991.55500000002, 
8185.761, 4.81071, 6.13863, 12.35727, 10.79742, 0.67258, 0.51026, 
5.85748, 12.7017, 14.7953, 14.7017, 0.80956, -5.23707, -5.87137, 
-11.89138, -9.80365, -1.68276, -1.93271, -4.02517, -11.02923, 
-13.903, -13.17487, -1.87787, 0, 0, 0, 0, 0, 0, 0, 0, 0, 0, 0, 
0, 0, 0, 0, 0, 0, 0, 0, 0, 0, 0, 0.93612, 0.96083, 0.95184, 0.95585, 
0.94947, 0.95775, 0.95968, 0.95779, 0.95231, 0.95071, 0.95342, 
0.92897, 0.92292, 0.93971, 0.95614, 0.93895, 0.94299, 0.91937, 
0.95362, 0.93277, 0.93932, 0.94628, 0.0181, 0.0181, 0.0194, 0.0212, 
0.027, 0.0271, 0.0217, 0.0242, 0.0225, 0.0262, 0.0326, 32.5, 
28.6, 24.8, 24.6, 89.2, 84, 36.2, 28.8, 32.7, 31.5, 93.9, 144, 
676, 225, 111, 211, 195, 2157, 633, 71, 936, 1508, 5, 3, 7, 18, 
3, 2, 1, 8, 6, 2, 2, 100, 100, 100, 100, 100, 100, 100, 100, 
100, 100, 100, 2500, 2500, 2500, 2500, 2500, 2500, 2500, 2500, 
2500, 2500, 2500, 7271.101, 7324.169, 7651.257, 7669.372, 7674.007, 
7927.00300000001, 7965.43699999999, 8108.75499999999, 7926.64, 
8215.38200000001, 8171.12700000001, 1, 1, 1, 1, 1, 1, 1, 1, 1, 
1, 1, 0.0625, 0.0625, 0.0625, 0.0625, 0.0625, 0.0625, 0.0625, 
0.0625, 0.0625, 0.0625, 0.0625, 0, 0, 0, 0, 0, 0, 0, 0, 0, 0, 
0, 0, 0, 0, 0, 0, 0, 0, 0, 0, 0, 0, 0.92897, 0.92875, 0.93971, 
0.94503, 0.94921, 0.95275, 0.95079, 0.94511, 0.93277, 0.93177, 
0.93569, 0.93564, 0.93542, 0.93346, 0.94503, 0.94921, 0.95275, 
0.95079, 0.94511, 0.93662, 0.93177, 0.93569, 0.0197, 0.0204, 
0.0229, 0.0238, 0.0253, 0.025, 0.0255, 0.0277, 0.0276, 0.0299, 
0.0306, 61.2, 61.4, 63.1, 67.5, 68.6, 69.4, 70.8, 75, 76, 77.4, 
80.4, 1, 1, 1, 1, 1, 1, 1, 1, 1, 1, 1, 1, 1, 1, 1, 1, 1, 1, 1, 
1, 1, 1, 1, 1, 1, 1, 1, 1, 1, 1, 1, 1, 1, 1, 1, 1, 1, 1, 1, 1, 
1, 1, 1, 1, 2.878, 2.953, 3.006, 3.179, 3.197, 3.139, 3.064, 
3.111, 3.139, 3.161, 3.8), .Dim = c(11L, 40L), .Dimnames = list(
    NULL, c("Sampling", "PSO.cost", "PSO.gamma", "PSO.data.balancing", 
    "PSO.feature.selection", "PSO.valid.acc", "PSO.test.acc", 
    "PSO.train.time", "PSO.n.support.vectors", "PSO.index", "PSO.n.solutions", 
    "PSO.generations", "PSO.n.evaluations", "PSO.cpu.time", "RS.cost", 
    "RS.gamma", "RS.data.balancing", "RS.feature.selection", 
    "RS.valid.acc", "RS.test.acc", "RS.train.time", "RS.n.support.vectors", 
    "RS.index", "RS.n.solutions", "RS.generations", "RS.n.evaluations", 
    "RS.cpu.time", "DF.cost", "DF.gamma", "DF.data.balancing", 
    "DF.feature.selection", "DF.valid.acc", "DF.test.acc", "DF.train.time", 
    "DF.n.support.vectors", "DF.index", "DF.n.solutions", "DF.generations", 
    "DF.n.evaluations", "DF.cpu.time")))
