full <-
structure(c(50, 55, 60, 65, 70, 75, 80, 85, 90, 95, 100, 14.02217, 
11.32984, 10.46254, 9.74276, 14.86226, 9.44008, 14.29535, 3.44322, 
5.10305, 3.03081, 5.22187, -10.73696, -10.94438, -9.78705, -9.44838, 
-12.22961, -9.21413, -11.69525, -4.0476, -4.25232, -3.43183, 
-4.65547, 0, 0, 0, 0, 0, 0, 0, 0, 0, 0, 0, 0, 0, 0, 0, 0, 0, 
0, 0, 0, 0, 0, 0.97082, 0.97348, 0.97299, 0.97206, 0.97359, 0.97188, 
0.97284, 0.97252, 0.97621, 0.96892, 0.96986, 0.97083, 0.97053, 
0.97028, 0.96956, 0.97219, 0.96927, 0.97244, 0.96908, 0.97116, 
0.96722, 0.96986, 0.1631, 0.1358, 0.1661, 0.1769, 0.2723, 0.2357, 
0.3249, 0.2659, 0.2802, 0.3188, 0.3439, 147.3, 163.5, 177.5, 
192.5, 202.4, 226.1, 224.1, 244.8, 231.7, 265.8, 273.3, 641, 
1839, 942, 335, 771, 119, 319, 1079, 1290, 388, 977, 27, 4, 42, 
101, 15, 304, 41, 52, 51, 326, 42, 100, 100, 100, 100, 100, 100, 
100, 100, 100, 100, 100, 2500, 2500, 2500, 2500, 2500, 2500, 
2500, 2500, 2500, 2500, 2500, 13299.698, 13200.856, 14167.496, 
14789.143, 16122.846, 16260.369, 18071.74, 16533.761, 17736.489, 
19050.03, 16260.1800000001, 13.83823, 11.03972, 10.655, 9.14323, 
13.5738, 3.58797, 14.91737, 3.43096, 4.83587, 2.90478, 5.4315, 
-10.71868, -10.66328, -9.91771, -8.86009, -12.48836, -3.83682, 
-12.09276, -4.02996, -4.15353, -3.36111, -5.00944, 0, 0, 0, 0, 
0, 0, 0, 0, 0, 0, 0, 0, 0, 0, 0, 0, 0, 0, 0, 0, 0, 0, 0.97082, 
0.97289, 0.97245, 0.97206, 0.9722, 0.97187, 0.97244, 0.97214, 
0.97585, 0.96892, 0.96889, 0.97083, 0.97053, 0.96974, 0.96906, 
0.9722, 0.97101, 0.97244, 0.96908, 0.97152, 0.96654, 0.96921, 
0.1589, 0.1356, 0.1604, 0.1764, 0.223, 0.2132, 0.3406, 0.2627, 
0.2799, 0.3142, 0.3602, 147.4, 163.5, 176.9, 191.9, 208.5, 213.6, 
223.9, 244.5, 232.9, 267, 281.5, 61, 103, 804, 95, 294, 2015, 
2281, 428, 2497, 21, 1166, 1, 1, 1, 4, 6, 1, 1, 1, 1, 2, 2, 100, 
100, 100, 100, 100, 100, 100, 100, 100, 100, 100, 2500, 2500, 
2500, 2500, 2500, 2500, 2500, 2500, 2500, 2500, 2500, 15111.311, 
15906.445, 17296.49, 18878.111, 19932.733, 21398.169, 22897.899, 
24560.731, 26701.944, 28483.437, 27746.185, 1, 1, 1, 1, 1, 1, 
1, 1, 1, 1, 1, 0.04, 0.04, 0.04, 0.04, 0.04, 0.04, 0.04, 0.04, 
0.04, 0.04, 0.04, 0, 0, 0, 0, 0, 0, 0, 0, 0, 0, 0, 0, 0, 0, 0, 
0, 0, 0, 0, 0, 0, 0, 0.94292, 0.94871, 0.94758, 0.95209, 0.95274, 
0.95416, 0.95945, 0.95573, 0.95639, 0.95287, 0.95561, 0.94098, 
0.94636, 0.94918, 0.95059, 0.95227, 0.95544, 0.95905, 0.95802, 
0.95603, 0.95492, 0.9569, 0.1347, 0.1506, 0.1791, 0.2018, 0.2291, 
0.2574, 0.2808, 0.3176, 0.3499, 0.3767, 0.4184, 224.5, 232.8, 
249.6, 269.1, 287.7, 304, 314.5, 339.6, 353, 368.5, 384.6, 1, 
1, 1, 1, 1, 1, 1, 1, 1, 1, 1, 1, 1, 1, 1, 1, 1, 1, 1, 1, 1, 1, 
1, 1, 1, 1, 1, 1, 1, 1, 1, 1, 1, 1, 1, 1, 1, 1, 1, 1, 1, 1, 1, 
1, 5.197, 5.424, 5.704, 5.867, 6.121, 6.425, 6.714, 7.018, 7.351, 
7.433, 7.182), .Dim = c(11L, 40L), .Dimnames = list(NULL, c("Sampling", 
"PSO.cost", "PSO.gamma", "PSO.data.balancing", "PSO.feature.selection", 
"PSO.valid.acc", "PSO.test.acc", "PSO.train.time", "PSO.n.support.vectors", 
"PSO.index", "PSO.n.solutions", "PSO.generations", "PSO.n.evaluations", 
"PSO.cpu.time", "RS.cost", "RS.gamma", "RS.data.balancing", "RS.feature.selection", 
"RS.valid.acc", "RS.test.acc", "RS.train.time", "RS.n.support.vectors", 
"RS.index", "RS.n.solutions", "RS.generations", "RS.n.evaluations", 
"RS.cpu.time", "DF.cost", "DF.gamma", "DF.data.balancing", "DF.feature.selection", 
"DF.valid.acc", "DF.test.acc", "DF.train.time", "DF.n.support.vectors", 
"DF.index", "DF.n.solutions", "DF.generations", "DF.n.evaluations", 
"DF.cpu.time")))
