full <-
structure(c(50, 55, 60, 65, 70, 75, 80, 85, 90, 95, 100, 10.45099, 
2.75978, 1.1353, 3.3578, 2.62629, 1.75344, 2.03616, 3.76183, 
3.28592, 1.43784, 0.68584, -9.70179, -3.11133, -3.11158, -2.80445, 
-3.37212, -2.71795, -2.4062, -3.72914, -1.82926, -1.70351, -1.15893, 
0, 0, 0, 0, 0, 0, 0, 0, 0, 0, 0, 0, 0, 0, 0, 0, 0, 0, 0, 0, 0, 
0, 0.96953, 0.97228, 0.96702, 0.96805, 0.96989, 0.97231, 0.96837, 
0.97023, 0.96936, 0.96995, 0.96856, 0.96887, 0.96462, 0.96431, 
0.96207, 0.96895, 0.96929, 0.96229, 0.96908, 0.96828, 0.96892, 
0.96758, 0.1562, 0.1666, 0.2077, 0.2134, 0.252, 0.3139, 0.3706, 
0.3332, 0.3744, 0.5737, 0.8077, 143.8, 159.6, 210.1, 170.2, 211.1, 
256.4, 274.5, 232.2, 256.3, 384.2, 528.8, 786, 872, 1976, 1243, 
717, 978, 555, 2034, 1911, 649, 640, 117, 79, 1, 62, 180, 282, 
531, 64, 12, 542, 366, 100, 100, 100, 100, 100, 100, 100, 100, 
100, 100, 100, 2500, 2500, 2500, 2500, 2500, 2500, 2500, 2500, 
2500, 2500, 2500, 12218.496, 12080.778, 15143.512, 14620.172, 
13756.602, 15483.775, 16830.252, 16341.298, 18122.007, 21982.547, 
26854.485, 1.13442, 2.81085, 13.07062, 0.79107, 0.91125, 1.86324, 
1.7479, 4.06412, 4.74209, 1.57316, 0.67101, -1.81299, -3.21443, 
-11.416, -1.83956, -2.856, -2.87272, -2.47108, -3.74882, -2.24529, 
-1.78259, -0.80899, 0, 0, 0, 0, 0, 0, 0, 0, 0, 0, 0, 0, 0, 0, 
0, 0, 0, 0, 0, 0, 0, 0, 0.96951, 0.97169, 0.96649, 0.96756, 0.96942, 
0.97015, 0.96755, 0.97023, 0.96792, 0.96961, 0.96791, 0.96757, 
0.9652, 0.96811, 0.96656, 0.96524, 0.96972, 0.96269, 0.96946, 
0.96576, 0.96926, 0.96629, 0.2171, 0.1676, 0.227, 0.3018, 0.2649, 
0.3018, 0.3381, 0.3367, 0.3272, 0.5174, 0.9531, 246.7, 159.3, 
177.4, 294.1, 244.9, 249.1, 275.3, 227.3, 210.4, 367.5, 621.7, 
2268, 278, 1179, 1936, 2272, 2186, 2364, 2383, 1662, 1219, 581, 
2, 1, 1, 5, 1, 2, 2, 1, 12, 1, 1, 100, 100, 100, 100, 100, 100, 
100, 100, 100, 100, 100, 2500, 2500, 2500, 2500, 2500, 2500, 
2500, 2500, 2500, 2500, 2500, 14665.844, 16031.363, 17520.003, 
18500.837, 20215.748, 22017.525, 23833.499, 25628.695, 27435.906, 
30350.877, 33720.633, 1, 1, 1, 1, 1, 1, 1, 1, 1, 1, 1, 0.04, 
0.04, 0.04, 0.04, 0.04, 0.04, 0.04, 0.04, 0.04, 0.04, 0.04, 0, 
0, 0, 0, 0, 0, 0, 0, 0, 0, 0, 0, 0, 0, 0, 0, 0, 0, 0, 0, 0, 0, 
0.95202, 0.95341, 0.95295, 0.9521, 0.95225, 0.95242, 0.95255, 
0.95344, 0.95313, 0.95424, 0.95623, 0.95526, 0.95459, 0.95403, 
0.9536, 0.95458, 0.95372, 0.95255, 0.95382, 0.95458, 0.95355, 
0.95558, 0.1714, 0.2041, 0.2389, 0.2597, 0.2962, 0.3222, 0.3766, 
0.4041, 0.451, 0.4917, 0.5387, 216.6, 232.7, 247.4, 259.1, 280.1, 
297.4, 311.1, 326.7, 347, 363.3, 386.1, 1, 1, 1, 1, 1, 1, 1, 
1, 1, 1, 1, 1, 1, 1, 1, 1, 1, 1, 1, 1, 1, 1, 1, 1, 1, 1, 1, 1, 
1, 1, 1, 1, 1, 1, 1, 1, 1, 1, 1, 1, 1, 1, 1, 1, 4.532, 4.898, 
5.291, 5.49, 5.779, 6.279, 6.742, 6.878, 7.655, 8.027, 8.524), .Dim = c(11L, 
40L), .Dimnames = list(NULL, c("Sampling", "PSO.cost", "PSO.gamma", 
"PSO.data.balancing", "PSO.feature.selection", "PSO.valid.acc", 
"PSO.test.acc", "PSO.train.time", "PSO.n.support.vectors", "PSO.index", 
"PSO.n.solutions", "PSO.generations", "PSO.n.evaluations", "PSO.cpu.time", 
"RS.cost", "RS.gamma", "RS.data.balancing", "RS.feature.selection", 
"RS.valid.acc", "RS.test.acc", "RS.train.time", "RS.n.support.vectors", 
"RS.index", "RS.n.solutions", "RS.generations", "RS.n.evaluations", 
"RS.cpu.time", "DF.cost", "DF.gamma", "DF.data.balancing", "DF.feature.selection", 
"DF.valid.acc", "DF.test.acc", "DF.train.time", "DF.n.support.vectors", 
"DF.index", "DF.n.solutions", "DF.generations", "DF.n.evaluations", 
"DF.cpu.time")))
