full <-
structure(c(50, 55, 60, 65, 70, 75, 80, 85, 90, 95, 100, 13.90789, 
1.56987, 5.00625, 6.18992, 2.33944, 14.8278, 3.43163, 5.3277, 
15, 7.50448, 1.58789, -11.49176, -1.94032, -4.05957, -4.43644, 
-4.05357, -12.75216, -4.06697, -4.58064, -12.55894, -5.58922, 
-2.47741, 0, 0, 0, 0, 0, 0, 0, 0, 0, 0, 0, 0, 0, 0, 0, 0, 0, 
0, 0, 0, 0, 0, 0.97209, 0.97168, 0.97136, 0.97106, 0.97219, 0.97275, 
0.96878, 0.96794, 0.96936, 0.96961, 0.96954, 0.9695, 0.96933, 
0.9665, 0.96557, 0.96988, 0.96929, 0.96676, 0.96603, 0.96828, 
0.96619, 0.96661, 0.1215, 0.1576, 0.1435, 0.1635, 0.1906, 0.2767, 
0.2469, 0.2706, 0.4277, 0.3487, 0.3716, 130.6, 231.3, 161.9, 
168, 222.4, 222.7, 245.2, 243.9, 276.8, 264.7, 317.6, 148, 154, 
594, 1081, 918, 18, 575, 732, 1319, 1123, 1969, 176, 151, 115, 
78, 190, 64, 143, 77, 2, 54, 23, 100, 100, 100, 100, 100, 100, 
100, 100, 100, 100, 100, 2500, 2500, 2500, 2500, 2500, 2500, 
2500, 2500, 2500, 2500, 2500, 9833.302, 11706.141, 12248.096, 
10878.934, 11861.009, 13423.91, 15465.541, 20681.686, 19695.931, 
19035.601, 18746.183, 2.90355, 1.66379, 4.91137, 5.59923, 2.14686, 
14.25138, 3.32524, 3.00494, 1.89344, 7.80109, 2.38101, -3.03204, 
-2.10833, -4.03497, -4.24386, -3.846, -12.41075, -4.02531, -3.3994, 
-3.02694, -5.19401, -3.41442, 0, 0, 0, 0, 0, 0, 0, 0, 0, 0, 0, 
0, 0, 0, 0, 0, 0, 0, 0, 0, 0, 0, 0.97403, 0.97109, 0.97136, 0.97056, 
0.97173, 0.97275, 0.96797, 0.96794, 0.96972, 0.96892, 0.96889, 
0.96947, 0.9705, 0.9665, 0.96707, 0.97034, 0.96929, 0.96635, 
0.96565, 0.969, 0.96551, 0.96726, 0.0975, 0.1482, 0.1431, 0.1635, 
0.192, 0.2676, 0.2442, 0.2732, 0.2959, 0.3587, 0.3439, 135.5, 
215, 162, 170.5, 222.6, 223.1, 245.4, 258.4, 274.7, 252.4, 291.4, 
949, 152, 1714, 2349, 1875, 177, 2396, 40, 2325, 396, 1282, 1, 
2, 1, 1, 1, 1, 3, 2, 1, 1, 1, 100, 100, 100, 100, 100, 100, 100, 
100, 100, 100, 100, 2500, 2500, 2500, 2500, 2500, 2500, 2500, 
2500, 2500, 2500, 2500, 11765.431, 13065.121, 14452.46, 15817.632, 
17131.366, 18546.544, 22192.858, 24016.021, 25629.627, 27647.455, 
29322.785, 1, 1, 1, 1, 1, 1, 1, 1, 1, 1, 1, 0.04, 0.04, 0.04, 
0.04, 0.04, 0.04, 0.04, 0.04, 0.04, 0.04, 0.04, 0, 0, 0, 0, 0, 
0, 0, 0, 0, 0, 0, 0, 0, 0, 0, 0, 0, 0, 0, 0, 0, 0, 0.95458, 0.95694, 
0.95244, 0.95358, 0.95505, 0.95546, 0.955, 0.95152, 0.9553, 0.9539, 
0.95592, 0.95652, 0.954, 0.95189, 0.95308, 0.95597, 0.95459, 
0.95419, 0.9519, 0.95567, 0.95561, 0.95689, 0.1248, 0.145, 0.1741, 
0.1985, 0.2248, 0.2535, 0.2846, 0.3188, 0.3502, 0.3828, 0.4124, 
211.4, 230, 252, 272.8, 289.8, 307, 327.3, 344.3, 358.9, 376.5, 
386.1, 1, 1, 1, 1, 1, 1, 1, 1, 1, 1, 1, 1, 1, 1, 1, 1, 1, 1, 
1, 1, 1, 1, 1, 1, 1, 1, 1, 1, 1, 1, 1, 1, 1, 1, 1, 1, 1, 1, 1, 
1, 1, 1, 1, 1, 3.873, 4.01, 4.406, 4.632, 4.903, 5.187, 6.246, 
6.703, 6.992, 7.348, 7.767), .Dim = c(11L, 40L), .Dimnames = list(
    NULL, c("Sampling", "PSO.cost", "PSO.gamma", "PSO.data.balancing", 
    "PSO.feature.selection", "PSO.valid.acc", "PSO.test.acc", 
    "PSO.train.time", "PSO.n.support.vectors", "PSO.index", "PSO.n.solutions", 
    "PSO.generations", "PSO.n.evaluations", "PSO.cpu.time", "RS.cost", 
    "RS.gamma", "RS.data.balancing", "RS.feature.selection", 
    "RS.valid.acc", "RS.test.acc", "RS.train.time", "RS.n.support.vectors", 
    "RS.index", "RS.n.solutions", "RS.generations", "RS.n.evaluations", 
    "RS.cpu.time", "DF.cost", "DF.gamma", "DF.data.balancing", 
    "DF.feature.selection", "DF.valid.acc", "DF.test.acc", "DF.train.time", 
    "DF.n.support.vectors", "DF.index", "DF.n.solutions", "DF.generations", 
    "DF.n.evaluations", "DF.cpu.time")))
