full <-
structure(c(50, 55, 60, 65, 70, 75, 80, 85, 90, 95, 100, 3.28423, 
11.81584, 2.6152, 1.77659, 10.08245, 3.13891, 1.84976, 3.75093, 
1.81913, 4.99874, 1.51566, -3.31182, -11.50776, -2.42599, -2.44688, 
-8.42851, -3.93693, -2.64238, -3.90205, -2.59699, -4.37571, -2.41884, 
0, 0, 0, 0, 0, 0, 0, 0, 0, 0, 0, 0, 0, 0, 0, 0, 0, 0, 0, 0, 0, 
0, 0.97794, 0.9741, 0.97569, 0.97305, 0.97174, 0.96972, 0.97202, 
0.97061, 0.96864, 0.972, 0.97082, 0.97274, 0.96938, 0.97244, 
0.97205, 0.96478, 0.96669, 0.97, 0.96985, 0.9654, 0.9679, 0.96856, 
0.1441, 0.1823, 0.208, 0.2686, 0.2873, 0.3003, 0.3227, 0.3379, 
0.4551, 0.4692, 0.5596, 141.9, 161, 192.6, 238.2, 202, 219.9, 
242.6, 233.6, 290.8, 256.2, 327.3, 1198, 408, 861, 1028, 434, 
1311, 693, 1650, 1433, 1116, 2239, 49, 62, 62, 56, 114, 243, 
340, 22, 54, 74, 2, 100, 100, 100, 100, 100, 100, 100, 100, 100, 
100, 100, 2500, 2500, 2500, 2500, 2500, 2500, 2500, 2500, 2500, 
2500, 2500, 13421.256, 13574.276, 17186.3, 16350.909, 17661.984, 
20067.771, 20209.709, 19898.356, 22978.978, 23802.617, 27732.818, 
3.99415, 12.12985, 2.88557, 1.75747, 8.96954, 0.90573, 1.90581, 
3.85602, 6.95321, 4.05435, 1.31471, -3.63451, -11.71462, -2.60696, 
-2.38557, -7.97568, -1.36678, -2.65345, -3.79034, -4.45482, -3.90536, 
-2.91776, 0, 0, 0, 0, 0, 0, 0, 0, 0, 0, 0, 0, 0, 0, 0, 0, 0, 
0, 0, 0, 0, 0, 0.97663, 0.97351, 0.97461, 0.97205, 0.97173, 0.96972, 
0.97162, 0.96908, 0.96792, 0.97132, 0.97018, 0.97209, 0.96998, 
0.97082, 0.97105, 0.96479, 0.96583, 0.97121, 0.96947, 0.96576, 
0.96858, 0.96791, 0.1409, 0.1841, 0.2091, 0.2579, 0.2955, 0.447, 
0.3191, 0.3274, 0.4188, 0.4501, 0.5313, 136.1, 160, 179.9, 240.7, 
204.3, 391.5, 241.2, 228.4, 224.7, 258.3, 311.2, 1424, 1075, 
1174, 1993, 1402, 2161, 831, 1035, 908, 1501, 1570, 1, 1, 1, 
1, 2, 2, 1, 2, 1, 1, 1, 100, 100, 100, 100, 100, 100, 100, 100, 
100, 100, 100, 2500, 2500, 2500, 2500, 2500, 2500, 2500, 2500, 
2500, 2500, 2500, 14798.131, 18178.2, 20059.867, 21745.005, 23519.31, 
26021.904, 28416.86, 29751.86, 34213.373, 37061.896, 42350.749, 
1, 1, 1, 1, 1, 1, 1, 1, 1, 1, 1, 0.04, 0.04, 0.04, 0.04, 0.04, 
0.04, 0.04, 0.04, 0.04, 0.04, 0.04, 0, 0, 0, 0, 0, 0, 0, 0, 0, 
0, 0, 0, 0, 0, 0, 0, 0, 0, 0, 0, 0, 0, 0.95524, 0.95402, 0.95298, 
0.95459, 0.95551, 0.95372, 0.95661, 0.95534, 0.95494, 0.95765, 
0.95656, 0.95263, 0.95521, 0.95514, 0.95408, 0.95412, 0.95371, 
0.95662, 0.95763, 0.95349, 0.95697, 0.95656, 0.1668, 0.201, 0.2457, 
0.2543, 0.2942, 0.329, 0.3706, 0.4207, 0.4803, 0.5612, 0.5831, 
209.3, 231.5, 246.3, 268.6, 286.8, 305.8, 322.3, 334.8, 355.1, 
371.9, 386.9, 1, 1, 1, 1, 1, 1, 1, 1, 1, 1, 1, 1, 1, 1, 1, 1, 
1, 1, 1, 1, 1, 1, 1, 1, 1, 1, 1, 1, 1, 1, 1, 1, 1, 1, 1, 1, 1, 
1, 1, 1, 1, 1, 1, 1, 4.955, 5.71, 6.732, 6.195, 6.851, 7.224, 
8.226, 8.394, 9.489, 10.996, 10.907), .Dim = c(11L, 40L), .Dimnames = list(
    NULL, c("Sampling", "PSO.cost", "PSO.gamma", "PSO.data.balancing", 
    "PSO.feature.selection", "PSO.valid.acc", "PSO.test.acc", 
    "PSO.train.time", "PSO.n.support.vectors", "PSO.index", "PSO.n.solutions", 
    "PSO.generations", "PSO.n.evaluations", "PSO.cpu.time", "RS.cost", 
    "RS.gamma", "RS.data.balancing", "RS.feature.selection", 
    "RS.valid.acc", "RS.test.acc", "RS.train.time", "RS.n.support.vectors", 
    "RS.index", "RS.n.solutions", "RS.generations", "RS.n.evaluations", 
    "RS.cpu.time", "DF.cost", "DF.gamma", "DF.data.balancing", 
    "DF.feature.selection", "DF.valid.acc", "DF.test.acc", "DF.train.time", 
    "DF.n.support.vectors", "DF.index", "DF.n.solutions", "DF.generations", 
    "DF.n.evaluations", "DF.cpu.time")))
