full <-
structure(c(50, 55, 60, 65, 70, 75, 80, 85, 90, 95, 100, 1.31765, 
5.34458, 1.96329, 2.29534, 3.84673, 3.84912, 1.10353, 4.4288, 
2.69914, 2.53153, 5.09777, -1.88561, -4.79571, -2.91672, -3.35918, 
-4.32872, -3.04339, -1.64045, -4.44003, -3.29911, -2.76466, -3.43386, 
0, 0, 0, 0, 0, 0, 0, 0, 0, 0, 0, 0, 0, 0, 0, 0, 0, 0, 0, 0, 0, 
0, 0.96757, 0.96815, 0.96865, 0.97156, 0.96897, 0.97015, 0.9708, 
0.97328, 0.97081, 0.96859, 0.96986, 0.96498, 0.96166, 0.96271, 
0.96858, 0.96851, 0.96756, 0.96918, 0.96984, 0.96756, 0.96858, 
0.96434, 0.2158, 0.1836, 0.2016, 0.2159, 0.243, 0.2626, 0.4307, 
0.3392, 0.3874, 0.4097, 0.4421, 255.5, 164.8, 201, 205.3, 205.6, 
197.7, 360.9, 231.4, 253.1, 273.2, 245.4, 2214, 596, 1667, 266, 
480, 549, 1574, 2277, 1117, 742, 1830, 36, 169, 21, 741, 119, 
380, 17, 3, 43, 487, 13, 100, 100, 100, 100, 100, 100, 100, 100, 
100, 100, 100, 2500, 2500, 2500, 2500, 2500, 2500, 2500, 2500, 
2500, 2500, 2500, 12118.836, 11726.187, 12301.605, 12736.676, 
13962.642, 14348.752, 17721.944, 17753.9, 17653.17, 19725.521, 
19143.199, 2.01918, -0.02044, 2.91114, 3.52255, 4.32258, 3.73274, 
1.11136, 3.74237, 3.38083, 3.54077, 4.10466, -2.3396, -1.24128, 
-3.30494, -3.43405, -4.51156, -2.93942, -1.66567, -4.14607, -3.52689, 
-3.02696, -3.36009, 0, 0, 0, 0, 0, 0, 0, 0, 0, 0, 0, 0, 0, 0, 
0, 0, 0, 0, 0, 0, 0, 0, 0.96693, 0.96815, 0.96757, 0.97006, 0.96897, 
0.96972, 0.9704, 0.97176, 0.97081, 0.9679, 0.96856, 0.96498, 
0.9658, 0.96163, 0.96757, 0.96758, 0.96799, 0.96918, 0.97061, 
0.96792, 0.96961, 0.96758, 0.172, 0.3202, 0.2015, 0.2227, 0.2451, 
0.2626, 0.4557, 0.3261, 0.3594, 0.408, 0.4249, 197.4, 366.1, 
189.5, 191.6, 202, 198.2, 358.1, 234.6, 244, 251.3, 259.5, 13, 
922, 619, 2193, 2097, 1629, 1404, 181, 1419, 1813, 519, 4, 1, 
3, 3, 3, 2, 1, 1, 1, 1, 3, 100, 100, 100, 100, 100, 100, 100, 
100, 100, 100, 100, 2500, 2500, 2500, 2500, 2500, 2500, 2500, 
2500, 2500, 2500, 2500, 14480.115, 15859.302, 17000.218, 18353.646, 
20431.45, 22377.662, 23815.709, 25362.029, 27053.878, 31323.156, 
33446.739, 1, 1, 1, 1, 1, 1, 1, 1, 1, 1, 1, 0.04, 0.04, 0.04, 
0.04, 0.04, 0.04, 0.04, 0.04, 0.04, 0.04, 0.04, 0, 0, 0, 0, 0, 
0, 0, 0, 0, 0, 0, 0, 0, 0, 0, 0, 0, 0, 0, 0, 0, 0, 0.94682, 0.94927, 
0.94431, 0.95011, 0.9509, 0.95328, 0.95579, 0.95649, 0.95531, 
0.95527, 0.95527, 0.94617, 0.94691, 0.94539, 0.94911, 0.95044, 
0.95198, 0.95457, 0.95649, 0.9546, 0.95459, 0.95462, 0.171, 0.204, 
0.2267, 0.258, 0.2884, 0.3341, 0.3703, 0.4113, 0.4307, 0.505, 
0.5297, 219.5, 233.7, 252.8, 269.5, 285.5, 303.2, 314.5, 325.6, 
353.3, 371.5, 384.9, 1, 1, 1, 1, 1, 1, 1, 1, 1, 1, 1, 1, 1, 1, 
1, 1, 1, 1, 1, 1, 1, 1, 1, 1, 1, 1, 1, 1, 1, 1, 1, 1, 1, 1, 1, 
1, 1, 1, 1, 1, 1, 1, 1, 1, 4.294, 4.764, 4.918, 5.269, 5.683, 
6.136, 6.573, 7.195, 7.077, 8.1, 8.503), .Dim = c(11L, 40L), .Dimnames = list(
    NULL, c("Sampling", "PSO.cost", "PSO.gamma", "PSO.data.balancing", 
    "PSO.feature.selection", "PSO.valid.acc", "PSO.test.acc", 
    "PSO.train.time", "PSO.n.support.vectors", "PSO.index", "PSO.n.solutions", 
    "PSO.generations", "PSO.n.evaluations", "PSO.cpu.time", "RS.cost", 
    "RS.gamma", "RS.data.balancing", "RS.feature.selection", 
    "RS.valid.acc", "RS.test.acc", "RS.train.time", "RS.n.support.vectors", 
    "RS.index", "RS.n.solutions", "RS.generations", "RS.n.evaluations", 
    "RS.cpu.time", "DF.cost", "DF.gamma", "DF.data.balancing", 
    "DF.feature.selection", "DF.valid.acc", "DF.test.acc", "DF.train.time", 
    "DF.n.support.vectors", "DF.index", "DF.n.solutions", "DF.generations", 
    "DF.n.evaluations", "DF.cpu.time")))
