full <-
structure(c(50, 55, 60, 65, 70, 75, 80, 85, 90, 95, 100, 9.81422, 
5.11107, 8.28101, 9.49741, 12.83981, 4.24296, 5.57853, 3.12854, 
4.54042, 6.3968, 3.0487, -8.01921, -4.79059, -8.29227, -8.39192, 
-10.1043, -4.18105, -5.1233, -3.44114, -3.70733, -4.02565, -3.44328, 
0, 0, 0, 0, 0, 0, 0, 0, 0, 0, 0, 0, 0, 0, 0, 0, 0, 0, 0, 0, 0, 
0, 0.97147, 0.96934, 0.96865, 0.97055, 0.97173, 0.97059, 0.96875, 
0.97098, 0.97117, 0.97097, 0.96855, 0.96629, 0.96463, 0.96487, 
0.96656, 0.96988, 0.96929, 0.96753, 0.96679, 0.96612, 0.96823, 
0.9679, 0.1507, 0.1601, 0.1906, 0.2198, 0.2768, 0.2558, 0.2938, 
0.3175, 0.3318, 0.3857, 0.4284, 136.1, 152.3, 172.8, 174.6, 173.3, 
201.7, 221.9, 231.4, 229.5, 227.1, 279.6, 424, 1412, 809, 78, 
777, 1025, 953, 634, 568, 515, 1169, 277, 46, 230, 242, 16, 109, 
127, 178, 243, 71, 55, 100, 100, 100, 100, 100, 100, 100, 100, 
100, 100, 100, 2500, 2500, 2500, 2500, 2500, 2500, 2500, 2500, 
2500, 2500, 2500, 9737.46, 10889.705, 11767.396, 12373.346, 16845.77, 
13705.632, 15276.507, 15751.708, 16412.017, 17537.018, 22104.519, 
2.61129, 5.15887, 8.35408, 8.25441, 4.52514, 4.4776, 5.82891, 
3.62354, 5.09231, 6.41136, 3.01321, -3.76479, -4.81053, -8.41017, 
-8.90062, -2.68964, -3.69908, -5.20284, -3.6292, -3.83958, -4.03731, 
-3.40111, 0, 0, 0, 0, 0, 0, 0, 0, 0, 0, 0, 0, 0, 0, 0, 0, 0, 
0, 0, 0, 0, 0, 0.97148, 0.96934, 0.96811, 0.97005, 0.97128, 0.96972, 
0.96794, 0.97059, 0.97045, 0.97097, 0.96855, 0.96565, 0.96404, 
0.96487, 0.96707, 0.96757, 0.96886, 0.96672, 0.96831, 0.96648, 
0.96789, 0.9679, 0.1419, 0.1646, 0.1893, 0.2241, 0.2111, 0.2532, 
0.2987, 0.3063, 0.3428, 0.3677, 0.4265, 158.9, 152.1, 172.9, 
188.8, 172.3, 192.8, 220.8, 225.4, 224.7, 227.7, 278.3, 2281, 
2003, 1119, 1931, 402, 1996, 326, 1664, 1832, 1396, 2430, 1, 
1, 1, 2, 2, 5, 1, 1, 3, 1, 1, 100, 100, 100, 100, 100, 100, 100, 
100, 100, 100, 100, 2500, 2500, 2500, 2500, 2500, 2500, 2500, 
2500, 2500, 2500, 2500, 13433.23, 14351.593, 15853.653, 17258.622, 
18933.492, 20061.074, 22243.367, 24328.886, 26221.36, 28372.382, 
31304.681, 1, 1, 1, 1, 1, 1, 1, 1, 1, 1, 1, 0.04, 0.04, 0.04, 
0.04, 0.04, 0.04, 0.04, 0.04, 0.04, 0.04, 0.04, 0, 0, 0, 0, 0, 
0, 0, 0, 0, 0, 0, 0, 0, 0, 0, 0, 0, 0, 0, 0, 0, 0, 0.95461, 0.95519, 
0.95299, 0.95658, 0.96016, 0.96106, 0.957, 0.95954, 0.95603, 
0.9556, 0.95656, 0.95202, 0.95341, 0.95355, 0.95658, 0.96016, 
0.95977, 0.95943, 0.95878, 0.9571, 0.95559, 0.95624, 0.1613, 
0.1805, 0.2072, 0.2414, 0.2771, 0.2994, 0.3415, 0.3622, 0.4137, 
0.4327, 0.5188, 211.2, 225.3, 244, 261.5, 272.6, 289.7, 310.6, 
322.2, 344.1, 364.6, 387.8, 1, 1, 1, 1, 1, 1, 1, 1, 1, 1, 1, 
1, 1, 1, 1, 1, 1, 1, 1, 1, 1, 1, 1, 1, 1, 1, 1, 1, 1, 1, 1, 1, 
1, 1, 1, 1, 1, 1, 1, 1, 1, 1, 1, 1, 4.146, 4.407, 4.468, 5.192, 
5.584, 5.802, 6.116, 6.417, 6.709, 7.093, 8.086), .Dim = c(11L, 
40L), .Dimnames = list(NULL, c("Sampling", "PSO.cost", "PSO.gamma", 
"PSO.data.balancing", "PSO.feature.selection", "PSO.valid.acc", 
"PSO.test.acc", "PSO.train.time", "PSO.n.support.vectors", "PSO.index", 
"PSO.n.solutions", "PSO.generations", "PSO.n.evaluations", "PSO.cpu.time", 
"RS.cost", "RS.gamma", "RS.data.balancing", "RS.feature.selection", 
"RS.valid.acc", "RS.test.acc", "RS.train.time", "RS.n.support.vectors", 
"RS.index", "RS.n.solutions", "RS.generations", "RS.n.evaluations", 
"RS.cpu.time", "DF.cost", "DF.gamma", "DF.data.balancing", "DF.feature.selection", 
"DF.valid.acc", "DF.test.acc", "DF.train.time", "DF.n.support.vectors", 
"DF.index", "DF.n.solutions", "DF.generations", "DF.n.evaluations", 
"DF.cpu.time")))
