full <-
structure(c(50, 55, 60, 65, 70, 75, 80, 85, 90, 95, 100, 3.57403, 
7.97906, 4.07445, 2.22077, 4.85429, 14.04048, 5.50557, 0.67702, 
2.76584, 7.6925, 5.07112, -4.35189, -8.912, -3.61494, -2.89781, 
-4.89753, -11.191, -4.35669, -1.72764, -3.12985, -5.38924, -4.22456, 
0, 0, 0, 0, 0, 0, 0, 0, 0, 0, 0, 0, 0, 0, 0, 0, 0, 0, 0, 0, 0, 
0, 0.97081, 0.9723, 0.97189, 0.96858, 0.97219, 0.97144, 0.97081, 
0.9691, 0.97116, 0.97063, 0.96985, 0.96822, 0.96876, 0.96377, 
0.96808, 0.96987, 0.96841, 0.96595, 0.96757, 0.96792, 0.96585, 
0.96855, 0.1473, 0.1805, 0.19, 0.2334, 0.2415, 0.358, 0.2931, 
0.4808, 0.361, 0.4499, 0.459, 154.1, 172.6, 165.7, 208.6, 199.4, 
205.5, 209.9, 375.7, 247.4, 250.6, 266.7, 934, 963, 297, 892, 
1505, 146, 988, 77, 943, 2208, 1400, 103, 74, 110, 101, 59, 185, 
38, 63, 178, 2, 26, 100, 100, 100, 100, 100, 100, 100, 100, 100, 
100, 100, 2500, 2500, 2500, 2500, 2500, 2500, 2500, 2500, 2500, 
2500, 2500, 11260.758, 11772.839, 14180.998, 14569.57, 14021.271, 
16885.505, 15722.915, 21768.884, 19239.597, 18957.091, 19943.472, 
3.13986, 8.79215, 8.18199, 1.32758, 3.83643, 14.25823, 6.88364, 
14.85307, 2.81548, 5.88426, 3.69694, -4.17128, -9.71188, -7.21724, 
-1.96241, -4.446, -11.32456, -5.73022, -13.76578, -3.42089, -4.52032, 
-4.17286, 0, 0, 0, 0, 0, 0, 0, 0, 0, 0, 0, 0, 0, 0, 0, 0, 0, 
0, 0, 0, 0, 0, 0.97016, 0.97112, 0.97191, 0.96757, 0.9708, 0.97144, 
0.97081, 0.9691, 0.97044, 0.96961, 0.96952, 0.96951, 0.96759, 
0.96811, 0.96808, 0.96986, 0.96798, 0.96595, 0.9668, 0.96792, 
0.96858, 0.96725, 0.1455, 0.1835, 0.2195, 0.2659, 0.2524, 0.3527, 
0.3232, 0.387, 0.3581, 0.418, 0.4943, 157.9, 172.5, 173.4, 256.1, 
204.9, 205.3, 223.9, 243, 249.6, 250.5, 284.6, 184, 1587, 1243, 
991, 2008, 286, 361, 1024, 33, 746, 1756, 5, 5, 1, 1, 3, 2, 2, 
1, 2, 5, 1, 100, 100, 100, 100, 100, 100, 100, 100, 100, 100, 
100, 2500, 2500, 2500, 2500, 2500, 2500, 2500, 2500, 2500, 2500, 
2500, 14477.47, 16230.923, 17667.948, 19273.267, 20545.302, 22323.337, 
24215.078, 25594.607, 28495.5710000001, 30745.924, 32896.7, 1, 
1, 1, 1, 1, 1, 1, 1, 1, 1, 1, 0.04, 0.04, 0.04, 0.04, 0.04, 0.04, 
0.04, 0.04, 0.04, 0.04, 0.04, 0, 0, 0, 0, 0, 0, 0, 0, 0, 0, 0, 
0, 0, 0, 0, 0, 0, 0, 0, 0, 0, 0, 0.9533, 0.95461, 0.95837, 0.9521, 
0.95689, 0.95674, 0.9562, 0.95802, 0.95784, 0.95663, 0.95753, 
0.95135, 0.95461, 0.95567, 0.95259, 0.95829, 0.95588, 0.95742, 
0.9565, 0.95567, 0.95492, 0.95591, 0.1736, 0.201, 0.2372, 0.2691, 
0.3036, 0.3424, 0.372, 0.3976, 0.4542, 0.523, 0.5737, 227.1, 
238.1, 254.9, 276.6, 290.8, 305.6, 322, 328.7, 347.2, 373.2, 
387.1, 1, 1, 1, 1, 1, 1, 1, 1, 1, 1, 1, 1, 1, 1, 1, 1, 1, 1, 
1, 1, 1, 1, 1, 1, 1, 1, 1, 1, 1, 1, 1, 1, 1, 1, 1, 1, 1, 1, 1, 
1, 1, 1, 1, 1, 4.68, 4.923, 5.494, 5.647, 5.954, 6.45, 6.584, 
6.728, 7.491, 8.263, 8.967), .Dim = c(11L, 40L), .Dimnames = list(
    NULL, c("Sampling", "PSO.cost", "PSO.gamma", "PSO.data.balancing", 
    "PSO.feature.selection", "PSO.valid.acc", "PSO.test.acc", 
    "PSO.train.time", "PSO.n.support.vectors", "PSO.index", "PSO.n.solutions", 
    "PSO.generations", "PSO.n.evaluations", "PSO.cpu.time", "RS.cost", 
    "RS.gamma", "RS.data.balancing", "RS.feature.selection", 
    "RS.valid.acc", "RS.test.acc", "RS.train.time", "RS.n.support.vectors", 
    "RS.index", "RS.n.solutions", "RS.generations", "RS.n.evaluations", 
    "RS.cpu.time", "DF.cost", "DF.gamma", "DF.data.balancing", 
    "DF.feature.selection", "DF.valid.acc", "DF.test.acc", "DF.train.time", 
    "DF.n.support.vectors", "DF.index", "DF.n.solutions", "DF.generations", 
    "DF.n.evaluations", "DF.cpu.time")))
