full <-
structure(c(50, 55, 60, 65, 70, 75, 80, 85, 90, 95, 100, 2.1528, 
9.93045, 1.53412, 2.74084, 1.48066, 1.87477, 1.14167, 1.95014, 
2.12167, 6.82316, 3.61157, -2.50291, -10.643, -2.36968, -1.07193, 
-2.00509, -2.63143, -1.66435, -2.58274, -2.55075, -5.0154, -2.8738, 
0, 0, 0, 0, 0, 0, 0, 0, 0, 0, 0, 0, 0, 0, 0, 0, 0, 0, 0, 0, 0, 
0, 0.97663, 0.96643, 0.97191, 0.97203, 0.97126, 0.96885, 0.96999, 
0.96831, 0.96936, 0.96823, 0.97116, 0.97403, 0.96408, 0.97082, 
0.97153, 0.96756, 0.96626, 0.96756, 0.96527, 0.96828, 0.96516, 
0.96889, 0.1441, 0.1874, 0.2231, 0.3804, 0.321, 0.3138, 0.4288, 
0.3749, 0.4025, 0.4397, 0.4302, 151, 180.8, 220.4, 352.7, 281.6, 
251.8, 355.9, 274.9, 281.9, 257.9, 260.4, 190, 930, 729, 1503, 
969, 636, 767, 1952, 1646, 1416, 795, 410, 323, 134, 22, 214, 
204, 392, 10, 5, 7, 50, 100, 100, 100, 100, 100, 100, 100, 100, 
100, 100, 100, 2500, 2500, 2500, 2500, 2500, 2500, 2500, 2500, 
2500, 2500, 2500, 11553.909, 12615.769, 13307.813, 16599.77, 
15603.566, 16658.051, 18916.241, 19113.125, 19061.225, 20701.874, 
21024.244, 2.87648, 1.19761, 1.67545, 2.99583, 1.94236, 1.85023, 
1.33305, 1.82903, 2.3184, 4.07791, 2.03951, -2.93608, -2.6839, 
-2.34551, -2.3908, -2.06379, -2.43279, -1.8897, -2.47155, -2.66245, 
-3.88232, -2.7315, 0, 0, 0, 0, 0, 0, 0, 0, 0, 0, 0, 0, 0, 0, 
0, 0, 0, 0, 0, 0, 0, 0, 0.97598, 0.96817, 0.97137, 0.97103, 0.97034, 
0.96799, 0.96999, 0.96793, 0.96828, 0.96755, 0.97084, 0.97533, 
0.96698, 0.97028, 0.96904, 0.96755, 0.96712, 0.96756, 0.96488, 
0.96792, 0.96755, 0.96954, 0.1366, 0.172, 0.2184, 0.2472, 0.2966, 
0.3234, 0.3963, 0.3782, 0.4179, 0.4252, 0.4582, 141.8, 184.6, 
217.9, 208.1, 262.1, 257.2, 327.4, 282.5, 275.3, 266.4, 291.9, 
332, 724, 1159, 406, 2466, 1767, 1568, 1044, 2142, 190, 548, 
2, 3, 1, 4, 3, 1, 1, 1, 1, 1, 1, 100, 100, 100, 100, 100, 100, 
100, 100, 100, 100, 100, 2500, 2500, 2500, 2500, 2500, 2500, 
2500, 2500, 2500, 2500, 2500, 14572.992, 16449.126, 17684.165, 
19035.822, 21497.917, 23833.572, 24572.152, 27291.048, 29436.406, 
32283.197, 33529.949, 1, 1, 1, 1, 1, 1, 1, 1, 1, 1, 1, 0.04, 
0.04, 0.04, 0.04, 0.04, 0.04, 0.04, 0.04, 0.04, 0.04, 0.04, 0, 
0, 0, 0, 0, 0, 0, 0, 0, 0, 0, 0, 0, 0, 0, 0, 0, 0, 0, 0, 0, 0, 
0.95524, 0.94992, 0.95246, 0.95509, 0.95553, 0.95544, 0.95579, 
0.95686, 0.95891, 0.95696, 0.95657, 0.95459, 0.95168, 0.95298, 
0.95309, 0.95553, 0.95327, 0.95701, 0.95457, 0.95423, 0.95594, 
0.95689, 0.1652, 0.1941, 0.2367, 0.2582, 0.283, 0.3305, 0.3659, 
0.4039, 0.4723, 0.4952, 0.5407, 208.1, 229.7, 247.8, 262, 280.7, 
297.7, 316.7, 337.3, 357.3, 373.1, 387.3, 1, 1, 1, 1, 1, 1, 1, 
1, 1, 1, 1, 1, 1, 1, 1, 1, 1, 1, 1, 1, 1, 1, 1, 1, 1, 1, 1, 1, 
1, 1, 1, 1, 1, 1, 1, 1, 1, 1, 1, 1, 1, 1, 1, 1, 4.774, 4.932, 
5.366, 5.583, 5.715, 6.352, 6.791, 7.239, 8.169, 8.352, 8.992
), .Dim = c(11L, 40L), .Dimnames = list(NULL, c("Sampling", "PSO.cost", 
"PSO.gamma", "PSO.data.balancing", "PSO.feature.selection", "PSO.valid.acc", 
"PSO.test.acc", "PSO.train.time", "PSO.n.support.vectors", "PSO.index", 
"PSO.n.solutions", "PSO.generations", "PSO.n.evaluations", "PSO.cpu.time", 
"RS.cost", "RS.gamma", "RS.data.balancing", "RS.feature.selection", 
"RS.valid.acc", "RS.test.acc", "RS.train.time", "RS.n.support.vectors", 
"RS.index", "RS.n.solutions", "RS.generations", "RS.n.evaluations", 
"RS.cpu.time", "DF.cost", "DF.gamma", "DF.data.balancing", "DF.feature.selection", 
"DF.valid.acc", "DF.test.acc", "DF.train.time", "DF.n.support.vectors", 
"DF.index", "DF.n.solutions", "DF.generations", "DF.n.evaluations", 
"DF.cpu.time")))
