full <-
structure(c(50, 55, 60, 65, 70, 75, 80, 85, 90, 95, 100, 2.13958, 
0.58357, 2.50841, 1.41471, 2.07929, 2.51463, 3.91626, 4.84772, 
2.37392, 1.72039, 4.41092, -2.77563, -1.42398, -2.49943, -2.87171, 
-2.31049, -1.98988, -3.09276, -3.55847, -3.13526, -2.67828, -4.09002, 
0, 0, 0, 0, 0, 0, 0, 0, 0, 0, 0, 0, 0, 0, 0, 0, 0, 0, 0, 0, 0, 
0, 0.96759, 0.96875, 0.97082, 0.97056, 0.97081, 0.97189, 0.96999, 
0.97137, 0.97008, 0.97063, 0.96985, 0.96627, 0.96757, 0.96812, 
0.96807, 0.96711, 0.97016, 0.96674, 0.96755, 0.96864, 0.96858, 
0.96466, 0.1566, 0.2694, 0.2133, 0.2421, 0.2993, 0.3164, 0.3204, 
0.3445, 0.3966, 0.4585, 0.4999, 170.8, 317.2, 189.5, 221.9, 251.5, 
245.3, 217.8, 223.8, 270.7, 295.9, 270.7, 396, 222, 894, 463, 
1262, 644, 2160, 1085, 540, 2390, 1312, 580, 258, 134, 725, 121, 
85, 7, 174, 53, 1, 87, 100, 100, 100, 100, 100, 100, 100, 100, 
100, 100, 100, 2500, 2500, 2500, 2500, 2500, 2500, 2500, 2500, 
2500, 2500, 2500, 11489.487, 13945.32, 12765.023, 13481.562, 
15082.211, 16032.852, 16579.995, 17183.969, 19013.93, 19983.849, 
21944.132, 2.27042, 0.43015, 2.46621, 1.65855, 1.8879, 2.44145, 
1.25237, 4.96906, 1.44272, 6.77048, 4.60711, -2.80804, -1.79567, 
-2.64968, -2.30259, -2.66508, -1.92566, -2.70312, -3.48558, -2.63132, 
-5.19952, -4.15607, 0, 0, 0, 0, 0, 0, 0, 0, 0, 0, 0, 0, 0, 0, 
0, 0, 0, 0, 0, 0, 0, 0, 0.96759, 0.96817, 0.97028, 0.97056, 0.96803, 
0.97145, 0.96918, 0.97061, 0.96936, 0.96995, 0.96952, 0.96563, 
0.96522, 0.9692, 0.97006, 0.96711, 0.97016, 0.96715, 0.96678, 
0.9672, 0.96824, 0.96433, 0.1533, 0.2517, 0.213, 0.2523, 0.2832, 
0.3483, 0.3595, 0.3506, 0.426, 0.4628, 0.4966, 167.4, 279.1, 
187.3, 234.8, 232.8, 264, 276.7, 220.4, 295.5, 259.2, 269.9, 
457, 488, 843, 96, 590, 1028, 1651, 2008, 1353, 685, 883, 1, 
1, 2, 1, 3, 2, 5, 2, 2, 2, 1, 100, 100, 100, 100, 100, 100, 100, 
100, 100, 100, 100, 2500, 2500, 2500, 2500, 2500, 2500, 2500, 
2500, 2500, 2500, 2500, 15258.941, 16475.15, 17820.023, 19361.466, 
20525.253, 22778.617, 25066.705, 26949.693, 29513.9570000001, 
31393.653, 34453.892, 1, 1, 1, 1, 1, 1, 1, 1, 1, 1, 1, 0.04, 
0.04, 0.04, 0.04, 0.04, 0.04, 0.04, 0.04, 0.04, 0.04, 0.04, 0, 
0, 0, 0, 0, 0, 0, 0, 0, 0, 0, 0, 0, 0, 0, 0, 0, 0, 0, 0, 0, 0, 
0.9494, 0.9499, 0.94865, 0.95158, 0.95227, 0.95068, 0.95256, 
0.95152, 0.95351, 0.95559, 0.95688, 0.95136, 0.95108, 0.9492, 
0.95359, 0.95181, 0.95024, 0.95337, 0.95114, 0.95459, 0.95594, 
0.95527, 0.1817, 0.2165, 0.2392, 0.2731, 0.3115, 0.3516, 0.3878, 
0.4346, 0.4707, 0.5094, 0.5546, 220.4, 246.2, 263.1, 280.1, 298.2, 
314.4, 329.7, 349.9, 360.5, 374.9, 386.1, 1, 1, 1, 1, 1, 1, 1, 
1, 1, 1, 1, 1, 1, 1, 1, 1, 1, 1, 1, 1, 1, 1, 1, 1, 1, 1, 1, 1, 
1, 1, 1, 1, 1, 1, 1, 1, 1, 1, 1, 1, 1, 1, 1, 1, 4.75, 4.933, 
5.032, 5.592, 5.935, 6.389, 6.788, 7.336, 7.831, 8.269, 8.717
), .Dim = c(11L, 40L), .Dimnames = list(NULL, c("Sampling", "PSO.cost", 
"PSO.gamma", "PSO.data.balancing", "PSO.feature.selection", "PSO.valid.acc", 
"PSO.test.acc", "PSO.train.time", "PSO.n.support.vectors", "PSO.index", 
"PSO.n.solutions", "PSO.generations", "PSO.n.evaluations", "PSO.cpu.time", 
"RS.cost", "RS.gamma", "RS.data.balancing", "RS.feature.selection", 
"RS.valid.acc", "RS.test.acc", "RS.train.time", "RS.n.support.vectors", 
"RS.index", "RS.n.solutions", "RS.generations", "RS.n.evaluations", 
"RS.cpu.time", "DF.cost", "DF.gamma", "DF.data.balancing", "DF.feature.selection", 
"DF.valid.acc", "DF.test.acc", "DF.train.time", "DF.n.support.vectors", 
"DF.index", "DF.n.solutions", "DF.generations", "DF.n.evaluations", 
"DF.cpu.time")))
