full <-
structure(c(50, 55, 60, 65, 70, 75, 80, 85, 90, 95, 100, 6.301, 
5.06089, 3.7532, 4.21456, 0.81298, 0.11579, 1.08867, 2.3524, 
5.11092, 15, 3.76149, -4.50925, -3.69165, -2.70133, -3.2866, 
-1.89572, -1.41746, -3.33572, -2.67781, -3.50881, -11.91002, 
-4.79927, 0, 0, 0, 0, 0, 0, 0, 0, 0, 0, 0, 0, 0, 0, 0, 0, 0, 
0, 0, 0, 0, 0, 0.96632, 0.96759, 0.96703, 0.96707, 0.96757, 0.96713, 
0.96676, 0.96679, 0.969, 0.9662, 0.96824, 0.96371, 0.96464, 0.96434, 
0.96558, 0.962, 0.96498, 0.96189, 0.96259, 0.96323, 0.96483, 
0.96467, 0.1396, 0.162, 0.1885, 0.2083, 0.3266, 0.4711, 0.3351, 
0.3641, 0.3625, 0.6453, 0.4621, 123.2, 140.2, 162.9, 171, 300.1, 
400.3, 269.7, 262.3, 228.8, 287.7, 299.6, 503, 589, 1116, 869, 
1867, 1619, 1726, 1788, 566, 1439, 908, 212, 377, 197, 186, 28, 
16, 31, 204, 249, 1, 53, 100, 100, 100, 100, 100, 100, 100, 100, 
100, 100, 100, 2500, 2500, 2500, 2500, 2500, 2500, 2500, 2500, 
2500, 2500, 2500, 11187.523, 11795.524, 12905.817, 12988.004, 
16524.868, 15978.838, 16394.364, 17220.829, 16836.5550000001, 
22747.221, 23289.955, 6.34605, 4.95749, 4.04343, 3.81127, 0.84541, 
0.1677, 1.81101, 1.00399, 5.0482, 0.08831, 1.7237, -4.53241, 
-3.58225, -2.74021, -3.18485, -1.64375, -1.73601, -4.07973, -1.74604, 
-3.53475, -2.02978, -2.3174, 0, 0, 0, 0, 0, 0, 0, 0, 0, 0, 0, 
0, 0, 0, 0, 0, 0, 0, 0, 0, 0, 0, 0.96632, 0.96641, 0.96649, 0.96608, 
0.96664, 0.96627, 0.96554, 0.96564, 0.96828, 0.96585, 0.96855, 
0.96371, 0.96523, 0.9638, 0.96458, 0.96154, 0.96497, 0.95946, 
0.96411, 0.96287, 0.96312, 0.96726, 0.14, 0.1604, 0.1902, 0.2116, 
0.3636, 0.4125, 0.3357, 0.4847, 0.3669, 0.5363, 0.5195, 123, 
140.1, 159.5, 177.8, 329.4, 352.4, 268.9, 378.1, 231.2, 397.4, 
332.5, 2390, 1550, 370, 2363, 1309, 152, 1651, 1770, 2075, 836, 
535, 1, 2, 1, 1, 1, 1, 1, 1, 2, 1, 2, 100, 100, 100, 100, 100, 
100, 100, 100, 100, 100, 100, 2500, 2500, 2500, 2500, 2500, 2500, 
2500, 2500, 2500, 2500, 2500, 14300.785, 15390.048, 16798.246, 
18538.057, 20306.636, 22989.275, 24038.635, 27267.962, 29151.478, 
30653.939, 34713.348, 1, 1, 1, 1, 1, 1, 1, 1, 1, 1, 1, 0.04, 
0.04, 0.04, 0.04, 0.04, 0.04, 0.04, 0.04, 0.04, 0.04, 0.04, 0, 
0, 0, 0, 0, 0, 0, 0, 0, 0, 0, 0, 0, 0, 0, 0, 0, 0, 0, 0, 0, 0, 
0.95074, 0.94695, 0.94704, 0.95011, 0.95088, 0.95112, 0.95013, 
0.95114, 0.95205, 0.95219, 0.95623, 0.95008, 0.94519, 0.94758, 
0.94811, 0.94902, 0.95198, 0.95013, 0.95229, 0.95313, 0.95253, 
0.95493, 0.1533, 0.1799, 0.2114, 0.2452, 0.296, 0.3358, 0.3694, 
0.4211, 0.447, 0.4804, 0.5493, 183.2, 202.5, 227.3, 252.2, 280.7, 
304, 321.8, 341.7, 353.1, 372.2, 387.7, 1, 1, 1, 1, 1, 1, 1, 
1, 1, 1, 1, 1, 1, 1, 1, 1, 1, 1, 1, 1, 1, 1, 1, 1, 1, 1, 1, 1, 
1, 1, 1, 1, 1, 1, 1, 1, 1, 1, 1, 1, 1, 1, 1, 1, 4.391, 4.73, 
5.078, 5.336, 5.886, 6.282, 6.5, 7.173, 7.351, 7.659, 9.484), .Dim = c(11L, 
40L), .Dimnames = list(NULL, c("Sampling", "PSO.cost", "PSO.gamma", 
"PSO.data.balancing", "PSO.feature.selection", "PSO.valid.acc", 
"PSO.test.acc", "PSO.train.time", "PSO.n.support.vectors", "PSO.index", 
"PSO.n.solutions", "PSO.generations", "PSO.n.evaluations", "PSO.cpu.time", 
"RS.cost", "RS.gamma", "RS.data.balancing", "RS.feature.selection", 
"RS.valid.acc", "RS.test.acc", "RS.train.time", "RS.n.support.vectors", 
"RS.index", "RS.n.solutions", "RS.generations", "RS.n.evaluations", 
"RS.cpu.time", "DF.cost", "DF.gamma", "DF.data.balancing", "DF.feature.selection", 
"DF.valid.acc", "DF.test.acc", "DF.train.time", "DF.n.support.vectors", 
"DF.index", "DF.n.solutions", "DF.generations", "DF.n.evaluations", 
"DF.cpu.time")))
