full <-
structure(c(50, 55, 60, 65, 70, 75, 80, 85, 90, 95, 100, 1.27686, 
3.30143, 8.27132, 2.94818, 1.49974, 13.6977, 14.87082, 3.41837, 
3.30618, 2.19844, 5.94349, -2.27234, -2.21333, -8.66227, -3.31715, 
-2.97828, -10.04444, -12.67067, -3.44764, -5.04212, -2.79267, 
-4.84098, 0, 0, 0, 0, 0, 0, 0, 0, 0, 0, 0, 0, 0, 0, 0, 0, 0, 
0, 0, 0, 0, 0, 0.96497, 0.97052, 0.96541, 0.96658, 0.96942, 0.96497, 
0.96635, 0.96908, 0.96756, 0.97029, 0.96986, 0.96239, 0.96699, 
0.96054, 0.96359, 0.96571, 0.95935, 0.96351, 0.96832, 0.96431, 
0.96619, 0.96986, 0.2055, 0.1936, 0.2212, 0.2406, 0.2751, 0.5034, 
0.4396, 0.3449, 0.3904, 0.4267, 0.4757, 225.5, 181.7, 188.1, 
206.8, 252.9, 227.7, 244.6, 245.8, 288.8, 279.5, 270.5, 2337, 
1041, 628, 422, 859, 528, 1550, 1332, 1389, 758, 566, 3, 81, 
66, 290, 35, 19, 4, 22, 140, 85, 154, 100, 100, 100, 100, 100, 
100, 100, 100, 100, 100, 100, 2500, 2500, 2500, 2500, 2500, 2500, 
2500, 2500, 2500, 2500, 2500, 12291.241, 12725.997, 13881.778, 
13657.597, 14857.66, 21468.215, 19158.084, 17530.586, 20029.177, 
19496.337, 21008.481, 0.85087, 2.66843, 3.61808, 2.34787, 1.55445, 
1.88279, 2.21643, 3.99118, 3.69236, 4.99613, 6.98758, -2.57394, 
-3.08231, -4.14003, -2.83885, -2.99141, -3.14043, -2.99975, -3.71115, 
-5.19481, -4.67006, -5.35617, 0, 0, 0, 0, 0, 0, 0, 0, 0, 0, 0, 
0, 0, 0, 0, 0, 0, 0, 0, 0, 0, 0, 0.96434, 0.96815, 0.96541, 0.96558, 
0.96895, 0.96626, 0.96555, 0.96756, 0.96647, 0.96961, 0.96921, 
0.96303, 0.96816, 0.9627, 0.96558, 0.96617, 0.9628, 0.96351, 
0.9687, 0.96323, 0.96551, 0.96791, 0.1917, 0.1784, 0.2103, 0.2563, 
0.2772, 0.2959, 0.3268, 0.3455, 0.3998, 0.4097, 0.4748, 218.6, 
174.4, 189, 222.6, 251, 251.6, 253.1, 242.4, 286.2, 264.9, 270.2, 
812, 691, 789, 678, 966, 421, 1985, 276, 1402, 1780, 667, 1, 
2, 5, 4, 1, 2, 1, 4, 1, 1, 2, 100, 100, 100, 100, 100, 100, 100, 
100, 100, 100, 100, 2500, 2500, 2500, 2500, 2500, 2500, 2500, 
2500, 2500, 2500, 2500, 15439.649, 16196.116, 17810.782, 19547.367, 
21241.564, 23298.208, 25077.506, 26403.51, 28300.264, 30942.583, 
34152.702, 1, 1, 1, 1, 1, 1, 1, 1, 1, 1, 1, 0.04, 0.04, 0.04, 
0.04, 0.04, 0.04, 0.04, 0.04, 0.04, 0.04, 0.04, 0, 0, 0, 0, 0, 
0, 0, 0, 0, 0, 0, 0, 0, 0, 0, 0, 0, 0, 0, 0, 0, 0, 0.9449, 0.9434, 
0.94811, 0.94811, 0.95087, 0.94809, 0.95053, 0.95267, 0.9535, 
0.95595, 0.95591, 0.94685, 0.94576, 0.94541, 0.94761, 0.94948, 
0.9494, 0.95174, 0.95191, 0.95494, 0.95663, 0.95495, 0.1785, 
0.2049, 0.2336, 0.2623, 0.3064, 0.3281, 0.3718, 0.4162, 0.4401, 
0.5122, 0.5515, 221, 231.7, 250.7, 273.8, 290.2, 307.5, 325.2, 
339.9, 354.4, 368.2, 385.9, 1, 1, 1, 1, 1, 1, 1, 1, 1, 1, 1, 
1, 1, 1, 1, 1, 1, 1, 1, 1, 1, 1, 1, 1, 1, 1, 1, 1, 1, 1, 1, 1, 
1, 1, 1, 1, 1, 1, 1, 1, 1, 1, 1, 1, 4.604, 4.965, 5.229, 5.585, 
6.113, 6.148, 6.629, 7.145, 7.272, 8.296, 8.807), .Dim = c(11L, 
40L), .Dimnames = list(NULL, c("Sampling", "PSO.cost", "PSO.gamma", 
"PSO.data.balancing", "PSO.feature.selection", "PSO.valid.acc", 
"PSO.test.acc", "PSO.train.time", "PSO.n.support.vectors", "PSO.index", 
"PSO.n.solutions", "PSO.generations", "PSO.n.evaluations", "PSO.cpu.time", 
"RS.cost", "RS.gamma", "RS.data.balancing", "RS.feature.selection", 
"RS.valid.acc", "RS.test.acc", "RS.train.time", "RS.n.support.vectors", 
"RS.index", "RS.n.solutions", "RS.generations", "RS.n.evaluations", 
"RS.cpu.time", "DF.cost", "DF.gamma", "DF.data.balancing", "DF.feature.selection", 
"DF.valid.acc", "DF.test.acc", "DF.train.time", "DF.n.support.vectors", 
"DF.index", "DF.n.solutions", "DF.generations", "DF.n.evaluations", 
"DF.cpu.time")))
