full <-
structure(c(50, 55, 60, 65, 70, 75, 80, 85, 90, 95, 100, 0.26171, 
2.75711, 1.36814, 2.61853, 0.93988, 0.12047, 2.86446, 2.90078, 
3.24992, 0.59, 3.3737, -2.12305, -3.29585, -1.32182, -3.71455, 
-2.83161, -1.56902, -2.72547, -3.20846, -3.90379, -1.96193, -3.82404, 
0, 0, 0, 0, 0, 0, 0, 0, 0, 0, 0, 0, 0, 0, 0, 0, 0, 0, 0, 0, 0, 
0, 0.96759, 0.9664, 0.96704, 0.97007, 0.97035, 0.96843, 0.97325, 
0.97099, 0.96972, 0.96585, 0.97147, 0.96564, 0.96403, 0.96433, 
0.96457, 0.96711, 0.96583, 0.97162, 0.96985, 0.969, 0.96414, 
0.9692, 0.2057, 0.1793, 0.3296, 0.2358, 0.2759, 0.4401, 0.3121, 
0.3553, 0.3804, 0.5453, 0.4484, 248.5, 180.3, 344.2, 212, 246.1, 
383.6, 222.4, 241.5, 263, 384.5, 278.7, 1297, 1648, 830, 434, 
1009, 112, 1070, 491, 559, 926, 2328, 131, 21, 393, 385, 177, 
67, 238, 65, 180, 44, 1, 100, 100, 100, 100, 100, 100, 100, 100, 
100, 100, 100, 2500, 2500, 2500, 2500, 2500, 2500, 2500, 2500, 
2500, 2500, 2500, 12059.507, 12797.555, 15635.445, 13247.232, 
14693.699, 19304.667, 17053.905, 16614.997, 20600.729, 22031.748, 
22432.339, 1.12973, 2.93514, 1.43269, 1.80887, 1.73554, 2.86026, 
2.46288, 3.03214, 10.279, 1.26758, 11.13391, -3.21042, -3.22069, 
-1.40414, -3.11349, -2.73712, -3.72739, -2.5693, -3.20265, -7.50687, 
-2.49517, -5.95766, 0, 0, 0, 0, 0, 0, 0, 0, 0, 0, 0, 0, 0, 0, 
0, 0, 0, 0, 0, 0, 0, 0, 0.96564, 0.96521, 0.9665, 0.96956, 0.96989, 
0.96843, 0.97244, 0.97061, 0.96901, 0.96516, 0.96953, 0.96499, 
0.96344, 0.96433, 0.96656, 0.96803, 0.96843, 0.97041, 0.96985, 
0.96648, 0.96584, 0.96499, 0.1628, 0.1861, 0.3173, 0.2341, 0.2622, 
0.2895, 0.3035, 0.3417, 0.518, 0.4693, 0.8681, 195.2, 176.4, 
331.6, 217.9, 224.6, 224.6, 230.1, 238.2, 262.5, 317.7, 244.8, 
313, 725, 1319, 1117, 818, 609, 634, 1087, 1282, 2497, 2005, 
1, 3, 1, 1, 3, 1, 2, 2, 1, 1, 3, 100, 100, 100, 100, 100, 100, 
100, 100, 100, 100, 100, 2500, 2500, 2500, 2500, 2500, 2500, 
2500, 2500, 2500, 2500, 2500, 14566.052, 16437.177, 18076.856, 
20017.58, 21027.93, 22170.392, 24169.767, 26380.616, 28747.313, 
31202.56, 34188.411, 1, 1, 1, 1, 1, 1, 1, 1, 1, 1, 1, 0.04, 0.04, 
0.04, 0.04, 0.04, 0.04, 0.04, 0.04, 0.04, 0.04, 0.04, 0, 0, 0, 
0, 0, 0, 0, 0, 0, 0, 0, 0, 0, 0, 0, 0, 0, 0, 0, 0, 0, 0, 0.94942, 
0.94636, 0.94863, 0.9506, 0.95459, 0.95503, 0.955, 0.95649, 0.95386, 
0.95526, 0.95624, 0.95202, 0.94871, 0.94864, 0.95209, 0.95321, 
0.95762, 0.95581, 0.95687, 0.95602, 0.95662, 0.95688, 0.1806, 
0.2139, 0.2395, 0.2791, 0.2974, 0.3241, 0.3477, 0.4144, 0.4541, 
0.4924, 0.5561, 218.1, 238.9, 257.9, 280.8, 286.3, 299.7, 311.7, 
330, 352.6, 366.1, 388.6, 1, 1, 1, 1, 1, 1, 1, 1, 1, 1, 1, 1, 
1, 1, 1, 1, 1, 1, 1, 1, 1, 1, 1, 1, 1, 1, 1, 1, 1, 1, 1, 1, 1, 
1, 1, 1, 1, 1, 1, 1, 1, 1, 1, 1, 4.658, 5.007, 5.29, 5.759, 5.887, 
6.031, 6.242, 7.114, 7.523, 8.073, 8.862), .Dim = c(11L, 40L), .Dimnames = list(
    NULL, c("Sampling", "PSO.cost", "PSO.gamma", "PSO.data.balancing", 
    "PSO.feature.selection", "PSO.valid.acc", "PSO.test.acc", 
    "PSO.train.time", "PSO.n.support.vectors", "PSO.index", "PSO.n.solutions", 
    "PSO.generations", "PSO.n.evaluations", "PSO.cpu.time", "RS.cost", 
    "RS.gamma", "RS.data.balancing", "RS.feature.selection", 
    "RS.valid.acc", "RS.test.acc", "RS.train.time", "RS.n.support.vectors", 
    "RS.index", "RS.n.solutions", "RS.generations", "RS.n.evaluations", 
    "RS.cpu.time", "DF.cost", "DF.gamma", "DF.data.balancing", 
    "DF.feature.selection", "DF.valid.acc", "DF.test.acc", "DF.train.time", 
    "DF.n.support.vectors", "DF.index", "DF.n.solutions", "DF.generations", 
    "DF.n.evaluations", "DF.cpu.time")))
