full <-
structure(c(50, 55, 60, 65, 70, 75, 80, 85, 90, 95, 100, 3.41293, 
15, 3.71724, 4.05328, 1.55065, 12.22355, 14.37765, 2.70333, 15, 
3.26322, 3.0066, -3.34036, -15, -2.4301, -2.55627, -3.03371, 
-11.77724, -12.73945, -3.33742, -13.04689, -2.91415, -3.63153, 
0, 0, 0, 0, 0, 0, 0, 0, 0, 0, 0, 0, 0, 0, 0, 0, 0, 0, 0, 0, 0, 
0, 0.97213, 0.96758, 0.96919, 0.96957, 0.96802, 0.96756, 0.96634, 
0.96793, 0.96863, 0.9696, 0.97051, 0.96758, 0.96581, 0.96757, 
0.96209, 0.96338, 0.96496, 0.96513, 0.96641, 0.96575, 0.96482, 
0.96824, 0.1501, 0.1929, 0.2116, 0.2322, 0.2773, 0.3068, 0.3891, 
0.354, 0.5045, 0.4335, 0.4538, 145.9, 162.7, 182.8, 176.4, 231.3, 
222.3, 239.4, 255.1, 269.2, 260.9, 284.4, 1958, 116, 387, 1066, 
623, 233, 1125, 1453, 230, 1247, 801, 23, 1115, 451, 118, 298, 
345, 3, 20, 66, 55, 22, 100, 100, 100, 100, 100, 100, 100, 100, 
100, 100, 100, 2500, 2500, 2500, 2500, 2500, 2500, 2500, 2500, 
2500, 2500, 2500, 12953.325, 14741.039, 15071.309, 17697.53, 
17690.392, 18269.239, 20925.97, 19809.237, 23606.441, 21958.742, 
22942.29, 3.48462, 7.52932, 3.63404, 4.91317, 2.80279, 4.39194, 
12.98105, 2.08814, 14.73036, 3.09676, 4.03696, -3.15609, -8.55715, 
-2.34584, -3.37625, -3.64909, -4.24685, -11.94406, -3.61331, 
-13.20155, -2.71035, -3.68011, 0, 0, 0, 0, 0, 0, 0, 0, 0, 0, 
0, 0, 0, 0, 0, 0, 0, 0, 0, 0, 0, 0, 0.97018, 0.96758, 0.96865, 
0.96956, 0.96663, 0.96799, 0.96634, 0.96717, 0.96863, 0.96891, 
0.96986, 0.96888, 0.96347, 0.96757, 0.96308, 0.96431, 0.96626, 
0.96513, 0.96641, 0.96539, 0.96618, 0.96792, 0.1504, 0.1846, 
0.2156, 0.2209, 0.2555, 0.2853, 0.3685, 0.3615, 0.4899, 0.4235, 
0.4304, 145.1, 173.4, 187.7, 168.3, 213.1, 212.9, 241, 269.4, 
269.8, 264.1, 267.5, 2212, 120, 1755, 695, 1772, 31, 672, 2396, 
2185, 1430, 371, 2, 17, 1, 1, 1, 1, 1, 1, 1, 1, 2, 100, 100, 
100, 100, 100, 100, 100, 100, 100, 100, 100, 2500, 2500, 2500, 
2500, 2500, 2500, 2500, 2500, 2500, 2500, 2500, 17327.012, 18116.282, 
20881.309, 21818.528, 23340.402, 24954.502, 27251.005, 29367.369, 
31147.069, 34585.377, 36971.928, 1, 1, 1, 1, 1, 1, 1, 1, 1, 1, 
1, 0.04, 0.04, 0.04, 0.04, 0.04, 0.04, 0.04, 0.04, 0.04, 0.04, 
0.04, 0, 0, 0, 0, 0, 0, 0, 0, 0, 0, 0, 0, 0, 0, 0, 0, 0, 0, 0, 
0, 0, 0, 0.95526, 0.95989, 0.95405, 0.95311, 0.9555, 0.95718, 
0.95459, 0.95343, 0.95422, 0.95525, 0.95495, 0.95721, 0.95871, 
0.95676, 0.95311, 0.95458, 0.95848, 0.95661, 0.95381, 0.95458, 
0.95354, 0.95689, 0.1836, 0.2067, 0.2496, 0.2842, 0.3144, 0.3323, 
0.3787, 0.4132, 0.4569, 0.4849, 0.5309, 214.1, 231.9, 256, 275.3, 
292, 303.9, 323, 341.9, 358.5, 371.2, 386.4, 1, 1, 1, 1, 1, 1, 
1, 1, 1, 1, 1, 1, 1, 1, 1, 1, 1, 1, 1, 1, 1, 1, 1, 1, 1, 1, 1, 
1, 1, 1, 1, 1, 1, 1, 1, 1, 1, 1, 1, 1, 1, 1, 1, 1, 5.716, 5.796, 
6.399, 6.673, 7.103, 7.175, 7.702, 8.027, 8.618, 9.175, 9.673
), .Dim = c(11L, 40L), .Dimnames = list(NULL, c("Sampling", "PSO.cost", 
"PSO.gamma", "PSO.data.balancing", "PSO.feature.selection", "PSO.valid.acc", 
"PSO.test.acc", "PSO.train.time", "PSO.n.support.vectors", "PSO.index", 
"PSO.n.solutions", "PSO.generations", "PSO.n.evaluations", "PSO.cpu.time", 
"RS.cost", "RS.gamma", "RS.data.balancing", "RS.feature.selection", 
"RS.valid.acc", "RS.test.acc", "RS.train.time", "RS.n.support.vectors", 
"RS.index", "RS.n.solutions", "RS.generations", "RS.n.evaluations", 
"RS.cpu.time", "DF.cost", "DF.gamma", "DF.data.balancing", "DF.feature.selection", 
"DF.valid.acc", "DF.test.acc", "DF.train.time", "DF.n.support.vectors", 
"DF.index", "DF.n.solutions", "DF.generations", "DF.n.evaluations", 
"DF.cpu.time")))
