full <-
structure(c(50, 55, 60, 65, 70, 75, 80, 85, 90, 95, 100, 1.67146, 
1.00625, 1.66335, 2.5661, 4.50181, 4.4168, 2.92853, 5.2923, 3.23022, 
5.02661, 2.92796, -2.29105, -2.33044, -2.9711, -3.71822, -3.59102, 
-4.16603, -2.58698, -4.42433, -3.92762, -5.16309, -3.58124, 0, 
0, 0, 0, 0, 0, 0, 0, 0, 0, 0, 0, 0, 0, 0, 0, 0, 0, 0, 0, 0, 0, 
0.96628, 0.9664, 0.96756, 0.96756, 0.96987, 0.96844, 0.97121, 
0.97137, 0.97044, 0.96789, 0.97051, 0.96368, 0.95873, 0.96322, 
0.96207, 0.96617, 0.96757, 0.96634, 0.97099, 0.96612, 0.96619, 
0.96856, 0.1747, 0.2129, 0.21, 0.2351, 0.2559, 0.2875, 0.3383, 
0.3458, 0.3732, 0.4115, 0.449, 203.5, 230.5, 213.8, 221.8, 198.9, 
217.6, 241.2, 228.6, 262, 276, 281, 2003, 394, 366, 1040, 1150, 
1311, 612, 363, 2360, 651, 467, 16, 155, 136, 239, 31, 11, 17, 
287, 5, 87, 167, 100, 100, 100, 100, 100, 100, 100, 100, 100, 
100, 100, 2500, 2500, 2500, 2500, 2500, 2500, 2500, 2500, 2500, 
2500, 2500, 12331.412, 13422.562, 13293.995, 13712.855, 14072.162, 
15083.049, 16107.119, 16461.455, 17496.134, 18171.069, 18701.924, 
2.32229, 0.79227, 2.87894, 2.23945, 4.76769, 4.398, 3.05538, 
5.81566, 6.01659, 4.85504, 3.23382, -2.94984, -2.19022, -3.72238, 
-3.48413, -3.81095, -3.97176, -3.27563, -4.63397, -5.10636, -5.09973, 
-3.58496, 0, 0, 0, 0, 0, 0, 0, 0, 0, 0, 0, 0, 0, 0, 0, 0, 0, 
0, 0, 0, 0, 0, 0.96498, 0.96582, 0.96755, 0.96657, 0.96895, 0.968, 
0.9708, 0.97061, 0.96972, 0.96789, 0.96954, 0.96369, 0.95932, 
0.96484, 0.96257, 0.96524, 0.9667, 0.96594, 0.97137, 0.96612, 
0.96516, 0.96954, 0.1609, 0.2226, 0.2018, 0.2344, 0.2534, 0.2902, 
0.328, 0.3461, 0.3746, 0.4298, 0.4206, 172.7, 239.1, 194.4, 222.4, 
198.9, 216.9, 236.7, 226.5, 251.9, 276.7, 276, 175, 2416, 822, 
2056, 105, 309, 1051, 1188, 1097, 1807, 744, 1, 1, 1, 1, 2, 4, 
3, 2, 2, 2, 2, 100, 100, 100, 100, 100, 100, 100, 100, 100, 100, 
100, 2500, 2500, 2500, 2500, 2500, 2500, 2500, 2500, 2500, 2500, 
2500, 15598.137, 16465.548, 17770.918, 19197.292, 20832.555, 
22523.767, 25031.498, 26372.947, 27443.195, 29468.856, 32470.96, 
1, 1, 1, 1, 1, 1, 1, 1, 1, 1, 1, 0.04, 0.04, 0.04, 0.04, 0.04, 
0.04, 0.04, 0.04, 0.04, 0.04, 0.04, 0, 0, 0, 0, 0, 0, 0, 0, 0, 
0, 0, 0, 0, 0, 0, 0, 0, 0, 0, 0, 0, 0, 0.9397, 0.9434, 0.9454, 
0.95011, 0.94949, 0.95459, 0.95621, 0.95725, 0.95747, 0.95595, 
0.95658, 0.93904, 0.944, 0.94917, 0.9511, 0.95181, 0.95415, 0.95498, 
0.95839, 0.95458, 0.95424, 0.95625, 0.17, 0.1989, 0.2456, 0.276, 
0.308, 0.324, 0.3791, 0.4105, 0.4625, 0.5079, 0.5119, 218.8, 
240.7, 260.1, 285.9, 297.9, 310.8, 327.6, 336.5, 357.5, 372.6, 
387.1, 1, 1, 1, 1, 1, 1, 1, 1, 1, 1, 1, 1, 1, 1, 1, 1, 1, 1, 
1, 1, 1, 1, 1, 1, 1, 1, 1, 1, 1, 1, 1, 1, 1, 1, 1, 1, 1, 1, 1, 
1, 1, 1, 1, 1, 4.516, 4.856, 5.306, 5.582, 5.994, 5.882, 6.678, 
6.976, 7.449, 7.972, 7.825), .Dim = c(11L, 40L), .Dimnames = list(
    NULL, c("Sampling", "PSO.cost", "PSO.gamma", "PSO.data.balancing", 
    "PSO.feature.selection", "PSO.valid.acc", "PSO.test.acc", 
    "PSO.train.time", "PSO.n.support.vectors", "PSO.index", "PSO.n.solutions", 
    "PSO.generations", "PSO.n.evaluations", "PSO.cpu.time", "RS.cost", 
    "RS.gamma", "RS.data.balancing", "RS.feature.selection", 
    "RS.valid.acc", "RS.test.acc", "RS.train.time", "RS.n.support.vectors", 
    "RS.index", "RS.n.solutions", "RS.generations", "RS.n.evaluations", 
    "RS.cpu.time", "DF.cost", "DF.gamma", "DF.data.balancing", 
    "DF.feature.selection", "DF.valid.acc", "DF.test.acc", "DF.train.time", 
    "DF.n.support.vectors", "DF.index", "DF.n.solutions", "DF.generations", 
    "DF.n.evaluations", "DF.cpu.time")))
