full <-
structure(c(50, 55, 60, 65, 70, 75, 80, 85, 90, 95, 100, 2.76188, 
6.424, 5.90759, 2.90139, 3.47072, 2.82642, 1.30283, 1.89432, 
1.81554, 5.83847, 4.97891, -2.97924, -4.83232, -7.50966, -3.31684, 
-2.68575, -2.84837, -1.59921, -2.66738, -3.31317, -3.24636, -4.35412, 
0, 0, 0, 0, 0, 0, 0, 0, 0, 0, 0, 0, 0, 0, 0, 0, 0, 0, 0, 0, 0, 
0, 0.97342, 0.97463, 0.96976, 0.97255, 0.97126, 0.97319, 0.96797, 
0.97023, 0.96937, 0.97131, 0.97018, 0.96693, 0.97285, 0.9649, 
0.96856, 0.96615, 0.97189, 0.96716, 0.96985, 0.96792, 0.96722, 
0.96921, 0.1374, 0.1744, 0.2156, 0.2198, 0.2493, 0.2731, 0.4724, 
0.3848, 0.3842, 0.4254, 0.4972, 135.2, 138.8, 195.3, 180, 185.9, 
205.2, 366.8, 272.3, 273, 224.4, 270, 725, 149, 562, 728, 2414, 
178, 610, 655, 389, 1743, 682, 233, 456, 228, 104, 1, 210, 556, 
27, 109, 9, 127, 100, 100, 100, 100, 100, 100, 100, 100, 100, 
100, 100, 2500, 2500, 2500, 2500, 2500, 2500, 2500, 2500, 2500, 
2500, 2500, 11834.728, 12549.95, 13230.287, 13243.526, 14504.68, 
15441.158, 19875.125, 19396.527, 22843.93, 20504.601, 21626.3920000001, 
3.1639, 5.92969, 0.83082, 3.09384, 3.46268, 3.17324, 1.31165, 
2.052, 2.12371, 4.82233, 5.07758, -3.06332, -4.7097, -1.81913, 
-3.37365, -3.02077, -2.13057, -1.67325, -2.88306, -3.31187, -2.96559, 
-4.3803, 0, 0, 0, 0, 0, 0, 0, 0, 0, 0, 0, 0, 0, 0, 0, 0, 0, 0, 
0, 0, 0, 0, 0.97212, 0.97463, 0.96975, 0.97206, 0.97033, 0.97232, 
0.96797, 0.96909, 0.96865, 0.96961, 0.97018, 0.96564, 0.97345, 
0.96596, 0.96856, 0.96709, 0.97146, 0.96716, 0.9687, 0.96756, 
0.96619, 0.96889, 0.1381, 0.1715, 0.2579, 0.2205, 0.2452, 0.2759, 
0.4533, 0.3656, 0.4051, 0.4039, 0.4677, 130.4, 140.5, 247.4, 
178.5, 187.3, 202.4, 355.5, 262.1, 267.6, 233.8, 269, 1974, 475, 
1163, 1949, 135, 475, 1137, 2352, 834, 727, 1433, 4, 1, 2, 1, 
1, 3, 1, 1, 1, 1, 1, 100, 100, 100, 100, 100, 100, 100, 100, 
100, 100, 100, 2500, 2500, 2500, 2500, 2500, 2500, 2500, 2500, 
2500, 2500, 2500, 15303.434, 16464.221, 17954.603, 19461.489, 
21131.489, 23112.741, 25585.172, 27530.806, 30159.767, 32138.696, 
35540.004, 1, 1, 1, 1, 1, 1, 1, 1, 1, 1, 1, 0.04, 0.04, 0.04, 
0.04, 0.04, 0.04, 0.04, 0.04, 0.04, 0.04, 0.04, 0, 0, 0, 0, 0, 
0, 0, 0, 0, 0, 0, 0, 0, 0, 0, 0, 0, 0, 0, 0, 0, 0, 0.95916, 0.95401, 
0.95463, 0.9536, 0.95505, 0.95372, 0.95377, 0.95574, 0.95495, 
0.9573, 0.95787, 0.95463, 0.9546, 0.95517, 0.9546, 0.9532, 0.95329, 
0.95297, 0.95535, 0.95603, 0.95731, 0.95787, 0.172, 0.2035, 0.2408, 
0.2678, 0.3057, 0.3438, 0.4, 0.4218, 0.4849, 0.5173, 0.5804, 
207.2, 226, 245.1, 261.8, 286.8, 300.9, 319.1, 334.1, 352.8, 
370.3, 385.8, 1, 1, 1, 1, 1, 1, 1, 1, 1, 1, 1, 1, 1, 1, 1, 1, 
1, 1, 1, 1, 1, 1, 1, 1, 1, 1, 1, 1, 1, 1, 1, 1, 1, 1, 1, 1, 1, 
1, 1, 1, 1, 1, 1, 1, 4.978, 5.103, 5.443, 5.873, 6.042, 6.475, 
7.256, 7.36, 8.079, 8.444, 9.378), .Dim = c(11L, 40L), .Dimnames = list(
    NULL, c("Sampling", "PSO.cost", "PSO.gamma", "PSO.data.balancing", 
    "PSO.feature.selection", "PSO.valid.acc", "PSO.test.acc", 
    "PSO.train.time", "PSO.n.support.vectors", "PSO.index", "PSO.n.solutions", 
    "PSO.generations", "PSO.n.evaluations", "PSO.cpu.time", "RS.cost", 
    "RS.gamma", "RS.data.balancing", "RS.feature.selection", 
    "RS.valid.acc", "RS.test.acc", "RS.train.time", "RS.n.support.vectors", 
    "RS.index", "RS.n.solutions", "RS.generations", "RS.n.evaluations", 
    "RS.cpu.time", "DF.cost", "DF.gamma", "DF.data.balancing", 
    "DF.feature.selection", "DF.valid.acc", "DF.test.acc", "DF.train.time", 
    "DF.n.support.vectors", "DF.index", "DF.n.solutions", "DF.generations", 
    "DF.n.evaluations", "DF.cpu.time")))
