full <-
structure(c(50, 55, 60, 65, 70, 75, 80, 85, 90, 95, 100, 2.41887, 
2.6736, 2.20018, 2.36284, 5.05862, 2.98887, 0.66042, 1.56226, 
5.04016, 1.95579, 5.28074, -2.43586, -1.75939, -1.8256, -2.00399, 
-3.26234, -3.52156, -1.42304, -2.57303, -3.58342, -2.67089, -1.99069, 
0, 0, 0, 0, 0, 0, 0, 0, 0, 0, 0, 0, 0, 0, 0, 0, 0, 0, 0, 0, 0, 
0, 0.96821, 0.96758, 0.96811, 0.96857, 0.96896, 0.9706, 0.96879, 
0.96832, 0.97045, 0.96995, 0.97049, 0.96302, 0.9664, 0.96595, 
0.96257, 0.96665, 0.96843, 0.96635, 0.96489, 0.96539, 0.96961, 
0.96401, 0.1711, 0.2215, 0.2612, 0.2765, 0.2413, 0.2926, 0.5209, 
0.4067, 0.3821, 0.4522, 0.4317, 192.1, 228.1, 258.2, 249.2, 180.7, 
226.1, 417.8, 299.6, 233.1, 301.1, 237.2, 570, 469, 328, 408, 
449, 850, 2472, 1586, 1252, 1143, 1480, 283, 403, 79, 449, 529, 
109, 145, 19, 122, 68, 51, 100, 100, 100, 100, 100, 100, 100, 
100, 100, 100, 100, 2500, 2500, 2500, 2500, 2500, 2500, 2500, 
2500, 2500, 2500, 2500, 12614.802, 13105.86, 15042.82, 14280.87, 
14092.008, 15319.779, 20903.69, 18239.473, 18512.505, 20550.324, 
23052.079, 1.11725, 2.27602, 2.25469, 2.45006, 4.46005, 2.66832, 
0.52163, 3.93083, 4.71666, 1.26039, 5.15148, -1.44808, -1.60757, 
-1.86136, -2.01738, -3.12998, -3.33529, -1.15128, -3.50072, -3.43493, 
-2.15282, -1.93617, 0, 0, 0, 0, 0, 0, 0, 0, 0, 0, 0, 0, 0, 0, 
0, 0, 0, 0, 0, 0, 0, 0, 0.96756, 0.96699, 0.96703, 0.96857, 0.96849, 
0.96973, 0.96798, 0.9668, 0.96973, 0.96893, 0.97049, 0.96497, 
0.96639, 0.96649, 0.96307, 0.96479, 0.96756, 0.96554, 0.96374, 
0.96503, 0.96893, 0.96369, 0.2403, 0.2487, 0.2501, 0.2701, 0.2471, 
0.284, 0.5878, 0.3461, 0.3596, 0.4957, 0.4383, 292, 262.6, 254, 
242.7, 186.3, 231.3, 477.2, 238.6, 234.7, 345.4, 239.1, 1965, 
549, 1863, 233, 551, 1605, 1635, 2386, 13, 744, 982, 1, 1, 3, 
1, 2, 2, 1, 1, 3, 2, 1, 100, 100, 100, 100, 100, 100, 100, 100, 
100, 100, 100, 2500, 2500, 2500, 2500, 2500, 2500, 2500, 2500, 
2500, 2500, 2500, 14886.177, 15950.494, 17382.335, 19512.205, 
20559.868, 22267.158, 24601.367, 27083.241, 28954.461, 31951.3920000001, 
33283.216, 1, 1, 1, 1, 1, 1, 1, 1, 1, 1, 1, 0.04, 0.04, 0.04, 
0.04, 0.04, 0.04, 0.04, 0.04, 0.04, 0.04, 0.04, 0, 0, 0, 0, 0, 
0, 0, 0, 0, 0, 0, 0, 0, 0, 0, 0, 0, 0, 0, 0, 0, 0, 0.94357, 0.94577, 
0.94486, 0.94661, 0.94671, 0.95026, 0.95418, 0.95534, 0.95531, 
0.95458, 0.95623, 0.94616, 0.94695, 0.94541, 0.94462, 0.94995, 
0.94983, 0.95296, 0.95419, 0.95531, 0.9556, 0.95623, 0.1818, 
0.1993, 0.2384, 0.281, 0.3026, 0.3432, 0.3856, 0.4082, 0.443, 
0.4953, 0.546, 225.1, 241.2, 259.3, 280.4, 290.8, 306.4, 329.1, 
344.5, 356.2, 368.2, 387.5, 1, 1, 1, 1, 1, 1, 1, 1, 1, 1, 1, 
1, 1, 1, 1, 1, 1, 1, 1, 1, 1, 1, 1, 1, 1, 1, 1, 1, 1, 1, 1, 1, 
1, 1, 1, 1, 1, 1, 1, 1, 1, 1, 1, 1, 4.72, 4.903, 5.17, 5.74, 
5.944, 6.352, 6.934, 6.929, 7.577, 8.183, 8.539), .Dim = c(11L, 
40L), .Dimnames = list(NULL, c("Sampling", "PSO.cost", "PSO.gamma", 
"PSO.data.balancing", "PSO.feature.selection", "PSO.valid.acc", 
"PSO.test.acc", "PSO.train.time", "PSO.n.support.vectors", "PSO.index", 
"PSO.n.solutions", "PSO.generations", "PSO.n.evaluations", "PSO.cpu.time", 
"RS.cost", "RS.gamma", "RS.data.balancing", "RS.feature.selection", 
"RS.valid.acc", "RS.test.acc", "RS.train.time", "RS.n.support.vectors", 
"RS.index", "RS.n.solutions", "RS.generations", "RS.n.evaluations", 
"RS.cpu.time", "DF.cost", "DF.gamma", "DF.data.balancing", "DF.feature.selection", 
"DF.valid.acc", "DF.test.acc", "DF.train.time", "DF.n.support.vectors", 
"DF.index", "DF.n.solutions", "DF.generations", "DF.n.evaluations", 
"DF.cpu.time")))
