full <-
structure(c(50, 55, 60, 65, 70, 75, 80, 85, 90, 95, 100, 2.02815, 
3.29948, 4.20569, 13.83332, 2.98977, 1.4494, 4.83503, 10.32344, 
13.46305, 0.70098, 2.73339, -3.06607, -3.81606, -3.66963, -12.631, 
-3.40078, -2.76127, -5.16153, -9.8978, -12.13134, -1.84067, -3.63384, 
0, 0, 0, 0, 0, 0, 0, 0, 0, 0, 0, 0, 0, 0, 0, 0, 0, 0, 0, 0, 0, 
0, 0.97407, 0.97523, 0.9746, 0.97456, 0.97313, 0.97234, 0.96999, 
0.97061, 0.96937, 0.97063, 0.97018, 0.96758, 0.97287, 0.97243, 
0.97106, 0.97081, 0.97017, 0.96675, 0.96985, 0.96865, 0.96926, 
0.96953, 0.1566, 0.1731, 0.195, 0.239, 0.2285, 0.2795, 0.3129, 
0.3644, 0.4705, 0.5316, 0.4505, 173, 163.6, 159, 180.2, 190.5, 
229.2, 227.4, 243.1, 263, 391.1, 288, 253, 1708, 869, 893, 1270, 
473, 1659, 118, 336, 1313, 751, 259, 28, 181, 17, 59, 99, 15, 
129, 92, 11, 159, 100, 100, 100, 100, 100, 100, 100, 100, 100, 
100, 100, 2500, 2500, 2500, 2500, 2500, 2500, 2500, 2500, 2500, 
2500, 2500, 11596.8, 11823.41, 12218.198, 13521.115, 15011.814, 
16679.392, 15121.022, 17361.679, 18721.196, 21904.928, 19078.396, 
1.62228, 3.54834, 2.34216, 4.85932, 4.28193, 1.31114, 4.67434, 
9.45676, 12.56252, 2.12711, 2.69813, -2.642, -3.93982, -2.90989, 
-4.83226, -4.4939, -2.6017, -5.08717, -9.9477, -11.55274, -1.98722, 
-3.53692, 0, 0, 0, 0, 0, 0, 0, 0, 0, 0, 0, 0, 0, 0, 0, 0, 0, 
0, 0, 0, 0, 0, 0.97277, 0.97464, 0.97352, 0.97455, 0.97313, 0.97234, 
0.96918, 0.97061, 0.96865, 0.96893, 0.96986, 0.96628, 0.97228, 
0.97243, 0.97405, 0.97128, 0.96888, 0.96634, 0.96908, 0.96829, 
0.96688, 0.96888, 0.1628, 0.1719, 0.2057, 0.2105, 0.2366, 0.2826, 
0.3127, 0.3637, 0.4228, 0.4761, 0.4413, 185.6, 161.5, 186, 178.7, 
190.5, 232.4, 228.2, 250.7, 264.1, 318.3, 286.1, 267, 191, 1060, 
252, 2307, 2412, 224, 2329, 78, 1731, 3, 1, 1, 2, 2, 1, 1, 3, 
1, 12, 1, 2, 100, 100, 100, 100, 100, 100, 100, 100, 100, 100, 
100, 2500, 2500, 2500, 2500, 2500, 2500, 2500, 2500, 2500, 2500, 
2500, 14078.496, 15508.425, 16940.005, 17826.281, 19540.186, 
21489.999, 22408.938, 25550.328, 27470.882, 29765.2169999999, 
32718.072, 1, 1, 1, 1, 1, 1, 1, 1, 1, 1, 1, 0.04, 0.04, 0.04, 
0.04, 0.04, 0.04, 0.04, 0.04, 0.04, 0.04, 0.04, 0, 0, 0, 0, 0, 
0, 0, 0, 0, 0, 0, 0, 0, 0, 0, 0, 0, 0, 0, 0, 0, 0, 0.94552, 0.94812, 
0.94919, 0.95559, 0.95506, 0.95893, 0.95499, 0.95649, 0.95603, 
0.95834, 0.95624, 0.94227, 0.94989, 0.94973, 0.95709, 0.95599, 
0.95806, 0.9558, 0.95725, 0.95603, 0.95527, 0.95397, 0.1663, 
0.2004, 0.2173, 0.2445, 0.2806, 0.3165, 0.377, 0.4127, 0.4497, 
0.4871, 0.5529, 208.2, 229, 238.6, 259.5, 269.5, 294.2, 312.7, 
329.9, 356.1, 366.2, 386.9, 1, 1, 1, 1, 1, 1, 1, 1, 1, 1, 1, 
1, 1, 1, 1, 1, 1, 1, 1, 1, 1, 1, 1, 1, 1, 1, 1, 1, 1, 1, 1, 1, 
1, 1, 1, 1, 1, 1, 1, 1, 1, 1, 1, 1, 4.348, 4.828, 4.867, 5.008, 
5.549, 5.872, 6.845, 7.136, 7.238, 7.64, 8.603), .Dim = c(11L, 
40L), .Dimnames = list(NULL, c("Sampling", "PSO.cost", "PSO.gamma", 
"PSO.data.balancing", "PSO.feature.selection", "PSO.valid.acc", 
"PSO.test.acc", "PSO.train.time", "PSO.n.support.vectors", "PSO.index", 
"PSO.n.solutions", "PSO.generations", "PSO.n.evaluations", "PSO.cpu.time", 
"RS.cost", "RS.gamma", "RS.data.balancing", "RS.feature.selection", 
"RS.valid.acc", "RS.test.acc", "RS.train.time", "RS.n.support.vectors", 
"RS.index", "RS.n.solutions", "RS.generations", "RS.n.evaluations", 
"RS.cpu.time", "DF.cost", "DF.gamma", "DF.data.balancing", "DF.feature.selection", 
"DF.valid.acc", "DF.test.acc", "DF.train.time", "DF.n.support.vectors", 
"DF.index", "DF.n.solutions", "DF.generations", "DF.n.evaluations", 
"DF.cpu.time")))
