full <-
structure(c(50, 55, 60, 65, 70, 75, 80, 85, 90, 95, 100, 7.74896, 
3.41959, 2.48148, 4.42906, 3.36754, 4.09058, 6.14671, 2.79651, 
2.11114, 4.40075, 2.95331, -5.84682, -3.74037, -3.31593, -4.08283, 
-3.07244, -3.63136, -4.95176, -3.54857, -2.87688, -3.81416, -3.46765, 
0, 0, 0, 0, 0, 0, 0, 0, 0, 0, 0, 0, 0, 0, 0, 0, 0, 0, 0, 0, 0, 
0, 0.97602, 0.97583, 0.97351, 0.97256, 0.97127, 0.97188, 0.97446, 
0.97252, 0.9726, 0.96961, 0.9705, 0.97341, 0.97288, 0.97027, 
0.96907, 0.96849, 0.96971, 0.97, 0.96794, 0.97152, 0.96858, 0.96758, 
0.1425, 0.1569, 0.206, 0.2188, 0.2542, 0.2681, 0.3196, 0.3298, 
0.3863, 0.3838, 0.4462, 121.1, 152.5, 189, 174.6, 199.1, 205.2, 
212.7, 242.3, 274.9, 243.6, 279.5, 512, 500, 1541, 885, 392, 
1894, 465, 2369, 572, 894, 1012, 59, 693, 5, 55, 256, 13, 89, 
2, 76, 122, 60, 100, 100, 100, 100, 100, 100, 100, 100, 100, 
100, 100, 2500, 2500, 2500, 2500, 2500, 2500, 2500, 2500, 2500, 
2500, 2500, 10434.356, 10852.391, 12801.843, 12778.548, 13796.355, 
14435.587, 16579.688, 17681.489, 17291.961, 17992.824, 19674.323, 
4.27446, 3.25559, 3.04133, 4.20729, 4.13034, 3.73734, 6.00024, 
2.89814, 2.36467, 4.44595, 3.03804, -4.07796, -3.66769, -3.63477, 
-4.0009, -3.32948, -3.35561, -4.81951, -3.5208, -3.02126, -3.7559, 
-3.62234, 0, 0, 0, 0, 0, 0, 0, 0, 0, 0, 0, 0, 0, 0, 0, 0, 0, 
0, 0, 0, 0, 0, 0.97601, 0.97524, 0.97297, 0.97206, 0.97034, 0.97101, 
0.97406, 0.97137, 0.97188, 0.96859, 0.96985, 0.97405, 0.97229, 
0.97081, 0.96807, 0.96664, 0.96754, 0.9696, 0.96756, 0.97188, 
0.96721, 0.96791, 0.1404, 0.159, 0.194, 0.2166, 0.2401, 0.2784, 
0.3091, 0.3336, 0.3747, 0.3865, 0.4756, 131.2, 154.2, 176.8, 
176.4, 190.1, 206, 212.4, 238.8, 261.2, 242.2, 281.1, 453, 449, 
930, 94, 571, 1590, 656, 1889, 435, 1020, 2264, 2, 2, 1, 4, 3, 
1, 4, 3, 1, 4, 1, 100, 100, 100, 100, 100, 100, 100, 100, 100, 
100, 100, 2500, 2500, 2500, 2500, 2500, 2500, 2500, 2500, 2500, 
2500, 2500, 13607.763, 14970.955, 17116.766, 18693.64, 20781.782, 
22450.925, 23863.716, 25664.045, 27315.575, 29456.921, 35814.639, 
1, 1, 1, 1, 1, 1, 1, 1, 1, 1, 1, 0.04, 0.04, 0.04, 0.04, 0.04, 
0.04, 0.04, 0.04, 0.04, 0.04, 0.04, 0, 0, 0, 0, 0, 0, 0, 0, 0, 
0, 0, 0, 0, 0, 0, 0, 0, 0, 0, 0, 0, 0, 0.95527, 0.95637, 0.95459, 
0.9526, 0.95414, 0.95544, 0.95743, 0.95802, 0.95638, 0.95663, 
0.95655, 0.95592, 0.95636, 0.95459, 0.9556, 0.95089, 0.95501, 
0.95702, 0.95878, 0.95673, 0.95526, 0.95623, 0.1607, 0.1982, 
0.2354, 0.2629, 0.2929, 0.3345, 0.3522, 0.3957, 0.4578, 0.4817, 
0.5563, 204.5, 221.4, 246.8, 264.1, 285.3, 299.9, 315.4, 331.1, 
350.3, 361.6, 386.1, 1, 1, 1, 1, 1, 1, 1, 1, 1, 1, 1, 1, 1, 1, 
1, 1, 1, 1, 1, 1, 1, 1, 1, 1, 1, 1, 1, 1, 1, 1, 1, 1, 1, 1, 1, 
1, 1, 1, 1, 1, 1, 1, 1, 1, 4.135, 4.746, 5.135, 5.486, 5.751, 
6.27, 6.266, 6.805, 7.615, 7.88, 9.622), .Dim = c(11L, 40L), .Dimnames = list(
    NULL, c("Sampling", "PSO.cost", "PSO.gamma", "PSO.data.balancing", 
    "PSO.feature.selection", "PSO.valid.acc", "PSO.test.acc", 
    "PSO.train.time", "PSO.n.support.vectors", "PSO.index", "PSO.n.solutions", 
    "PSO.generations", "PSO.n.evaluations", "PSO.cpu.time", "RS.cost", 
    "RS.gamma", "RS.data.balancing", "RS.feature.selection", 
    "RS.valid.acc", "RS.test.acc", "RS.train.time", "RS.n.support.vectors", 
    "RS.index", "RS.n.solutions", "RS.generations", "RS.n.evaluations", 
    "RS.cpu.time", "DF.cost", "DF.gamma", "DF.data.balancing", 
    "DF.feature.selection", "DF.valid.acc", "DF.test.acc", "DF.train.time", 
    "DF.n.support.vectors", "DF.index", "DF.n.solutions", "DF.generations", 
    "DF.n.evaluations", "DF.cpu.time")))
