full <-
structure(c(50, 55, 60, 65, 70, 75, 80, 85, 90, 95, 100, 2.20557, 
14.99767, 9.98935, 1.2973, 5.23176, 3.03224, 2.67216, 3.81699, 
1.39977, 5.98798, 6.57597, -1.74162, -12.25296, -9.59504, -2.38794, 
-4.49354, -3.14011, -3.61332, -3.84489, -2.13966, -4.51294, -4.78926, 
0, 0, 0, 0, 0, 0, 0, 0, 0, 0, 0, 0, 0, 0, 0, 0, 0, 0, 0, 0, 0, 
0, 0.97083, 0.96935, 0.97189, 0.97006, 0.97359, 0.97319, 0.97, 
0.96832, 0.97225, 0.96858, 0.97018, 0.9663, 0.96818, 0.96756, 
0.96757, 0.96525, 0.96973, 0.96432, 0.96832, 0.96829, 0.96619, 
0.96824, 0.144, 0.1703, 0.1627, 0.1908, 0.1943, 0.2178, 0.2474, 
0.2616, 0.3472, 0.3082, 0.3504, 229.4, 156.6, 181.4, 236.9, 192.9, 
216.7, 243.6, 232.7, 328.3, 240.9, 259.8, 282, 2095, 315, 858, 
1160, 775, 1074, 331, 1564, 1604, 1195, 444, 1, 267, 152, 107, 
270, 95, 390, 35, 38, 84, 100, 100, 100, 100, 100, 100, 100, 
100, 100, 100, 100, 2500, 2500, 2500, 2500, 2500, 2500, 2500, 
2500, 2500, 2500, 2500, 11809.572, 13920.01, 14217.581, 14228.144, 
15311.874, 15815.254, 16529.862, 17106.516, 18865.959, 17102.018, 
16179.908, 2.19555, 3.23487, 3.49549, 1.24393, 4.72465, 2.84532, 
2.51237, 1.82059, 4.74247, 5.5595, 6.01062, -1.58147, -2.44361, 
-1.77692, -2.45807, -4.22447, -2.93223, -3.54303, -2.49891, -4.14, 
-4.26349, -4.71137, 0, 0, 0, 0, 0, 0, 0, 0, 0, 0, 0, 0, 0, 0, 
0, 0, 0, 0, 0, 0, 0, 0, 0.96954, 0.96994, 0.97243, 0.97006, 0.9722, 
0.97233, 0.96919, 0.96756, 0.97153, 0.96858, 0.96986, 0.9663, 
0.96523, 0.96918, 0.96707, 0.96757, 0.96973, 0.96513, 0.96641, 
0.96901, 0.96619, 0.96726, 0.1598, 0.137, 0.1713, 0.1914, 0.1894, 
0.2223, 0.2448, 0.2966, 0.2873, 0.3058, 0.3497, 244.3, 175.8, 
206.6, 235.3, 193.3, 223.6, 245, 284.7, 239.7, 240.7, 265.3, 
277, 1118, 351, 1745, 1568, 1933, 1304, 655, 635, 1936, 1995, 
1, 1, 3, 1, 2, 1, 1, 3, 1, 1, 1, 100, 100, 100, 100, 100, 100, 
100, 100, 100, 100, 100, 2500, 2500, 2500, 2500, 2500, 2500, 
2500, 2500, 2500, 2500, 2500, 15063.927, 15705.314, 16919.289, 
17971.605, 19652.858, 21024.512, 22818.836, 23807.543, 26161.481, 
24549.648, 26861.779, 1, 1, 1, 1, 1, 1, 1, 1, 1, 1, 1, 0.04, 
0.04, 0.04, 0.04, 0.04, 0.04, 0.04, 0.04, 0.04, 0.04, 0.04, 0, 
0, 0, 0, 0, 0, 0, 0, 0, 0, 0, 0, 0, 0, 0, 0, 0, 0, 0, 0, 0, 0, 
0.94165, 0.94221, 0.94758, 0.95011, 0.95135, 0.95156, 0.95012, 
0.95458, 0.95639, 0.95628, 0.95591, 0.94296, 0.94045, 0.94757, 
0.94861, 0.95087, 0.95026, 0.95093, 0.95305, 0.95639, 0.9556, 
0.95494, 0.1303, 0.1522, 0.1766, 0.1956, 0.2206, 0.2494, 0.2815, 
0.3117, 0.3463, 0.3705, 0.4115, 217.8, 232.1, 247.2, 261.4, 279.6, 
297.8, 320.3, 332.6, 349.7, 360.6, 387.5, 1, 1, 1, 1, 1, 1, 1, 
1, 1, 1, 1, 1, 1, 1, 1, 1, 1, 1, 1, 1, 1, 1, 1, 1, 1, 1, 1, 1, 
1, 1, 1, 1, 1, 1, 1, 1, 1, 1, 1, 1, 1, 1, 1, 1, 5.076, 5.187, 
5.412, 5.583, 5.993, 6.24, 6.679, 6.99, 7.264, 6.551, 6.818), .Dim = c(11L, 
40L), .Dimnames = list(NULL, c("Sampling", "PSO.cost", "PSO.gamma", 
"PSO.data.balancing", "PSO.feature.selection", "PSO.valid.acc", 
"PSO.test.acc", "PSO.train.time", "PSO.n.support.vectors", "PSO.index", 
"PSO.n.solutions", "PSO.generations", "PSO.n.evaluations", "PSO.cpu.time", 
"RS.cost", "RS.gamma", "RS.data.balancing", "RS.feature.selection", 
"RS.valid.acc", "RS.test.acc", "RS.train.time", "RS.n.support.vectors", 
"RS.index", "RS.n.solutions", "RS.generations", "RS.n.evaluations", 
"RS.cpu.time", "DF.cost", "DF.gamma", "DF.data.balancing", "DF.feature.selection", 
"DF.valid.acc", "DF.test.acc", "DF.train.time", "DF.n.support.vectors", 
"DF.index", "DF.n.solutions", "DF.generations", "DF.n.evaluations", 
"DF.cpu.time")))
