full <-
structure(c(50, 55, 60, 65, 70, 75, 80, 85, 90, 95, 100, 1.68733, 
15, 14.95449, 3.07177, 12.71243, 15, 14.76527, 2.91542, 2.86935, 
4.43815, 5.34552, -3.25577, -12.34488, -11.58484, -4.62652, -12.22761, 
-12.11991, -12.57092, -3.73683, -3.32235, -3.97244, -4.47255, 
0, 0, 0, 0, 0, 0, 0, 0, 0, 0, 0, 0, 0, 0, 0, 0, 0, 0, 0, 0, 0, 
0, 0.96953, 0.97113, 0.96757, 0.96957, 0.96988, 0.96669, 0.96838, 
0.97214, 0.97044, 0.97029, 0.97114, 0.96564, 0.97053, 0.96216, 
0.96807, 0.96756, 0.96409, 0.96555, 0.97022, 0.96683, 0.96619, 
0.96693, 0.1521, 0.2059, 0.3095, 0.2261, 0.2841, 0.4017, 0.4081, 
0.3472, 0.3549, 0.4117, 0.4797, 164.1, 149.8, 183.3, 212.3, 215.2, 
226.6, 235.4, 252, 250.6, 249.8, 266.5, 863, 410, 616, 886, 309, 
1978, 1820, 484, 2018, 550, 927, 33, 17, 63, 84, 143, 2, 1, 205, 
18, 120, 184, 100, 100, 100, 100, 100, 100, 100, 100, 100, 100, 
100, 2500, 2500, 2500, 2500, 2500, 2500, 2500, 2500, 2500, 2500, 
2500, 11651.48, 12402.732, 14580.81, 14493.212, 15070.966, 18638.601, 
18295.798, 17183.008, 22633.836, 18789.982, 20964.3860000001, 
5.93228, 14.7666, 13.99756, 3.69723, 13.70754, 1.11643, 14.17306, 
2.78062, 2.67266, 4.67248, 4.71872, -4.04002, -12.24183, -11.47596, 
-2.65665, -12.64356, -1.16641, -12.92516, -3.76637, -3.23879, 
-4.13438, -4.07512, 0, 0, 0, 0, 0, 0, 0, 0, 0, 0, 0, 0, 0, 0, 
0, 0, 0, 0, 0, 0, 0, 0, 0.96953, 0.97054, 0.96757, 0.96858, 0.96942, 
0.96713, 0.96717, 0.97175, 0.97008, 0.96995, 0.97017, 0.96757, 
0.97053, 0.96324, 0.96509, 0.96803, 0.96496, 0.96595, 0.9706, 
0.96647, 0.96756, 0.96725, 0.1468, 0.2067, 0.2659, 0.2154, 0.2908, 
0.4871, 0.3671, 0.349, 0.3825, 0.4214, 0.4684, 125.6, 150.5, 
184.1, 178.9, 212.1, 419.2, 238.6, 254.6, 252.5, 251, 264.8, 
1728, 2259, 1115, 1567, 1307, 2196, 1898, 751, 1364, 745, 570, 
1, 4, 3, 1, 4, 1, 1, 1, 1, 1, 2, 100, 100, 100, 100, 100, 100, 
100, 100, 100, 100, 100, 2500, 2500, 2500, 2500, 2500, 2500, 
2500, 2500, 2500, 2500, 2500, 14429.642, 16272.623, 18203.651, 
20027.582, 21714.577, 22543.962, 24135.199, 26671.883, 28340.597, 
31616.92, 35174.34, 1, 1, 1, 1, 1, 1, 1, 1, 1, 1, 1, 0.04, 0.04, 
0.04, 0.04, 0.04, 0.04, 0.04, 0.04, 0.04, 0.04, 0.04, 0, 0, 0, 
0, 0, 0, 0, 0, 0, 0, 0, 0, 0, 0, 0, 0, 0, 0, 0, 0, 0, 0, 0.95202, 
0.95284, 0.95081, 0.95458, 0.9532, 0.95372, 0.95419, 0.95649, 
0.95746, 0.95663, 0.95558, 0.95139, 0.95342, 0.95081, 0.95159, 
0.95182, 0.95242, 0.95459, 0.95458, 0.95747, 0.95868, 0.95656, 
0.1743, 0.2022, 0.2376, 0.2675, 0.2989, 0.3357, 0.3771, 0.4098, 
0.4292, 0.4733, 0.5583, 212.5, 236.9, 256.4, 274.9, 291.4, 310.3, 
323.6, 336.9, 350.9, 362.1, 387.1, 1, 1, 1, 1, 1, 1, 1, 1, 1, 
1, 1, 1, 1, 1, 1, 1, 1, 1, 1, 1, 1, 1, 1, 1, 1, 1, 1, 1, 1, 1, 
1, 1, 1, 1, 1, 1, 1, 1, 1, 1, 1, 1, 1, 1, 4.654, 5.044, 5.329, 
5.711, 5.89, 6.39, 6.762, 7.156, 7.413, 7.955, 8.93), .Dim = c(11L, 
40L), .Dimnames = list(NULL, c("Sampling", "PSO.cost", "PSO.gamma", 
"PSO.data.balancing", "PSO.feature.selection", "PSO.valid.acc", 
"PSO.test.acc", "PSO.train.time", "PSO.n.support.vectors", "PSO.index", 
"PSO.n.solutions", "PSO.generations", "PSO.n.evaluations", "PSO.cpu.time", 
"RS.cost", "RS.gamma", "RS.data.balancing", "RS.feature.selection", 
"RS.valid.acc", "RS.test.acc", "RS.train.time", "RS.n.support.vectors", 
"RS.index", "RS.n.solutions", "RS.generations", "RS.n.evaluations", 
"RS.cpu.time", "DF.cost", "DF.gamma", "DF.data.balancing", "DF.feature.selection", 
"DF.valid.acc", "DF.test.acc", "DF.train.time", "DF.n.support.vectors", 
"DF.index", "DF.n.solutions", "DF.generations", "DF.n.evaluations", 
"DF.cpu.time")))
