full <-
structure(c(50, 55, 60, 65, 70, 75, 80, 85, 90, 95, 100, 3.29845, 
1.26634, 2.67811, 2.91779, 2.44772, 2.04632, 2.06372, 3.72967, 
6.97745, 5.29011, 0.95236, -3.37278, -3.36817, -2.90401, -3.08724, 
-2.81971, -2.81999, -3.10052, -3.42164, -7.13928, -4.24611, -1.95613, 
0, 0, 0, 0, 0, 0, 0, 0, 0, 0, 0, 0, 0, 0, 0, 0, 0, 0, 0, 0, 0, 
0, 0.97146, 0.96815, 0.9735, 0.97605, 0.97404, 0.97188, 0.97203, 
0.97139, 0.969, 0.96823, 0.96986, 0.97016, 0.964, 0.96918, 0.97554, 
0.96941, 0.96756, 0.96918, 0.96643, 0.9672, 0.96584, 0.96661, 
0.1459, 0.178, 0.199, 0.2223, 0.2727, 0.3087, 0.3158, 0.343, 
0.3976, 0.4004, 0.6038, 147.7, 195.8, 192.1, 195.5, 224.2, 243.4, 
253.6, 239.5, 272.8, 252.7, 389.9, 204, 464, 2439, 118, 386, 
858, 291, 1264, 1173, 1721, 844, 321, 101, 1, 139, 591, 287, 
144, 163, 42, 197, 37, 100, 100, 100, 100, 100, 100, 100, 100, 
100, 100, 100, 2500, 2500, 2500, 2500, 2500, 2500, 2500, 2500, 
2500, 2500, 2500, 11967.969, 11887.942, 12627.267, 13369.733, 
14311.562, 14556.451, 16097.518, 17548.403, 18992.811, 19267.39, 
22514.724, 2.09097, 1.74804, 1.88797, 2.97919, 1.43921, 2.80897, 
3.1216, 3.89507, 6.84881, 5.64064, 8.47726, -2.72429, -3.81981, 
-3.13648, -3.09974, -2.39203, -3.21612, -3.59714, -3.51776, -7.00995, 
-4.40804, -5.73586, 0, 0, 0, 0, 0, 0, 0, 0, 0, 0, 0, 0, 0, 0, 
0, 0, 0, 0, 0, 0, 0, 0, 0.97081, 0.96698, 0.97241, 0.97555, 0.97312, 
0.97102, 0.97162, 0.97101, 0.96864, 0.96789, 0.96856, 0.96952, 
0.96518, 0.96809, 0.97554, 0.96941, 0.96799, 0.96878, 0.96643, 
0.9672, 0.96516, 0.96661, 0.1644, 0.1779, 0.204, 0.2217, 0.2859, 
0.2816, 0.3172, 0.3456, 0.4069, 0.4209, 0.5332, 181.3, 185, 200.6, 
193.9, 258.7, 214.7, 227.3, 236.7, 271.8, 251.1, 263.8, 1396, 
1050, 1874, 1071, 1953, 760, 2267, 191, 503, 1991, 475, 1, 2, 
1, 2, 1, 2, 1, 1, 3, 1, 2, 100, 100, 100, 100, 100, 100, 100, 
100, 100, 100, 100, 2500, 2500, 2500, 2500, 2500, 2500, 2500, 
2500, 2500, 2500, 2500, 14645.191, 15999.554, 17486.748, 18548.819, 
19973.389, 22338.564, 24422.893, 26567.537, 28176.691, 31231.925, 
33782.267, 1, 1, 1, 1, 1, 1, 1, 1, 1, 1, 1, 0.04, 0.04, 0.04, 
0.04, 0.04, 0.04, 0.04, 0.04, 0.04, 0.04, 0.04, 0, 0, 0, 0, 0, 
0, 0, 0, 0, 0, 0, 0, 0, 0, 0, 0, 0, 0, 0, 0, 0, 0, 0.95786, 0.95577, 
0.95786, 0.96057, 0.962, 0.9602, 0.95945, 0.95801, 0.9571, 0.95389, 
0.95753, 0.95526, 0.95695, 0.9584, 0.96257, 0.96247, 0.95977, 
0.96067, 0.95763, 0.95639, 0.9556, 0.95753, 0.1712, 0.1988, 0.2245, 
0.2448, 0.2787, 0.319, 0.387, 0.4062, 0.4346, 0.4815, 0.5348, 
208.4, 227.3, 241.3, 259.5, 279.8, 297.6, 321.2, 336.7, 353.4, 
370.3, 386.5, 1, 1, 1, 1, 1, 1, 1, 1, 1, 1, 1, 1, 1, 1, 1, 1, 
1, 1, 1, 1, 1, 1, 1, 1, 1, 1, 1, 1, 1, 1, 1, 1, 1, 1, 1, 1, 1, 
1, 1, 1, 1, 1, 1, 1, 4.519, 4.859, 5.049, 5.179, 5.529, 5.965, 
6.889, 7.017, 7.271, 7.801, 8.595), .Dim = c(11L, 40L), .Dimnames = list(
    NULL, c("Sampling", "PSO.cost", "PSO.gamma", "PSO.data.balancing", 
    "PSO.feature.selection", "PSO.valid.acc", "PSO.test.acc", 
    "PSO.train.time", "PSO.n.support.vectors", "PSO.index", "PSO.n.solutions", 
    "PSO.generations", "PSO.n.evaluations", "PSO.cpu.time", "RS.cost", 
    "RS.gamma", "RS.data.balancing", "RS.feature.selection", 
    "RS.valid.acc", "RS.test.acc", "RS.train.time", "RS.n.support.vectors", 
    "RS.index", "RS.n.solutions", "RS.generations", "RS.n.evaluations", 
    "RS.cpu.time", "DF.cost", "DF.gamma", "DF.data.balancing", 
    "DF.feature.selection", "DF.valid.acc", "DF.test.acc", "DF.train.time", 
    "DF.n.support.vectors", "DF.index", "DF.n.solutions", "DF.generations", 
    "DF.n.evaluations", "DF.cpu.time")))
