full <-
structure(c(50, 55, 60, 65, 70, 75, 80, 85, 90, 95, 100, 3.46772, 
9.6705, 2.31471, 2.72761, 1.9536, 3.67706, 3.01541, 4.79649, 
6.27896, 2.27392, 5.68273, -3.31883, -9.1396, -3.85594, -3.38489, 
-2.29591, -4.28392, -4.27907, -5.08766, -3.78609, -2.92167, -4.30898, 
0, 0, 0, 0, 0, 0, 0, 0, 0, 0, 0, 0, 0, 0, 0, 0, 0, 0, 0, 0, 0, 
0, 0.96498, 0.96521, 0.96596, 0.96857, 0.96709, 0.96972, 0.96675, 
0.96717, 0.96938, 0.96891, 0.9718, 0.95979, 0.96226, 0.96271, 
0.96557, 0.96662, 0.96755, 0.96432, 0.96564, 0.96541, 0.9679, 
0.96662, 0.1486, 0.1859, 0.2095, 0.2365, 0.2953, 0.2833, 0.3168, 
0.3654, 0.3575, 0.4337, 0.4728, 161.5, 181.2, 215.7, 210.7, 260.1, 
221.9, 248.2, 255.1, 220.4, 275.9, 259.3, 454, 417, 949, 417, 
1482, 1090, 1101, 430, 1075, 677, 1360, 284, 529, 115, 499, 46, 
36, 257, 50, 64, 106, 14, 100, 100, 100, 100, 100, 100, 100, 
100, 100, 100, 100, 2500, 2500, 2500, 2500, 2500, 2500, 2500, 
2500, 2500, 2500, 2500, 10921.798, 11800.48, 12520.806, 13038.797, 
15254.31, 14762.428, 16304.572, 16443.875, 17273.812, 21228.437, 
22629.721, 3.3922, 9.98763, 2.66109, 2.7583, 0.16276, 3.50904, 
3.49665, 4.18351, 6.57838, 2.93784, 4.37662, -3.15954, -9.50392, 
-4.0802, -3.20613, -1.42814, -4.01875, -4.51572, -4.70687, -3.92769, 
-3.17548, -3.72704, 0, 0, 0, 0, 0, 0, 0, 0, 0, 0, 0, 0, 0, 0, 
0, 0, 0, 0, 0, 0, 0, 0, 0.96369, 0.96521, 0.96541, 0.96708, 0.96661, 
0.96842, 0.96553, 0.96641, 0.96902, 0.96822, 0.97116, 0.95915, 
0.96227, 0.96487, 0.96657, 0.96616, 0.96756, 0.96553, 0.96526, 
0.96469, 0.96892, 0.96791, 0.1479, 0.1862, 0.2063, 0.2363, 0.4263, 
0.282, 0.33, 0.3614, 0.3926, 0.411, 0.462, 159.9, 181.3, 213.1, 
211.2, 402.7, 219.2, 248.1, 254.5, 219.1, 266.3, 261, 1942, 1513, 
661, 1956, 2415, 755, 1387, 220, 1586, 2317, 636, 1, 2, 1, 2, 
1, 2, 2, 1, 1, 1, 1, 100, 100, 100, 100, 100, 100, 100, 100, 
100, 100, 100, 2500, 2500, 2500, 2500, 2500, 2500, 2500, 2500, 
2500, 2500, 2500, 14477.456, 15531.979, 17090.038, 19050.986, 
20257.881, 22006.833, 23952.448, 25617.867, 29347.43, 32960.145, 
37001.303, 1, 1, 1, 1, 1, 1, 1, 1, 1, 1, 1, 0.04, 0.04, 0.04, 
0.04, 0.04, 0.04, 0.04, 0.04, 0.04, 0.04, 0.04, 0, 0, 0, 0, 0, 
0, 0, 0, 0, 0, 0, 0, 0, 0, 0, 0, 0, 0, 0, 0, 0, 0, 0.94295, 0.94987, 
0.94974, 0.9521, 0.95503, 0.95675, 0.95417, 0.95306, 0.95314, 
0.95458, 0.9556, 0.94035, 0.94929, 0.94812, 0.9536, 0.95503, 
0.95761, 0.95498, 0.95497, 0.9535, 0.95459, 0.9556, 0.1679, 0.2017, 
0.2565, 0.2763, 0.3052, 0.3198, 0.3756, 0.4165, 0.4603, 0.4981, 
0.5568, 220.6, 241.2, 271.2, 282.9, 297.5, 302.4, 321.8, 336.1, 
355.9, 369.8, 386, 1, 1, 1, 1, 1, 1, 1, 1, 1, 1, 1, 1, 1, 1, 
1, 1, 1, 1, 1, 1, 1, 1, 1, 1, 1, 1, 1, 1, 1, 1, 1, 1, 1, 1, 1, 
1, 1, 1, 1, 1, 1, 1, 1, 1, 4.416, 4.681, 5.335, 5.527, 5.835, 
5.968, 6.62, 7.068, 8.274, 8.882, 9.485), .Dim = c(11L, 40L), .Dimnames = list(
    NULL, c("Sampling", "PSO.cost", "PSO.gamma", "PSO.data.balancing", 
    "PSO.feature.selection", "PSO.valid.acc", "PSO.test.acc", 
    "PSO.train.time", "PSO.n.support.vectors", "PSO.index", "PSO.n.solutions", 
    "PSO.generations", "PSO.n.evaluations", "PSO.cpu.time", "RS.cost", 
    "RS.gamma", "RS.data.balancing", "RS.feature.selection", 
    "RS.valid.acc", "RS.test.acc", "RS.train.time", "RS.n.support.vectors", 
    "RS.index", "RS.n.solutions", "RS.generations", "RS.n.evaluations", 
    "RS.cpu.time", "DF.cost", "DF.gamma", "DF.data.balancing", 
    "DF.feature.selection", "DF.valid.acc", "DF.test.acc", "DF.train.time", 
    "DF.n.support.vectors", "DF.index", "DF.n.solutions", "DF.generations", 
    "DF.n.evaluations", "DF.cpu.time")))
