full <-
structure(c(50, 55, 60, 65, 70, 75, 80, 85, 90, 95, 100, 1.52097, 
1.49906, 1.3993, 0.08554, 1.75239, 3.1979, 4.22112, 3.56927, 
2.82858, 4.28679, 1.63014, -2.40281, -2.96856, -2.45235, -1.80401, 
-2.94942, -2.67417, -2.63453, -1.98589, -3.67324, -4.35855, -3.2043, 
0, 0, 0, 0, 0, 0, 0, 0, 0, 0, 0, 0, 0, 0, 0, 0, 0, 0, 0, 0, 0, 
0, 0.96887, 0.9664, 0.96757, 0.96507, 0.96851, 0.96672, 0.96796, 
0.96681, 0.969, 0.97131, 0.97083, 0.96303, 0.96346, 0.96485, 
0.96308, 0.9648, 0.96455, 0.96431, 0.96412, 0.96756, 0.9679, 
0.96661, 0.1789, 0.1775, 0.2236, 0.3398, 0.2698, 0.2833, 0.2951, 
0.3587, 0.3964, 0.4055, 0.4778, 203.1, 189, 227.8, 336.1, 234.8, 
217, 207.4, 255.6, 265.9, 267.4, 309.2, 365, 844, 810, 317, 805, 
498, 74, 1668, 1593, 2287, 1024, 663, 210, 135, 68, 596, 369, 
63, 3, 89, 1, 129, 100, 100, 100, 100, 100, 100, 100, 100, 100, 
100, 100, 2500, 2500, 2500, 2500, 2500, 2500, 2500, 2500, 2500, 
2500, 2500, 11999.749, 12071.95, 13474.472, 15318.786, 14522.913, 
14818.999, 16198.268, 19603.051, 18731.921, 18099.133, 20510.963, 
1.38046, 1.26746, 0.98429, 2.00598, 1.59104, 3.43906, 5.45012, 
3.50035, 3.38443, 5.75349, 1.51537, -2.35095, -1.94589, -2.36497, 
-2.30809, -2.29824, -2.78925, -4.39143, -1.96445, -3.60262, -4.88849, 
-3.23106, 0, 0, 0, 0, 0, 0, 0, 0, 0, 0, 0, 0, 0, 0, 0, 0, 0, 
0, 0, 0, 0, 0, 0.96757, 0.96464, 0.96649, 0.96506, 0.96805, 0.96628, 
0.96714, 0.96642, 0.96757, 0.97029, 0.97083, 0.96303, 0.96229, 
0.96539, 0.96457, 0.96526, 0.96498, 0.96512, 0.96451, 0.96684, 
0.96859, 0.96661, 0.1746, 0.2317, 0.2383, 0.2645, 0.3226, 0.2879, 
0.3164, 0.3956, 0.3854, 0.4264, 0.4746, 209.9, 254.8, 246.9, 
248, 277.7, 214.5, 224.9, 259.5, 253, 260.4, 313.2, 848, 1731, 
797, 2072, 618, 179, 348, 2489, 95, 110, 245, 3, 2, 1, 1, 1, 
1, 1, 2, 2, 4, 1, 100, 100, 100, 100, 100, 100, 100, 100, 100, 
100, 100, 2500, 2500, 2500, 2500, 2500, 2500, 2500, 2500, 2500, 
2500, 2500, 14639.017, 16066.685, 17803.302, 19158.258, 20503.958, 
22465.842, 24572.616, 27318.194, 29173.689, 30311.18, 33240.0820000001, 
1, 1, 1, 1, 1, 1, 1, 1, 1, 1, 1, 0.04, 0.04, 0.04, 0.04, 0.04, 
0.04, 0.04, 0.04, 0.04, 0.04, 0.04, 0, 0, 0, 0, 0, 0, 0, 0, 0, 
0, 0, 0, 0, 0, 0, 0, 0, 0, 0, 0, 0, 0, 0.94942, 0.9493, 0.94756, 
0.94911, 0.94903, 0.94898, 0.95214, 0.95421, 0.95637, 0.95527, 
0.95689, 0.94812, 0.94989, 0.94864, 0.94911, 0.94949, 0.94725, 
0.95092, 0.95383, 0.95385, 0.95595, 0.95592, 0.1717, 0.2093, 
0.2366, 0.2611, 0.3095, 0.3437, 0.3826, 0.4318, 0.4703, 0.4804, 
0.5454, 220.3, 239.5, 259.3, 278.9, 292, 306.7, 320.1, 340.4, 
353.4, 370, 386.3, 1, 1, 1, 1, 1, 1, 1, 1, 1, 1, 1, 1, 1, 1, 
1, 1, 1, 1, 1, 1, 1, 1, 1, 1, 1, 1, 1, 1, 1, 1, 1, 1, 1, 1, 1, 
1, 1, 1, 1, 1, 1, 1, 1, 1, 4.456, 4.842, 5.233, 5.276, 5.936, 
6.418, 6.788, 7.399, 7.868, 7.559, 8.607), .Dim = c(11L, 40L), .Dimnames = list(
    NULL, c("Sampling", "PSO.cost", "PSO.gamma", "PSO.data.balancing", 
    "PSO.feature.selection", "PSO.valid.acc", "PSO.test.acc", 
    "PSO.train.time", "PSO.n.support.vectors", "PSO.index", "PSO.n.solutions", 
    "PSO.generations", "PSO.n.evaluations", "PSO.cpu.time", "RS.cost", 
    "RS.gamma", "RS.data.balancing", "RS.feature.selection", 
    "RS.valid.acc", "RS.test.acc", "RS.train.time", "RS.n.support.vectors", 
    "RS.index", "RS.n.solutions", "RS.generations", "RS.n.evaluations", 
    "RS.cpu.time", "DF.cost", "DF.gamma", "DF.data.balancing", 
    "DF.feature.selection", "DF.valid.acc", "DF.test.acc", "DF.train.time", 
    "DF.n.support.vectors", "DF.index", "DF.n.solutions", "DF.generations", 
    "DF.n.evaluations", "DF.cpu.time")))
