full <-
structure(c(50, 55, 60, 65, 70, 75, 80, 85, 90, 95, 100, 4.23643, 
3.0243, 4.36803, 0.84137, 2.33219, 3.23494, 2.19417, 3.83367, 
0.31937, 4.35044, 8.77162, -2.96449, -3.09175, -3.54536, -1.2861, 
-2.6102, -3.03674, -3.49118, -3.50348, -1.19081, -4.31999, -3.81864, 
0, 0, 0, 0, 0, 0, 0, 0, 0, 0, 0, 0, 0, 0, 0, 0, 0, 0, 0, 0, 0, 
0, 0.9585, 0.96462, 0.96487, 0.96407, 0.96571, 0.96539, 0.96635, 
0.96946, 0.96648, 0.97131, 0.96953, 0.95785, 0.95754, 0.96324, 
0.95611, 0.96108, 0.96106, 0.96391, 0.96794, 0.9618, 0.96858, 
0.96434, 0.1563, 0.1921, 0.2119, 0.375, 0.2859, 0.285, 0.3243, 
0.3547, 0.6671, 0.4164, 0.5777, 157.2, 194.4, 189.6, 389.3, 248.8, 
230.2, 261.4, 248, 502.1, 273.6, 217.2, 1365, 438, 1985, 183, 
913, 1055, 987, 1600, 1591, 920, 914, 10, 168, 6, 189, 82, 227, 
166, 12, 70, 199, 95, 100, 100, 100, 100, 100, 100, 100, 100, 
100, 100, 100, 2500, 2500, 2500, 2500, 2500, 2500, 2500, 2500, 
2500, 2500, 2500, 11660.585, 12644.418, 12781.037, 16495.257, 
15285.35, 15483.024, 16725.253, 18760.662, 26125.211, 20914.146, 
25940.312, 4.84364, 3.68502, 4.80484, 0.64531, 2.868, 3.19245, 
2.29563, 3.54999, 0.79693, 4.02241, 4.00922, -3.12958, -3.29338, 
-3.798, -1.14714, -3.05371, -3.11238, -3.60362, -3.37072, -2.05744, 
-4.13441, -2.93277, 0, 0, 0, 0, 0, 0, 0, 0, 0, 0, 0, 0, 0, 0, 
0, 0, 0, 0, 0, 0, 0, 0, 0.9572, 0.96344, 0.9638, 0.96307, 0.96478, 
0.96409, 0.96594, 0.9687, 0.96504, 0.97063, 0.96921, 0.95591, 
0.95931, 0.96216, 0.95511, 0.96246, 0.96149, 0.96391, 0.96603, 
0.96468, 0.96858, 0.96856, 0.1566, 0.191, 0.2078, 0.3947, 0.2814, 
0.284, 0.3307, 0.3545, 0.4801, 0.4276, 0.4617, 152.8, 188.3, 
190.1, 412.1, 236.4, 231.3, 261.2, 248.8, 355, 275.2, 254.1, 
351, 455, 1466, 1971, 960, 1984, 726, 517, 658, 1547, 157, 2, 
1, 2, 1, 2, 1, 1, 1, 1, 2, 7, 100, 100, 100, 100, 100, 100, 100, 
100, 100, 100, 100, 2500, 2500, 2500, 2500, 2500, 2500, 2500, 
2500, 2500, 2500, 2500, 15301.633, 16181.387, 18024.975, 19356.081, 
20874.091, 22532.611, 25096.905, 30090.861, 30819.972, 33477.802, 
38277.014, 1, 1, 1, 1, 1, 1, 1, 1, 1, 1, 1, 0.04, 0.04, 0.04, 
0.04, 0.04, 0.04, 0.04, 0.04, 0.04, 0.04, 0.04, 0, 0, 0, 0, 0, 
0, 0, 0, 0, 0, 0, 0, 0, 0, 0, 0, 0, 0, 0, 0, 0, 0, 0.9384, 0.93809, 
0.94376, 0.94263, 0.94764, 0.94939, 0.95215, 0.94847, 0.95134, 
0.95492, 0.95656, 0.93839, 0.93809, 0.9427, 0.94361, 0.94532, 
0.94809, 0.95175, 0.94885, 0.95314, 0.95492, 0.95624, 0.184, 
0.2086, 0.2502, 0.2751, 0.3084, 0.35, 0.3839, 0.4315, 0.4739, 
0.51, 0.5628, 233.5, 256.5, 276.1, 297.2, 309.9, 319.6, 332.3, 
351, 363, 375.6, 385.5, 1, 1, 1, 1, 1, 1, 1, 1, 1, 1, 1, 1, 1, 
1, 1, 1, 1, 1, 1, 1, 1, 1, 1, 1, 1, 1, 1, 1, 1, 1, 1, 1, 1, 1, 
1, 1, 1, 1, 1, 1, 1, 1, 1, 1, 4.768, 5.007, 5.279, 5.571, 6.013, 
6.446, 6.881, 8.137, 8.529, 9.16, 9.97), .Dim = c(11L, 40L), .Dimnames = list(
    NULL, c("Sampling", "PSO.cost", "PSO.gamma", "PSO.data.balancing", 
    "PSO.feature.selection", "PSO.valid.acc", "PSO.test.acc", 
    "PSO.train.time", "PSO.n.support.vectors", "PSO.index", "PSO.n.solutions", 
    "PSO.generations", "PSO.n.evaluations", "PSO.cpu.time", "RS.cost", 
    "RS.gamma", "RS.data.balancing", "RS.feature.selection", 
    "RS.valid.acc", "RS.test.acc", "RS.train.time", "RS.n.support.vectors", 
    "RS.index", "RS.n.solutions", "RS.generations", "RS.n.evaluations", 
    "RS.cpu.time", "DF.cost", "DF.gamma", "DF.data.balancing", 
    "DF.feature.selection", "DF.valid.acc", "DF.test.acc", "DF.train.time", 
    "DF.n.support.vectors", "DF.index", "DF.n.solutions", "DF.generations", 
    "DF.n.evaluations", "DF.cpu.time")))
