full <-
structure(c(50, 55, 60, 65, 70, 75, 80, 85, 90, 95, 100, 15, 
4.16386, 8.59484, 2.31365, 2.24087, 4.42286, 3.50515, 5.69825, 
2.35111, 3.14067, 1.22732, -12.01494, -3.88105, -9.44911, -3.06195, 
-3.3503, -2.47094, -3.87678, -5.34524, -2.55173, -3.90563, -2.35522, 
0, 0, 0, 0, 0, 0, 0, 0, 0, 0, 0, 0, 0, 0, 0, 0, 0, 0, 0, 0, 0, 
0, 0.97212, 0.97111, 0.96758, 0.96857, 0.97127, 0.96844, 0.96958, 
0.96793, 0.9726, 0.97234, 0.96856, 0.96759, 0.96816, 0.96596, 
0.96507, 0.96802, 0.96498, 0.96715, 0.96144, 0.9708, 0.96994, 
0.96662, 0.1811, 0.1755, 0.2152, 0.2243, 0.2607, 0.2684, 0.3216, 
0.3529, 0.3647, 0.4198, 0.5405, 133.9, 156.4, 189.3, 197.7, 217.7, 
187.6, 227.8, 239.2, 248.2, 272.3, 350.7, 1260, 1793, 1052, 1392, 
2344, 451, 466, 2482, 1031, 2202, 735, 3, 12, 159, 43, 2, 64, 
65, 129, 60, 9, 59, 100, 100, 100, 100, 100, 100, 100, 100, 100, 
100, 100, 2500, 2500, 2500, 2500, 2500, 2500, 2500, 2500, 2500, 
2500, 2500, 11145.776, 14338.26, 14881.898, 16154.16, 14157.296, 
14365.084, 15689.272, 16606.049, 17554.844, 18304.258, 21994.532, 
12.87899, 2.83949, 2.74664, 2.27041, 2.8117, 4.88064, 3.51268, 
5.19692, 1.75547, 3.16981, 1.20441, -11.5638, -3.00994, -2.43051, 
-3.03809, -3.38454, -2.59001, -3.89517, -4.92307, -2.44249, -3.97948, 
-2.36665, 0, 0, 0, 0, 0, 0, 0, 0, 0, 0, 0, 0, 0, 0, 0, 0, 0, 
0, 0, 0, 0, 0, 0.97148, 0.97054, 0.96813, 0.96807, 0.97081, 0.96714, 
0.96917, 0.96717, 0.97152, 0.97165, 0.96856, 0.96759, 0.96935, 
0.96704, 0.96457, 0.96895, 0.96541, 0.96715, 0.9622, 0.96935, 
0.9696, 0.96662, 0.1578, 0.1748, 0.2017, 0.2235, 0.2521, 0.2675, 
0.306, 0.3468, 0.3514, 0.4199, 0.5568, 140, 163.5, 181.4, 198.1, 
209.2, 182.1, 227.8, 235.3, 261.7, 272.8, 350.8, 754, 2120, 1317, 
341, 1561, 1345, 864, 1205, 1043, 79, 1436, 3, 1, 1, 1, 2, 1, 
2, 2, 1, 2, 1, 100, 100, 100, 100, 100, 100, 100, 100, 100, 100, 
100, 2500, 2500, 2500, 2500, 2500, 2500, 2500, 2500, 2500, 2500, 
2500, 14093.504, 18007.207, 19352.745, 20698.265, 20337.187, 
21800.342, 24281.158, 26289.293, 26493.244, 31311.881, 33965.278, 
1, 1, 1, 1, 1, 1, 1, 1, 1, 1, 1, 0.04, 0.04, 0.04, 0.04, 0.04, 
0.04, 0.04, 0.04, 0.04, 0.04, 0.04, 0, 0, 0, 0, 0, 0, 0, 0, 0, 
0, 0, 0, 0, 0, 0, 0, 0, 0, 0, 0, 0, 0, 0.94424, 0.94458, 0.94976, 
0.9511, 0.94855, 0.95115, 0.95174, 0.9538, 0.95529, 0.95628, 
0.95528, 0.94295, 0.94637, 0.95084, 0.9506, 0.94763, 0.95115, 
0.95133, 0.95418, 0.95601, 0.95628, 0.95657, 0.1645, 0.2048, 
0.227, 0.2567, 0.2859, 0.3155, 0.3764, 0.4057, 0.4294, 0.5033, 
0.5576, 203.8, 230.2, 245.4, 265.2, 288, 299.8, 315.9, 327.3, 
346.5, 369.5, 386.5, 1, 1, 1, 1, 1, 1, 1, 1, 1, 1, 1, 1, 1, 1, 
1, 1, 1, 1, 1, 1, 1, 1, 1, 1, 1, 1, 1, 1, 1, 1, 1, 1, 1, 1, 1, 
1, 1, 1, 1, 1, 1, 1, 1, 1, 4.375, 5.693, 5.857, 6.086, 5.499, 
5.806, 6.631, 6.887, 7.189, 7.975, 8.633), .Dim = c(11L, 40L), .Dimnames = list(
    NULL, c("Sampling", "PSO.cost", "PSO.gamma", "PSO.data.balancing", 
    "PSO.feature.selection", "PSO.valid.acc", "PSO.test.acc", 
    "PSO.train.time", "PSO.n.support.vectors", "PSO.index", "PSO.n.solutions", 
    "PSO.generations", "PSO.n.evaluations", "PSO.cpu.time", "RS.cost", 
    "RS.gamma", "RS.data.balancing", "RS.feature.selection", 
    "RS.valid.acc", "RS.test.acc", "RS.train.time", "RS.n.support.vectors", 
    "RS.index", "RS.n.solutions", "RS.generations", "RS.n.evaluations", 
    "RS.cpu.time", "DF.cost", "DF.gamma", "DF.data.balancing", 
    "DF.feature.selection", "DF.valid.acc", "DF.test.acc", "DF.train.time", 
    "DF.n.support.vectors", "DF.index", "DF.n.solutions", "DF.generations", 
    "DF.n.evaluations", "DF.cpu.time")))
