full <-
structure(c(50, 55, 60, 65, 70, 75, 80, 85, 90, 95, 100, 1.83681, 
12.74009, 4.32897, 1.84942, 0.99661, 0.37163, 2.85854, 0.09049, 
4.73631, 14.95328, 4.90172, -2.50028, -10.99833, -3.55956, -2.4937, 
-1.83193, -2.0287, -3.54697, -1.58684, -4.38131, -12.46042, -3.95692, 
0, 0, 0, 0, 0, 0, 0, 0, 0, 0, 0, 0, 0, 0, 0, 0, 0, 0, 0, 0, 0, 
0, 0.96494, 0.96287, 0.9638, 0.96606, 0.9657, 0.96797, 0.96716, 
0.96794, 0.969, 0.9696, 0.97212, 0.95976, 0.9605, 0.96055, 0.96406, 
0.96569, 0.96451, 0.96431, 0.96412, 0.96756, 0.96413, 0.96856, 
0.1277, 0.1726, 0.1604, 0.1804, 0.2463, 0.2684, 0.2451, 0.4011, 
0.2929, 0.4586, 0.3382, 200.6, 187.3, 182.7, 217.9, 299.9, 312.8, 
248.2, 422.2, 255.3, 284.3, 261.9, 1416, 169, 1586, 1406, 513, 
963, 1148, 636, 2029, 1662, 628, 163, 131, 91, 35, 173, 28, 55, 
365, 9, 12, 85, 100, 100, 100, 100, 100, 100, 100, 100, 100, 
100, 100, 2500, 2500, 2500, 2500, 2500, 2500, 2500, 2500, 2500, 
2500, 2500, 12167.58, 14036.345, 14753.845, 15645.754, 14420.551, 
13708.553, 13653.709, 17364.602, 14815.449, 17790.905, 19316.557, 
0.92265, 2.35509, 4.08463, 1.61769, 0.84151, 1.08022, 3.45818, 
0.61086, 5.09205, 13.17032, 5.52033, -1.78277, -2.29385, -3.52219, 
-1.5564, -2.15427, -2.49211, -3.74517, -1.70414, -4.50603, -12.22482, 
-4.06734, 0, 0, 0, 0, 0, 0, 0, 0, 0, 0, 0, 0, 0, 0, 0, 0, 0, 
0, 0, 0, 0, 0, 0.96235, 0.96522, 0.96326, 0.96506, 0.9657, 0.96538, 
0.96594, 0.9668, 0.96792, 0.96892, 0.97148, 0.96235, 0.96287, 
0.96055, 0.96356, 0.96291, 0.96582, 0.96309, 0.96642, 0.9672, 
0.96413, 0.96694, 0.1707, 0.1436, 0.159, 0.237, 0.2254, 0.2304, 
0.2441, 0.3707, 0.2921, 0.395, 0.3424, 277.1, 193.1, 186, 299.7, 
272.5, 260.3, 243.7, 386.2, 252.9, 289.9, 254.8, 679, 947, 827, 
741, 1599, 588, 1237, 617, 1416, 2033, 792, 2, 1, 1, 1, 1, 3, 
1, 1, 1, 1, 3, 100, 100, 100, 100, 100, 100, 100, 100, 100, 100, 
100, 2500, 2500, 2500, 2500, 2500, 2500, 2500, 2500, 2500, 2500, 
2500, 15157.954, 16577.932, 17400.866, 18651.588, 17092.478, 
18772.55, 20502.129, 22043.571, 24115.482, 27953.199, 29859.076, 
1, 1, 1, 1, 1, 1, 1, 1, 1, 1, 1, 0.04, 0.04, 0.04, 0.04, 0.04, 
0.04, 0.04, 0.04, 0.04, 0.04, 0.04, 0, 0, 0, 0, 0, 0, 0, 0, 0, 
0, 0, 0, 0, 0, 0, 0, 0, 0, 0, 0, 0, 0, 0.93383, 0.93868, 0.93731, 
0.94262, 0.94624, 0.94895, 0.94648, 0.95266, 0.95495, 0.95389, 
0.95624, 0.93447, 0.94045, 0.94108, 0.94212, 0.94486, 0.94765, 
0.94647, 0.95419, 0.95458, 0.95423, 0.95689, 0.1401, 0.1579, 
0.1873, 0.2076, 0.2304, 0.2575, 0.2871, 0.3172, 0.3427, 0.3846, 
0.4142, 236.6, 249.7, 265.9, 280.7, 296.9, 311.9, 330.7, 344.6, 
354.2, 375, 385.9, 1, 1, 1, 1, 1, 1, 1, 1, 1, 1, 1, 1, 1, 1, 
1, 1, 1, 1, 1, 1, 1, 1, 1, 1, 1, 1, 1, 1, 1, 1, 1, 1, 1, 1, 1, 
1, 1, 1, 1, 1, 1, 1, 1, 1, 5.209, 5.393, 5.704, 5.779, 5.052, 
5.302, 5.536, 5.947, 6.191, 7.689, 7.877), .Dim = c(11L, 40L), .Dimnames = list(
    NULL, c("Sampling", "PSO.cost", "PSO.gamma", "PSO.data.balancing", 
    "PSO.feature.selection", "PSO.valid.acc", "PSO.test.acc", 
    "PSO.train.time", "PSO.n.support.vectors", "PSO.index", "PSO.n.solutions", 
    "PSO.generations", "PSO.n.evaluations", "PSO.cpu.time", "RS.cost", 
    "RS.gamma", "RS.data.balancing", "RS.feature.selection", 
    "RS.valid.acc", "RS.test.acc", "RS.train.time", "RS.n.support.vectors", 
    "RS.index", "RS.n.solutions", "RS.generations", "RS.n.evaluations", 
    "RS.cpu.time", "DF.cost", "DF.gamma", "DF.data.balancing", 
    "DF.feature.selection", "DF.valid.acc", "DF.test.acc", "DF.train.time", 
    "DF.n.support.vectors", "DF.index", "DF.n.solutions", "DF.generations", 
    "DF.n.evaluations", "DF.cpu.time")))
