full <-
structure(c(50, 55, 60, 65, 70, 75, 80, 85, 90, 95, 100, 3.59193, 
0.96187, 2.4196, 2.15973, 2.34566, 14.2712, 1.29462, 2.46666, 
3.52869, 2.7433, 2.41386, -2.52483, -3.0681, -3.78615, -2.82724, 
-3.98328, -14.61709, -2.55431, -2.90744, -3.8476, -3.34257, -2.45283, 
0, 0, 0, 0, 0, 0, 0, 0, 0, 0, 0, 0, 0, 0, 0, 0, 0, 0, 0, 0, 0, 
0, 0.97277, 0.96934, 0.96648, 0.96656, 0.96896, 0.96757, 0.96757, 
0.96986, 0.96971, 0.96928, 0.96954, 0.97341, 0.9652, 0.96325, 
0.96455, 0.96387, 0.96411, 0.96636, 0.96642, 0.96719, 0.96585, 
0.96565, 0.1492, 0.1941, 0.2161, 0.2434, 0.2787, 0.3219, 0.3535, 
0.3476, 0.3922, 0.4372, 0.4691, 143.7, 214.1, 207.8, 230.5, 239.3, 
246, 283.5, 262.6, 260.8, 275.6, 290.2, 2259, 966, 724, 658, 
897, 303, 871, 1349, 1753, 1251, 984, 1, 36, 58, 209, 39, 56, 
44, 23, 31, 28, 48, 100, 100, 100, 100, 100, 100, 100, 100, 100, 
100, 100, 2500, 2500, 2500, 2500, 2500, 2500, 2500, 2500, 2500, 
2500, 2500, 12258.208, 12567.347, 12958.254, 13921.116, 15640.431, 
15481.262, 18101.839, 20801.117, 18915.718, 20070.789, 21642.039, 
2.29692, 1.74334, 1.98088, 2.07073, 2.63219, 12.39016, 1.22152, 
2.25985, 3.42393, 1.94393, 4.04563, -1.64269, -3.66376, -3.63947, 
-2.82194, -4.21206, -13.18789, -2.54268, -2.67805, -4.25072, 
-3.14859, -3.68362, 0, 0, 0, 0, 0, 0, 0, 0, 0, 0, 0, 0, 0, 0, 
0, 0, 0, 0, 0, 0, 0, 0, 0.97276, 0.96817, 0.96647, 0.96606, 0.96804, 
0.96714, 0.96757, 0.96871, 0.96828, 0.96757, 0.96889, 0.96887, 
0.96461, 0.96378, 0.96455, 0.96294, 0.96455, 0.96596, 0.96528, 
0.96502, 0.96585, 0.965, 0.1834, 0.1916, 0.222, 0.2481, 0.276, 
0.3113, 0.3624, 0.3712, 0.3978, 0.4305, 0.4457, 206.8, 204.1, 
215.8, 232, 238.9, 249.4, 288, 272.5, 271.8, 290.1, 263.8, 987, 
2360, 2262, 165, 683, 4, 308, 733, 1878, 411, 2394, 1, 1, 1, 
1, 1, 7, 1, 3, 1, 2, 1, 100, 100, 100, 100, 100, 100, 100, 100, 
100, 100, 100, 2500, 2500, 2500, 2500, 2500, 2500, 2500, 2500, 
2500, 2500, 2500, 15124.296, 16319.002, 17509.08, 19124.209, 
20970.564, 22234.905, 24733.825, 28034.672, 28803.144, 31068.624, 
33373.442, 1, 1, 1, 1, 1, 1, 1, 1, 1, 1, 1, 0.04, 0.04, 0.04, 
0.04, 0.04, 0.04, 0.04, 0.04, 0.04, 0.04, 0.04, 0, 0, 0, 0, 0, 
0, 0, 0, 0, 0, 0, 0, 0, 0, 0, 0, 0, 0, 0, 0, 0, 0, 0.94812, 0.94754, 
0.94973, 0.95359, 0.95227, 0.95373, 0.95336, 0.95268, 0.95493, 
0.95525, 0.95625, 0.94683, 0.95047, 0.95026, 0.9511, 0.95274, 
0.95416, 0.95336, 0.95459, 0.95312, 0.95559, 0.95658, 0.1887, 
0.217, 0.2598, 0.2778, 0.3149, 0.3455, 0.4007, 0.4358, 0.4697, 
0.5141, 0.5613, 229.8, 260.5, 278.2, 286.7, 306.9, 317.5, 332.8, 
352.5, 362.2, 376.7, 387.4, 1, 1, 1, 1, 1, 1, 1, 1, 1, 1, 1, 
1, 1, 1, 1, 1, 1, 1, 1, 1, 1, 1, 1, 1, 1, 1, 1, 1, 1, 1, 1, 1, 
1, 1, 1, 1, 1, 1, 1, 1, 1, 1, 1, 1, 4.851, 4.912, 5.372, 5.697, 
6.109, 6.225, 7.097, 7.355, 7.961, 8.025, 8.939), .Dim = c(11L, 
40L), .Dimnames = list(NULL, c("Sampling", "PSO.cost", "PSO.gamma", 
"PSO.data.balancing", "PSO.feature.selection", "PSO.valid.acc", 
"PSO.test.acc", "PSO.train.time", "PSO.n.support.vectors", "PSO.index", 
"PSO.n.solutions", "PSO.generations", "PSO.n.evaluations", "PSO.cpu.time", 
"RS.cost", "RS.gamma", "RS.data.balancing", "RS.feature.selection", 
"RS.valid.acc", "RS.test.acc", "RS.train.time", "RS.n.support.vectors", 
"RS.index", "RS.n.solutions", "RS.generations", "RS.n.evaluations", 
"RS.cpu.time", "DF.cost", "DF.gamma", "DF.data.balancing", "DF.feature.selection", 
"DF.valid.acc", "DF.test.acc", "DF.train.time", "DF.n.support.vectors", 
"DF.index", "DF.n.solutions", "DF.generations", "DF.n.evaluations", 
"DF.cpu.time")))
