full <-
structure(c(50, 55, 60, 65, 70, 75, 80, 85, 90, 95, 100, 2.13339, 
2.58561, 3.67248, 2.28568, 3.22201, 3.09557, 2.09825, 6.65824, 
3.72005, 2.70524, 3.94899, -3.17154, -2.73474, -2.92279, -2.70482, 
-3.61546, -2.19283, -2.7356, -4.58476, -3.46278, -3.13129, -4.02729, 
0, 0, 0, 0, 0, 0, 0, 0, 0, 0, 0, 0, 0, 0, 0, 0, 0, 0, 0, 0, 0, 
0, 0.96757, 0.96464, 0.96811, 0.96857, 0.9694, 0.96885, 0.97039, 
0.96832, 0.96935, 0.96994, 0.97278, 0.96432, 0.96229, 0.96215, 
0.96458, 0.96477, 0.96367, 0.96634, 0.96106, 0.96683, 0.96824, 
0.96889, 0.1523, 0.1863, 0.2058, 0.2279, 0.254, 0.2804, 0.318, 
0.3597, 0.3757, 0.4102, 0.4609, 175.1, 181, 175.9, 197.5, 205.8, 
211.7, 243.4, 226.9, 247.6, 266.3, 278.7, 1527, 481, 1134, 774, 
559, 841, 850, 516, 730, 856, 670, 4, 300, 66, 283, 126, 57, 
278, 166, 94, 167, 126, 100, 100, 100, 100, 100, 100, 100, 100, 
100, 100, 100, 2500, 2500, 2500, 2500, 2500, 2500, 2500, 2500, 
2500, 2500, 2500, 11261.164, 12262.613, 12237.153, 12797.899, 
13925.269, 15504.754, 16180.512, 17678.299, 17764.51, 19194.381, 
20225.893, 2.38425, 2.51593, 2.2468, 2.46609, 1.26612, 3.08939, 
2.70072, 6.69357, 7.65442, 2.4429, 4.39482, -3.49523, -2.65699, 
-3.34663, -2.74913, -2.60818, -2.21441, -3.2281, -4.60304, -5.25667, 
-3.0889, -4.2303, 0, 0, 0, 0, 0, 0, 0, 0, 0, 0, 0, 0, 0, 0, 0, 
0, 0, 0, 0, 0, 0, 0, 0.96628, 0.96405, 0.96756, 0.96807, 0.96894, 
0.96842, 0.96958, 0.96832, 0.96791, 0.96789, 0.97213, 0.96173, 
0.95933, 0.96486, 0.96508, 0.96755, 0.96323, 0.96634, 0.96106, 
0.96502, 0.9679, 0.96824, 0.1618, 0.173, 0.2023, 0.2275, 0.2684, 
0.2848, 0.3218, 0.3599, 0.4216, 0.4211, 0.4545, 174, 182, 197.8, 
195.7, 231.8, 212, 237.2, 227, 242.1, 269.9, 275.9, 1696, 1102, 
420, 1025, 844, 1133, 2407, 847, 1414, 2361, 1101, 2, 1, 2, 1, 
1, 2, 1, 1, 2, 3, 1, 100, 100, 100, 100, 100, 100, 100, 100, 
100, 100, 100, 2500, 2500, 2500, 2500, 2500, 2500, 2500, 2500, 
2500, 2500, 2500, 14745.232, 15890.883, 17156.476, 19278.201, 
20776.237, 22393.955, 24210.225, 26683.817, 28711.076, 30615.396, 
33958.779, 1, 1, 1, 1, 1, 1, 1, 1, 1, 1, 1, 0.04, 0.04, 0.04, 
0.04, 0.04, 0.04, 0.04, 0.04, 0.04, 0.04, 0.04, 0, 0, 0, 0, 0, 
0, 0, 0, 0, 0, 0, 0, 0, 0, 0, 0, 0, 0, 0, 0, 0, 0, 0.94293, 0.94103, 
0.94594, 0.94712, 0.94856, 0.9494, 0.9497, 0.95381, 0.95493, 
0.95491, 0.95754, 0.93839, 0.94339, 0.94595, 0.94762, 0.94763, 
0.94897, 0.95052, 0.95266, 0.95205, 0.95491, 0.95722, 0.1752, 
0.1938, 0.234, 0.2502, 0.2949, 0.3356, 0.3735, 0.4161, 0.4298, 
0.4949, 0.5491, 212.7, 235.8, 251.2, 265.6, 277.5, 298.1, 316.9, 
335.9, 349.3, 364, 388.8, 1, 1, 1, 1, 1, 1, 1, 1, 1, 1, 1, 1, 
1, 1, 1, 1, 1, 1, 1, 1, 1, 1, 1, 1, 1, 1, 1, 1, 1, 1, 1, 1, 1, 
1, 1, 1, 1, 1, 1, 1, 1, 1, 1, 1, 4.604, 4.43, 5.177, 5.124, 5.799, 
6.35, 6.709, 7.159, 7.317, 8.062, 8.756), .Dim = c(11L, 40L), .Dimnames = list(
    NULL, c("Sampling", "PSO.cost", "PSO.gamma", "PSO.data.balancing", 
    "PSO.feature.selection", "PSO.valid.acc", "PSO.test.acc", 
    "PSO.train.time", "PSO.n.support.vectors", "PSO.index", "PSO.n.solutions", 
    "PSO.generations", "PSO.n.evaluations", "PSO.cpu.time", "RS.cost", 
    "RS.gamma", "RS.data.balancing", "RS.feature.selection", 
    "RS.valid.acc", "RS.test.acc", "RS.train.time", "RS.n.support.vectors", 
    "RS.index", "RS.n.solutions", "RS.generations", "RS.n.evaluations", 
    "RS.cpu.time", "DF.cost", "DF.gamma", "DF.data.balancing", 
    "DF.feature.selection", "DF.valid.acc", "DF.test.acc", "DF.train.time", 
    "DF.n.support.vectors", "DF.index", "DF.n.solutions", "DF.generations", 
    "DF.n.evaluations", "DF.cpu.time")))
