full <-
structure(c(50, 55, 60, 65, 70, 75, 80, 85, 90, 95, 100, 2.82111, 
0.41332, 3.61795, 1.18943, 1.27142, 1.13671, 3.86791, 1.68322, 
1.83098, 0.74366, 5.23101, -2.62944, -1.65754, -2.88184, -2.49446, 
-1.30694, -2.41719, -3.50089, -2.43458, -2.97556, -2.6653, -4.14393, 
0, 0, 0, 0, 0, 0, 0, 0, 0, 0, 0, 0, 0, 0, 0, 0, 0, 0, 0, 0, 0, 
0, 0.97083, 0.96757, 0.97189, 0.97355, 0.97361, 0.97187, 0.97202, 
0.9729, 0.97187, 0.96994, 0.96791, 0.96629, 0.96462, 0.97027, 
0.97205, 0.96805, 0.96798, 0.96715, 0.96984, 0.96863, 0.96823, 
0.96856, 0.148, 0.2541, 0.1799, 0.2445, 0.3867, 0.2916, 0.3011, 
0.4031, 0.3625, 0.4339, 0.4456, 151.8, 294.6, 157.2, 239.6, 361.7, 
251.5, 209.4, 291.2, 263.7, 321.4, 259.2, 836, 707, 1943, 257, 
1230, 1608, 30, 1467, 399, 871, 1386, 36, 236, 107, 206, 24, 
80, 373, 59, 133, 119, 71, 100, 100, 100, 100, 100, 100, 100, 
100, 100, 100, 100, 2500, 2500, 2500, 2500, 2500, 2500, 2500, 
2500, 2500, 2500, 2500, 11421.086, 13083.502, 12371.957, 13978.105, 
16815.672, 15487.04, 15332.656, 18310.067, 17565.98, 20328.543, 
25163.973, 3.9293, 1.99797, 1.94244, 1.23182, 1.23269, 1.22724, 
3.68794, 0.80939, 1.45687, 0.57008, 5.09229, -3.22677, -2.95468, 
-2.78397, -2.55145, -1.31713, -2.46012, -3.39899, -2.49216, -2.82398, 
-2.49387, -4.06339, 0, 0, 0, 0, 0, 0, 0, 0, 0, 0, 0, 0, 0, 0, 
0, 0, 0, 0, 0, 0, 0, 0, 0.97083, 0.96697, 0.97027, 0.97305, 0.97315, 
0.97058, 0.97202, 0.97214, 0.97152, 0.9696, 0.96759, 0.97147, 
0.96579, 0.9692, 0.97155, 0.96804, 0.96798, 0.96715, 0.96831, 
0.96863, 0.96857, 0.96759, 0.1442, 0.1747, 0.1936, 0.2553, 0.3874, 
0.293, 0.2856, 0.4166, 0.3898, 0.4913, 0.4597, 134.5, 181.3, 
188.5, 235.5, 360.6, 242.8, 210.1, 311.8, 281.9, 339.3, 260, 
1179, 1348, 2384, 314, 1962, 1576, 1249, 1414, 537, 1703, 2499, 
1, 1, 2, 2, 1, 1, 1, 1, 1, 2, 1, 100, 100, 100, 100, 100, 100, 
100, 100, 100, 100, 100, 2500, 2500, 2500, 2500, 2500, 2500, 
2500, 2500, 2500, 2500, 2500, 14551.692, 15619.716, 17106.886, 
18591.546, 19977.77, 22320.472, 23654.125, 26012.259, 27643.509, 
30721.111, 33822.874, 1, 1, 1, 1, 1, 1, 1, 1, 1, 1, 1, 0.04, 
0.04, 0.04, 0.04, 0.04, 0.04, 0.04, 0.04, 0.04, 0.04, 0.04, 0, 
0, 0, 0, 0, 0, 0, 0, 0, 0, 0, 0, 0, 0, 0, 0, 0, 0, 0, 0, 0, 0, 
0.94357, 0.94222, 0.94866, 0.95159, 0.95461, 0.95026, 0.95092, 
0.9523, 0.95566, 0.95423, 0.95592, 0.94553, 0.93986, 0.94866, 
0.95159, 0.95553, 0.95199, 0.95173, 0.95192, 0.95494, 0.95287, 
0.95624, 0.1656, 0.1974, 0.2252, 0.2527, 0.2815, 0.3155, 0.3723, 
0.4154, 0.4497, 0.4957, 0.5599, 205, 227.7, 243.2, 264.6, 280, 
298.6, 315.7, 331.9, 348.3, 366.2, 385.6, 1, 1, 1, 1, 1, 1, 1, 
1, 1, 1, 1, 1, 1, 1, 1, 1, 1, 1, 1, 1, 1, 1, 1, 1, 1, 1, 1, 1, 
1, 1, 1, 1, 1, 1, 1, 1, 1, 1, 1, 1, 1, 1, 1, 1, 4.516, 4.779, 
5.198, 5.43, 5.75, 6.165, 6.673, 7.171, 7.584, 8.171, 8.887), .Dim = c(11L, 
40L), .Dimnames = list(NULL, c("Sampling", "PSO.cost", "PSO.gamma", 
"PSO.data.balancing", "PSO.feature.selection", "PSO.valid.acc", 
"PSO.test.acc", "PSO.train.time", "PSO.n.support.vectors", "PSO.index", 
"PSO.n.solutions", "PSO.generations", "PSO.n.evaluations", "PSO.cpu.time", 
"RS.cost", "RS.gamma", "RS.data.balancing", "RS.feature.selection", 
"RS.valid.acc", "RS.test.acc", "RS.train.time", "RS.n.support.vectors", 
"RS.index", "RS.n.solutions", "RS.generations", "RS.n.evaluations", 
"RS.cpu.time", "DF.cost", "DF.gamma", "DF.data.balancing", "DF.feature.selection", 
"DF.valid.acc", "DF.test.acc", "DF.train.time", "DF.n.support.vectors", 
"DF.index", "DF.n.solutions", "DF.generations", "DF.n.evaluations", 
"DF.cpu.time")))
