full <-
structure(c(50, 55, 60, 65, 70, 75, 80, 85, 90, 95, 100, 3.18628, 
2.14405, 2.52901, 4.1125, 13.32877, 2.88004, 14.99954, 3.65916, 
3.81815, 3.13062, 4.59485, -2.88004, -2.42592, -3.03827, -3.08816, 
-12.32382, -4.07906, -12.67494, -3.6875, -3.66489, -3.25728, 
-4.50919, 0, 0, 0, 0, 0, 0, 0, 0, 0, 0, 0, 0, 0, 0, 0, 0, 0, 
0, 0, 0, 0, 0, 0.96891, 0.97349, 0.96811, 0.96957, 0.97035, 0.97145, 
0.97162, 0.97061, 0.96935, 0.96926, 0.97147, 0.96501, 0.96582, 
0.96649, 0.96707, 0.96571, 0.96454, 0.96716, 0.96985, 0.96863, 
0.96755, 0.96855, 0.1533, 0.1831, 0.1963, 0.2172, 0.2854, 0.268, 
0.4068, 0.3289, 0.358, 0.3988, 0.4809, 163.2, 181.5, 186.8, 173.5, 
209.1, 222.2, 233.6, 236.7, 250.6, 267.4, 278.6, 533, 897, 409, 
1027, 810, 1097, 1110, 1324, 1418, 413, 465, 664, 148, 399, 43, 
37, 203, 6, 68, 57, 111, 255, 100, 100, 100, 100, 100, 100, 100, 
100, 100, 100, 100, 2500, 2500, 2500, 2500, 2500, 2500, 2500, 
2500, 2500, 2500, 2500, 10723.647, 11604.574, 12506.68, 13014.115, 
14665.591, 14283.168, 19903.092, 16010.365, 16904.116, 19343.418, 
22904.174, 2.97687, 1.75988, 2.24307, 5.57199, 4.49286, 2.3773, 
4.00375, 3.25147, 5.4454, 3.32105, 4.10374, -2.75921, -2.33306, 
-2.51969, -3.69748, -4.14802, -3.75368, -4.44055, -3.73171, -4.30796, 
-3.41315, -4.33235, 0, 0, 0, 0, 0, 0, 0, 0, 0, 0, 0, 0, 0, 0, 
0, 0, 0, 0, 0, 0, 0, 0, 0.96826, 0.97173, 0.96758, 0.96757, 0.97082, 
0.97059, 0.97081, 0.96985, 0.96827, 0.96892, 0.97115, 0.96502, 
0.96699, 0.96595, 0.96658, 0.96526, 0.96626, 0.97001, 0.96833, 
0.96647, 0.96687, 0.9692, 0.1632, 0.1842, 0.1985, 0.2172, 0.2334, 
0.2723, 0.3056, 0.3445, 0.3626, 0.4054, 0.4453, 167.2, 193.2, 
191.4, 164.2, 194.5, 224.3, 229.1, 244.6, 240.6, 268.3, 281.4, 
2385, 258, 643, 781, 1177, 64, 1178, 2210, 2053, 2071, 939, 1, 
1, 1, 5, 1, 1, 2, 1, 1, 1, 2, 100, 100, 100, 100, 100, 100, 100, 
100, 100, 100, 100, 2500, 2500, 2500, 2500, 2500, 2500, 2500, 
2500, 2500, 2500, 2500, 14044.014, 15529.317, 17059.68, 18550.776, 
19642.896, 21821.917, 23282.033, 24912.535, 27993.603, 29672.909, 
32912.181, 1, 1, 1, 1, 1, 1, 1, 1, 1, 1, 1, 0.04, 0.04, 0.04, 
0.04, 0.04, 0.04, 0.04, 0.04, 0.04, 0.04, 0.04, 0, 0, 0, 0, 0, 
0, 0, 0, 0, 0, 0, 0, 0, 0, 0, 0, 0, 0, 0, 0, 0, 0, 0.93845, 0.94342, 
0.94758, 0.94959, 0.94532, 0.94853, 0.95214, 0.95001, 0.95457, 
0.95252, 0.95721, 0.9365, 0.94517, 0.94813, 0.95009, 0.94811, 
0.95243, 0.95214, 0.95116, 0.95133, 0.95286, 0.95494, 0.1769, 
0.2023, 0.2379, 0.2539, 0.281, 0.3294, 0.3653, 0.398, 0.4489, 
0.4859, 0.5334, 216.3, 233.5, 250.8, 269.1, 287.6, 297.2, 318.1, 
339.1, 359.6, 372.5, 388.8, 1, 1, 1, 1, 1, 1, 1, 1, 1, 1, 1, 
1, 1, 1, 1, 1, 1, 1, 1, 1, 1, 1, 1, 1, 1, 1, 1, 1, 1, 1, 1, 1, 
1, 1, 1, 1, 1, 1, 1, 1, 1, 1, 1, 1, 4.503, 4.763, 5.189, 5.173, 
5.616, 6.121, 6.47, 6.831, 7.441, 7.888, 8.42), .Dim = c(11L, 
40L), .Dimnames = list(NULL, c("Sampling", "PSO.cost", "PSO.gamma", 
"PSO.data.balancing", "PSO.feature.selection", "PSO.valid.acc", 
"PSO.test.acc", "PSO.train.time", "PSO.n.support.vectors", "PSO.index", 
"PSO.n.solutions", "PSO.generations", "PSO.n.evaluations", "PSO.cpu.time", 
"RS.cost", "RS.gamma", "RS.data.balancing", "RS.feature.selection", 
"RS.valid.acc", "RS.test.acc", "RS.train.time", "RS.n.support.vectors", 
"RS.index", "RS.n.solutions", "RS.generations", "RS.n.evaluations", 
"RS.cpu.time", "DF.cost", "DF.gamma", "DF.data.balancing", "DF.feature.selection", 
"DF.valid.acc", "DF.test.acc", "DF.train.time", "DF.n.support.vectors", 
"DF.index", "DF.n.solutions", "DF.generations", "DF.n.evaluations", 
"DF.cpu.time")))
