full <-
structure(c(50, 55, 60, 65, 70, 75, 80, 85, 90, 95, 100, 0.71022, 
0.34949, 2.45061, 15, 9.73775, 0.74471, -0.92252, -0.26154, 0.03294, 
10.12617, -1.54426, -3.85559, -5.04089, -6.0195, -12.13836, -8.58201, 
-4.83471, -5.07079, -5.07064, -5.2443, -7.47001, -3.27364, 0, 
0, 0, 0, 0, 0, 0, 0, 0, 0, 0, 0, 0, 0, 0, 0, 0, 0, 0, 0, 0, 0, 
0.5546, 0.55965, 0.56909, 0.56002, 0.56319, 0.56415, 0.55797, 
0.55418, 0.56411, 0.55735, 0.55426, 0.54484, 0.54034, 0.54913, 
0.55464, 0.55517, 0.54826, 0.55883, 0.54672, 0.55158, 0.54626, 
0.54585, 0.1673, 0.2111, 0.2449, 0.4785, 0.3765, 0.3821, 0.4527, 
0.4806, 0.5359, 0.9179, 0.6616, 488.6, 560.4, 588.8, 610.2, 646.4, 
737, 839.4, 865.1, 904.5, 862.2, 1005.4, 570, 2060, 1457, 2416, 
1222, 1146, 1211, 2424, 2321, 1149, 397, 197, 18, 79, 1, 15, 
241, 13, 1, 7, 12, 257, 100, 100, 100, 100, 100, 100, 100, 100, 
100, 100, 100, 2500, 2500, 2500, 2500, 2500, 2500, 2500, 2500, 
2500, 2500, 2500, 10601.196, 17484.928, 13396.521, 18219.407, 
20358.268, 16033.153, 18723.866, 25250.958, 21733.798, 42414.463, 
27212.775, 0.30773, 0.33855, 2.15471, 2.65144, 12.39128, 1.17924, 
8.84108, -0.22694, -0.72297, 9.48161, 1.15708, -3.79676, -5.05634, 
-5.8391, -6.33946, -9.93624, -4.96647, -9.69313, -3.72476, -4.05782, 
-7.19749, -5.33409, 0, 0, 0, 0, 0, 0, 0, 0, 0, 0, 0, 0, 0, 0, 
0, 0, 0, 0, 0, 0, 0, 0, 0.55033, 0.55965, 0.56794, 0.55677, 0.5602, 
0.55945, 0.5563, 0.55172, 0.56178, 0.55587, 0.5536, 0.53645, 
0.54163, 0.54911, 0.5579, 0.56319, 0.54827, 0.54486, 0.55011, 
0.55395, 0.55072, 0.54379, 0.1725, 0.2111, 0.2435, 0.3001, 0.4882, 
0.3541, 0.4561, 0.4692, 0.5307, 0.8327, 0.6527, 492.6, 561.2, 
589.6, 639.7, 645.1, 730.1, 775.4, 829.7, 890.5, 862.5, 984.6, 
2385, 2388, 410, 1262, 1005, 185, 182, 1729, 874, 1662, 330, 
1, 1, 1, 1, 1, 3, 1, 1, 1, 1, 1, 100, 100, 100, 100, 100, 100, 
100, 100, 100, 100, 100, 2500, 2500, 2500, 2500, 2500, 2500, 
2500, 2500, 2500, 2500, 2500, 15310.721, 18624.464, 20434.34, 
22243.398, 24079.755, 29120.948, 31156.958, 36342.799, 39693.884, 
46290.749, 48854.729, 1, 1, 1, 1, 1, 1, 1, 1, 1, 1, 1, 0.11111, 
0.11111, 0.11111, 0.11111, 0.11111, 0.11111, 0.11111, 0.11111, 
0.11111, 0.11111, 0.11111, 0, 0, 0, 0, 0, 0, 0, 0, 0, 0, 0, 0, 
0, 0, 0, 0, 0, 0, 0, 0, 0, 0, 0.54329, 0.54288, 0.54221, 0.53948, 
0.54207, 0.54544, 0.54225, 0.54928, 0.55005, 0.54995, 0.53606, 
0.53914, 0.53667, 0.55735, 0.54703, 0.56135, 0.5483, 0.55104, 
0.55347, 0.55864, 0.54923, 0.54939, 0.1743, 0.2103, 0.2461, 0.2947, 
0.3349, 0.3828, 0.43, 0.4717, 0.5213, 0.5859, 0.6437, 495.5, 
543.1, 587, 633.5, 679.7, 726.7, 774.6, 820.8, 858.2, 906.9, 
963.9, 1, 1, 1, 1, 1, 1, 1, 1, 1, 1, 1, 1, 1, 1, 1, 1, 1, 1, 
1, 1, 1, 1, 1, 1, 1, 1, 1, 1, 1, 1, 1, 1, 1, 1, 1, 1, 1, 1, 1, 
1, 1, 1, 1, 1, 4.264, 4.631, 5.005, 5.592, 6.073, 6.656, 7.16, 
7.549, 8.043, 9.619, 10.205), .Dim = c(11L, 40L), .Dimnames = list(
    NULL, c("Sampling", "PSO.cost", "PSO.gamma", "PSO.data.balancing", 
    "PSO.feature.selection", "PSO.valid.acc", "PSO.test.acc", 
    "PSO.train.time", "PSO.n.support.vectors", "PSO.index", "PSO.n.solutions", 
    "PSO.generations", "PSO.n.evaluations", "PSO.cpu.time", "RS.cost", 
    "RS.gamma", "RS.data.balancing", "RS.feature.selection", 
    "RS.valid.acc", "RS.test.acc", "RS.train.time", "RS.n.support.vectors", 
    "RS.index", "RS.n.solutions", "RS.generations", "RS.n.evaluations", 
    "RS.cpu.time", "DF.cost", "DF.gamma", "DF.data.balancing", 
    "DF.feature.selection", "DF.valid.acc", "DF.test.acc", "DF.train.time", 
    "DF.n.support.vectors", "DF.index", "DF.n.solutions", "DF.generations", 
    "DF.n.evaluations", "DF.cpu.time")))
