full <-
structure(c(50, 55, 60, 65, 70, 75, 80, 85, 90, 95, 100, 13.04825, 
2.29414, 10.44022, 7.83321, 11.70799, 5.20528, 2.0372, 0.02574, 
7.73822, 8.58249, -1.49151, -10.5982, -5.53332, -8.58151, -7.78961, 
-9.352, -6.43911, -5.38029, -3.293, -9.01212, -9.18089, -4.49045, 
0, 0, 0, 0, 0, 0, 0, 0, 0, 0, 0, 0, 0, 0, 0, 0, 0, 0, 0, 0, 0, 
0, 0.54367, 0.55035, 0.53529, 0.54932, 0.54623, 0.55668, 0.55548, 
0.55663, 0.55151, 0.5537, 0.55719, 0.53791, 0.52608, 0.53754, 
0.53846, 0.53617, 0.5426, 0.53795, 0.53845, 0.54284, 0.54777, 
0.54806, 0.2858, 0.2117, 0.337, 0.3103, 0.4908, 0.3899, 0.4116, 
0.488, 0.5239, 0.6244, 0.6553, 477.1, 546.6, 572, 618.4, 661.1, 
716.3, 784.6, 828.5, 882.1, 919.7, 1033.9, 907, 1704, 2025, 1600, 
2012, 912, 1703, 2023, 1238, 1524, 2313, 12, 100, 15, 3, 1, 62, 
6, 2, 1, 7, 3, 100, 100, 100, 100, 100, 100, 100, 100, 100, 100, 
100, 2500, 2500, 2500, 2500, 2500, 2500, 2500, 2500, 2500, 2500, 
2500, 14300.569, 12369.403, 17561.142, 20903.38, 28388.468, 17460.245, 
17592.89, 20431.683, 25073.88, 28052.093, 33224.738, 12.20865, 
2.37891, 7.71377, 5.40712, 13.58037, 6.40907, 2.16976, -1.23661, 
14.82864, 8.52851, -0.89017, -10.18691, -5.61591, -7.29685, -5.18545, 
-10.28875, -7.08133, -5.37019, -2.7367, -12.43876, -8.82759, 
-5.27569, 0, 0, 0, 0, 0, 0, 0, 0, 0, 0, 0, 0, 0, 0, 0, 0, 0, 
0, 0, 0, 0, 0, 0.54226, 0.54528, 0.5341, 0.54703, 0.54521, 0.5557, 
0.55462, 0.55415, 0.55228, 0.55295, 0.55442, 0.53791, 0.52861, 
0.53518, 0.53393, 0.53416, 0.54632, 0.53445, 0.54589, 0.53896, 
0.54555, 0.54879, 0.2527, 0.2094, 0.2744, 0.2944, 0.6342, 0.4023, 
0.4101, 0.4815, 0.795, 0.617, 0.6808, 477.2, 547.1, 573.3, 610.1, 
661.4, 715.5, 781.6, 850, 876.2, 910.6, 1042.9, 664, 1826, 2204, 
1662, 1378, 220, 1979, 743, 1802, 393, 2182, 3, 1, 1, 1, 1, 1, 
1, 1, 1, 2, 1, 100, 100, 100, 100, 100, 100, 100, 100, 100, 100, 
100, 2500, 2500, 2500, 2500, 2500, 2500, 2500, 2500, 2500, 2500, 
2500, 14899.542, 17493.721, 19455.243, 22479.471, 25535.639, 
27152.863, 33085.59, 35149.993, 37454.164, 42806.598, 46942.493, 
1, 1, 1, 1, 1, 1, 1, 1, 1, 1, 1, 0.11111, 0.11111, 0.11111, 0.11111, 
0.11111, 0.11111, 0.11111, 0.11111, 0.11111, 0.11111, 0.11111, 
0, 0, 0, 0, 0, 0, 0, 0, 0, 0, 0, 0, 0, 0, 0, 0, 0, 0, 0, 0, 0, 
0, 0.52388, 0.5248, 0.51647, 0.52546, 0.53315, 0.53514, 0.54571, 
0.55248, 0.53502, 0.5411, 0.54736, 0.52795, 0.52605, 0.53174, 
0.52975, 0.53014, 0.53885, 0.53007, 0.53762, 0.54129, 0.54407, 
0.54665, 0.17, 0.2101, 0.2464, 0.2798, 0.3358, 0.3574, 0.4332, 
0.4839, 0.5259, 0.5738, 0.6195, 504.1, 551.5, 598.9, 641.3, 691.4, 
737.9, 785, 827.6, 880.4, 920, 960.8, 1, 1, 1, 1, 1, 1, 1, 1, 
1, 1, 1, 1, 1, 1, 1, 1, 1, 1, 1, 1, 1, 1, 1, 1, 1, 1, 1, 1, 1, 
1, 1, 1, 1, 1, 1, 1, 1, 1, 1, 1, 1, 1, 1, 1, 4.056, 4.55, 4.941, 
5.328, 6.014, 6.071, 7.099, 7.646, 8.218, 8.677, 9.078), .Dim = c(11L, 
40L), .Dimnames = list(NULL, c("Sampling", "PSO.cost", "PSO.gamma", 
"PSO.data.balancing", "PSO.feature.selection", "PSO.valid.acc", 
"PSO.test.acc", "PSO.train.time", "PSO.n.support.vectors", "PSO.index", 
"PSO.n.solutions", "PSO.generations", "PSO.n.evaluations", "PSO.cpu.time", 
"RS.cost", "RS.gamma", "RS.data.balancing", "RS.feature.selection", 
"RS.valid.acc", "RS.test.acc", "RS.train.time", "RS.n.support.vectors", 
"RS.index", "RS.n.solutions", "RS.generations", "RS.n.evaluations", 
"RS.cpu.time", "DF.cost", "DF.gamma", "DF.data.balancing", "DF.feature.selection", 
"DF.valid.acc", "DF.test.acc", "DF.train.time", "DF.n.support.vectors", 
"DF.index", "DF.n.solutions", "DF.generations", "DF.n.evaluations", 
"DF.cpu.time")))
