full <-
structure(c(50, 55, 60, 65, 70, 75, 80, 85, 90, 95, 100, -1.6117, 
-0.43506, -0.7729, 0.07108, 2.87139, 3.15449, 5.32102, -0.46925, 
4.32021, 0.50016, -0.86487, -2.99164, -5.12699, -3.68729, -1.88923, 
-4.62569, -4.76402, -7.61137, -4.47172, -6.14477, -3.77074, -1.9577, 
0, 0, 0, 0, 0, 0, 0, 0, 0, 0, 0, 0, 0, 0, 0, 0, 0, 0, 0, 0, 0, 
0, 0.55017, 0.57475, 0.56686, 0.57092, 0.58141, 0.58387, 0.5807, 
0.57565, 0.57266, 0.56037, 0.5587, 0.53637, 0.55053, 0.54453, 
0.55577, 0.56427, 0.56792, 0.5702, 0.56656, 0.55784, 0.54782, 
0.55307, 0.169, 0.1949, 0.2255, 0.2612, 0.2905, 0.3332, 0.3797, 
0.4303, 0.4658, 0.5114, 0.5783, 519.7, 574.2, 608.5, 645.7, 658.1, 
707, 774.8, 858.5, 851.6, 912.2, 988.5, 621, 879, 953, 1191, 
1639, 251, 1212, 1319, 1947, 1072, 645, 29, 69, 238, 40, 15, 
71, 57, 33, 21, 317, 65, 100, 100, 100, 100, 100, 100, 100, 100, 
100, 100, 100, 2500, 2500, 2500, 2500, 2500, 2500, 2500, 2500, 
2500, 2500, 2500, 11706.055, 12453.215, 13462.111, 14585.162, 
16355.194, 17811.858, 17581.844, 18653.96, 22921.547, 20290.46, 
24328.233, 1.41403, -1.21718, -0.80736, 0.06326, 3.01538, 0.82681, 
3.81148, -0.16125, 4.10348, 0.3837, 1.35365, -4.98463, -2.28014, 
-3.54431, -1.87802, -4.63177, -3.26627, -6.92355, -4.56168, -6.03697, 
-3.72213, -4.47901, 0, 0, 0, 0, 0, 0, 0, 0, 0, 0, 0, 0, 0, 0, 
0, 0, 0, 0, 0, 0, 0, 0, 0.54751, 0.57118, 0.56101, 0.56982, 0.57739, 
0.58288, 0.57896, 0.57315, 0.57032, 0.56037, 0.55586, 0.53499, 
0.55073, 0.54454, 0.55577, 0.56127, 0.57074, 0.56758, 0.56411, 
0.55707, 0.54708, 0.55729, 0.1611, 0.1977, 0.2226, 0.2624, 0.2947, 
0.3335, 0.3808, 0.4206, 0.4626, 0.5197, 0.5672, 494.5, 560.2, 
608.6, 645.6, 657.4, 719, 781.6, 851.3, 851.8, 913.5, 957.1, 
2173, 170, 1051, 1667, 104, 449, 167, 1827, 1773, 1662, 187, 
1, 1, 1, 1, 1, 1, 1, 1, 1, 1, 2, 100, 100, 100, 100, 100, 100, 
100, 100, 100, 100, 100, 2500, 2500, 2500, 2500, 2500, 2500, 
2500, 2500, 2500, 2500, 2500, 15997.688, 17699.312, 19946.517, 
22199.792, 26020.87, 26722.269, 30640.108, 32810.518, 36455.569, 
39282.521, 47796.471, 1, 1, 1, 1, 1, 1, 1, 1, 1, 1, 1, 0.11111, 
0.11111, 0.11111, 0.11111, 0.11111, 0.11111, 0.11111, 0.11111, 
0.11111, 0.11111, 0.11111, 0, 0, 0, 0, 0, 0, 0, 0, 0, 0, 0, 0, 
0, 0, 0, 0, 0, 0, 0, 0, 0, 0, 0.54348, 0.56096, 0.54814, 0.55785, 
0.5654, 0.56885, 0.57015, 0.56174, 0.5586, 0.55151, 0.54671, 
0.53086, 0.56101, 0.53988, 0.55791, 0.56833, 0.56698, 0.56318, 
0.56409, 0.54848, 0.5441, 0.55517, 0.1616, 0.1884, 0.2269, 0.2542, 
0.2978, 0.3286, 0.3713, 0.4215, 0.4649, 0.5088, 0.5671, 496.9, 
540, 588.6, 634.8, 681.4, 730.3, 776.2, 825.9, 868.1, 917.8, 
963.7, 1, 1, 1, 1, 1, 1, 1, 1, 1, 1, 1, 1, 1, 1, 1, 1, 1, 1, 
1, 1, 1, 1, 1, 1, 1, 1, 1, 1, 1, 1, 1, 1, 1, 1, 1, 1, 1, 1, 1, 
1, 1, 1, 1, 1, 4.399, 4.741, 5.038, 5.505, 5.788, 6.077, 6.402, 
6.945, 7.383, 7.88, 8.578), .Dim = c(11L, 40L), .Dimnames = list(
    NULL, c("Sampling", "PSO.cost", "PSO.gamma", "PSO.data.balancing", 
    "PSO.feature.selection", "PSO.valid.acc", "PSO.test.acc", 
    "PSO.train.time", "PSO.n.support.vectors", "PSO.index", "PSO.n.solutions", 
    "PSO.generations", "PSO.n.evaluations", "PSO.cpu.time", "RS.cost", 
    "RS.gamma", "RS.data.balancing", "RS.feature.selection", 
    "RS.valid.acc", "RS.test.acc", "RS.train.time", "RS.n.support.vectors", 
    "RS.index", "RS.n.solutions", "RS.generations", "RS.n.evaluations", 
    "RS.cpu.time", "DF.cost", "DF.gamma", "DF.data.balancing", 
    "DF.feature.selection", "DF.valid.acc", "DF.test.acc", "DF.train.time", 
    "DF.n.support.vectors", "DF.index", "DF.n.solutions", "DF.generations", 
    "DF.n.evaluations", "DF.cpu.time")))
