full <-
structure(c(50, 55, 60, 65, 70, 75, 80, 85, 90, 95, 100, 2.62929, 
2.18614, 1.20236, 0.31521, 4.35525, 7.92075, 2.3937, 14.64253, 
12.28726, -1.00308, 4.67521, -5.77855, -5.26247, -4.94299, -3.75236, 
-6.05641, -8.9785, -5.5956, -12.45444, -10.11208, -3.85474, -7.27544, 
0, 0, 0, 0, 0, 0, 0, 0, 0, 0, 0, 0, 0, 0, 0, 0, 0, 0, 0, 0, 0, 
0, 0.56501, 0.56324, 0.57135, 0.5784, 0.56718, 0.56424, 0.57117, 
0.56593, 0.5612, 0.55887, 0.56217, 0.5468, 0.55179, 0.57137, 
0.56006, 0.54907, 0.55017, 0.5695, 0.55276, 0.5581, 0.54999, 
0.5488, 0.1523, 0.1824, 0.2081, 0.2498, 0.2838, 0.3446, 0.3661, 
0.632, 0.6717, 0.5116, 0.568, 483.8, 524.5, 578, 624.2, 655.6, 
716.8, 765.5, 809.1, 835.4, 949.3, 968.4, 887, 937, 2495, 2363, 
2336, 1348, 664, 1885, 932, 1194, 2438, 226, 49, 1, 1, 1, 55, 
70, 1, 32, 47, 1, 100, 100, 100, 100, 100, 100, 100, 100, 100, 
100, 100, 2500, 2500, 2500, 2500, 2500, 2500, 2500, 2500, 2500, 
2500, 2500, 12143.315, 13785.457, 19547.244, 23491.273, 19684.869, 
17557.53, 18481.329, 26497.545, 29229.674, 20542.959, 34529.222, 
3.04564, 1.73979, 3.98388, 0.20786, 4.81897, 7.29205, 9.12937, 
9.91429, 12.44139, -0.97707, -0.60753, -6.09906, -4.93898, -5.76726, 
-3.74659, -6.21884, -8.14957, -8.94829, -10.11119, -10.19516, 
-3.91404, -5.03281, 0, 0, 0, 0, 0, 0, 0, 0, 0, 0, 0, 0, 0, 0, 
0, 0, 0, 0, 0, 0, 0, 0, 0.55942, 0.5556, 0.56791, 0.58165, 0.56517, 
0.56323, 0.56943, 0.56425, 0.5612, 0.55664, 0.56145, 0.54821, 
0.5518, 0.56788, 0.55898, 0.5471, 0.55481, 0.57121, 0.5511, 0.55731, 
0.54925, 0.54528, 0.156, 0.1845, 0.2128, 0.2501, 0.2895, 0.338, 
0.4093, 0.4619, 0.6831, 0.5196, 0.5906, 484.6, 524.8, 551.2, 
625.7, 653.9, 705.4, 746.9, 812.6, 835.9, 950.1, 1024.1, 190, 
1652, 2279, 390, 1556, 2168, 917, 1234, 675, 856, 1871, 2, 2, 
1, 1, 1, 1, 1, 1, 1, 2, 1, 100, 100, 100, 100, 100, 100, 100, 
100, 100, 100, 100, 2500, 2500, 2500, 2500, 2500, 2500, 2500, 
2500, 2500, 2500, 2500, 15537.657, 17319.31, 19502.713, 20547.81, 
22216.393, 27837.592, 30050.609, 34820.946, 37028.747, 37789.649, 
49261.235, 1, 1, 1, 1, 1, 1, 1, 1, 1, 1, 1, 0.11111, 0.11111, 
0.11111, 0.11111, 0.11111, 0.11111, 0.11111, 0.11111, 0.11111, 
0.11111, 0.11111, 0, 0, 0, 0, 0, 0, 0, 0, 0, 0, 0, 0, 0, 0, 0, 
0, 0, 0, 0, 0, 0, 0, 0.54944, 0.54283, 0.55027, 0.57518, 0.55119, 
0.54268, 0.56328, 0.5436, 0.54634, 0.54259, 0.54669, 0.55093, 
0.54541, 0.55847, 0.56331, 0.54505, 0.53983, 0.56149, 0.54937, 
0.54708, 0.54925, 0.54105, 0.1541, 0.1861, 0.2148, 0.2562, 0.2872, 
0.3251, 0.3653, 0.4128, 0.4508, 0.5057, 0.5652, 489.2, 533.5, 
576.3, 626.8, 677.3, 723.8, 770.6, 817.3, 863.4, 909.6, 962.9, 
1, 1, 1, 1, 1, 1, 1, 1, 1, 1, 1, 1, 1, 1, 1, 1, 1, 1, 1, 1, 1, 
1, 1, 1, 1, 1, 1, 1, 1, 1, 1, 1, 1, 1, 1, 1, 1, 1, 1, 1, 1, 1, 
1, 1, 4.546, 4.747, 5, 5.515, 5.667, 6.026, 6.375, 6.904, 7.136, 
7.763, 9.185), .Dim = c(11L, 40L), .Dimnames = list(NULL, c("Sampling", 
"PSO.cost", "PSO.gamma", "PSO.data.balancing", "PSO.feature.selection", 
"PSO.valid.acc", "PSO.test.acc", "PSO.train.time", "PSO.n.support.vectors", 
"PSO.index", "PSO.n.solutions", "PSO.generations", "PSO.n.evaluations", 
"PSO.cpu.time", "RS.cost", "RS.gamma", "RS.data.balancing", "RS.feature.selection", 
"RS.valid.acc", "RS.test.acc", "RS.train.time", "RS.n.support.vectors", 
"RS.index", "RS.n.solutions", "RS.generations", "RS.n.evaluations", 
"RS.cpu.time", "DF.cost", "DF.gamma", "DF.data.balancing", "DF.feature.selection", 
"DF.valid.acc", "DF.test.acc", "DF.train.time", "DF.n.support.vectors", 
"DF.index", "DF.n.solutions", "DF.generations", "DF.n.evaluations", 
"DF.cpu.time")))
