full <-
structure(c(50, 55, 60, 65, 70, 75, 80, 85, 90, 95, 100, -1.04305, 
4.85318, -1.88641, 9.03302, -1.38105, 15, -1.71246, 0.70642, 
2.2893, -0.59589, 5.90365, -2.17426, -4.96149, -1.73089, -8.8303, 
-3.3056, -11.36562, -1.45598, -5.06086, -5.10922, -4.47723, -6.28375, 
0, 0, 0, 0, 0, 0, 0, 0, 0, 0, 0, 0, 0, 0, 0, 0, 0, 0, 0, 0, 0, 
0, 0.58428, 0.581, 0.57476, 0.56645, 0.57021, 0.57172, 0.56237, 
0.57075, 0.56565, 0.56782, 0.5662, 0.5716, 0.55818, 0.56315, 
0.54155, 0.56327, 0.54264, 0.55008, 0.56169, 0.55943, 0.55082, 
0.56273, 0.1846, 0.2224, 0.2656, 0.3197, 0.3423, 0.7759, 0.4607, 
0.4808, 0.5258, 0.5903, 0.6655, 510.7, 510.2, 632.3, 623.8, 720.1, 
702.6, 837.8, 847.6, 857.2, 952.5, 933.2, 1943, 582, 2484, 2294, 
626, 2018, 2441, 2190, 1893, 2491, 2049, 13, 98, 1, 1, 311, 2, 
1, 3, 4, 1, 2, 100, 100, 100, 100, 100, 100, 100, 100, 100, 100, 
100, 2500, 2500, 2500, 2500, 2500, 2500, 2500, 2500, 2500, 2500, 
2500, 11846.264, 13075.286, 15119.958, 18387.87, 15579.689, 27045.354, 
21905.612, 19990.115, 23223.18, 23328.088, 26861.792, -1.13533, 
4.79548, -1.58599, 10.10339, -1.14827, 12.82303, -1.93831, 0.90786, 
3.14515, -0.68871, 6.85482, -2.40971, -4.83936, -3.01448, -9.4706, 
-3.5545, -10.21764, -1.79168, -5.5092, -5.58828, -4.4617, -6.70417, 
0, 0, 0, 0, 0, 0, 0, 0, 0, 0, 0, 0, 0, 0, 0, 0, 0, 0, 0, 0, 0, 
0, 0.58279, 0.57588, 0.57017, 0.56535, 0.56622, 0.5689, 0.56061, 
0.56747, 0.56405, 0.56634, 0.56339, 0.56876, 0.56066, 0.55977, 
0.54805, 0.56427, 0.54265, 0.54743, 0.55502, 0.56179, 0.5501, 
0.56341, 0.1778, 0.2225, 0.2545, 0.3369, 0.3424, 0.5853, 0.4553, 
0.4852, 0.5294, 0.5951, 0.685, 509.4, 509.6, 619.1, 625.6, 718.6, 
703, 830.9, 855.8, 854.6, 956.4, 932.9, 586, 1001, 969, 542, 
2472, 1942, 519, 1647, 1542, 601, 1217, 1, 2, 1, 1, 1, 1, 1, 
1, 1, 1, 1, 100, 100, 100, 100, 100, 100, 100, 100, 100, 100, 
100, 2500, 2500, 2500, 2500, 2500, 2500, 2500, 2500, 2500, 2500, 
2500, 15320.831, 17738.406, 19320.179, 21910.606, 24769.132, 
27128.944, 33762.779, 34959.324, 38511.171, 40929.479, 48969.543, 
1, 1, 1, 1, 1, 1, 1, 1, 1, 1, 1, 0.11111, 0.11111, 0.11111, 0.11111, 
0.11111, 0.11111, 0.11111, 0.11111, 0.11111, 0.11111, 0.11111, 
0, 0, 0, 0, 0, 0, 0, 0, 0, 0, 0, 0, 0, 0, 0, 0, 0, 0, 0, 0, 0, 
0, 0.5591, 0.55935, 0.56195, 0.55223, 0.55113, 0.55297, 0.54918, 
0.55422, 0.55704, 0.56046, 0.55566, 0.56733, 0.56201, 0.55626, 
0.55665, 0.55428, 0.55483, 0.55269, 0.56588, 0.55633, 0.54857, 
0.55779, 0.1726, 0.2116, 0.2482, 0.2844, 0.3315, 0.374, 0.4308, 
0.4724, 0.527, 0.5749, 0.6381, 493.5, 538.7, 591.4, 637, 684.8, 
728.6, 774.6, 822.1, 866.6, 909.2, 963.9, 1, 1, 1, 1, 1, 1, 1, 
1, 1, 1, 1, 1, 1, 1, 1, 1, 1, 1, 1, 1, 1, 1, 1, 1, 1, 1, 1, 1, 
1, 1, 1, 1, 1, 1, 1, 1, 1, 1, 1, 1, 1, 1, 1, 1, 4.323, 4.74, 
5.171, 5.474, 6.04, 6.574, 7.154, 7.548, 8.107, 8.608, 9.223), .Dim = c(11L, 
40L), .Dimnames = list(NULL, c("Sampling", "PSO.cost", "PSO.gamma", 
"PSO.data.balancing", "PSO.feature.selection", "PSO.valid.acc", 
"PSO.test.acc", "PSO.train.time", "PSO.n.support.vectors", "PSO.index", 
"PSO.n.solutions", "PSO.generations", "PSO.n.evaluations", "PSO.cpu.time", 
"RS.cost", "RS.gamma", "RS.data.balancing", "RS.feature.selection", 
"RS.valid.acc", "RS.test.acc", "RS.train.time", "RS.n.support.vectors", 
"RS.index", "RS.n.solutions", "RS.generations", "RS.n.evaluations", 
"RS.cpu.time", "DF.cost", "DF.gamma", "DF.data.balancing", "DF.feature.selection", 
"DF.valid.acc", "DF.test.acc", "DF.train.time", "DF.n.support.vectors", 
"DF.index", "DF.n.solutions", "DF.generations", "DF.n.evaluations", 
"DF.cpu.time")))
