full <-
structure(c(50, 55, 60, 65, 70, 75, 80, 85, 90, 95, 100, -0.73677, 
-0.79266, -0.74248, 7.951, -0.21392, 1.48435, 11.52505, -2, -1.0087, 
14.88976, 3.60332, -3.40418, -3.94199, -3.70938, -7.4105, -3.15072, 
-4.57479, -9.24224, -3.12137, -2.63257, -11.78458, -4.74519, 
0, 0, 0, 0, 0, 0, 0, 0, 0, 0, 0, 0, 0, 0, 0, 0, 0, 0, 0, 0, 0, 
0, 0.54918, 0.55831, 0.57254, 0.56973, 0.55614, 0.57826, 0.57096, 
0.56913, 0.57034, 0.5605, 0.55636, 0.52377, 0.54039, 0.56308, 
0.55781, 0.5361, 0.55667, 0.56572, 0.55424, 0.55468, 0.55904, 
0.54598, 0.1707, 0.1999, 0.2451, 0.3154, 0.3247, 0.3667, 0.5927, 
0.4636, 0.5088, 1.0763, 0.6602, 500.8, 556.2, 596.6, 601.5, 677.2, 
711.1, 730.5, 853.5, 875.1, 891.6, 932, 1006, 1403, 701, 1580, 
1267, 1573, 2330, 374, 2085, 1962, 775, 131, 27, 56, 20, 12, 
21, 2, 489, 3, 1, 94, 100, 100, 100, 100, 100, 100, 100, 100, 
100, 100, 100, 2500, 2500, 2500, 2500, 2500, 2500, 2500, 2500, 
2500, 2500, 2500, 12158.192, 14296.398, 15727.955, 20398.998, 
17191.708, 18952.023, 30970.722, 22418.051, 41415.23, 34744.921, 
24731.051, -0.84229, -0.76304, -0.00332, -0.28947, -0.30761, 
1.29077, 10.54944, 2.00678, 0.00799, 12.34967, 3.82833, -3.3013, 
-4.02334, -4.79793, -4.33042, -3.17214, -4.38737, -9.00783, -4.398, 
-3.70264, -10.51375, -4.84158, 0, 0, 0, 0, 0, 0, 0, 0, 0, 0, 
0, 0, 0, 0, 0, 0, 0, 0, 0, 0, 0, 0, 0.54777, 0.55318, 0.5691, 
0.56868, 0.55214, 0.5745, 0.5692, 0.56592, 0.56722, 0.55975, 
0.55355, 0.52234, 0.53783, 0.54792, 0.5525, 0.5381, 0.56041, 
0.56131, 0.54607, 0.55158, 0.55904, 0.54597, 0.1828, 0.2021, 
0.2441, 0.2845, 0.3236, 0.3662, 0.518, 0.4556, 0.5156, 0.8034, 
0.6522, 501, 556.5, 599.9, 645.4, 678.7, 711.6, 731.9, 791.2, 
860.2, 890.7, 931.4, 1533, 2096, 740, 262, 762, 362, 2321, 2075, 
1526, 1477, 1985, 1, 1, 1, 1, 1, 1, 1, 1, 1, 1, 1, 100, 100, 
100, 100, 100, 100, 100, 100, 100, 100, 100, 2500, 2500, 2500, 
2500, 2500, 2500, 2500, 2500, 2500, 2500, 2500, 16712.374, 18766.903, 
21339.636, 22794.925, 26448.607, 29931.307, 33663.543, 38945.644, 
39466.107, 47025.261, 47653.268, 1, 1, 1, 1, 1, 1, 1, 1, 1, 1, 
1, 0.11111, 0.11111, 0.11111, 0.11111, 0.11111, 0.11111, 0.11111, 
0.11111, 0.11111, 0.11111, 0.11111, 0, 0, 0, 0, 0, 0, 0, 0, 0, 
0, 0, 0, 0, 0, 0, 0, 0, 0, 0, 0, 0, 0, 0.53373, 0.54034, 0.54562, 
0.55569, 0.55112, 0.56608, 0.55788, 0.55517, 0.56643, 0.54641, 
0.54867, 0.51676, 0.54289, 0.55732, 0.55455, 0.54011, 0.56043, 
0.56229, 0.53861, 0.56486, 0.54936, 0.54456, 0.1842, 0.2185, 
0.2402, 0.2808, 0.3228, 0.3663, 0.407, 0.4789, 0.5147, 0.5855, 
0.6355, 491, 539.2, 579.4, 628.5, 675.5, 716.8, 762.4, 810.6, 
855.8, 906.7, 961.7, 1, 1, 1, 1, 1, 1, 1, 1, 1, 1, 1, 1, 1, 1, 
1, 1, 1, 1, 1, 1, 1, 1, 1, 1, 1, 1, 1, 1, 1, 1, 1, 1, 1, 1, 1, 
1, 1, 1, 1, 1, 1, 1, 1, 1, 5.332, 5.706, 5.799, 6.245, 6.692, 
7.264, 7.616, 8.749, 8.17, 8.935, 9.467), .Dim = c(11L, 40L), .Dimnames = list(
    NULL, c("Sampling", "PSO.cost", "PSO.gamma", "PSO.data.balancing", 
    "PSO.feature.selection", "PSO.valid.acc", "PSO.test.acc", 
    "PSO.train.time", "PSO.n.support.vectors", "PSO.index", "PSO.n.solutions", 
    "PSO.generations", "PSO.n.evaluations", "PSO.cpu.time", "RS.cost", 
    "RS.gamma", "RS.data.balancing", "RS.feature.selection", 
    "RS.valid.acc", "RS.test.acc", "RS.train.time", "RS.n.support.vectors", 
    "RS.index", "RS.n.solutions", "RS.generations", "RS.n.evaluations", 
    "RS.cpu.time", "DF.cost", "DF.gamma", "DF.data.balancing", 
    "DF.feature.selection", "DF.valid.acc", "DF.test.acc", "DF.train.time", 
    "DF.n.support.vectors", "DF.index", "DF.n.solutions", "DF.generations", 
    "DF.n.evaluations", "DF.cpu.time")))
