full <-
structure(c(50, 55, 60, 65, 70, 75, 80, 85, 90, 95, 100, 6.41548, 
9.91082, 11.91589, 8.10974, -1.54148, 3.73363, 2.76167, 5.83703, 
-1.13735, 2.33461, 12.54691, -7.16618, -8.33351, -9.29688, -8.01642, 
-3.22265, -6.45021, -5.36144, -6.79839, -4.1895, -5.10708, -9.04299, 
0, 0, 0, 0, 0, 0, 0, 0, 0, 0, 0, 0, 0, 0, 0, 0, 0, 0, 0, 0, 0, 
0, 0.55896, 0.56942, 0.56078, 0.57718, 0.56324, 0.57065, 0.56939, 
0.55744, 0.55397, 0.56175, 0.5594, 0.552, 0.54257, 0.55374, 0.54254, 
0.56027, 0.55851, 0.5545, 0.54835, 0.54539, 0.54549, 0.55375, 
0.1833, 0.2679, 0.3953, 0.301, 0.322, 0.3796, 0.4327, 0.481, 
0.5301, 0.5859, 1.2827, 483.5, 520.6, 563.2, 618, 721, 729.6, 
768.8, 800.8, 916.7, 904.4, 926.9, 791, 611, 1276, 971, 1050, 
1193, 2392, 2242, 1442, 1553, 716, 16, 14, 7, 40, 169, 41, 1, 
1, 38, 9, 40, 100, 100, 100, 100, 100, 100, 100, 100, 100, 100, 
100, 2500, 2500, 2500, 2500, 2500, 2500, 2500, 2500, 2500, 2500, 
2500, 13912.455, 20725.837, 21045.469, 22504.324, 15564.471, 
17391.345, 23444.19, 35176.691, 38798.827, 28696.83, 46803.059, 
9.48068, 12.45794, 13.15931, 7.45033, 3.88672, 3.0096, 1.93687, 
14.25788, 5.41109, 1.96604, 14.00668, -8.7479, -9.66624, -10.96408, 
-7.75582, -6.17079, -5.71744, -4.87888, -11.74811, -5.76745, 
-4.93103, -9.58592, 0, 0, 0, 0, 0, 0, 0, 0, 0, 0, 0, 0, 0, 0, 
0, 0, 0, 0, 0, 0, 0, 0, 0.55754, 0.56818, 0.55735, 0.57505, 0.56225, 
0.56692, 0.56764, 0.55747, 0.55314, 0.56026, 0.55798, 0.55762, 
0.54509, 0.55262, 0.54253, 0.55522, 0.55757, 0.55452, 0.54669, 
0.54459, 0.54918, 0.54886, 0.2129, 0.3723, 0.3993, 0.3149, 0.3258, 
0.361, 0.4085, 0.767, 0.5316, 0.589, 1.8507, 479, 520.3, 574.3, 
619.1, 675.3, 725, 771.4, 810.7, 840.7, 905.9, 925.6, 611, 1299, 
962, 2287, 1967, 2295, 564, 52, 1658, 2400, 699, 2, 1, 1, 1, 
1, 1, 1, 1, 1, 1, 1, 100, 100, 100, 100, 100, 100, 100, 100, 
100, 100, 100, 2500, 2500, 2500, 2500, 2500, 2500, 2500, 2500, 
2500, 2500, 2500, 15297.795, 17439.275, 19416.656, 21636.593, 
24544.954, 26486.762, 32965.291, 34499.386, 37936.44, 41472.085, 
47345.1819999999, 1, 1, 1, 1, 1, 1, 1, 1, 1, 1, 1, 0.11111, 0.11111, 
0.11111, 0.11111, 0.11111, 0.11111, 0.11111, 0.11111, 0.11111, 
0.11111, 0.11111, 0, 0, 0, 0, 0, 0, 0, 0, 0, 0, 0, 0, 0, 0, 0, 
0, 0, 0, 0, 0, 0, 0, 0.52829, 0.54269, 0.54438, 0.5543, 0.55112, 
0.55384, 0.55537, 0.54254, 0.54306, 0.53958, 0.54807, 0.52968, 
0.53493, 0.54561, 0.54892, 0.55414, 0.55764, 0.55367, 0.54586, 
0.55474, 0.54848, 0.55226, 0.1837, 0.2084, 0.2559, 0.2668, 0.3134, 
0.3812, 0.4227, 0.4749, 0.537, 0.5824, 0.6229, 505.2, 550.9, 
588.6, 639, 686.3, 729.9, 780, 824.6, 871.1, 914.8, 961, 1, 1, 
1, 1, 1, 1, 1, 1, 1, 1, 1, 1, 1, 1, 1, 1, 1, 1, 1, 1, 1, 1, 1, 
1, 1, 1, 1, 1, 1, 1, 1, 1, 1, 1, 1, 1, 1, 1, 1, 1, 1, 1, 1, 1, 
4.394, 4.518, 5.166, 5.043, 5.534, 6.419, 6.919, 7.554, 8.264, 
8.709, 8.947), .Dim = c(11L, 40L), .Dimnames = list(NULL, c("Sampling", 
"PSO.cost", "PSO.gamma", "PSO.data.balancing", "PSO.feature.selection", 
"PSO.valid.acc", "PSO.test.acc", "PSO.train.time", "PSO.n.support.vectors", 
"PSO.index", "PSO.n.solutions", "PSO.generations", "PSO.n.evaluations", 
"PSO.cpu.time", "RS.cost", "RS.gamma", "RS.data.balancing", "RS.feature.selection", 
"RS.valid.acc", "RS.test.acc", "RS.train.time", "RS.n.support.vectors", 
"RS.index", "RS.n.solutions", "RS.generations", "RS.n.evaluations", 
"RS.cpu.time", "DF.cost", "DF.gamma", "DF.data.balancing", "DF.feature.selection", 
"DF.valid.acc", "DF.test.acc", "DF.train.time", "DF.n.support.vectors", 
"DF.index", "DF.n.solutions", "DF.generations", "DF.n.evaluations", 
"DF.cpu.time")))
