full <-
structure(c(50, 55, 60, 65, 70, 75, 80, 85, 90, 95, 100, -0.28098, 
-0.68793, 7.11625, -1.3963, 12.54403, 5.23964, -1.30549, -1.33163, 
-0.46633, 0.43681, 2.50515, -3.74987, -3.04996, -8.28048, -3.00488, 
-10.73198, -5.82191, -4.32998, -3.44824, -4.0724, -4.78956, -6.53786, 
0, 0, 0, 0, 0, 0, 0, 0, 0, 0, 0, 0, 0, 0, 0, 0, 0, 0, 0, 0, 0, 
0, 0.55761, 0.55956, 0.55261, 0.5567, 0.56029, 0.5615, 0.55635, 
0.54752, 0.55243, 0.55436, 0.55929, 0.53924, 0.54935, 0.54542, 
0.55241, 0.53722, 0.55021, 0.54572, 0.54336, 0.53914, 0.54253, 
0.55375, 0.1726, 0.2061, 0.2468, 0.2916, 0.4298, 0.3828, 0.436, 
0.4777, 0.5235, 0.5725, 0.6456, 509.8, 552, 578.1, 667.1, 671.6, 
706.8, 834.5, 867.5, 902.4, 945.7, 991.5, 1250, 1161, 1362, 1495, 
1211, 983, 1392, 2325, 2196, 856, 1976, 63, 51, 66, 29, 1, 273, 
4, 2, 3, 48, 5, 100, 100, 100, 100, 100, 100, 100, 100, 100, 
100, 100, 2500, 2500, 2500, 2500, 2500, 2500, 2500, 2500, 2500, 
2500, 2500, 11038.439, 11858.193, 14742.365, 14009.037, 20842.988, 
16724.209, 18269.817, 23353.143, 20754.491, 22427.908, 26085.545, 
0.0302, -0.62741, 7.10358, -1.42024, 13.02366, 5.33619, -1.27068, 
-1.57236, -1.29494, -0.11027, 3.95282, -3.9528, -3.11678, -8.31945, 
-2.94742, -11.1131, -5.79027, -4.38329, -3.52509, -3.8592, -3.45034, 
-7.21673, 0, 0, 0, 0, 0, 0, 0, 0, 0, 0, 0, 0, 0, 0, 0, 0, 0, 
0, 0, 0, 0, 0, 0.55615, 0.55703, 0.55023, 0.55454, 0.55828, 0.55869, 
0.55196, 0.54505, 0.55012, 0.55289, 0.55443, 0.53783, 0.55063, 
0.54424, 0.5535, 0.53524, 0.54738, 0.54572, 0.54251, 0.53912, 
0.544, 0.55232, 0.1729, 0.206, 0.2488, 0.2916, 0.4437, 0.381, 
0.4376, 0.4774, 0.5338, 0.5707, 0.6296, 507.6, 550.8, 579, 667.5, 
673.3, 705.9, 835.5, 874, 920.4, 929.6, 982.1, 2019, 32, 773, 
519, 2363, 1139, 1934, 1376, 2403, 696, 733, 1, 1, 1, 1, 1, 2, 
1, 1, 1, 1, 1, 100, 100, 100, 100, 100, 100, 100, 100, 100, 100, 
100, 2500, 2500, 2500, 2500, 2500, 2500, 2500, 2500, 2500, 2500, 
2500, 14291.961, 16094.179, 18636.785, 21240.715, 24785.084, 
27399.983, 30680.467, 35432.182, 39699.235, 44128.13, 47703.623, 
1, 1, 1, 1, 1, 1, 1, 1, 1, 1, 1, 0.11111, 0.11111, 0.11111, 0.11111, 
0.11111, 0.11111, 0.11111, 0.11111, 0.11111, 0.11111, 0.11111, 
0, 0, 0, 0, 0, 0, 0, 0, 0, 0, 0, 0, 0, 0, 0, 0, 0, 0, 0, 0, 0, 
0, 0.54496, 0.54926, 0.54441, 0.54593, 0.53914, 0.5484, 0.54491, 
0.54019, 0.54147, 0.54476, 0.54317, 0.54345, 0.55063, 0.55034, 
0.55455, 0.54823, 0.54837, 0.55542, 0.54339, 0.53441, 0.53883, 
0.54878, 0.1722, 0.2038, 0.2388, 0.2841, 0.3253, 0.3704, 0.4219, 
0.4645, 0.511, 0.5695, 0.6388, 500.4, 540.5, 585.6, 640.8, 688.6, 
733.7, 786.9, 833.4, 877.4, 924.5, 962.1, 1, 1, 1, 1, 1, 1, 1, 
1, 1, 1, 1, 1, 1, 1, 1, 1, 1, 1, 1, 1, 1, 1, 1, 1, 1, 1, 1, 1, 
1, 1, 1, 1, 1, 1, 1, 1, 1, 1, 1, 1, 1, 1, 1, 1, 4.24, 4.562, 
4.911, 5.383, 5.901, 6.363, 6.965, 7.347, 7.847, 8.506, 9.293
), .Dim = c(11L, 40L), .Dimnames = list(NULL, c("Sampling", "PSO.cost", 
"PSO.gamma", "PSO.data.balancing", "PSO.feature.selection", "PSO.valid.acc", 
"PSO.test.acc", "PSO.train.time", "PSO.n.support.vectors", "PSO.index", 
"PSO.n.solutions", "PSO.generations", "PSO.n.evaluations", "PSO.cpu.time", 
"RS.cost", "RS.gamma", "RS.data.balancing", "RS.feature.selection", 
"RS.valid.acc", "RS.test.acc", "RS.train.time", "RS.n.support.vectors", 
"RS.index", "RS.n.solutions", "RS.generations", "RS.n.evaluations", 
"RS.cpu.time", "DF.cost", "DF.gamma", "DF.data.balancing", "DF.feature.selection", 
"DF.valid.acc", "DF.test.acc", "DF.train.time", "DF.n.support.vectors", 
"DF.index", "DF.n.solutions", "DF.generations", "DF.n.evaluations", 
"DF.cpu.time")))
