full <-
structure(c(50, 55, 60, 65, 70, 75, 80, 85, 90, 95, 100, 9.89282, 
1.55317, -2, 8.58256, 4.3808, 10.75374, 10.59747, -1.1902, 8.29612, 
6.51927, -1.59095, -7.75261, -4.86007, -3.23271, -9.56223, -5.06675, 
-9.63674, -10.39903, -3.76601, -7.46329, -7.27244, -3.54955, 
0, 0, 0, 0, 0, 0, 0, 0, 0, 0, 0, 0, 0, 0, 0, 0, 0, 0, 0, 0, 0, 
0, 0.55475, 0.56312, 0.55955, 0.56446, 0.56625, 0.56414, 0.55975, 
0.56492, 0.56473, 0.56845, 0.56202, 0.5322, 0.53752, 0.54321, 
0.54714, 0.54919, 0.53778, 0.54923, 0.55338, 0.54989, 0.56104, 
0.54659, 0.246, 0.2128, 0.2593, 0.3032, 0.329, 0.4586, 0.4885, 
0.4671, 0.5728, 0.6112, 0.6342, 460, 536.1, 623.3, 630.7, 648.5, 
711.6, 773.8, 854.2, 829.9, 889.9, 1012.1, 1747, 1570, 891, 1592, 
1120, 2484, 633, 2344, 1564, 809, 1850, 17, 23, 8, 2, 52, 2, 
27, 2, 39, 63, 2, 100, 100, 100, 100, 100, 100, 100, 100, 100, 
100, 100, 2500, 2500, 2500, 2500, 2500, 2500, 2500, 2500, 2500, 
2500, 2500, 14816.054, 19165.948, 13444.795, 16445.609, 15808.1, 
20731.537, 22603.078, 25371.694, 28972.0539999999, 23229.643, 
30607.012, 9.95779, 1.5606, -1.93448, 12.62104, 4.62544, 8.17641, 
14.60218, 3.51975, 8.22638, 6.31036, -0.95411, -7.77254, -4.82094, 
-3.17092, -11.31981, -5.21945, -8.95229, -12.5855, -4.66005, 
-7.67326, -7.22017, -3.61938, 0, 0, 0, 0, 0, 0, 0, 0, 0, 0, 0, 
0, 0, 0, 0, 0, 0, 0, 0, 0, 0, 0, 0.55475, 0.56058, 0.5584, 0.56234, 
0.56224, 0.56317, 0.55887, 0.55998, 0.5632, 0.56698, 0.55991, 
0.53502, 0.54006, 0.54907, 0.54931, 0.54718, 0.5463, 0.54571, 
0.52935, 0.55148, 0.55733, 0.54729, 0.249, 0.2105, 0.2588, 0.3657, 
0.3402, 0.3978, 0.5798, 0.4527, 0.5791, 0.5948, 0.6324, 459.4, 
535.8, 622.3, 621, 648.5, 724.3, 774.9, 791.1, 831.9, 891, 995.1, 
401, 1888, 1666, 2165, 1631, 98, 753, 2245, 1536, 916, 1443, 
1, 1, 1, 3, 1, 1, 1, 1, 1, 1, 1, 100, 100, 100, 100, 100, 100, 
100, 100, 100, 100, 100, 2500, 2500, 2500, 2500, 2500, 2500, 
2500, 2500, 2500, 2500, 2500, 15150.609, 17361.514, 19418.771, 
21155.1, 24002.66, 27728.061, 31055.591, 35540.056, 38054.74, 
46194.35, 49060.596, 1, 1, 1, 1, 1, 1, 1, 1, 1, 1, 1, 0.11111, 
0.11111, 0.11111, 0.11111, 0.11111, 0.11111, 0.11111, 0.11111, 
0.11111, 0.11111, 0.11111, 0, 0, 0, 0, 0, 0, 0, 0, 0, 0, 0, 0, 
0, 0, 0, 0, 0, 0, 0, 0, 0, 0, 0.5463, 0.54656, 0.55256, 0.54931, 
0.54313, 0.5388, 0.54656, 0.5467, 0.5522, 0.55143, 0.54659, 0.54353, 
0.54262, 0.53732, 0.53967, 0.55522, 0.54721, 0.54392, 0.54922, 
0.54749, 0.54776, 0.53958, 0.16, 0.2113, 0.248, 0.2873, 0.3182, 
0.3696, 0.4381, 0.4439, 0.5326, 0.5555, 0.619, 493.6, 540.5, 
584.3, 630.3, 676.9, 728.8, 777, 818.9, 860.4, 910.5, 961.4, 
1, 1, 1, 1, 1, 1, 1, 1, 1, 1, 1, 1, 1, 1, 1, 1, 1, 1, 1, 1, 1, 
1, 1, 1, 1, 1, 1, 1, 1, 1, 1, 1, 1, 1, 1, 1, 1, 1, 1, 1, 1, 1, 
1, 1, 3.957, 4.711, 5.08, 5.544, 5.806, 6.386, 7.261, 7.053, 
8.134, 8.194, 9.046), .Dim = c(11L, 40L), .Dimnames = list(NULL, 
    c("Sampling", "PSO.cost", "PSO.gamma", "PSO.data.balancing", 
    "PSO.feature.selection", "PSO.valid.acc", "PSO.test.acc", 
    "PSO.train.time", "PSO.n.support.vectors", "PSO.index", "PSO.n.solutions", 
    "PSO.generations", "PSO.n.evaluations", "PSO.cpu.time", "RS.cost", 
    "RS.gamma", "RS.data.balancing", "RS.feature.selection", 
    "RS.valid.acc", "RS.test.acc", "RS.train.time", "RS.n.support.vectors", 
    "RS.index", "RS.n.solutions", "RS.generations", "RS.n.evaluations", 
    "RS.cpu.time", "DF.cost", "DF.gamma", "DF.data.balancing", 
    "DF.feature.selection", "DF.valid.acc", "DF.test.acc", "DF.train.time", 
    "DF.n.support.vectors", "DF.index", "DF.n.solutions", "DF.generations", 
    "DF.n.evaluations", "DF.cpu.time")))
