full <-
structure(c(50, 55, 60, 65, 70, 75, 80, 85, 90, 95, 100, 0.59017, 
-0.81661, 1.53102, -0.2176, 7.5058, 2.51257, 6.77596, -2, 0.02094, 
5.07933, 0.15834, -3.57651, -3.01914, -4.60309, -3.53479, -7.10479, 
-4.71692, -7.50769, -2.97707, -5.01115, -6.1551, -5.01627, 0, 
0, 0, 0, 0, 0, 0, 0, 0, 0, 0, 0, 0, 0, 0, 0, 0, 0, 0, 0, 0, 0, 
0.57888, 0.58236, 0.56706, 0.55979, 0.55704, 0.5633, 0.56331, 
0.56235, 0.55946, 0.55585, 0.55648, 0.56609, 0.55927, 0.54947, 
0.55543, 0.54109, 0.54544, 0.54834, 0.54664, 0.5415, 0.54768, 
0.55433, 0.1592, 0.1885, 0.2187, 0.2572, 0.3301, 0.3373, 0.3935, 
0.4346, 0.4785, 0.5247, 0.5781, 480.8, 546, 579.1, 640.1, 659.7, 
714.8, 763.4, 872.9, 910.3, 895, 999.2, 1736, 1254, 1710, 950, 
1549, 940, 966, 1873, 581, 1741, 2371, 51, 134, 38, 31, 31, 45, 
189, 10, 62, 12, 1, 100, 100, 100, 100, 100, 100, 100, 100, 100, 
100, 100, 2500, 2500, 2500, 2500, 2500, 2500, 2500, 2500, 2500, 
2500, 2500, 11514.288, 12400.336, 13227.649, 13808.752, 19116.362, 
18597.063, 18927.607, 36920.866, 24200.232, 23323.883, 23543.181, 
0.94435, -0.33366, 1.78592, -0.6112, 10.64336, 2.24985, 5.20187, 
13.76089, 7.75269, 5.74581, -0.5277, -3.85553, -3.49539, -4.61423, 
-3.09614, -8.84947, -4.52242, -6.80386, -10.66712, -8.63039, 
-6.63877, -4.72565, 0, 0, 0, 0, 0, 0, 0, 0, 0, 0, 0, 0, 0, 0, 
0, 0, 0, 0, 0, 0, 0, 0, 0.57463, 0.57595, 0.56584, 0.55668, 0.55505, 
0.5614, 0.56243, 0.55985, 0.55792, 0.5544, 0.55509, 0.56333, 
0.5567, 0.54943, 0.55227, 0.54103, 0.54826, 0.54836, 0.54743, 
0.53843, 0.54695, 0.55156, 0.1538, 0.1896, 0.2157, 0.2573, 0.3938, 
0.3304, 0.3766, 0.801, 0.488, 0.5298, 0.5823, 480.1, 542.2, 575.2, 
642.6, 657.2, 716.2, 766.4, 796, 868.7, 896.5, 1010.2, 2475, 
1226, 940, 1320, 644, 1370, 720, 836, 1390, 804, 1072, 1, 1, 
1, 1, 1, 1, 1, 2, 1, 1, 1, 100, 100, 100, 100, 100, 100, 100, 
100, 100, 100, 100, 2500, 2500, 2500, 2500, 2500, 2500, 2500, 
2500, 2500, 2500, 2500, 15377.42, 18058.919, 19228.442, 23269.008, 
24396.292, 27505.865, 30523.324, 33649.247, 34620.946, 42090.263, 
45672.346, 1, 1, 1, 1, 1, 1, 1, 1, 1, 1, 1, 0.11111, 0.11111, 
0.11111, 0.11111, 0.11111, 0.11111, 0.11111, 0.11111, 0.11111, 
0.11111, 0.11111, 0, 0, 0, 0, 0, 0, 0, 0, 0, 0, 0, 0, 0, 0, 0, 
0, 0, 0, 0, 0, 0, 0, 0.57045, 0.56446, 0.55302, 0.55231, 0.5309, 
0.54833, 0.53604, 0.54832, 0.54231, 0.54326, 0.55088, 0.56059, 
0.55799, 0.55307, 0.54578, 0.53606, 0.55297, 0.5325, 0.55902, 
0.53763, 0.54178, 0.54874, 0.1556, 0.1831, 0.2233, 0.2546, 0.2948, 
0.33, 0.374, 0.4211, 0.4655, 0.5176, 0.571, 487.8, 534, 584.5, 
633.9, 681.8, 729.4, 780.4, 824.9, 875.2, 917.6, 961.9, 1, 1, 
1, 1, 1, 1, 1, 1, 1, 1, 1, 1, 1, 1, 1, 1, 1, 1, 1, 1, 1, 1, 1, 
1, 1, 1, 1, 1, 1, 1, 1, 1, 1, 1, 1, 1, 1, 1, 1, 1, 1, 1, 1, 1, 
4.356, 4.689, 4.987, 5.42, 5.667, 6.148, 6.441, 7.017, 7.352, 
7.95, 8.984), .Dim = c(11L, 40L), .Dimnames = list(NULL, c("Sampling", 
"PSO.cost", "PSO.gamma", "PSO.data.balancing", "PSO.feature.selection", 
"PSO.valid.acc", "PSO.test.acc", "PSO.train.time", "PSO.n.support.vectors", 
"PSO.index", "PSO.n.solutions", "PSO.generations", "PSO.n.evaluations", 
"PSO.cpu.time", "RS.cost", "RS.gamma", "RS.data.balancing", "RS.feature.selection", 
"RS.valid.acc", "RS.test.acc", "RS.train.time", "RS.n.support.vectors", 
"RS.index", "RS.n.solutions", "RS.generations", "RS.n.evaluations", 
"RS.cpu.time", "DF.cost", "DF.gamma", "DF.data.balancing", "DF.feature.selection", 
"DF.valid.acc", "DF.test.acc", "DF.train.time", "DF.n.support.vectors", 
"DF.index", "DF.n.solutions", "DF.generations", "DF.n.evaluations", 
"DF.cpu.time")))
