full <-
structure(c(50, 55, 60, 65, 70, 75, 80, 85, 90, 95, 100, 11.49623, 
5.12506, 7.98538, 7.47792, 15, 2.82929, 0.74553, 6.62827, -1.67842, 
3.69975, -1.40663, -9.27929, -5.98176, -8.32765, -8.11139, -11.50118, 
-5.49242, -3.39899, -6.80124, -2.69107, -5.69847, -2.51838, 0, 
0, 0, 0, 0, 0, 0, 0, 0, 0, 0, 0, 0, 0, 0, 0, 0, 0, 0, 0, 0, 0, 
0.57182, 0.56555, 0.55044, 0.57297, 0.54227, 0.54727, 0.57198, 
0.57415, 0.56956, 0.56561, 0.56424, 0.55359, 0.55271, 0.54107, 
0.56216, 0.54731, 0.52855, 0.54739, 0.55598, 0.55625, 0.54932, 
0.54951, 0.2554, 0.1999, 0.2589, 0.2962, 0.6388, 0.3741, 0.419, 
0.4936, 0.5382, 0.5915, 0.6417, 468.3, 521, 573.3, 617.4, 660.6, 
723.4, 765.6, 787.4, 905.6, 893.7, 991.8, 1077, 958, 1058, 1135, 
1614, 355, 1086, 1341, 1193, 928, 641, 2, 71, 29, 7, 2, 44, 81, 
11, 200, 69, 446, 100, 100, 100, 100, 100, 100, 100, 100, 100, 
100, 100, 2500, 2500, 2500, 2500, 2500, 2500, 2500, 2500, 2500, 
2500, 2500, 14962.107, 13854.158, 14519.95, 21232.786, 26354.802, 
19761.242, 18299.193, 24502.175, 22435.238, 23144.434, 24223.462, 
11.70513, 4.70862, 7.48907, 6.8952, 7.9098, 2.74652, 0.67956, 
6.59719, -0.98627, 3.85763, -1.52519, -9.39264, -5.72577, -8.00314, 
-7.83768, -7.55123, -5.43159, -3.39739, -6.76664, -3.49582, -5.80707, 
-2.46333, 0, 0, 0, 0, 0, 0, 0, 0, 0, 0, 0, 0, 0, 0, 0, 0, 0, 
0, 0, 0, 0, 0, 0.56902, 0.56165, 0.54926, 0.56969, 0.54025, 0.54445, 
0.57109, 0.5725, 0.56491, 0.5634, 0.56283, 0.55216, 0.55399, 
0.54224, 0.56002, 0.55339, 0.52761, 0.54565, 0.55432, 0.55552, 
0.5508, 0.54951, 0.2514, 0.1984, 0.2543, 0.2911, 0.3638, 0.372, 
0.4173, 0.4962, 0.5167, 0.5902, 0.6639, 468.2, 521, 572, 618.6, 
658.9, 723.2, 765.1, 787.5, 893.6, 893.5, 995.8, 1885, 206, 944, 
139, 1016, 618, 2438, 1355, 2023, 2039, 1796, 1, 1, 1, 1, 1, 
2, 1, 1, 1, 1, 1, 100, 100, 100, 100, 100, 100, 100, 100, 100, 
100, 100, 2500, 2500, 2500, 2500, 2500, 2500, 2500, 2500, 2500, 
2500, 2500, 15253.993, 17397.695, 19528.694, 22473.544, 25071.092, 
26516.891, 32239.104, 35857.435, 40983.751, 43103.373, 45845.04, 
1, 1, 1, 1, 1, 1, 1, 1, 1, 1, 1, 0.11111, 0.11111, 0.11111, 0.11111, 
0.11111, 0.11111, 0.11111, 0.11111, 0.11111, 0.11111, 0.11111, 
0, 0, 0, 0, 0, 0, 0, 0, 0, 0, 0, 0, 0, 0, 0, 0, 0, 0, 0, 0, 0, 
0, 0.55067, 0.54633, 0.52811, 0.53831, 0.52921, 0.53404, 0.56495, 
0.56174, 0.55629, 0.55453, 0.55021, 0.55639, 0.53611, 0.52818, 
0.54151, 0.5323, 0.52374, 0.5509, 0.55762, 0.55779, 0.54635, 
0.55093, 0.1801, 0.206, 0.2457, 0.2824, 0.3272, 0.3767, 0.4204, 
0.4667, 0.5345, 0.5652, 0.6138, 493.6, 544.4, 590.8, 633.2, 684.3, 
730.8, 773.7, 818.4, 866.1, 913.1, 961.2, 1, 1, 1, 1, 1, 1, 1, 
1, 1, 1, 1, 1, 1, 1, 1, 1, 1, 1, 1, 1, 1, 1, 1, 1, 1, 1, 1, 1, 
1, 1, 1, 1, 1, 1, 1, 1, 1, 1, 1, 1, 1, 1, 1, 1, 4.384, 4.669, 
5.102, 5.486, 5.954, 6.541, 6.952, 7.447, 8.256, 8.474, 8.875
), .Dim = c(11L, 40L), .Dimnames = list(NULL, c("Sampling", "PSO.cost", 
"PSO.gamma", "PSO.data.balancing", "PSO.feature.selection", "PSO.valid.acc", 
"PSO.test.acc", "PSO.train.time", "PSO.n.support.vectors", "PSO.index", 
"PSO.n.solutions", "PSO.generations", "PSO.n.evaluations", "PSO.cpu.time", 
"RS.cost", "RS.gamma", "RS.data.balancing", "RS.feature.selection", 
"RS.valid.acc", "RS.test.acc", "RS.train.time", "RS.n.support.vectors", 
"RS.index", "RS.n.solutions", "RS.generations", "RS.n.evaluations", 
"RS.cpu.time", "DF.cost", "DF.gamma", "DF.data.balancing", "DF.feature.selection", 
"DF.valid.acc", "DF.test.acc", "DF.train.time", "DF.n.support.vectors", 
"DF.index", "DF.n.solutions", "DF.generations", "DF.n.evaluations", 
"DF.cpu.time")))
