full <-
structure(c(50, 55, 60, 65, 70, 75, 80, 85, 90, 95, 100, 3.03612, 
-0.32603, -0.46744, 0.73396, -0.32011, -1.03801, 11.88791, 4.54738, 
-1.58466, 1.85521, -0.97693, -5.1301, -3.36153, -1.10455, -3.59267, 
-3.17107, -3.97472, -10.63803, -7.32056, -1.95221, -5.71031, 
-4.51956, 0, 0, 0, 0, 0, 0, 0, 0, 0, 0, 0, 0, 0, 0, 0, 0, 0, 
0, 0, 0, 0, 0, 0.57778, 0.58344, 0.5855, 0.58481, 0.57349, 0.57632, 
0.56065, 0.57575, 0.56798, 0.56413, 0.56002, 0.57469, 0.57722, 
0.57141, 0.56542, 0.57145, 0.56791, 0.5633, 0.56161, 0.55241, 
0.55296, 0.56004, 0.1737, 0.2057, 0.2751, 0.2582, 0.3096, 0.3652, 
0.5465, 0.487, 0.5343, 0.552, 0.6322, 471.3, 541.5, 632.4, 627.5, 
692.5, 769.1, 767.1, 823.6, 912.6, 928, 1018.8, 1873, 977, 2199, 
99, 1555, 2237, 2138, 1963, 1148, 2435, 1502, 2, 75, 5, 50, 37, 
1, 2, 3, 106, 1, 45, 100, 100, 100, 100, 100, 100, 100, 100, 
100, 100, 100, 2500, 2500, 2500, 2500, 2500, 2500, 2500, 2500, 
2500, 2500, 2500, 11537.003, 12126.924, 13354.411, 15015.82, 
20515.487, 16409.693, 26213.958, 19583.408, 25856.598, 33356.436, 
26071.677, 3.07389, -0.34864, -1.98533, -1.10948, -1.10808, -0.68122, 
1.75096, 5.29146, -1.31221, -0.38872, -1.01066, -5.15077, -3.34911, 
-3.09368, -2.73816, -3.26792, -4.16708, -6.06275, -7.83661, -2.52105, 
-3.89171, -4.4788, 0, 0, 0, 0, 0, 0, 0, 0, 0, 0, 0, 0, 0, 0, 
0, 0, 0, 0, 0, 0, 0, 0, 0.57637, 0.58217, 0.58074, 0.58472, 0.57145, 
0.57163, 0.55973, 0.57411, 0.56331, 0.56111, 0.55932, 0.57187, 
0.57722, 0.57138, 0.56649, 0.5694, 0.56323, 0.56509, 0.55582, 
0.55163, 0.55813, 0.56074, 0.1718, 0.2058, 0.2379, 0.3003, 0.3241, 
0.3698, 0.4458, 0.457, 0.5361, 0.5888, 0.6587, 471.2, 542, 626, 
655, 709.6, 764.8, 806.7, 826.9, 899.2, 934.9, 1018.6, 1457, 
2391, 2442, 2316, 924, 2264, 198, 1027, 2330, 308, 1504, 1, 1, 
1, 1, 2, 1, 1, 1, 1, 1, 1, 100, 100, 100, 100, 100, 100, 100, 
100, 100, 100, 100, 2500, 2500, 2500, 2500, 2500, 2500, 2500, 
2500, 2500, 2500, 2500, 14780.562, 16349.288, 19174.311, 22069.072, 
25609.402, 27818.228, 32988.642, 37025.861, 38648.346, 43812.083, 
47028.124, 1, 1, 1, 1, 1, 1, 1, 1, 1, 1, 1, 0.11111, 0.11111, 
0.11111, 0.11111, 0.11111, 0.11111, 0.11111, 0.11111, 0.11111, 
0.11111, 0.11111, 0, 0, 0, 0, 0, 0, 0, 0, 0, 0, 0, 0, 0, 0, 0, 
0, 0, 0, 0, 0, 0, 0, 0.56763, 0.56946, 0.57137, 0.57507, 0.56646, 
0.54818, 0.54047, 0.56424, 0.5555, 0.54485, 0.54876, 0.56336, 
0.57594, 0.57134, 0.56434, 0.5624, 0.55014, 0.54314, 0.56496, 
0.54773, 0.55004, 0.55441, 0.1714, 0.1931, 0.2352, 0.2881, 0.3153, 
0.3572, 0.4365, 0.4676, 0.522, 0.586, 0.6452, 488.2, 536, 584.7, 
634.7, 687.1, 736.4, 781.7, 819.5, 873, 915.7, 964.1, 1, 1, 1, 
1, 1, 1, 1, 1, 1, 1, 1, 1, 1, 1, 1, 1, 1, 1, 1, 1, 1, 1, 1, 1, 
1, 1, 1, 1, 1, 1, 1, 1, 1, 1, 1, 1, 1, 1, 1, 1, 1, 1, 1, 1, 4.221, 
4.312, 4.825, 5.547, 5.614, 6.096, 7.161, 7.368, 8.064, 8.714, 
9.44), .Dim = c(11L, 40L), .Dimnames = list(NULL, c("Sampling", 
"PSO.cost", "PSO.gamma", "PSO.data.balancing", "PSO.feature.selection", 
"PSO.valid.acc", "PSO.test.acc", "PSO.train.time", "PSO.n.support.vectors", 
"PSO.index", "PSO.n.solutions", "PSO.generations", "PSO.n.evaluations", 
"PSO.cpu.time", "RS.cost", "RS.gamma", "RS.data.balancing", "RS.feature.selection", 
"RS.valid.acc", "RS.test.acc", "RS.train.time", "RS.n.support.vectors", 
"RS.index", "RS.n.solutions", "RS.generations", "RS.n.evaluations", 
"RS.cpu.time", "DF.cost", "DF.gamma", "DF.data.balancing", "DF.feature.selection", 
"DF.valid.acc", "DF.test.acc", "DF.train.time", "DF.n.support.vectors", 
"DF.index", "DF.n.solutions", "DF.generations", "DF.n.evaluations", 
"DF.cpu.time")))
