full <-
structure(c(50, 55, 60, 65, 70, 75, 80, 85, 90, 95, 100, 12.84565, 
1.10546, -1.54777, 9.97881, -1.79837, 2.33509, -1.16928, 14.94054, 
0.62007, 5.90014, 9.8396, -10.54957, -5.1409, -2.88079, -9.53831, 
-3.27089, -5.17763, -3.2172, -11.79276, -5.19492, -6.77007, -8.80614, 
0, 0, 0, 0, 0, 0, 0, 0, 0, 0, 0, 0, 0, 0, 0, 0, 0, 0, 0, 0, 0, 
0, 0.56017, 0.5532, 0.54668, 0.56327, 0.56307, 0.57724, 0.5693, 
0.56411, 0.56793, 0.56553, 0.55785, 0.54603, 0.53386, 0.54434, 
0.56118, 0.55107, 0.55382, 0.55349, 0.5517, 0.56008, 0.55372, 
0.54593, 0.253, 0.2098, 0.2396, 0.2965, 0.3139, 0.3448, 0.4053, 
0.8007, 0.5408, 0.5987, 0.7746, 480.7, 557.9, 621.4, 622.1, 722.7, 
717.7, 799.3, 797.4, 889.7, 888.8, 937.9, 1221, 2104, 2413, 2172, 
993, 1845, 912, 885, 1137, 1241, 929, 26, 4, 1, 5, 359, 39, 456, 
1, 23, 2, 16, 100, 100, 100, 100, 100, 100, 100, 100, 100, 100, 
100, 2500, 2500, 2500, 2500, 2500, 2500, 2500, 2500, 2500, 2500, 
2500, 16271.174, 11925.667, 13214.321, 21639.258, 14995.583, 
15549.958, 17297.344, 29494.786, 23798.765, 38126.183, 39744.101, 
10.77493, 1.70848, -1.55417, 1.39881, -1.98792, 2.25939, -1.15126, 
12.88165, 0.84262, 6.18975, 8.51897, -9.57264, -5.55904, -2.92472, 
-5.15079, -3.00685, -5.13311, -2.87583, -10.79861, -5.23291, 
-6.92102, -8.34552, 0, 0, 0, 0, 0, 0, 0, 0, 0, 0, 0, 0, 0, 0, 
0, 0, 0, 0, 0, 0, 0, 0, 0.55598, 0.55189, 0.54551, 0.56124, 0.55906, 
0.5763, 0.56486, 0.55833, 0.56713, 0.56405, 0.55713, 0.5446, 
0.53897, 0.54784, 0.55792, 0.55106, 0.55475, 0.55171, 0.55252, 
0.5585, 0.55225, 0.54942, 0.2015, 0.2061, 0.2353, 0.2647, 0.324, 
0.3493, 0.4237, 0.6367, 0.5123, 0.6242, 0.7039, 482.8, 555.4, 
622.1, 640.9, 724.7, 717.9, 795.5, 798, 886, 888.8, 941.1, 251, 
2120, 2294, 424, 110, 2326, 753, 635, 921, 1915, 947, 1, 1, 1, 
1, 1, 1, 2, 1, 1, 1, 1, 100, 100, 100, 100, 100, 100, 100, 100, 
100, 100, 100, 2500, 2500, 2500, 2500, 2500, 2500, 2500, 2500, 
2500, 2500, 2500, 14869.547, 16670.922, 19213.501, 20758.437, 
23585.647, 27666.11, 31662.246, 34181.535, 41237.051, 45450.265, 
48426.279, 1, 1, 1, 1, 1, 1, 1, 1, 1, 1, 1, 0.11111, 0.11111, 
0.11111, 0.11111, 0.11111, 0.11111, 0.11111, 0.11111, 0.11111, 
0.11111, 0.11111, 0, 0, 0, 0, 0, 0, 0, 0, 0, 0, 0, 0, 0, 0, 0, 
0, 0, 0, 0, 0, 0, 0, 0.54047, 0.53019, 0.53387, 0.55142, 0.54221, 
0.566, 0.55874, 0.54591, 0.54529, 0.55002, 0.54668, 0.54476, 
0.52616, 0.53733, 0.55892, 0.54216, 0.55477, 0.54467, 0.55331, 
0.55699, 0.55224, 0.54247, 0.1712, 0.1972, 0.2276, 0.2643, 0.3009, 
0.3436, 0.4069, 0.4779, 0.5359, 0.5847, 0.6189, 500.2, 550.2, 
591.7, 639.3, 679.2, 727.9, 773.9, 818, 861.1, 911.4, 963.1, 
1, 1, 1, 1, 1, 1, 1, 1, 1, 1, 1, 1, 1, 1, 1, 1, 1, 1, 1, 1, 1, 
1, 1, 1, 1, 1, 1, 1, 1, 1, 1, 1, 1, 1, 1, 1, 1, 1, 1, 1, 1, 1, 
1, 1, 4.105, 4.302, 4.654, 4.989, 5.394, 5.824, 6.731, 8.621, 
9.147, 9.692, 9.749), .Dim = c(11L, 40L), .Dimnames = list(NULL, 
    c("Sampling", "PSO.cost", "PSO.gamma", "PSO.data.balancing", 
    "PSO.feature.selection", "PSO.valid.acc", "PSO.test.acc", 
    "PSO.train.time", "PSO.n.support.vectors", "PSO.index", "PSO.n.solutions", 
    "PSO.generations", "PSO.n.evaluations", "PSO.cpu.time", "RS.cost", 
    "RS.gamma", "RS.data.balancing", "RS.feature.selection", 
    "RS.valid.acc", "RS.test.acc", "RS.train.time", "RS.n.support.vectors", 
    "RS.index", "RS.n.solutions", "RS.generations", "RS.n.evaluations", 
    "RS.cpu.time", "DF.cost", "DF.gamma", "DF.data.balancing", 
    "DF.feature.selection", "DF.valid.acc", "DF.test.acc", "DF.train.time", 
    "DF.n.support.vectors", "DF.index", "DF.n.solutions", "DF.generations", 
    "DF.n.evaluations", "DF.cpu.time")))
