full <-
structure(c(50, 55, 60, 65, 70, 75, 80, 85, 90, 95, 100, 14.97396, 
2.13035, -0.72563, 1.08435, 9.12622, -0.09466, 8.81326, 1.93433, 
-1.58882, -0.57721, 5.4301, -11.55814, -3.71746, -2.87133, -5.37391, 
-6.71813, -4.10109, -9.04685, -4.66361, -2.75726, -3.40179, -5.95647, 
0, 0, 0, 0, 0, 0, 0, 0, 0, 0, 0, 0, 0, 0, 0, 0, 0, 0, 0, 0, 0, 
0, 0.55204, 0.55804, 0.56105, 0.55472, 0.55492, 0.54178, 0.54917, 
0.55415, 0.5571, 0.5536, 0.56347, 0.52801, 0.53769, 0.55399, 
0.54714, 0.52281, 0.53803, 0.53772, 0.55081, 0.54621, 0.5521, 
0.54596, 0.3475, 0.2074, 0.2468, 0.2926, 0.4983, 0.3913, 0.4429, 
0.4514, 0.533, 0.5606, 0.6554, 481, 525.6, 596.1, 657.9, 649.1, 
752.3, 769.5, 809.9, 902, 931.8, 935, 2181, 1037, 2284, 918, 
724, 791, 1879, 239, 2304, 1795, 2038, 1, 51, 1, 321, 44, 67, 
2, 226, 2, 6, 20, 100, 100, 100, 100, 100, 100, 100, 100, 100, 
100, 100, 2500, 2500, 2500, 2500, 2500, 2500, 2500, 2500, 2500, 
2500, 2500, 18451.384, 12801.336, 13153.528, 14452.91, 24194.895, 
17195.109, 22643.138, 19205.287, 23437.053, 25590.047, 32530.346, 
0.286, 4.12314, -0.46671, 1.15108, 9.90178, 0.02493, 8.56646, 
1.63216, 6.47625, -1.00579, 5.41428, -4.23036, -5.32836, -3.03953, 
-5.3256, -7.17639, -4.41498, -8.99186, -4.50565, -6.27081, -2.704, 
-5.95724, 0, 0, 0, 0, 0, 0, 0, 0, 0, 0, 0, 0, 0, 0, 0, 0, 0, 
0, 0, 0, 0, 0, 0.55063, 0.55535, 0.55871, 0.54826, 0.54995, 0.53989, 
0.54742, 0.55333, 0.55245, 0.55282, 0.56277, 0.54772, 0.54145, 
0.55632, 0.54605, 0.52078, 0.53803, 0.53596, 0.54999, 0.55011, 
0.54765, 0.54596, 0.1761, 0.2067, 0.245, 0.2822, 0.5493, 0.3879, 
0.468, 0.4777, 0.5603, 0.5954, 0.6507, 506.8, 524.1, 592.1, 654.7, 
649.9, 757.2, 770.1, 811.1, 833.2, 934.7, 935.4, 862, 380, 1382, 
628, 2129, 1173, 2452, 861, 1327, 1428, 146, 1, 1, 1, 2, 1, 1, 
1, 1, 1, 1, 1, 100, 100, 100, 100, 100, 100, 100, 100, 100, 100, 
100, 2500, 2500, 2500, 2500, 2500, 2500, 2500, 2500, 2500, 2500, 
2500, 15657.845, 17409.613, 18651.482, 22383.042, 25206.288, 
29706.96, 31521.37, 35872.155, 40080.15, 41422.509, 47744.3970000001, 
1, 1, 1, 1, 1, 1, 1, 1, 1, 1, 1, 0.11111, 0.11111, 0.11111, 0.11111, 
0.11111, 0.11111, 0.11111, 0.11111, 0.11111, 0.11111, 0.11111, 
0, 0, 0, 0, 0, 0, 0, 0, 0, 0, 0, 0, 0, 0, 0, 0, 0, 0, 0, 0, 0, 
0, 0.53091, 0.54529, 0.55171, 0.53849, 0.54288, 0.53054, 0.52982, 
0.54921, 0.55167, 0.5432, 0.55155, 0.53516, 0.54021, 0.55284, 
0.53409, 0.52984, 0.53058, 0.53855, 0.54995, 0.54702, 0.54618, 
0.54597, 0.1791, 0.2072, 0.2278, 0.2822, 0.3289, 0.3741, 0.4184, 
0.4764, 0.5185, 0.5688, 0.6448, 499.9, 545, 586, 637.7, 689.2, 
743.2, 776.3, 819.1, 864.9, 917.5, 963.3, 1, 1, 1, 1, 1, 1, 1, 
1, 1, 1, 1, 1, 1, 1, 1, 1, 1, 1, 1, 1, 1, 1, 1, 1, 1, 1, 1, 1, 
1, 1, 1, 1, 1, 1, 1, 1, 1, 1, 1, 1, 1, 1, 1, 1, 4.502, 4.652, 
4.724, 5.485, 5.979, 6.417, 6.846, 7.578, 7.925, 8.366, 9.463
), .Dim = c(11L, 40L), .Dimnames = list(NULL, c("Sampling", "PSO.cost", 
"PSO.gamma", "PSO.data.balancing", "PSO.feature.selection", "PSO.valid.acc", 
"PSO.test.acc", "PSO.train.time", "PSO.n.support.vectors", "PSO.index", 
"PSO.n.solutions", "PSO.generations", "PSO.n.evaluations", "PSO.cpu.time", 
"RS.cost", "RS.gamma", "RS.data.balancing", "RS.feature.selection", 
"RS.valid.acc", "RS.test.acc", "RS.train.time", "RS.n.support.vectors", 
"RS.index", "RS.n.solutions", "RS.generations", "RS.n.evaluations", 
"RS.cpu.time", "DF.cost", "DF.gamma", "DF.data.balancing", "DF.feature.selection", 
"DF.valid.acc", "DF.test.acc", "DF.train.time", "DF.n.support.vectors", 
"DF.index", "DF.n.solutions", "DF.generations", "DF.n.evaluations", 
"DF.cpu.time")))
