full <-
structure(c(50, 55, 60, 65, 70, 75, 80, 85, 90, 95, 100, 1.92069, 
4.14776, -1.93642, -0.05348, 5.40584, -0.89965, 14.82596, 0.46553, 
-1.62268, 1.28986, 7.22276, -5.64857, -5.5999, -3.63626, -5.12126, 
-7.43119, -3.76375, -11.88433, -4.33496, -3.58125, -6.36595, 
-6.68841, 0, 0, 0, 0, 0, 0, 0, 0, 0, 0, 0, 0, 0, 0, 0, 0, 0, 
0, 0, 0, 0, 0, 0.58299, 0.58486, 0.56677, 0.57618, 0.57111, 0.58207, 
0.57719, 0.56826, 0.57805, 0.57074, 0.55653, 0.56336, 0.55805, 
0.57142, 0.56542, 0.55406, 0.56805, 0.56406, 0.56667, 0.56563, 
0.55594, 0.54594, 0.1655, 0.207, 0.2371, 0.2866, 0.3143, 0.3773, 
0.7387, 0.4671, 0.5249, 0.5878, 0.6929, 498, 510.2, 625.1, 662.3, 
670.5, 750.9, 752.3, 819.4, 907.1, 962.1, 929.2, 982, 2019, 1533, 
1098, 953, 1975, 1132, 1973, 1576, 1508, 1923, 161, 2, 13, 20, 
47, 12, 1, 14, 27, 1, 1, 100, 100, 100, 100, 100, 100, 100, 100, 
100, 100, 100, 2500, 2500, 2500, 2500, 2500, 2500, 2500, 2500, 
2500, 2500, 2500, 11770.946, 12242.96, 13696.129, 14325.82, 19667.181, 
25654.871, 26020.189, 21341.037, 20372.287, 22900.759, 51145.342, 
2.95115, 2.23582, 5.1475, -0.86241, 13.52438, -0.95331, 13.7785, 
0.55924, -1.77304, 6.95977, 8.17087, -6.4505, -4.73253, -7.34432, 
-4.78402, -11.48319, -3.67924, -11.23238, -4.3419, -3.42745, 
-8.38709, -8.24058, 0, 0, 0, 0, 0, 0, 0, 0, 0, 0, 0, 0, 0, 0, 
0, 0, 0, 0, 0, 0, 0, 0, 0.57866, 0.57977, 0.56558, 0.57401, 0.57013, 
0.57926, 0.57633, 0.56745, 0.57491, 0.56849, 0.55651, 0.54789, 
0.56305, 0.57386, 0.57075, 0.55608, 0.56617, 0.56668, 0.56501, 
0.56486, 0.55372, 0.55089, 0.1819, 0.2022, 0.2562, 0.3129, 0.4362, 
0.362, 0.6686, 0.4604, 0.5307, 0.5717, 0.7137, 498.2, 518.4, 
576.5, 673.3, 662.6, 750.4, 750.9, 818.5, 908.5, 909.2, 944.1, 
1387, 1942, 424, 914, 211, 1535, 1577, 2146, 94, 1901, 2216, 
1, 1, 1, 1, 2, 1, 1, 1, 1, 1, 1, 100, 100, 100, 100, 100, 100, 
100, 100, 100, 100, 100, 2500, 2500, 2500, 2500, 2500, 2500, 
2500, 2500, 2500, 2500, 2500, 15420.287, 15833.08, 19238.092, 
21546.58, 23565.993, 27707.519, 29762.692, 34052.314, 37304.164, 
42005.152, 48533.271, 1, 1, 1, 1, 1, 1, 1, 1, 1, 1, 1, 0.11111, 
0.11111, 0.11111, 0.11111, 0.11111, 0.11111, 0.11111, 0.11111, 
0.11111, 0.11111, 0.11111, 0, 0, 0, 0, 0, 0, 0, 0, 0, 0, 0, 0, 
0, 0, 0, 0, 0, 0, 0, 0, 0, 0, 0.55624, 0.57457, 0.55268, 0.56008, 
0.55811, 0.5652, 0.55797, 0.5559, 0.5593, 0.55442, 0.54883, 0.5689, 
0.57698, 0.55391, 0.56003, 0.55811, 0.56617, 0.56412, 0.55428, 
0.57031, 0.55149, 0.54671, 0.1795, 0.1969, 0.241, 0.2652, 0.3151, 
0.381, 0.4089, 0.4733, 0.5102, 0.5546, 0.6169, 489.8, 529.3, 
581.4, 627.3, 679.2, 725.2, 766.5, 812.4, 857.8, 910.4, 960.2, 
1, 1, 1, 1, 1, 1, 1, 1, 1, 1, 1, 1, 1, 1, 1, 1, 1, 1, 1, 1, 1, 
1, 1, 1, 1, 1, 1, 1, 1, 1, 1, 1, 1, 1, 1, 1, 1, 1, 1, 1, 1, 1, 
1, 1, 4.369, 4.402, 4.906, 5.036, 5.545, 6.507, 6.665, 7.468, 
7.803, 8.207, 8.954), .Dim = c(11L, 40L), .Dimnames = list(NULL, 
    c("Sampling", "PSO.cost", "PSO.gamma", "PSO.data.balancing", 
    "PSO.feature.selection", "PSO.valid.acc", "PSO.test.acc", 
    "PSO.train.time", "PSO.n.support.vectors", "PSO.index", "PSO.n.solutions", 
    "PSO.generations", "PSO.n.evaluations", "PSO.cpu.time", "RS.cost", 
    "RS.gamma", "RS.data.balancing", "RS.feature.selection", 
    "RS.valid.acc", "RS.test.acc", "RS.train.time", "RS.n.support.vectors", 
    "RS.index", "RS.n.solutions", "RS.generations", "RS.n.evaluations", 
    "RS.cpu.time", "DF.cost", "DF.gamma", "DF.data.balancing", 
    "DF.feature.selection", "DF.valid.acc", "DF.test.acc", "DF.train.time", 
    "DF.n.support.vectors", "DF.index", "DF.n.solutions", "DF.generations", 
    "DF.n.evaluations", "DF.cpu.time")))
