full <-
structure(c(50, 55, 60, 65, 70, 75, 80, 85, 90, 95, 100, 4.84455, 
0.8877, 6.86896, 1.99814, 0.56907, 1.83608, -1.44973, -0.12003, 
1.96906, 8.30085, 0.28786, -6.83527, -3.1221, -7.4628, -3.90123, 
-4.29387, -5.02866, -2.23867, -4.41807, -2.92345, -6.73586, -4.63021, 
0, 0, 0, 0, 0, 0, 0, 0, 0, 0, 0, 0, 0, 0, 0, 0, 0, 0, 0, 0, 0, 
0, 0.57308, 0.56326, 0.57828, 0.57438, 0.56538, 0.56696, 0.55971, 
0.54926, 0.56715, 0.54915, 0.56217, 0.55912, 0.54916, 0.55247, 
0.55479, 0.56136, 0.55482, 0.55271, 0.53855, 0.55621, 0.54919, 
0.54882, 0.1561, 0.186, 0.2277, 0.26, 0.2935, 0.3274, 0.3859, 
0.4223, 0.4752, 0.6695, 0.5692, 473.6, 526.3, 567.3, 613.5, 677.7, 
717.1, 804, 846.7, 847.1, 876.1, 983, 683, 1108, 300, 1570, 1216, 
1574, 1361, 2386, 2317, 1042, 2401, 45, 42, 96, 58, 31, 64, 12, 
1, 3, 7, 2, 100, 100, 100, 100, 100, 100, 100, 100, 100, 100, 
100, 2500, 2500, 2500, 2500, 2500, 2500, 2500, 2500, 2500, 2500, 
2500, 12197.498, 15383.997, 13859.263, 14786.676, 15516.705, 
18935.521, 17517.144, 18100.918, 20485.511, 46560.217, 24215.348, 
3.80858, 0.77782, 7.64991, 1.84931, 0.75886, 1.79941, -1.48449, 
-0.23572, 1.90907, 8.02053, 1.28959, -6.19543, -3.03524, -7.61087, 
-3.78101, -4.29113, -4.55656, -2.23058, -4.70407, -2.94455, -6.62576, 
-5.15058, 0, 0, 0, 0, 0, 0, 0, 0, 0, 0, 0, 0, 0, 0, 0, 0, 0, 
0, 0, 0, 0, 0, 0.57739, 0.55942, 0.57824, 0.5689, 0.56438, 0.56415, 
0.55795, 0.54432, 0.56324, 0.5484, 0.56005, 0.55342, 0.55172, 
0.54777, 0.55695, 0.56438, 0.55768, 0.5527, 0.541, 0.557, 0.54919, 
0.54882, 0.1507, 0.1866, 0.2418, 0.2532, 0.2885, 0.3233, 0.3828, 
0.4259, 0.4744, 0.6544, 0.578, 474.2, 527.2, 563.9, 613.4, 674.9, 
711, 805.1, 856.6, 847, 876.5, 974.7, 846, 1118, 2057, 1422, 
2238, 1774, 467, 784, 1692, 468, 498, 1, 1, 1, 1, 1, 1, 1, 1, 
3, 1, 1, 100, 100, 100, 100, 100, 100, 100, 100, 100, 100, 100, 
2500, 2500, 2500, 2500, 2500, 2500, 2500, 2500, 2500, 2500, 2500, 
15224.148, 18120.881, 19041.407, 21485.874, 25777.978, 26755.943, 
30309.131, 33006.142, 37181.01, 41249.081, 44573.676, 1, 1, 1, 
1, 1, 1, 1, 1, 1, 1, 1, 0.11111, 0.11111, 0.11111, 0.11111, 0.11111, 
0.11111, 0.11111, 0.11111, 0.11111, 0.11111, 0.11111, 0, 0, 0, 
0, 0, 0, 0, 0, 0, 0, 0, 0, 0, 0, 0, 0, 0, 0, 0, 0, 0, 0, 0.55638, 
0.54941, 0.56417, 0.56341, 0.55138, 0.55668, 0.54565, 0.53603, 
0.55465, 0.53369, 0.54671, 0.56479, 0.55054, 0.55134, 0.56128, 
0.5664, 0.55862, 0.54834, 0.54099, 0.55389, 0.54402, 0.5383, 
0.1584, 0.1851, 0.2175, 0.2539, 0.2876, 0.3296, 0.3722, 0.4132, 
0.4636, 0.5147, 0.5786, 484.8, 535.8, 582, 630.4, 676.6, 720.2, 
775.3, 824.7, 865.2, 913.7, 962.5, 1, 1, 1, 1, 1, 1, 1, 1, 1, 
1, 1, 1, 1, 1, 1, 1, 1, 1, 1, 1, 1, 1, 1, 1, 1, 1, 1, 1, 1, 1, 
1, 1, 1, 1, 1, 1, 1, 1, 1, 1, 1, 1, 1, 1, 4.385, 4.712, 4.899, 
5.461, 5.916, 6.136, 6.572, 6.86, 7.392, 7.937, 9.014), .Dim = c(11L, 
40L), .Dimnames = list(NULL, c("Sampling", "PSO.cost", "PSO.gamma", 
"PSO.data.balancing", "PSO.feature.selection", "PSO.valid.acc", 
"PSO.test.acc", "PSO.train.time", "PSO.n.support.vectors", "PSO.index", 
"PSO.n.solutions", "PSO.generations", "PSO.n.evaluations", "PSO.cpu.time", 
"RS.cost", "RS.gamma", "RS.data.balancing", "RS.feature.selection", 
"RS.valid.acc", "RS.test.acc", "RS.train.time", "RS.n.support.vectors", 
"RS.index", "RS.n.solutions", "RS.generations", "RS.n.evaluations", 
"RS.cpu.time", "DF.cost", "DF.gamma", "DF.data.balancing", "DF.feature.selection", 
"DF.valid.acc", "DF.test.acc", "DF.train.time", "DF.n.support.vectors", 
"DF.index", "DF.n.solutions", "DF.generations", "DF.n.evaluations", 
"DF.cpu.time")))
