full <-
structure(c(50, 55, 60, 65, 70, 75, 80, 85, 90, 95, 100, 8.55623, 
1.67127, 7.49701, 15, 2.98712, 4.18547, 4.13603, 7.40054, 12.20459, 
0.6125, -1.07515, -8.56564, -5.31029, -8.16336, -11.03248, -3.7159, 
-7.21404, -6.6225, -6.20964, -10.77111, -4.50629, -2.50307, 0, 
0, 0, 0, 0, 0, 0, 0, 0, 0, 0, 0, 0, 0, 0, 0, 0, 0, 0, 0, 0, 0, 
0.57303, 0.58241, 0.57353, 0.57393, 0.58242, 0.58114, 0.57723, 
0.57483, 0.56706, 0.56248, 0.55507, 0.55898, 0.55807, 0.56311, 
0.56863, 0.55833, 0.57545, 0.56058, 0.56249, 0.546, 0.55064, 
0.55155, 0.1926, 0.1881, 0.2571, 0.6427, 0.3238, 0.3621, 0.4274, 
0.5496, 0.6516, 0.5822, 0.6675, 467.3, 535.1, 562, 592.3, 640.3, 
726, 751.1, 773.2, 851.7, 916.8, 986.5, 2076, 1139, 903, 803, 
1587, 1624, 439, 724, 1851, 2403, 1062, 6, 48, 29, 1, 20, 8, 
195, 29, 5, 1, 42, 100, 100, 100, 100, 100, 100, 100, 100, 100, 
100, 100, 2500, 2500, 2500, 2500, 2500, 2500, 2500, 2500, 2500, 
2500, 2500, 11738.143, 11611.817, 15428.419, 22875.397, 15847.264, 
16498.608, 17588.371, 50986.591, 26355.235, 25019.33, 26914.6360000001, 
11.4776, 5.31698, 7.53649, 11.23079, 1.64415, 4.20905, 4.20001, 
7.9636, 14.90348, 2.11149, -1.1935, -10.32221, -6.51825, -8.28089, 
-8.85834, -5.85929, -7.45304, -6.66625, -6.34957, -12.04205, 
-5.7756, -2.64586, 0, 0, 0, 0, 0, 0, 0, 0, 0, 0, 0, 0, 0, 0, 
0, 0, 0, 0, 0, 0, 0, 0, 0.57015, 0.57857, 0.57119, 0.57396, 0.57739, 
0.57925, 0.57723, 0.57237, 0.56629, 0.56023, 0.55226, 0.56319, 
0.54792, 0.56309, 0.55997, 0.56224, 0.57451, 0.56058, 0.5592, 
0.54602, 0.54768, 0.55085, 0.2121, 0.1924, 0.2357, 0.403, 0.311, 
0.3483, 0.4183, 0.5904, 0.8667, 0.5631, 0.6733, 469.1, 511.1, 
563.9, 590.5, 689.5, 731.3, 751.3, 772.3, 849.9, 919.4, 989.2, 
357, 1683, 1882, 2236, 193, 1450, 2192, 1262, 765, 21, 1092, 
2, 1, 1, 1, 1, 1, 1, 1, 1, 1, 1, 100, 100, 100, 100, 100, 100, 
100, 100, 100, 100, 100, 2500, 2500, 2500, 2500, 2500, 2500, 
2500, 2500, 2500, 2500, 2500, 14422.464, 16591.602, 18357.365, 
20116.579, 23851.02, 26984.458, 29911.722, 34545.978, 40063.172, 
43216.121, 48920.49, 1, 1, 1, 1, 1, 1, 1, 1, 1, 1, 1, 0.11111, 
0.11111, 0.11111, 0.11111, 0.11111, 0.11111, 0.11111, 0.11111, 
0.11111, 0.11111, 0.11111, 0, 0, 0, 0, 0, 0, 0, 0, 0, 0, 0, 0, 
0, 0, 0, 0, 0, 0, 0, 0, 0, 0, 0.55047, 0.56326, 0.54793, 0.55022, 
0.56335, 0.56615, 0.5596, 0.55244, 0.54755, 0.54994, 0.54318, 
0.54057, 0.54664, 0.55141, 0.54807, 0.56438, 0.56046, 0.56495, 
0.56074, 0.54833, 0.5499, 0.553, 0.156, 0.2138, 0.2236, 0.2739, 
0.3211, 0.3655, 0.4131, 0.4471, 0.5082, 0.5591, 0.6628, 490, 
533.6, 584, 626.2, 670.2, 717.3, 759.4, 810.5, 865.1, 908, 962.3, 
1, 1, 1, 1, 1, 1, 1, 1, 1, 1, 1, 1, 1, 1, 1, 1, 1, 1, 1, 1, 1, 
1, 1, 1, 1, 1, 1, 1, 1, 1, 1, 1, 1, 1, 1, 1, 1, 1, 1, 1, 1, 1, 
1, 1, 3.833, 4.668, 4.607, 5.146, 5.777, 6.196, 6.785, 6.995, 
7.754, 9.037, 10.521), .Dim = c(11L, 40L), .Dimnames = list(NULL, 
    c("Sampling", "PSO.cost", "PSO.gamma", "PSO.data.balancing", 
    "PSO.feature.selection", "PSO.valid.acc", "PSO.test.acc", 
    "PSO.train.time", "PSO.n.support.vectors", "PSO.index", "PSO.n.solutions", 
    "PSO.generations", "PSO.n.evaluations", "PSO.cpu.time", "RS.cost", 
    "RS.gamma", "RS.data.balancing", "RS.feature.selection", 
    "RS.valid.acc", "RS.test.acc", "RS.train.time", "RS.n.support.vectors", 
    "RS.index", "RS.n.solutions", "RS.generations", "RS.n.evaluations", 
    "RS.cpu.time", "DF.cost", "DF.gamma", "DF.data.balancing", 
    "DF.feature.selection", "DF.valid.acc", "DF.test.acc", "DF.train.time", 
    "DF.n.support.vectors", "DF.index", "DF.n.solutions", "DF.generations", 
    "DF.n.evaluations", "DF.cpu.time")))
