full <-
structure(c(50, 55, 60, 65, 70, 75, 80, 85, 90, 95, 100, -0.90711, 
14.9961, -1.73589, -0.45017, 2.0748, 3.00964, 1.60783, 6.14864, 
2.40546, -0.91379, 5.40516, -1.80745, -11.41235, -3.12824, -4.2713, 
-5.45691, -6.10059, -5.44052, -5.61552, -5.33894, -4.35371, -5.42081, 
0, 0, 0, 0, 0, 0, 0, 0, 0, 0, 0, 0, 0, 0, 0, 0, 0, 0, 0, 0, 0, 
0, 0.55075, 0.56591, 0.56809, 0.57193, 0.56513, 0.57265, 0.56414, 
0.56009, 0.56258, 0.56991, 0.55993, 0.53682, 0.54923, 0.55051, 
0.55233, 0.55611, 0.56516, 0.54741, 0.54773, 0.54612, 0.56396, 
0.54804, 0.1817, 0.4446, 0.2467, 0.2813, 0.322, 0.3722, 0.4125, 
0.5215, 0.5234, 0.5949, 0.6754, 518.8, 520.7, 617.2, 657.4, 678.8, 
725.7, 786.3, 791.3, 862, 959.1, 926.5, 737, 2349, 1874, 2112, 
2427, 1323, 1826, 1312, 294, 1263, 1636, 109, 1, 29, 3, 1, 73, 
4, 2, 86, 6, 21, 100, 100, 100, 100, 100, 100, 100, 100, 100, 
100, 100, 2500, 2500, 2500, 2500, 2500, 2500, 2500, 2500, 2500, 
2500, 2500, 10813.644, 20093.301, 13360.555, 17400.521, 16395.413, 
21572.477, 18336.182, 29638.447, 21100.274, 23339.685, 27270.186, 
-0.84442, 12.21314, -1.32496, 0.84033, 1.94777, 2.72381, 1.4721, 
6.1155, 1.95761, -1.35133, 5.48911, -1.81275, -9.98117, -3.08439, 
-4.21992, -5.37493, -5.72127, -5.40148, -5.59683, -4.95122, -4.24299, 
-6.1643, 0, 0, 0, 0, 0, 0, 0, 0, 0, 0, 0, 0, 0, 0, 0, 0, 0, 0, 
0, 0, 0, 0, 0.54652, 0.56333, 0.56467, 0.56979, 0.56413, 0.56701, 
0.5615, 0.55926, 0.561, 0.56545, 0.55855, 0.53543, 0.54796, 0.55516, 
0.55776, 0.55712, 0.56605, 0.54918, 0.54773, 0.54613, 0.56471, 
0.54595, 0.1725, 0.2961, 0.2488, 0.2826, 0.3117, 0.3504, 0.4289, 
0.5182, 0.5244, 0.5851, 0.655, 518.1, 520.7, 607.8, 631.9, 679.1, 
721.9, 788.6, 791.3, 862.1, 970.5, 933.8, 556, 1025, 1289, 1907, 
1646, 1328, 928, 1875, 960, 2359, 2381, 1, 1, 1, 2, 1, 1, 1, 
1, 1, 1, 1, 100, 100, 100, 100, 100, 100, 100, 100, 100, 100, 
100, 2500, 2500, 2500, 2500, 2500, 2500, 2500, 2500, 2500, 2500, 
2500, 14776.633, 17061.803, 19333.728, 21279.615, 24318.023, 
26854.782, 29955.266, 33548.933, 37906.094, 41793.224, 47188.5980000001, 
1, 1, 1, 1, 1, 1, 1, 1, 1, 1, 1, 0.11111, 0.11111, 0.11111, 0.11111, 
0.11111, 0.11111, 0.11111, 0.11111, 0.11111, 0.11111, 0.11111, 
0, 0, 0, 0, 0, 0, 0, 0, 0, 0, 0, 0, 0, 0, 0, 0, 0, 0, 0, 0, 0, 
0, 0.54087, 0.5466, 0.56223, 0.55457, 0.54413, 0.55571, 0.54037, 
0.54367, 0.55237, 0.55584, 0.55014, 0.53809, 0.56072, 0.5458, 
0.55129, 0.5501, 0.55569, 0.54214, 0.5453, 0.54691, 0.55728, 
0.55296, 0.1608, 0.2048, 0.2337, 0.284, 0.3106, 0.3791, 0.424, 
0.4694, 0.5175, 0.5717, 0.624, 496.5, 541.9, 584.3, 636.4, 677.1, 
728.1, 776.3, 826.9, 871.4, 913, 963.2, 1, 1, 1, 1, 1, 1, 1, 
1, 1, 1, 1, 1, 1, 1, 1, 1, 1, 1, 1, 1, 1, 1, 1, 1, 1, 1, 1, 1, 
1, 1, 1, 1, 1, 1, 1, 1, 1, 1, 1, 1, 1, 1, 1, 1, 4.019, 4.612, 
4.899, 5.532, 5.615, 6.587, 7.057, 7.572, 8.037, 8.539, 9.043
), .Dim = c(11L, 40L), .Dimnames = list(NULL, c("Sampling", "PSO.cost", 
"PSO.gamma", "PSO.data.balancing", "PSO.feature.selection", "PSO.valid.acc", 
"PSO.test.acc", "PSO.train.time", "PSO.n.support.vectors", "PSO.index", 
"PSO.n.solutions", "PSO.generations", "PSO.n.evaluations", "PSO.cpu.time", 
"RS.cost", "RS.gamma", "RS.data.balancing", "RS.feature.selection", 
"RS.valid.acc", "RS.test.acc", "RS.train.time", "RS.n.support.vectors", 
"RS.index", "RS.n.solutions", "RS.generations", "RS.n.evaluations", 
"RS.cpu.time", "DF.cost", "DF.gamma", "DF.data.balancing", "DF.feature.selection", 
"DF.valid.acc", "DF.test.acc", "DF.train.time", "DF.n.support.vectors", 
"DF.index", "DF.n.solutions", "DF.generations", "DF.n.evaluations", 
"DF.cpu.time")))
