full <-
structure(c(50, 55, 60, 65, 70, 75, 80, 85, 90, 95, 100, 5.28886, 
0.3983, -0.08638, 6.49353, 3.23508, 8.3949, 13.30298, -0.12787, 
4.53242, -1.34925, 7.19861, -6.68015, -3.77385, -3.65199, -8.47404, 
-5.09632, -8.89774, -11.0024, -3.91236, -7.2503, -2.99238, -6.71722, 
0, 0, 0, 0, 0, 0, 0, 0, 0, 0, 0, 0, 0, 0, 0, 0, 0, 0, 0, 0, 0, 
0, 0.5591, 0.55976, 0.55149, 0.56426, 0.56625, 0.57358, 0.57822, 
0.56997, 0.57331, 0.58035, 0.56083, 0.56341, 0.55599, 0.54447, 
0.55339, 0.55016, 0.56794, 0.56238, 0.56167, 0.55848, 0.56178, 
0.54956, 0.172, 0.1957, 0.2532, 0.2682, 0.3033, 0.3951, 0.6006, 
0.4926, 0.5279, 0.5769, 0.7038, 474.3, 534.4, 591.3, 634.8, 662, 
717.9, 751.3, 828.7, 868.7, 945.1, 930.2, 1975, 1701, 1021, 835, 
2457, 765, 1804, 1394, 762, 430, 2071, 2, 23, 88, 74, 1, 96, 
1, 27, 42, 699, 3, 100, 100, 100, 100, 100, 100, 100, 100, 100, 
100, 100, 2500, 2500, 2500, 2500, 2500, 2500, 2500, 2500, 2500, 
2500, 2500, 11403.326, 12500.345, 12678.835, 16952.775, 14385.589, 
18753.941, 29278.696, 19383.941, 21348.917, 23733.33, 37631.065, 
1.17226, 0.21318, -0.04899, 6.25273, 2.05881, 9.23545, 12.90794, 
0.0203, 4.59935, -1.46148, 7.43467, -4.81603, -3.61593, -3.60292, 
-7.74033, -4.2542, -9.32189, -10.75448, -4.07372, -7.29027, -2.72509, 
-6.80309, 0, 0, 0, 0, 0, 0, 0, 0, 0, 0, 0, 0, 0, 0, 0, 0, 0, 
0, 0, 0, 0, 0, 0.55775, 0.55847, 0.54681, 0.56315, 0.56424, 0.57077, 
0.57734, 0.56831, 0.57097, 0.57592, 0.55872, 0.56196, 0.55599, 
0.54683, 0.54909, 0.55216, 0.56794, 0.56325, 0.56086, 0.55926, 
0.56623, 0.55236, 0.1613, 0.1986, 0.2262, 0.2734, 0.3054, 0.4099, 
0.5905, 0.4748, 0.5287, 0.5817, 0.7073, 491.9, 535.8, 589.9, 
624.2, 661.8, 716.8, 750.3, 828.9, 868.7, 945.4, 929.5, 807, 
1243, 2205, 211, 958, 925, 1552, 254, 2003, 2406, 1111, 1, 1, 
1, 1, 1, 1, 1, 1, 1, 1, 1, 100, 100, 100, 100, 100, 100, 100, 
100, 100, 100, 100, 2500, 2500, 2500, 2500, 2500, 2500, 2500, 
2500, 2500, 2500, 2500, 14855.26, 16792.1, 19115.727, 21422.22, 
24614.448, 26953.648, 30159.096, 36672.785, 39959.852, 40327.735, 
45250.579, 1, 1, 1, 1, 1, 1, 1, 1, 1, 1, 1, 0.11111, 0.11111, 
0.11111, 0.11111, 0.11111, 0.11111, 0.11111, 0.11111, 0.11111, 
0.11111, 0.11111, 0, 0, 0, 0, 0, 0, 0, 0, 0, 0, 0, 0, 0, 0, 0, 
0, 0, 0, 0, 0, 0, 0, 0.5422, 0.54825, 0.53975, 0.55338, 0.54817, 
0.55568, 0.55801, 0.55921, 0.55617, 0.5611, 0.54608, 0.55488, 
0.55847, 0.54101, 0.54796, 0.55121, 0.56791, 0.55448, 0.55583, 
0.55854, 0.55585, 0.54682, 0.1768, 0.2125, 0.2458, 0.2744, 0.3286, 
0.3591, 0.4106, 0.4558, 0.5163, 0.5659, 0.6296, 488.8, 536.7, 
583.9, 631.2, 678.9, 726.1, 768.6, 815.7, 861.5, 911.6, 962.1, 
1, 1, 1, 1, 1, 1, 1, 1, 1, 1, 1, 1, 1, 1, 1, 1, 1, 1, 1, 1, 1, 
1, 1, 1, 1, 1, 1, 1, 1, 1, 1, 1, 1, 1, 1, 1, 1, 1, 1, 1, 1, 1, 
1, 1, 4.462, 4.603, 4.933, 5.179, 5.854, 6.122, 6.807, 7.184, 
7.94, 8.335, 9.099), .Dim = c(11L, 40L), .Dimnames = list(NULL, 
    c("Sampling", "PSO.cost", "PSO.gamma", "PSO.data.balancing", 
    "PSO.feature.selection", "PSO.valid.acc", "PSO.test.acc", 
    "PSO.train.time", "PSO.n.support.vectors", "PSO.index", "PSO.n.solutions", 
    "PSO.generations", "PSO.n.evaluations", "PSO.cpu.time", "RS.cost", 
    "RS.gamma", "RS.data.balancing", "RS.feature.selection", 
    "RS.valid.acc", "RS.test.acc", "RS.train.time", "RS.n.support.vectors", 
    "RS.index", "RS.n.solutions", "RS.generations", "RS.n.evaluations", 
    "RS.cpu.time", "DF.cost", "DF.gamma", "DF.data.balancing", 
    "DF.feature.selection", "DF.valid.acc", "DF.test.acc", "DF.train.time", 
    "DF.n.support.vectors", "DF.index", "DF.n.solutions", "DF.generations", 
    "DF.n.evaluations", "DF.cpu.time")))
