full <-
structure(c(50, 55, 60, 65, 70, 75, 80, 85, 90, 95, 100, -0.8595, 
-1.17315, -0.37641, 6.25653, -1.39226, 2.18804, -0.7578, 3.05005, 
6.6813, -0.71571, 5.40896, -2.71856, -3.13061, -3.79832, -7.28723, 
-1.66599, -3.82923, -4.58643, -6.49955, -6.5247, -5.1057, -7.69177, 
0, 0, 0, 0, 0, 0, 0, 0, 0, 0, 0, 0, 0, 0, 0, 0, 0, 0, 0, 0, 0, 
0, 0.55894, 0.54674, 0.55266, 0.55469, 0.55315, 0.55266, 0.54918, 
0.56421, 0.56338, 0.55374, 0.56704, 0.55622, 0.53763, 0.52106, 
0.53522, 0.53717, 0.54148, 0.54736, 0.54682, 0.54396, 0.54556, 
0.54454, 0.1795, 0.2173, 0.2615, 0.3127, 0.3389, 0.3615, 0.4196, 
0.4773, 0.5853, 0.5991, 0.6622, 515.8, 569.4, 612.2, 637.8, 727.6, 
720.8, 816.9, 835.4, 847.7, 977.6, 967.8, 2250, 1417, 1845, 358, 
1232, 2058, 1473, 1107, 1598, 714, 1856, 2, 68, 41, 43, 196, 
1, 9, 8, 6, 79, 20, 100, 100, 100, 100, 100, 100, 100, 100, 100, 
100, 100, 2500, 2500, 2500, 2500, 2500, 2500, 2500, 2500, 2500, 
2500, 2500, 11666.053, 12899.94, 15321.534, 20456.548, 15926.99, 
21674.498, 18055.432, 24681.673, 39413.05, 22878.323, 25858.356, 
-0.89175, -1.36177, 0.05254, 13.33824, -1.42276, 2.44611, -0.98732, 
3.03225, 8.65237, 0.96601, 1.96936, -2.54477, -3.33217, -4.19768, 
-10.90777, -1.56265, -3.95124, -4.61306, -6.50729, -7.58409, 
-5.91095, -4.35684, 0, 0, 0, 0, 0, 0, 0, 0, 0, 0, 0, 0, 0, 0, 
0, 0, 0, 0, 0, 0, 0, 0, 0.55333, 0.54167, 0.55152, 0.5547, 0.54712, 
0.55078, 0.54744, 0.56172, 0.56265, 0.55227, 0.5649, 0.55906, 
0.54271, 0.52341, 0.53411, 0.53919, 0.53864, 0.53862, 0.54683, 
0.54008, 0.54778, 0.54732, 0.1811, 0.2268, 0.2639, 0.4497, 0.3337, 
0.3736, 0.4167, 0.4774, 0.6302, 0.5848, 0.6282, 516.8, 573.7, 
611.6, 635.1, 732.9, 719.7, 824.2, 836.7, 848.5, 957.5, 943.2, 
557, 1049, 783, 449, 2411, 1290, 2140, 754, 2108, 1185, 1183, 
1, 1, 1, 1, 1, 1, 1, 1, 1, 1, 1, 100, 100, 100, 100, 100, 100, 
100, 100, 100, 100, 100, 2500, 2500, 2500, 2500, 2500, 2500, 
2500, 2500, 2500, 2500, 2500, 14868.357, 17292.729, 20953.371, 
23216.1, 24488.084, 28769.022, 29659.529, 34967.865, 39033.989, 
44648.35, 48775.145, 1, 1, 1, 1, 1, 1, 1, 1, 1, 1, 1, 0.11111, 
0.11111, 0.11111, 0.11111, 0.11111, 0.11111, 0.11111, 0.11111, 
0.11111, 0.11111, 0.11111, 0, 0, 0, 0, 0, 0, 0, 0, 0, 0, 0, 0, 
0, 0, 0, 0, 0, 0, 0, 0, 0, 0, 0.54071, 0.52629, 0.52926, 0.53419, 
0.52307, 0.53773, 0.53337, 0.55012, 0.53058, 0.53807, 0.54874, 
0.54071, 0.54281, 0.52575, 0.53531, 0.54014, 0.53877, 0.529, 
0.54518, 0.53687, 0.54556, 0.55577, 0.179, 0.2201, 0.2608, 0.3025, 
0.3463, 0.3728, 0.4069, 0.4749, 0.5053, 0.5791, 0.6248, 504.4, 
550.9, 602.7, 649, 692, 738.1, 780.4, 827.6, 876.2, 916, 964.1, 
1, 1, 1, 1, 1, 1, 1, 1, 1, 1, 1, 1, 1, 1, 1, 1, 1, 1, 1, 1, 1, 
1, 1, 1, 1, 1, 1, 1, 1, 1, 1, 1, 1, 1, 1, 1, 1, 1, 1, 1, 1, 1, 
1, 1, 4.433, 4.883, 5.286, 5.718, 6.189, 6.427, 6.674, 7.585, 
7.771, 8.676, 9.189), .Dim = c(11L, 40L), .Dimnames = list(NULL, 
    c("Sampling", "PSO.cost", "PSO.gamma", "PSO.data.balancing", 
    "PSO.feature.selection", "PSO.valid.acc", "PSO.test.acc", 
    "PSO.train.time", "PSO.n.support.vectors", "PSO.index", "PSO.n.solutions", 
    "PSO.generations", "PSO.n.evaluations", "PSO.cpu.time", "RS.cost", 
    "RS.gamma", "RS.data.balancing", "RS.feature.selection", 
    "RS.valid.acc", "RS.test.acc", "RS.train.time", "RS.n.support.vectors", 
    "RS.index", "RS.n.solutions", "RS.generations", "RS.n.evaluations", 
    "RS.cpu.time", "DF.cost", "DF.gamma", "DF.data.balancing", 
    "DF.feature.selection", "DF.valid.acc", "DF.test.acc", "DF.train.time", 
    "DF.n.support.vectors", "DF.index", "DF.n.solutions", "DF.generations", 
    "DF.n.evaluations", "DF.cpu.time")))
