full <-
structure(c(50, 55, 60, 65, 70, 75, 80, 85, 90, 95, 100, 15, 
-0.66165, 7.49496, 14.61492, 4.48052, 1.10998, 0.20241, 5.50706, 
4.9589, 15, 2.09292, -10.56583, -3.40456, -7.3208, -12.02233, 
-7.50799, -5.99712, -5.46797, -8.07708, -7.81005, -11.70994, 
-5.11048, 0, 0, 0, 0, 0, 0, 0, 0, 0, 0, 0, 0, 0, 0, 0, 0, 0, 
0, 0, 0, 0, 0, 0.58445, 0.57851, 0.56567, 0.57734, 0.5762, 0.56792, 
0.57901, 0.57655, 0.56873, 0.56333, 0.56493, 0.56755, 0.56056, 
0.57748, 0.55109, 0.55519, 0.55764, 0.56759, 0.56746, 0.5562, 
0.55149, 0.55017, 0.5142, 0.1948, 0.2616, 0.4643, 0.3216, 0.3718, 
0.4108, 0.4754, 0.5193, 1.0732, 0.626, 440.6, 536.6, 548.1, 603.8, 
677.8, 755.3, 814.7, 825.8, 878.8, 892.1, 956.1, 2308, 1614, 
1909, 1919, 1894, 1097, 1587, 1829, 2399, 1755, 740, 1, 93, 9, 
1, 14, 30, 32, 8, 3, 1, 167, 100, 100, 100, 100, 100, 100, 100, 
100, 100, 100, 100, 2500, 2500, 2500, 2500, 2500, 2500, 2500, 
2500, 2500, 2500, 2500, 17614.781, 12784.292, 18220.287, 20895.749, 
18889.021, 17845.705, 36884.314, 23284.46, 27230.821, 34014.645, 
32052.0060000001, 10.33609, 0.2871, 7.31226, 13.42248, 6.61123, 
2.73697, 0.73375, 6.22831, 4.25113, 1.31901, 3.56769, -8.90477, 
-4.06291, -7.23258, -11.46795, -8.08929, -6.84537, -5.84177, 
-8.41095, -7.43497, -3.55143, -5.39061, 0, 0, 0, 0, 0, 0, 0, 
0, 0, 0, 0, 0, 0, 0, 0, 0, 0, 0, 0, 0, 0, 0, 0.58154, 0.57217, 
0.56567, 0.57306, 0.57215, 0.56421, 0.57636, 0.57406, 0.56325, 
0.5656, 0.56069, 0.56321, 0.55925, 0.57629, 0.55114, 0.55921, 
0.56041, 0.56589, 0.56663, 0.55618, 0.54781, 0.55506, 0.2007, 
0.2025, 0.2588, 0.3959, 0.317, 0.3605, 0.4126, 0.4679, 0.5258, 
0.5595, 0.6433, 444.4, 524.9, 547.7, 605.3, 660.7, 745.8, 813.8, 
822.7, 880.3, 897.6, 942.9, 2435, 1672, 540, 656, 149, 223, 747, 
2028, 1833, 1126, 882, 1, 1, 1, 2, 1, 1, 1, 2, 1, 1, 1, 100, 
100, 100, 100, 100, 100, 100, 100, 100, 100, 100, 2500, 2500, 
2500, 2500, 2500, 2500, 2500, 2500, 2500, 2500, 2500, 14362.919, 
17015.929, 20910.229, 23644.664, 26219.106, 29069.264, 31919.248, 
35566.873, 40002.332, 44733.954, 50094.612, 1, 1, 1, 1, 1, 1, 
1, 1, 1, 1, 1, 0.11111, 0.11111, 0.11111, 0.11111, 0.11111, 0.11111, 
0.11111, 0.11111, 0.11111, 0.11111, 0.11111, 0, 0, 0, 0, 0, 0, 
0, 0, 0, 0, 0, 0, 0, 0, 0, 0, 0, 0, 0, 0, 0, 0, 0.56759, 0.56196, 
0.55162, 0.55558, 0.56319, 0.55298, 0.55978, 0.56333, 0.55392, 
0.55669, 0.54734, 0.57176, 0.55287, 0.55626, 0.55657, 0.55616, 
0.55675, 0.56406, 0.56416, 0.55077, 0.55227, 0.55085, 0.1678, 
0.1995, 0.2359, 0.2628, 0.3141, 0.3695, 0.4177, 0.4764, 0.511, 
0.5525, 0.6359, 472.4, 521.8, 572.3, 619.8, 668.9, 718.8, 769, 
812.3, 865.4, 915.1, 962.6, 1, 1, 1, 1, 1, 1, 1, 1, 1, 1, 1, 
1, 1, 1, 1, 1, 1, 1, 1, 1, 1, 1, 1, 1, 1, 1, 1, 1, 1, 1, 1, 1, 
1, 1, 1, 1, 1, 1, 1, 1, 1, 1, 1, 1, 4.213, 5.299, 5.638, 5.851, 
6.454, 7.164, 7.847, 7.614, 8.545, 8.947, 10.035), .Dim = c(11L, 
40L), .Dimnames = list(NULL, c("Sampling", "PSO.cost", "PSO.gamma", 
"PSO.data.balancing", "PSO.feature.selection", "PSO.valid.acc", 
"PSO.test.acc", "PSO.train.time", "PSO.n.support.vectors", "PSO.index", 
"PSO.n.solutions", "PSO.generations", "PSO.n.evaluations", "PSO.cpu.time", 
"RS.cost", "RS.gamma", "RS.data.balancing", "RS.feature.selection", 
"RS.valid.acc", "RS.test.acc", "RS.train.time", "RS.n.support.vectors", 
"RS.index", "RS.n.solutions", "RS.generations", "RS.n.evaluations", 
"RS.cpu.time", "DF.cost", "DF.gamma", "DF.data.balancing", "DF.feature.selection", 
"DF.valid.acc", "DF.test.acc", "DF.train.time", "DF.n.support.vectors", 
"DF.index", "DF.n.solutions", "DF.generations", "DF.n.evaluations", 
"DF.cpu.time")))
