full <-
structure(c(50, 55, 60, 65, 70, 75, 80, 85, 90, 95, 100, -1.98964, 
4.11243, 0.27117, -1.43432, 2.25823, -1.85368, -0.41863, -1.9489, 
1.15265, 1.53648, 7.14879, -3.78383, -6.98672, -4.85781, -4.08308, 
-5.15576, -2.09407, -3.46858, -2.29645, -4.79479, -5.16463, -8.20536, 
0, 0, 0, 0, 0, 0, 0, 0, 0, 0, 0, 0, 0, 0, 0, 0, 0, 0, 0, 0, 0, 
0, 0.57285, 0.58497, 0.583, 0.5642, 0.56528, 0.55677, 0.55619, 
0.56161, 0.54931, 0.56254, 0.56547, 0.56315, 0.56592, 0.5665, 
0.54471, 0.55118, 0.5484, 0.5456, 0.55168, 0.54309, 0.55885, 
0.55083, 0.1814, 0.2048, 0.25, 0.286, 0.3227, 0.4033, 0.4092, 
0.4865, 0.5172, 0.5878, 0.638, 534.4, 542.6, 608.2, 683.1, 682.7, 
776.9, 791.4, 874.9, 881.3, 925.9, 955.7, 710, 2148, 843, 889, 
1031, 474, 1990, 884, 1641, 1333, 756, 313, 10, 401, 383, 223, 
107, 13, 493, 5, 26, 231, 100, 100, 100, 100, 100, 100, 100, 
100, 100, 100, 100, 2500, 2500, 2500, 2500, 2500, 2500, 2500, 
2500, 2500, 2500, 2500, 10975.853, 13144.453, 15258.61, 16731.113, 
18020.029, 18727.382, 22778.226, 20849.744, 32412.088, 23235.298, 
26999.142, -0.8994, 4.02171, 0.26598, -1.08004, 1.41282, -1.82242, 
10.6208, 1.24335, 1.51836, -0.42949, 11.0779, -2.95101, -7.02829, 
-4.90662, -4.17256, -4.65599, -2.06813, -8.59483, -3.31121, -5.14722, 
-3.6957, -9.60139, 0, 0, 0, 0, 0, 0, 0, 0, 0, 0, 0, 0, 0, 0, 
0, 0, 0, 0, 0, 0, 0, 0, 0.56716, 0.58119, 0.57833, 0.55986, 0.56026, 
0.55305, 0.55265, 0.55583, 0.54775, 0.56032, 0.56405, 0.55307, 
0.56591, 0.56416, 0.55664, 0.55518, 0.54747, 0.55093, 0.54919, 
0.54309, 0.5596, 0.54233, 0.1708, 0.2072, 0.2348, 0.284, 0.3207, 
0.3892, 0.5892, 0.4725, 0.5262, 0.5872, 0.8223, 506.5, 544.6, 
609.1, 676.9, 687.9, 776.5, 753.3, 814.1, 883.1, 936.1, 938.9, 
2005, 46, 1426, 354, 778, 1318, 1643, 542, 821, 858, 2364, 1, 
1, 1, 2, 1, 1, 1, 1, 1, 1, 1, 100, 100, 100, 100, 100, 100, 100, 
100, 100, 100, 100, 2500, 2500, 2500, 2500, 2500, 2500, 2500, 
2500, 2500, 2500, 2500, 15173.708, 18406.967, 22042.982, 24675.199, 
28147.736, 28644.113, 32315.993, 34837.897, 39261.586, 45562.053, 
50125.69, 1, 1, 1, 1, 1, 1, 1, 1, 1, 1, 1, 0.11111, 0.11111, 
0.11111, 0.11111, 0.11111, 0.11111, 0.11111, 0.11111, 0.11111, 
0.11111, 0.11111, 0, 0, 0, 0, 0, 0, 0, 0, 0, 0, 0, 0, 0, 0, 0, 
0, 0, 0, 0, 0, 0, 0, 0.56146, 0.56579, 0.55843, 0.5426, 0.5492, 
0.54463, 0.54474, 0.55498, 0.53135, 0.54625, 0.54721, 0.54756, 
0.56982, 0.55013, 0.54257, 0.54716, 0.54276, 0.54475, 0.5434, 
0.5337, 0.55664, 0.54445, 0.1691, 0.2096, 0.2288, 0.295, 0.3419, 
0.3627, 0.4228, 0.463, 0.5364, 0.5557, 0.6151, 492.7, 535.9, 
585.8, 636.7, 686.7, 731.8, 780.3, 828.4, 879, 919.8, 962.8, 
1, 1, 1, 1, 1, 1, 1, 1, 1, 1, 1, 1, 1, 1, 1, 1, 1, 1, 1, 1, 1, 
1, 1, 1, 1, 1, 1, 1, 1, 1, 1, 1, 1, 1, 1, 1, 1, 1, 1, 1, 1, 1, 
1, 1, 4.163, 5.661, 5.47, 6.509, 7.098, 6.225, 6.937, 7.26, 8.282, 
8.982, 9.65), .Dim = c(11L, 40L), .Dimnames = list(NULL, c("Sampling", 
"PSO.cost", "PSO.gamma", "PSO.data.balancing", "PSO.feature.selection", 
"PSO.valid.acc", "PSO.test.acc", "PSO.train.time", "PSO.n.support.vectors", 
"PSO.index", "PSO.n.solutions", "PSO.generations", "PSO.n.evaluations", 
"PSO.cpu.time", "RS.cost", "RS.gamma", "RS.data.balancing", "RS.feature.selection", 
"RS.valid.acc", "RS.test.acc", "RS.train.time", "RS.n.support.vectors", 
"RS.index", "RS.n.solutions", "RS.generations", "RS.n.evaluations", 
"RS.cpu.time", "DF.cost", "DF.gamma", "DF.data.balancing", "DF.feature.selection", 
"DF.valid.acc", "DF.test.acc", "DF.train.time", "DF.n.support.vectors", 
"DF.index", "DF.n.solutions", "DF.generations", "DF.n.evaluations", 
"DF.cpu.time")))
