full <-
structure(c(50, 55, 60, 65, 70, 75, 80, 85, 90, 95, 100, -1.72016, 
-0.92027, -1.27737, -1.35869, -2, -0.5436, -1.65031, -0.76456, 
-2, 1.32806, 14.06344, -2.43968, -2.88526, -3.56356, -4.52937, 
-4.33788, -4.52715, -4.25251, -5.40301, -3.04878, -5.08978, -11.37996, 
0, 0, 0, 0, 0, 0, 0, 0, 0, 0, 0, 0, 0, 0, 0, 0, 0, 0, 0, 0, 0, 
0, 0.55313, 0.55678, 0.55271, 0.55361, 0.55926, 0.55192, 0.56066, 
0.56247, 0.55546, 0.56322, 0.56002, 0.5489, 0.54914, 0.5503, 
0.54499, 0.54418, 0.54538, 0.55274, 0.55496, 0.54996, 0.55505, 
0.5523, 0.1778, 0.2115, 0.2505, 0.299, 0.3491, 0.3819, 0.4522, 
0.499, 0.5455, 0.565, 1.0114, 521.7, 557.1, 618.7, 686, 747.1, 
765.1, 839.1, 895.6, 921.1, 927.4, 944.5, 844, 374, 1147, 2104, 
441, 1794, 683, 1296, 966, 1730, 2428, 64, 124, 104, 9, 442, 
21, 152, 183, 138, 12, 1, 100, 100, 100, 100, 100, 100, 100, 
100, 100, 100, 100, 2500, 2500, 2500, 2500, 2500, 2500, 2500, 
2500, 2500, 2500, 2500, 11096.803, 12481.259, 13257.008, 15544.698, 
15454.775, 19831.49, 19458.116, 20057.924, 21656.829, 23945.541, 
40383.323, -1.23026, 1.35193, -1.16564, -0.65056, -0.14638, -1.20727, 
-1.43868, -0.44762, -1.7548, 5.06315, 13.30699, -3.36707, -5.0053, 
-3.5899, -4.44949, -4.31958, -4.37148, -4.25507, -5.57578, -4.04992, 
-5.13723, -11.00048, 0, 0, 0, 0, 0, 0, 0, 0, 0, 0, 0, 0, 0, 0, 
0, 0, 0, 0, 0, 0, 0, 0, 0.54896, 0.55685, 0.54802, 0.55036, 0.55323, 
0.54914, 0.55802, 0.55834, 0.55308, 0.56026, 0.55721, 0.5462, 
0.53643, 0.55033, 0.53956, 0.54325, 0.55004, 0.55186, 0.55333, 
0.54915, 0.54326, 0.55159, 0.1727, 0.2058, 0.2513, 0.2918, 0.332, 
0.3883, 0.4465, 0.5009, 0.5665, 0.6237, 0.941, 515.9, 547.2, 
616.9, 669, 703.6, 780.5, 831.2, 891.2, 934.7, 880.2, 944.4, 
547, 1844, 1882, 732, 1061, 963, 1737, 429, 516, 950, 378, 1, 
1, 1, 1, 1, 1, 1, 1, 1, 1, 1, 100, 100, 100, 100, 100, 100, 100, 
100, 100, 100, 100, 2500, 2500, 2500, 2500, 2500, 2500, 2500, 
2500, 2500, 2500, 2500, 15422.618, 17400.82, 19029.095, 23402.772, 
24618.238, 28504.813, 32468.818, 36094.356, 38955.497, 44757.292, 
48965.176, 1, 1, 1, 1, 1, 1, 1, 1, 1, 1, 1, 0.11111, 0.11111, 
0.11111, 0.11111, 0.11111, 0.11111, 0.11111, 0.11111, 0.11111, 
0.11111, 0.11111, 0, 0, 0, 0, 0, 0, 0, 0, 0, 0, 0, 0, 0, 0, 0, 
0, 0, 0, 0, 0, 0, 0, 0.52789, 0.54783, 0.53282, 0.53405, 0.53007, 
0.53505, 0.55186, 0.54342, 0.54057, 0.5499, 0.54664, 0.53355, 
0.54148, 0.53395, 0.53621, 0.54926, 0.55007, 0.53516, 0.54421, 
0.54373, 0.54253, 0.55083, 0.1636, 0.207, 0.2418, 0.2846, 0.3275, 
0.3762, 0.426, 0.474, 0.5038, 0.5932, 0.644, 494.1, 543, 591.5, 
641.7, 687.4, 733.3, 777.3, 820.9, 869.4, 919.4, 962.3, 1, 1, 
1, 1, 1, 1, 1, 1, 1, 1, 1, 1, 1, 1, 1, 1, 1, 1, 1, 1, 1, 1, 1, 
1, 1, 1, 1, 1, 1, 1, 1, 1, 1, 1, 1, 1, 1, 1, 1, 1, 1, 1, 1, 1, 
4.113, 4.575, 4.945, 5.37, 5.944, 6.462, 6.968, 7.656, 7.702, 
8.751, 9.318), .Dim = c(11L, 40L), .Dimnames = list(NULL, c("Sampling", 
"PSO.cost", "PSO.gamma", "PSO.data.balancing", "PSO.feature.selection", 
"PSO.valid.acc", "PSO.test.acc", "PSO.train.time", "PSO.n.support.vectors", 
"PSO.index", "PSO.n.solutions", "PSO.generations", "PSO.n.evaluations", 
"PSO.cpu.time", "RS.cost", "RS.gamma", "RS.data.balancing", "RS.feature.selection", 
"RS.valid.acc", "RS.test.acc", "RS.train.time", "RS.n.support.vectors", 
"RS.index", "RS.n.solutions", "RS.generations", "RS.n.evaluations", 
"RS.cpu.time", "DF.cost", "DF.gamma", "DF.data.balancing", "DF.feature.selection", 
"DF.valid.acc", "DF.test.acc", "DF.train.time", "DF.n.support.vectors", 
"DF.index", "DF.n.solutions", "DF.generations", "DF.n.evaluations", 
"DF.cpu.time")))
