full <-
structure(c(50, 55, 60, 65, 70, 75, 80, 85, 90, 95, 100, -1.21211, 
-1.14249, 0.30894, 1.67973, -0.63499, -0.22565, -1.45697, 6.35195, 
10.31318, 13.55538, -2, -2.57495, -1.74317, -4.42791, -4.28969, 
-2.11653, -4.11664, -2.43722, -6.37913, -8.678, -11.65505, -3.57679, 
0, 0, 0, 0, 0, 0, 0, 0, 0, 0, 0, 0, 0, 0, 0, 0, 0, 0, 0, 0, 0, 
0, 0.55473, 0.55062, 0.5586, 0.55257, 0.55931, 0.56706, 0.55723, 
0.57648, 0.56462, 0.56033, 0.55939, 0.54757, 0.53535, 0.54572, 
0.55144, 0.54625, 0.54741, 0.54575, 0.55087, 0.55373, 0.55292, 
0.54951, 0.1819, 0.2231, 0.2251, 0.2874, 0.3459, 0.3527, 0.4156, 
0.4807, 0.6476, 0.7979, 0.6639, 516.1, 574.8, 597.7, 622, 697.6, 
741.6, 805.5, 782.2, 836.3, 905.4, 1027.5, 1764, 1352, 800, 319, 
1501, 1540, 688, 757, 1225, 346, 750, 8, 27, 292, 113, 6, 17, 
60, 139, 32, 5, 55, 100, 100, 100, 100, 100, 100, 100, 100, 100, 
100, 100, 2500, 2500, 2500, 2500, 2500, 2500, 2500, 2500, 2500, 
2500, 2500, 10830.898, 12045.614, 13588.357, 14077.622, 16515.773, 
16150.8, 18970.751, 21750.724, 36024.8050000001, 34746.17, 33919.937, 
-0.42809, -1.04433, 0.42605, -0.59389, 0.27719, -0.29568, -1.42171, 
5.99128, 10.14539, 1.03356, 14.26381, -3.88424, -1.94898, -4.61467, 
-3.75292, -2.10759, -4.5187, -2.46492, -6.11445, -8.58644, -5.03848, 
-10.93168, 0, 0, 0, 0, 0, 0, 0, 0, 0, 0, 0, 0, 0, 0, 0, 0, 0, 
0, 0, 0, 0, 0, 0.54763, 0.54676, 0.55394, 0.54927, 0.55531, 0.56609, 
0.55459, 0.57399, 0.56384, 0.56185, 0.55726, 0.54343, 0.53785, 
0.54219, 0.5569, 0.54523, 0.54644, 0.54575, 0.55499, 0.55451, 
0.5463, 0.54957, 0.1714, 0.2077, 0.2491, 0.2852, 0.3475, 0.3648, 
0.4173, 0.4708, 0.6528, 0.5949, 1.2167, 509, 567.1, 598.4, 647.8, 
688.8, 752, 804.3, 782.4, 836.1, 927.4, 936.4, 484, 734, 2184, 
1630, 1210, 1609, 1082, 505, 1492, 2005, 1185, 1, 1, 1, 1, 1, 
1, 1, 1, 1, 1, 2, 100, 100, 100, 100, 100, 100, 100, 100, 100, 
100, 100, 2500, 2500, 2500, 2500, 2500, 2500, 2500, 2500, 2500, 
2500, 2500, 15067.282, 16848.092, 19091.722, 21898.561, 26109.569, 
28501.109, 31703.312, 35736.9460000001, 38619.092, 45118.889, 
48426.166, 1, 1, 1, 1, 1, 1, 1, 1, 1, 1, 1, 0.11111, 0.11111, 
0.11111, 0.11111, 0.11111, 0.11111, 0.11111, 0.11111, 0.11111, 
0.11111, 0.11111, 0, 0, 0, 0, 0, 0, 0, 0, 0, 0, 0, 0, 0, 0, 0, 
0, 0, 0, 0, 0, 0, 0, 0.53775, 0.54161, 0.54096, 0.53959, 0.55329, 
0.55012, 0.54488, 0.55659, 0.55912, 0.54775, 0.54606, 0.53912, 
0.54416, 0.5445, 0.55256, 0.55833, 0.55579, 0.54136, 0.55831, 
0.55213, 0.55151, 0.55028, 0.1738, 0.1923, 0.2254, 0.2827, 0.318, 
0.3517, 0.4071, 0.4525, 0.5146, 0.5869, 0.6306, 499.8, 544.7, 
590, 634.8, 680.3, 727, 776, 814.3, 866.8, 913.6, 963.9, 1, 1, 
1, 1, 1, 1, 1, 1, 1, 1, 1, 1, 1, 1, 1, 1, 1, 1, 1, 1, 1, 1, 1, 
1, 1, 1, 1, 1, 1, 1, 1, 1, 1, 1, 1, 1, 1, 1, 1, 1, 1, 1, 1, 1, 
4.271, 4.352, 4.632, 5.508, 5.812, 6.098, 6.767, 7.425, 8.189, 
8.934, 9.266), .Dim = c(11L, 40L), .Dimnames = list(NULL, c("Sampling", 
"PSO.cost", "PSO.gamma", "PSO.data.balancing", "PSO.feature.selection", 
"PSO.valid.acc", "PSO.test.acc", "PSO.train.time", "PSO.n.support.vectors", 
"PSO.index", "PSO.n.solutions", "PSO.generations", "PSO.n.evaluations", 
"PSO.cpu.time", "RS.cost", "RS.gamma", "RS.data.balancing", "RS.feature.selection", 
"RS.valid.acc", "RS.test.acc", "RS.train.time", "RS.n.support.vectors", 
"RS.index", "RS.n.solutions", "RS.generations", "RS.n.evaluations", 
"RS.cpu.time", "DF.cost", "DF.gamma", "DF.data.balancing", "DF.feature.selection", 
"DF.valid.acc", "DF.test.acc", "DF.train.time", "DF.n.support.vectors", 
"DF.index", "DF.n.solutions", "DF.generations", "DF.n.evaluations", 
"DF.cpu.time")))
