full <-
structure(c(50, 55, 60, 65, 70, 75, 80, 85, 90, 95, 100, 11.34341, 
-0.71225, 0.66478, 7.47397, -0.35551, 2.9969, -1.09971, 1.59089, 
5.20544, 1.21088, -0.68301, -9.92096, -3.95135, -2.325, -7.20596, 
-2.61641, -3.92656, -3.8334, -4.29314, -7.74826, -5.69134, -3.18734, 
0, 0, 0, 0, 0, 0, 0, 0, 0, 0, 0, 0, 0, 0, 0, 0, 0, 0, 0, 0, 0, 
0, 0.57731, 0.57965, 0.58679, 0.58517, 0.56735, 0.57074, 0.57023, 
0.57245, 0.57183, 0.55961, 0.56269, 0.58148, 0.56558, 0.56334, 
0.55585, 0.53716, 0.54635, 0.5562, 0.57081, 0.54837, 0.55968, 
0.55081, 0.2112, 0.2089, 0.2429, 0.3, 0.3227, 0.3605, 0.4324, 
0.4574, 0.5171, 0.5949, 0.6475, 463.5, 555.4, 582.2, 606.1, 685.8, 
697.1, 804.4, 799.9, 870.6, 940.5, 977.6, 470, 835, 1856, 1199, 
2340, 1065, 1807, 2087, 169, 909, 992, 16, 61, 12, 45, 8, 55, 
12, 4, 24, 177, 169, 100, 100, 100, 100, 100, 100, 100, 100, 
100, 100, 100, 2500, 2500, 2500, 2500, 2500, 2500, 2500, 2500, 
2500, 2500, 2500, 14979.608, 12779.134, 14170.68, 16084.428, 
26180.611, 16339.09, 27092.15, 19306.402, 21929.399, 23891.311, 
25077.807, 10.49275, 0.52224, 1.49882, 7.3948, -0.50407, 5.33813, 
-0.61175, 1.54985, 6.36223, -0.26244, -0.63141, -9.60544, -4.76724, 
-2.46241, -7.15875, -2.75138, -5.54262, -3.83981, -4.217, -8.33638, 
-4.69786, -3.31979, 0, 0, 0, 0, 0, 0, 0, 0, 0, 0, 0, 0, 0, 0, 
0, 0, 0, 0, 0, 0, 0, 0, 0.57456, 0.57577, 0.58207, 0.58408, 0.56634, 
0.56793, 0.56932, 0.56915, 0.57183, 0.55594, 0.56059, 0.57866, 
0.56809, 0.55276, 0.55585, 0.54824, 0.54729, 0.55797, 0.57081, 
0.54839, 0.55599, 0.5494, 0.1965, 0.2071, 0.2436, 0.3013, 0.3223, 
0.3881, 0.4238, 0.4661, 0.5244, 0.5681, 0.614, 466.1, 546.2, 
575.5, 606.2, 687.6, 693.1, 790.7, 799.6, 867.5, 950.1, 977.6, 
563, 1580, 2204, 2486, 511, 907, 2151, 835, 455, 959, 1684, 1, 
1, 1, 1, 1, 1, 1, 1, 1, 1, 1, 100, 100, 100, 100, 100, 100, 100, 
100, 100, 100, 100, 2500, 2500, 2500, 2500, 2500, 2500, 2500, 
2500, 2500, 2500, 2500, 14420.004, 16401.316, 18116.872, 20724.367, 
23427.984, 25958.428, 28239.016, 33556.787, 38458.88, 42271.964, 
47095.866, 1, 1, 1, 1, 1, 1, 1, 1, 1, 1, 1, 0.11111, 0.11111, 
0.11111, 0.11111, 0.11111, 0.11111, 0.11111, 0.11111, 0.11111, 
0.11111, 0.11111, 0, 0, 0, 0, 0, 0, 0, 0, 0, 0, 0, 0, 0, 0, 0, 
0, 0, 0, 0, 0, 0, 0, 0.55315, 0.55797, 0.55286, 0.56988, 0.56133, 
0.56325, 0.56058, 0.56169, 0.55303, 0.54255, 0.55361, 0.56579, 
0.55537, 0.56806, 0.55366, 0.5492, 0.56047, 0.56065, 0.56253, 
0.55772, 0.55517, 0.54521, 0.1683, 0.2042, 0.2365, 0.2784, 0.3198, 
0.3738, 0.4176, 0.4428, 0.525, 0.5856, 0.6453, 483.6, 535, 581.7, 
634.4, 678.3, 726.4, 767.8, 816.3, 862.4, 914.9, 961.3, 1, 1, 
1, 1, 1, 1, 1, 1, 1, 1, 1, 1, 1, 1, 1, 1, 1, 1, 1, 1, 1, 1, 1, 
1, 1, 1, 1, 1, 1, 1, 1, 1, 1, 1, 1, 1, 1, 1, 1, 1, 1, 1, 1, 1, 
4.284, 4.644, 4.997, 5.391, 5.83, 6.539, 6.888, 7, 8.008, 8.632, 
9.3), .Dim = c(11L, 40L), .Dimnames = list(NULL, c("Sampling", 
"PSO.cost", "PSO.gamma", "PSO.data.balancing", "PSO.feature.selection", 
"PSO.valid.acc", "PSO.test.acc", "PSO.train.time", "PSO.n.support.vectors", 
"PSO.index", "PSO.n.solutions", "PSO.generations", "PSO.n.evaluations", 
"PSO.cpu.time", "RS.cost", "RS.gamma", "RS.data.balancing", "RS.feature.selection", 
"RS.valid.acc", "RS.test.acc", "RS.train.time", "RS.n.support.vectors", 
"RS.index", "RS.n.solutions", "RS.generations", "RS.n.evaluations", 
"RS.cpu.time", "DF.cost", "DF.gamma", "DF.data.balancing", "DF.feature.selection", 
"DF.valid.acc", "DF.test.acc", "DF.train.time", "DF.n.support.vectors", 
"DF.index", "DF.n.solutions", "DF.generations", "DF.n.evaluations", 
"DF.cpu.time")))
