full <-
structure(c(50, 55, 60, 65, 70, 75, 80, 85, 90, 95, 100, 0.13269, 
2.98032, 1.33174, 10.00996, 13.51394, 6.25106, 14.69988, 0.87721, 
-0.09205, 8.56935, -2, -2.70708, -5.82098, -5.39338, -9.3187, 
-10.6663, -7.41029, -11.75054, -4.04448, -3.91901, -9.29619, 
-2.94977, 0, 0, 0, 0, 0, 0, 0, 0, 0, 0, 0, 0, 0, 0, 0, 0, 0, 
0, 0, 0, 0, 0, 0.5925, 0.5978, 0.58924, 0.587, 0.5832, 0.58012, 
0.57639, 0.56828, 0.56875, 0.55801, 0.55296, 0.57706, 0.59134, 
0.57292, 0.57398, 0.57316, 0.56324, 0.56494, 0.54757, 0.54922, 
0.53513, 0.55087, 0.1693, 0.2106, 0.2272, 0.342, 0.5769, 0.3826, 
0.7369, 0.4806, 0.5347, 0.6158, 0.6775, 481.3, 516.9, 585, 598.4, 
635, 693.9, 740.7, 801.6, 872.6, 910.5, 1013.8, 401, 853, 303, 
1338, 1317, 450, 1027, 2057, 858, 997, 1039, 71, 128, 28, 5, 
21, 55, 1, 11, 175, 11, 71, 100, 100, 100, 100, 100, 100, 100, 
100, 100, 100, 100, 2500, 2500, 2500, 2500, 2500, 2500, 2500, 
2500, 2500, 2500, 2500, 11146.42, 11202.724, 13503.105, 19809.829, 
21746.374, 17519.822, 31309.947, 21087.421, 25006.184, 26223.775, 
24280.129, 0.01717, 0.97782, 1.20508, 7.95844, 12.36755, 10.6109, 
6.76837, 0.69083, -0.05865, 9.4453, 4.09593, -2.82827, -3.98736, 
-5.25064, -8.32204, -10.07929, -9.871, -7.82667, -4.03813, -3.89618, 
-9.75636, -5.36286, 0, 0, 0, 0, 0, 0, 0, 0, 0, 0, 0, 0, 0, 0, 
0, 0, 0, 0, 0, 0, 0, 0, 0.59115, 0.59142, 0.58804, 0.58809, 0.5822, 
0.57826, 0.57464, 0.56662, 0.56641, 0.55803, 0.55572, 0.57146, 
0.58629, 0.57522, 0.56748, 0.57416, 0.56233, 0.56318, 0.54838, 
0.55, 0.53366, 0.54726, 0.1686, 0.1855, 0.2436, 0.3062, 0.4726, 
0.4436, 0.4357, 0.4459, 0.531, 0.6354, 0.6471, 482.2, 517.1, 
584.1, 600.5, 634.6, 694.5, 748.9, 804.8, 871.8, 909.2, 934.2, 
1104, 2029, 1022, 2437, 1019, 199, 372, 698, 1759, 568, 1932, 
1, 1, 1, 1, 1, 1, 1, 1, 1, 1, 1, 100, 100, 100, 100, 100, 100, 
100, 100, 100, 100, 100, 2500, 2500, 2500, 2500, 2500, 2500, 
2500, 2500, 2500, 2500, 2500, 14381.289, 16132.504, 18304.057, 
21858.211, 23530.882, 26902.343, 29635.532, 35550.321, 39164.115, 
44580.036, 50358.565, 1, 1, 1, 1, 1, 1, 1, 1, 1, 1, 1, 0.11111, 
0.11111, 0.11111, 0.11111, 0.11111, 0.11111, 0.11111, 0.11111, 
0.11111, 0.11111, 0.11111, 0, 0, 0, 0, 0, 0, 0, 0, 0, 0, 0, 0, 
0, 0, 0, 0, 0, 0, 0, 0, 0, 0, 0.57853, 0.57858, 0.57865, 0.56967, 
0.5622, 0.56042, 0.56149, 0.56413, 0.56328, 0.53875, 0.54522, 
0.57426, 0.57735, 0.57982, 0.57188, 0.56318, 0.57074, 0.55622, 
0.55418, 0.54844, 0.54541, 0.54803, 0.1619, 0.1869, 0.2466, 0.2808, 
0.3031, 0.3457, 0.4265, 0.4742, 0.5283, 0.5603, 0.6392, 480.3, 
525, 570.1, 619, 665.5, 711.6, 762.1, 808.4, 862.2, 911.6, 962.8, 
1, 1, 1, 1, 1, 1, 1, 1, 1, 1, 1, 1, 1, 1, 1, 1, 1, 1, 1, 1, 1, 
1, 1, 1, 1, 1, 1, 1, 1, 1, 1, 1, 1, 1, 1, 1, 1, 1, 1, 1, 1, 1, 
1, 1, 3.981, 4.231, 5.102, 5.327, 5.432, 5.967, 7.02, 7.663, 
8.27, 8.286, 9.398), .Dim = c(11L, 40L), .Dimnames = list(NULL, 
    c("Sampling", "PSO.cost", "PSO.gamma", "PSO.data.balancing", 
    "PSO.feature.selection", "PSO.valid.acc", "PSO.test.acc", 
    "PSO.train.time", "PSO.n.support.vectors", "PSO.index", "PSO.n.solutions", 
    "PSO.generations", "PSO.n.evaluations", "PSO.cpu.time", "RS.cost", 
    "RS.gamma", "RS.data.balancing", "RS.feature.selection", 
    "RS.valid.acc", "RS.test.acc", "RS.train.time", "RS.n.support.vectors", 
    "RS.index", "RS.n.solutions", "RS.generations", "RS.n.evaluations", 
    "RS.cpu.time", "DF.cost", "DF.gamma", "DF.data.balancing", 
    "DF.feature.selection", "DF.valid.acc", "DF.test.acc", "DF.train.time", 
    "DF.n.support.vectors", "DF.index", "DF.n.solutions", "DF.generations", 
    "DF.n.evaluations", "DF.cpu.time")))
