full <-
structure(c(50, 55, 60, 65, 70, 75, 80, 85, 90, 95, 100, 6.05563, 
5.86648, 4.58049, 8.0375, -1.97861, 15, -0.22046, -1.67705, -1.02368, 
-1.42075, 7.47993, -5.74157, -6.26057, -5.35044, -8.43711, -3.41273, 
-10.51753, -3.68215, -3.50823, -4.42594, -3.39607, -7.35823, 
0, 0, 0, 0, 0, 0, 0, 0, 0, 0, 0, 0, 0, 0, 0, 0, 0, 0, 0, 0, 0, 
0, 0.5702, 0.56461, 0.56581, 0.56858, 0.54514, 0.55209, 0.55455, 
0.55005, 0.55154, 0.56029, 0.56903, 0.53929, 0.54036, 0.55875, 
0.54254, 0.52804, 0.53131, 0.54488, 0.54591, 0.53984, 0.54625, 
0.55717, 0.1833, 0.2108, 0.2441, 0.3119, 0.3522, 1.1632, 0.424, 
0.4947, 0.5305, 0.5729, 0.6895, 466.9, 515.4, 565.2, 620.8, 736.3, 
706.9, 797.4, 878.1, 929.1, 955.9, 936.8, 1683, 825, 1194, 1818, 
1398, 2315, 1085, 905, 1708, 1757, 1858, 15, 224, 34, 4, 78, 
1, 22, 67, 22, 11, 20, 100, 100, 100, 100, 100, 100, 100, 100, 
100, 100, 100, 2500, 2500, 2500, 2500, 2500, 2500, 2500, 2500, 
2500, 2500, 2500, 15085.843, 12074.612, 22593.521, 14986.154, 
16083.203, 26721.794, 21475.324, 23117.248, 27099.7, 28648.411, 
30872.382, 14.32409, 3.05372, 4.88497, 7.69356, -1.72587, 10.24474, 
-0.12729, -1.53812, -1.37195, -1.78963, 5.21261, -10.08358, -4.92955, 
-5.53802, -8.28805, -2.95135, -8.24159, -3.13972, -3.84095, -3.36163, 
-3.14068, -6.14923, 0, 0, 0, 0, 0, 0, 0, 0, 0, 0, 0, 0, 0, 0, 
0, 0, 0, 0, 0, 0, 0, 0, 0.56601, 0.56192, 0.567, 0.56427, 0.54214, 
0.55017, 0.55102, 0.54594, 0.54843, 0.5566, 0.56694, 0.53218, 
0.55056, 0.55761, 0.54472, 0.53911, 0.53699, 0.55022, 0.54672, 
0.54609, 0.54624, 0.55714, 0.4861, 0.1999, 0.246, 0.2827, 0.3237, 
0.5114, 0.4239, 0.5115, 0.5512, 0.6134, 0.6612, 464.3, 521.4, 
564.3, 621.9, 728.1, 708.2, 791, 882.2, 916.4, 963.8, 937.6, 
1357, 2, 1457, 1737, 1647, 321, 1030, 684, 236, 841, 2463, 1, 
1, 1, 1, 1, 1, 3, 1, 1, 1, 2, 100, 100, 100, 100, 100, 100, 100, 
100, 100, 100, 100, 2500, 2500, 2500, 2500, 2500, 2500, 2500, 
2500, 2500, 2500, 2500, 14845.445, 17294.078, 19001.087, 22296.642, 
26383.853, 27415.177, 30494.439, 37265.022, 43129.947, 46831.092, 
48298.816, 1, 1, 1, 1, 1, 1, 1, 1, 1, 1, 1, 0.11111, 0.11111, 
0.11111, 0.11111, 0.11111, 0.11111, 0.11111, 0.11111, 0.11111, 
0.11111, 0.11111, 0, 0, 0, 0, 0, 0, 0, 0, 0, 0, 0, 0, 0, 0, 0, 
0, 0, 0, 0, 0, 0, 0, 0.55323, 0.55174, 0.54711, 0.56096, 0.53008, 
0.53985, 0.55191, 0.53679, 0.53359, 0.54476, 0.55289, 0.54902, 
0.54152, 0.55534, 0.56093, 0.53914, 0.54174, 0.54844, 0.53932, 
0.53437, 0.54628, 0.55293, 0.1622, 0.2028, 0.2393, 0.2864, 0.3255, 
0.3719, 0.4387, 0.4705, 0.5157, 0.5851, 0.6354, 496.4, 541.1, 
591.1, 640.7, 696.9, 740.5, 789.9, 836.5, 882.1, 918.1, 962.3, 
1, 1, 1, 1, 1, 1, 1, 1, 1, 1, 1, 1, 1, 1, 1, 1, 1, 1, 1, 1, 1, 
1, 1, 1, 1, 1, 1, 1, 1, 1, 1, 1, 1, 1, 1, 1, 1, 1, 1, 1, 1, 1, 
1, 1, 3.917, 4.462, 4.823, 5.412, 5.74, 6.334, 7.112, 8.362, 
8.687, 9.652, 9.264), .Dim = c(11L, 40L), .Dimnames = list(NULL, 
    c("Sampling", "PSO.cost", "PSO.gamma", "PSO.data.balancing", 
    "PSO.feature.selection", "PSO.valid.acc", "PSO.test.acc", 
    "PSO.train.time", "PSO.n.support.vectors", "PSO.index", "PSO.n.solutions", 
    "PSO.generations", "PSO.n.evaluations", "PSO.cpu.time", "RS.cost", 
    "RS.gamma", "RS.data.balancing", "RS.feature.selection", 
    "RS.valid.acc", "RS.test.acc", "RS.train.time", "RS.n.support.vectors", 
    "RS.index", "RS.n.solutions", "RS.generations", "RS.n.evaluations", 
    "RS.cpu.time", "DF.cost", "DF.gamma", "DF.data.balancing", 
    "DF.feature.selection", "DF.valid.acc", "DF.test.acc", "DF.train.time", 
    "DF.n.support.vectors", "DF.index", "DF.n.solutions", "DF.generations", 
    "DF.n.evaluations", "DF.cpu.time")))
