full <-
structure(c(50, 55, 60, 65, 70, 75, 80, 85, 90, 95, 100, 2.32185, 
-0.69565, 0.24362, 2.1552, -0.18904, 3.21984, 7.1179, -1.25878, 
7.54952, 7.49868, 1.49288, -4.66904, -3.15113, -5.21954, -6.03589, 
-3.29475, -5.72334, -7.88043, -2.93662, -7.19558, -8.21261, -6.28352, 
0, 0, 0, 0, 0, 0, 0, 0, 0, 0, 0, 0, 0, 0, 0, 0, 0, 0, 0, 0, 0, 
0, 0.566, 0.55313, 0.55051, 0.56314, 0.56533, 0.56236, 0.55544, 
0.55426, 0.56799, 0.5641, 0.56433, 0.5323, 0.52896, 0.53408, 
0.53933, 0.54121, 0.53988, 0.54745, 0.54434, 0.54218, 0.54482, 
0.55097, 0.159, 0.1917, 0.2253, 0.2589, 0.2912, 0.3318, 0.3947, 
0.4283, 0.5245, 0.537, 0.5862, 484.2, 556.8, 612, 647.2, 689, 
724.3, 767.2, 852.8, 845.4, 900.9, 1008.5, 2332, 1366, 1774, 
1702, 2068, 1246, 1398, 1457, 1189, 976, 635, 2, 54, 13, 33, 
4, 26, 18, 20, 46, 40, 80, 100, 100, 100, 100, 100, 100, 100, 
100, 100, 100, 100, 2500, 2500, 2500, 2500, 2500, 2500, 2500, 
2500, 2500, 2500, 2500, 11853.127, 12419.051, 14386.637, 14551.073, 
14878.439, 16696.064, 18055.083, 18584.195, 22982.749, 22842.641, 
23287.134, 1.84474, 3.20656, 1.458, 1.06721, 0.42672, 3.39277, 
6.3864, -1.22954, 8.14727, 3.34755, 1.3812, -4.3606, -4.92305, 
-5.43863, -5.56279, -3.82903, -5.83989, -7.47805, -2.96481, -7.44133, 
-5.562, -6.21463, 0, 0, 0, 0, 0, 0, 0, 0, 0, 0, 0, 0, 0, 0, 0, 
0, 0, 0, 0, 0, 0, 0, 0.56174, 0.54934, 0.54581, 0.55775, 0.56027, 
0.56141, 0.55281, 0.55095, 0.56484, 0.55818, 0.56363, 0.53654, 
0.51076, 0.54004, 0.53502, 0.54925, 0.54459, 0.54833, 0.54683, 
0.54296, 0.54188, 0.55026, 0.1593, 0.1881, 0.2213, 0.2635, 0.2942, 
0.3332, 0.389, 0.4239, 0.5364, 0.5089, 0.5779, 486.5, 528.2, 
593.1, 655.4, 684.4, 723.4, 767.2, 852.2, 843.9, 897.4, 1008.8, 
1146, 2467, 58, 1819, 960, 315, 1000, 985, 1960, 1363, 563, 1, 
1, 1, 1, 1, 1, 1, 2, 1, 2, 1, 100, 100, 100, 100, 100, 100, 100, 
100, 100, 100, 100, 2500, 2500, 2500, 2500, 2500, 2500, 2500, 
2500, 2500, 2500, 2500, 15234.444, 17493.176, 19573.696, 22824.817, 
23918.801, 28458.492, 31756.965, 33677.421, 37387.123, 39878.834, 
46293.754, 1, 1, 1, 1, 1, 1, 1, 1, 1, 1, 1, 0.11111, 0.11111, 
0.11111, 0.11111, 0.11111, 0.11111, 0.11111, 0.11111, 0.11111, 
0.11111, 0.11111, 0, 0, 0, 0, 0, 0, 0, 0, 0, 0, 0, 0, 0, 0, 0, 
0, 0, 0, 0, 0, 0, 0, 0.54918, 0.53777, 0.53409, 0.53069, 0.55225, 
0.54646, 0.53424, 0.54599, 0.55234, 0.54634, 0.55867, 0.54075, 
0.52373, 0.5341, 0.53499, 0.54323, 0.54266, 0.52897, 0.53936, 
0.54606, 0.54413, 0.55098, 0.1575, 0.1952, 0.2171, 0.2517, 0.2922, 
0.3291, 0.3667, 0.4181, 0.4641, 0.5074, 0.5617, 499.4, 547.7, 
589.3, 637.8, 686.4, 731.3, 781.9, 827.2, 877.2, 915.6, 959.8, 
1, 1, 1, 1, 1, 1, 1, 1, 1, 1, 1, 1, 1, 1, 1, 1, 1, 1, 1, 1, 1, 
1, 1, 1, 1, 1, 1, 1, 1, 1, 1, 1, 1, 1, 1, 1, 1, 1, 1, 1, 1, 1, 
1, 1, 4.404, 4.9, 5.176, 5.396, 5.634, 6.198, 6.457, 6.997, 7.38, 
7.823, 8.594), .Dim = c(11L, 40L), .Dimnames = list(NULL, c("Sampling", 
"PSO.cost", "PSO.gamma", "PSO.data.balancing", "PSO.feature.selection", 
"PSO.valid.acc", "PSO.test.acc", "PSO.train.time", "PSO.n.support.vectors", 
"PSO.index", "PSO.n.solutions", "PSO.generations", "PSO.n.evaluations", 
"PSO.cpu.time", "RS.cost", "RS.gamma", "RS.data.balancing", "RS.feature.selection", 
"RS.valid.acc", "RS.test.acc", "RS.train.time", "RS.n.support.vectors", 
"RS.index", "RS.n.solutions", "RS.generations", "RS.n.evaluations", 
"RS.cpu.time", "DF.cost", "DF.gamma", "DF.data.balancing", "DF.feature.selection", 
"DF.valid.acc", "DF.test.acc", "DF.train.time", "DF.n.support.vectors", 
"DF.index", "DF.n.solutions", "DF.generations", "DF.n.evaluations", 
"DF.cpu.time")))
