full <-
structure(c(50, 55, 60, 65, 70, 75, 80, 85, 90, 95, 100, -1.94549, 
12.50598, 14.97928, 5.41084, -0.87406, 6.80622, 11.67281, 10.90244, 
0.21771, 2.0008, -0.5558, -3.88256, -10.71804, -11.35174, -5.14037, 
-3.15642, -6.50906, -8.93725, -9.38441, -4.3473, -3.21702, -3.46651, 
0, 0, 0, 0, 0, 0, 0, 0, 0, 0, 0, 0, 0, 0, 0, 0, 0, 0, 0, 0, 0, 
0, 0.57733, 0.57873, 0.56809, 0.57741, 0.56258, 0.56605, 0.58265, 
0.57717, 0.56949, 0.55955, 0.56005, 0.55204, 0.5723, 0.56573, 
0.55686, 0.54247, 0.54064, 0.56067, 0.56473, 0.55623, 0.54626, 
0.5537, 0.1879, 0.2858, 0.498, 0.2867, 0.3385, 0.4052, 0.6633, 
0.6004, 0.4943, 0.5592, 0.612, 533, 515, 558.1, 596.7, 697.7, 
689.4, 730.2, 791.8, 874.4, 887.1, 978.1, 1584, 776, 1148, 755, 
2080, 1917, 1463, 1801, 1291, 1147, 2500, 8, 10, 1, 52, 1, 1, 
28, 1, 80, 6, 1, 100, 100, 100, 100, 100, 100, 100, 100, 100, 
100, 100, 2500, 2500, 2500, 2500, 2500, 2500, 2500, 2500, 2500, 
2500, 2500, 14674.828, 15554.305, 21667.799, 17489.025, 14748.895, 
23031.758, 30141.479, 33641.313, 25140.815, 24875.703, 40927.3750000001, 
-1.85099, 14.39737, 4.10053, 7.02176, -0.63843, 7.03646, 11.90651, 
2.30905, 0.40014, 1.54919, -1.66023, -3.92816, -11.75465, -6.04186, 
-5.75041, -3.36916, -6.6318, -9.07956, -3.55527, -4.4288, -5.15375, 
-1.35817, 0, 0, 0, 0, 0, 0, 0, 0, 0, 0, 0, 0, 0, 0, 0, 0, 0, 
0, 0, 0, 0, 0, 0.57315, 0.5787, 0.56462, 0.57635, 0.55853, 0.56324, 
0.58266, 0.57805, 0.56556, 0.55741, 0.55585, 0.55204, 0.57229, 
0.55289, 0.56223, 0.54052, 0.54064, 0.56153, 0.55902, 0.557, 
0.55445, 0.54254, 0.1858, 0.358, 0.2224, 0.3359, 0.3293, 0.4092, 
0.6812, 0.4701, 0.5035, 0.547, 0.6676, 532.5, 515.9, 568.3, 593, 
694.3, 689.5, 730.9, 789.3, 872, 916.1, 1036.9, 1936, 585, 475, 
257, 2391, 1883, 2394, 1074, 140, 561, 2252, 1, 1, 1, 1, 1, 1, 
1, 1, 1, 1, 1, 100, 100, 100, 100, 100, 100, 100, 100, 100, 100, 
100, 2500, 2500, 2500, 2500, 2500, 2500, 2500, 2500, 2500, 2500, 
2500, 15509.898, 17009.484, 18911.686, 21942.401, 26156.049, 
27348.723, 31061.203, 35794.566, 39083.372, 43680.867, 50977.34, 
1, 1, 1, 1, 1, 1, 1, 1, 1, 1, 1, 0.11111, 0.11111, 0.11111, 0.11111, 
0.11111, 0.11111, 0.11111, 0.11111, 0.11111, 0.11111, 0.11111, 
0, 0, 0, 0, 0, 0, 0, 0, 0, 0, 0, 0, 0, 0, 0, 0, 0, 0, 0, 0, 0, 
0, 0.55879, 0.54949, 0.5516, 0.55911, 0.55249, 0.551, 0.56771, 
0.56314, 0.55074, 0.54923, 0.55371, 0.55466, 0.53798, 0.55415, 
0.55371, 0.54646, 0.55287, 0.55622, 0.55571, 0.55543, 0.55073, 
0.55019, 0.1782, 0.2046, 0.2269, 0.2792, 0.3297, 0.3692, 0.417, 
0.4676, 0.4916, 0.5517, 0.6249, 488.1, 530.2, 583.2, 628.5, 679.3, 
721.9, 764.2, 814.2, 861.4, 911.6, 962.1, 1, 1, 1, 1, 1, 1, 1, 
1, 1, 1, 1, 1, 1, 1, 1, 1, 1, 1, 1, 1, 1, 1, 1, 1, 1, 1, 1, 1, 
1, 1, 1, 1, 1, 1, 1, 1, 1, 1, 1, 1, 1, 1, 1, 1, 4.391, 4.598, 
4.69, 5.376, 5.957, 6.482, 6.981, 7.53, 7.572, 8.205, 9.08), .Dim = c(11L, 
40L), .Dimnames = list(NULL, c("Sampling", "PSO.cost", "PSO.gamma", 
"PSO.data.balancing", "PSO.feature.selection", "PSO.valid.acc", 
"PSO.test.acc", "PSO.train.time", "PSO.n.support.vectors", "PSO.index", 
"PSO.n.solutions", "PSO.generations", "PSO.n.evaluations", "PSO.cpu.time", 
"RS.cost", "RS.gamma", "RS.data.balancing", "RS.feature.selection", 
"RS.valid.acc", "RS.test.acc", "RS.train.time", "RS.n.support.vectors", 
"RS.index", "RS.n.solutions", "RS.generations", "RS.n.evaluations", 
"RS.cpu.time", "DF.cost", "DF.gamma", "DF.data.balancing", "DF.feature.selection", 
"DF.valid.acc", "DF.test.acc", "DF.train.time", "DF.n.support.vectors", 
"DF.index", "DF.n.solutions", "DF.generations", "DF.n.evaluations", 
"DF.cpu.time")))
