full <-
structure(c(50, 55, 60, 65, 70, 75, 80, 85, 90, 95, 100, -0.53795, 
5.27888, 5.91991, 2.75856, -2, 9.15913, -1.20961, -1.42233, 4.46123, 
-0.71368, 6.35787, -2.01886, -6.55975, -7.06299, -4.26984, -3.8336, 
-9.10958, -3.43991, -1.8446, -5.91367, -2.90529, -7.1751, 0, 
0, 0, 0, 0, 0, 0, 0, 0, 0, 0, 0, 0, 0, 0, 0, 0, 0, 0, 0, 0, 0, 
0.56908, 0.56453, 0.56323, 0.56661, 0.55408, 0.55114, 0.55715, 
0.56249, 0.56339, 0.55356, 0.56418, 0.55767, 0.55425, 0.55393, 
0.54827, 0.53709, 0.53611, 0.54044, 0.54428, 0.55089, 0.5373, 
0.55079, 0.1772, 0.2068, 0.2482, 0.2674, 0.3586, 0.4247, 0.4513, 
0.4688, 0.5234, 0.5577, 0.6377, 510.6, 522.3, 568.5, 614.8, 730.3, 
725.7, 810.8, 862.7, 850.3, 927.4, 944.5, 1987, 663, 1694, 1733, 
1877, 1846, 1818, 605, 1284, 256, 728, 21, 54, 10, 42, 17, 4, 
12, 606, 19, 273, 202, 100, 100, 100, 100, 100, 100, 100, 100, 
100, 100, 100, 2500, 2500, 2500, 2500, 2500, 2500, 2500, 2500, 
2500, 2500, 2500, 17772.925, 12675.917, 13787.063, 18234.467, 
15098.402, 19926.77, 19943.641, 21534.455, 22446.663, 21922.307, 
24940.044, -0.8089, 4.38733, 5.70944, 2.58016, 10.29175, 8.81239, 
-0.94789, -1.3494, 4.37426, -0.38457, 6.42684, -1.90641, -6.43156, 
-6.94779, -4.12345, -9.40139, -8.91326, -3.81257, -1.89033, -5.79035, 
-4.93011, -7.24849, 0, 0, 0, 0, 0, 0, 0, 0, 0, 0, 0, 0, 0, 0, 
0, 0, 0, 0, 0, 0, 0, 0, 0.5662, 0.56328, 0.56205, 0.56446, 0.54724, 
0.54738, 0.5554, 0.56, 0.56338, 0.55209, 0.56208, 0.55904, 0.54791, 
0.55394, 0.54935, 0.54917, 0.53892, 0.54307, 0.54345, 0.5517, 
0.54321, 0.55008, 0.1874, 0.1989, 0.2492, 0.2705, 0.3899, 0.3867, 
0.4165, 0.4962, 0.5376, 0.6024, 0.6733, 517.4, 528.9, 569.1, 
615.2, 667.4, 725.7, 811, 858.9, 849, 963.6, 946, 478, 513, 2087, 
1532, 1898, 1465, 2436, 8, 131, 493, 362, 1, 1, 1, 1, 1, 1, 1, 
1, 1, 1, 1, 100, 100, 100, 100, 100, 100, 100, 100, 100, 100, 
100, 2500, 2500, 2500, 2500, 2500, 2500, 2500, 2500, 2500, 2500, 
2500, 15156.822, 16756.752, 20261.795, 23070.231, 26761.423, 
28813.84, 32324.458, 38296.341, 39868.048, 46189.052, 48717.256, 
1, 1, 1, 1, 1, 1, 1, 1, 1, 1, 1, 0.11111, 0.11111, 0.11111, 0.11111, 
0.11111, 0.11111, 0.11111, 0.11111, 0.11111, 0.11111, 0.11111, 
0, 0, 0, 0, 0, 0, 0, 0, 0, 0, 0, 0, 0, 0, 0, 0, 0, 0, 0, 0, 0, 
0, 0.56049, 0.54921, 0.55034, 0.54286, 0.53521, 0.53525, 0.54924, 
0.54508, 0.55163, 0.54764, 0.55358, 0.55773, 0.54796, 0.54342, 
0.55047, 0.53715, 0.52955, 0.54922, 0.53353, 0.55009, 0.53583, 
0.54797, 0.1766, 0.2053, 0.2492, 0.2922, 0.3061, 0.379, 0.4388, 
0.4799, 0.5273, 0.5823, 0.6101, 496.4, 542.4, 588.9, 636.8, 682.9, 
737.2, 780.6, 824.9, 873, 914.8, 962.1, 1, 1, 1, 1, 1, 1, 1, 
1, 1, 1, 1, 1, 1, 1, 1, 1, 1, 1, 1, 1, 1, 1, 1, 1, 1, 1, 1, 1, 
1, 1, 1, 1, 1, 1, 1, 1, 1, 1, 1, 1, 1, 1, 1, 1, 4.327, 4.582, 
5.069, 5.567, 5.519, 6.5, 7.178, 7.69, 8.13, 8.78, 8.851), .Dim = c(11L, 
40L), .Dimnames = list(NULL, c("Sampling", "PSO.cost", "PSO.gamma", 
"PSO.data.balancing", "PSO.feature.selection", "PSO.valid.acc", 
"PSO.test.acc", "PSO.train.time", "PSO.n.support.vectors", "PSO.index", 
"PSO.n.solutions", "PSO.generations", "PSO.n.evaluations", "PSO.cpu.time", 
"RS.cost", "RS.gamma", "RS.data.balancing", "RS.feature.selection", 
"RS.valid.acc", "RS.test.acc", "RS.train.time", "RS.n.support.vectors", 
"RS.index", "RS.n.solutions", "RS.generations", "RS.n.evaluations", 
"RS.cpu.time", "DF.cost", "DF.gamma", "DF.data.balancing", "DF.feature.selection", 
"DF.valid.acc", "DF.test.acc", "DF.train.time", "DF.n.support.vectors", 
"DF.index", "DF.n.solutions", "DF.generations", "DF.n.evaluations", 
"DF.cpu.time")))
