full <-
structure(c(50, 55, 60, 65, 70, 75, 80, 85, 90, 95, 100, 14.68588, 
3.05836, 9.73169, 11.98816, 7.76693, 12.71743, 2.70134, 15, 5.66769, 
8.93611, 1.98465, -11.8775, -5.35036, -10.67548, -9.44616, -8.1258, 
-15, -4.30737, -14.93051, -11.04825, -9.36861, -5.47655, 0, 0, 
0, 0, 0, 0, 0, 0, 0, 0, 0, 0, 0, 0, 0, 0, 0, 0, 0, 0, 0, 0, 0.82143, 
0.90352, 0.8446, 0.88717, 0.88525, 0.88894, 0.88994, 0.87798, 
0.87179, 0.87361, 0.87155, 0.76964, 0.81026, 0.81238, 0.84586, 
0.82889, 0.85242, 0.846, 0.84415, 0.84808, 0.86027, 0.85202, 
0.0204, 0.022, 0.0212, 0.0213, 0.0216, 0.0223, 0.0249, 0.0253, 
0.0264, 0.0257, 0.0268, 24.9, 40.5, 33.6, 32.5, 35.9, 40.8, 59.5, 
40, 71.6, 50.7, 69.9, 7, 211, 67, 60, 47, 324, 2029, 297, 151, 
133, 305, 1891, 452, 44, 940, 231, 67, 2, 595, 308, 165, 117, 
100, 100, 100, 100, 100, 100, 100, 100, 100, 100, 100, 2500, 
2500, 2500, 2500, 2500, 2500, 2500, 2500, 2500, 2500, 2500, 7189.798, 
7525.608, 7303.538, 7036.95299999999, 7190.17099999999, 7374.64, 
7482.753, 7511.588, 7555.20599999999, 7532.02100000001, 7244.49799999999, 
10.79685, 3.21843, 13.77695, 13.87592, 8.79688, 10.70684, 8.37557, 
13.19544, 8.97843, 8.26255, 2.48006, -9.38725, -5.60787, -14.70979, 
-9.85936, -8.92212, -12.93323, -9.50035, -13.12507, -14.27101, 
-8.67921, -3.88285, 0, 0, 0, 0, 0, 0, 0, 0, 0, 0, 0, 0, 0, 0, 
0, 0, 0, 0, 0, 0, 0, 0, 0.82143, 0.90352, 0.8446, 0.88717, 0.88525, 
0.88894, 0.88084, 0.87798, 0.87179, 0.87361, 0.85869, 0.78214, 
0.82455, 0.81238, 0.84586, 0.82889, 0.85242, 0.84675, 0.84415, 
0.85641, 0.86027, 0.87786, 0.0197, 0.0207, 0.0202, 0.0208, 0.0218, 
0.0224, 0.023, 0.024, 0.0264, 0.0254, 0.027, 25.4, 39.2, 33.6, 
32.3, 35.2, 40.6, 40.2, 40.1, 71.2, 51, 78.1, 22, 52, 230, 13, 
2061, 625, 1083, 622, 59, 1478, 1778, 164, 7, 1, 41, 1, 3, 2, 
1, 22, 3, 1, 100, 100, 100, 100, 100, 100, 100, 100, 100, 100, 
100, 2500, 2500, 2500, 2500, 2500, 2500, 2500, 2500, 2500, 2500, 
2500, 7382.485, 7328.038, 7079.643, 7087.556, 7467.669, 7463.216, 
7543.814, 7578.527, 7593.13499999999, 7606.40599999999, 7274.859, 
1, 1, 1, 1, 1, 1, 1, 1, 1, 1, 1, 0.05556, 0.05556, 0.05556, 0.05556, 
0.05556, 0.05556, 0.05556, 0.05556, 0.05556, 0.05556, 0.05556, 
0, 0, 0, 0, 0, 0, 0, 0, 0, 0, 0, 0, 0, 0, 0, 0, 0, 0, 0, 0, 0, 
0, 0.76786, 0.81165, 0.80444, 0.84404, 0.81687, 0.825, 0.81353, 
0.80467, 0.84927, 0.83432, 0.8506, 0.73929, 0.83705, 0.83778, 
0.84515, 0.82596, 0.81758, 0.80476, 0.79737, 0.83269, 0.84766, 
0.84393, 0.0211, 0.0199, 0.0212, 0.0212, 0.0235, 0.0244, 0.0246, 
0.0256, 0.0261, 0.0283, 0.0281, 47.9, 52.7, 54.6, 59.8, 62.8, 
65.2, 70.3, 72.5, 77.7, 82.4, 85.9, 1, 1, 1, 1, 1, 1, 1, 1, 1, 
1, 1, 1, 1, 1, 1, 1, 1, 1, 1, 1, 1, 1, 1, 1, 1, 1, 1, 1, 1, 1, 
1, 1, 1, 1, 1, 1, 1, 1, 1, 1, 1, 1, 1, 1, 2.939, 2.78, 2.791, 
2.758, 2.967, 2.96, 2.939, 3.011, 2.923, 2.95, 2.919), .Dim = c(11L, 
40L), .Dimnames = list(NULL, c("Sampling", "PSO.cost", "PSO.gamma", 
"PSO.data.balancing", "PSO.feature.selection", "PSO.valid.acc", 
"PSO.test.acc", "PSO.train.time", "PSO.n.support.vectors", "PSO.index", 
"PSO.n.solutions", "PSO.generations", "PSO.n.evaluations", "PSO.cpu.time", 
"RS.cost", "RS.gamma", "RS.data.balancing", "RS.feature.selection", 
"RS.valid.acc", "RS.test.acc", "RS.train.time", "RS.n.support.vectors", 
"RS.index", "RS.n.solutions", "RS.generations", "RS.n.evaluations", 
"RS.cpu.time", "DF.cost", "DF.gamma", "DF.data.balancing", "DF.feature.selection", 
"DF.valid.acc", "DF.test.acc", "DF.train.time", "DF.n.support.vectors", 
"DF.index", "DF.n.solutions", "DF.generations", "DF.n.evaluations", 
"DF.cpu.time")))
