full <-
structure(c(50, 55, 60, 65, 70, 75, 80, 85, 90, 95, 100, 3.26781, 
10.5552, -0.15619, 9.1859, 0.57533, 4.20559, 10.15684, 5.49503, 
9.27114, 5.44529, 8.70167, -6.57571, -10.71543, -5.95837, -7.1322, 
-3.6411, -7.13382, -13.7188, -10.51157, -12.55272, -4.22967, 
-9.9463, 0, 0, 0, 0, 0, 0, 0, 0, 0, 0, 0, 0, 0, 0, 0, 0, 0, 0, 
0, 0, 0, 0, 0.88135, 0.87952, 0.82472, 0.85785, 0.8648, 0.87136, 
0.88159, 0.88718, 0.88709, 0.87026, 0.87798, 0.85774, 0.82397, 
0.79111, 0.80341, 0.8348, 0.81667, 0.85723, 0.87949, 0.85668, 
0.84093, 0.86512, 0.0202, 0.0212, 0.0209, 0.0251, 0.0228, 0.0219, 
0.0211, 0.0243, 0.024, 0.0266, 0.0238, 37.5, 31.7, 59.7, 36.3, 
63.4, 46.1, 50.3, 62, 52.4, 70.9, 54.7, 463, 293, 1910, 16, 201, 
416, 2006, 122, 364, 35, 234, 83, 148, 11, 1316, 261, 341, 2, 
48, 50, 1452, 114, 100, 100, 100, 100, 100, 100, 100, 100, 100, 
100, 100, 2500, 2500, 2500, 2500, 2500, 2500, 2500, 2500, 2500, 
2500, 2500, 7294.049, 7558.707, 7394.07, 7224.176, 7334.1, 7312.818, 
7146.39599999999, 7386.731, 7345.82799999999, 7260.25599999999, 
7221.891, 2.94832, 12.27896, 0.25663, 13.97286, 0.69148, 11.65182, 
7.31901, 7.64108, 9.73407, 14.45202, 7.39641, -6.31461, -12.44357, 
-1.81136, -7.17357, -3.34813, -14.93963, -10.86016, -12.6867, 
-13.01549, -4.39932, -8.61888, 0, 0, 0, 0, 0, 0, 0, 0, 0, 0, 
0, 0, 0, 0, 0, 0, 0, 0, 0, 0, 0, 0, 0.88135, 0.87952, 0.82333, 
0.85785, 0.8648, 0.87136, 0.87325, 0.88718, 0.88709, 0.87026, 
0.87798, 0.85774, 0.82397, 0.77972, 0.80341, 0.8148, 0.83409, 
0.85723, 0.87949, 0.86383, 0.84808, 0.86512, 0.0211, 0.0205, 
0.0274, 0.0214, 0.0231, 0.0212, 0.0223, 0.0241, 0.0233, 0.025, 
0.0255, 38, 31.7, 68.8, 36.2, 66, 47.2, 50.3, 62.3, 52.4, 68.6, 
55.3, 887, 1371, 2432, 261, 222, 42, 442, 1048, 2386, 75, 1114, 
3, 2, 1, 14, 1, 40, 6, 5, 1, 44, 1, 100, 100, 100, 100, 100, 
100, 100, 100, 100, 100, 100, 2500, 2500, 2500, 2500, 2500, 2500, 
2500, 2500, 2500, 2500, 2500, 7474.536, 7476.966, 7377.274, 7349.957, 
7286.477, 7108.00199999999, 7317.75199999999, 7388.317, 7446.88199999998, 
7256.179, 7330.51299999998, 1, 1, 1, 1, 1, 1, 1, 1, 1, 1, 1, 
0.05556, 0.05556, 0.05556, 0.05556, 0.05556, 0.05556, 0.05556, 
0.05556, 0.05556, 0.05556, 0.05556, 0, 0, 0, 0, 0, 0, 0, 0, 0, 
0, 0, 0, 0, 0, 0, 0, 0, 0, 0, 0, 0, 0, 0.84385, 0.83714, 0.79972, 
0.79543, 0.8446, 0.82833, 0.83275, 0.84615, 0.86328, 0.81181, 
0.85268, 0.83274, 0.82603, 0.82444, 0.82654, 0.8246, 0.83652, 
0.85851, 0.84744, 0.84066, 0.80268, 0.83179, 0.0203, 0.0223, 
0.0237, 0.0231, 0.024, 0.0212, 0.0242, 0.0254, 0.0259, 0.0255, 
0.0281, 47.9, 52.3, 56.2, 58.1, 62, 64.9, 68.5, 70.7, 74.8, 81.9, 
86.8, 1, 1, 1, 1, 1, 1, 1, 1, 1, 1, 1, 1, 1, 1, 1, 1, 1, 1, 1, 
1, 1, 1, 1, 1, 1, 1, 1, 1, 1, 1, 1, 1, 1, 1, 1, 1, 1, 1, 1, 1, 
1, 1, 1, 1, 3.024, 2.991, 3.026, 2.979, 2.962, 2.634, 2.953, 
2.992, 2.777, 2.758, 2.887), .Dim = c(11L, 40L), .Dimnames = list(
    NULL, c("Sampling", "PSO.cost", "PSO.gamma", "PSO.data.balancing", 
    "PSO.feature.selection", "PSO.valid.acc", "PSO.test.acc", 
    "PSO.train.time", "PSO.n.support.vectors", "PSO.index", "PSO.n.solutions", 
    "PSO.generations", "PSO.n.evaluations", "PSO.cpu.time", "RS.cost", 
    "RS.gamma", "RS.data.balancing", "RS.feature.selection", 
    "RS.valid.acc", "RS.test.acc", "RS.train.time", "RS.n.support.vectors", 
    "RS.index", "RS.n.solutions", "RS.generations", "RS.n.evaluations", 
    "RS.cpu.time", "DF.cost", "DF.gamma", "DF.data.balancing", 
    "DF.feature.selection", "DF.valid.acc", "DF.test.acc", "DF.train.time", 
    "DF.n.support.vectors", "DF.index", "DF.n.solutions", "DF.generations", 
    "DF.n.evaluations", "DF.cpu.time")))
