full <-
structure(c(50, 55, 60, 65, 70, 75, 80, 85, 90, 95, 100, 4.97032, 
13.04541, 7.15046, 2.16632, 4.74824, 0.28789, 10.16731, 6.32194, 
5.67415, 8.37949, 13.54032, -1.24644, -4.3576, -3.96568, -1.51716, 
-2.0749, -1.81945, -11.72735, -7.84114, -6.35317, -9.59585, -14.12308, 
0, 0, 0, 0, 0, 0, 0, 0, 0, 0, 0, 0, 0, 0, 0, 0, 0, 0, 0, 0, 0, 
0, 0.89583, 0.89667, 0.90972, 0.89495, 0.8748, 0.88167, 0.87582, 
0.87885, 0.89038, 0.89337, 0.8997, 0.86667, 0.88167, 0.88611, 
0.91515, 0.83571, 0.82697, 0.86457, 0.86282, 0.86667, 0.82454, 
0.8672, 0.0213, 0.0204, 0.0216, 0.0274, 0.0288, 0.0284, 0.0263, 
0.0239, 0.0266, 0.0243, 0.0255, 59.2, 45.1, 51.2, 75.4, 78.1, 
85.6, 46.6, 49.8, 52.3, 51.4, 49.9, 86, 3, 62, 157, 29, 805, 
193, 68, 428, 292, 204, 1372, 482, 927, 1177, 151, 51, 170, 203, 
363, 103, 31, 100, 100, 100, 100, 100, 100, 100, 100, 100, 100, 
100, 2500, 2500, 2500, 2500, 2500, 2500, 2500, 2500, 2500, 2500, 
2500, 7064.451, 7046.816, 8963.059, 9545.157, 9598.397, 9627.65999999999, 
9493.90700000001, 9545.77399999999, 9254.75200000001, 8914.17999999999, 
9144.071, 3.67344, 4.49713, 14.54445, 9.5251, 3.74569, 0.25831, 
8.91802, 10.09006, 6.23027, 10.56927, 10.88039, -1.20111, -4.18382, 
-3.91082, -1.57466, -2.04828, -1.8099, -10.38974, -11.7, -6.23446, 
-11.80082, -11.12419, 0, 0, 0, 0, 0, 0, 0, 0, 0, 0, 0, 0, 0, 
0, 0, 0, 0, 0, 0, 0, 0, 0, 0.89583, 0.89667, 0.90972, 0.89495, 
0.8748, 0.88167, 0.87582, 0.87885, 0.89038, 0.89337, 0.89435, 
0.87917, 0.88167, 0.88611, 0.91515, 0.83571, 0.82697, 0.86457, 
0.86282, 0.85128, 0.82364, 0.84583, 0.0209, 0.021, 0.0249, 0.0276, 
0.0286, 0.03, 0.0262, 0.0266, 0.0273, 0.0275, 0.0259, 59.2, 46.1, 
52, 75.3, 78.4, 85.6, 45.9, 48.5, 51.9, 51.3, 49.7, 31, 4, 268, 
31, 192, 988, 72, 4, 244, 1056, 75, 26, 78, 18, 36, 15, 1, 16, 
43, 6, 5, 27, 100, 100, 100, 100, 100, 100, 100, 100, 100, 100, 
100, 2500, 2500, 2500, 2500, 2500, 2500, 2500, 2500, 2500, 2500, 
2500, 7024.179, 7178.744, 9375.299, 9350.871, 9573.83899999999, 
9546.882, 9576.985, 9225.76800000001, 9278.01300000001, 9199.223, 
9375.549, 1, 1, 1, 1, 1, 1, 1, 1, 1, 1, 1, 0.05556, 0.05556, 
0.05556, 0.05556, 0.05556, 0.05556, 0.05556, 0.05556, 0.05556, 
0.05556, 0.05556, 0, 0, 0, 0, 0, 0, 0, 0, 0, 0, 0, 0, 0, 0, 0, 
0, 0, 0, 0, 0, 0, 0, 0.86667, 0.87417, 0.875, 0.86364, 0.8248, 
0.83606, 0.81434, 0.85449, 0.83828, 0.83271, 0.83119, 0.84167, 
0.87417, 0.875, 0.87071, 0.8248, 0.83697, 0.84225, 0.82244, 0.85302, 
0.84928, 0.84589, 0.0202, 0.0198, 0.0251, 0.0255, 0.0265, 0.0265, 
0.0258, 0.0258, 0.029, 0.0295, 0.032, 50.2, 54, 56.7, 59.8, 64.9, 
67.9, 71.8, 73.9, 77.7, 80.3, 86.7, 1, 1, 1, 1, 1, 1, 1, 1, 1, 
1, 1, 1, 1, 1, 1, 1, 1, 1, 1, 1, 1, 1, 1, 1, 1, 1, 1, 1, 1, 1, 
1, 1, 1, 1, 1, 1, 1, 1, 1, 1, 1, 1, 1, 1, 2.82, 2.713, 3.803, 
3.866, 3.914, 3.8, 3.528, 3.532, 3.755, 3.872, 3.992), .Dim = c(11L, 
40L), .Dimnames = list(NULL, c("Sampling", "PSO.cost", "PSO.gamma", 
"PSO.data.balancing", "PSO.feature.selection", "PSO.valid.acc", 
"PSO.test.acc", "PSO.train.time", "PSO.n.support.vectors", "PSO.index", 
"PSO.n.solutions", "PSO.generations", "PSO.n.evaluations", "PSO.cpu.time", 
"RS.cost", "RS.gamma", "RS.data.balancing", "RS.feature.selection", 
"RS.valid.acc", "RS.test.acc", "RS.train.time", "RS.n.support.vectors", 
"RS.index", "RS.n.solutions", "RS.generations", "RS.n.evaluations", 
"RS.cpu.time", "DF.cost", "DF.gamma", "DF.data.balancing", "DF.feature.selection", 
"DF.valid.acc", "DF.test.acc", "DF.train.time", "DF.n.support.vectors", 
"DF.index", "DF.n.solutions", "DF.generations", "DF.n.evaluations", 
"DF.cpu.time")))
