full <-
structure(c(50, 55, 60, 65, 70, 75, 80, 85, 90, 95, 100, 8.0282, 
6.0394, 1.32387, 14.10298, 5.78039, 7.0333, 12.7465, 8.68368, 
13.55038, 1.11691, 11.4456, -9.76119, -7.20975, -5.07331, -5.87621, 
-7.12882, -8.48043, -12.55108, -12.03268, -12.83779, -4.98647, 
-12.22996, 0, 0, 0, 0, 0, 0, 0, 0, 0, 0, 0, 0, 0, 0, 0, 0, 0, 
0, 0, 0, 0, 0, 0.86786, 0.87599, 0.88806, 0.88689, 0.87343, 0.88136, 
0.87597, 0.87134, 0.88498, 0.88432, 0.88476, 0.85, 0.84266, 0.86444, 
0.88578, 0.86121, 0.82833, 0.84307, 0.84435, 0.87857, 0.84806, 
0.85857, 0.0212, 0.0213, 0.021, 0.0208, 0.0196, 0.0218, 0.0229, 
0.0228, 0.0226, 0.0252, 0.023, 34.3, 37.6, 51, 43.4, 43.9, 46.4, 
41.8, 55.4, 44.8, 72.1, 52.5, 36, 27, 69, 99, 62, 229, 139, 176, 
176, 2380, 182, 416, 228, 485, 1269, 658, 145, 437, 147, 336, 
2, 51, 100, 100, 100, 100, 100, 100, 100, 100, 100, 100, 100, 
2500, 2500, 2500, 2500, 2500, 2500, 2500, 2500, 2500, 2500, 2500, 
7658.453, 7760.104, 7265.888, 7220.683, 7192.98799999999, 7520.18799999999, 
7281.86500000001, 7259.651, 7351.605, 7330.93800000002, 7264.70600000001, 
13.02639, 6.31793, 2.49217, 10.66325, 6.07497, 6.35844, 14.68005, 
11.56915, 10.61229, 0.79923, 12.29809, -14.50418, -7.32644, -6.68974, 
-5.80968, -5.21095, -7.79304, -14.43676, -14.8264, -9.85322, 
-4.61215, -13.07562, 0, 0, 0, 0, 0, 0, 0, 0, 0, 0, 0, 0, 0, 0, 
0, 0, 0, 0, 0, 0, 0, 0, 0.86786, 0.86488, 0.88806, 0.88689, 0.87343, 
0.88136, 0.87597, 0.87134, 0.88498, 0.88385, 0.88476, 0.86429, 
0.85516, 0.86444, 0.88578, 0.86434, 0.83667, 0.84307, 0.84435, 
0.87857, 0.84806, 0.85857, 0.0196, 0.0201, 0.02, 0.0207, 0.0198, 
0.0221, 0.023, 0.022, 0.0259, 0.0242, 0.0239, 33.6, 36.7, 48.8, 
43.5, 49, 47, 41.7, 55.3, 45.4, 74.6, 52.2, 51, 504, 335, 1229, 
469, 52, 129, 76, 127, 1230, 639, 32, 1, 9, 6, 9, 12, 5, 7, 8, 
1, 4, 100, 100, 100, 100, 100, 100, 100, 100, 100, 100, 100, 
2500, 2500, 2500, 2500, 2500, 2500, 2500, 2500, 2500, 2500, 2500, 
7707.464, 7314.914, 7281.713, 7381.734, 7254.21800000001, 7472.02499999999, 
7375.67, 7214.36, 7454.45099999999, 7151.677, 7020.77499999999, 
1, 1, 1, 1, 1, 1, 1, 1, 1, 1, 1, 0.05556, 0.05556, 0.05556, 0.05556, 
0.05556, 0.05556, 0.05556, 0.05556, 0.05556, 0.05556, 0.05556, 
0, 0, 0, 0, 0, 0, 0, 0, 0, 0, 0, 0, 0, 0, 0, 0, 0, 0, 0, 0, 0, 
0, 0.78393, 0.80655, 0.85472, 0.84106, 0.81525, 0.82758, 0.83874, 
0.8313, 0.81621, 0.86242, 0.82524, 0.80893, 0.81905, 0.82, 0.83197, 
0.81434, 0.80015, 0.83994, 0.83463, 0.83159, 0.84806, 0.8381, 
0.0221, 0.0187, 0.0212, 0.0212, 0.0218, 0.0228, 0.0238, 0.0248, 
0.0273, 0.0248, 0.0262, 47.7, 53, 56.7, 60.1, 64.4, 69.8, 71.7, 
74.9, 79.9, 81.9, 84.9, 1, 1, 1, 1, 1, 1, 1, 1, 1, 1, 1, 1, 1, 
1, 1, 1, 1, 1, 1, 1, 1, 1, 1, 1, 1, 1, 1, 1, 1, 1, 1, 1, 1, 1, 
1, 1, 1, 1, 1, 1, 1, 1, 1, 1, 3.16, 2.631, 2.951, 3.039, 2.994, 
2.98, 2.942, 2.93, 2.97, 2.781, 2.731), .Dim = c(11L, 40L), .Dimnames = list(
    NULL, c("Sampling", "PSO.cost", "PSO.gamma", "PSO.data.balancing", 
    "PSO.feature.selection", "PSO.valid.acc", "PSO.test.acc", 
    "PSO.train.time", "PSO.n.support.vectors", "PSO.index", "PSO.n.solutions", 
    "PSO.generations", "PSO.n.evaluations", "PSO.cpu.time", "RS.cost", 
    "RS.gamma", "RS.data.balancing", "RS.feature.selection", 
    "RS.valid.acc", "RS.test.acc", "RS.train.time", "RS.n.support.vectors", 
    "RS.index", "RS.n.solutions", "RS.generations", "RS.n.evaluations", 
    "RS.cpu.time", "DF.cost", "DF.gamma", "DF.data.balancing", 
    "DF.feature.selection", "DF.valid.acc", "DF.test.acc", "DF.train.time", 
    "DF.n.support.vectors", "DF.index", "DF.n.solutions", "DF.generations", 
    "DF.n.evaluations", "DF.cpu.time")))
