full <-
structure(c(50, 55, 60, 65, 70, 75, 80, 85, 90, 95, 100, 6.68682, 
3.36819, 4.54727, 0.83803, 14.91238, 4.39537, -0.03275, 1, 5.36616, 
14.68887, 9.46753, -7.67207, -5.50053, -6.52034, -3.07481, -12.42243, 
-8.0255, -1.70282, 0.05556, -4.68898, -3.81095, -5.61402, 0, 
0, 0, 0, 0, 0, 0, 0, 0, 0, 0, 0, 0, 0, 0, 0, 0, 0, 0, 0, 0, 0, 
0.8627, 0.88671, 0.86722, 0.85053, 0.84364, 0.84455, 0.84918, 
0.85604, 0.87443, 0.87542, 0.87875, 0.83413, 0.86171, 0.83111, 
0.82601, 0.76545, 0.83379, 0.84009, 0.83104, 0.84952, 0.83828, 
0.87161, 0.02, 0.02, 0.0219, 0.0222, 0.0225, 0.022, 0.0285, 0.0259, 
0.0262, 0.0277, 0.027, 26.7, 36.1, 35.5, 64.9, 29.4, 46.7, 90.8, 
70.3, 56.7, 71.9, 59.2, 128, 159, 368, 1383, 906, 2129, 398, 
1, 161, 30, 35, 118, 58, 357, 132, 69, 4, 551, 583, 1047, 1235, 
1239, 100, 100, 100, 100, 100, 100, 100, 100, 100, 100, 100, 
2500, 2500, 2500, 2500, 2500, 2500, 2500, 2500, 2500, 2500, 2500, 
7012.358, 7174.508, 6842.133, 6945.111, 7034.893, 7018.94200000001, 
7394.00899999999, 7284.375, 7382.428, 7399.235, 7164.55300000001, 
11.90677, 2.79715, 5.85469, 0.95907, 2.29885, 4.721, -0.08156, 
0.00153, 14.28047, 12.36756, 13.16148, -12.83558, -5.45497, -7.26713, 
-3.1915, -4.66665, -8.385, -1.77201, -2.5875, -4.68931, -3.89492, 
-5.59655, 0, 0, 0, 0, 0, 0, 0, 0, 0, 0, 0, 0, 0, 0, 0, 0, 0, 
0, 0, 0, 0, 0, 0.8627, 0.88671, 0.86722, 0.85053, 0.84455, 0.84455, 
0.84918, 0.85604, 0.87443, 0.87542, 0.87875, 0.81667, 0.88671, 
0.84361, 0.82601, 0.82455, 0.83379, 0.84009, 0.83938, 0.84952, 
0.83828, 0.87161, 0.0205, 0.0196, 0.0205, 0.0225, 0.0237, 0.0212, 
0.0289, 0.0264, 0.0257, 0.0283, 0.027, 25.1, 38.7, 33.2, 63.9, 
51.6, 46.4, 90.6, 86.7, 56.7, 70.7, 59.3, 306, 705, 50, 188, 
376, 1525, 1947, 466, 1490, 37, 5, 9, 2, 9, 1, 4, 1, 1, 15, 6, 
42, 36, 100, 100, 100, 100, 100, 100, 100, 100, 100, 100, 100, 
2500, 2500, 2500, 2500, 2500, 2500, 2500, 2500, 2500, 2500, 2500, 
6931.775, 6907.939, 6849.516, 6924.263, 7165.314, 7060.621, 7286.94099999999, 
7284.571, 7422.677, 7341.329, 7268.74400000001, 1, 1, 1, 1, 1, 
1, 1, 1, 1, 1, 1, 0.05556, 0.05556, 0.05556, 0.05556, 0.05556, 
0.05556, 0.05556, 0.05556, 0.05556, 0.05556, 0.05556, 0, 0, 0, 
0, 0, 0, 0, 0, 0, 0, 0, 0, 0, 0, 0, 0, 0, 0, 0, 0, 0, 0, 0.83373, 
0.82421, 0.80139, 0.79672, 0.79455, 0.82621, 0.8296, 0.85604, 
0.82802, 0.84835, 0.83863, 0.80873, 0.85099, 0.82389, 0.8249, 
0.78455, 0.82545, 0.81282, 0.83104, 0.84119, 0.83304, 0.83196, 
0.0215, 0.0196, 0.0207, 0.0213, 0.0236, 0.0237, 0.0251, 0.0264, 
0.0261, 0.0268, 0.0275, 45.7, 48.9, 52.7, 56.9, 61.6, 63.6, 66.7, 
70.3, 72.7, 76.8, 84.2, 1, 1, 1, 1, 1, 1, 1, 1, 1, 1, 1, 1, 1, 
1, 1, 1, 1, 1, 1, 1, 1, 1, 1, 1, 1, 1, 1, 1, 1, 1, 1, 1, 1, 1, 
1, 1, 1, 1, 1, 1, 1, 1, 1, 1, 2.869, 2.608, 2.706, 2.676, 2.945, 
2.844, 2.857, 2.934, 2.948, 2.897, 3.007), .Dim = c(11L, 40L), .Dimnames = list(
    NULL, c("Sampling", "PSO.cost", "PSO.gamma", "PSO.data.balancing", 
    "PSO.feature.selection", "PSO.valid.acc", "PSO.test.acc", 
    "PSO.train.time", "PSO.n.support.vectors", "PSO.index", "PSO.n.solutions", 
    "PSO.generations", "PSO.n.evaluations", "PSO.cpu.time", "RS.cost", 
    "RS.gamma", "RS.data.balancing", "RS.feature.selection", 
    "RS.valid.acc", "RS.test.acc", "RS.train.time", "RS.n.support.vectors", 
    "RS.index", "RS.n.solutions", "RS.generations", "RS.n.evaluations", 
    "RS.cpu.time", "DF.cost", "DF.gamma", "DF.data.balancing", 
    "DF.feature.selection", "DF.valid.acc", "DF.test.acc", "DF.train.time", 
    "DF.n.support.vectors", "DF.index", "DF.n.solutions", "DF.generations", 
    "DF.n.evaluations", "DF.cpu.time")))
