full <-
structure(c(50, 55, 60, 65, 70, 75, 80, 85, 90, 95, 100, 5.03185, 
8.19713, 10.70028, 3.66643, 6.44041, 5.8409, 1.94938, 4.54902, 
8.50954, 8.18551, 7.0502, -6.78694, -10.64243, -14.39259, -6.1679, 
-6.53795, -7.9225, -2.68613, -5.30434, -9.33027, -7.90446, -6.53426, 
0, 0, 0, 0, 0, 0, 0, 0, 0, 0, 0, 0, 0, 0, 0, 0, 0, 0, 0, 0, 0, 
0, 0.85595, 0.87917, 0.85333, 0.89571, 0.88141, 0.86485, 0.87196, 
0.87016, 0.86172, 0.88399, 0.89173, 0.81349, 0.85278, 0.87583, 
0.88412, 0.84141, 0.84652, 0.88029, 0.83811, 0.81593, 0.83971, 
0.81211, 0.0197, 0.0187, 0.0187, 0.0229, 0.0218, 0.0214, 0.0269, 
0.023, 0.0238, 0.0232, 0.0247, 31.3, 33.3, 41, 44.2, 40.6, 46.3, 
83.9, 54, 46.6, 49, 55.2, 102, 512, 73, 234, 405, 58, 6, 579, 
15, 222, 79, 569, 70, 278, 410, 625, 255, 1387, 41, 118, 266, 
1071, 100, 100, 100, 100, 100, 100, 100, 100, 100, 100, 100, 
2500, 2500, 2500, 2500, 2500, 2500, 2500, 2500, 2500, 2500, 2500, 
6899.193, 6897.427, 6882.621, 6781.66899999999, 7226.477, 7094.52899999999, 
7153.213, 6842.723, 6990.716, 6902.94699999999, 6858.01500000001, 
6.083, 3.74851, 7.95581, 2.99599, 6.39098, 11.01394, 5.28229, 
4.58167, 8.31679, 7.75557, 6.87803, -7.42281, -6.04349, -11.21411, 
-5.32937, -6.61187, -13.1317, -3.17819, -5.47436, -9.19705, -7.74922, 
-6.42047, 0, 0, 0, 0, 0, 0, 0, 0, 0, 0, 0, 0, 0, 0, 0, 0, 0, 
0, 0, 0, 0, 0, 0.85595, 0.86806, 0.85333, 0.89571, 0.88141, 0.86485, 
0.87196, 0.86247, 0.86172, 0.88399, 0.89173, 0.81349, 0.87778, 
0.86333, 0.86301, 0.84141, 0.85652, 0.86211, 0.83811, 0.81593, 
0.84637, 0.81836, 0.0176, 0.0208, 0.0213, 0.0206, 0.0209, 0.0219, 
0.0258, 0.0219, 0.023, 0.0236, 0.0257, 30.1, 35.8, 39.7, 48.2, 
40.8, 44.6, 77.5, 52.7, 46.8, 49.6, 55.8, 934, 1060, 8, 900, 
675, 110, 7, 33, 195, 577, 58, 4, 2, 39, 2, 4, 42, 158, 31, 3, 
5, 12, 100, 100, 100, 100, 100, 100, 100, 100, 100, 100, 100, 
2500, 2500, 2500, 2500, 2500, 2500, 2500, 2500, 2500, 2500, 2500, 
6792.861, 6839.15, 7141.479, 7086.719, 7229.595, 6913.732, 7041.534, 
6980.70299999999, 7050.80100000001, 7156.65800000002, 6926.41500000001, 
1, 1, 1, 1, 1, 1, 1, 1, 1, 1, 1, 0.05556, 0.05556, 0.05556, 0.05556, 
0.05556, 0.05556, 0.05556, 0.05556, 0.05556, 0.05556, 0.05556, 
0, 0, 0, 0, 0, 0, 0, 0, 0, 0, 0, 0, 0, 0, 0, 0, 0, 0, 0, 0, 0, 
0, 0.77996, 0.83056, 0.81, 0.81134, 0.81323, 0.81909, 0.84517, 
0.81568, 0.83269, 0.8259, 0.83973, 0.79246, 0.80238, 0.80778, 
0.84356, 0.80414, 0.81, 0.83684, 0.82348, 0.84038, 0.81978, 0.84099, 
0.0197, 0.021, 0.0216, 0.0226, 0.0217, 0.0223, 0.0242, 0.0251, 
0.0248, 0.0272, 0.0265, 45, 46.8, 53.3, 58.6, 62, 65.8, 69.7, 
75.1, 78, 82.2, 85, 1, 1, 1, 1, 1, 1, 1, 1, 1, 1, 1, 1, 1, 1, 
1, 1, 1, 1, 1, 1, 1, 1, 1, 1, 1, 1, 1, 1, 1, 1, 1, 1, 1, 1, 1, 
1, 1, 1, 1, 1, 1, 1, 1, 1, 2.819, 2.803, 2.902, 2.906, 2.69, 
2.71, 2.867, 2.879, 2.807, 2.87, 2.788), .Dim = c(11L, 40L), .Dimnames = list(
    NULL, c("Sampling", "PSO.cost", "PSO.gamma", "PSO.data.balancing", 
    "PSO.feature.selection", "PSO.valid.acc", "PSO.test.acc", 
    "PSO.train.time", "PSO.n.support.vectors", "PSO.index", "PSO.n.solutions", 
    "PSO.generations", "PSO.n.evaluations", "PSO.cpu.time", "RS.cost", 
    "RS.gamma", "RS.data.balancing", "RS.feature.selection", 
    "RS.valid.acc", "RS.test.acc", "RS.train.time", "RS.n.support.vectors", 
    "RS.index", "RS.n.solutions", "RS.generations", "RS.n.evaluations", 
    "RS.cpu.time", "DF.cost", "DF.gamma", "DF.data.balancing", 
    "DF.feature.selection", "DF.valid.acc", "DF.test.acc", "DF.train.time", 
    "DF.n.support.vectors", "DF.index", "DF.n.solutions", "DF.generations", 
    "DF.n.evaluations", "DF.cpu.time")))
