full <-
structure(c(50, 55, 60, 65, 70, 75, 80, 85, 90, 95, 100, 14.19661, 
5.95561, 5.47869, 3.50365, 9.37048, 2.74667, 2.06527, 7.68016, 
10.18, 3.47994, 10.12685, -4.55703, -6.96926, -8.45587, -1.59082, 
-4.8448, -4.38673, -4.36915, -8.70188, -10.44497, -5.01226, -9.31339, 
0, 0, 0, 0, 0, 0, 0, 0, 0, 0, 0, 0, 0, 0, 0, 0, 0, 0, 0, 0, 0, 
0, 0.85099, 0.8881, 0.875, 0.85328, 0.90273, 0.87212, 0.84174, 
0.87454, 0.84744, 0.87456, 0.885, 0.86528, 0.82202, 0.82778, 
0.84217, 0.88364, 0.87303, 0.77855, 0.84954, 0.84689, 0.86123, 
0.83339, 0.0203, 0.0202, 0.0208, 0.0233, 0.0222, 0.0228, 0.024, 
0.0247, 0.0221, 0.0247, 0.025, 36.2, 31.5, 39, 74.6, 42.5, 50.4, 
63.7, 46.2, 45.5, 63, 49.7, 17, 334, 189, 22, 17, 1258, 923, 
271, 84, 709, 169, 1425, 55, 116, 1110, 549, 10, 179, 101, 445, 
61, 346, 100, 100, 100, 100, 100, 100, 100, 100, 100, 100, 100, 
2500, 2500, 2500, 2500, 2500, 2500, 2500, 2500, 2500, 2500, 2500, 
7365.59, 7275.765, 7389.924, 7301.073, 7301.31099999999, 7217.356, 
7270.34300000001, 7203.283, 7080.52899999999, 7323.75099999999, 
7300.86200000002, 5.44131, 5.94784, 4.60029, 4.1893, 12.65415, 
1.14211, 1.53205, 7.45533, 11.73781, 3.51494, 9.65421, -4.73778, 
-6.9582, -6.87483, -8.73633, -4.92848, -3.29717, -4.03429, -8.46991, 
-11.86421, -4.96929, -9.06663, 0, 0, 0, 0, 0, 0, 0, 0, 0, 0, 
0, 0, 0, 0, 0, 0, 0, 0, 0, 0, 0, 0, 0.85099, 0.8881, 0.875, 0.85348, 
0.90273, 0.87288, 0.8411, 0.87454, 0.84744, 0.87456, 0.87875, 
0.86528, 0.82202, 0.83889, 0.83126, 0.88364, 0.87212, 0.7778, 
0.84954, 0.85403, 0.86123, 0.83339, 0.0205, 0.0209, 0.0216, 0.0217, 
0.0221, 0.0213, 0.0239, 0.0209, 0.0245, 0.0253, 0.0246, 35.4, 
31.4, 38.1, 47.6, 42.4, 60.8, 66.6, 46.5, 45.4, 63, 50.5, 22, 
1535, 391, 52, 131, 114, 702, 327, 15, 587, 705, 109, 4, 6, 1, 
28, 4, 4, 4, 16, 1, 2, 100, 100, 100, 100, 100, 100, 100, 100, 
100, 100, 100, 2500, 2500, 2500, 2500, 2500, 2500, 2500, 2500, 
2500, 2500, 2500, 7270.253, 7198.265, 7426.943, 7199.223, 7316.16900000001, 
7319.652, 7240.62199999999, 7175.462, 7178.607, 7349.51500000001, 
7371.57200000001, 1, 1, 1, 1, 1, 1, 1, 1, 1, 1, 1, 0.05556, 0.05556, 
0.05556, 0.05556, 0.05556, 0.05556, 0.05556, 0.05556, 0.05556, 
0.05556, 0.05556, 0, 0, 0, 0, 0, 0, 0, 0, 0, 0, 0, 0, 0, 0, 0, 
0, 0, 0, 0, 0, 0, 0, 0.8002, 0.83254, 0.8625, 0.82126, 0.85455, 
0.83561, 0.79625, 0.81621, 0.82445, 0.83099, 0.82625, 0.80198, 
0.82004, 0.84028, 0.80106, 0.85455, 0.87303, 0.78625, 0.81621, 
0.80907, 0.83971, 0.82625, 0.0202, 0.0209, 0.0223, 0.0218, 0.022, 
0.0219, 0.0244, 0.0256, 0.0252, 0.0253, 0.0277, 45.8, 47.4, 51.1, 
53.2, 56.8, 61.4, 72.7, 73.9, 76.7, 80.6, 85.9, 1, 1, 1, 1, 1, 
1, 1, 1, 1, 1, 1, 1, 1, 1, 1, 1, 1, 1, 1, 1, 1, 1, 1, 1, 1, 1, 
1, 1, 1, 1, 1, 1, 1, 1, 1, 1, 1, 1, 1, 1, 1, 1, 1, 1, 2.978, 
2.94, 2.971, 2.904, 2.908, 2.953, 2.915, 2.849, 2.881, 2.886, 
2.977), .Dim = c(11L, 40L), .Dimnames = list(NULL, c("Sampling", 
"PSO.cost", "PSO.gamma", "PSO.data.balancing", "PSO.feature.selection", 
"PSO.valid.acc", "PSO.test.acc", "PSO.train.time", "PSO.n.support.vectors", 
"PSO.index", "PSO.n.solutions", "PSO.generations", "PSO.n.evaluations", 
"PSO.cpu.time", "RS.cost", "RS.gamma", "RS.data.balancing", "RS.feature.selection", 
"RS.valid.acc", "RS.test.acc", "RS.train.time", "RS.n.support.vectors", 
"RS.index", "RS.n.solutions", "RS.generations", "RS.n.evaluations", 
"RS.cpu.time", "DF.cost", "DF.gamma", "DF.data.balancing", "DF.feature.selection", 
"DF.valid.acc", "DF.test.acc", "DF.train.time", "DF.n.support.vectors", 
"DF.index", "DF.n.solutions", "DF.generations", "DF.n.evaluations", 
"DF.cpu.time")))
