full <-
structure(c(50, 55, 60, 65, 70, 75, 80, 85, 90, 95, 100, 7.38436, 
8.65728, 7.39147, 15, 12.228, 7.22353, 6.53875, 10.01906, 8.85206, 
5.40844, 13.42144, -8.82791, -9.30843, -8.11937, -11.65908, -9.60347, 
-6.80594, -7.98921, -10.33819, -10.63091, -6.63826, -14.28711, 
0, 0, 0, 0, 0, 0, 0, 0, 0, 0, 0, 0, 0, 0, 0, 0, 0, 0, 0, 0, 0, 
0, 0.89385, 0.87738, 0.86556, 0.86222, 0.89692, 0.88091, 0.82681, 
0.8663, 0.86145, 0.89216, 0.85988, 0.87024, 0.87917, 0.82083, 
0.83222, 0.86005, 0.84515, 0.82105, 0.84249, 0.82299, 0.82773, 
0.85137, 0.0208, 0.02, 0.021, 0.0233, 0.0217, 0.0216, 0.022, 
0.0226, 0.0225, 0.0235, 0.0239, 37.6, 36.9, 43.5, 37.3, 38.9, 
48.4, 49.7, 45.9, 53.2, 55.9, 52.8, 60, 83, 1919, 63, 36, 74, 
27, 1996, 57, 647, 1176, 245, 428, 1, 1557, 1614, 362, 184, 1, 
220, 65, 46, 100, 100, 100, 100, 100, 100, 100, 100, 100, 100, 
100, 2500, 2500, 2500, 2500, 2500, 2500, 2500, 2500, 2500, 2500, 
2500, 7285.346, 7575.686, 7443.549, 7290.007, 7339.79500000001, 
7331.194, 7224.75200000001, 7199.981, 7025.45300000001, 7056.32500000001, 
7014.86500000002, 8.90865, 8.15182, 7.50869, 14.06332, 12.70586, 
12.28821, 6.83177, 10.20492, 9.63869, 12.01041, 13.83256, -10.49089, 
-8.74717, -8.1991, -10.46167, -9.45575, -6.94135, -8.23694, -10.44155, 
-11.37436, -11.10463, -14.67362, 0, 0, 0, 0, 0, 0, 0, 0, 0, 0, 
0, 0, 0, 0, 0, 0, 0, 0, 0, 0, 0, 0, 0.89385, 0.87738, 0.86556, 
0.86222, 0.89692, 0.87348, 0.82681, 0.8663, 0.86145, 0.89161, 
0.85988, 0.85774, 0.87917, 0.82083, 0.82222, 0.86005, 0.84606, 
0.82105, 0.84249, 0.82299, 0.85637, 0.85137, 0.0193, 0.0209, 
0.0207, 0.0214, 0.0246, 0.0222, 0.0219, 0.0229, 0.0233, 0.0226, 
0.0242, 37.4, 37.1, 43.3, 37.8, 39.2, 46.7, 49.1, 45.9, 52.8, 
45.2, 52.6, 44, 71, 2218, 14, 61, 213, 426, 1828, 3, 897, 1259, 
20, 32, 1, 42, 35, 4, 8, 1, 9, 3, 2, 100, 100, 100, 100, 100, 
100, 100, 100, 100, 100, 100, 2500, 2500, 2500, 2500, 2500, 2500, 
2500, 2500, 2500, 2500, 2500, 7637.64, 7475.94, 7419.766, 7273.091, 
7539.62699999999, 7204.932, 7185.291, 7148.007, 7055.845, 7277.677, 
7006.95999999999, 1, 1, 1, 1, 1, 1, 1, 1, 1, 1, 1, 0.05556, 0.05556, 
0.05556, 0.05556, 0.05556, 0.05556, 0.05556, 0.05556, 0.05556, 
0.05556, 0.05556, 0, 0, 0, 0, 0, 0, 0, 0, 0, 0, 0, 0, 0, 0, 0, 
0, 0, 0, 0, 0, 0, 0, 0.81806, 0.77937, 0.79972, 0.76667, 0.80576, 
0.79121, 0.80248, 0.80989, 0.81529, 0.8552, 0.83179, 0.83234, 
0.80476, 0.77611, 0.8, 0.81485, 0.80045, 0.82157, 0.84377, 0.83837, 
0.83322, 0.81173, 0.0193, 0.021, 0.0231, 0.0219, 0.0211, 0.0223, 
0.0244, 0.0233, 0.0247, 0.0266, 0.0276, 51.5, 56.3, 60.7, 63.7, 
64.7, 69.3, 72, 75.2, 78.5, 81.3, 85.1, 1, 1, 1, 1, 1, 1, 1, 
1, 1, 1, 1, 1, 1, 1, 1, 1, 1, 1, 1, 1, 1, 1, 1, 1, 1, 1, 1, 1, 
1, 1, 1, 1, 1, 1, 1, 1, 1, 1, 1, 1, 1, 1, 1, 1, 3.071, 2.898, 
2.978, 2.837, 2.793, 2.943, 2.886, 2.915, 2.816, 2.781, 2.697
), .Dim = c(11L, 40L), .Dimnames = list(NULL, c("Sampling", "PSO.cost", 
"PSO.gamma", "PSO.data.balancing", "PSO.feature.selection", "PSO.valid.acc", 
"PSO.test.acc", "PSO.train.time", "PSO.n.support.vectors", "PSO.index", 
"PSO.n.solutions", "PSO.generations", "PSO.n.evaluations", "PSO.cpu.time", 
"RS.cost", "RS.gamma", "RS.data.balancing", "RS.feature.selection", 
"RS.valid.acc", "RS.test.acc", "RS.train.time", "RS.n.support.vectors", 
"RS.index", "RS.n.solutions", "RS.generations", "RS.n.evaluations", 
"RS.cpu.time", "DF.cost", "DF.gamma", "DF.data.balancing", "DF.feature.selection", 
"DF.valid.acc", "DF.test.acc", "DF.train.time", "DF.n.support.vectors", 
"DF.index", "DF.n.solutions", "DF.generations", "DF.n.evaluations", 
"DF.cpu.time")))
