full <-
structure(c(50, 55, 60, 65, 70, 75, 80, 85, 90, 95, 100, 3.89102, 
7.42093, 7.90266, 11.99795, 8.12615, 10.08804, 2.8399, 5.68357, 
6.87009, 7.66129, 9.95173, -5.61868, -9.42097, -9.81633, -14.12615, 
-9.73681, -12.25663, -4.02645, -6.4291, -6.2859, -7.93607, -10.18614, 
0, 0, 0, 0, 0, 0, 0, 0, 0, 0, 0, 0, 0, 0, 0, 0, 0, 0, 0, 0, 0, 
0, 0.84226, 0.8881, 0.86222, 0.86376, 0.89404, 0.90034, 0.90758, 
0.88764, 0.84606, 0.85764, 0.87798, 0.7881, 0.86448, 0.85, 0.88598, 
0.87495, 0.88265, 0.83636, 0.87344, 0.83004, 0.85049, 0.85839, 
0.0202, 0.0211, 0.0209, 0.0208, 0.0211, 0.0219, 0.0229, 0.0223, 
0.0235, 0.0235, 0.0252, 38.9, 37.8, 39.3, 39.4, 41.5, 45.6, 63, 
48.5, 51.6, 50.6, 51.8, 537, 14, 49, 77, 80, 497, 676, 305, 8, 
102, 80, 396, 632, 382, 268, 318, 47, 141, 305, 1249, 69, 68, 
100, 100, 100, 100, 100, 100, 100, 100, 100, 100, 100, 2500, 
2500, 2500, 2500, 2500, 2500, 2500, 2500, 2500, 2500, 2500, 7380.098, 
7657.88, 7499.231, 7270.574, 7236.222, 7198.37699999999, 7248.508, 
7106.929, 7337.205, 7307.41099999999, 7326.05600000001, 3.84307, 
7.69121, 11.08694, 11.23401, 6.8367, 11.80615, 4.04088, 5.67146, 
6.54474, 11.11511, 13.67362, -5.6326, -9.66776, -13.15302, -13.38232, 
-8.45927, -13.97921, -5.15744, -6.47783, -6.30965, -11.0179, 
-13.88217, 0, 0, 0, 0, 0, 0, 0, 0, 0, 0, 0, 0, 0, 0, 0, 0, 0, 
0, 0, 0, 0, 0, 0.84226, 0.8881, 0.86222, 0.86376, 0.89404, 0.90034, 
0.89848, 0.88764, 0.84606, 0.85709, 0.87798, 0.7881, 0.86448, 
0.85, 0.88598, 0.87495, 0.88265, 0.85379, 0.88178, 0.84542, 0.84335, 
0.85125, 0.02, 0.0205, 0.0206, 0.0201, 0.022, 0.0205, 0.0222, 
0.0207, 0.0232, 0.0237, 0.0247, 39, 37.4, 39.3, 39.7, 42.3, 45.6, 
52.5, 48.1, 51.9, 47.5, 51, 141, 88, 112, 94, 334, 2104, 1247, 
330, 57, 50, 1650, 3, 35, 70, 19, 21, 1, 3, 2, 42, 8, 3, 100, 
100, 100, 100, 100, 100, 100, 100, 100, 100, 100, 2500, 2500, 
2500, 2500, 2500, 2500, 2500, 2500, 2500, 2500, 2500, 7301.182, 
7594.396, 7465.897, 7350.346, 7196.557, 7323.01599999999, 7170.18699999999, 
7298.095, 7364.14200000001, 7139.878, 6959.361, 1, 1, 1, 1, 1, 
1, 1, 1, 1, 1, 1, 0.05556, 0.05556, 0.05556, 0.05556, 0.05556, 
0.05556, 0.05556, 0.05556, 0.05556, 0.05556, 0.05556, 0, 0, 0, 
0, 0, 0, 0, 0, 0, 0, 0, 0, 0, 0, 0, 0, 0, 0, 0, 0, 0, 0, 0.76964, 
0.78036, 0.78028, 0.83808, 0.80914, 0.80768, 0.82727, 0.82592, 
0.80696, 0.81526, 0.83821, 0.7756, 0.78353, 0.78056, 0.80697, 
0.82747, 0.80935, 0.80227, 0.8413, 0.82344, 0.82137, 0.82357, 
0.0205, 0.0212, 0.0214, 0.0214, 0.0223, 0.0257, 0.022, 0.0246, 
0.0241, 0.0257, 0.0247, 47.5, 52.1, 55.5, 58.2, 62.6, 66.5, 69, 
72.6, 78.3, 79.8, 86.3, 1, 1, 1, 1, 1, 1, 1, 1, 1, 1, 1, 1, 1, 
1, 1, 1, 1, 1, 1, 1, 1, 1, 1, 1, 1, 1, 1, 1, 1, 1, 1, 1, 1, 1, 
1, 1, 1, 1, 1, 1, 1, 1, 1, 1, 2.918, 3.025, 2.913, 2.985, 2.793, 
2.908, 2.795, 2.968, 2.846, 2.923, 2.829), .Dim = c(11L, 40L), .Dimnames = list(
    NULL, c("Sampling", "PSO.cost", "PSO.gamma", "PSO.data.balancing", 
    "PSO.feature.selection", "PSO.valid.acc", "PSO.test.acc", 
    "PSO.train.time", "PSO.n.support.vectors", "PSO.index", "PSO.n.solutions", 
    "PSO.generations", "PSO.n.evaluations", "PSO.cpu.time", "RS.cost", 
    "RS.gamma", "RS.data.balancing", "RS.feature.selection", 
    "RS.valid.acc", "RS.test.acc", "RS.train.time", "RS.n.support.vectors", 
    "RS.index", "RS.n.solutions", "RS.generations", "RS.n.evaluations", 
    "RS.cpu.time", "DF.cost", "DF.gamma", "DF.data.balancing", 
    "DF.feature.selection", "DF.valid.acc", "DF.test.acc", "DF.train.time", 
    "DF.n.support.vectors", "DF.index", "DF.n.solutions", "DF.generations", 
    "DF.n.evaluations", "DF.cpu.time")))
