full <-
structure(c(50, 55, 60, 65, 70, 75, 80, 85, 90, 95, 100, 13.58456, 
11.61191, 1.36581, 0.44846, 12.14787, 9.08818, 7.47583, 5.51633, 
9.18151, 8.90666, 9.81073, -14.41001, -11.58271, -3.76564, -2.10904, 
-12.84442, -8.87785, -7.65608, -5.97676, -11.48882, -10.23958, 
-13.41905, 0, 0, 0, 0, 0, 0, 0, 0, 0, 0, 0, 0, 0, 0, 0, 0, 0, 
0, 0, 0, 0, 0, 0.89425, 0.89266, 0.8625, 0.86333, 0.87586, 0.8697, 
0.86726, 0.88058, 0.85321, 0.87059, 0.88063, 0.82778, 0.81508, 
0.82917, 0.84222, 0.88606, 0.87061, 0.82469, 0.87106, 0.81282, 
0.85527, 0.85473, 0.0192, 0.0203, 0.0211, 0.0242, 0.0221, 0.0225, 
0.0265, 0.022, 0.0233, 0.0252, 0.0263, 32.1, 33.7, 53.9, 73.3, 
40.9, 43.6, 45.8, 51.1, 54.7, 53.7, 65.8, 134, 295, 917, 1157, 
220, 143, 2327, 305, 78, 55, 20, 107, 84, 58, 59, 73, 862, 1, 
429, 112, 82, 235, 100, 100, 100, 100, 100, 100, 100, 100, 100, 
100, 100, 2500, 2500, 2500, 2500, 2500, 2500, 2500, 2500, 2500, 
2500, 2500, 7044.753, 7102.978, 7130.903, 7279.122, 7098.359, 
6958.511, 7182.523, 7073.811, 6999.205, 7274.13, 7188.25200000001, 
11.38943, 3.9618, 1.53663, 0.32995, 12.87916, 10.52208, 13.9873, 
4.69849, 6.9174, 9.40988, 6.8113, -12.2174, -8.60029, -3.53991, 
-2.032, -13.56126, -10.35405, -7.82448, -5.51593, -9.27771, -10.57547, 
-9.88721, 0, 0, 0, 0, 0, 0, 0, 0, 0, 0, 0, 0, 0, 0, 0, 0, 0, 
0, 0, 0, 0, 0, 0.89425, 0.89087, 0.8625, 0.86333, 0.87586, 0.8697, 
0.86495, 0.88058, 0.86035, 0.87059, 0.88063, 0.82778, 0.86726, 
0.84028, 0.84222, 0.88606, 0.88061, 0.83393, 0.86273, 0.82051, 
0.85527, 0.85473, 0.0202, 0.0221, 0.0216, 0.0247, 0.0216, 0.0208, 
0.023, 0.0236, 0.0242, 0.024, 0.0251, 32.1, 46.3, 55.6, 73.5, 
40.8, 43.3, 43.4, 53.6, 55.4, 53.4, 62.9, 369, 1164, 1291, 562, 
958, 179, 70, 503, 490, 149, 85, 5, 2, 1, 5, 3, 11, 41, 6, 2, 
11, 29, 100, 100, 100, 100, 100, 100, 100, 100, 100, 100, 100, 
2500, 2500, 2500, 2500, 2500, 2500, 2500, 2500, 2500, 2500, 2500, 
7078.377, 7078.555, 7165.77, 7278.851, 7113.91500000001, 7168.70299999999, 
6922.14, 7060.996, 7322.84999999999, 7393.91199999998, 7182.37100000001, 
1, 1, 1, 1, 1, 1, 1, 1, 1, 1, 1, 0.05556, 0.05556, 0.05556, 0.05556, 
0.05556, 0.05556, 0.05556, 0.05556, 0.05556, 0.05556, 0.05556, 
0, 0, 0, 0, 0, 0, 0, 0, 0, 0, 0, 0, 0, 0, 0, 0, 0, 0, 0, 0, 0, 
0, 0.82956, 0.84048, 0.84028, 0.84333, 0.79727, 0.82409, 0.79263, 
0.82887, 0.79029, 0.82608, 0.87438, 0.84206, 0.84187, 0.81667, 
0.83222, 0.83768, 0.81591, 0.78494, 0.84316, 0.78315, 0.79894, 
0.84082, 0.02, 0.0201, 0.0245, 0.0217, 0.0227, 0.0246, 0.0234, 
0.0232, 0.0263, 0.0263, 0.0269, 50, 53.4, 56.9, 59.8, 65, 70, 
74.4, 76.2, 78.6, 81.5, 86.4, 1, 1, 1, 1, 1, 1, 1, 1, 1, 1, 1, 
1, 1, 1, 1, 1, 1, 1, 1, 1, 1, 1, 1, 1, 1, 1, 1, 1, 1, 1, 1, 1, 
1, 1, 1, 1, 1, 1, 1, 1, 1, 1, 1, 1, 2.71, 2.715, 2.938, 2.806, 
2.852, 2.983, 2.696, 2.592, 2.951, 2.929, 2.845), .Dim = c(11L, 
40L), .Dimnames = list(NULL, c("Sampling", "PSO.cost", "PSO.gamma", 
"PSO.data.balancing", "PSO.feature.selection", "PSO.valid.acc", 
"PSO.test.acc", "PSO.train.time", "PSO.n.support.vectors", "PSO.index", 
"PSO.n.solutions", "PSO.generations", "PSO.n.evaluations", "PSO.cpu.time", 
"RS.cost", "RS.gamma", "RS.data.balancing", "RS.feature.selection", 
"RS.valid.acc", "RS.test.acc", "RS.train.time", "RS.n.support.vectors", 
"RS.index", "RS.n.solutions", "RS.generations", "RS.n.evaluations", 
"RS.cpu.time", "DF.cost", "DF.gamma", "DF.data.balancing", "DF.feature.selection", 
"DF.valid.acc", "DF.test.acc", "DF.train.time", "DF.n.support.vectors", 
"DF.index", "DF.n.solutions", "DF.generations", "DF.n.evaluations", 
"DF.cpu.time")))
