full <-
structure(c(50, 55, 60, 65, 70, 75, 80, 85, 90, 95, 100, 15, 
4.53669, 4.17485, 3.57989, 6.70707, 11.31594, 6.05354, 4.98864, 
8.50477, 7.67297, 13.50865, -3.2991, -6.89028, -5.14362, -4.15266, 
-6.51945, -14.24538, -8.19871, -3.53099, -8.64441, -4.44558, 
-15, 0, 0, 0, 0, 0, 0, 0, 0, 0, 0, 0, 0, 0, 0, 0, 0, 0, 0, 0, 
0, 0, 0, 0.82857, 0.86349, 0.85333, 0.85669, 0.84934, 0.84288, 
0.85408, 0.85441, 0.86136, 0.87128, 0.8731, 0.77321, 0.82988, 
0.81111, 0.81558, 0.79005, 0.82636, 0.83666, 0.83559, 0.8685, 
0.84145, 0.83964, 0.0211, 0.0202, 0.0201, 0.0223, 0.0231, 0.0221, 
0.0232, 0.0251, 0.0241, 0.0254, 0.0244, 54.8, 41.6, 47, 59.2, 
47.2, 52.5, 52.1, 77.4, 49.8, 68.8, 53.8, 272, 34, 1790, 17, 
155, 310, 2, 141, 1019, 70, 127, 939, 337, 21, 1263, 135, 103, 
318, 110, 73, 488, 124, 100, 100, 100, 100, 100, 100, 100, 100, 
100, 100, 100, 2500, 2500, 2500, 2500, 2500, 2500, 2500, 2500, 
2500, 2500, 2500, 7620.74, 7750.638, 7274.327, 7499.271, 7388.84800000001, 
7411.49099999999, 7376.75499999999, 7058.59699999999, 7284.985, 
7399.51699999999, 7002.12800000003, 6.35, 7.85977, 3.76534, 13.15047, 
6.43125, 5.70556, 11.58013, 13.75642, 8.96339, 13.65742, 10.65279, 
-3.32858, -10.18784, -4.59806, -4.23179, -6.52392, -8.55506, 
-13.91058, -3.55688, -9.05563, -4.44823, -11.96335, 0, 0, 0, 
0, 0, 0, 0, 0, 0, 0, 0, 0, 0, 0, 0, 0, 0, 0, 0, 0, 0, 0, 0.82857, 
0.86349, 0.85583, 0.85669, 0.84934, 0.84379, 0.85408, 0.85441, 
0.86136, 0.87128, 0.8731, 0.77321, 0.82988, 0.81111, 0.81558, 
0.80005, 0.82636, 0.80938, 0.83559, 0.8685, 0.84145, 0.83917, 
0.0215, 0.021, 0.022, 0.0229, 0.0229, 0.0228, 0.022, 0.0248, 
0.0234, 0.0254, 0.0257, 54.6, 39.3, 50.6, 58.8, 47.5, 52.9, 52.3, 
77.2, 49.3, 68.7, 53.5, 689, 11, 784, 12, 1493, 834, 20, 830, 
967, 120, 270, 9, 66, 1, 62, 2, 2, 39, 6, 2, 2, 12, 100, 100, 
100, 100, 100, 100, 100, 100, 100, 100, 100, 2500, 2500, 2500, 
2500, 2500, 2500, 2500, 2500, 2500, 2500, 2500, 7732.31, 7541.365, 
7443.75599999999, 7490.824, 7463.99400000001, 7500.019, 7245.156, 
7430.34400000001, 7290.69500000001, 7234.429, 7047.81899999999, 
1, 1, 1, 1, 1, 1, 1, 1, 1, 1, 1, 0.05556, 0.05556, 0.05556, 0.05556, 
0.05556, 0.05556, 0.05556, 0.05556, 0.05556, 0.05556, 0.05556, 
0, 0, 0, 0, 0, 0, 0, 0, 0, 0, 0, 0, 0, 0, 0, 0, 0, 0, 0, 0, 0, 
0, 0.74821, 0.7448, 0.74861, 0.80336, 0.78601, 0.80621, 0.80245, 
0.79779, 0.82335, 0.81289, 0.84012, 0.74643, 0.7552, 0.735, 0.79086, 
0.75581, 0.79727, 0.78287, 0.78122, 0.81621, 0.79806, 0.81292, 
0.0206, 0.0217, 0.0214, 0.0233, 0.0239, 0.0238, 0.0231, 0.0255, 
0.025, 0.0266, 0.0278, 52.5, 56.6, 59.9, 65.4, 68.4, 72.2, 74, 
77.8, 80.4, 84, 85.3, 1, 1, 1, 1, 1, 1, 1, 1, 1, 1, 1, 1, 1, 
1, 1, 1, 1, 1, 1, 1, 1, 1, 1, 1, 1, 1, 1, 1, 1, 1, 1, 1, 1, 1, 
1, 1, 1, 1, 1, 1, 1, 1, 1, 1, 3.083, 3.006, 2.918, 2.987, 3.015, 
2.992, 2.703, 2.922, 2.903, 2.901, 2.81), .Dim = c(11L, 40L), .Dimnames = list(
    NULL, c("Sampling", "PSO.cost", "PSO.gamma", "PSO.data.balancing", 
    "PSO.feature.selection", "PSO.valid.acc", "PSO.test.acc", 
    "PSO.train.time", "PSO.n.support.vectors", "PSO.index", "PSO.n.solutions", 
    "PSO.generations", "PSO.n.evaluations", "PSO.cpu.time", "RS.cost", 
    "RS.gamma", "RS.data.balancing", "RS.feature.selection", 
    "RS.valid.acc", "RS.test.acc", "RS.train.time", "RS.n.support.vectors", 
    "RS.index", "RS.n.solutions", "RS.generations", "RS.n.evaluations", 
    "RS.cpu.time", "DF.cost", "DF.gamma", "DF.data.balancing", 
    "DF.feature.selection", "DF.valid.acc", "DF.test.acc", "DF.train.time", 
    "DF.n.support.vectors", "DF.index", "DF.n.solutions", "DF.generations", 
    "DF.n.evaluations", "DF.cpu.time")))
