full <-
structure(c(50, 55, 60, 65, 70, 75, 80, 85, 90, 95, 100, 6.71083, 
7.12431, 6.53777, 15, 12.30296, 5.6443, 4.73593, 4.40132, 1.99743, 
8.40693, 2.73565, -11.86045, -3.4826, -10.47349, -13.70912, -13.4197, 
-9.39729, -3.23465, -3.93451, -5.92554, -8.84414, -5.97327, 0, 
0, 0, 0, 0, 0, 0, 0, 0, 0, 0, 0, 0, 0, 0, 0, 0, 0, 0, 0, 0, 0, 
0.82837, 0.87778, 0.85417, 0.85285, 0.87101, 0.85222, 0.88071, 
0.87156, 0.86896, 0.85912, 0.87351, 0.7873, 0.83889, 0.81056, 
0.80126, 0.82081, 0.79843, 0.88916, 0.84796, 0.82912, 0.84538, 
0.84542, 0.0199, 0.0213, 0.0214, 0.0221, 0.0201, 0.0238, 0.0247, 
0.0257, 0.0226, 0.0233, 0.0266, 45.1, 54.7, 45.7, 35, 42.6, 53, 
73.9, 65.2, 63.3, 46.3, 66.4, 25, 327, 61, 230, 214, 91, 63, 
18, 369, 40, 691, 69, 627, 243, 98, 12, 219, 829, 1041, 108, 
36, 63, 100, 100, 100, 100, 100, 100, 100, 100, 100, 100, 100, 
2500, 2500, 2500, 2500, 2500, 2500, 2500, 2500, 2500, 2500, 2500, 
6982.302, 7099.819, 7091.387, 7029.014, 6932.672, 8958.503, 6816.03199999999, 
6899.26299999999, 6841.08100000001, 6675.439, 6882.82299999997, 
4.70617, 8.29393, 8.64427, 13.63859, 11.59718, 5.53875, 8.76993, 
8.17888, 2.00659, 10.20783, 2.68222, -9.8312, -3.47927, -12.32072, 
-12.31305, -12.71493, -9.62828, -3.20686, -3.89588, -5.98483, 
-11.6336, -5.9056, 0, 0, 0, 0, 0, 0, 0, 0, 0, 0, 0, 0, 0, 0, 
0, 0, 0, 0, 0, 0, 0, 0, 0.82837, 0.87778, 0.85417, 0.85285, 0.86192, 
0.85222, 0.88071, 0.87156, 0.86896, 0.85762, 0.87351, 0.7873, 
0.83889, 0.81056, 0.80126, 0.82081, 0.79843, 0.88916, 0.84796, 
0.82912, 0.84491, 0.84542, 0.0206, 0.0216, 0.0212, 0.0218, 0.0197, 
0.0238, 0.0239, 0.0253, 0.0245, 0.0238, 0.0256, 45.2, 54.7, 45.1, 
35, 42.6, 54.6, 74.4, 66.3, 63.2, 48.8, 66.5, 31, 1348, 1, 156, 
213, 160, 50, 25, 46, 50, 294, 12, 4, 31, 6, 6, 43, 13, 18, 3, 
9, 2, 100, 100, 100, 100, 100, 100, 100, 100, 100, 100, 100, 
2500, 2500, 2500, 2500, 2500, 2500, 2500, 2500, 2500, 2500, 2500, 
7032.591, 7076.011, 7008.425, 6981.676, 7856.323, 8478.673, 6819.174, 
6892.77500000001, 6857.488, 6934.03699999998, 6894.25599999999, 
1, 1, 1, 1, 1, 1, 1, 1, 1, 1, 1, 0.05556, 0.05556, 0.05556, 0.05556, 
0.05556, 0.05556, 0.05556, 0.05556, 0.05556, 0.05556, 0.05556, 
0, 0, 0, 0, 0, 0, 0, 0, 0, 0, 0, 0, 0, 0, 0, 0, 0, 0, 0, 0, 0, 
0, 0.78492, 0.80556, 0.75583, 0.7751, 0.80556, 0.80071, 0.84097, 
0.81235, 0.8457, 0.82026, 0.82536, 0.7873, 0.82778, 0.78806, 
0.76399, 0.78556, 0.80182, 0.83328, 0.788, 0.82967, 0.83619, 
0.85304, 0.0219, 0.0213, 0.0225, 0.0221, 0.0243, 0.0216, 0.0251, 
0.0237, 0.0268, 0.0264, 0.0266, 49.8, 54.2, 57.9, 61.6, 64.9, 
67.9, 69.7, 74.7, 76, 78.3, 84, 1, 1, 1, 1, 1, 1, 1, 1, 1, 1, 
1, 1, 1, 1, 1, 1, 1, 1, 1, 1, 1, 1, 1, 1, 1, 1, 1, 1, 1, 1, 1, 
1, 1, 1, 1, 1, 1, 1, 1, 1, 1, 1, 1, 1, 2.897, 2.805, 2.824, 2.789, 
3.587, 2.611, 2.834, 2.661, 2.914, 2.85, 2.674), .Dim = c(11L, 
40L), .Dimnames = list(NULL, c("Sampling", "PSO.cost", "PSO.gamma", 
"PSO.data.balancing", "PSO.feature.selection", "PSO.valid.acc", 
"PSO.test.acc", "PSO.train.time", "PSO.n.support.vectors", "PSO.index", 
"PSO.n.solutions", "PSO.generations", "PSO.n.evaluations", "PSO.cpu.time", 
"RS.cost", "RS.gamma", "RS.data.balancing", "RS.feature.selection", 
"RS.valid.acc", "RS.test.acc", "RS.train.time", "RS.n.support.vectors", 
"RS.index", "RS.n.solutions", "RS.generations", "RS.n.evaluations", 
"RS.cpu.time", "DF.cost", "DF.gamma", "DF.data.balancing", "DF.feature.selection", 
"DF.valid.acc", "DF.test.acc", "DF.train.time", "DF.n.support.vectors", 
"DF.index", "DF.n.solutions", "DF.generations", "DF.n.evaluations", 
"DF.cpu.time")))
