full <-
structure(c(50, 55, 60, 65, 70, 75, 80, 85, 90, 95, 100, 6.91879, 
10.30275, 4.22999, 8.76983, 4.55702, 4.35589, 4.25051, 14.6521, 
11.09039, 5.60824, 4.96082, -8.55755, -14.89535, -5.87892, -10.5729, 
-6.1438, -6.17346, -5.7349, -5.94089, -4.49788, -9.49826, -4.22617, 
0, 0, 0, 0, 0, 0, 0, 0, 0, 0, 0, 0, 0, 0, 0, 0, 0, 0, 0, 0, 0, 
0, 0.87956, 0.86492, 0.92417, 0.89919, 0.89571, 0.90227, 0.88328, 
0.86545, 0.88385, 0.86612, 0.87821, 0.89385, 0.82702, 0.89056, 
0.87495, 0.86404, 0.88561, 0.89042, 0.84024, 0.82679, 0.84414, 
0.8372, 0.0184, 0.0185, 0.0194, 0.0194, 0.0227, 0.0218, 0.0227, 
0.0233, 0.0258, 0.0251, 0.0268, 33.6, 45, 41.6, 41.3, 45.9, 49.7, 
53.9, 53.7, 65.8, 65.5, 74, 8, 23, 623, 12, 472, 1482, 1258, 
16, 91, 111, 258, 207, 508, 102, 208, 135, 36, 38, 1251, 1419, 
288, 751, 100, 100, 100, 100, 100, 100, 100, 100, 100, 100, 100, 
2500, 2500, 2500, 2500, 2500, 2500, 2500, 2500, 2500, 2500, 2500, 
6521.317, 6507.016, 6664.541, 6729.955, 7134.54, 7149.39199999999, 
7136.74500000001, 7140.406, 7203.978, 7156.68299999999, 7202.09, 
7.11802, 8.29818, 11.53166, 11.88391, 4.54461, 10.66489, 4.44855, 
14.98535, 12.46366, 0.89596, 8.95013, -9.02347, -11.22129, -13.28345, 
-13.66908, -6.02972, -12.56953, -5.85129, -5.95259, -4.44779, 
-3.66489, -4.22623, 0, 0, 0, 0, 0, 0, 0, 0, 0, 0, 0, 0, 0, 0, 
0, 0, 0, 0, 0, 0, 0, 0, 0.87956, 0.86492, 0.91306, 0.89919, 0.89571, 
0.89242, 0.87495, 0.86545, 0.88385, 0.86612, 0.87821, 0.87956, 
0.85063, 0.87944, 0.87495, 0.86404, 0.89318, 0.88133, 0.84024, 
0.82679, 0.85176, 0.8372, 0.0192, 0.0182, 0.0188, 0.0216, 0.0217, 
0.0227, 0.0227, 0.0237, 0.0254, 0.0269, 0.0271, 34.2, 38.5, 36.6, 
41.1, 45.8, 45.1, 53.3, 53.5, 66.4, 83.1, 74, 176, 310, 189, 
410, 1861, 77, 1183, 220, 26, 458, 386, 7, 22, 14, 7, 2, 13, 
1, 34, 36, 18, 8, 100, 100, 100, 100, 100, 100, 100, 100, 100, 
100, 100, 2500, 2500, 2500, 2500, 2500, 2500, 2500, 2500, 2500, 
2500, 2500, 6684.331, 6529.301, 6643.494, 7055.89000000001, 7158.08899999999, 
7188.894, 7202.034, 7191.476, 7203.13799999999, 7235.95499999999, 
7257.511, 1, 1, 1, 1, 1, 1, 1, 1, 1, 1, 1, 0.05556, 0.05556, 
0.05556, 0.05556, 0.05556, 0.05556, 0.05556, 0.05556, 0.05556, 
0.05556, 0.05556, 0, 0, 0, 0, 0, 0, 0, 0, 0, 0, 0, 0, 0, 0, 0, 
0, 0, 0, 0, 0, 0, 0, 0.86885, 0.84091, 0.84611, 0.83879, 0.82773, 
0.83909, 0.81672, 0.832, 0.83244, 0.84636, 0.81708, 0.82679, 
0.8048, 0.835, 0.8499, 0.81662, 0.84985, 0.82646, 0.82605, 0.86449, 
0.85176, 0.83583, 0.0188, 0.0195, 0.0217, 0.0225, 0.0221, 0.0236, 
0.0237, 0.0247, 0.0253, 0.0267, 0.0274, 47.9, 52.5, 54.5, 59.2, 
62.9, 67.9, 68.2, 75.4, 78.1, 82.6, 85.5, 1, 1, 1, 1, 1, 1, 1, 
1, 1, 1, 1, 1, 1, 1, 1, 1, 1, 1, 1, 1, 1, 1, 1, 1, 1, 1, 1, 1, 
1, 1, 1, 1, 1, 1, 1, 1, 1, 1, 1, 1, 1, 1, 1, 1, 2.574, 2.571, 
2.79, 2.906, 2.8, 2.854, 2.852, 2.872, 2.851, 2.874, 2.905), .Dim = c(11L, 
40L), .Dimnames = list(NULL, c("Sampling", "PSO.cost", "PSO.gamma", 
"PSO.data.balancing", "PSO.feature.selection", "PSO.valid.acc", 
"PSO.test.acc", "PSO.train.time", "PSO.n.support.vectors", "PSO.index", 
"PSO.n.solutions", "PSO.generations", "PSO.n.evaluations", "PSO.cpu.time", 
"RS.cost", "RS.gamma", "RS.data.balancing", "RS.feature.selection", 
"RS.valid.acc", "RS.test.acc", "RS.train.time", "RS.n.support.vectors", 
"RS.index", "RS.n.solutions", "RS.generations", "RS.n.evaluations", 
"RS.cpu.time", "DF.cost", "DF.gamma", "DF.data.balancing", "DF.feature.selection", 
"DF.valid.acc", "DF.test.acc", "DF.train.time", "DF.n.support.vectors", 
"DF.index", "DF.n.solutions", "DF.generations", "DF.n.evaluations", 
"DF.cpu.time")))
