full <-
structure(c(50, 55, 60, 65, 70, 75, 80, 85, 90, 95, 100, 6.15996, 
4.13687, 4.63539, 6.88909, 7.17302, 1.27569, 9.91474, 4.66388, 
1.96912, 4.65421, 8.13595, -10.90076, -5.29084, -2.55306, -6.3705, 
-3.28674, -3.46561, -5.77559, -10.81858, -4.58225, -2.90672, 
-8.14617, 0, 0, 0, 0, 0, 0, 0, 0, 0, 0, 0, 0, 0, 0, 0, 0, 0, 
0, 0, 0, 0, 0, 0.79127, 0.8452, 0.83167, 0.86273, 0.87167, 0.8626, 
0.85688, 0.85501, 0.86227, 0.86359, 0.87131, 0.7621, 0.78413, 
0.79556, 0.83232, 0.84778, 0.85211, 0.81052, 0.82232, 0.79927, 
0.8574, 0.88518, 0.0218, 0.0204, 0.0229, 0.0213, 0.0235, 0.0227, 
0.0225, 0.023, 0.0238, 0.0271, 0.0234, 44.2, 45.2, 66.7, 42.5, 
67.3, 68.9, 50.4, 71.5, 65, 90.2, 52.4, 48, 24, 49, 50, 178, 
521, 188, 1278, 955, 85, 1068, 203, 1355, 1321, 193, 1368, 185, 
680, 2, 105, 1215, 18, 100, 100, 100, 100, 100, 100, 100, 100, 
100, 100, 100, 2500, 2500, 2500, 2500, 2500, 2500, 2500, 2500, 
2500, 2500, 2500, 7740.099, 7679.564, 7529.228, 7451.51, 7343.07900000001, 
7180.62299999999, 7223.579, 7242.723, 7393.59300000001, 7388.33600000001, 
7299.55100000001, 7.57557, 11.96654, 6.73802, 1.55151, 5.22003, 
1.29317, 9.3994, 12.71254, 2.07083, 7.16076, 11.11079, -12.55073, 
-4.72894, -2.37732, -2.72559, -3.22223, -3.35062, -5.81435, -13.66944, 
-4.90553, -2.91304, -2.94527, 0, 0, 0, 0, 0, 0, 0, 0, 0, 0, 0, 
0, 0, 0, 0, 0, 0, 0, 0, 0, 0, 0, 0.79127, 0.8452, 0.83167, 0.88384, 
0.87167, 0.8626, 0.85688, 0.84679, 0.85513, 0.86359, 0.8669, 
0.80556, 0.80841, 0.79556, 0.83232, 0.84778, 0.85211, 0.81052, 
0.83706, 0.81465, 0.8574, 0.85893, 0.0199, 0.0204, 0.0226, 0.0225, 
0.0231, 0.0239, 0.0234, 0.0237, 0.0241, 0.0281, 0.0285, 45.7, 
48.4, 67.6, 70.6, 67.9, 69.8, 50.2, 48.4, 63.1, 90.1, 96.8, 224, 
21, 80, 905, 20, 1242, 142, 14, 1755, 51, 132, 17, 85, 35, 1, 
13, 1, 20, 6, 1, 16, 12, 100, 100, 100, 100, 100, 100, 100, 100, 
100, 100, 100, 2500, 2500, 2500, 2500, 2500, 2500, 2500, 2500, 
2500, 2500, 2500, 7728.768, 7601.523, 7470.089, 7288.604, 7451.49400000001, 
7197.04800000001, 7289.213, 7227.291, 7383.31000000001, 7331.641, 
7336.99900000001, 1, 1, 1, 1, 1, 1, 1, 1, 1, 1, 1, 0.05556, 0.05556, 
0.05556, 0.05556, 0.05556, 0.05556, 0.05556, 0.05556, 0.05556, 
0.05556, 0.05556, 0, 0, 0, 0, 0, 0, 0, 0, 0, 0, 0, 0, 0, 0, 0, 
0, 0, 0, 0, 0, 0, 0, 0.78948, 0.82381, 0.80917, 0.79606, 0.82091, 
0.81623, 0.81024, 0.82232, 0.82958, 0.80645, 0.84554, 0.79127, 
0.77163, 0.80917, 0.80808, 0.82924, 0.82532, 0.81294, 0.82232, 
0.82189, 0.83407, 0.8522, 0.0231, 0.0211, 0.022, 0.0215, 0.0218, 
0.0221, 0.0239, 0.0237, 0.0252, 0.0253, 0.0247, 52.6, 56.7, 59.4, 
61.7, 62.4, 65.9, 69, 73, 76.5, 81.2, 85.6, 1, 1, 1, 1, 1, 1, 
1, 1, 1, 1, 1, 1, 1, 1, 1, 1, 1, 1, 1, 1, 1, 1, 1, 1, 1, 1, 1, 
1, 1, 1, 1, 1, 1, 1, 1, 1, 1, 1, 1, 1, 1, 1, 1, 1, 3.206, 3.076, 
3.028, 2.826, 3.075, 2.91, 2.94, 2.866, 2.92, 2.778, 2.632), .Dim = c(11L, 
40L), .Dimnames = list(NULL, c("Sampling", "PSO.cost", "PSO.gamma", 
"PSO.data.balancing", "PSO.feature.selection", "PSO.valid.acc", 
"PSO.test.acc", "PSO.train.time", "PSO.n.support.vectors", "PSO.index", 
"PSO.n.solutions", "PSO.generations", "PSO.n.evaluations", "PSO.cpu.time", 
"RS.cost", "RS.gamma", "RS.data.balancing", "RS.feature.selection", 
"RS.valid.acc", "RS.test.acc", "RS.train.time", "RS.n.support.vectors", 
"RS.index", "RS.n.solutions", "RS.generations", "RS.n.evaluations", 
"RS.cpu.time", "DF.cost", "DF.gamma", "DF.data.balancing", "DF.feature.selection", 
"DF.valid.acc", "DF.test.acc", "DF.train.time", "DF.n.support.vectors", 
"DF.index", "DF.n.solutions", "DF.generations", "DF.n.evaluations", 
"DF.cpu.time")))
