full <-
structure(c(50, 55, 60, 65, 70, 75, 80, 85, 90, 95, 100, 5.36127, 
5.32873, 11.47674, 15, 13.90533, 10.96231, 8.5406, 1.31588, 4.22228, 
9.99041, 5.40403, -6.13356, -8.26957, -15, -14.08078, -11.0023, 
-6.63049, -9.67812, -4.10493, -6.22401, -9.99979, -8.09051, 0, 
0, 0, 0, 0, 0, 0, 0, 0, 0, 0, 0, 0, 0, 0, 0, 0, 0, 0, 0, 0, 0, 
0.85913, 0.84782, 0.8275, 0.82427, 0.82303, 0.83742, 0.85506, 
0.8205, 0.84093, 0.89256, 0.88327, 0.775, 0.81143, 0.815, 0.78955, 
0.81283, 0.78091, 0.81009, 0.78781, 0.82555, 0.86995, 0.86352, 
0.0199, 0.0202, 0.0205, 0.022, 0.0246, 0.023, 0.0226, 0.0283, 
0.0249, 0.0246, 0.0259, 34.1, 40.1, 43.4, 38.6, 39.7, 43.4, 47.9, 
70.2, 55.7, 48.5, 61.5, 1354, 214, 88, 99, 20, 210, 155, 67, 
1971, 75, 438, 107, 127, 192, 733, 1307, 601, 157, 264, 1, 90, 
53, 100, 100, 100, 100, 100, 100, 100, 100, 100, 100, 100, 2500, 
2500, 2500, 2500, 2500, 2500, 2500, 2500, 2500, 2500, 2500, 7005.318, 
7066.781, 7267.313, 7398.631, 7385.384, 7348.95999999999, 7188.28999999999, 
8076.69900000001, 7175.20599999999, 7065.27100000001, 7103.79199999999, 
6.02167, 1.70763, 10.33319, 14.61457, 14.4153, 13.75809, 9.92631, 
1.80871, 3.89937, 9.86432, 5.25509, -6.46369, -3.5725, -13.83039, 
-13.39054, -10.66118, -6.64081, -11.02333, -4.54627, -5.86488, 
-9.79371, -8.09316, 0, 0, 0, 0, 0, 0, 0, 0, 0, 0, 0, 0, 0, 0, 
0, 0, 0, 0, 0, 0, 0, 0, 0.85913, 0.84821, 0.8275, 0.82427, 0.82303, 
0.83742, 0.85506, 0.8205, 0.84093, 0.89256, 0.88327, 0.81468, 
0.81071, 0.815, 0.78955, 0.81283, 0.78091, 0.81009, 0.78781, 
0.82555, 0.86995, 0.86977, 0.0199, 0.0219, 0.0215, 0.0225, 0.0238, 
0.0224, 0.023, 0.0253, 0.0255, 0.0252, 0.0262, 33.7, 53, 43.2, 
38, 39.7, 43.4, 47.4, 65.2, 56.6, 48.3, 61.3, 488, 233, 25, 111, 
72, 51, 151, 1596, 563, 1420, 83, 2, 1, 15, 23, 54, 3, 11, 2, 
2, 2, 3, 100, 100, 100, 100, 100, 100, 100, 100, 100, 100, 100, 
2500, 2500, 2500, 2500, 2500, 2500, 2500, 2500, 2500, 2500, 2500, 
7035.897, 7172.613, 7400.862, 7393.208, 7389.68900000001, 7328.823, 
8939.503, 7089.78999999999, 7056.31300000001, 7172.43800000002, 
7163.79800000001, 1, 1, 1, 1, 1, 1, 1, 1, 1, 1, 1, 0.05556, 0.05556, 
0.05556, 0.05556, 0.05556, 0.05556, 0.05556, 0.05556, 0.05556, 
0.05556, 0.05556, 0, 0, 0, 0, 0, 0, 0, 0, 0, 0, 0, 0, 0, 0, 0, 
0, 0, 0, 0, 0, 0, 0, 0.80278, 0.80893, 0.74694, 0.78136, 0.77485, 
0.815, 0.76524, 0.78845, 0.80952, 0.80614, 0.8359, 0.81944, 0.82321, 
0.75806, 0.78795, 0.80687, 0.79758, 0.79509, 0.80448, 0.80348, 
0.82749, 0.82755, 0.0206, 0.0217, 0.0229, 0.0232, 0.0231, 0.0242, 
0.0275, 0.0237, 0.0266, 0.0254, 0.0282, 48.3, 52.8, 56.4, 60.7, 
64.6, 69.6, 72.7, 75.5, 78.4, 80.7, 85.4, 1, 1, 1, 1, 1, 1, 1, 
1, 1, 1, 1, 1, 1, 1, 1, 1, 1, 1, 1, 1, 1, 1, 1, 1, 1, 1, 1, 1, 
1, 1, 1, 1, 1, 1, 1, 1, 1, 1, 1, 1, 1, 1, 1, 1, 2.834, 2.949, 
2.933, 3.002, 2.859, 3.004, 3.831, 2.685, 2.969, 2.775, 2.932
), .Dim = c(11L, 40L), .Dimnames = list(NULL, c("Sampling", "PSO.cost", 
"PSO.gamma", "PSO.data.balancing", "PSO.feature.selection", "PSO.valid.acc", 
"PSO.test.acc", "PSO.train.time", "PSO.n.support.vectors", "PSO.index", 
"PSO.n.solutions", "PSO.generations", "PSO.n.evaluations", "PSO.cpu.time", 
"RS.cost", "RS.gamma", "RS.data.balancing", "RS.feature.selection", 
"RS.valid.acc", "RS.test.acc", "RS.train.time", "RS.n.support.vectors", 
"RS.index", "RS.n.solutions", "RS.generations", "RS.n.evaluations", 
"RS.cpu.time", "DF.cost", "DF.gamma", "DF.data.balancing", "DF.feature.selection", 
"DF.valid.acc", "DF.test.acc", "DF.train.time", "DF.n.support.vectors", 
"DF.index", "DF.n.solutions", "DF.generations", "DF.n.evaluations", 
"DF.cpu.time")))
