full <-
structure(c(50, 55, 60, 65, 70, 75, 80, 85, 90, 95, 100, 2.22098, 
10.20372, 14.88375, 0.71017, 10.18265, 1.17301, 15, 5.50192, 
3.30381, 11.56776, 14.7239, -3.29317, -2.61955, -6.22818, -2.03869, 
-4.65304, -2.59917, -4.74799, -6.85253, -4.85085, -4.79399, -6.02309, 
0, 0, 0, 0, 0, 0, 0, 0, 0, 0, 0, 0, 0, 0, 0, 0, 0, 0, 0, 0, 0, 
0, 0.87302, 0.86488, 0.86611, 0.86626, 0.87394, 0.88045, 0.88351, 
0.88679, 0.89267, 0.88526, 0.87143, 0.83333, 0.84306, 0.86222, 
0.82404, 0.85485, 0.85136, 0.87302, 0.8527, 0.89973, 0.87701, 
0.87143, 0.0211, 0.0222, 0.0205, 0.0229, 0.0202, 0.0239, 0.0236, 
0.0229, 0.027, 0.025, 0.024, 52.2, 59.4, 40.7, 73.8, 51.5, 77.8, 
58.7, 52.6, 65.4, 65.4, 55.8, 182, 38, 5, 1648, 73, 342, 33, 
1342, 934, 37, 222, 299, 1049, 1118, 174, 1339, 536, 1155, 4, 
25, 803, 1020, 100, 100, 100, 100, 100, 100, 100, 100, 100, 100, 
100, 2500, 2500, 2500, 2500, 2500, 2500, 2500, 2500, 2500, 2500, 
2500, 7751.577, 7288.415, 7175.807, 7236.494, 7317.29000000001, 
7326.455, 7346.80900000001, 7236.71699999999, 7291.518, 7282.245, 
7187.33499999999, 1.96483, 10.42705, 13.85014, 0.8558, 12.97688, 
0.80835, 11.56996, 4.60715, 3.44405, 9.64781, 11.51116, -3.24907, 
-2.64645, -13.14551, -2.13596, -4.96052, -2.34729, -4.77082, 
-6.0342, -4.9731, -4.68028, -6.03201, 0, 0, 0, 0, 0, 0, 0, 0, 
0, 0, 0, 0, 0, 0, 0, 0, 0, 0, 0, 0, 0, 0, 0.87302, 0.86488, 0.8675, 
0.85626, 0.87394, 0.88045, 0.88351, 0.8791, 0.89267, 0.88526, 
0.87143, 0.82222, 0.84306, 0.87333, 0.82404, 0.85485, 0.86136, 
0.87302, 0.8527, 0.89973, 0.87701, 0.87143, 0.0205, 0.0214, 0.0202, 
0.0228, 0.0219, 0.025, 0.0228, 0.0245, 0.0238, 0.0253, 0.0244, 
52.3, 59.3, 35, 73.5, 48.9, 79.8, 58.7, 55, 64.3, 66.7, 55.8, 
103, 170, 2070, 263, 2, 1882, 216, 228, 1488, 105, 249, 3, 10, 
1, 4, 51, 2, 31, 18, 1, 7, 10, 100, 100, 100, 100, 100, 100, 
100, 100, 100, 100, 100, 2500, 2500, 2500, 2500, 2500, 2500, 
2500, 2500, 2500, 2500, 2500, 7629.794, 7344.065, 7319.979, 7270.988, 
7525.746, 7294.87000000001, 7205.98, 7416.18500000001, 7297.383, 
7315.97900000002, 7008.88399999999, 1, 1, 1, 1, 1, 1, 1, 1, 1, 
1, 1, 0.05556, 0.05556, 0.05556, 0.05556, 0.05556, 0.05556, 0.05556, 
0.05556, 0.05556, 0.05556, 0.05556, 0, 0, 0, 0, 0, 0, 0, 0, 0, 
0, 0, 0, 0, 0, 0, 0, 0, 0, 0, 0, 0, 0, 0.81905, 0.83016, 0.8175, 
0.82293, 0.84303, 0.8247, 0.80536, 0.81295, 0.8457, 0.87035, 
0.84429, 0.81905, 0.83016, 0.8175, 0.82404, 0.83505, 0.81561, 
0.81305, 0.80462, 0.83022, 0.84773, 0.83095, 0.0205, 0.0209, 
0.0195, 0.0213, 0.0217, 0.0234, 0.0238, 0.026, 0.0249, 0.0261, 
0.0265, 50.2, 54.8, 59.4, 61.3, 62.8, 67, 71.3, 78.4, 80.5, 81.5, 
85.3, 1, 1, 1, 1, 1, 1, 1, 1, 1, 1, 1, 1, 1, 1, 1, 1, 1, 1, 1, 
1, 1, 1, 1, 1, 1, 1, 1, 1, 1, 1, 1, 1, 1, 1, 1, 1, 1, 1, 1, 1, 
1, 1, 1, 1, 2.958, 2.98, 2.951, 2.822, 2.971, 2.947, 2.915, 2.962, 
2.889, 2.991, 2.756), .Dim = c(11L, 40L), .Dimnames = list(NULL, 
    c("Sampling", "PSO.cost", "PSO.gamma", "PSO.data.balancing", 
    "PSO.feature.selection", "PSO.valid.acc", "PSO.test.acc", 
    "PSO.train.time", "PSO.n.support.vectors", "PSO.index", "PSO.n.solutions", 
    "PSO.generations", "PSO.n.evaluations", "PSO.cpu.time", "RS.cost", 
    "RS.gamma", "RS.data.balancing", "RS.feature.selection", 
    "RS.valid.acc", "RS.test.acc", "RS.train.time", "RS.n.support.vectors", 
    "RS.index", "RS.n.solutions", "RS.generations", "RS.n.evaluations", 
    "RS.cpu.time", "DF.cost", "DF.gamma", "DF.data.balancing", 
    "DF.feature.selection", "DF.valid.acc", "DF.test.acc", "DF.train.time", 
    "DF.n.support.vectors", "DF.index", "DF.n.solutions", "DF.generations", 
    "DF.n.evaluations", "DF.cpu.time")))
