full <-
structure(c(50, 55, 60, 65, 70, 75, 80, 85, 90, 95, 100, 10.50098, 
10.34657, 15, 4.2512, 6.30145, 7.39739, 10.79517, 7.25931, 7.79922, 
4.52818, 2.83278, -15, -10.99959, -14.93628, -5.55476, -5.70157, 
-7.732, -9.20478, -6.95375, -9.79924, -5.7722, -6.62385, 0, 0, 
0, 0, 0, 0, 0, 0, 0, 0, 0, 0, 0, 0, 0, 0, 0, 0, 0, 0, 0, 0, 0.84167, 
0.84563, 0.8775, 0.86606, 0.83813, 0.84283, 0.86288, 0.85395, 
0.87147, 0.87614, 0.8719, 0.84167, 0.78413, 0.85349, 0.83182, 
0.78106, 0.79444, 0.81288, 0.82884, 0.87201, 0.86082, 0.8381, 
0.0215, 0.0202, 0.0215, 0.0208, 0.0223, 0.0218, 0.0226, 0.0231, 
0.0219, 0.025, 0.0258, 42.6, 33.3, 38.6, 46.9, 47.4, 45.2, 41.1, 
50.1, 53.5, 59.5, 68.3, 54, 92, 101, 358, 33, 52, 95, 504, 18, 
1094, 1431, 155, 237, 594, 71, 1416, 199, 140, 114, 538, 39, 
63, 100, 100, 100, 100, 100, 100, 100, 100, 100, 100, 100, 2500, 
2500, 2500, 2500, 2500, 2500, 2500, 2500, 2500, 2500, 2500, 7914.709, 
7399.281, 7261.242, 7270.054, 7313.202, 7388.217, 7292.43700000001, 
7187.34600000001, 7033.43799999999, 7336.383, 7177.58600000001, 
8.35028, 9.53797, 8.30391, 4.76903, 2.1217, 6.59394, 10.12401, 
7.40256, 8.48931, 5.45483, 2.23826, -12.94136, -10.09123, -8.06626, 
-5.98515, -3.4398, -6.9789, -9.259, -7.07157, -10.5112, -6.85395, 
-6.1831, 0, 0, 0, 0, 0, 0, 0, 0, 0, 0, 0, 0, 0, 0, 0, 0, 0, 0, 
0, 0, 0, 0, 0.84167, 0.84563, 0.8775, 0.86606, 0.84258, 0.84283, 
0.86288, 0.85395, 0.87147, 0.87559, 0.86524, 0.84167, 0.78413, 
0.82988, 0.83384, 0.81035, 0.8052, 0.80455, 0.83717, 0.87201, 
0.84582, 0.84476, 0.0191, 0.0203, 0.0196, 0.0212, 0.022, 0.0225, 
0.0243, 0.023, 0.0228, 0.0234, 0.0256, 43.1, 33.3, 40.2, 45.9, 
67.1, 46.5, 41.8, 49.8, 53.2, 56.3, 69.6, 22, 57, 324, 1321, 
61, 580, 20, 1205, 39, 2105, 783, 28, 27, 4, 1, 1, 4, 6, 1, 40, 
1, 1, 100, 100, 100, 100, 100, 100, 100, 100, 100, 100, 100, 
2500, 2500, 2500, 2500, 2500, 2500, 2500, 2500, 2500, 2500, 2500, 
7797.193, 7253.127, 7216.066, 7179.409, 7493.45299999999, 7230.58899999999, 
7276.83, 7288.97, 7195.088, 7218.65700000001, 7189.54500000001, 
1, 1, 1, 1, 1, 1, 1, 1, 1, 1, 1, 0.05556, 0.05556, 0.05556, 0.05556, 
0.05556, 0.05556, 0.05556, 0.05556, 0.05556, 0.05556, 0.05556, 
0, 0, 0, 0, 0, 0, 0, 0, 0, 0, 0, 0, 0, 0, 0, 0, 0, 0, 0, 0, 0, 
0, 0.81488, 0.77758, 0.78861, 0.76919, 0.79495, 0.77146, 0.76894, 
0.79605, 0.81363, 0.81875, 0.83762, 0.8006, 0.79008, 0.76639, 
0.73697, 0.78495, 0.77813, 0.78636, 0.79745, 0.81299, 0.80614, 
0.84476, 0.0209, 0.0209, 0.0211, 0.0221, 0.0221, 0.0228, 0.0239, 
0.0244, 0.0239, 0.0255, 0.0262, 50.7, 53.4, 59.6, 61.8, 64.7, 
67.5, 71.1, 77.1, 79, 82.2, 85.9, 1, 1, 1, 1, 1, 1, 1, 1, 1, 
1, 1, 1, 1, 1, 1, 1, 1, 1, 1, 1, 1, 1, 1, 1, 1, 1, 1, 1, 1, 1, 
1, 1, 1, 1, 1, 1, 1, 1, 1, 1, 1, 1, 1, 1, 3.034, 2.924, 2.952, 
2.9, 3.045, 2.877, 2.852, 2.907, 2.812, 2.918, 2.736), .Dim = c(11L, 
40L), .Dimnames = list(NULL, c("Sampling", "PSO.cost", "PSO.gamma", 
"PSO.data.balancing", "PSO.feature.selection", "PSO.valid.acc", 
"PSO.test.acc", "PSO.train.time", "PSO.n.support.vectors", "PSO.index", 
"PSO.n.solutions", "PSO.generations", "PSO.n.evaluations", "PSO.cpu.time", 
"RS.cost", "RS.gamma", "RS.data.balancing", "RS.feature.selection", 
"RS.valid.acc", "RS.test.acc", "RS.train.time", "RS.n.support.vectors", 
"RS.index", "RS.n.solutions", "RS.generations", "RS.n.evaluations", 
"RS.cpu.time", "DF.cost", "DF.gamma", "DF.data.balancing", "DF.feature.selection", 
"DF.valid.acc", "DF.test.acc", "DF.train.time", "DF.n.support.vectors", 
"DF.index", "DF.n.solutions", "DF.generations", "DF.n.evaluations", 
"DF.cpu.time")))
