full <-
structure(c(50, 55, 60, 65, 70, 75, 80, 85, 90, 95, 100, 10.6575, 
3.24639, 5.35352, 6.02547, 7.94881, 2.63948, 7.69554, 11.34683, 
8.43984, 4.53122, 12.12196, -12.54981, -4.39197, -8.30329, -7.99211, 
-10.5952, -5.10867, -8.95738, -13.24506, -10.52579, -5.80781, 
-14.30501, 0, 0, 0, 0, 0, 0, 0, 0, 0, 0, 0, 0, 0, 0, 0, 0, 0, 
0, 0, 0, 0, 0, 0.85119, 0.89028, 0.87528, 0.85737, 0.91434, 0.89894, 
0.8803, 0.88001, 0.88425, 0.86923, 0.85574, 0.8494, 0.85417, 
0.86278, 0.87737, 0.89414, 0.87242, 0.88106, 0.8877, 0.86822, 
0.83432, 0.84193, 0.0213, 0.0209, 0.0213, 0.0213, 0.0213, 0.0222, 
0.0226, 0.0222, 0.0231, 0.0229, 0.0241, 34.4, 45.7, 43.1, 39.8, 
44.7, 54.9, 45.3, 47.9, 54, 59.5, 57.3, 23, 250, 261, 83, 345, 
551, 253, 89, 226, 1756, 163, 373, 189, 32, 184, 122, 207, 198, 
176, 116, 36, 94, 100, 100, 100, 100, 100, 100, 100, 100, 100, 
100, 100, 2500, 2500, 2500, 2500, 2500, 2500, 2500, 2500, 2500, 
2500, 2500, 7715.089, 7497.064, 7579.222, 7399.222, 7377.52699999999, 
7192.905, 7305.689, 7166.648, 7324.37, 7293.98999999999, 7165.88199999998, 
11.09262, 2.98983, 6.59411, 6.2344, 8.52512, 2.4609, 6.93466, 
10.81142, 6.39668, 4.29532, 8.82449, -13.03675, -4.04873, -7.7171, 
-8.24902, -11.16728, -4.46852, -8.11045, -12.70652, -8.32594, 
-5.61699, -10.84595, 0, 0, 0, 0, 0, 0, 0, 0, 0, 0, 0, 0, 0, 0, 
0, 0, 0, 0, 0, 0, 0, 0, 0.85119, 0.89028, 0.86778, 0.85737, 0.91434, 
0.88985, 0.8803, 0.88001, 0.88425, 0.86923, 0.85574, 0.8494, 
0.84167, 0.86528, 0.87737, 0.89414, 0.88152, 0.88106, 0.8877, 
0.86108, 0.84201, 0.84907, 0.0194, 0.0205, 0.0207, 0.0222, 0.0211, 
0.0216, 0.0226, 0.0226, 0.0229, 0.0249, 0.0246, 34.3, 47.8, 38.4, 
40, 44.7, 56.8, 46, 47.9, 54, 60.3, 56.8, 83, 340, 37, 251, 140, 
66, 356, 64, 151, 1949, 152, 41, 5, 23, 16, 5, 15, 4, 25, 8, 
1, 20, 100, 100, 100, 100, 100, 100, 100, 100, 100, 100, 100, 
2500, 2500, 2500, 2500, 2500, 2500, 2500, 2500, 2500, 2500, 2500, 
7771.455, 7576.709, 7536.00900000001, 7402.912, 7334.80900000001, 
7105.77, 7377.75, 7247.74399999999, 7421.476, 7366.96800000002, 
7403.98299999998, 1, 1, 1, 1, 1, 1, 1, 1, 1, 1, 1, 0.05556, 0.05556, 
0.05556, 0.05556, 0.05556, 0.05556, 0.05556, 0.05556, 0.05556, 
0.05556, 0.05556, 0, 0, 0, 0, 0, 0, 0, 0, 0, 0, 0, 0, 0, 0, 0, 
0, 0, 0, 0, 0, 0, 0, 0.75833, 0.7631, 0.77417, 0.78182, 0.8096, 
0.82773, 0.84621, 0.81451, 0.79982, 0.83115, 0.83657, 0.78512, 
0.7756, 0.78417, 0.80293, 0.80848, 0.80788, 0.84621, 0.81451, 
0.81529, 0.81687, 0.8445, 0.0203, 0.0206, 0.0214, 0.0211, 0.0238, 
0.0237, 0.0232, 0.0235, 0.0255, 0.0256, 0.0266, 46.4, 51.2, 53.7, 
58.1, 61.6, 66.1, 68.7, 73.6, 78.2, 81.2, 86.1, 1, 1, 1, 1, 1, 
1, 1, 1, 1, 1, 1, 1, 1, 1, 1, 1, 1, 1, 1, 1, 1, 1, 1, 1, 1, 1, 
1, 1, 1, 1, 1, 1, 1, 1, 1, 1, 1, 1, 1, 1, 1, 1, 1, 1, 3.132, 
3.087, 3.028, 2.935, 2.983, 2.97, 2.998, 2.897, 3.017, 2.952, 
2.828), .Dim = c(11L, 40L), .Dimnames = list(NULL, c("Sampling", 
"PSO.cost", "PSO.gamma", "PSO.data.balancing", "PSO.feature.selection", 
"PSO.valid.acc", "PSO.test.acc", "PSO.train.time", "PSO.n.support.vectors", 
"PSO.index", "PSO.n.solutions", "PSO.generations", "PSO.n.evaluations", 
"PSO.cpu.time", "RS.cost", "RS.gamma", "RS.data.balancing", "RS.feature.selection", 
"RS.valid.acc", "RS.test.acc", "RS.train.time", "RS.n.support.vectors", 
"RS.index", "RS.n.solutions", "RS.generations", "RS.n.evaluations", 
"RS.cpu.time", "DF.cost", "DF.gamma", "DF.data.balancing", "DF.feature.selection", 
"DF.valid.acc", "DF.test.acc", "DF.train.time", "DF.n.support.vectors", 
"DF.index", "DF.n.solutions", "DF.generations", "DF.n.evaluations", 
"DF.cpu.time")))
