full <-
structure(c(50, 55, 60, 65, 70, 75, 80, 85, 90, 95, 100, 3.17774, 
7.9726, 7.74485, 3.81204, 2.67837, 7.94668, 11.72649, 10.60879, 
15, 9.89398, 4.19443, -4.28805, -10.32449, -9.55684, -5.90624, 
-5.57342, -12.75171, -4.53732, -12.36912, -7.84125, -4.24257, 
-5.43335, 0, 0, 0, 0, 0, 0, 0, 0, 0, 0, 0, 0, 0, 0, 0, 0, 0, 
0, 0, 0, 0, 0, 0.79563, 0.84321, 0.84389, 0.84114, 0.86753, 0.83355, 
0.84394, 0.85414, 0.87615, 0.87176, 0.89113, 0.75278, 0.79964, 
0.79556, 0.83023, 0.82732, 0.81355, 0.82803, 0.8208, 0.81927, 
0.90057, 0.87685, 0.0217, 0.0212, 0.0209, 0.0219, 0.0227, 0.0236, 
0.024, 0.0239, 0.0247, 0.0257, 0.0262, 47.1, 42, 42.2, 49.7, 
54.1, 59.2, 59.8, 48.5, 45.6, 68.7, 62.3, 995, 147, 42, 205, 
365, 264, 28, 147, 37, 16, 1425, 32, 149, 149, 454, 128, 84, 
1447, 169, 1393, 1332, 16, 100, 100, 100, 100, 100, 100, 100, 
100, 100, 100, 100, 2500, 2500, 2500, 2500, 2500, 2500, 2500, 
2500, 2500, 2500, 2500, 7684.489, 7516.392, 7419.898, 7518.664, 
7640.50200000001, 7571.249, 7571.933, 7494.932, 7495.76299999999, 
7493.30900000001, 7568.92499999999, 3.06319, 8.47245, 7.65109, 
3.8099, 2.77155, 5.24486, 4.77103, 7.62065, 12.88027, 11.12783, 
4.15558, -4.25639, -10.76987, -9.47195, -5.88516, -5.64216, -10.04361, 
-4.84594, -9.31993, -7.81609, -10.39827, -5.47997, 0, 0, 0, 0, 
0, 0, 0, 0, 0, 0, 0, 0, 0, 0, 0, 0, 0, 0, 0, 0, 0, 0, 0.79563, 
0.84321, 0.84389, 0.84114, 0.86753, 0.83355, 0.84394, 0.85414, 
0.87615, 0.88009, 0.88446, 0.75278, 0.81214, 0.79556, 0.83023, 
0.82732, 0.81355, 0.8197, 0.8208, 0.8276, 0.87859, 0.87685, 0.0216, 
0.0215, 0.0212, 0.0227, 0.0229, 0.0231, 0.0234, 0.0229, 0.0241, 
0.0237, 0.0258, 47.4, 41.8, 42.2, 49.6, 53.9, 59.8, 57.4, 48.5, 
45.6, 44.7, 62.5, 1933, 100, 108, 276, 325, 267, 47, 663, 65, 
1475, 266, 1, 13, 18, 7, 1, 9, 38, 8, 24, 1, 2, 100, 100, 100, 
100, 100, 100, 100, 100, 100, 100, 100, 2500, 2500, 2500, 2500, 
2500, 2500, 2500, 2500, 2500, 2500, 2500, 7674.922, 7476.776, 
7406.063, 7634.268, 7616.652, 7580.05899999999, 7561.14, 7569.501, 
7555.359, 7594.163, 7483.97199999998, 1, 1, 1, 1, 1, 1, 1, 1, 
1, 1, 1, 0.05556, 0.05556, 0.05556, 0.05556, 0.05556, 0.05556, 
0.05556, 0.05556, 0.05556, 0.05556, 0.05556, 0, 0, 0, 0, 0, 0, 
0, 0, 0, 0, 0, 0, 0, 0, 0, 0, 0, 0, 0, 0, 0, 0, 0.76746, 0.77071, 
0.81028, 0.80295, 0.8099, 0.79844, 0.80152, 0.79709, 0.82436, 
0.82606, 0.84387, 0.76885, 0.78071, 0.76167, 0.79205, 0.8099, 
0.77935, 0.80303, 0.79003, 0.82388, 0.8393, 0.84339, 0.0209, 
0.0214, 0.0217, 0.0233, 0.0235, 0.0242, 0.025, 0.0254, 0.026, 
0.0265, 0.0282, 52.6, 56.7, 58.8, 63.6, 67.4, 69.9, 71.8, 74.1, 
78.5, 80.4, 87, 1, 1, 1, 1, 1, 1, 1, 1, 1, 1, 1, 1, 1, 1, 1, 
1, 1, 1, 1, 1, 1, 1, 1, 1, 1, 1, 1, 1, 1, 1, 1, 1, 1, 1, 1, 1, 
1, 1, 1, 1, 1, 1, 1, 1, 3.003, 2.939, 2.931, 3.044, 3.043, 3.118, 
3.032, 2.997, 2.935, 3.052, 3.011), .Dim = c(11L, 40L), .Dimnames = list(
    NULL, c("Sampling", "PSO.cost", "PSO.gamma", "PSO.data.balancing", 
    "PSO.feature.selection", "PSO.valid.acc", "PSO.test.acc", 
    "PSO.train.time", "PSO.n.support.vectors", "PSO.index", "PSO.n.solutions", 
    "PSO.generations", "PSO.n.evaluations", "PSO.cpu.time", "RS.cost", 
    "RS.gamma", "RS.data.balancing", "RS.feature.selection", 
    "RS.valid.acc", "RS.test.acc", "RS.train.time", "RS.n.support.vectors", 
    "RS.index", "RS.n.solutions", "RS.generations", "RS.n.evaluations", 
    "RS.cpu.time", "DF.cost", "DF.gamma", "DF.data.balancing", 
    "DF.feature.selection", "DF.valid.acc", "DF.test.acc", "DF.train.time", 
    "DF.n.support.vectors", "DF.index", "DF.n.solutions", "DF.generations", 
    "DF.n.evaluations", "DF.cpu.time")))
