full <-
structure(c(50, 55, 60, 65, 70, 75, 80, 85, 90, 95, 100, 1.53284, 
12.07135, 1.12708, 2.90172, 7.28883, 3.00888, 0.86132, 0.82017, 
12.79266, 3.54843, 15, -4.89885, -15, -4.86785, -6.40997, -10.59263, 
-4.61841, -3.32558, -4.01931, -3.46675, -5.2791, -14.43448, 0, 
0, 0, 0, 0, 0, 0, 0, 0, 0, 0, 0, 0, 0, 0, 0, 0, 0, 0, 0, 0, 0, 
0.89504, 0.85694, 0.86288, 0.88639, 0.89843, 0.89197, 0.8643, 
0.85321, 0.87015, 0.86971, 0.87351, 0.88393, 0.83472, 0.83157, 
0.83528, 0.84803, 0.85364, 0.86366, 0.82115, 0.84643, 0.85432, 
0.84589, 0.0207, 0.0195, 0.0228, 0.0207, 0.0218, 0.025, 0.0247, 
0.0245, 0.0268, 0.0236, 0.0245, 47.1, 41.1, 56.3, 52.7, 49.4, 
58.7, 77.2, 74, 79.2, 63.1, 47.8, 1595, 292, 326, 260, 33, 764, 
929, 686, 22, 33, 51, 5, 50, 264, 183, 158, 65, 230, 209, 975, 
470, 623, 100, 100, 100, 100, 100, 100, 100, 100, 100, 100, 100, 
2500, 2500, 2500, 2500, 2500, 2500, 2500, 2500, 2500, 2500, 2500, 
7356.92, 7205.437, 7366.932, 7322.86, 7229.579, 7387.72899999999, 
7245.28200000001, 7265.265, 7240.204, 7199.5, 7336.101, 1.08426, 
14.7962, 2.50622, 4.16201, 3.9549, 3.40129, 0.67398, 1.11284, 
7.25585, 3.55117, 4.76868, -4.36662, -14.53043, -3.12414, -7.37256, 
-7.05591, -5.03648, -3.04512, -4.27735, -4.5302, -5.23881, -3.50127, 
0, 0, 0, 0, 0, 0, 0, 0, 0, 0, 0, 0, 0, 0, 0, 0, 0, 0, 0, 0, 0, 
0, 0.88393, 0.85476, 0.86288, 0.88639, 0.89843, 0.89197, 0.85597, 
0.84551, 0.87015, 0.86971, 0.87351, 0.88393, 0.83948, 0.84129, 
0.83278, 0.85712, 0.86364, 0.84763, 0.82885, 0.84579, 0.85432, 
0.84637, 0.0204, 0.0202, 0.0248, 0.0225, 0.0238, 0.0229, 0.0256, 
0.0258, 0.0256, 0.0254, 0.0297, 50.1, 32, 63, 49, 51.4, 55.5, 
79.6, 70.2, 65.1, 63.2, 86.4, 68, 219, 305, 6, 66, 2253, 1247, 
521, 8, 585, 1, 4, 16, 40, 5, 16, 1, 3, 1, 76, 2, 54, 100, 100, 
100, 100, 100, 100, 100, 100, 100, 100, 100, 2500, 2500, 2500, 
2500, 2500, 2500, 2500, 2500, 2500, 2500, 2500, 7294.508, 7253.805, 
7445.594, 7375.725, 7382.24799999999, 7173.30499999999, 7210.36599999999, 
7223.06400000001, 7172.944, 7298.09100000001, 7325.10900000003, 
1, 1, 1, 1, 1, 1, 1, 1, 1, 1, 1, 0.05556, 0.05556, 0.05556, 0.05556, 
0.05556, 0.05556, 0.05556, 0.05556, 0.05556, 0.05556, 0.05556, 
0, 0, 0, 0, 0, 0, 0, 0, 0, 0, 0, 0, 0, 0, 0, 0, 0, 0, 0, 0, 0, 
0, 0.84464, 0.79365, 0.78434, 0.79278, 0.82803, 0.81864, 0.80509, 
0.82885, 0.8239, 0.82623, 0.85214, 0.83036, 0.77976, 0.80934, 
0.80417, 0.80581, 0.79212, 0.84085, 0.78846, 0.80678, 0.82623, 
0.83929, 0.022, 0.0216, 0.0221, 0.0234, 0.0237, 0.0234, 0.024, 
0.0262, 0.0253, 0.0267, 0.0266, 53.7, 57.2, 61.4, 65.4, 68.1, 
71.9, 74.1, 76.4, 80.2, 84.1, 85.5, 1, 1, 1, 1, 1, 1, 1, 1, 1, 
1, 1, 1, 1, 1, 1, 1, 1, 1, 1, 1, 1, 1, 1, 1, 1, 1, 1, 1, 1, 1, 
1, 1, 1, 1, 1, 1, 1, 1, 1, 1, 1, 1, 1, 1, 2.973, 2.894, 2.888, 
2.974, 2.925, 2.873, 2.867, 3.063, 2.802, 3.016, 2.868), .Dim = c(11L, 
40L), .Dimnames = list(NULL, c("Sampling", "PSO.cost", "PSO.gamma", 
"PSO.data.balancing", "PSO.feature.selection", "PSO.valid.acc", 
"PSO.test.acc", "PSO.train.time", "PSO.n.support.vectors", "PSO.index", 
"PSO.n.solutions", "PSO.generations", "PSO.n.evaluations", "PSO.cpu.time", 
"RS.cost", "RS.gamma", "RS.data.balancing", "RS.feature.selection", 
"RS.valid.acc", "RS.test.acc", "RS.train.time", "RS.n.support.vectors", 
"RS.index", "RS.n.solutions", "RS.generations", "RS.n.evaluations", 
"RS.cpu.time", "DF.cost", "DF.gamma", "DF.data.balancing", "DF.feature.selection", 
"DF.valid.acc", "DF.test.acc", "DF.train.time", "DF.n.support.vectors", 
"DF.index", "DF.n.solutions", "DF.generations", "DF.n.evaluations", 
"DF.cpu.time")))
