full <-
structure(c(50, 55, 60, 65, 70, 75, 80, 85, 90, 95, 100, 14.23043, 
5.98622, 10.08739, 15, 10.13267, 6.45847, 8.54902, 10.02722, 
13.23542, 10.92105, 12.73, -15, -9.20714, -11.89393, -15, -5.96081, 
-6.31515, -5.05016, -10.70232, -7.26075, -12.41525, -11.37141, 
0, 0, 0, 0, 0, 0, 0, 0, 0, 0, 0, 0, 0, 0, 0, 0, 0, 0, 0, 0, 0, 
0, 0.88929, 0.8881, 0.86611, 0.89667, 0.90455, 0.88182, 0.90455, 
0.8964, 0.88159, 0.86172, 0.87119, 0.87679, 0.82976, 0.855, 0.83833, 
0.86455, 0.82697, 0.87879, 0.85794, 0.80355, 0.86941, 0.80964, 
0.0185, 0.02, 0.0194, 0.0193, 0.0206, 0.0225, 0.0238, 0.0217, 
0.0254, 0.0249, 0.0249, 27.4, 35, 34.5, 35.7, 44, 47.4, 57.7, 
47.6, 48.5, 52.1, 48.9, 70, 77, 217, 51, 26, 1650, 30, 57, 428, 
291, 284, 90, 361, 110, 1266, 388, 17, 1018, 229, 614, 59, 131, 
100, 100, 100, 100, 100, 100, 100, 100, 100, 100, 100, 2500, 
2500, 2500, 2500, 2500, 2500, 2500, 2500, 2500, 2500, 2500, 6853.552, 
6813.816, 6861.012, 6887.204, 6926.423, 6970.344, 6979.861, 6946.43699999999, 
7065.731, 7093.25199999999, 7006.30799999999, 11.11484, 11.43223, 
8.97906, 9.73399, 7.33983, 13.74977, 5.49309, 9.89539, 13.46244, 
5.18599, 13.30032, -11.87048, -14.93669, -10.73108, -9.73021, 
-5.93952, -13.81572, -5.25294, -10.46312, -7.25469, -6.96486, 
-11.87726, 0, 0, 0, 0, 0, 0, 0, 0, 0, 0, 0, 0, 0, 0, 0, 0, 0, 
0, 0, 0, 0, 0, 0.88929, 0.8881, 0.86611, 0.89667, 0.90455, 0.88682, 
0.90455, 0.8964, 0.88159, 0.86172, 0.87119, 0.87679, 0.84226, 
0.855, 0.82833, 0.86455, 0.83364, 0.87879, 0.85794, 0.80355, 
0.84634, 0.80964, 0.0188, 0.0192, 0.0195, 0.0204, 0.0221, 0.0232, 
0.0239, 0.023, 0.0239, 0.0237, 0.0271, 27.3, 36.3, 34.5, 36.4, 
44, 42.3, 56.3, 47.4, 48.5, 56.1, 48.7, 1777, 160, 35, 176, 252, 
989, 15, 270, 1652, 245, 2001, 2, 35, 4, 15, 11, 2, 27, 14, 1, 
13, 2, 100, 100, 100, 100, 100, 100, 100, 100, 100, 100, 100, 
2500, 2500, 2500, 2500, 2500, 2500, 2500, 2500, 2500, 2500, 2500, 
6811.594, 6875.924, 6849.791, 6943.992, 6996.254, 6975.307, 7015.273, 
7149.914, 7151.315, 7048.73499999999, 7049.016, 1, 1, 1, 1, 1, 
1, 1, 1, 1, 1, 1, 0.05556, 0.05556, 0.05556, 0.05556, 0.05556, 
0.05556, 0.05556, 0.05556, 0.05556, 0.05556, 0.05556, 0, 0, 0, 
0, 0, 0, 0, 0, 0, 0, 0, 0, 0, 0, 0, 0, 0, 0, 0, 0, 0, 0, 0.81071, 
0.85159, 0.82028, 0.82389, 0.80727, 0.8053, 0.83333, 0.82516, 
0.79436, 0.81714, 0.80345, 0.82321, 0.82798, 0.84389, 0.81167, 
0.80616, 0.7697, 0.85076, 0.81802, 0.80865, 0.81659, 0.8025, 
0.0202, 0.021, 0.0203, 0.0215, 0.0217, 0.0235, 0.0231, 0.0243, 
0.0256, 0.0271, 0.0285, 46.9, 50.4, 57.2, 61.7, 66.1, 70.9, 74.5, 
74.7, 77.9, 81.6, 85.8, 1, 1, 1, 1, 1, 1, 1, 1, 1, 1, 1, 1, 1, 
1, 1, 1, 1, 1, 1, 1, 1, 1, 1, 1, 1, 1, 1, 1, 1, 1, 1, 1, 1, 1, 
1, 1, 1, 1, 1, 1, 1, 1, 1, 1, 2.749, 2.789, 2.71, 2.787, 2.652, 
2.797, 2.672, 2.77, 2.79, 2.883, 2.881), .Dim = c(11L, 40L), .Dimnames = list(
    NULL, c("Sampling", "PSO.cost", "PSO.gamma", "PSO.data.balancing", 
    "PSO.feature.selection", "PSO.valid.acc", "PSO.test.acc", 
    "PSO.train.time", "PSO.n.support.vectors", "PSO.index", "PSO.n.solutions", 
    "PSO.generations", "PSO.n.evaluations", "PSO.cpu.time", "RS.cost", 
    "RS.gamma", "RS.data.balancing", "RS.feature.selection", 
    "RS.valid.acc", "RS.test.acc", "RS.train.time", "RS.n.support.vectors", 
    "RS.index", "RS.n.solutions", "RS.generations", "RS.n.evaluations", 
    "RS.cpu.time", "DF.cost", "DF.gamma", "DF.data.balancing", 
    "DF.feature.selection", "DF.valid.acc", "DF.test.acc", "DF.train.time", 
    "DF.n.support.vectors", "DF.index", "DF.n.solutions", "DF.generations", 
    "DF.n.evaluations", "DF.cpu.time")))
