full <-
structure(c(50, 55, 60, 65, 70, 75, 80, 85, 90, 95, 100, 1.53699, 
8.07801, 8.16696, 10.75709, 8.10849, 6.19633, 10.17986, 5.84622, 
3.20939, 4.23516, 4.15067, -3.67726, -10.90573, -10.33318, -8.73078, 
-12.18071, -8.87322, -13.11271, -5.97781, -5.0337, -5.515, -4.75407, 
0, 0, 0, 0, 0, 0, 0, 0, 0, 0, 0, 0, 0, 0, 0, 0, 0, 0, 0, 0, 0, 
0, 0.85595, 0.8256, 0.83349, 0.85404, 0.84328, 0.85894, 0.87325, 
0.87477, 0.86163, 0.88313, 0.88637, 0.85774, 0.78948, 0.7727, 
0.84071, 0.81495, 0.84152, 0.83507, 0.82444, 0.8207, 0.84227, 
0.85875, 0.02, 0.0198, 0.0198, 0.0208, 0.0209, 0.0212, 0.0231, 
0.0233, 0.0243, 0.0245, 0.0267, 48, 36.9, 37.4, 31.7, 47.9, 43.1, 
52.4, 51, 58.6, 56.7, 68.4, 34, 209, 35, 161, 15, 176, 541, 92, 
676, 1498, 747, 1073, 83, 100, 207, 245, 175, 34, 854, 51, 51, 
162, 100, 100, 100, 100, 100, 100, 100, 100, 100, 100, 100, 2500, 
2500, 2500, 2500, 2500, 2500, 2500, 2500, 2500, 2500, 2500, 6809.177, 
6773.886, 6881.47, 6910.319, 6903.076, 7013.606, 7032.60399999999, 
7144.17200000001, 7163.626, 7228.41800000001, 7176.948, 3.83529, 
8.30073, 8.88317, 11.77894, 7.88582, 6.92387, 8.19348, 4.78255, 
2.41767, 4.6362, 7.61088, -2.01679, -11.11037, -11.08872, -9.5704, 
-10.99239, -9.58363, -11.00006, -5.09927, -4.41714, -5.77204, 
-7.24051, 0, 0, 0, 0, 0, 0, 0, 0, 0, 0, 0, 0, 0, 0, 0, 0, 0, 
0, 0, 0, 0, 0, 0.85595, 0.8256, 0.83349, 0.85404, 0.84328, 0.85894, 
0.86492, 0.87477, 0.86099, 0.87647, 0.89214, 0.85595, 0.78948, 
0.7727, 0.85182, 0.80384, 0.84152, 0.83507, 0.83408, 0.81236, 
0.83458, 0.84488, 0.0207, 0.0198, 0.0195, 0.0202, 0.0207, 0.0217, 
0.0224, 0.0238, 0.0248, 0.0242, 0.0252, 58.3, 36.9, 37.7, 31.2, 
42.9, 43, 51.8, 54, 63.4, 54.9, 53.8, 72, 112, 391, 508, 18, 
679, 44, 97, 1123, 643, 1697, 81, 16, 9, 2, 31, 2, 3, 3, 1, 1, 
1, 100, 100, 100, 100, 100, 100, 100, 100, 100, 100, 100, 2500, 
2500, 2500, 2500, 2500, 2500, 2500, 2500, 2500, 2500, 2500, 6801.773, 
6873.259, 6900.139, 6934.40199999999, 6957.01299999999, 7051.989, 
7172.56099999999, 7220.77100000001, 7252.30500000001, 7254.13400000002, 
7152.18000000002, 1, 1, 1, 1, 1, 1, 1, 1, 1, 1, 1, 0.05556, 0.05556, 
0.05556, 0.05556, 0.05556, 0.05556, 0.05556, 0.05556, 0.05556, 
0.05556, 0.05556, 0, 0, 0, 0, 0, 0, 0, 0, 0, 0, 0, 0, 0, 0, 0, 
0, 0, 0, 0, 0, 0, 0, 0.80377, 0.79226, 0.75226, 0.81106, 0.79551, 
0.81242, 0.79662, 0.79163, 0.83782, 0.83394, 0.83298, 0.81627, 
0.77837, 0.75476, 0.81245, 0.79662, 0.81333, 0.82238, 0.80635, 
0.83727, 0.82577, 0.83208, 0.0195, 0.0209, 0.0208, 0.0212, 0.0219, 
0.0223, 0.0245, 0.0249, 0.026, 0.027, 0.0279, 48.4, 50.9, 53.6, 
56.4, 57.6, 61.9, 70.4, 73.4, 75.8, 79, 86.2, 1, 1, 1, 1, 1, 
1, 1, 1, 1, 1, 1, 1, 1, 1, 1, 1, 1, 1, 1, 1, 1, 1, 1, 1, 1, 1, 
1, 1, 1, 1, 1, 1, 1, 1, 1, 1, 1, 1, 1, 1, 1, 1, 1, 1, 2.759, 
2.809, 2.76, 2.761, 2.818, 2.811, 2.861, 2.832, 2.9, 2.921, 2.86
), .Dim = c(11L, 40L), .Dimnames = list(NULL, c("Sampling", "PSO.cost", 
"PSO.gamma", "PSO.data.balancing", "PSO.feature.selection", "PSO.valid.acc", 
"PSO.test.acc", "PSO.train.time", "PSO.n.support.vectors", "PSO.index", 
"PSO.n.solutions", "PSO.generations", "PSO.n.evaluations", "PSO.cpu.time", 
"RS.cost", "RS.gamma", "RS.data.balancing", "RS.feature.selection", 
"RS.valid.acc", "RS.test.acc", "RS.train.time", "RS.n.support.vectors", 
"RS.index", "RS.n.solutions", "RS.generations", "RS.n.evaluations", 
"RS.cpu.time", "DF.cost", "DF.gamma", "DF.data.balancing", "DF.feature.selection", 
"DF.valid.acc", "DF.test.acc", "DF.train.time", "DF.n.support.vectors", 
"DF.index", "DF.n.solutions", "DF.generations", "DF.n.evaluations", 
"DF.cpu.time")))
