full <-
structure(c(50, 55, 60, 65, 70, 75, 80, 85, 90, 95, 100, 9.34312, 
5.25777, 11.09287, 4.19238, 12.52222, 10.53333, 12.85174, 13.4376, 
7.89396, 7.49215, 11.69343, -3.89918, -5.60566, -4.01204, -8.15368, 
-2.80878, -2.67873, -4.66168, -5.90338, -5.77116, -8.60014, -12.74182, 
0, 0, 0, 0, 0, 0, 0, 0, 0, 0, 0, 0, 0, 0, 0, 0, 0, 0, 0, 0, 0, 
0, 0.85536, 0.87778, 0.87655, 0.89828, 0.88535, 0.86247, 0.85216, 
0.87129, 0.88718, 0.88266, 0.88494, 0.85536, 0.82599, 0.84865, 
0.88828, 0.84848, 0.85338, 0.84522, 0.83069, 0.84029, 0.84679, 
0.87065, 0.0202, 0.019, 0.0205, 0.0196, 0.0231, 0.024, 0.0229, 
0.0243, 0.0223, 0.0236, 0.0231, 42.2, 36.4, 48.2, 44.1, 69.8, 
76.8, 55.6, 53.6, 54.9, 53.9, 54.5, 32, 32, 14, 8, 65, 341, 17, 
80, 125, 1186, 117, 1534, 1197, 1528, 848, 1284, 419, 577, 1539, 
1301, 50, 212, 100, 100, 100, 100, 100, 100, 100, 100, 100, 100, 
100, 2500, 2500, 2500, 2500, 2500, 2500, 2500, 2500, 2500, 2500, 
2500, 6724.227, 6733.291, 6667.98, 6667.92, 6815.533, 6699.41499999999, 
6654.09700000001, 6636.913, 6608.402, 6693.98700000001, 6678.791, 
13.0415, 13.76325, 12.17575, 6.35821, 2.99947, 13.11498, 10.3451, 
14.71404, 14.658, 11.75704, 10.45372, -3.71092, -5.36882, -4.34892, 
-11.0437, -2.84209, -2.70231, -10.62828, -5.63739, -5.78063, 
-2.89334, -11.49603, 0, 0, 0, 0, 0, 0, 0, 0, 0, 0, 0, 0, 0, 0, 
0, 0, 0, 0, 0, 0, 0, 0, 0.85536, 0.87778, 0.87655, 0.89828, 0.88535, 
0.86247, 0.85216, 0.87129, 0.88718, 0.88249, 0.88494, 0.85536, 
0.82599, 0.84865, 0.87717, 0.84848, 0.85338, 0.8278, 0.83069, 
0.84029, 0.86321, 0.87065, 0.0194, 0.0199, 0.0199, 0.0222, 0.0226, 
0.0242, 0.0209, 0.0221, 0.0229, 0.0277, 0.0249, 44.6, 36.7, 46.1, 
46.5, 69.5, 76.6, 41.7, 54.3, 54.9, 92, 54.4, 3, 112, 60, 31, 
56, 319, 2, 24, 106, 1158, 32, 76, 79, 37, 73, 10, 10, 129, 53, 
47, 1, 13, 100, 100, 100, 100, 100, 100, 100, 100, 100, 100, 
100, 2500, 2500, 2500, 2500, 2500, 2500, 2500, 2500, 2500, 2500, 
2500, 6728.242, 6764.066, 6631.65500000001, 6657.008, 6695.41800000001, 
6712.67599999999, 6665.58600000001, 6661.63900000001, 6695.913, 
6710.49800000001, 6798.76299999998, 1, 1, 1, 1, 1, 1, 1, 1, 1, 
1, 1, 0.05556, 0.05556, 0.05556, 0.05556, 0.05556, 0.05556, 0.05556, 
0.05556, 0.05556, 0.05556, 0.05556, 0, 0, 0, 0, 0, 0, 0, 0, 0, 
0, 0, 0, 0, 0, 0, 0, 0, 0, 0, 0, 0, 0, 0.76964, 0.82599, 0.81325, 
0.86919, 0.84995, 0.80793, 0.80128, 0.81382, 0.81529, 0.83187, 
0.8328, 0.78571, 0.83849, 0.83548, 0.86919, 0.80753, 0.83444, 
0.80897, 0.82291, 0.81529, 0.82418, 0.8319, 0.0194, 0.0193, 0.0199, 
0.021, 0.0207, 0.0221, 0.0227, 0.0254, 0.0238, 0.0252, 0.0267, 
44.5, 48.5, 53.2, 57.6, 62.1, 66.2, 69.8, 75.1, 78.7, 80.6, 85.7, 
1, 1, 1, 1, 1, 1, 1, 1, 1, 1, 1, 1, 1, 1, 1, 1, 1, 1, 1, 1, 1, 
1, 1, 1, 1, 1, 1, 1, 1, 1, 1, 1, 1, 1, 1, 1, 1, 1, 1, 1, 1, 1, 
1, 1, 2.709, 2.6, 2.606, 2.592, 2.555, 2.613, 2.568, 2.776, 2.589, 
2.668, 2.687), .Dim = c(11L, 40L), .Dimnames = list(NULL, c("Sampling", 
"PSO.cost", "PSO.gamma", "PSO.data.balancing", "PSO.feature.selection", 
"PSO.valid.acc", "PSO.test.acc", "PSO.train.time", "PSO.n.support.vectors", 
"PSO.index", "PSO.n.solutions", "PSO.generations", "PSO.n.evaluations", 
"PSO.cpu.time", "RS.cost", "RS.gamma", "RS.data.balancing", "RS.feature.selection", 
"RS.valid.acc", "RS.test.acc", "RS.train.time", "RS.n.support.vectors", 
"RS.index", "RS.n.solutions", "RS.generations", "RS.n.evaluations", 
"RS.cpu.time", "DF.cost", "DF.gamma", "DF.data.balancing", "DF.feature.selection", 
"DF.valid.acc", "DF.test.acc", "DF.train.time", "DF.n.support.vectors", 
"DF.index", "DF.n.solutions", "DF.generations", "DF.n.evaluations", 
"DF.cpu.time")))
