full <-
structure(c(50, 55, 60, 65, 70, 75, 80, 85, 90, 95, 100, 2.83139, 
2.70548, 3.9246, 8.11161, 11.19385, 4.80506, 11.7116, 11.72613, 
8.14378, 4.27724, 9.7411, -5.91439, -3.40495, -5.19795, -4.4007, 
-5.0957, -6.12633, -3.34165, -5.05917, -10.1861, -5.22595, -10.47873, 
0, 0, 0, 0, 0, 0, 0, 0, 0, 0, 0, 0, 0, 0, 0, 0, 0, 0, 0, 0, 0, 
0, 0.86885, 0.87778, 0.87333, 0.8678, 0.85455, 0.87212, 0.87086, 
0.87937, 0.89212, 0.86304, 0.86554, 0.85456, 0.84167, 0.84, 0.84669, 
0.81343, 0.84485, 0.85332, 0.85437, 0.86245, 0.81233, 0.82554, 
0.02, 0.0228, 0.0231, 0.0214, 0.0235, 0.022, 0.0255, 0.0279, 
0.0221, 0.0244, 0.026, 40.9, 55.4, 43.9, 50.7, 47.9, 46.6, 75.3, 
56.5, 50.4, 60.5, 51.9, 143, 87, 12, 46, 25, 136, 208, 93, 6, 
1737, 163, 61, 148, 360, 1582, 162, 66, 181, 1118, 160, 24, 46, 
100, 100, 100, 100, 100, 100, 100, 100, 100, 100, 100, 2500, 
2500, 2500, 2500, 2500, 2500, 2500, 2500, 2500, 2500, 2500, 7689.235, 
7771.898, 7698.814, 7528.764, 7088.064, 7390.336, 7393.97899999999, 
7397.079, 7235.66800000001, 7341.54699999999, 7107.98999999999, 
2.94788, 5.65407, 3.99806, 14.36005, 10.98936, 12.79828, 8.66957, 
13.83842, 8.99252, 4.13631, 12.82906, -6.03086, -3.35933, -5.32904, 
-4.49873, -5.09818, -14.07209, -3.34364, -4.95602, -11.02533, 
-5.12449, -13.86165, 0, 0, 0, 0, 0, 0, 0, 0, 0, 0, 0, 0, 0, 0, 
0, 0, 0, 0, 0, 0, 0, 0, 0.86885, 0.87778, 0.86333, 0.8678, 0.85455, 
0.87212, 0.87086, 0.87937, 0.89212, 0.86304, 0.86506, 0.85456, 
0.84167, 0.8525, 0.84669, 0.81343, 0.81833, 0.85332, 0.85437, 
0.86245, 0.81233, 0.83268, 0.0217, 0.0223, 0.022, 0.0232, 0.0213, 
0.0218, 0.0255, 0.0251, 0.0231, 0.0246, 0.0256, 40.4, 55.8, 43.9, 
49.6, 47.9, 42.6, 75.3, 57.1, 50.3, 61.1, 52.2, 121, 285, 1743, 
79, 55, 170, 731, 144, 336, 1964, 182, 2, 14, 1, 46, 19, 4, 3, 
11, 28, 1, 6, 100, 100, 100, 100, 100, 100, 100, 100, 100, 100, 
100, 2500, 2500, 2500, 2500, 2500, 2500, 2500, 2500, 2500, 2500, 
2500, 7552.273, 7722.184, 7390.625, 7525.393, 7209.83200000001, 
7389.546, 7368.25300000001, 7313.586, 7297.54200000002, 7310.05899999998, 
7225.08800000002, 1, 1, 1, 1, 1, 1, 1, 1, 1, 1, 1, 0.05556, 0.05556, 
0.05556, 0.05556, 0.05556, 0.05556, 0.05556, 0.05556, 0.05556, 
0.05556, 0.05556, 0, 0, 0, 0, 0, 0, 0, 0, 0, 0, 0, 0, 0, 0, 0, 
0, 0, 0, 0, 0, 0, 0, 0.83095, 0.82877, 0.78417, 0.78288, 0.82636, 
0.82833, 0.80321, 0.8377, 0.85421, 0.82623, 0.82589, 0.81488, 
0.80377, 0.8425, 0.80288, 0.78, 0.82015, 0.82821, 0.85425, 0.84652, 
0.81908, 0.84018, 0.022, 0.022, 0.0213, 0.0232, 0.0226, 0.0231, 
0.0243, 0.0251, 0.0256, 0.0273, 0.0278, 49.9, 54.3, 57.1, 60.7, 
63.6, 66.9, 71, 73.9, 75.4, 81.1, 85.2, 1, 1, 1, 1, 1, 1, 1, 
1, 1, 1, 1, 1, 1, 1, 1, 1, 1, 1, 1, 1, 1, 1, 1, 1, 1, 1, 1, 1, 
1, 1, 1, 1, 1, 1, 1, 1, 1, 1, 1, 1, 1, 1, 1, 1, 3.191, 3.09, 
3.049, 2.929, 3.016, 2.929, 3.009, 2.916, 3.006, 3.032, 2.803
), .Dim = c(11L, 40L), .Dimnames = list(NULL, c("Sampling", "PSO.cost", 
"PSO.gamma", "PSO.data.balancing", "PSO.feature.selection", "PSO.valid.acc", 
"PSO.test.acc", "PSO.train.time", "PSO.n.support.vectors", "PSO.index", 
"PSO.n.solutions", "PSO.generations", "PSO.n.evaluations", "PSO.cpu.time", 
"RS.cost", "RS.gamma", "RS.data.balancing", "RS.feature.selection", 
"RS.valid.acc", "RS.test.acc", "RS.train.time", "RS.n.support.vectors", 
"RS.index", "RS.n.solutions", "RS.generations", "RS.n.evaluations", 
"RS.cpu.time", "DF.cost", "DF.gamma", "DF.data.balancing", "DF.feature.selection", 
"DF.valid.acc", "DF.test.acc", "DF.train.time", "DF.n.support.vectors", 
"DF.index", "DF.n.solutions", "DF.generations", "DF.n.evaluations", 
"DF.cpu.time")))
