full <-
structure(c(50, 55, 60, 65, 70, 75, 80, 85, 90, 95, 100, 7.36452, 
11.77309, 7.13783, 14.29059, 8.26403, 4.84701, 6.44013, 6.76742, 
9.52384, 9.13689, 1.56634, -4.23266, -15, -1.60505, -1.70163, 
-1.69318, -6.42416, -7.65356, -7.9384, -11.49726, -1.72512, -4.16406, 
0, 0, 0, 0, 0, 0, 0, 0, 0, 0, 0, 0, 0, 0, 0, 0, 0, 0, 0, 0, 0, 
0, 0.88095, 0.86488, 0.87639, 0.85444, 0.86434, 0.88045, 0.90707, 
0.88718, 0.885, 0.86139, 0.85768, 0.89206, 0.81766, 0.85139, 
0.83222, 0.84323, 0.86394, 0.88207, 0.85577, 0.84692, 0.84711, 
0.82512, 0.019, 0.0185, 0.0226, 0.0214, 0.0232, 0.0206, 0.0227, 
0.0232, 0.0235, 0.0309, 0.0258, 41.6, 34.1, 70.3, 75.7, 81.1, 
45.1, 45, 47.6, 50, 107.1, 76.8, 8, 474, 22, 80, 26, 7, 808, 
99, 375, 48, 1124, 1628, 68, 778, 219, 1060, 399, 244, 266, 42, 
812, 84, 100, 100, 100, 100, 100, 100, 100, 100, 100, 100, 100, 
2500, 2500, 2500, 2500, 2500, 2500, 2500, 2500, 2500, 2500, 2500, 
6753.211, 6774.503, 6858.209, 6361.077, 6581.245, 6511.022, 6651.065, 
6839.802, 6858.89, 7019, 6923.432, 13.9671, 4.23884, 12.53267, 
6.9796, 3.26604, 5.0551, 6.49339, 8.43161, 11.35273, 11.19601, 
1.32076, -3.81771, -7.42458, -1.59228, -1.70121, -1.66777, -6.53275, 
-7.77215, -9.49483, -13.34085, -1.75242, -4.09584, 0, 0, 0, 0, 
0, 0, 0, 0, 0, 0, 0, 0, 0, 0, 0, 0, 0, 0, 0, 0, 0, 0, 0.88095, 
0.86488, 0.87639, 0.85444, 0.86434, 0.88045, 0.90707, 0.87949, 
0.885, 0.86139, 0.85768, 0.89206, 0.81766, 0.85139, 0.83222, 
0.84323, 0.85485, 0.88272, 0.8641, 0.84692, 0.85425, 0.82512, 
0.0196, 0.0194, 0.0222, 0.0223, 0.0255, 0.0212, 0.0222, 0.0229, 
0.0236, 0.031, 0.026, 44.9, 35.2, 70.3, 75.7, 81.4, 45, 45, 45.7, 
50, 106.9, 78.2, 8, 533, 355, 5, 57, 130, 1132, 484, 259, 317, 
411, 213, 4, 13, 6, 40, 23, 2, 7, 6, 7, 5, 100, 100, 100, 100, 
100, 100, 100, 100, 100, 100, 100, 2500, 2500, 2500, 2500, 2500, 
2500, 2500, 2500, 2500, 2500, 2500, 6789.336, 6792.261, 6680.608, 
6399.468, 6564.688, 6657.637, 6891.033, 6887.958, 6915.63499999999, 
6940.93100000001, 6909.67199999999, 1, 1, 1, 1, 1, 1, 1, 1, 1, 
1, 1, 0.05556, 0.05556, 0.05556, 0.05556, 0.05556, 0.05556, 0.05556, 
0.05556, 0.05556, 0.05556, 0.05556, 0, 0, 0, 0, 0, 0, 0, 0, 0, 
0, 0, 0, 0, 0, 0, 0, 0, 0, 0, 0, 0, 0, 0.84127, 0.83948, 0.85278, 
0.82111, 0.83525, 0.82667, 0.84824, 0.82372, 0.81885, 0.83117, 
0.83268, 0.85238, 0.83948, 0.82778, 0.84333, 0.83525, 0.82576, 
0.83915, 0.82296, 0.81115, 0.84656, 0.82601, 0.0189, 0.0204, 
0.0199, 0.0194, 0.0218, 0.0213, 0.0237, 0.0236, 0.0254, 0.0263, 
0.0283, 47, 49.5, 54.2, 56.7, 61.5, 64.9, 69.1, 74.1, 76.2, 80.5, 
86.8, 1, 1, 1, 1, 1, 1, 1, 1, 1, 1, 1, 1, 1, 1, 1, 1, 1, 1, 1, 
1, 1, 1, 1, 1, 1, 1, 1, 1, 1, 1, 1, 1, 1, 1, 1, 1, 1, 1, 1, 1, 
1, 1, 1, 1, 2.721, 2.723, 2.513, 2.475, 2.637, 2.529, 2.757, 
2.718, 2.723, 2.796, 2.776), .Dim = c(11L, 40L), .Dimnames = list(
    NULL, c("Sampling", "PSO.cost", "PSO.gamma", "PSO.data.balancing", 
    "PSO.feature.selection", "PSO.valid.acc", "PSO.test.acc", 
    "PSO.train.time", "PSO.n.support.vectors", "PSO.index", "PSO.n.solutions", 
    "PSO.generations", "PSO.n.evaluations", "PSO.cpu.time", "RS.cost", 
    "RS.gamma", "RS.data.balancing", "RS.feature.selection", 
    "RS.valid.acc", "RS.test.acc", "RS.train.time", "RS.n.support.vectors", 
    "RS.index", "RS.n.solutions", "RS.generations", "RS.n.evaluations", 
    "RS.cpu.time", "DF.cost", "DF.gamma", "DF.data.balancing", 
    "DF.feature.selection", "DF.valid.acc", "DF.test.acc", "DF.train.time", 
    "DF.n.support.vectors", "DF.index", "DF.n.solutions", "DF.generations", 
    "DF.n.evaluations", "DF.cpu.time")))
