full <-
structure(c(50, 55, 60, 65, 70, 75, 80, 85, 90, 95, 100, 11.78691, 
10.44036, 3.61424, 7.0286, 4.87296, 7.75762, 11.46112, 8.7985, 
1.14233, 8.28044, 14.62928, -15, -10.93205, -5.63445, -4.44941, 
-5.34878, -6.21204, -4.32114, -8.25017, -4.71248, -5.40447, -3.70495, 
0, 0, 0, 0, 0, 0, 0, 0, 0, 0, 0, 0, 0, 0, 0, 0, 0, 0, 0, 0, 0, 
0, 0.90099, 0.87837, 0.88667, 0.9196, 0.90056, 0.88152, 0.86625, 
0.8926, 0.89451, 0.8763, 0.87851, 0.81706, 0.81409, 0.85306, 
0.9196, 0.86056, 0.84742, 0.84393, 0.84365, 0.87134, 0.84923, 
0.84512, 0.0209, 0.023, 0.0209, 0.0214, 0.0213, 0.0208, 0.0227, 
0.0209, 0.0237, 0.023, 0.0269, 32.7, 26.7, 37.6, 46.7, 41.7, 
40.3, 57.3, 36, 66.1, 58.5, 81.6, 151, 145, 890, 90, 740, 90, 
25, 175, 79, 34, 259, 130, 85, 130, 1365, 38, 795, 1380, 390, 
613, 497, 318, 100, 100, 100, 100, 100, 100, 100, 100, 100, 100, 
100, 2500, 2500, 2500, 2500, 2500, 2500, 2500, 2500, 2500, 2500, 
2500, 7728.301, 7549.325, 7297.267, 7340.837, 7305.463, 7167.329, 
7226.86200000001, 7172.64199999999, 7419.99800000001, 7156.568, 
7121.75699999998, 5.48944, 13.50953, 3.84303, 10.56468, 5.43079, 
11.17423, 14.14222, 8.35157, 0.94603, 13.80334, 11.07433, -8.59236, 
-13.98229, -4.12287, -4.22266, -4.5579, -6.19864, -4.13991, -8.05271, 
-4.30962, -4.30978, -3.70226, 0, 0, 0, 0, 0, 0, 0, 0, 0, 0, 0, 
0, 0, 0, 0, 0, 0, 0, 0, 0, 0, 0, 0.90099, 0.87837, 0.87694, 0.9196, 
0.89056, 0.88152, 0.86625, 0.8926, 0.89451, 0.8763, 0.87851, 
0.83135, 0.81409, 0.87417, 0.9196, 0.86889, 0.84742, 0.84393, 
0.82762, 0.87134, 0.84923, 0.84512, 0.0212, 0.0202, 0.0218, 0.0207, 
0.0204, 0.0218, 0.0222, 0.0219, 0.0227, 0.0257, 0.0272, 32.8, 
26.7, 47, 48.6, 49.3, 40.3, 59.1, 37.4, 68.6, 70.3, 81.7, 23, 
1243, 418, 70, 75, 1495, 83, 2379, 212, 4, 553, 11, 2, 8, 29, 
13, 2, 47, 1, 6, 43, 2, 100, 100, 100, 100, 100, 100, 100, 100, 
100, 100, 100, 2500, 2500, 2500, 2500, 2500, 2500, 2500, 2500, 
2500, 2500, 2500, 7836.495, 7301.898, 7233.031, 7282.871, 7267.841, 
7308.97, 7243.60400000001, 7190.677, 7278.77099999999, 7231.783, 
7031.421, 1, 1, 1, 1, 1, 1, 1, 1, 1, 1, 1, 0.05556, 0.05556, 
0.05556, 0.05556, 0.05556, 0.05556, 0.05556, 0.05556, 0.05556, 
0.05556, 0.05556, 0, 0, 0, 0, 0, 0, 0, 0, 0, 0, 0, 0, 0, 0, 0, 
0, 0, 0, 0, 0, 0, 0, 0.84881, 0.81587, 0.82083, 0.81467, 0.81384, 
0.79045, 0.8009, 0.81777, 0.87848, 0.81132, 0.83804, 0.82024, 
0.82837, 0.82083, 0.82376, 0.80384, 0.8003, 0.8009, 0.81929, 
0.87903, 0.83179, 0.83804, 0.0205, 0.0211, 0.021, 0.0211, 0.0253, 
0.0232, 0.0236, 0.0231, 0.024, 0.0256, 0.0264, 47.6, 50.9, 55.1, 
57.3, 61.5, 65.9, 68.9, 70.7, 74.7, 81.1, 86.2, 1, 1, 1, 1, 1, 
1, 1, 1, 1, 1, 1, 1, 1, 1, 1, 1, 1, 1, 1, 1, 1, 1, 1, 1, 1, 1, 
1, 1, 1, 1, 1, 1, 1, 1, 1, 1, 1, 1, 1, 1, 1, 1, 1, 1, 3.1, 3.02, 
2.929, 2.935, 2.95, 2.912, 2.986, 2.852, 2.944, 2.839, 2.831), .Dim = c(11L, 
40L), .Dimnames = list(NULL, c("Sampling", "PSO.cost", "PSO.gamma", 
"PSO.data.balancing", "PSO.feature.selection", "PSO.valid.acc", 
"PSO.test.acc", "PSO.train.time", "PSO.n.support.vectors", "PSO.index", 
"PSO.n.solutions", "PSO.generations", "PSO.n.evaluations", "PSO.cpu.time", 
"RS.cost", "RS.gamma", "RS.data.balancing", "RS.feature.selection", 
"RS.valid.acc", "RS.test.acc", "RS.train.time", "RS.n.support.vectors", 
"RS.index", "RS.n.solutions", "RS.generations", "RS.n.evaluations", 
"RS.cpu.time", "DF.cost", "DF.gamma", "DF.data.balancing", "DF.feature.selection", 
"DF.valid.acc", "DF.test.acc", "DF.train.time", "DF.n.support.vectors", 
"DF.index", "DF.n.solutions", "DF.generations", "DF.n.evaluations", 
"DF.cpu.time")))
