full <-
structure(c(50, 55, 60, 65, 70, 75, 80, 85, 90, 95, 100, 1.76239, 
0.12249, 1.2945, 0.33776, 0.77017, 5.0874, 6.72133, 8.44074, 
9.52148, 12.02352, 9.37471, -3.85261, -4.23521, -4.26588, -1.87936, 
-4.68147, -7.3421, -10.92426, -8.54037, -9.08326, -12.96495, 
-11.15739, 0, 0, 0, 0, 0, 0, 0, 0, 0, 0, 0, 0, 0, 0, 0, 0, 0, 
0, 0, 0, 0, 0, 0.89464, 0.86587, 0.8475, 0.84333, 0.86384, 0.86561, 
0.86846, 0.88859, 0.8707, 0.88502, 0.87214, 0.83929, 0.81726, 
0.85972, 0.84333, 0.84566, 0.81742, 0.83794, 0.87347, 0.84753, 
0.84821, 0.845, 0.0206, 0.0228, 0.0211, 0.0234, 0.0232, 0.0219, 
0.0233, 0.0235, 0.0223, 0.0217, 0.0234, 44.4, 50.2, 54.6, 74.7, 
60.9, 49.5, 56.6, 47.8, 47.1, 47.7, 55.1, 98, 546, 194, 1201, 
1463, 1415, 2147, 210, 3, 248, 175, 200, 215, 380, 53, 25, 3, 
3, 243, 204, 248, 210, 100, 100, 100, 100, 100, 100, 100, 100, 
100, 100, 100, 2500, 2500, 2500, 2500, 2500, 2500, 2500, 2500, 
2500, 2500, 2500, 7360.055, 7657.561, 7490.71, 7414.34699999999, 
7406.603, 7311.09700000001, 7306.06499999999, 7240.719, 7030.039, 
7048.22, 7407.52600000001, 5.81418, 2.29442, 2.21525, 0.39646, 
0.63719, 1.9061, 10.57077, 8.28025, 9.99215, 12.2676, 9.51869, 
-5.90378, -4.853, -4.8166, -2.64836, -4.43468, -5.92684, -14.1781, 
-8.29173, -9.83207, -13.58548, -11.28392, 0, 0, 0, 0, 0, 0, 0, 
0, 0, 0, 0, 0, 0, 0, 0, 0, 0, 0, 0, 0, 0, 0, 0.89464, 0.85615, 
0.8475, 0.84333, 0.86384, 0.86394, 0.86251, 0.88859, 0.8707, 
0.88502, 0.87214, 0.83929, 0.83115, 0.8375, 0.83333, 0.84566, 
0.82576, 0.83794, 0.87347, 0.86291, 0.85487, 0.845, 0.0198, 0.0194, 
0.0209, 0.0226, 0.0218, 0.023, 0.0224, 0.0228, 0.0229, 0.0224, 
0.0234, 33.3, 43.4, 48.5, 69.3, 62.8, 59.3, 52.9, 47.9, 46.8, 
49.4, 55, 436, 695, 67, 207, 1954, 1159, 342, 488, 636, 45, 70, 
6, 5, 10, 8, 2, 17, 4, 3, 2, 31, 5, 100, 100, 100, 100, 100, 
100, 100, 100, 100, 100, 100, 2500, 2500, 2500, 2500, 2500, 2500, 
2500, 2500, 2500, 2500, 2500, 7321.883, 7529.667, 7423.293, 7344.713, 
7531.379, 7233.808, 7248.232, 7211.122, 7136.836, 7176.071, 6972.158, 
1, 1, 1, 1, 1, 1, 1, 1, 1, 1, 1, 0.05556, 0.05556, 0.05556, 0.05556, 
0.05556, 0.05556, 0.05556, 0.05556, 0.05556, 0.05556, 0.05556, 
0, 0, 0, 0, 0, 0, 0, 0, 0, 0, 0, 0, 0, 0, 0, 0, 0, 0, 0, 0, 0, 
0, 0.83929, 0.85476, 0.81389, 0.83333, 0.81788, 0.83576, 0.82675, 
0.86809, 0.82976, 0.85797, 0.83839, 0.81429, 0.82976, 0.8375, 
0.82333, 0.8199, 0.81667, 0.81766, 0.86745, 0.83095, 0.82987, 
0.83077, 0.0229, 0.0197, 0.0216, 0.0218, 0.0247, 0.0233, 0.0261, 
0.0232, 0.025, 0.0237, 0.0265, 46.4, 50.7, 58.4, 60.9, 65.7, 
70.1, 72.5, 75.6, 78.2, 80.7, 84.8, 1, 1, 1, 1, 1, 1, 1, 1, 1, 
1, 1, 1, 1, 1, 1, 1, 1, 1, 1, 1, 1, 1, 1, 1, 1, 1, 1, 1, 1, 1, 
1, 1, 1, 1, 1, 1, 1, 1, 1, 1, 1, 1, 1, 1, 3.102, 2.922, 2.935, 
2.978, 3.044, 2.968, 2.957, 2.742, 2.846, 2.963, 2.752), .Dim = c(11L, 
40L), .Dimnames = list(NULL, c("Sampling", "PSO.cost", "PSO.gamma", 
"PSO.data.balancing", "PSO.feature.selection", "PSO.valid.acc", 
"PSO.test.acc", "PSO.train.time", "PSO.n.support.vectors", "PSO.index", 
"PSO.n.solutions", "PSO.generations", "PSO.n.evaluations", "PSO.cpu.time", 
"RS.cost", "RS.gamma", "RS.data.balancing", "RS.feature.selection", 
"RS.valid.acc", "RS.test.acc", "RS.train.time", "RS.n.support.vectors", 
"RS.index", "RS.n.solutions", "RS.generations", "RS.n.evaluations", 
"RS.cpu.time", "DF.cost", "DF.gamma", "DF.data.balancing", "DF.feature.selection", 
"DF.valid.acc", "DF.test.acc", "DF.train.time", "DF.n.support.vectors", 
"DF.index", "DF.n.solutions", "DF.generations", "DF.n.evaluations", 
"DF.cpu.time")))
