full <-
structure(c(50, 55, 60, 65, 70, 75, 80, 85, 90, 95, 100, 0.83647, 
9.55412, 5.04228, 6.59498, 13.76572, 5.18057, 3.55618, 7.33115, 
11.5396, 14.81967, 7.82953, -4.75018, -2.94558, -2.52722, -1.26632, 
-2.37869, -2.95893, -6.25162, -9.19545, -13.19467, -15, -7.6725, 
0, 0, 0, 0, 0, 0, 0, 0, 0, 0, 0, 0, 0, 0, 0, 0, 0, 0, 0, 0, 0, 
0, 0.86091, 0.86992, 0.86472, 0.88495, 0.86232, 0.86485, 0.85379, 
0.87976, 0.8543, 0.87725, 0.86101, 0.84663, 0.80702, 0.82139, 
0.86273, 0.82212, 0.84742, 0.81212, 0.8554, 0.83764, 0.85678, 
0.85393, 0.0204, 0.0228, 0.0245, 0.0255, 0.0251, 0.0257, 0.0229, 
0.0233, 0.0237, 0.0242, 0.0237, 44.3, 57.8, 65.3, 75.5, 75.7, 
72.6, 50.3, 47.6, 46.7, 43.4, 51.5, 5, 32, 75, 126, 15, 216, 
659, 74, 15, 150, 222, 900, 1526, 955, 861, 1496, 969, 75, 261, 
334, 211, 59, 100, 100, 100, 100, 100, 100, 100, 100, 100, 100, 
100, 2500, 2500, 2500, 2500, 2500, 2500, 2500, 2500, 2500, 2500, 
2500, 7511.224, 7788.404, 7629.707, 7527.938, 7588.071, 7432.019, 
7429.23299999999, 7446.395, 7140.167, 7430.522, 7119.09399999998, 
0.3231, 14.16175, 1.57595, 12.07902, 10.00019, 8.01994, 2.90132, 
10.19829, 6.33113, 10.59445, 6.59627, -4.56875, -3.09438, -2.72608, 
-1.20576, -2.30764, -2.98557, -5.63136, -12.24805, -8.15996, 
-10.73143, -6.41445, 0, 0, 0, 0, 0, 0, 0, 0, 0, 0, 0, 0, 0, 0, 
0, 0, 0, 0, 0, 0, 0, 0, 0.86091, 0.86992, 0.86472, 0.88495, 0.86232, 
0.86485, 0.84545, 0.87976, 0.8543, 0.87725, 0.86054, 0.84663, 
0.80702, 0.82139, 0.86273, 0.82212, 0.84742, 0.81212, 0.8554, 
0.83049, 0.84908, 0.84679, 0.0215, 0.0224, 0.0236, 0.0244, 0.0247, 
0.0256, 0.0224, 0.0227, 0.0234, 0.0235, 0.0249, 46.5, 56.8, 64.5, 
75.5, 75.9, 72.3, 52.3, 47.4, 47.6, 44.3, 55.6, 53, 23, 164, 
433, 112, 581, 84, 55, 58, 1153, 336, 22, 110, 18, 13, 84, 6, 
10, 19, 43, 5, 2, 100, 100, 100, 100, 100, 100, 100, 100, 100, 
100, 100, 2500, 2500, 2500, 2500, 2500, 2500, 2500, 2500, 2500, 
2500, 2500, 7655.474, 7573.483, 7138.353, 7506.75399999999, 7299.685, 
7376.42600000001, 7410.284, 7246.15399999999, 7349.43400000001, 
7307.48800000001, 7247.08199999999, 1, 1, 1, 1, 1, 1, 1, 1, 1, 
1, 1, 0.05556, 0.05556, 0.05556, 0.05556, 0.05556, 0.05556, 0.05556, 
0.05556, 0.05556, 0.05556, 0.05556, 0, 0, 0, 0, 0, 0, 0, 0, 0, 
0, 0, 0, 0, 0, 0, 0, 0, 0, 0, 0, 0, 0, 0.84663, 0.83631, 0.82028, 
0.85364, 0.80525, 0.84616, 0.7947, 0.81612, 0.81456, 0.83377, 
0.82536, 0.84663, 0.83631, 0.83167, 0.82232, 0.80323, 0.83707, 
0.80455, 0.78159, 0.81511, 0.81227, 0.84006, 0.0217, 0.0219, 
0.0222, 0.0223, 0.0211, 0.0237, 0.0242, 0.0266, 0.0263, 0.0241, 
0.0256, 48.3, 51.3, 57.1, 59.7, 63.3, 65.9, 70.4, 73.1, 75.3, 
77.6, 86, 1, 1, 1, 1, 1, 1, 1, 1, 1, 1, 1, 1, 1, 1, 1, 1, 1, 
1, 1, 1, 1, 1, 1, 1, 1, 1, 1, 1, 1, 1, 1, 1, 1, 1, 1, 1, 1, 1, 
1, 1, 1, 1, 1, 1, 3.081, 3.151, 2.983, 3.042, 2.816, 2.995, 2.947, 
2.97, 3.021, 2.725, 2.634), .Dim = c(11L, 40L), .Dimnames = list(
    NULL, c("Sampling", "PSO.cost", "PSO.gamma", "PSO.data.balancing", 
    "PSO.feature.selection", "PSO.valid.acc", "PSO.test.acc", 
    "PSO.train.time", "PSO.n.support.vectors", "PSO.index", "PSO.n.solutions", 
    "PSO.generations", "PSO.n.evaluations", "PSO.cpu.time", "RS.cost", 
    "RS.gamma", "RS.data.balancing", "RS.feature.selection", 
    "RS.valid.acc", "RS.test.acc", "RS.train.time", "RS.n.support.vectors", 
    "RS.index", "RS.n.solutions", "RS.generations", "RS.n.evaluations", 
    "RS.cpu.time", "DF.cost", "DF.gamma", "DF.data.balancing", 
    "DF.feature.selection", "DF.valid.acc", "DF.test.acc", "DF.train.time", 
    "DF.n.support.vectors", "DF.index", "DF.n.solutions", "DF.generations", 
    "DF.n.evaluations", "DF.cpu.time")))
