full <-
structure(c(50, 55, 60, 65, 70, 75, 80, 85, 90, 95, 100, 6.88565, 
8.70704, 8.65588, 4.78105, 9.65435, 6.0221, 5.86352, 8.17596, 
8.69369, 0.56653, 10.48203, -8.49228, -4.45414, -11.77277, -7.12898, 
-10.18771, -10.44756, -9.07981, -8.9573, -9.97293, -4.32733, 
-12.11081, 0, 0, 0, 0, 0, 0, 0, 0, 0, 0, 0, 0, 0, 0, 0, 0, 0, 
0, 0, 0, 0, 0, 0.88393, 0.87738, 0.86877, 0.88758, 0.86944, 0.85695, 
0.86212, 0.87104, 0.8863, 0.8844, 0.87036, 0.87143, 0.82381, 
0.84655, 0.84396, 0.83944, 0.83786, 0.82727, 0.83001, 0.85599, 
0.89154, 0.85655, 0.0182, 0.0218, 0.0207, 0.0214, 0.0223, 0.0238, 
0.0242, 0.024, 0.024, 0.027, 0.0259, 31, 46.2, 45.3, 47.2, 42.9, 
58.8, 52.4, 47.9, 49, 76.2, 54.8, 326, 50, 6, 1182, 120, 13, 
111, 720, 293, 1882, 142, 417, 1566, 139, 34, 325, 269, 282, 
85, 148, 8, 202, 100, 100, 100, 100, 100, 100, 100, 100, 100, 
100, 100, 2500, 2500, 2500, 2500, 2500, 2500, 2500, 2500, 2500, 
2500, 2500, 7359.635, 7446.376, 7291.736, 7176.467, 7376.029, 
7363.23400000001, 7458.967, 7483.68699999999, 7498.986, 7533.58900000001, 
7261.18700000001, 6.43611, 5.92941, 11.35631, 11.70009, 8.39464, 
3.72671, 9.76397, 9.55483, 8.59009, 0.33194, 8.90424, -8.13446, 
-4.50739, -14.4911, -14.07519, -9.26865, -7.76719, -12.88319, 
-11.03846, -9.85501, -3.86294, -10.35713, 0, 0, 0, 0, 0, 0, 0, 
0, 0, 0, 0, 0, 0, 0, 0, 0, 0, 0, 0, 0, 0, 0, 0.88393, 0.87738, 
0.86877, 0.87646, 0.86944, 0.85695, 0.86212, 0.8704, 0.8863, 
0.8844, 0.87036, 0.8881, 0.82381, 0.84655, 0.84396, 0.85944, 
0.83786, 0.82727, 0.83001, 0.85599, 0.88487, 0.84321, 0.0192, 
0.0221, 0.0209, 0.0214, 0.0232, 0.0233, 0.0236, 0.0238, 0.0242, 
0.0278, 0.0255, 31.2, 45.9, 45.4, 44.2, 43.6, 58.2, 51.5, 49.9, 
49.1, 80.6, 54.8, 313, 31, 2, 134, 38, 3, 65, 502, 46, 872, 169, 
11, 44, 7, 5, 26, 38, 29, 2, 20, 1, 13, 100, 100, 100, 100, 100, 
100, 100, 100, 100, 100, 100, 2500, 2500, 2500, 2500, 2500, 2500, 
2500, 2500, 2500, 2500, 2500, 7432.15, 7399.541, 7225.926, 7319.665, 
7438.496, 7457.867, 7515.63400000001, 7553.912, 7548.163, 7570.83600000001, 
7322.579, 1, 1, 1, 1, 1, 1, 1, 1, 1, 1, 1, 0.05556, 0.05556, 
0.05556, 0.05556, 0.05556, 0.05556, 0.05556, 0.05556, 0.05556, 
0.05556, 0.05556, 0, 0, 0, 0, 0, 0, 0, 0, 0, 0, 0, 0, 0, 0, 0, 
0, 0, 0, 0, 0, 0, 0, 0.83631, 0.84563, 0.82155, 0.83285, 0.80278, 
0.81704, 0.82955, 0.82937, 0.84821, 0.85623, 0.83071, 0.84107, 
0.83313, 0.82405, 0.83174, 0.83111, 0.79795, 0.82803, 0.83001, 
0.84756, 0.8552, 0.84452, 0.0238, 0.0215, 0.0226, 0.0231, 0.0236, 
0.0247, 0.0246, 0.026, 0.0265, 0.0274, 0.0272, 48.2, 55.1, 60, 
63.9, 66.6, 69.5, 72.4, 76.6, 78.8, 80.3, 85.3, 1, 1, 1, 1, 1, 
1, 1, 1, 1, 1, 1, 1, 1, 1, 1, 1, 1, 1, 1, 1, 1, 1, 1, 1, 1, 1, 
1, 1, 1, 1, 1, 1, 1, 1, 1, 1, 1, 1, 1, 1, 1, 1, 1, 1, 2.992, 
2.911, 2.889, 2.927, 2.943, 2.969, 3.01, 3.055, 2.931, 3, 2.809
), .Dim = c(11L, 40L), .Dimnames = list(NULL, c("Sampling", "PSO.cost", 
"PSO.gamma", "PSO.data.balancing", "PSO.feature.selection", "PSO.valid.acc", 
"PSO.test.acc", "PSO.train.time", "PSO.n.support.vectors", "PSO.index", 
"PSO.n.solutions", "PSO.generations", "PSO.n.evaluations", "PSO.cpu.time", 
"RS.cost", "RS.gamma", "RS.data.balancing", "RS.feature.selection", 
"RS.valid.acc", "RS.test.acc", "RS.train.time", "RS.n.support.vectors", 
"RS.index", "RS.n.solutions", "RS.generations", "RS.n.evaluations", 
"RS.cpu.time", "DF.cost", "DF.gamma", "DF.data.balancing", "DF.feature.selection", 
"DF.valid.acc", "DF.test.acc", "DF.train.time", "DF.n.support.vectors", 
"DF.index", "DF.n.solutions", "DF.generations", "DF.n.evaluations", 
"DF.cpu.time")))
