full <-
structure(c(50, 55, 60, 65, 70, 75, 80, 85, 90, 95, 100, 8.41022, 
1.06695, 2.58678, 1.39468, 1.9812, 1.73268, 0.87081, 5.01036, 
13.73535, 1.57687, 8.39988, -4.35318, -5.58829, -4.99982, -4.50169, 
-5.66019, -3.48092, -3.21499, -9.68955, -15, -4.16966, -10.13725, 
0, 0, 0, 0, 0, 0, 0, 0, 0, 0, 0, 0, 0, 0, 0, 0, 0, 0, 0, 0, 0, 
0, 0.90853, 0.87877, 0.88806, 0.88646, 0.91525, 0.87288, 0.86795, 
0.86314, 0.8772, 0.87733, 0.86482, 0.90853, 0.85516, 0.86806, 
0.87535, 0.90616, 0.83561, 0.85117, 0.82969, 0.87665, 0.84044, 
0.86435, 0.0218, 0.0199, 0.0214, 0.0256, 0.0241, 0.0235, 0.0239, 
0.0229, 0.0222, 0.0259, 0.0256, 44.6, 47.2, 45.5, 54.1, 49.6, 
67.2, 74.9, 60.3, 47.2, 71.5, 56.3, 37, 28, 118, 57, 683, 633, 
888, 80, 718, 1582, 43, 1291, 645, 278, 748, 157, 56, 103, 275, 
53, 346, 472, 100, 100, 100, 100, 100, 100, 100, 100, 100, 100, 
100, 2500, 2500, 2500, 2500, 2500, 2500, 2500, 2500, 2500, 2500, 
2500, 7148.007, 7022.365, 7129.686, 7245.015, 7305.648, 7176.56600000001, 
7037.08, 6858.993, 7022.77900000001, 7224.53900000002, 7004.986, 
10.16225, 5.94872, 2.45037, 1.92332, 2.15286, 12.71229, 7.70022, 
3.23954, 10.50923, 1.17119, 10.54762, -4.19845, -10.31401, -4.74808, 
-4.30211, -6.05637, -14.83677, -3.43087, -7.91024, -11.83742, 
-4.1382, -12.4378, 0, 0, 0, 0, 0, 0, 0, 0, 0, 0, 0, 0, 0, 0, 
0, 0, 0, 0, 0, 0, 0, 0, 0.90853, 0.87877, 0.87806, 0.88646, 0.90616, 
0.86379, 0.85962, 0.86314, 0.8772, 0.87733, 0.86482, 0.90853, 
0.84405, 0.86806, 0.86424, 0.89707, 0.83561, 0.81492, 0.83802, 
0.86951, 0.84099, 0.86435, 0.0206, 0.0214, 0.0217, 0.0223, 0.0242, 
0.0223, 0.0263, 0.0237, 0.0235, 0.0248, 0.0234, 45.3, 42.1, 47.3, 
55, 49.1, 43.8, 70.2, 61.1, 47.3, 72.6, 56.3, 28, 166, 1362, 
965, 893, 13, 18, 64, 1206, 354, 86, 34, 40, 2, 4, 3, 115, 6, 
26, 3, 3, 56, 100, 100, 100, 100, 100, 100, 100, 100, 100, 100, 
100, 2500, 2500, 2500, 2500, 2500, 2500, 2500, 2500, 2500, 2500, 
2500, 7087.18, 7167.569, 7038.15, 7241.57, 7206.317, 7124.13800000001, 
7035.85100000001, 7035.37700000001, 6981.99200000001, 7067.32000000001, 
7014.603, 1, 1, 1, 1, 1, 1, 1, 1, 1, 1, 1, 0.05556, 0.05556, 
0.05556, 0.05556, 0.05556, 0.05556, 0.05556, 0.05556, 0.05556, 
0.05556, 0.05556, 0, 0, 0, 0, 0, 0, 0, 0, 0, 0, 0, 0, 0, 0, 0, 
0, 0, 0, 0, 0, 0, 0, 0.85813, 0.85377, 0.835, 0.85424, 0.86778, 
0.84545, 0.8581, 0.84571, 0.84689, 0.84923, 0.83845, 0.85813, 
0.83016, 0.83361, 0.84515, 0.86778, 0.85379, 0.8148, 0.83088, 
0.83269, 0.84051, 0.81036, 0.0208, 0.022, 0.0231, 0.0213, 0.022, 
0.023, 0.0232, 0.0244, 0.0242, 0.0248, 0.0286, 49.6, 53.1, 57.4, 
60.6, 62.1, 65.6, 67.7, 72.7, 75.6, 78.4, 85.8, 1, 1, 1, 1, 1, 
1, 1, 1, 1, 1, 1, 1, 1, 1, 1, 1, 1, 1, 1, 1, 1, 1, 1, 1, 1, 1, 
1, 1, 1, 1, 1, 1, 1, 1, 1, 1, 1, 1, 1, 1, 1, 1, 1, 1, 2.821, 
2.885, 2.976, 2.872, 2.768, 2.721, 2.746, 2.77, 2.667, 2.701, 
2.957), .Dim = c(11L, 40L), .Dimnames = list(NULL, c("Sampling", 
"PSO.cost", "PSO.gamma", "PSO.data.balancing", "PSO.feature.selection", 
"PSO.valid.acc", "PSO.test.acc", "PSO.train.time", "PSO.n.support.vectors", 
"PSO.index", "PSO.n.solutions", "PSO.generations", "PSO.n.evaluations", 
"PSO.cpu.time", "RS.cost", "RS.gamma", "RS.data.balancing", "RS.feature.selection", 
"RS.valid.acc", "RS.test.acc", "RS.train.time", "RS.n.support.vectors", 
"RS.index", "RS.n.solutions", "RS.generations", "RS.n.evaluations", 
"RS.cpu.time", "DF.cost", "DF.gamma", "DF.data.balancing", "DF.feature.selection", 
"DF.valid.acc", "DF.test.acc", "DF.train.time", "DF.n.support.vectors", 
"DF.index", "DF.n.solutions", "DF.generations", "DF.n.evaluations", 
"DF.cpu.time")))
